169101
15
3600234
3521672
 0 1 1 9939 11066  34 (D 0,1,1) (S 196,141,155) (S 430,155,171) (S 439,171,172) (S 441,172,173) (S 444,174,175) (S 446,175,187) (S 454,186,187) (S 254,187,207) (S 282,207,226) (S 305,226,227) (S 307,227,228) (S 285,209,210) (S 466,210,229) (S 257,210,190) (S 243,190,178) (S 224,178,162) (S 207,162,149) (S 428,149,148) (S 426,148,149) (S 184,149,132) (S 407,117,132) (S 415,132,117) (S 168,117,116) (S 169,116,131) (S 413,131,130) (S 182,130,129) (S 181,129,128) (S 165,128,113) (S 404,112,111) (S 157,110,109) (S 158,109,125) (S 194,141,1) (D 0,1,1)
 0 1 2 9990 11174  32 (D 0,1,1) (S 137,94,95) (S 121,95,82) (S 392,64,65) (S 70,65,48) (S 387,48,49) (S 91,66,65) (S 92,65,83) (S 123,84,85) (S 125,85,86) (S 94,67,68) (S 76,52,53) (S 78,53,54) (S 52,54,34) (S 49,34,33) (S 50,33,53) (S 99,69,88) (S 397,88,89) (S 130,89,90) (S 394,71,70) (S 98,70,69) (S 96,69,68) (S 77,68,52) (S 74,52,51) (S 389,51,50) (S 73,50,85) (S 122,84,83) (S 120,83,82) (S 139,95,110) (S 160,110,126) (S 177,126,125) (D 0,1,1)
 0 1 3 9998 11226  38 (D 0,1,1) (S 422,139,168) (S 438,168,197) (S 264,197,196) (S 265,196,215) (S 292,215,234) (S 482,234,235) (S 317,235,236) (S 486,238,239) (S 487,239,220) (S 298,220,221) (S 475,221,222) (S 299,222,241) (S 325,241,256) (S 344,256,272) (S 501,272,273) (S 345,273,257) (S 497,257,242) (S 326,242,243) (S 303,243,224) (S 302,224,225) (S 478,225,226) (S 306,226,245) (S 494,245,246) (S 328,246,247) (S 330,247,248) (S 308,246,227) (S 284,227,208) (S 281,208,207) (S 279,207,206) (S 464,206,186) (S 453,186,185) (S 251,185,184) (S 442,173,172) (S 440,172,171) (S 234,171,170) (S 195,154,1) (D 0,1,1)
 0 1 4 9953 11332  36 (D 0,1,1) (S 270,201,202) (S 460,202,221) (S 300,223,224) (S 278,224,205) (S 463,205,204) (S 462,204,205) (S 277,205,206) (S 280,206,225) (S 304,225,244) (S 327,244,245) (S 493,244,259) (S 346,259,258) (S 503,274,275) (S 350,275,260) (S 329,246,260) (S 348,260,259) (S 349,259,275) (S 504,275,276) (S 362,276,277) (S 331,277,248) (S 309,248,229) (S 286,228,209) (S 465,209,189) (S 242,189,177) (S 241,177,178) (S 222,162,161) (S 220,161,160) (S 219,176,159) (S 218,159,174) (S 443,174,158) (S 216,158,157) (S 198,142,156) (S 215,156,155) (S 213,155,154) (D 0,1,1)
 0 1 5 9958 11390  36 (D 0,1,1) (S 193,139,169) (S 232,169,168) (S 267,197,216) (S 294,216,235) (S 318,235,266) (S 354,266,265) (S 353,265,264) (S 315,252,233) (S 290,233,214) (S 457,195,196) (S 291,215,216) (S 293,216,217) (S 471,217,198) (S 266,197,198) (S 458,198,199) (S 459,199,200) (S 269,200,201) (S 274,203,204) (S 461,204,185) (S 237,184,173) (S 217,173,157) (S 431,157,143) (S 180,143,127) (S 161,127,111) (S 124,96,84) (S 93,84,66) (S 72,66,49) (S 388,49,30) (S 45,30,31) (S 23,31,13) (S 18,13,12) (S 20,12,30) (S 42,30,29) (S 385,46,81) (D 0,1,1)
 0 1 6 9989 11193  33 (D 0,1,1) (S 155,123,107) (S 115,107,78) (S 87,78,61) (S 62,61,43) (S 384,43,44) (S 38,44,25) (S 373,25,26) (S 39,26,45) (S 67,46,47) (S 386,47,28) (S 15,28,10) (S 16,11,12) (S 21,12,31) (S 377,30,49) (S 71,49,50) (S 46,50,31) (S 47,31,51) (S 26,52,15) (S 368,15,16) (S 24,15,14) (S 22,14,13) (S 19,12,29) (S 44,29,48) (S 68,48,47) (S 65,46,45) (S 63,45,44) (S 64,44,62) (S 89,62,79) (S 114,78,79) (S 116,79,80) (S 118,80,94) (D 0,1,1)
 0 1 7 9982 11288  35 (D 0,1,1) (S 424,146,159) (S 433,159,147) (S 206,147,160) (S 221,160,176) (S 256,188,208) (S 283,208,209) (S 255,189,188) (S 253,188,187) (S 202,158,145) (S 203,145,159) (S 432,159,146) (S 204,146,147) (S 205,147,148) (S 425,148,131) (S 414,131,148) (S 427,148,161) (S 223,161,177) (S 240,177,176) (S 239,176,175) (S 445,175,174) (S 238,174,185) (S 252,184,204) (S 276,204,223) (S 301,223,242) (S 490,242,222) (S 275,222,203) (S 272,203,202) (S 273,202,222) (S 477,222,221) (S 476,221,240) (S 488,240,221) (S 271,220,201) (S 236,201,171) (D 0,1,1)
 0 1 8 9922 11238  36 (D 0,1,1) (S 297,219,218) (S 295,218,217) (S 296,217,236) (S 319,236,237) (S 484,237,268) (S 357,268,269) (S 322,254,239) (S 321,239,240) (S 323,240,241) (S 492,244,258) (S 347,258,274) (S 361,274,273) (S 502,273,272) (S 360,272,271) (S 340,270,254) (S 339,254,255) (S 324,255,240) (S 489,241,242) (S 491,242,257) (S 343,257,256) (S 341,256,255) (S 342,255,271) (S 359,271,270) (S 358,270,269) (S 338,269,253) (S 495,253,254) (S 496,254,253) (S 320,253,238) (S 485,238,219) (S 473,219,220) (S 474,220,219) (S 472,219,200) (S 235,200,170) (S 214,170,154) (D 0,1,1)
 0 1 9 9979 11162  32 (D 0,1,1) (S 138,108,94) (S 117,80,81) (S 119,81,82) (S 396,82,64) (S 393,65,64) (S 69,64,47) (S 43,47,29) (S 17,29,11) (S 13,11,10) (S 14,10,27) (S 376,27,28) (S 41,28,29) (S 378,31,32) (S 25,14,32) (S 48,32,51) (S 75,51,67) (S 95,67,86) (S 126,86,87) (S 97,68,87) (S 128,87,88) (S 129,88,98) (S 144,98,115) (S 406,116,115) (S 166,115,114) (S 164,114,113) (S 143,97,113) (S 162,113,112) (S 163,112,144) (S 179,142,126) (S 178,125,141) (D 0,1,1)
 0 1 10 9999 11062  32 (D 0,1,1) (S 423,141,142) (S 197,142,143) (S 199,143,144) (S 200,144,145) (S 201,145,146) (S 183,146,129) (S 167,130,115) (S 405,115,116) (S 146,116,99) (S 145,99,100) (S 132,100,90) (S 101,90,71) (S 81,71,55) (S 51,35,34) (S 28,34,17) (S 27,17,18) (S 29,18,35) (S 53,35,55) (S 79,55,54) (S 80,54,70) (S 100,70,89) (S 131,89,99) (S 398,99,98) (S 142,98,97) (S 127,86,97) (S 140,97,96) (S 141,96,111) (S 159,111,110) (S 156,109,108) (S 176,124,1) (D 0,1,1)
 0 1 11 9990 11544  43 (D 0,1,1) (S 420,138,122) (S 173,122,121) (S 174,121,137) (S 152,105,121) (S 172,121,120) (S 411,120,136) (S 419,135,152) (S 212,152,165) (S 226,165,164) (S 434,164,163) (S 209,163,150) (S 208,150,151) (S 186,150,133) (S 416,133,101) (S 133,101,91) (S 102,72,73) (S 104,73,92) (S 103,91,72) (S 82,72,56) (S 55,56,36) (S 54,36,37) (S 380,37,20) (S 30,20,19) (S 369,19,36) (S 379,36,19) (S 1,19,140) (S 363,140,2) (S 3,2,20) (S 370,20,37) (S 56,37,38) (S 381,38,3) (S 2,3,2) (S 364,2,140) (S 4,3,4) (S 371,21,22) (S 32,22,23) (S 34,23,41) (S 383,41,59) (S 84,59,60) (S 86,61,62) (S 88,62,63) (D 0,1,1)
 0 1 12 9999 11325  35 (D 0,1,1) (S 191,138,168) (S 231,168,167) (S 230,166,182) (S 247,182,181) (S 450,181,165) (S 435,165,180) (S 245,180,191) (S 259,191,211) (S 467,211,212) (S 312,231,232) (S 481,232,251) (S 336,251,263) (S 499,263,262) (S 498,262,263) (S 352,263,264) (S 337,264,252) (S 335,252,251) (S 333,251,250) (S 313,231,250) (S 334,250,262) (S 351,262,261) (S 332,261,249) (S 311,249,230) (S 480,232,233) (S 314,233,234) (S 316,234,265) (S 355,266,267) (S 356,267,268) (S 500,268,237) (S 483,237,218) (S 268,218,199) (S 233,199,169) (S 192,139,1) (D 0,1,1)
 0 1 13 9976 11374  36 (D 0,1,1) (S 90,80,63) (S 66,63,45) (S 40,45,27) (S 375,27,26) (S 374,26,25) (S 372,25,9) (S 11,9,8) (S 367,8,7) (S 10,7,24) (S 33,24,23) (S 9,23,6) (S 5,4,21) (S 31,21,39) (S 382,39,58) (S 83,58,57) (S 390,57,74) (S 106,74,92) (S 135,92,101) (S 400,101,133) (S 225,163,179) (S 244,179,191) (S 258,191,192) (S 469,213,232) (S 479,232,213) (S 468,213,193) (S 456,194,193) (S 248,193,181) (S 451,181,180) (S 448,180,165) (S 228,165,166) (S 229,166,167) (S 436,167,153) (S 189,153,137) (S 188,137,138) (D 0,1,1)
 0 1 14 9880 11340  41 (D 0,1,1) (S 175,139,123) (S 412,123,122) (S 112,106,76) (S 108,76,75) (S 105,75,74) (S 107,74,93) (S 409,119,120) (S 410,120,119) (S 149,119,103) (S 402,103,93) (S 134,93,92) (S 136,92,102) (S 401,102,103) (S 403,103,118) (S 170,118,133) (S 185,133,134) (S 171,134,118) (S 408,118,135) (S 187,135,134) (S 417,134,151) (S 210,151,164) (S 227,164,180) (S 449,180,179) (S 447,179,180) (S 246,180,192) (S 288,212,231) (S 310,231,230) (S 287,230,211) (S 261,212,192) (S 260,192,193) (S 455,193,213) (S 289,213,214) (S 470,215,214) (S 263,214,195) (S 250,195,183) (S 452,183,182) (S 249,182,194) (S 262,194,195) (S 437,167,138) (D 0,1,1)
 0 1 15 9977 11387  35 (D 0,1,1) (S 190,139,138) (S 421,138,167) (S 211,153,152) (S 429,152,135) (S 418,135,118) (S 147,118,101) (S 399,101,102) (S 148,103,104) (S 150,104,105) (S 111,105,76) (S 85,59,76) (S 110,76,77) (S 113,77,78) (S 395,77,60) (S 61,60,42) (S 59,42,41) (S 7,22,5) (S 365,4,5) (S 6,5,6) (S 8,6,7) (S 366,7,8) (S 12,8,25) (S 35,25,24) (S 36,24,43) (S 37,25,43) (S 60,43,42) (S 58,41,40) (S 57,40,39) (S 391,58,75) (S 109,75,105) (S 151,105,106) (S 153,106,107) (S 154,107,108) (D 0,1,1)
