127111
11
3600249
3481958
 0 1 1 9926 11406  46 (D 0,1,1) (S 115,31,48) (S 153,48,49) (S 156,49,56) (S 15,72,84) (S 236,84,85) (S 240,85,100) (S 279,100,112) (S 311,112,113) (S 313,113,114) (S 317,114,115) (S 20,115,132) (S 363,132,133) (S 366,133,150) (S 404,150,167) (S 444,167,184) (S 483,184,185) (S 442,167,150) (S 403,150,151) (S 408,151,168) (S 447,168,184) (S 482,184,183) (S 479,183,182) (S 441,166,183) (S 480,183,184) (S 481,184,168) (S 32,168,186) (S 486,186,185) (S 484,185,168) (S 446,168,151) (S 406,151,134) (S 367,134,135) (S 368,135,118) (S 329,118,135) (S 369,135,134) (S 407,151,150) (S 402,150,149) (S 399,149,148) (S 361,131,114) (S 316,114,113) (S 312,113,112) (S 309,112,100) (S 277,100,85) (S 238,85,84) (S 235,84,83) (D 0,1,1)
 0 1 2 9998 11670  48 (D 0,1,1) (S 158,50,51) (S 177,59,60) (S 220,76,88) (S 248,88,89) (S 250,89,102) (S 286,102,116) (S 323,116,117) (S 327,117,134) (S 28,151,152) (S 409,152,153) (S 24,153,136) (S 332,119,136) (S 331,119,120) (S 336,120,137) (S 373,137,154) (S 415,155,156) (S 420,156,172) (S 457,173,156) (S 418,156,155) (S 416,155,172) (S 419,156,157) (S 421,157,174) (S 463,174,191) (S 495,191,192) (S 460,173,190) (S 492,190,173) (S 458,173,172) (S 456,172,189) (S 493,190,189) (S 491,189,172) (S 455,172,188) (S 489,188,171) (S 450,170,153) (S 412,153,152) (S 410,152,168) (S 445,168,150) (S 401,150,133) (S 322,116,115) (S 319,115,114) (S 315,114,101) (S 280,101,87) (S 243,87,86) (S 237,85,73) (S 211,73,72) (S 209,72,71) (S 12,71,55) (D 0,1,1)
 0 1 3 8849 9807  34 (D 0,1,1) (S 35,1,17) (S 77,17,31) (S 114,31,32) (S 6,32,49) (S 9,49,50) (S 10,50,57) (S 172,57,73) (S 16,73,74) (S 213,74,86) (S 241,86,87) (S 244,87,88) (S 246,88,76) (S 218,76,75) (S 215,75,76) (S 217,76,60) (S 219,76,77) (S 13,77,61) (S 180,61,37) (S 125,37,21) (S 87,21,37) (S 126,37,36) (S 123,36,35) (S 122,35,51) (S 159,51,35) (S 119,35,19) (S 80,19,20) (S 81,20,19) (S 79,19,4) (S 42,4,3) (S 39,3,2) (S 38,2,18) (S 75,17,1) (D 0,1,1)
 0 1 4 9952 11748  44 (D 0,1,1) (S 307,111,112) (S 314,113,147) (S 396,148,131) (S 362,131,148) (S 397,148,149) (S 398,149,132) (S 320,115,116) (S 324,116,133) (S 365,133,134) (S 370,135,152) (S 411,152,169) (S 449,169,170) (S 453,170,187) (S 451,170,169) (S 33,169,186) (S 487,187,170) (S 452,170,171) (S 454,171,188) (S 29,171,154) (S 413,154,155) (S 414,155,154) (S 371,137,120) (S 335,120,121) (S 337,121,104) (S 289,104,92) (S 260,92,91) (S 257,91,92) (S 259,92,64) (S 192,64,65) (S 194,65,42) (S 139,42,27) (S 103,27,42) (S 136,41,40) (S 132,40,24) (S 96,24,40) (S 134,40,63) (S 14,63,90) (S 252,90,89) (S 285,102,101) (S 281,101,100) (S 278,100,99) (S 168,55,48) (D 0,1,1)
 0 1 5 9961 11557  46 (D 0,1,1) (S 154,48,55) (S 234,83,99) (S 308,111,129) (S 358,129,130) (S 360,130,129) (S 357,129,128) (S 356,128,144) (S 390,144,145) (S 391,145,144) (S 436,163,164) (S 437,164,163) (S 471,179,163) (S 435,163,144) (S 354,128,110) (S 305,110,128) (S 355,128,129) (S 22,129,145) (S 392,145,164) (S 438,164,180) (S 473,180,181) (S 472,180,164) (S 31,164,165) (S 439,165,181) (S 475,181,182) (S 477,182,183) (S 478,183,166) (S 440,166,167) (S 443,167,166) (S 27,166,148) (S 26,148,147) (S 395,147,182) (S 476,182,181) (S 474,181,180) (S 25,165,146) (S 394,146,145) (S 393,146,130) (S 359,130,112) (S 310,112,111) (S 306,111,110) (S 304,110,99) (S 233,83,84) (S 208,72,56) (S 170,56,55) (S 113,31,17) (D 0,1,1)
 0 1 6 9998 12030  53 (D 0,1,1) (S 76,17,18) (S 78,18,2) (S 37,2,3) (S 41,3,34) (S 121,35,36) (S 124,36,37) (S 185,62,63) (S 189,63,91) (S 255,91,63) (S 188,63,64) (S 193,64,92) (S 265,94,95) (S 268,95,96) (S 224,79,80) (S 226,80,68) (S 201,68,69) (S 204,69,81) (S 230,81,82) (S 276,98,109) (S 303,109,127) (S 351,126,127) (S 353,127,143) (S 389,143,162) (S 434,162,178) (S 30,162,161) (S 432,161,177) (S 466,177,161) (S 431,161,160) (S 428,160,142) (S 385,142,143) (S 388,143,142) (S 21,142,125) (S 348,125,124) (S 347,124,141) (S 382,141,125) (S 349,125,126) (S 301,108,126) (S 18,108,107) (S 299,107,96) (S 269,96,80) (S 222,79,67) (S 165,53,54) (S 146,45,30) (S 112,30,45) (S 145,45,29) (S 106,29,12) (S 62,12,11) (S 61,11,27) (S 58,10,9) (S 55,9,8) (S 44,5,4) (D 0,1,1)
 0 1 7 9992 12029  58 (D 0,1,1) (S 175,58,74) (S 216,75,87) (S 245,87,101) (S 282,101,102) (S 326,117,118) (S 333,120,103) (S 294,105,106) (S 298,106,123) (S 345,123,140) (S 380,140,158) (S 423,158,157) (S 425,158,175) (S 464,175,192) (S 497,192,193) (S 498,193,176) (S 465,176,177) (S 468,177,178) (S 503,195,178) (S 470,178,162) (S 433,162,143) (S 387,143,127) (S 352,127,126) (S 350,126,125) (S 386,142,160) (S 429,160,159) (S 426,159,141) (S 384,141,159) (S 427,159,158) (S 422,158,141) (S 381,141,124) (S 346,124,125) (S 300,108,97) (S 272,97,96) (S 270,96,97) (S 273,97,108) (S 19,108,109) (S 302,109,98) (S 274,98,82) (S 232,82,98) (S 275,98,97) (S 271,97,81) (S 228,81,69) (S 205,70,47) (S 148,46,15) (S 70,15,14) (S 69,14,30) (S 111,30,29) (S 108,29,28) (S 99,26,25) (S 98,25,40) (S 131,39,38) (S 127,38,22) (S 89,22,21) (S 84,21,6) (S 47,6,5) (S 36,2,1) (D 0,1,1)
 0 1 8 10000 11793  49 (D 0,1,1) (S 171,57,58) (S 174,58,59) (S 179,60,61) (S 182,61,62) (S 186,62,90) (S 254,90,118) (S 328,118,90) (S 253,90,91) (S 258,91,103) (S 288,103,104) (S 296,105,123) (S 343,123,124) (S 383,141,158) (S 424,158,159) (S 430,160,161) (S 467,177,176) (S 500,193,194) (S 501,194,177) (S 469,177,194) (S 502,194,193) (S 499,193,192) (S 496,192,191) (S 494,191,174) (S 462,174,173) (S 459,173,174) (S 461,174,157) (S 379,140,139) (S 344,123,139) (S 376,139,138) (S 374,138,121) (S 291,104,121) (S 338,121,138) (S 375,138,137) (S 372,137,136) (S 334,120,119) (S 330,119,118) (S 325,117,116) (S 321,116,102) (S 284,102,89) (S 249,89,88) (S 247,88,87) (S 242,87,75) (S 214,75,74) (S 212,74,58) (S 173,58,57) (S 155,49,48) (S 152,48,31) (D 0,1,1)
 0 1 9 9991 11523  45 (D 0,1,1) (S 40,3,4) (S 43,4,5) (S 46,5,20) (S 82,20,21) (S 86,21,22) (S 90,22,38) (S 130,38,39) (S 133,40,25) (S 100,26,27) (S 5,27,28) (S 104,28,12) (S 63,12,13) (S 67,13,29) (S 107,29,13) (S 3,13,14) (S 71,15,16) (S 73,16,15) (S 72,15,46) (S 149,46,47) (S 151,47,70) (S 207,70,82) (S 231,82,81) (S 229,81,80) (S 227,80,96) (S 223,79,78) (S 221,78,66) (S 197,66,65) (S 195,65,64) (S 190,64,41) (S 137,41,42) (S 1,11,10) (S 59,10,25) (S 94,24,9) (S 56,9,23) (S 91,23,8) (S 53,8,7) (S 50,7,6) (S 49,6,21) (S 85,21,20) (S 83,20,36) (S 120,35,34) (S 118,33,32) (S 116,32,31) (D 0,1,1)
 0 1 10 9987 11935  55 (D 0,1,1) (S 45,5,6) (S 48,6,7) (S 52,7,22) (S 4,22,23) (S 93,23,39) (S 88,22,7) (S 51,7,8) (S 54,8,9) (S 57,9,24) (S 95,24,25) (S 97,25,10) (S 2,10,26) (S 101,26,41) (S 135,41,27) (S 102,27,11) (S 60,11,12) (S 65,12,29) (S 66,13,12) (S 64,12,28) (S 105,28,29) (S 109,29,44) (S 144,44,53) (S 166,53,67) (S 200,67,66) (S 198,66,67) (S 163,53,44) (S 8,45,46) (S 150,46,69) (S 203,69,70) (S 206,70,69) (S 202,69,68) (S 11,68,54) (S 167,54,53) (S 162,52,53) (S 164,53,52) (S 161,52,43) (S 142,43,44) (S 110,30,14) (S 68,14,15) (S 74,16,47) (S 147,45,44) (S 143,44,43) (S 141,43,42) (S 140,42,41) (S 138,41,64) (S 191,64,63) (S 187,63,62) (S 183,62,38) (S 128,38,23) (S 92,23,38) (S 129,38,37) (S 7,34,33) (S 117,33,18) (D 0,1,1)
 0 1 11 9981 11613  47 (D 0,1,1) (S 169,55,56) (S 210,72,73) (S 239,85,86) (S 283,101,114) (S 318,114,131) (S 23,131,132) (S 364,132,149) (S 400,149,150) (S 405,150,168) (S 448,168,185) (S 485,185,186) (S 34,186,187) (S 488,187,188) (S 490,188,172) (S 417,156,139) (S 377,139,140) (S 378,140,123) (S 341,123,106) (S 266,94,106) (S 297,106,105) (S 292,105,93) (S 263,93,92) (S 261,92,93) (S 262,93,65) (S 196,65,66) (S 199,66,78) (S 225,79,95) (S 267,95,94) (S 17,94,93) (S 264,93,105) (S 295,105,122) (S 340,122,123) (S 342,123,122) (S 339,122,105) (S 293,105,104) (S 290,104,103) (S 287,103,91) (S 256,91,90) (S 251,90,62) (S 184,62,61) (S 181,61,60) (S 178,60,59) (S 176,59,51) (S 160,51,50) (S 157,50,33) (D 0,1,1)
