1621518
42
1802376
1534861
 0 1 1 13721 17962  15 (D 0,1,1) (S 27,1,25) (S 26,25,24) (S 22,22,23) (S 23,23,21) (S 20,21,19) (S 4,7,8) (S 5,8,9) (S 36,9,29) (S 35,29,28) (S 32,28,23) (S 25,23,24) (S 24,24,22) (S 21,22,20) (D 0,1,1)
 0 1 2 13431 25311  9 (D 0,1,1) (S 12,5,16) (S 13,16,17) (S 14,17,18) (S 16,18,19) (S 17,19,7) (S 344,232,234) (S 342,234,233) (D 0,1,1)
 0 1 3 14625 52317  15 (D 0,1,1) (S 343,255,233) (S 368,249,248) (S 361,245,244) (S 290,195,196) (S 294,196,198) (S 296,196,199) (S 298,200,201) (S 299,202,200) (S 297,200,199) (S 295,199,198) (S 293,198,197) (S 291,197,195) (S 362,194,244) (D 0,1,1)
 0 1 4 14557 39935  12 (D 0,1,1) (S 369,249,240) (S 353,240,241) (S 358,241,243) (S 359,243,244) (S 360,245,243) (S 357,243,242) (S 356,242,192) (S 285,192,191) (S 284,191,189) (S 281,188,174) (D 0,1,1)
 0 1 5 14585 40998  10 (D 0,1,1) (S 270,174,182) (S 269,182,181) (S 265,180,179) (S 273,179,184) (S 278,184,187) (S 276,186,185) (S 275,185,178) (S 264,178,179) (D 0,1,1)
 0 1 6 14587 36908  10 (D 0,1,1) (S 257,170,174) (S 286,191,193) (S 287,193,192) (S 355,242,241) (S 354,241,239) (S 351,239,235) (S 352,235,240) (S 370,249,250) (D 0,1,1)
 0 1 7 14507 37957  8 (D 0,1,1) (S 339,231,229) (S 371,250,247) (S 365,247,246) (S 363,246,245) (S 367,245,248) (S 366,248,247) (D 0,1,1)
 0 1 8 14659 42550  13 (D 0,1,1) (S 340,232,231) (S 335,227,228) (S 334,227,223) (S 333,223,225) (S 331,225,224) (S 332,224,226) (S 329,224,221) (S 327,221,222) (S 330,222,225) (S 328,222,223) (S 336,223,229) (D 0,1,1)
 0 1 9 14637 37773  11 (D 0,1,1) (S 341,233,232) (S 337,229,230) (S 350,239,238) (S 349,238,193) (S 348,238,236) (S 347,236,237) (S 346,236,235) (S 345,235,230) (S 338,230,231) (D 0,1,1)
 0 1 10 14560 26201  12 (D 0,1,1) (S 256,255,171) (S 254,171,172) (S 255,172,173) (S 253,171,170) (S 252,170,120) (S 238,162,156) (S 231,156,157) (S 232,157,154) (S 226,153,152) (S 223,152,151) (D 0,1,1)
 0 1 11 13807 36614  13 (D 0,1,1) (S 239,120,162) (S 240,162,163) (S 249,167,168) (S 259,176,175) (S 262,175,177) (S 266,177,180) (S 267,180,181) (S 268,181,177) (S 261,177,176) (S 260,176,168) (S 250,168,163) (D 0,1,1)
 0 1 12 14589 41250  9 (D 0,1,1) (S 280,188,187) (S 279,187,186) (S 292,186,197) (S 289,195,194) (S 288,194,190) (S 283,190,189) (S 282,189,188) (D 0,1,1)
 0 1 13 14476 42928  10 (D 0,1,1) (S 241,157,163) (S 248,163,167) (S 247,167,166) (S 263,166,178) (S 277,185,253) (S 274,185,184) (S 272,179,183) (S 271,183,174) (D 0,1,1)
 0 1 14 14266 31131  8 (D 0,1,1) (S 230,155,156) (S 242,157,161) (S 245,161,165) (S 237,161,159) (S 234,159,158) (S 233,158,154) (D 0,1,1)
 0 1 15 14473 31038  7 (D 0,1,1) (S 220,150,125) (S 180,123,116) (S 171,116,117) (S 177,117,121) (S 181,122,124) (D 0,1,1)
 0 1 16 14663 47740  12 (D 0,1,1) (S 221,150,151) (S 225,151,153) (S 227,153,154) (S 235,158,160) (S 236,160,159) (S 243,161,164) (S 251,164,169) (S 244,164,165) (S 246,165,166) (S 258,166,175) (D 0,1,1)
 0 1 17 13765 17938  20 (D 0,1,1) (S 30,7,255) (S 37,255,9) (S 6,9,10) (S 7,10,11) (S 44,11,33) (S 42,33,32) (S 46,34,35) (S 47,35,36) (S 48,36,33) (S 43,33,30) (S 40,30,31) (S 39,31,29) (S 34,29,27) (S 31,27,26) (S 28,26,21) (S 19,21,20) (S 18,20,16) (S 1,5,1) (D 0,1,1)
 0 1 18 14294 41240  10 (D 0,1,1) (S 2,5,6) (S 364,246,215) (S 318,215,213) (S 317,213,214) (S 319,214,215) (S 326,215,221) (S 373,222,247) (S 372,250,229) (D 0,1,1)
 0 1 19 14283 34752  7 (D 0,1,1) (S 128,89,88) (S 127,88,86) (S 126,86,87) (S 148,87,101) (S 162,101,112) (D 0,1,1)
 0 1 20 14200 46250  12 (D 0,1,1) (S 167,115,113) (S 166,114,104) (S 152,104,105) (S 154,105,107) (S 157,108,109) (S 159,109,110) (S 158,109,107) (S 155,107,108) (S 156,108,106) (S 172,106,118) (D 0,1,1)
 0 1 21 14618 24909  11 (D 0,1,1) (S 219,150,126) (S 184,126,125) (S 183,125,124) (S 182,124,123) (S 179,123,122) (S 178,122,121) (S 229,121,155) (S 228,155,152) (S 224,152,125) (D 0,1,1)
 0 1 22 13432 29465  14 (D 0,1,1) (S 207,141,142) (S 206,142,140) (S 201,139,138) (S 200,138,137) (S 211,146,145) (S 217,145,148) (S 216,148,149) (S 215,148,147) (S 214,147,135) (S 197,135,136) (S 205,140,141) (S 218,141,150) (D 0,1,1)
 0 1 23 14662 32233  15 (D 0,1,1) (S 204,140,139) (S 203,139,128) (S 189,129,130) (S 190,130,131) (S 191,131,100) (S 147,100,2) (S 192,100,132) (S 194,132,133) (S 195,133,134) (S 196,133,135) (S 213,147,146) (S 212,146,136) (S 198,136,137) (D 0,1,1)
 0 1 24 13801 36068  5 (D 0,1,1) (S 210,145,143) (S 209,143,144) (S 208,143,142) (D 0,1,1)
 0 1 25 14594 29539  13 (D 0,1,1) (S 3,6,7) (S 222,255,150) (S 187,127,128) (S 188,128,129) (S 202,129,138) (S 199,137,130) (S 193,131,132) (S 146,100,96) (S 141,96,97) (S 186,98,127) (S 185,127,126) (D 0,1,1)
 0 1 26 14598 28080  10 (D 0,1,1) (S 29,8,26) (S 33,27,28) (S 41,31,32) (S 45,32,34) (S 56,34,41) (S 59,41,43) (S 55,41,39) (S 53,39,38) (D 0,1,1)
 0 1 27 14494 29753  11 (D 0,1,1) (S 57,39,42) (S 58,42,43) (S 60,43,44) (S 77,44,54) (S 79,56,57) (S 87,61,62) (S 106,62,74) (S 110,75,76) (S 54,40,39) (D 0,1,1)
 0 1 28 14589 37121  11 (D 0,1,1) (S 112,40,77) (S 111,77,76) (S 113,76,78) (S 114,78,79) (S 115,78,80) (S 116,80,81) (S 122,80,84) (S 125,84,87) (S 129,89,90) (D 0,1,1)
 0 1 29 14381 39038  7 (D 0,1,1) (S 15,18,6) (S 176,120,119) (S 175,117,119) (S 174,119,118) (S 173,118,117) (D 0,1,1)
 0 1 30 14673 46519  14 (D 0,1,1) (S 170,116,115) (S 169,115,99) (S 168,99,112) (S 163,112,113) (S 164,113,114) (S 165,114,111) (S 150,103,102) (S 149,101,102) (S 160,102,111) (S 161,111,103) (S 151,103,104) (S 153,105,106) (D 0,1,1)
 0 1 31 14459 46978  8 (D 0,1,1) (S 136,94,68) (S 97,68,67) (S 96,66,67) (S 95,67,64) (S 82,59,58) (S 81,58,56) (D 0,1,1)
 0 1 32 14034 40018  12 (D 0,1,1) (S 71,52,51) (S 70,51,50) (S 93,50,4) (S 94,4,48) (S 92,4,66) (S 91,66,65) (S 90,65,64) (S 89,64,60) (S 83,59,52) (S 72,52,53) (D 0,1,1)
 0 1 33 14647 39884  14 (D 0,1,1) (S 75,42,55) (S 74,55,54) (S 73,54,53) (S 78,53,56) (S 80,58,57) (S 86,57,61) (S 88,62,63) (S 102,63,70) (S 98,69,68) (S 138,68,95) (S 137,95,94) (S 134,94,93) (D 0,1,1)
 0 1 34 14634 38646  12 (D 0,1,1) (S 145,98,97) (S 142,97,93) (S 133,93,92) (S 132,92,91) (S 131,91,83) (S 120,82,83) (S 121,83,84) (S 123,84,85) (S 124,85,86) (S 130,89,255) (D 0,1,1)
 0 1 35 14651 29663  9 (D 0,1,1) (S 8,11,12) (S 9,12,13) (S 51,13,37) (S 61,37,44) (S 62,44,14) (S 10,14,13) (S 50,37,35) (D 0,1,1)
 0 1 36 14684 38549  14 (D 0,1,1) (S 109,42,75) (S 108,75,73) (S 104,73,72) (S 117,72,81) (S 118,81,82) (S 119,82,71) (S 101,71,70) (S 99,70,69) (S 100,69,71) (S 103,71,72) (S 105,73,74) (S 107,74,75) (D 0,1,1)
 0 1 37 14536 40568  16 (D 0,1,1) (S 52,25,38) (S 76,55,53) (S 84,59,60) (S 85,60,51) (S 69,50,49) (S 66,46,48) (S 67,48,49) (S 68,49,46) (S 65,46,47) (S 64,46,45) (S 63,45,15) (S 11,15,14) (S 49,12,36) (S 38,30,10) (D 0,1,1)
 0 1 38 14492 41253  7 (D 0,1,1) (S 140,96,3) (S 139,3,95) (S 135,94,92) (S 143,91,99) (S 144,99,98) (D 0,1,1)
 0 1 39 14687 56269  8 (D 0,1,1) (S 307,206,201) (S 303,203,251) (S 304,251,252) (S 305,252,204) (S 306,204,205) (S 308,205,206) (D 0,1,1)
 0 1 40 13710 60134  9 (D 0,1,1) (S 375,217,254) (S 374,212,254) (S 322,254,218) (S 323,218,219) (S 324,219,220) (S 325,219,216) (S 320,216,214) (D 0,1,1)
 0 1 41 14646 62988  8 (D 0,1,1) (S 300,201,202) (S 301,202,203) (S 302,203,204) (S 309,205,207) (S 315,207,212) (S 321,217,216) (D 0,1,1)
 0 1 42 14521 65050  8 (D 0,1,1) (S 314,212,210) (S 313,210,211) (S 312,210,209) (S 311,209,208) (S 310,208,207) (S 316,206,213) (D 0,1,1)
