1617972
42
2400168
1767215
 0 1 1 14664 41716  14 (D 0,1,1) (S 72,53,52) (S 71,52,51) (S 70,51,50) (S 93,50,4) (S 67,48,49) (S 65,46,47) (S 64,46,45) (S 63,45,15) (S 11,15,14) (S 51,13,37) (S 42,33,32) (S 40,31,30) (D 0,1,1)
 0 1 2 14658 26050  11 (D 0,1,1) (S 7,10,11) (S 44,11,33) (S 48,33,36) (S 9,12,13) (S 10,13,14) (S 62,14,44) (S 60,44,43) (S 58,43,42) (S 57,42,39) (D 0,1,1)
 0 1 3 14613 29401  15 (D 0,1,1) (S 54,39,40) (S 112,40,77) (S 111,77,76) (S 110,76,75) (S 107,75,74) (S 106,74,62) (S 87,62,61) (S 86,61,57) (S 80,57,58) (S 81,58,56) (S 78,56,53) (S 76,53,55) (S 75,55,42) (D 0,1,1)
 0 1 4 14616 40991  16 (D 0,1,1) (S 74,55,54) (S 82,58,59) (S 89,60,64) (S 90,64,65) (S 91,65,66) (S 92,66,4) (S 94,4,48) (S 66,48,46) (S 68,46,49) (S 69,49,50) (S 85,51,60) (S 83,59,52) (S 73,53,54) (S 77,54,44) (D 0,1,1)
 0 1 5 14589 31950  12 (D 0,1,1) (S 205,141,140) (S 204,140,139) (S 199,137,130) (S 191,131,100) (S 147,100,2) (S 192,132,100) (S 146,100,96) (S 141,96,97) (S 145,97,98) (S 186,98,127) (D 0,1,1)
 0 1 6 14698 21512  14 (D 0,1,1) (S 52,25,38) (S 53,38,39) (S 55,39,41) (S 56,41,34) (S 46,34,35) (S 47,35,36) (S 49,36,12) (S 8,12,11) (S 43,33,30) (S 38,30,10) (S 6,10,9) (S 5,9,8) (D 0,1,1)
 0 1 7 13663 30531  13 (D 0,1,1) (S 207,141,142) (S 206,142,140) (S 197,136,135) (S 214,135,147) (S 215,147,148) (S 216,148,149) (S 217,148,145) (S 211,145,146) (S 198,136,137) (S 202,138,129) (S 203,128,139) (D 0,1,1)
 0 1 8 13615 27888  11 (D 0,1,1) (S 222,255,150) (S 225,151,153) (S 232,154,157) (S 241,157,163) (S 250,163,168) (S 249,168,167) (S 248,167,163) (S 240,163,162) (S 256,171,255) (D 0,1,1)
 0 1 9 14403 28756  16 (D 0,1,1) (S 3,6,7) (S 200,138,137) (S 212,136,146) (S 213,146,147) (S 196,135,133) (S 195,133,134) (S 194,133,132) (S 193,132,131) (S 190,131,130) (S 189,130,129) (S 188,129,128) (S 187,128,127) (S 185,127,126) (S 219,126,150) (D 0,1,1)
 0 1 10 14599 36068  7 (D 0,1,1) (S 218,150,141) (S 208,142,143) (S 209,143,144) (S 210,143,145) (S 201,138,139) (D 0,1,1)
 0 1 11 14691 29332  20 (D 0,1,1) (S 227,153,154) (S 233,154,158) (S 235,158,160) (S 236,160,159) (S 234,159,158) (S 226,153,152) (S 223,152,151) (S 221,151,150) (S 129,89,90) (S 130,89,255) (S 37,255,9) (S 36,9,29) (S 35,29,28) (S 33,27,28) (S 32,28,23) (S 25,23,24) (S 24,24,22) (S 21,22,20) (D 0,1,1)
 0 1 12 14156 37336  10 (D 0,1,1) (S 343,255,233) (S 341,233,232) (S 336,229,223) (S 335,227,228) (S 334,227,223) (S 333,223,225) (S 330,225,222) (S 328,222,223) (D 0,1,1)
 0 1 13 14578 36791  13 (D 0,1,1) (S 285,191,192) (S 287,192,193) (S 349,238,193) (S 286,193,191) (S 284,191,189) (S 282,189,188) (S 281,188,174) (S 257,174,170) (S 253,170,171) (S 254,171,172) (S 255,172,173) (D 0,1,1)
 0 1 14 13042 13570  15 (D 0,1,1) (S 27,1,25) (S 26,25,24) (S 22,22,23) (S 23,23,21) (S 20,21,19) (S 17,19,7) (S 4,7,8) (S 29,8,26) (S 28,26,21) (S 19,21,20) (S 18,20,16) (S 12,16,5) (S 1,5,1) (D 0,1,1)
 0 1 15 14524 48816  13 (D 0,1,1) (S 164,113,114) (S 166,114,104) (S 152,104,105) (S 155,107,108) (S 156,108,106) (S 157,108,109) (S 159,109,110) (S 158,109,107) (S 154,107,105) (S 153,105,106) (S 172,106,118) (D 0,1,1)
 0 1 16 14648 37930  7 (D 0,1,1) (S 171,116,117) (S 173,117,118) (S 174,118,119) (S 175,119,117) (S 178,121,122) (D 0,1,1)
 0 1 17 14525 33091  5 (D 0,1,1) (S 229,155,121) (S 177,121,117) (S 176,119,120) (D 0,1,1)
 0 1 18 14612 42378  11 (D 0,1,1) (S 340,232,231) (S 372,229,250) (S 364,246,215) (S 326,215,221) (S 327,221,222) (S 329,221,224) (S 332,224,226) (S 331,224,225) (S 373,222,247) (D 0,1,1)
 0 1 19 14497 45401  13 (D 0,1,1) (S 170,116,115) (S 167,115,113) (S 162,112,101) (S 149,101,102) (S 150,102,103) (S 165,111,114) (S 151,104,103) (S 161,103,111) (S 160,111,102) (S 148,101,87) (S 128,88,89) (D 0,1,1)
 0 1 20 14521 33957  7 (D 0,1,1) (S 127,88,86) (S 124,86,85) (S 123,85,84) (S 125,84,87) (S 126,87,86) (D 0,1,1)
 0 1 21 12823 23212  10 (D 0,1,1) (S 252,170,120) (S 239,120,162) (S 238,162,156) (S 230,156,155) (S 228,155,152) (S 224,152,125) (S 220,125,150) (S 2,6,5) (D 0,1,1)
 0 1 22 14643 45461  8 (D 0,1,1) (S 247,167,166) (S 244,165,164) (S 251,164,169) (S 243,164,161) (S 242,161,157) (S 231,157,156) (D 0,1,1)
 0 1 23 14287 37957  7 (D 0,1,1) (S 366,247,248) (S 367,248,245) (S 363,245,246) (S 365,246,247) (S 371,247,250) (D 0,1,1)
 0 1 24 13529 25311  8 (D 0,1,1) (S 13,16,17) (S 14,17,18) (S 16,18,19) (S 30,7,255) (S 342,233,234) (S 344,234,232) (D 0,1,1)
 0 1 25 14534 42304  13 (D 0,1,1) (S 353,240,241) (S 358,241,243) (S 359,243,244) (S 361,244,245) (S 360,245,243) (S 357,243,242) (S 356,242,192) (S 355,242,241) (S 354,241,239) (S 351,239,235) (S 338,230,231) (D 0,1,1)
 0 1 26 14291 38426  11 (D 0,1,1) (S 113,76,78) (S 114,78,79) (S 115,78,80) (S 116,80,81) (S 122,80,84) (S 121,84,83) (S 118,82,81) (S 117,81,72) (S 108,73,75) (D 0,1,1)
 0 1 27 14670 46978  8 (D 0,1,1) (S 84,59,60) (S 95,64,67) (S 96,66,67) (S 97,67,68) (S 136,68,94) (S 134,94,93) (D 0,1,1)
 0 1 28 14445 45806  15 (D 0,1,1) (S 133,93,92) (S 132,91,92) (S 135,92,94) (S 138,95,68) (S 98,68,69) (S 100,69,71) (S 119,71,82) (S 120,82,83) (S 131,83,91) (S 143,91,99) (S 168,99,112) (S 163,112,113) (S 182,123,124) (D 0,1,1)
 0 1 29 14425 39182  6 (D 0,1,1) (S 140,96,3) (S 139,3,95) (S 137,95,94) (S 142,93,97) (D 0,1,1)
 0 1 30 14150 49538  11 (D 0,1,1) (S 283,189,190) (S 288,190,194) (S 289,194,195) (S 290,195,196) (S 297,199,200) (S 299,200,202) (S 298,200,201) (S 316,206,213) (S 318,213,215) (D 0,1,1)
 0 1 31 14594 60134  9 (D 0,1,1) (S 320,214,216) (S 325,216,219) (S 324,219,220) (S 323,219,218) (S 322,218,254) (S 374,212,254) (S 319,214,215) (D 0,1,1)
 0 1 32 14663 57128  9 (D 0,1,1) (S 307,206,201) (S 300,201,202) (S 301,202,203) (S 303,203,251) (S 304,251,252) (S 305,252,204) (S 302,204,203) (D 0,1,1)
 0 1 33 14670 62129  7 (D 0,1,1) (S 308,206,205) (S 306,204,205) (S 309,205,207) (S 315,207,212) (S 321,217,216) (D 0,1,1)
 0 1 34 14452 66004  9 (D 0,1,1) (S 375,217,254) (S 314,212,210) (S 313,210,211) (S 312,210,209) (S 311,209,208) (S 310,208,207) (S 317,213,214) (D 0,1,1)
 0 1 35 14649 38547  11 (D 0,1,1) (S 109,42,75) (S 105,74,73) (S 104,73,72) (S 103,72,71) (S 101,71,70) (S 99,69,70) (S 102,70,63) (S 88,63,62) (S 79,57,56) (D 0,1,1)
 0 1 36 14666 31267  9 (D 0,1,1) (S 144,98,99) (S 169,99,115) (S 180,116,123) (S 179,123,122) (S 181,122,124) (S 183,124,125) (S 184,125,126) (D 0,1,1)
 0 1 37 14597 28050  11 (D 0,1,1) (S 15,6,18) (S 31,26,27) (S 34,27,29) (S 39,29,31) (S 41,31,32) (S 45,32,34) (S 50,35,37) (S 61,37,44) (S 59,43,41) (D 0,1,1)
 0 1 38 14458 38153  12 (D 0,1,1) (S 339,231,229) (S 337,229,230) (S 345,230,235) (S 350,239,238) (S 348,238,236) (S 347,236,237) (S 346,236,235) (S 352,235,240) (S 369,240,249) (S 370,249,250) (D 0,1,1)
 0 1 39 14450 46978  12 (D 0,1,1) (S 368,249,248) (S 362,244,194) (S 291,195,197) (S 294,198,196) (S 296,196,199) (S 295,199,198) (S 293,198,197) (S 292,197,186) (S 278,187,184) (S 271,183,174) (D 0,1,1)
 0 1 40 14447 34682  13 (D 0,1,1) (S 270,174,182) (S 269,182,181) (S 267,181,180) (S 266,180,177) (S 261,177,176) (S 260,168,176) (S 259,176,175) (S 258,175,166) (S 246,166,165) (S 245,165,161) (S 237,161,159) (D 0,1,1)
 0 1 41 14591 43749  8 (D 0,1,1) (S 280,188,187) (S 279,187,186) (S 276,186,185) (S 263,178,166) (S 262,175,177) (S 268,177,181) (D 0,1,1)
 0 1 42 14282 43511  9 (D 0,1,1) (S 272,183,179) (S 273,179,184) (S 274,184,185) (S 277,185,253) (S 275,185,178) (S 264,178,179) (S 265,179,180) (D 0,1,1)
