1610500
42
2400123
2215932
 0 1 1 10416 10944  12 (D 0,1,1) (S 1,1,5) (S 2,5,6) (S 15,6,18) (S 16,18,19) (S 20,19,21) (S 23,21,23) (S 25,23,24) (S 24,22,24) (S 26,24,25) (S 27,25,1) (D 0,1,1)
 0 1 2 14417 21734  12 (D 0,1,1) (S 52,25,38) (S 53,38,39) (S 55,39,41) (S 56,41,34) (S 45,34,32) (S 41,32,31) (S 5,9,8) (S 28,26,21) (S 19,21,20) (S 18,20,16) (D 0,1,1)
 0 1 3 14007 20384  22 (D 0,1,1) (S 12,5,16) (S 13,16,17) (S 14,17,18) (S 17,19,7) (S 4,7,8) (S 29,8,26) (S 31,26,27) (S 33,27,28) (S 34,27,29) (S 36,29,9) (S 6,9,10) (S 7,10,11) (S 44,11,33) (S 43,33,30) (S 40,30,31) (S 39,31,29) (S 35,29,28) (S 32,28,23) (S 22,23,22) (S 21,22,20) (D 0,1,1)
 0 1 4 14381 26337  11 (D 0,1,1) (S 30,7,255) (S 220,150,125) (S 224,125,152) (S 228,152,155) (S 230,155,156) (S 238,156,162) (S 231,156,157) (S 232,157,154) (S 226,153,152) (D 0,1,1)
 0 1 5 14569 32785  6 (D 0,1,1) (S 223,151,152) (S 229,155,121) (S 171,117,116) (S 180,116,123) (D 0,1,1)
 0 1 6 14541 42110  10 (D 0,1,1) (S 179,123,122) (S 174,119,118) (S 172,118,106) (S 153,106,105) (S 152,105,104) (S 166,104,114) (S 167,113,115) (S 170,115,116) (D 0,1,1)
 0 1 7 14411 41234  9 (D 0,1,1) (S 163,113,112) (S 162,112,101) (S 160,102,111) (S 165,111,114) (S 164,114,113) (S 168,112,99) (S 144,99,98) (D 0,1,1)
 0 1 8 14278 36068  6 (D 0,1,1) (S 222,255,150) (S 208,142,143) (S 209,143,144) (S 210,143,145) (D 0,1,1)
 0 1 9 14513 29109  16 (D 0,1,1) (S 218,150,141) (S 204,140,139) (S 213,146,147) (S 214,147,135) (S 196,135,133) (S 195,133,134) (S 194,133,132) (S 192,132,100) (S 191,100,131) (S 190,131,130) (S 189,130,129) (S 188,129,128) (S 203,128,139) (S 205,140,141) (D 0,1,1)
 0 1 10 13626 31177  10 (D 0,1,1) (S 199,137,130) (S 193,131,132) (S 147,100,2) (S 146,100,96) (S 141,96,97) (S 145,97,98) (S 186,98,127) (S 185,127,126) (D 0,1,1)
 0 1 11 14493 30951  16 (D 0,1,1) (S 219,150,126) (S 187,127,128) (S 202,129,138) (S 200,138,137) (S 198,137,136) (S 197,136,135) (S 215,147,148) (S 216,148,149) (S 217,148,145) (S 211,145,146) (S 212,146,136) (S 201,138,139) (S 206,140,142) (S 207,142,141) (D 0,1,1)
 0 1 12 14685 31473  9 (D 0,1,1) (S 221,150,151) (S 233,154,158) (S 234,158,159) (S 235,158,160) (S 236,160,159) (S 237,159,161) (S 242,161,157) (D 0,1,1)
 0 1 13 14108 46887  12 (D 0,1,1) (S 250,163,168) (S 260,168,176) (S 259,176,175) (S 244,165,164) (S 251,164,169) (S 243,164,161) (S 245,161,165) (S 246,165,166) (S 247,166,167) (S 248,167,163) (D 0,1,1)
 0 1 14 14593 46530  10 (D 0,1,1) (S 249,167,168) (S 261,176,177) (S 262,177,175) (S 258,175,166) (S 263,166,178) (S 277,185,253) (S 274,185,184) (S 273,184,179) (D 0,1,1)
 0 1 15 14577 33601  10 (D 0,1,1) (S 257,170,174) (S 270,174,182) (S 269,182,181) (S 268,181,177) (S 266,177,180) (S 267,180,181) (S 265,180,179) (S 272,179,183) (D 0,1,1)
 0 1 16 14650 38054  9 (D 0,1,1) (S 281,174,188) (S 280,188,187) (S 279,187,186) (S 276,186,185) (S 275,185,178) (S 264,178,179) (S 271,183,174) (D 0,1,1)
 0 1 17 14653 41879  14 (D 0,1,1) (S 282,188,189) (S 284,189,191) (S 287,193,192) (S 356,242,192) (S 285,192,191) (S 286,191,193) (S 349,193,238) (S 350,238,239) (S 348,238,236) (S 347,236,237) (S 346,236,235) (S 345,235,230) (D 0,1,1)
 0 1 18 14604 29951  9 (D 0,1,1) (S 338,231,230) (S 337,230,229) (S 372,250,229) (S 340,231,232) (S 344,232,234) (S 342,234,233) (S 343,233,255) (D 0,1,1)
 0 1 19 14584 29059  13 (D 0,1,1) (S 37,255,9) (S 38,10,30) (S 48,33,36) (S 47,35,36) (S 49,36,12) (S 9,12,13) (S 51,37,13) (S 10,13,14) (S 62,14,44) (S 60,44,43) (S 59,43,41) (D 0,1,1)
 0 1 20 14093 36345  11 (D 0,1,1) (S 109,42,75) (S 105,74,73) (S 104,73,72) (S 103,72,71) (S 101,71,70) (S 102,70,63) (S 88,63,62) (S 79,57,56) (S 78,56,53) (D 0,1,1)
 0 1 21 14663 47755  15 (D 0,1,1) (S 128,89,88) (S 148,87,101) (S 149,101,102) (S 150,102,103) (S 161,111,103) (S 151,103,104) (S 154,105,107) (S 155,107,108) (S 158,107,109) (S 159,109,110) (S 157,109,108) (S 156,108,106) (S 173,118,117) (D 0,1,1)
 0 1 22 14578 31344  7 (D 0,1,1) (S 181,124,122) (S 178,122,121) (S 177,121,117) (S 175,117,119) (S 176,119,120) (D 0,1,1)
 0 1 23 14536 27502  13 (D 0,1,1) (S 3,6,7) (S 256,255,171) (S 255,172,173) (S 254,172,171) (S 253,171,170) (S 252,170,120) (S 239,120,162) (S 240,162,163) (S 241,163,157) (S 227,154,153) (S 225,153,151) (D 0,1,1)
 0 1 24 14544 40935  10 (D 0,1,1) (S 184,126,125) (S 183,125,124) (S 182,124,123) (S 169,115,99) (S 143,99,91) (S 135,92,94) (S 139,95,3) (S 140,3,96) (D 0,1,1)
 0 1 25 14656 44201  12 (D 0,1,1) (S 124,86,85) (S 123,85,84) (S 121,84,83) (S 120,83,82) (S 119,82,71) (S 100,71,69) (S 99,69,70) (S 98,69,68) (S 138,68,95) (S 137,95,94) (D 0,1,1)
 0 1 26 14658 37756  8 (D 0,1,1) (S 336,229,223) (S 335,227,228) (S 334,227,223) (S 328,223,222) (S 373,222,247) (S 341,232,233) (D 0,1,1)
 0 1 27 14585 48424  10 (D 0,1,1) (S 283,189,190) (S 288,190,194) (S 291,195,197) (S 295,198,199) (S 294,196,198) (S 293,198,197) (S 292,197,186) (S 278,187,184) (D 0,1,1)
 0 1 28 14432 41958  12 (D 0,1,1) (S 339,231,229) (S 333,223,225) (S 331,225,224) (S 332,224,226) (S 329,224,221) (S 330,222,225) (S 327,222,221) (S 326,221,215) (S 364,215,246) (S 365,246,247) (D 0,1,1)
 0 1 29 14676 49128  12 (D 0,1,1) (S 366,247,248) (S 362,244,194) (S 289,194,195) (S 290,195,196) (S 296,196,199) (S 297,199,200) (S 299,200,202) (S 298,200,201) (S 316,206,213) (S 318,213,215) (D 0,1,1)
 0 1 30 14452 66004  9 (D 0,1,1) (S 375,217,254) (S 314,212,210) (S 313,210,211) (S 312,210,209) (S 311,209,208) (S 310,208,207) (S 317,213,214) (D 0,1,1)
 0 1 31 14594 60134  9 (D 0,1,1) (S 320,214,216) (S 325,216,219) (S 324,219,220) (S 323,219,218) (S 322,218,254) (S 374,212,254) (S 319,214,215) (D 0,1,1)
 0 1 32 14670 62129  7 (D 0,1,1) (S 308,206,205) (S 306,204,205) (S 309,205,207) (S 315,207,212) (S 321,217,216) (D 0,1,1)
 0 1 33 14663 57128  9 (D 0,1,1) (S 307,206,201) (S 300,201,202) (S 301,202,203) (S 303,203,251) (S 304,251,252) (S 305,252,204) (S 302,204,203) (D 0,1,1)
 0 1 34 14627 42261  9 (D 0,1,1) (S 371,250,247) (S 363,246,245) (S 360,245,243) (S 358,243,241) (S 354,241,239) (S 351,239,235) (S 352,235,240) (D 0,1,1)
 0 1 35 14262 38340  11 (D 0,1,1) (S 368,249,248) (S 367,248,245) (S 361,245,244) (S 359,244,243) (S 357,243,242) (S 355,242,241) (S 353,241,240) (S 369,240,249) (S 370,249,250) (D 0,1,1)
 0 1 36 14356 31369  16 (D 0,1,1) (S 58,42,43) (S 73,54,53) (S 72,53,52) (S 83,52,59) (S 82,59,58) (S 80,58,57) (S 86,57,61) (S 87,61,62) (S 106,62,74) (S 107,74,75) (S 110,75,76) (S 111,76,77) (S 112,77,40) (S 54,40,39) (D 0,1,1)
 0 1 37 14660 38146  10 (D 0,1,1) (S 113,76,78) (S 114,78,79) (S 115,78,80) (S 116,80,81) (S 118,81,82) (S 131,83,91) (S 132,91,92) (S 133,92,93) (D 0,1,1)
 0 1 38 14474 38932  8 (D 0,1,1) (S 89,60,64) (S 95,64,67) (S 97,67,68) (S 136,68,94) (S 134,94,93) (S 142,93,97) (D 0,1,1)
 0 1 39 14607 40562  12 (D 0,1,1) (S 85,60,51) (S 70,51,50) (S 93,50,4) (S 67,48,49) (S 68,49,46) (S 65,46,47) (S 64,46,45) (S 63,45,15) (S 11,15,14) (S 8,12,11) (D 0,1,1)
 0 1 40 14195 27331  10 (D 0,1,1) (S 57,39,42) (S 75,42,55) (S 74,55,54) (S 77,54,44) (S 61,44,37) (S 50,37,35) (S 46,35,34) (S 42,32,33) (D 0,1,1)
 0 1 41 14473 35059  10 (D 0,1,1) (S 108,75,73) (S 117,72,81) (S 122,80,84) (S 125,84,87) (S 126,87,86) (S 127,86,88) (S 129,89,90) (S 130,89,255) (D 0,1,1)
 0 1 42 14668 47490  13 (D 0,1,1) (S 76,55,53) (S 71,52,51) (S 69,50,49) (S 66,46,48) (S 94,48,4) (S 92,4,66) (S 96,66,67) (S 91,66,65) (S 90,65,64) (S 84,60,59) (S 81,58,56) (D 0,1,1)
