1621827
42
1802053
1595082
 0 1 1 12738 13947  17 (D 0,1,1) (S 1,1,5) (S 12,5,16) (S 13,16,17) (S 14,17,18) (S 16,18,19) (S 17,19,7) (S 4,7,8) (S 29,8,26) (S 19,21,20) (S 21,20,22) (S 22,22,23) (S 25,23,24) (S 24,22,24) (S 26,24,25) (S 27,25,1) (D 0,1,1)
 0 1 2 14661 21345  13 (D 0,1,1) (S 52,25,38) (S 53,38,39) (S 55,39,41) (S 56,41,34) (S 46,34,35) (S 47,35,36) (S 49,36,12) (S 8,12,11) (S 7,11,10) (S 6,10,9) (S 5,9,8) (D 0,1,1)
 0 1 3 13801 36068  5 (D 0,1,1) (S 210,145,143) (S 209,143,144) (S 208,143,142) (D 0,1,1)
 0 1 4 14283 32420  7 (D 0,1,1) (S 181,124,122) (S 177,121,117) (S 175,117,119) (S 171,117,116) (S 180,116,123) (D 0,1,1)
 0 1 5 14631 30734  12 (D 0,1,1) (S 221,150,151) (S 226,152,153) (S 241,157,163) (S 250,163,168) (S 260,168,176) (S 261,176,177) (S 266,177,180) (S 267,180,181) (S 270,182,174) (S 257,174,170) (D 0,1,1)
 0 1 6 13465 40580  11 (D 0,1,1) (S 282,188,189) (S 283,189,190) (S 288,190,194) (S 362,194,244) (S 359,244,243) (S 357,243,242) (S 356,242,192) (S 285,192,191) (S 284,191,189) (D 0,1,1)
 0 1 7 14408 44728  12 (D 0,1,1) (S 371,250,247) (S 319,215,214) (S 317,214,213) (S 318,213,215) (S 326,215,221) (S 327,221,222) (S 329,221,224) (S 332,224,226) (S 331,224,225) (S 328,222,223) (D 0,1,1)
 0 1 8 14449 32182  10 (D 0,1,1) (S 372,229,250) (S 366,247,248) (S 368,248,249) (S 369,249,240) (S 352,240,235) (S 345,235,230) (S 338,230,231) (S 341,232,233) (D 0,1,1)
 0 1 9 14274 39062  10 (D 0,1,1) (S 30,7,255) (S 340,232,231) (S 336,229,223) (S 335,227,228) (S 334,227,223) (S 333,223,225) (S 330,225,222) (S 373,222,247) (D 0,1,1)
 0 1 10 14413 43793  13 (D 0,1,1) (S 337,229,230) (S 346,235,236) (S 347,236,237) (S 348,236,238) (S 350,238,239) (S 349,238,193) (S 286,191,193) (S 287,193,192) (S 355,242,241) (S 353,241,240) (S 370,249,250) (D 0,1,1)
 0 1 11 13890 40079  9 (D 0,1,1) (S 351,235,239) (S 354,239,241) (S 358,241,243) (S 360,243,245) (S 363,245,246) (S 365,246,247) (S 339,229,231) (D 0,1,1)
 0 1 12 14577 39486  7 (D 0,1,1) (S 255,172,173) (S 254,172,171) (S 176,120,119) (S 174,119,118) (S 173,118,117) (D 0,1,1)
 0 1 13 14606 31022  18 (D 0,1,1) (S 3,6,7) (S 218,150,141) (S 203,139,128) (S 188,128,129) (S 202,129,138) (S 199,137,130) (S 190,130,131) (S 193,131,132) (S 192,132,100) (S 147,100,2) (S 194,132,133) (S 195,133,134) (S 196,133,135) (S 197,135,136) (S 201,138,139) (S 204,139,140) (D 0,1,1)
 0 1 14 14675 31534  14 (D 0,1,1) (S 205,141,140) (S 212,136,146) (S 211,146,145) (S 217,145,148) (S 216,148,149) (S 215,148,147) (S 214,135,147) (S 213,147,146) (S 198,136,137) (S 200,137,138) (S 206,140,142) (S 207,142,141) (D 0,1,1)
 0 1 15 14153 23450  11 (D 0,1,1) (S 256,255,171) (S 253,171,170) (S 252,170,120) (S 239,120,162) (S 238,162,156) (S 231,156,157) (S 232,157,154) (S 227,154,153) (S 225,153,151) (D 0,1,1)
 0 1 16 14699 42168  16 (D 0,1,1) (S 40,30,31) (S 45,32,34) (S 51,37,13) (S 11,14,15) (S 63,15,45) (S 64,45,46) (S 65,46,47) (S 68,46,49) (S 67,49,48) (S 66,48,46) (S 69,49,50) (S 70,50,51) (S 85,51,60) (S 80,58,57) (D 0,1,1)
 0 1 17 14624 35813  12 (D 0,1,1) (S 76,55,53) (S 86,57,61) (S 87,61,62) (S 88,62,63) (S 102,63,70) (S 101,70,71) (S 103,71,72) (S 104,72,73) (S 108,73,75) (S 109,75,42) (D 0,1,1)
 0 1 18 14699 45529  6 (D 0,1,1) (S 97,67,68) (S 138,68,95) (S 139,95,3) (S 140,3,96) (D 0,1,1)
 0 1 19 14518 29024  12 (D 0,1,1) (S 57,39,42) (S 74,55,54) (S 73,54,53) (S 78,53,56) (S 79,56,57) (S 106,62,74) (S 107,74,75) (S 110,75,76) (S 111,76,77) (S 112,77,40) (D 0,1,1)
 0 1 20 14562 37643  10 (D 0,1,1) (S 54,39,40) (S 113,76,78) (S 114,78,79) (S 115,78,80) (S 118,81,82) (S 120,82,83) (S 121,83,84) (S 125,84,87) (D 0,1,1)
 0 1 21 14367 35272  9 (D 0,1,1) (S 127,88,86) (S 124,86,85) (S 123,85,84) (S 122,84,80) (S 116,80,81) (S 117,81,72) (S 105,73,74) (D 0,1,1)
 0 1 22 14661 42282  11 (D 0,1,1) (S 59,41,43) (S 77,44,54) (S 81,56,58) (S 82,58,59) (S 95,64,67) (S 96,67,66) (S 90,65,64) (S 84,60,59) (S 83,59,52) (D 0,1,1)
 0 1 23 14668 40228  12 (D 0,1,1) (S 58,42,43) (S 60,43,44) (S 89,60,64) (S 91,65,66) (S 92,66,4) (S 94,4,48) (S 93,4,50) (S 71,51,52) (S 72,52,53) (S 75,55,42) (D 0,1,1)
 0 1 24 14301 46092  15 (D 0,1,1) (S 142,97,93) (S 133,93,92) (S 135,92,94) (S 137,94,95) (S 132,92,91) (S 143,91,99) (S 163,112,113) (S 165,114,111) (S 161,111,103) (S 160,111,102) (S 148,101,87) (S 126,87,86) (S 128,88,89) (D 0,1,1)
 0 1 25 13955 20323  19 (D 0,1,1) (S 2,5,6) (S 15,6,18) (S 20,19,21) (S 28,21,26) (S 31,26,27) (S 35,28,29) (S 39,29,31) (S 41,31,32) (S 42,32,33) (S 43,33,30) (S 38,30,10) (S 36,9,29) (S 34,29,27) (S 33,27,28) (S 32,28,23) (S 23,23,21) (S 18,20,16) (D 0,1,1)
 0 1 26 14507 29304  10 (D 0,1,1) (S 37,255,9) (S 44,11,33) (S 48,33,36) (S 50,35,37) (S 61,37,44) (S 62,44,14) (S 10,14,13) (S 9,13,12) (D 0,1,1)
 0 1 27 14649 28681  12 (D 0,1,1) (S 222,255,150) (S 187,127,128) (S 189,129,130) (S 191,131,100) (S 146,100,96) (S 141,96,97) (S 145,97,98) (S 186,98,127) (S 185,127,126) (S 219,126,150) (D 0,1,1)
 0 1 28 14410 46250  13 (D 0,1,1) (S 170,116,115) (S 167,115,113) (S 164,113,114) (S 166,114,104) (S 154,105,107) (S 155,107,108) (S 158,107,109) (S 159,109,110) (S 157,109,108) (S 156,108,106) (S 172,106,118) (D 0,1,1)
 0 1 29 14428 44353  10 (D 0,1,1) (S 153,106,105) (S 152,105,104) (S 151,104,103) (S 150,103,102) (S 149,102,101) (S 162,101,112) (S 168,112,99) (S 169,99,115) (D 0,1,1)
 0 1 30 14627 41874  10 (D 0,1,1) (S 134,93,94) (S 136,94,68) (S 98,68,69) (S 99,69,70) (S 100,69,71) (S 119,71,82) (S 131,83,91) (S 144,99,98) (D 0,1,1)
 0 1 31 13414 28095  7 (D 0,1,1) (S 129,89,90) (S 130,89,255) (S 343,255,233) (S 342,233,234) (S 344,234,232) (D 0,1,1)
 0 1 32 14321 31473  8 (D 0,1,1) (S 242,157,161) (S 237,161,159) (S 234,158,159) (S 236,159,160) (S 235,160,158) (S 233,158,154) (D 0,1,1)
 0 1 33 14548 48784  10 (D 0,1,1) (S 247,167,166) (S 246,166,165) (S 245,165,161) (S 243,161,164) (S 251,164,169) (S 244,164,165) (S 262,175,177) (S 268,177,181) (D 0,1,1)
 0 1 34 14639 39506  12 (D 0,1,1) (S 269,182,181) (S 265,180,179) (S 263,178,166) (S 258,166,175) (S 259,175,176) (S 249,168,167) (S 248,167,163) (S 240,163,162) (S 230,156,155) (S 223,152,151) (D 0,1,1)
 0 1 35 14668 42460  9 (D 0,1,1) (S 272,183,179) (S 273,179,184) (S 277,185,253) (S 274,185,184) (S 278,184,187) (S 280,187,188) (S 281,188,174) (D 0,1,1)
 0 1 36 14599 42736  9 (D 0,1,1) (S 271,174,183) (S 264,179,178) (S 275,178,185) (S 276,185,186) (S 292,186,197) (S 291,197,195) (S 367,245,248) (D 0,1,1)
 0 1 37 14657 24909  11 (D 0,1,1) (S 220,150,125) (S 224,125,152) (S 228,152,155) (S 229,155,121) (S 178,121,122) (S 179,122,123) (S 182,123,124) (S 183,124,125) (S 184,125,126) (D 0,1,1)
 0 1 38 14195 54157  14 (D 0,1,1) (S 361,245,244) (S 289,194,195) (S 290,195,196) (S 295,198,199) (S 299,200,202) (S 300,202,201) (S 298,201,200) (S 297,200,199) (S 296,199,196) (S 294,196,198) (S 293,198,197) (S 279,186,187) (D 0,1,1)
 0 1 39 14625 62988  8 (D 0,1,1) (S 301,202,203) (S 302,203,204) (S 309,205,207) (S 315,207,212) (S 375,254,217) (S 321,217,216) (D 0,1,1)
 0 1 40 14521 65050  8 (D 0,1,1) (S 314,212,210) (S 313,210,211) (S 312,210,209) (S 311,209,208) (S 310,208,207) (S 316,206,213) (D 0,1,1)
 0 1 41 14655 60134  9 (D 0,1,1) (S 374,212,254) (S 322,254,218) (S 323,218,219) (S 324,219,220) (S 325,219,216) (S 320,216,214) (S 364,215,246) (D 0,1,1)
 0 1 42 14687 56269  8 (D 0,1,1) (S 307,206,201) (S 303,203,251) (S 304,251,252) (S 305,252,204) (S 306,204,205) (S 308,205,206) (D 0,1,1)
