1609241
42
1801739
1659019
 0 1 1 9683 10400  11 (D 0,1,1) (S 27,1,25) (S 26,25,24) (S 24,24,22) (S 22,22,23) (S 23,23,21) (S 20,21,19) (S 15,18,6) (S 2,6,5) (S 1,5,1) (D 0,1,1)
 0 1 2 13973 25447  19 (D 0,1,1) (S 13,16,17) (S 14,17,18) (S 16,18,19) (S 17,19,7) (S 221,150,151) (S 225,151,153) (S 227,153,154) (S 233,154,158) (S 235,158,160) (S 236,160,159) (S 234,159,158) (S 226,153,152) (S 224,152,125) (S 220,125,150) (S 130,255,89) (S 129,89,90) (S 30,255,7) (D 0,1,1)
 0 1 3 14595 25892  16 (D 0,1,1) (S 3,6,7) (S 4,7,8) (S 29,8,26) (S 31,26,27) (S 33,27,28) (S 35,28,29) (S 36,29,9) (S 343,255,233) (S 342,233,234) (S 37,255,9) (S 5,9,8) (S 28,26,21) (S 19,21,20) (S 12,16,5) (D 0,1,1)
 0 1 4 14479 25092  12 (D 0,1,1) (S 256,255,171) (S 254,171,172) (S 255,172,173) (S 253,171,170) (S 252,170,120) (S 239,120,162) (S 238,162,156) (S 230,156,155) (S 228,155,152) (S 223,152,151) (D 0,1,1)
 0 1 5 14181 30914  10 (D 0,1,1) (S 240,162,163) (S 248,163,167) (S 249,167,168) (S 261,176,177) (S 268,177,181) (S 269,181,182) (S 270,182,174) (S 257,174,170) (D 0,1,1)
 0 1 6 14226 28053  12 (D 0,1,1) (S 222,255,150) (S 218,150,141) (S 205,141,140) (S 199,137,130) (S 193,131,132) (S 146,100,96) (S 141,96,97) (S 145,97,98) (S 186,98,127) (S 185,127,126) (D 0,1,1)
 0 1 7 14323 31650  16 (D 0,1,1) (S 219,150,126) (S 187,127,128) (S 188,128,129) (S 189,129,130) (S 190,130,131) (S 191,131,100) (S 147,100,2) (S 192,100,132) (S 194,132,133) (S 195,133,134) (S 196,133,135) (S 197,135,136) (S 202,138,129) (S 203,128,139) (D 0,1,1)
 0 1 8 13732 31534  13 (D 0,1,1) (S 204,140,139) (S 201,139,138) (S 198,137,136) (S 211,146,145) (S 217,145,148) (S 216,148,149) (S 215,148,147) (S 214,135,147) (S 213,147,146) (S 206,140,142) (S 207,142,141) (D 0,1,1)
 0 1 9 14629 36068  7 (D 0,1,1) (S 208,142,143) (S 209,143,144) (S 210,143,145) (S 212,146,136) (S 200,137,138) (D 0,1,1)
 0 1 10 14686 35272  9 (D 0,1,1) (S 128,89,88) (S 127,88,86) (S 124,86,85) (S 123,85,84) (S 122,84,80) (S 116,80,81) (S 105,73,74) (D 0,1,1)
 0 1 11 14649 29437  16 (D 0,1,1) (S 75,42,55) (S 74,55,54) (S 73,54,53) (S 78,53,56) (S 81,56,58) (S 80,58,57) (S 86,57,61) (S 87,61,62) (S 106,62,74) (S 107,74,75) (S 110,75,76) (S 111,76,77) (S 112,77,40) (S 54,40,39) (D 0,1,1)
 0 1 12 14579 21334  15 (D 0,1,1) (S 52,25,38) (S 53,38,39) (S 55,39,41) (S 56,41,34) (S 42,32,33) (S 43,33,30) (S 40,30,31) (S 39,31,29) (S 34,29,27) (S 32,28,23) (S 25,23,24) (S 21,22,20) (S 18,20,16) (D 0,1,1)
 0 1 13 14464 25929  12 (D 0,1,1) (S 38,10,30) (S 41,31,32) (S 45,32,34) (S 46,34,35) (S 47,35,36) (S 50,35,37) (S 61,37,44) (S 60,44,43) (S 58,43,42) (S 57,42,39) (D 0,1,1)
 0 1 14 14666 28426  12 (D 0,1,1) (S 59,41,43) (S 62,44,14) (S 10,14,13) (S 51,37,13) (S 9,13,12) (S 49,12,36) (S 48,36,33) (S 44,33,11) (S 7,11,10) (S 6,10,9) (D 0,1,1)
 0 1 15 14648 41725  13 (D 0,1,1) (S 183,125,124) (S 143,99,91) (S 131,91,83) (S 120,83,82) (S 119,82,71) (S 103,71,72) (S 117,72,81) (S 118,81,82) (S 121,83,84) (S 125,84,87) (S 126,87,86) (D 0,1,1)
 0 1 16 14270 41582  10 (D 0,1,1) (S 144,98,99) (S 168,99,112) (S 163,112,113) (S 165,114,111) (S 161,111,103) (S 150,103,102) (S 149,102,101) (S 162,101,112) (D 0,1,1)
 0 1 17 14644 39776  12 (D 0,1,1) (S 170,116,115) (S 167,115,113) (S 164,113,114) (S 166,114,104) (S 152,104,105) (S 153,105,106) (S 172,106,118) (S 173,118,117) (S 179,122,123) (S 182,123,124) (D 0,1,1)
 0 1 18 14670 36288  12 (D 0,1,1) (S 232,154,157) (S 241,157,163) (S 250,163,168) (S 260,168,176) (S 259,176,175) (S 258,166,175) (S 262,175,177) (S 266,177,180) (S 267,180,181) (S 265,180,179) (D 0,1,1)
 0 1 19 14499 34463  9 (D 0,1,1) (S 271,174,183) (S 272,183,179) (S 264,179,178) (S 263,178,166) (S 246,166,165) (S 245,165,161) (S 237,161,159) (D 0,1,1)
 0 1 20 14643 45461  8 (D 0,1,1) (S 247,167,166) (S 244,165,164) (S 251,164,169) (S 243,164,161) (S 242,161,157) (S 231,157,156) (D 0,1,1)
 0 1 21 13833 32785  5 (D 0,1,1) (S 229,155,121) (S 171,117,116) (S 180,116,123) (D 0,1,1)
 0 1 22 14578 31344  7 (D 0,1,1) (S 176,120,119) (S 175,119,117) (S 177,117,121) (S 178,121,122) (S 181,122,124) (D 0,1,1)
 0 1 23 14641 49741  12 (D 0,1,1) (S 174,119,118) (S 156,106,108) (S 157,108,109) (S 159,109,110) (S 158,109,107) (S 155,107,108) (S 154,107,105) (S 151,104,103) (S 160,111,102) (S 148,101,87) (D 0,1,1)
 0 1 24 14539 33102  8 (D 0,1,1) (S 113,76,78) (S 114,78,79) (S 115,78,80) (S 104,72,73) (S 108,73,75) (S 109,75,42) (D 0,1,1)
 0 1 25 14651 39448  11 (D 0,1,1) (S 77,44,54) (S 72,53,52) (S 71,52,51) (S 93,50,4) (S 68,49,46) (S 64,46,45) (S 63,45,15) (S 11,15,14) (S 8,12,11) (D 0,1,1)
 0 1 26 14673 41974  16 (D 0,1,1) (S 76,55,53) (S 82,58,59) (S 89,60,64) (S 90,64,65) (S 91,65,66) (S 92,66,4) (S 94,4,48) (S 66,48,46) (S 65,46,47) (S 67,48,49) (S 69,49,50) (S 70,50,51) (S 85,51,60) (S 83,59,52) (D 0,1,1)
 0 1 27 14670 46978  8 (D 0,1,1) (S 84,59,60) (S 95,64,67) (S 96,66,67) (S 97,67,68) (S 136,68,94) (S 134,94,93) (D 0,1,1)
 0 1 28 14667 40935  9 (D 0,1,1) (S 140,96,3) (S 139,3,95) (S 137,95,94) (S 135,94,92) (S 132,92,91) (S 169,99,115) (S 184,125,126) (D 0,1,1)
 0 1 29 14685 42830  12 (D 0,1,1) (S 79,56,57) (S 88,62,63) (S 102,63,70) (S 99,69,70) (S 101,70,71) (S 100,71,69) (S 98,69,68) (S 138,68,95) (S 133,92,93) (S 142,93,97) (D 0,1,1)
 0 1 30 14696 37841  11 (D 0,1,1) (S 338,231,230) (S 345,230,235) (S 346,235,236) (S 347,236,237) (S 348,236,238) (S 350,238,239) (S 351,239,235) (S 352,235,240) (S 370,249,250) (D 0,1,1)
 0 1 31 14500 43093  10 (D 0,1,1) (S 369,249,240) (S 353,240,241) (S 355,241,242) (S 356,242,192) (S 357,242,243) (S 359,243,244) (S 361,244,245) (S 363,245,246) (D 0,1,1)
 0 1 32 14571 40820  11 (D 0,1,1) (S 339,231,229) (S 365,247,246) (S 364,246,215) (S 319,215,214) (S 317,214,213) (S 318,213,215) (S 326,215,221) (S 327,221,222) (S 333,225,223) (D 0,1,1)
 0 1 33 14502 42970  11 (D 0,1,1) (S 373,247,222) (S 329,221,224) (S 332,224,226) (S 331,224,225) (S 330,225,222) (S 328,222,223) (S 334,223,227) (S 335,227,228) (S 336,223,229) (D 0,1,1)
 0 1 34 14630 32815  7 (D 0,1,1) (S 341,233,232) (S 340,232,231) (S 337,230,229) (S 371,247,250) (S 344,232,234) (D 0,1,1)
 0 1 35 14522 60134  10 (D 0,1,1) (S 320,214,216) (S 325,216,219) (S 324,219,220) (S 323,219,218) (S 322,218,254) (S 374,212,254) (S 375,254,217) (S 372,250,229) (D 0,1,1)
 0 1 36 14521 65050  8 (D 0,1,1) (S 316,213,206) (S 310,207,208) (S 311,208,209) (S 312,209,210) (S 313,210,211) (S 314,210,212) (D 0,1,1)
 0 1 37 14670 62129  7 (D 0,1,1) (S 308,206,205) (S 306,204,205) (S 309,205,207) (S 315,207,212) (S 321,217,216) (D 0,1,1)
 0 1 38 14684 42582  13 (D 0,1,1) (S 282,188,189) (S 284,189,191) (S 286,191,193) (S 287,193,192) (S 285,192,191) (S 349,193,238) (S 354,239,241) (S 358,241,243) (S 360,243,245) (S 367,245,248) (S 366,248,247) (D 0,1,1)
 0 1 39 14619 54157  13 (D 0,1,1) (S 279,187,186) (S 293,197,198) (S 295,198,199) (S 299,200,202) (S 298,201,200) (S 297,200,199) (S 296,199,196) (S 294,196,198) (S 290,196,195) (S 362,194,244) (S 368,248,249) (D 0,1,1)
 0 1 40 14663 57128  9 (D 0,1,1) (S 300,201,202) (S 301,202,203) (S 302,203,204) (S 305,204,252) (S 304,252,251) (S 303,251,203) (S 307,201,206) (D 0,1,1)
 0 1 41 14594 43171  9 (D 0,1,1) (S 273,179,184) (S 276,185,186) (S 292,186,197) (S 291,197,195) (S 289,195,194) (S 288,194,190) (S 283,190,189) (D 0,1,1)
 0 1 42 13880 43471  8 (D 0,1,1) (S 275,178,185) (S 277,185,253) (S 274,185,184) (S 278,184,187) (S 280,187,188) (S 281,188,174) (D 0,1,1)
