1621526
42
1801892
1790201
 0 1 1 13419 13947  18 (D 0,1,1) (S 1,1,5) (S 12,5,16) (S 13,16,17) (S 14,17,18) (S 16,18,19) (S 17,19,7) (S 4,7,8) (S 29,8,26) (S 28,26,21) (S 19,21,20) (S 21,20,22) (S 25,24,23) (S 22,23,22) (S 24,22,24) (S 26,24,25) (S 27,25,1) (D 0,1,1)
 0 1 2 14144 21389  16 (D 0,1,1) (S 52,25,38) (S 53,38,39) (S 55,39,41) (S 56,41,34) (S 45,34,32) (S 42,32,33) (S 43,33,30) (S 40,30,31) (S 39,31,29) (S 34,29,27) (S 33,27,28) (S 31,27,26) (S 20,21,19) (S 15,18,6) (D 0,1,1)
 0 1 3 14693 28095  8 (D 0,1,1) (S 2,5,6) (S 30,7,255) (S 130,255,89) (S 129,89,90) (S 341,233,232) (S 344,232,234) (D 0,1,1)
 0 1 4 14331 30452  11 (D 0,1,1) (S 221,150,151) (S 225,151,153) (S 241,157,163) (S 248,163,167) (S 249,167,168) (S 261,176,177) (S 268,177,181) (S 269,181,182) (S 257,174,170) (D 0,1,1)
 0 1 5 14619 32208  12 (D 0,1,1) (S 253,171,170) (S 270,174,182) (S 267,181,180) (S 266,180,177) (S 262,177,175) (S 259,175,176) (S 260,176,168) (S 250,168,163) (S 240,163,162) (S 252,120,170) (D 0,1,1)
 0 1 6 14494 35406  8 (D 0,1,1) (S 176,119,120) (S 239,120,162) (S 238,162,156) (S 231,156,157) (S 232,157,154) (S 227,154,153) (D 0,1,1)
 0 1 7 14430 43638  10 (D 0,1,1) (S 242,157,161) (S 245,161,165) (S 244,165,164) (S 251,164,169) (S 243,164,161) (S 234,159,158) (S 226,153,152) (S 223,152,151) (D 0,1,1)
 0 1 8 13692 23983  9 (D 0,1,1) (S 224,125,152) (S 228,152,155) (S 229,155,121) (S 178,121,122) (S 181,122,124) (S 183,124,125) (S 220,125,150) (D 0,1,1)
 0 1 9 13851 48241  8 (D 0,1,1) (S 265,180,179) (S 264,179,178) (S 277,185,253) (S 275,185,178) (S 263,178,166) (S 258,166,175) (D 0,1,1)
 0 1 10 14249 33960  9 (D 0,1,1) (S 230,155,156) (S 247,167,166) (S 246,166,165) (S 237,161,159) (S 236,159,160) (S 235,160,158) (S 233,158,154) (D 0,1,1)
 0 1 11 14538 29539  13 (D 0,1,1) (S 185,126,127) (S 186,127,98) (S 145,98,97) (S 141,97,96) (S 146,96,100) (S 193,132,131) (S 199,130,137) (S 202,138,129) (S 188,129,128) (S 187,128,127) (S 219,126,150) (D 0,1,1)
 0 1 12 14568 29831  12 (D 0,1,1) (S 5,8,9) (S 7,10,11) (S 44,11,33) (S 48,33,36) (S 50,35,37) (S 51,37,13) (S 10,13,14) (S 62,14,44) (S 74,54,55) (S 75,55,42) (D 0,1,1)
 0 1 13 14570 26162  13 (D 0,1,1) (S 57,39,42) (S 58,42,43) (S 60,43,44) (S 61,44,37) (S 9,13,12) (S 49,12,36) (S 47,36,35) (S 46,35,34) (S 41,32,31) (S 38,30,10) (S 6,10,9) (D 0,1,1)
 0 1 14 14082 33957  7 (D 0,1,1) (S 128,89,88) (S 127,88,86) (S 124,86,85) (S 123,85,84) (S 125,84,87) (D 0,1,1)
 0 1 15 14557 31964  8 (D 0,1,1) (S 182,124,123) (S 179,123,122) (S 177,121,117) (S 171,117,116) (S 180,116,123) (S 184,125,126) (D 0,1,1)
 0 1 16 14633 32797  16 (D 0,1,1) (S 204,140,139) (S 203,139,128) (S 189,129,130) (S 190,130,131) (S 191,131,100) (S 147,100,2) (S 192,100,132) (S 194,132,133) (S 195,133,134) (S 196,133,135) (S 213,147,146) (S 201,138,139) (S 206,140,142) (S 207,142,141) (D 0,1,1)
 0 1 17 14025 36068  6 (D 0,1,1) (S 200,138,137) (S 210,145,143) (S 209,143,144) (S 208,143,142) (D 0,1,1)
 0 1 18 14535 28901  14 (D 0,1,1) (S 218,150,141) (S 212,136,146) (S 211,146,145) (S 217,145,148) (S 216,148,149) (S 215,148,147) (S 214,147,135) (S 197,135,136) (S 198,136,137) (S 205,140,141) (S 222,150,255) (S 3,7,6) (D 0,1,1)
 0 1 19 12384 26249  13 (D 0,1,1) (S 18,16,20) (S 23,21,23) (S 32,23,28) (S 35,28,29) (S 36,29,9) (S 37,9,255) (S 342,233,234) (S 343,233,255) (S 254,171,172) (S 255,172,173) (S 256,171,255) (D 0,1,1)
 0 1 20 13992 35438  9 (D 0,1,1) (S 340,232,231) (S 336,229,223) (S 328,223,222) (S 327,222,221) (S 326,221,215) (S 364,215,246) (S 365,246,247) (D 0,1,1)
 0 1 21 14647 41397  10 (D 0,1,1) (S 363,246,245) (S 359,244,243) (S 360,243,245) (S 367,245,248) (S 368,248,249) (S 370,249,250) (S 337,229,230) (S 338,230,231) (D 0,1,1)
 0 1 22 14661 44276  13 (D 0,1,1) (S 339,231,229) (S 372,229,250) (S 371,250,247) (S 373,247,222) (S 330,222,225) (S 329,221,224) (S 332,224,226) (S 331,224,225) (S 333,225,223) (S 334,223,227) (S 335,227,228) (D 0,1,1)
 0 1 23 14577 38352  11 (D 0,1,1) (S 369,249,240) (S 353,240,241) (S 358,241,243) (S 357,243,242) (S 356,242,192) (S 355,242,241) (S 354,241,239) (S 351,239,235) (S 345,235,230) (D 0,1,1)
 0 1 24 14594 60134  9 (D 0,1,1) (S 319,215,214) (S 320,214,216) (S 374,212,254) (S 322,254,218) (S 323,218,219) (S 324,219,220) (S 325,219,216) (D 0,1,1)
 0 1 25 14452 66004  9 (D 0,1,1) (S 375,217,254) (S 314,212,210) (S 313,210,211) (S 312,210,209) (S 311,209,208) (S 310,208,207) (S 317,213,214) (D 0,1,1)
 0 1 26 14670 62129  7 (D 0,1,1) (S 308,206,205) (S 306,204,205) (S 309,205,207) (S 315,207,212) (S 321,217,216) (D 0,1,1)
 0 1 27 14663 57128  9 (D 0,1,1) (S 303,203,251) (S 304,251,252) (S 305,252,204) (S 302,204,203) (S 301,203,202) (S 300,202,201) (S 307,201,206) (D 0,1,1)
 0 1 28 14518 50456  11 (D 0,1,1) (S 292,186,197) (S 293,197,198) (S 294,198,196) (S 296,196,199) (S 297,199,200) (S 299,200,202) (S 298,200,201) (S 316,206,213) (S 318,213,215) (D 0,1,1)
 0 1 29 14271 39947  10 (D 0,1,1) (S 271,174,183) (S 272,183,179) (S 273,179,184) (S 279,187,186) (S 276,186,185) (S 274,185,184) (S 278,184,187) (S 280,187,188) (D 0,1,1)
 0 1 30 14666 47062  12 (D 0,1,1) (S 282,188,189) (S 283,189,190) (S 288,190,194) (S 291,195,197) (S 295,198,199) (S 290,196,195) (S 289,195,194) (S 362,194,244) (S 361,244,245) (S 366,248,247) (D 0,1,1)
 0 1 31 14601 45481  13 (D 0,1,1) (S 72,53,52) (S 83,52,59) (S 84,59,60) (S 89,60,64) (S 95,64,67) (S 92,66,4) (S 67,48,49) (S 68,46,49) (S 69,49,50) (S 70,50,51) (S 71,51,52) (D 0,1,1)
 0 1 32 14591 33634  11 (D 0,1,1) (S 112,40,77) (S 111,77,76) (S 113,76,78) (S 114,78,79) (S 115,78,80) (S 117,81,72) (S 105,73,74) (S 107,74,75) (S 109,75,42) (D 0,1,1)
 0 1 33 14391 43255  13 (D 0,1,1) (S 281,174,188) (S 284,189,191) (S 285,191,192) (S 287,192,193) (S 286,191,193) (S 349,193,238) (S 350,238,239) (S 348,238,236) (S 347,236,237) (S 346,236,235) (S 352,235,240) (D 0,1,1)
 0 1 34 14614 39983  14 (D 0,1,1) (S 76,55,53) (S 78,53,56) (S 80,57,58) (S 85,60,51) (S 93,50,4) (S 94,4,48) (S 66,48,46) (S 65,46,47) (S 64,46,45) (S 63,45,15) (S 11,15,14) (S 8,12,11) (D 0,1,1)
 0 1 35 14645 41942  12 (D 0,1,1) (S 131,91,83) (S 120,83,82) (S 118,82,81) (S 116,81,80) (S 122,80,84) (S 121,84,83) (S 119,82,71) (S 103,71,72) (S 104,72,73) (S 108,73,75) (D 0,1,1)
 0 1 36 14661 48065  13 (D 0,1,1) (S 170,116,115) (S 164,113,114) (S 165,114,111) (S 151,103,104) (S 154,105,107) (S 155,107,108) (S 158,107,109) (S 159,109,110) (S 157,109,108) (S 156,108,106) (S 173,118,117) (D 0,1,1)
 0 1 37 14586 45036  11 (D 0,1,1) (S 81,56,58) (S 82,58,59) (S 90,64,65) (S 91,65,66) (S 96,66,67) (S 97,67,68) (S 138,68,95) (S 135,94,92) (S 133,92,93) (D 0,1,1)
 0 1 38 14670 40300  11 (D 0,1,1) (S 142,97,93) (S 134,93,94) (S 136,94,68) (S 98,68,69) (S 100,69,71) (S 101,71,70) (S 99,69,70) (S 102,70,63) (S 88,63,62) (D 0,1,1)
 0 1 39 14157 31677  11 (D 0,1,1) (S 59,41,43) (S 77,44,54) (S 73,54,53) (S 79,56,57) (S 86,57,61) (S 87,61,62) (S 106,62,74) (S 110,75,76) (S 54,40,39) (D 0,1,1)
 0 1 40 14665 42795  10 (D 0,1,1) (S 175,117,119) (S 174,119,118) (S 172,118,106) (S 153,106,105) (S 152,105,104) (S 166,104,114) (S 163,112,113) (S 167,113,115) (D 0,1,1)
 0 1 41 14576 39764  11 (D 0,1,1) (S 126,86,87) (S 148,87,101) (S 160,102,111) (S 161,111,103) (S 150,103,102) (S 149,102,101) (S 162,101,112) (S 168,112,99) (S 144,99,98) (D 0,1,1)
 0 1 42 14546 40484  8 (D 0,1,1) (S 140,96,3) (S 139,3,95) (S 137,95,94) (S 132,92,91) (S 143,91,99) (S 169,99,115) (D 0,1,1)
