1622945
42
1802457
1796421
 0 1 1 13889 37764  14 (D 0,1,1) (S 223,151,152) (S 231,156,157) (S 250,163,168) (S 260,168,176) (S 261,176,177) (S 268,177,181) (S 267,181,180) (S 265,180,179) (S 272,179,183) (S 254,171,172) (S 255,172,173) (S 256,171,255) (D 0,1,1)
 0 1 2 14678 27229  13 (D 0,1,1) (S 59,41,43) (S 61,44,37) (S 51,37,13) (S 9,13,12) (S 49,12,36) (S 47,35,36) (S 48,36,33) (S 44,33,11) (S 7,11,10) (S 37,9,255) (S 30,255,7) (D 0,1,1)
 0 1 3 14586 27126  10 (D 0,1,1) (S 57,39,42) (S 58,42,43) (S 62,44,14) (S 10,14,13) (S 50,37,35) (S 46,35,34) (S 41,32,31) (S 38,30,10) (D 0,1,1)
 0 1 4 14464 43246  10 (D 0,1,1) (S 184,126,125) (S 174,119,118) (S 172,118,106) (S 153,106,105) (S 152,105,104) (S 166,104,114) (S 163,112,113) (S 167,113,115) (D 0,1,1)
 0 1 5 14500 40209  14 (D 0,1,1) (S 76,55,53) (S 72,53,52) (S 83,52,59) (S 85,60,51) (S 93,50,4) (S 94,4,48) (S 92,4,66) (S 91,66,65) (S 90,65,64) (S 82,59,58) (S 81,58,56) (S 75,55,42) (D 0,1,1)
 0 1 6 14604 48761  8 (D 0,1,1) (S 84,59,60) (S 89,60,64) (S 95,64,67) (S 96,66,67) (S 97,67,68) (S 138,68,95) (D 0,1,1)
 0 1 7 14418 33118  11 (D 0,1,1) (S 12,5,16) (S 19,20,21) (S 20,21,19) (S 17,19,7) (S 183,125,124) (S 179,123,122) (S 171,117,116) (S 180,116,123) (S 182,123,124) (D 0,1,1)
 0 1 8 14517 48507  14 (D 0,1,1) (S 368,249,248) (S 362,244,194) (S 289,194,195) (S 290,195,196) (S 296,196,199) (S 297,199,200) (S 300,201,202) (S 299,202,200) (S 298,200,201) (S 307,201,206) (S 316,206,213) (S 318,213,215) (D 0,1,1)
 0 1 9 14522 36381  13 (D 0,1,1) (S 109,42,75) (S 105,74,73) (S 104,73,72) (S 103,72,71) (S 101,71,70) (S 102,70,63) (S 88,63,62) (S 87,62,61) (S 86,61,57) (S 79,57,56) (S 74,54,55) (D 0,1,1)
 0 1 10 14628 58082  8 (D 0,1,1) (S 317,214,213) (S 301,202,203) (S 303,203,251) (S 304,251,252) (S 305,252,204) (S 302,204,203) (D 0,1,1)
 0 1 11 14315 47407  14 (D 0,1,1) (S 173,117,118) (S 156,106,108) (S 158,107,109) (S 159,109,110) (S 157,109,108) (S 155,108,107) (S 154,107,105) (S 151,104,103) (S 160,111,102) (S 149,102,101) (S 148,101,87) (S 128,88,89) (D 0,1,1)
 0 1 12 14481 41909  9 (D 0,1,1) (S 343,255,233) (S 363,246,245) (S 360,245,243) (S 359,243,244) (S 361,244,245) (S 367,245,248) (S 366,248,247) (D 0,1,1)
 0 1 13 14541 39685  11 (D 0,1,1) (S 270,174,182) (S 269,182,181) (S 266,180,177) (S 262,177,175) (S 258,175,166) (S 263,166,178) (S 275,178,185) (S 274,185,184) (S 273,184,179) (D 0,1,1)
 0 1 14 14660 38146  10 (D 0,1,1) (S 133,93,92) (S 132,92,91) (S 131,91,83) (S 118,82,81) (S 116,81,80) (S 115,80,78) (S 114,78,79) (S 113,78,76) (D 0,1,1)
 0 1 15 14205 28043  11 (D 0,1,1) (S 202,138,129) (S 189,129,130) (S 190,130,131) (S 191,131,100) (S 146,100,96) (S 141,96,97) (S 145,97,98) (S 186,98,127) (S 219,126,150) (D 0,1,1)
 0 1 16 14627 40352  14 (D 0,1,1) (S 6,9,10) (S 8,11,12) (S 11,14,15) (S 63,15,45) (S 64,45,46) (S 66,46,48) (S 67,48,49) (S 68,49,46) (S 65,46,47) (S 69,49,50) (S 70,50,51) (S 71,51,52) (D 0,1,1)
 0 1 17 14585 48424  10 (D 0,1,1) (S 283,189,190) (S 288,190,194) (S 291,195,197) (S 293,197,198) (S 295,198,199) (S 294,196,198) (S 292,197,186) (S 278,187,184) (D 0,1,1)
 0 1 18 14405 36068  6 (D 0,1,1) (S 212,136,146) (S 210,145,143) (S 209,143,144) (S 208,143,142) (D 0,1,1)
 0 1 19 14648 44898  9 (D 0,1,1) (S 280,188,187) (S 279,187,186) (S 276,186,185) (S 277,185,253) (S 264,178,179) (S 271,183,174) (S 253,170,171) (D 0,1,1)
 0 1 20 13329 36697  10 (D 0,1,1) (S 337,229,230) (S 354,239,241) (S 358,241,243) (S 357,243,242) (S 287,192,193) (S 286,193,191) (S 281,188,174) (S 257,174,170) (D 0,1,1)
 0 1 21 14659 42550  13 (D 0,1,1) (S 336,229,223) (S 335,227,228) (S 334,227,223) (S 328,223,222) (S 331,225,224) (S 332,224,226) (S 329,224,221) (S 327,221,222) (S 330,222,225) (S 333,225,223) (S 340,231,232) (D 0,1,1)
 0 1 22 14618 41730  14 (D 0,1,1) (S 108,75,73) (S 117,72,81) (S 122,80,84) (S 121,84,83) (S 120,83,82) (S 119,82,71) (S 100,71,69) (S 99,69,70) (S 98,69,68) (S 136,68,94) (S 134,94,93) (S 142,93,97) (D 0,1,1)
 0 1 23 14521 33957  7 (D 0,1,1) (S 127,88,86) (S 126,86,87) (S 125,87,84) (S 123,84,85) (S 124,85,86) (D 0,1,1)
 0 1 24 14108 37992  9 (D 0,1,1) (S 15,6,18) (S 16,18,19) (S 371,250,247) (S 365,247,246) (S 364,246,215) (S 326,215,221) (S 373,222,247) (D 0,1,1)
 0 1 25 14619 34324  12 (D 0,1,1) (S 2,5,6) (S 3,6,7) (S 341,233,232) (S 370,250,249) (S 353,240,241) (S 355,241,242) (S 356,242,192) (S 285,192,191) (S 284,191,189) (S 282,189,188) (D 0,1,1)
 0 1 26 14489 40484  8 (D 0,1,1) (S 169,115,99) (S 143,99,91) (S 135,92,94) (S 137,94,95) (S 139,95,3) (S 140,3,96) (D 0,1,1)
 0 1 27 14633 39643  12 (D 0,1,1) (S 369,249,240) (S 352,240,235) (S 351,235,239) (S 350,239,238) (S 349,238,193) (S 348,238,236) (S 347,236,237) (S 346,236,235) (S 345,235,230) (S 338,230,231) (D 0,1,1)
 0 1 28 14649 19080  17 (D 0,1,1) (S 27,1,25) (S 26,25,24) (S 24,22,24) (S 25,24,23) (S 23,23,21) (S 28,21,26) (S 29,8,26) (S 31,26,27) (S 35,28,29) (S 34,29,27) (S 33,27,28) (S 32,28,23) (S 22,23,22) (S 21,22,20) (S 18,20,16) (D 0,1,1)
 0 1 29 14571 20649  14 (D 0,1,1) (S 52,25,38) (S 53,38,39) (S 55,39,41) (S 56,41,34) (S 45,34,32) (S 42,32,33) (S 43,33,30) (S 40,30,31) (S 39,31,29) (S 36,29,9) (S 5,9,8) (S 4,8,7) (D 0,1,1)
 0 1 30 14362 31344  6 (D 0,1,1) (S 177,121,117) (S 175,117,119) (S 176,119,120) (S 252,120,170) (D 0,1,1)
 0 1 31 14605 24755  11 (D 0,1,1) (S 1,1,5) (S 13,16,17) (S 14,17,18) (S 224,125,152) (S 228,152,155) (S 229,155,121) (S 178,121,122) (S 181,122,124) (S 220,125,150) (D 0,1,1)
 0 1 32 13060 28095  6 (D 0,1,1) (S 129,89,90) (S 130,89,255) (S 342,233,234) (S 344,234,232) (D 0,1,1)
 0 1 33 14321 31473  8 (D 0,1,1) (S 233,154,158) (S 234,158,159) (S 236,159,160) (S 235,160,158) (S 237,159,161) (S 242,161,157) (D 0,1,1)
 0 1 34 14631 58584  9 (D 0,1,1) (S 372,229,250) (S 322,254,218) (S 323,218,219) (S 324,219,220) (S 325,219,216) (S 320,216,214) (S 319,214,215) (D 0,1,1)
 0 1 35 14483 40422  10 (D 0,1,1) (S 170,116,115) (S 164,113,114) (S 165,114,111) (S 161,111,103) (S 150,103,102) (S 162,101,112) (S 168,112,99) (S 144,99,98) (D 0,1,1)
 0 1 36 14197 65050  10 (D 0,1,1) (S 339,231,229) (S 375,217,254) (S 374,254,212) (S 314,212,210) (S 313,210,211) (S 312,210,209) (S 311,209,208) (S 310,208,207) (D 0,1,1)
 0 1 37 14670 62129  7 (D 0,1,1) (S 321,216,217) (S 315,212,207) (S 309,207,205) (S 306,204,205) (S 308,205,206) (D 0,1,1)
 0 1 38 13697 30166  13 (D 0,1,1) (S 54,39,40) (S 112,40,77) (S 111,77,76) (S 110,76,75) (S 107,75,74) (S 106,74,62) (S 80,57,58) (S 78,56,53) (S 73,53,54) (S 77,54,44) (S 60,44,43) (D 0,1,1)
 0 1 39 14000 26886  10 (D 0,1,1) (S 225,151,153) (S 227,153,154) (S 232,154,157) (S 241,157,163) (S 240,163,162) (S 238,162,156) (S 230,156,155) (S 221,151,150) (D 0,1,1)
 0 1 40 14284 33522  13 (D 0,1,1) (S 205,141,140) (S 203,139,128) (S 188,128,129) (S 211,146,145) (S 217,145,148) (S 216,148,149) (S 215,148,147) (S 214,135,147) (S 213,147,146) (S 187,128,127) (S 185,127,126) (D 0,1,1)
 0 1 41 14016 30520  18 (D 0,1,1) (S 222,255,150) (S 218,150,141) (S 207,141,142) (S 206,142,140) (S 204,140,139) (S 201,139,138) (S 200,138,137) (S 199,137,130) (S 193,131,132) (S 192,132,100) (S 147,100,2) (S 194,132,133) (S 195,133,134) (S 196,133,135) (S 197,135,136) (S 198,136,137) (D 0,1,1)
 0 1 42 14433 47538  13 (D 0,1,1) (S 239,120,162) (S 248,163,167) (S 249,167,168) (S 259,176,175) (S 246,166,165) (S 245,165,161) (S 243,161,164) (S 251,164,169) (S 244,164,165) (S 247,166,167) (S 226,153,152) (D 0,1,1)
