1613664
42
1801884
1671875
 0 1 1 9332 9888  10 (D 0,1,1) (S 27,1,25) (S 26,25,24) (S 25,24,23) (S 23,23,21) (S 20,21,19) (S 16,19,18) (S 15,18,6) (S 1,5,1) (D 0,1,1)
 0 1 2 14195 26664  16 (D 0,1,1) (S 12,5,16) (S 18,16,20) (S 19,20,21) (S 28,21,26) (S 29,26,8) (S 5,8,9) (S 342,233,234) (S 36,9,29) (S 35,29,28) (S 31,27,26) (S 4,8,7) (S 17,7,19) (S 14,18,17) (S 13,17,16) (D 0,1,1)
 0 1 3 14097 33834  16 (D 0,1,1) (S 2,5,6) (S 197,136,135) (S 214,135,147) (S 196,135,133) (S 195,133,134) (S 194,133,132) (S 147,100,2) (S 192,100,132) (S 193,132,131) (S 190,131,130) (S 199,130,137) (S 200,137,138) (S 202,138,129) (S 203,128,139) (D 0,1,1)
 0 1 4 13760 28722  13 (D 0,1,1) (S 218,150,141) (S 207,141,142) (S 206,142,140) (S 204,140,139) (S 198,137,136) (S 213,146,147) (S 215,147,148) (S 216,148,149) (S 217,148,145) (S 211,145,146) (S 205,140,141) (D 0,1,1)
 0 1 5 13821 23231  10 (D 0,1,1) (S 220,150,125) (S 183,125,124) (S 181,124,122) (S 178,122,121) (S 229,121,155) (S 228,155,152) (S 223,152,151) (S 221,151,150) (D 0,1,1)
 0 1 6 14553 28681  12 (D 0,1,1) (S 222,255,150) (S 219,150,126) (S 185,126,127) (S 186,127,98) (S 141,97,96) (S 146,96,100) (S 191,100,131) (S 189,130,129) (S 188,129,128) (S 187,128,127) (D 0,1,1)
 0 1 7 14643 45461  8 (D 0,1,1) (S 231,156,157) (S 242,157,161) (S 243,161,164) (S 251,164,169) (S 244,164,165) (S 247,166,167) (D 0,1,1)
 0 1 8 14557 31964  8 (D 0,1,1) (S 184,126,125) (S 182,124,123) (S 180,123,116) (S 171,116,117) (S 177,117,121) (S 179,122,123) (D 0,1,1)
 0 1 9 14607 27638  10 (D 0,1,1) (S 224,125,152) (S 230,155,156) (S 238,156,162) (S 240,162,163) (S 241,163,157) (S 232,157,154) (S 227,154,153) (S 225,153,151) (D 0,1,1)
 0 1 10 14645 34618  12 (D 0,1,1) (S 226,152,153) (S 233,154,158) (S 234,158,159) (S 235,158,160) (S 236,160,159) (S 237,159,161) (S 245,161,165) (S 246,165,166) (S 258,166,175) (S 250,168,163) (D 0,1,1)
 0 1 11 14656 36068  7 (D 0,1,1) (S 208,142,143) (S 209,143,144) (S 210,143,145) (S 212,146,136) (S 201,138,139) (D 0,1,1)
 0 1 12 14425 39182  6 (D 0,1,1) (S 142,97,93) (S 137,94,95) (S 139,95,3) (S 140,3,96) (D 0,1,1)
 0 1 13 14682 40422  9 (D 0,1,1) (S 164,113,114) (S 165,114,111) (S 150,103,102) (S 149,102,101) (S 162,101,112) (S 168,112,99) (S 144,99,98) (D 0,1,1)
 0 1 14 14533 33976  9 (D 0,1,1) (S 175,117,119) (S 176,119,120) (S 252,120,170) (S 253,170,171) (S 255,172,173) (S 254,172,171) (S 256,171,255) (D 0,1,1)
 0 1 15 13534 24539  7 (D 0,1,1) (S 344,234,232) (S 341,232,233) (S 343,233,255) (S 30,255,7) (S 3,7,6) (D 0,1,1)
 0 1 16 14617 36802  10 (D 0,1,1) (S 113,76,78) (S 114,78,79) (S 115,78,80) (S 116,80,81) (S 122,80,84) (S 123,84,85) (S 124,85,86) (S 128,88,89) (D 0,1,1)
 0 1 17 14461 47410  12 (D 0,1,1) (S 173,117,118) (S 156,106,108) (S 157,108,109) (S 159,109,110) (S 158,109,107) (S 155,107,108) (S 154,107,105) (S 166,104,114) (S 163,112,113) (S 167,113,115) (D 0,1,1)
 0 1 18 14647 42792  12 (D 0,1,1) (S 174,119,118) (S 172,118,106) (S 153,106,105) (S 152,105,104) (S 151,104,103) (S 161,103,111) (S 160,111,102) (S 148,101,87) (S 126,87,86) (S 130,89,255) (D 0,1,1)
 0 1 19 14677 36739  11 (D 0,1,1) (S 257,170,174) (S 281,174,188) (S 282,188,189) (S 284,189,191) (S 285,191,192) (S 287,192,193) (S 348,238,236) (S 347,236,237) (S 346,236,235) (D 0,1,1)
 0 1 20 14335 37380  13 (D 0,1,1) (S 271,174,183) (S 272,183,179) (S 265,179,180) (S 266,180,177) (S 261,177,176) (S 259,176,175) (S 262,175,177) (S 268,177,181) (S 267,180,181) (S 269,181,182) (S 270,182,174) (D 0,1,1)
 0 1 21 14690 46459  9 (D 0,1,1) (S 264,179,178) (S 276,185,186) (S 279,186,187) (S 280,187,188) (S 286,191,193) (S 355,242,241) (S 353,241,240) (D 0,1,1)
 0 1 22 14585 48424  10 (D 0,1,1) (S 278,184,187) (S 292,186,197) (S 294,198,196) (S 295,199,198) (S 293,198,197) (S 291,197,195) (S 288,194,190) (S 283,190,189) (D 0,1,1)
 0 1 23 14673 44931  11 (D 0,1,1) (S 273,179,184) (S 274,184,185) (S 277,185,253) (S 275,185,178) (S 263,178,166) (S 260,176,168) (S 249,168,167) (S 248,167,163) (S 239,162,120) (D 0,1,1)
 0 1 24 14685 39344  12 (D 0,1,1) (S 340,232,231) (S 338,231,230) (S 337,230,229) (S 336,229,223) (S 334,223,227) (S 335,227,228) (S 328,223,222) (S 327,221,222) (S 373,222,247) (S 371,247,250) (D 0,1,1)
 0 1 25 14632 40012  12 (D 0,1,1) (S 369,249,240) (S 352,240,235) (S 354,239,241) (S 358,241,243) (S 357,243,242) (S 356,242,192) (S 349,193,238) (S 350,238,239) (S 351,239,235) (S 345,235,230) (D 0,1,1)
 0 1 26 14492 40894  11 (D 0,1,1) (S 333,223,225) (S 330,222,225) (S 331,225,224) (S 332,224,226) (S 329,224,221) (S 326,221,215) (S 364,215,246) (S 365,246,247) (S 372,250,229) (D 0,1,1)
 0 1 27 14523 40873  9 (D 0,1,1) (S 363,246,245) (S 361,245,244) (S 359,244,243) (S 360,243,245) (S 367,245,248) (S 368,248,249) (S 370,249,250) (D 0,1,1)
 0 1 28 14676 49128  12 (D 0,1,1) (S 318,215,213) (S 316,213,206) (S 298,201,200) (S 299,200,202) (S 297,200,199) (S 296,199,196) (S 290,196,195) (S 289,195,194) (S 362,194,244) (S 366,248,247) (D 0,1,1)
 0 1 29 14672 66004  10 (D 0,1,1) (S 339,231,229) (S 317,214,213) (S 310,207,208) (S 311,208,209) (S 312,209,210) (S 313,210,211) (S 314,210,212) (S 375,254,217) (D 0,1,1)
 0 1 30 14670 62129  7 (D 0,1,1) (S 321,216,217) (S 315,212,207) (S 309,207,205) (S 306,204,205) (S 308,205,206) (D 0,1,1)
 0 1 31 14663 57128  9 (D 0,1,1) (S 300,201,202) (S 301,202,203) (S 302,203,204) (S 305,204,252) (S 304,252,251) (S 303,251,203) (S 307,201,206) (D 0,1,1)
 0 1 32 14594 60134  9 (D 0,1,1) (S 319,215,214) (S 320,214,216) (S 325,216,219) (S 324,219,220) (S 323,219,218) (S 322,218,254) (S 374,212,254) (D 0,1,1)
 0 1 33 14483 29437  15 (D 0,1,1) (S 52,25,38) (S 75,42,55) (S 74,55,54) (S 73,54,53) (S 78,53,56) (S 80,58,57) (S 86,57,61) (S 87,61,62) (S 106,62,74) (S 110,75,76) (S 111,76,77) (S 112,77,40) (S 54,40,39) (D 0,1,1)
 0 1 34 14322 27856  9 (D 0,1,1) (S 59,41,43) (S 62,44,14) (S 10,14,13) (S 9,13,12) (S 8,12,11) (S 7,11,10) (S 6,10,9) (D 0,1,1)
 0 1 35 14560 26162  13 (D 0,1,1) (S 37,255,9) (S 38,10,30) (S 41,31,32) (S 46,34,35) (S 47,35,36) (S 49,36,12) (S 51,13,37) (S 61,37,44) (S 60,44,43) (S 58,43,42) (S 57,42,39) (D 0,1,1)
 0 1 36 14671 47239  14 (D 0,1,1) (S 76,55,53) (S 81,56,58) (S 85,60,51) (S 70,51,50) (S 93,50,4) (S 67,48,49) (S 66,46,48) (S 94,48,4) (S 92,4,66) (S 95,67,64) (S 84,60,59) (S 83,59,52) (D 0,1,1)
 0 1 37 14684 38896  14 (D 0,1,1) (S 44,11,33) (S 48,33,36) (S 50,35,37) (S 11,14,15) (S 63,15,45) (S 64,45,46) (S 65,46,47) (S 68,46,49) (S 69,49,50) (S 71,51,52) (S 72,52,53) (S 77,54,44) (D 0,1,1)
 0 1 38 14558 21846  16 (D 0,1,1) (S 21,20,22) (S 24,22,24) (S 22,22,23) (S 32,23,28) (S 33,28,27) (S 34,27,29) (S 39,29,31) (S 40,31,30) (S 43,30,33) (S 42,33,32) (S 45,32,34) (S 56,34,41) (S 55,41,39) (S 53,39,38) (D 0,1,1)
 0 1 39 14651 37371  9 (D 0,1,1) (S 129,89,90) (S 127,88,86) (S 125,87,84) (S 121,84,83) (S 118,82,81) (S 117,81,72) (S 108,73,75) (D 0,1,1)
 0 1 40 14686 38164  14 (D 0,1,1) (S 145,98,97) (S 133,93,92) (S 132,91,92) (S 135,92,94) (S 136,94,68) (S 98,68,69) (S 100,69,71) (S 103,71,72) (S 104,72,73) (S 105,73,74) (S 107,74,75) (S 109,75,42) (D 0,1,1)
 0 1 41 14630 44289  10 (D 0,1,1) (S 134,93,94) (S 138,95,68) (S 97,68,67) (S 96,67,66) (S 91,66,65) (S 90,65,64) (S 89,64,60) (S 82,59,58) (D 0,1,1)
 0 1 42 14651 40933  13 (D 0,1,1) (S 170,116,115) (S 169,115,99) (S 143,99,91) (S 131,91,83) (S 120,83,82) (S 119,82,71) (S 101,71,70) (S 99,69,70) (S 102,70,63) (S 88,63,62) (S 79,57,56) (D 0,1,1)
