1613613
42
1797923
1350655
 0 1 1 14294 18379  19 (D 0,1,1) (S 27,1,25) (S 26,25,24) (S 22,22,23) (S 32,23,28) (S 33,27,28) (S 35,28,29) (S 34,29,27) (S 31,27,26) (S 28,26,21) (S 23,21,23) (S 25,23,24) (S 24,24,22) (S 21,22,20) (S 19,20,21) (S 20,21,19) (S 14,18,17) (S 13,17,16) (D 0,1,1)
 0 1 2 14661 26796  17 (D 0,1,1) (S 1,1,5) (S 12,5,16) (S 18,16,20) (S 29,26,8) (S 4,8,7) (S 30,7,255) (S 221,150,151) (S 233,154,158) (S 234,158,159) (S 236,159,160) (S 235,160,158) (S 225,153,151) (S 129,89,90) (S 130,89,255) (S 2,6,5) (D 0,1,1)
 0 1 3 14278 36068  6 (D 0,1,1) (S 222,255,150) (S 208,142,143) (S 209,143,144) (S 210,143,145) (D 0,1,1)
 0 1 4 13590 29119  11 (D 0,1,1) (S 203,139,128) (S 202,129,138) (S 199,137,130) (S 190,130,131) (S 193,131,132) (S 146,100,96) (S 141,96,97) (S 145,97,98) (S 186,98,127) (D 0,1,1)
 0 1 5 14678 33396  17 (D 0,1,1) (S 219,150,126) (S 185,126,127) (S 187,127,128) (S 188,128,129) (S 189,129,130) (S 191,131,100) (S 147,100,2) (S 192,100,132) (S 194,132,133) (S 195,133,134) (S 196,133,135) (S 214,135,147) (S 197,135,136) (S 200,137,138) (S 201,138,139) (D 0,1,1)
 0 1 6 14364 28722  14 (D 0,1,1) (S 218,150,141) (S 207,141,142) (S 206,142,140) (S 212,136,146) (S 213,146,147) (S 215,147,148) (S 216,148,149) (S 217,148,145) (S 211,145,146) (S 198,136,137) (S 204,139,140) (S 205,140,141) (D 0,1,1)
 0 1 7 14639 24942  12 (D 0,1,1) (S 37,255,9) (S 38,10,30) (S 43,30,33) (S 45,32,34) (S 50,35,37) (S 61,37,44) (S 60,44,43) (S 58,43,42) (S 57,42,39) (S 52,38,25) (D 0,1,1)
 0 1 8 14305 22081  14 (D 0,1,1) (S 53,38,39) (S 55,39,41) (S 56,41,34) (S 46,34,35) (S 47,35,36) (S 48,36,33) (S 42,33,32) (S 41,32,31) (S 40,31,30) (S 39,31,29) (S 36,29,9) (S 5,9,8) (D 0,1,1)
 0 1 9 14548 28308  10 (D 0,1,1) (S 6,9,10) (S 7,10,11) (S 8,11,12) (S 9,12,13) (S 51,37,13) (S 10,13,14) (S 62,14,44) (S 59,43,41) (D 0,1,1)
 0 1 10 14375 32785  6 (D 0,1,1) (S 182,124,123) (S 180,123,116) (S 171,116,117) (S 229,121,155) (D 0,1,1)
 0 1 11 14683 42751  11 (D 0,1,1) (S 179,123,122) (S 173,117,118) (S 172,118,106) (S 153,106,105) (S 151,104,103) (S 165,111,114) (S 164,114,113) (S 163,112,113) (S 167,113,115) (D 0,1,1)
 0 1 12 14576 39764  11 (D 0,1,1) (S 126,86,87) (S 148,87,101) (S 150,102,103) (S 161,103,111) (S 160,111,102) (S 149,102,101) (S 162,101,112) (S 168,112,99) (S 144,99,98) (D 0,1,1)
 0 1 13 14425 39182  6 (D 0,1,1) (S 140,96,3) (S 139,3,95) (S 137,95,94) (S 142,93,97) (D 0,1,1)
 0 1 14 14082 33957  7 (D 0,1,1) (S 128,89,88) (S 127,88,86) (S 124,86,85) (S 123,85,84) (S 125,84,87) (D 0,1,1)
 0 1 15 14661 43596  17 (D 0,1,1) (S 105,74,73) (S 117,72,81) (S 122,80,84) (S 121,84,83) (S 120,83,82) (S 119,82,71) (S 100,71,69) (S 98,69,68) (S 138,68,95) (S 135,94,92) (S 143,91,99) (S 169,99,115) (S 170,115,116) (S 183,124,125) (S 184,125,126) (D 0,1,1)
 0 1 16 14499 34463  9 (D 0,1,1) (S 237,159,161) (S 245,161,165) (S 246,165,166) (S 263,166,178) (S 264,178,179) (S 272,179,183) (S 271,183,174) (D 0,1,1)
 0 1 17 14594 43171  9 (D 0,1,1) (S 283,189,190) (S 288,190,194) (S 289,194,195) (S 291,195,197) (S 292,197,186) (S 276,186,185) (S 273,184,179) (D 0,1,1)
 0 1 18 14463 33600  11 (D 0,1,1) (S 240,162,163) (S 250,163,168) (S 260,168,176) (S 259,176,175) (S 258,166,175) (S 262,175,177) (S 266,177,180) (S 267,180,181) (S 257,174,170) (D 0,1,1)
 0 1 19 14578 31344  7 (D 0,1,1) (S 176,120,119) (S 175,119,117) (S 177,117,121) (S 178,121,122) (S 181,122,124) (D 0,1,1)
 0 1 20 14491 48584  11 (D 0,1,1) (S 174,119,118) (S 156,106,108) (S 157,108,109) (S 159,109,110) (S 158,109,107) (S 155,107,108) (S 154,107,105) (S 152,105,104) (S 166,104,114) (D 0,1,1)
 0 1 21 14643 45461  8 (D 0,1,1) (S 242,157,161) (S 243,161,164) (S 251,164,169) (S 244,164,165) (S 247,166,167) (S 231,157,156) (D 0,1,1)
 0 1 22 14358 41240  9 (D 0,1,1) (S 373,247,222) (S 326,221,215) (S 319,215,214) (S 317,214,213) (S 318,213,215) (S 364,215,246) (S 371,247,250) (D 0,1,1)
 0 1 23 14659 42550  13 (D 0,1,1) (S 340,232,231) (S 328,223,222) (S 327,222,221) (S 329,221,224) (S 332,224,226) (S 331,224,225) (S 330,222,225) (S 333,225,223) (S 334,223,227) (S 335,227,228) (S 336,223,229) (D 0,1,1)
 0 1 24 12931 25367  7 (D 0,1,1) (S 344,232,234) (S 342,234,233) (S 17,7,19) (S 16,19,18) (S 15,18,6) (D 0,1,1)
 0 1 25 14638 46381  9 (D 0,1,1) (S 3,6,7) (S 280,188,187) (S 278,187,184) (S 274,184,185) (S 277,185,253) (S 275,185,178) (S 265,179,180) (D 0,1,1)
 0 1 26 14187 30571  13 (D 0,1,1) (S 270,174,182) (S 269,182,181) (S 268,181,177) (S 261,177,176) (S 249,168,167) (S 248,167,163) (S 241,163,157) (S 232,157,154) (S 227,154,153) (S 226,153,152) (S 223,152,151) (D 0,1,1)
 0 1 27 14554 25844  12 (D 0,1,1) (S 220,150,125) (S 224,125,152) (S 228,152,155) (S 230,155,156) (S 238,156,162) (S 239,162,120) (S 252,120,170) (S 253,170,171) (S 255,172,173) (S 254,172,171) (D 0,1,1)
 0 1 28 14357 38198  12 (D 0,1,1) (S 256,255,171) (S 281,174,188) (S 284,189,191) (S 286,191,193) (S 348,238,236) (S 347,236,237) (S 346,236,235) (S 352,235,240) (S 369,240,249) (S 370,249,250) (D 0,1,1)
 0 1 29 13320 36210  13 (D 0,1,1) (S 338,231,230) (S 345,230,235) (S 351,235,239) (S 350,239,238) (S 349,238,193) (S 287,193,192) (S 356,192,242) (S 355,242,241) (S 353,241,240) (S 372,250,229) (S 339,229,231) (D 0,1,1)
 0 1 30 14198 37480  10 (D 0,1,1) (S 343,255,233) (S 341,233,232) (S 337,229,230) (S 354,239,241) (S 358,241,243) (S 360,243,245) (S 367,245,248) (S 366,248,247) (D 0,1,1)
 0 1 31 13759 40685  9 (D 0,1,1) (S 282,188,189) (S 285,191,192) (S 357,242,243) (S 359,243,244) (S 361,244,245) (S 363,245,246) (S 365,246,247) (D 0,1,1)
 0 1 32 14619 54157  13 (D 0,1,1) (S 279,187,186) (S 293,197,198) (S 294,196,198) (S 295,198,199) (S 297,199,200) (S 299,200,202) (S 298,201,200) (S 296,199,196) (S 290,196,195) (S 362,194,244) (S 368,248,249) (D 0,1,1)
 0 1 33 14663 57128  9 (D 0,1,1) (S 302,203,204) (S 305,204,252) (S 304,252,251) (S 303,251,203) (S 301,203,202) (S 300,202,201) (S 307,201,206) (D 0,1,1)
 0 1 34 14670 62129  7 (D 0,1,1) (S 321,216,217) (S 315,212,207) (S 309,207,205) (S 306,204,205) (S 308,205,206) (D 0,1,1)
 0 1 35 14521 65050  8 (D 0,1,1) (S 314,212,210) (S 313,210,211) (S 312,210,209) (S 311,209,208) (S 310,208,207) (S 316,206,213) (D 0,1,1)
 0 1 36 13710 60134  9 (D 0,1,1) (S 375,217,254) (S 374,212,254) (S 322,254,218) (S 323,218,219) (S 324,219,220) (S 325,219,216) (S 320,216,214) (D 0,1,1)
 0 1 37 14660 38146  10 (D 0,1,1) (S 113,76,78) (S 114,78,79) (S 115,78,80) (S 116,80,81) (S 118,81,82) (S 131,83,91) (S 132,91,92) (S 133,92,93) (D 0,1,1)
 0 1 38 14660 38015  11 (D 0,1,1) (S 109,42,75) (S 108,75,73) (S 104,73,72) (S 103,72,71) (S 101,71,70) (S 99,69,70) (S 102,70,63) (S 88,63,62) (S 79,57,56) (D 0,1,1)
 0 1 39 14636 46978  8 (D 0,1,1) (S 82,58,59) (S 95,64,67) (S 96,66,67) (S 97,67,68) (S 136,68,94) (S 134,94,93) (D 0,1,1)
 0 1 40 14424 43532  14 (D 0,1,1) (S 84,59,60) (S 85,60,51) (S 93,50,4) (S 94,4,48) (S 67,48,49) (S 66,46,48) (S 92,4,66) (S 91,66,65) (S 90,65,64) (S 89,64,60) (S 83,59,52) (S 77,54,44) (D 0,1,1)
 0 1 41 14649 29437  16 (D 0,1,1) (S 75,42,55) (S 74,55,54) (S 73,54,53) (S 78,53,56) (S 81,56,58) (S 80,58,57) (S 86,57,61) (S 87,61,62) (S 106,62,74) (S 107,74,75) (S 110,75,76) (S 111,76,77) (S 112,77,40) (S 54,40,39) (D 0,1,1)
 0 1 42 14628 37912  14 (D 0,1,1) (S 76,55,53) (S 72,53,52) (S 71,52,51) (S 70,51,50) (S 69,50,49) (S 68,49,46) (S 65,46,47) (S 64,46,45) (S 63,45,15) (S 11,15,14) (S 49,12,36) (S 44,33,11) (D 0,1,1)
