1657949
42
61624
59287
 0 1 1 14446 23522  19 (D 0,1,1) (S 129,89,90) (S 130,89,255) (S 218,150,141) (S 207,141,142) (S 206,142,140) (S 204,140,139) (S 203,139,128) (S 188,128,129) (S 187,128,127) (S 185,127,126) (S 184,126,125) (S 224,125,152) (S 226,152,153) (S 225,153,151) (S 221,151,150) (S 2,6,5) (S 1,5,1) (D 0,1,1)
 0 1 2 14573 26177  9 (D 0,1,1) (S 53,38,39) (S 55,39,41) (S 59,41,43) (S 60,43,44) (S 61,44,37) (S 47,35,36) (S 6,10,9) (D 0,1,1)
 0 1 3 13477 17125  17 (D 0,1,1) (S 12,5,16) (S 18,16,20) (S 19,20,21) (S 28,21,26) (S 31,26,27) (S 33,27,28) (S 34,29,27) (S 29,26,8) (S 4,8,7) (S 17,7,19) (S 20,19,21) (S 23,21,23) (S 25,23,24) (S 26,24,25) (S 27,25,1) (D 0,1,1)
 0 1 4 14338 41934  11 (D 0,1,1) (S 124,86,85) (S 123,85,84) (S 125,84,87) (S 148,87,101) (S 162,101,112) (S 163,112,113) (S 168,112,99) (S 170,115,116) (S 3,7,6) (D 0,1,1)
 0 1 5 14091 41825  9 (D 0,1,1) (S 149,101,102) (S 150,102,103) (S 151,103,104) (S 152,104,105) (S 166,104,114) (S 164,114,113) (S 180,116,123) (D 0,1,1)
 0 1 6 14623 47029  13 (D 0,1,1) (S 182,124,123) (S 179,123,122) (S 153,106,105) (S 154,105,107) (S 157,108,109) (S 159,109,110) (S 158,109,107) (S 155,107,108) (S 156,108,106) (S 172,106,118) (S 229,121,155) (D 0,1,1)
 0 1 7 13487 25050  10 (D 0,1,1) (S 256,255,171) (S 252,170,120) (S 239,120,162) (S 238,162,156) (S 231,156,157) (S 230,156,155) (S 228,155,152) (S 223,152,151) (D 0,1,1)
 0 1 8 13899 33546  11 (D 0,1,1) (S 254,171,172) (S 255,172,173) (S 240,162,163) (S 249,167,168) (S 260,168,176) (S 261,176,177) (S 268,177,181) (S 269,181,182) (S 257,174,170) (D 0,1,1)
 0 1 9 14220 32982  11 (D 0,1,1) (S 253,171,170) (S 271,174,183) (S 272,183,179) (S 265,179,180) (S 266,180,177) (S 259,175,176) (S 250,168,163) (S 241,163,157) (S 232,157,154) (D 0,1,1)
 0 1 10 14321 31473  8 (D 0,1,1) (S 242,157,161) (S 237,161,159) (S 235,158,160) (S 236,160,159) (S 234,159,158) (S 233,158,154) (D 0,1,1)
 0 1 11 14655 48596  12 (D 0,1,1) (S 227,153,154) (S 245,161,165) (S 243,161,164) (S 251,164,169) (S 244,164,165) (S 246,165,166) (S 258,166,175) (S 262,175,177) (S 267,180,181) (S 270,182,174) (D 0,1,1)
 0 1 12 14642 46892  9 (D 0,1,1) (S 248,163,167) (S 247,167,166) (S 263,166,178) (S 264,178,179) (S 273,179,184) (S 277,185,253) (S 275,185,178) (D 0,1,1)
 0 1 13 14423 34584  6 (D 0,1,1) (S 176,120,119) (S 171,117,116) (S 183,124,125) (S 220,125,150) (D 0,1,1)
 0 1 14 14668 41463  9 (D 0,1,1) (S 222,255,150) (S 169,115,99) (S 133,92,93) (S 134,93,94) (S 139,95,3) (S 140,3,96) (S 141,96,97) (D 0,1,1)
 0 1 15 14686 37436  9 (D 0,1,1) (S 144,98,99) (S 132,91,92) (S 135,92,94) (S 136,94,68) (S 138,68,95) (S 137,95,94) (S 186,98,127) (D 0,1,1)
 0 1 16 14561 35141  9 (D 0,1,1) (S 219,150,126) (S 178,122,121) (S 177,121,117) (S 175,117,119) (S 174,119,118) (S 173,118,117) (S 181,122,124) (D 0,1,1)
 0 1 17 13830 22473  18 (D 0,1,1) (S 21,20,22) (S 24,22,24) (S 22,22,23) (S 32,23,28) (S 35,28,29) (S 39,29,31) (S 41,31,32) (S 42,32,33) (S 8,11,12) (S 49,12,36) (S 48,36,33) (S 43,33,30) (S 40,30,31) (S 36,29,9) (S 5,9,8) (S 15,6,18) (D 0,1,1)
 0 1 18 14329 32024  12 (D 0,1,1) (S 7,10,11) (S 44,11,33) (S 45,32,34) (S 56,41,34) (S 46,34,35) (S 50,35,37) (S 51,37,13) (S 62,14,44) (S 58,43,42) (S 57,42,39) (D 0,1,1)
 0 1 19 14658 37756  8 (D 0,1,1) (S 341,233,232) (S 336,229,223) (S 334,223,227) (S 335,227,228) (S 328,223,222) (S 373,222,247) (D 0,1,1)
 0 1 20 13883 25311  9 (D 0,1,1) (S 344,232,234) (S 342,234,233) (S 343,233,255) (S 30,255,7) (S 16,19,18) (S 14,18,17) (S 13,17,16) (D 0,1,1)
 0 1 21 14679 32425  15 (D 0,1,1) (S 205,141,140) (S 201,139,138) (S 202,138,129) (S 189,129,130) (S 199,130,137) (S 198,137,136) (S 211,146,145) (S 217,145,148) (S 216,148,149) (S 215,148,147) (S 214,135,147) (S 213,147,146) (S 212,146,136) (D 0,1,1)
 0 1 22 14518 37517  12 (D 0,1,1) (S 197,136,135) (S 196,135,133) (S 195,133,134) (S 194,133,132) (S 193,132,131) (S 192,132,100) (S 147,100,2) (S 146,96,100) (S 191,100,131) (S 190,131,130) (D 0,1,1)
 0 1 23 14025 36068  6 (D 0,1,1) (S 208,142,143) (S 209,143,144) (S 210,143,145) (S 200,137,138) (D 0,1,1)
 0 1 24 14646 35758  9 (D 0,1,1) (S 128,89,88) (S 127,88,86) (S 126,86,87) (S 160,102,111) (S 161,111,103) (S 165,111,114) (S 167,113,115) (D 0,1,1)
 0 1 25 14530 36608  13 (D 0,1,1) (S 340,232,231) (S 339,231,229) (S 371,250,247) (S 366,247,248) (S 368,248,249) (S 369,249,240) (S 353,240,241) (S 355,241,242) (S 356,242,192) (S 285,192,191) (S 281,188,174) (D 0,1,1)
 0 1 26 14525 43328  12 (D 0,1,1) (S 282,188,189) (S 283,189,190) (S 284,189,191) (S 286,191,193) (S 349,193,238) (S 348,238,236) (S 347,236,237) (S 346,236,235) (S 352,235,240) (S 370,249,250) (D 0,1,1)
 0 1 27 14432 38700  12 (D 0,1,1) (S 338,231,230) (S 345,230,235) (S 351,235,239) (S 350,239,238) (S 287,193,192) (S 357,242,243) (S 360,243,245) (S 367,245,248) (S 372,250,229) (S 337,229,230) (D 0,1,1)
 0 1 28 14501 48146  9 (D 0,1,1) (S 365,247,246) (S 318,215,213) (S 298,201,200) (S 297,200,199) (S 295,199,198) (S 291,197,195) (S 288,194,190) (D 0,1,1)
 0 1 29 14593 47639  11 (D 0,1,1) (S 289,194,195) (S 294,196,198) (S 293,198,197) (S 292,197,186) (S 279,186,187) (S 278,187,184) (S 274,184,185) (S 276,185,186) (S 280,187,188) (D 0,1,1)
 0 1 30 14687 36345  13 (D 0,1,1) (S 52,25,38) (S 105,74,73) (S 104,73,72) (S 103,72,71) (S 101,71,70) (S 102,70,63) (S 88,63,62) (S 87,62,61) (S 79,57,56) (S 76,53,55) (S 75,55,42) (D 0,1,1)
 0 1 31 14618 42576  15 (D 0,1,1) (S 72,53,52) (S 83,52,59) (S 84,59,60) (S 89,60,64) (S 90,64,65) (S 92,66,4) (S 94,4,48) (S 66,48,46) (S 68,46,49) (S 67,49,48) (S 93,4,50) (S 70,50,51) (S 71,51,52) (D 0,1,1)
 0 1 32 14667 47080  13 (D 0,1,1) (S 81,56,58) (S 95,64,67) (S 98,68,69) (S 99,69,70) (S 100,69,71) (S 119,71,82) (S 121,83,84) (S 122,84,80) (S 117,81,72) (S 108,73,75) (S 109,75,42) (D 0,1,1)
 0 1 33 13399 30166  13 (D 0,1,1) (S 54,39,40) (S 112,40,77) (S 111,77,76) (S 110,76,75) (S 107,75,74) (S 106,74,62) (S 86,61,57) (S 80,57,58) (S 78,56,53) (S 73,53,54) (S 77,54,44) (D 0,1,1)
 0 1 34 14391 38046  13 (D 0,1,1) (S 37,255,9) (S 38,10,30) (S 9,12,13) (S 10,13,14) (S 11,14,15) (S 63,15,45) (S 64,45,46) (S 65,46,47) (S 69,49,50) (S 85,51,60) (S 74,54,55) (D 0,1,1)
 0 1 35 14531 37801  10 (D 0,1,1) (S 143,99,91) (S 131,91,83) (S 120,83,82) (S 118,82,81) (S 116,81,80) (S 115,80,78) (S 114,78,79) (S 113,78,76) (D 0,1,1)
 0 1 36 14550 42506  8 (D 0,1,1) (S 145,98,97) (S 142,97,93) (S 97,68,67) (S 96,67,66) (S 91,66,65) (S 82,59,58) (D 0,1,1)
 0 1 37 14283 56644  6 (D 0,1,1) (S 330,225,222) (S 326,221,215) (S 320,214,216) (S 321,216,217) (D 0,1,1)
 0 1 38 14562 62411  9 (D 0,1,1) (S 325,216,219) (S 324,219,220) (S 323,219,218) (S 322,218,254) (S 374,254,212) (S 315,212,207) (S 309,207,205) (D 0,1,1)
 0 1 39 14467 65050  9 (D 0,1,1) (S 310,207,208) (S 311,208,209) (S 312,209,210) (S 313,210,211) (S 314,210,212) (S 375,254,217) (S 319,214,215) (D 0,1,1)
 0 1 40 14639 50953  11 (D 0,1,1) (S 364,246,215) (S 316,213,206) (S 308,206,205) (S 306,205,204) (S 302,204,203) (S 301,203,202) (S 300,202,201) (S 307,201,206) (S 317,213,214) (D 0,1,1)
 0 1 41 14555 60670  9 (D 0,1,1) (S 305,204,252) (S 304,252,251) (S 303,251,203) (S 299,202,200) (S 296,199,196) (S 290,196,195) (S 362,194,244) (D 0,1,1)
 0 1 42 14620 49173  12 (D 0,1,1) (S 354,239,241) (S 358,241,243) (S 359,243,244) (S 361,244,245) (S 363,245,246) (S 327,222,221) (S 329,221,224) (S 332,224,226) (S 331,224,225) (S 333,225,223) (D 0,1,1)
