1622950
42
1801912
1209757
 0 1 1 10257 10257  11 (D 0,1,1) (S 27,1,25) (S 26,25,24) (S 24,24,22) (S 22,22,23) (S 23,23,21) (S 19,21,20) (S 18,20,16) (S 12,16,5) (S 1,5,1) (D 0,1,1)
 0 1 2 14530 21821  21 (D 0,1,1) (S 2,5,6) (S 4,7,8) (S 29,8,26) (S 31,26,27) (S 34,27,29) (S 39,29,31) (S 41,31,32) (S 45,32,34) (S 46,34,35) (S 47,35,36) (S 48,36,33) (S 43,33,30) (S 38,30,10) (S 36,9,29) (S 35,29,28) (S 33,27,28) (S 32,28,23) (S 25,23,24) (S 21,22,20) (D 0,1,1)
 0 1 3 14656 29684  13 (D 0,1,1) (S 20,19,21) (S 28,21,26) (S 5,8,9) (S 7,10,11) (S 44,33,11) (S 8,11,12) (S 9,12,13) (S 51,37,13) (S 10,13,14) (S 62,14,44) (S 60,44,43) (D 0,1,1)
 0 1 4 14695 40176  13 (D 0,1,1) (S 58,42,43) (S 77,44,54) (S 73,54,53) (S 79,56,57) (S 88,62,63) (S 102,63,70) (S 100,69,71) (S 119,71,82) (S 120,82,83) (S 131,83,91) (S 169,99,115) (D 0,1,1)
 0 1 5 14536 41119  12 (D 0,1,1) (S 142,97,93) (S 137,94,95) (S 138,95,68) (S 136,68,94) (S 134,94,93) (S 133,93,92) (S 143,91,99) (S 168,99,112) (S 163,112,113) (S 170,115,116) (D 0,1,1)
 0 1 6 14624 31489  8 (D 0,1,1) (S 181,124,122) (S 177,121,117) (S 171,117,116) (S 180,116,123) (S 182,123,124) (S 184,125,126) (D 0,1,1)
 0 1 7 14529 36068  7 (D 0,1,1) (S 222,255,150) (S 201,139,138) (S 210,145,143) (S 209,143,144) (S 208,143,142) (D 0,1,1)
 0 1 8 14675 31534  14 (D 0,1,1) (S 207,141,142) (S 206,142,140) (S 200,138,137) (S 213,146,147) (S 214,135,147) (S 215,147,148) (S 216,148,149) (S 217,148,145) (S 211,145,146) (S 212,146,136) (S 198,136,137) (S 205,140,141) (D 0,1,1)
 0 1 9 14571 34948  14 (D 0,1,1) (S 221,150,151) (S 223,151,152) (S 230,155,156) (S 241,157,163) (S 248,163,167) (S 247,167,166) (S 258,166,175) (S 262,175,177) (S 268,177,181) (S 267,180,181) (S 269,181,182) (S 270,182,174) (D 0,1,1)
 0 1 10 14429 42928  9 (D 0,1,1) (S 271,174,183) (S 272,183,179) (S 273,179,184) (S 274,184,185) (S 277,185,253) (S 275,185,178) (S 263,178,166) (D 0,1,1)
 0 1 11 14436 43619  9 (D 0,1,1) (S 250,163,168) (S 261,176,177) (S 266,177,180) (S 265,180,179) (S 264,179,178) (S 276,185,186) (S 280,187,188) (D 0,1,1)
 0 1 12 14446 37767  11 (D 0,1,1) (S 281,174,188) (S 284,189,191) (S 286,191,193) (S 287,193,192) (S 357,242,243) (S 360,243,245) (S 367,245,248) (S 366,248,247) (S 371,247,250) (D 0,1,1)
 0 1 13 14685 39026  9 (D 0,1,1) (S 373,247,222) (S 330,222,225) (S 326,221,215) (S 364,215,246) (S 365,246,247) (S 372,250,229) (S 340,231,232) (D 0,1,1)
 0 1 14 14602 39038  8 (D 0,1,1) (S 13,16,17) (S 15,18,6) (S 176,120,119) (S 175,117,119) (S 174,119,118) (S 173,118,117) (D 0,1,1)
 0 1 15 14524 48816  13 (D 0,1,1) (S 172,118,106) (S 153,106,105) (S 158,107,109) (S 159,109,110) (S 157,109,108) (S 156,108,106) (S 155,108,107) (S 154,107,105) (S 152,105,104) (S 166,104,114) (S 164,114,113) (D 0,1,1)
 0 1 16 14646 37643  10 (D 0,1,1) (S 126,86,87) (S 125,87,84) (S 121,84,83) (S 118,82,81) (S 116,81,80) (S 115,80,78) (S 114,78,79) (S 113,78,76) (D 0,1,1)
 0 1 17 14330 23452  9 (D 0,1,1) (S 57,39,42) (S 109,42,75) (S 110,75,76) (S 111,76,77) (S 112,77,40) (S 54,40,39) (S 53,39,38) (D 0,1,1)
 0 1 18 14667 29418  7 (D 0,1,1) (S 55,39,41) (S 59,41,43) (S 61,44,37) (S 50,37,35) (S 56,34,41) (D 0,1,1)
 0 1 19 14628 43140  15 (D 0,1,1) (S 85,60,51) (S 93,50,4) (S 66,48,46) (S 65,46,47) (S 68,46,49) (S 64,46,45) (S 63,45,15) (S 11,15,14) (S 49,12,36) (S 42,33,32) (S 40,31,30) (S 6,10,9) (S 37,9,255) (D 0,1,1)
 0 1 20 14637 37773  11 (D 0,1,1) (S 341,233,232) (S 337,229,230) (S 345,230,235) (S 350,239,238) (S 349,238,193) (S 348,238,236) (S 347,236,237) (S 346,236,235) (S 338,230,231) (D 0,1,1)
 0 1 21 13854 41460  14 (D 0,1,1) (S 333,223,225) (S 331,225,224) (S 332,224,226) (S 329,224,221) (S 327,221,222) (S 328,222,223) (S 334,223,227) (S 335,227,228) (S 336,223,229) (S 17,7,19) (S 16,19,18) (S 14,18,17) (D 0,1,1)
 0 1 22 14505 36467  11 (D 0,1,1) (S 352,240,235) (S 351,235,239) (S 354,239,241) (S 355,241,242) (S 356,242,192) (S 285,192,191) (S 282,189,188) (S 257,174,170) (S 256,171,255) (D 0,1,1)
 0 1 23 13414 28095  7 (D 0,1,1) (S 129,89,90) (S 130,89,255) (S 343,255,233) (S 344,232,234) (S 342,234,233) (D 0,1,1)
 0 1 24 14193 45401  12 (D 0,1,1) (S 128,89,88) (S 148,87,101) (S 150,102,103) (S 165,111,114) (S 151,104,103) (S 161,103,111) (S 160,111,102) (S 149,102,101) (S 162,101,112) (S 167,113,115) (D 0,1,1)
 0 1 25 14698 35272  9 (D 0,1,1) (S 127,88,86) (S 124,86,85) (S 123,85,84) (S 122,84,80) (S 117,81,72) (S 105,73,74) (S 107,74,75) (D 0,1,1)
 0 1 26 14700 39629  12 (D 0,1,1) (S 76,55,53) (S 83,52,59) (S 89,60,64) (S 95,64,67) (S 96,67,66) (S 91,66,65) (S 82,59,58) (S 81,58,56) (S 74,54,55) (S 75,55,42) (D 0,1,1)
 0 1 27 14333 42857  11 (D 0,1,1) (S 78,53,56) (S 84,59,60) (S 97,67,68) (S 98,68,69) (S 99,69,70) (S 101,70,71) (S 103,71,72) (S 104,72,73) (S 108,73,75) (D 0,1,1)
 0 1 28 14201 32529  12 (D 0,1,1) (S 186,127,98) (S 145,98,97) (S 141,97,96) (S 146,96,100) (S 147,100,2) (S 192,132,100) (S 191,100,131) (S 189,130,129) (S 203,128,139) (S 204,139,140) (D 0,1,1)
 0 1 29 14446 24458  10 (D 0,1,1) (S 3,6,7) (S 220,150,125) (S 224,125,152) (S 228,152,155) (S 229,155,121) (S 178,121,122) (S 179,122,123) (S 183,124,125) (D 0,1,1)
 0 1 30 14623 30924  8 (D 0,1,1) (S 226,152,153) (S 242,157,161) (S 237,161,159) (S 236,159,160) (S 235,160,158) (S 233,158,154) (D 0,1,1)
 0 1 31 14489 47077  12 (D 0,1,1) (S 234,158,159) (S 244,165,164) (S 251,164,169) (S 243,164,161) (S 245,161,165) (S 246,165,166) (S 259,175,176) (S 260,176,168) (S 249,168,167) (S 240,163,162) (D 0,1,1)
 0 1 32 14428 26082  12 (D 0,1,1) (S 255,172,173) (S 254,172,171) (S 253,171,170) (S 252,170,120) (S 239,120,162) (S 238,162,156) (S 231,156,157) (S 232,157,154) (S 227,154,153) (S 225,153,151) (D 0,1,1)
 0 1 33 14496 27174  16 (D 0,1,1) (S 218,150,141) (S 199,137,130) (S 190,130,131) (S 193,131,132) (S 194,132,133) (S 195,133,134) (S 196,133,135) (S 197,135,136) (S 202,138,129) (S 188,129,128) (S 187,128,127) (S 185,127,126) (S 219,126,150) (S 30,255,7) (D 0,1,1)
 0 1 34 14664 42079  15 (D 0,1,1) (S 52,25,38) (S 106,74,62) (S 87,62,61) (S 86,61,57) (S 80,57,58) (S 90,64,65) (S 92,66,4) (S 94,4,48) (S 67,48,49) (S 69,49,50) (S 70,50,51) (S 71,51,52) (S 72,52,53) (D 0,1,1)
 0 1 35 14180 41253  7 (D 0,1,1) (S 140,96,3) (S 139,3,95) (S 135,94,92) (S 132,92,91) (S 144,99,98) (D 0,1,1)
 0 1 36 14674 50062  13 (D 0,1,1) (S 283,189,190) (S 288,190,194) (S 289,194,195) (S 291,195,197) (S 293,197,198) (S 294,198,196) (S 297,199,200) (S 299,200,202) (S 298,200,201) (S 316,206,213) (S 318,213,215) (D 0,1,1)
 0 1 37 14452 66004  9 (D 0,1,1) (S 317,214,213) (S 310,207,208) (S 311,208,209) (S 312,209,210) (S 313,210,211) (S 314,210,212) (S 375,254,217) (D 0,1,1)
 0 1 38 14594 60134  9 (D 0,1,1) (S 320,214,216) (S 325,216,219) (S 324,219,220) (S 323,219,218) (S 322,218,254) (S 374,212,254) (S 319,214,215) (D 0,1,1)
 0 1 39 14216 40566  9 (D 0,1,1) (S 363,246,245) (S 361,245,244) (S 359,244,243) (S 358,243,241) (S 353,241,240) (S 369,240,249) (S 370,249,250) (D 0,1,1)
 0 1 40 14632 46454  11 (D 0,1,1) (S 339,231,229) (S 368,249,248) (S 362,244,194) (S 290,195,196) (S 296,196,199) (S 295,199,198) (S 292,197,186) (S 279,186,187) (S 278,187,184) (D 0,1,1)
 0 1 41 14663 57128  9 (D 0,1,1) (S 300,201,202) (S 303,203,251) (S 304,251,252) (S 305,252,204) (S 302,204,203) (S 301,203,202) (S 307,201,206) (D 0,1,1)
 0 1 42 14670 62129  7 (D 0,1,1) (S 308,206,205) (S 306,204,205) (S 309,205,207) (S 315,207,212) (S 321,217,216) (D 0,1,1)
