1618932
42
2655312
1852406
 0 1 1 9745 9745  10 (D 0,1,1) (S 1,1,5) (S 12,5,16) (S 18,16,20) (S 19,20,21) (S 23,21,23) (S 25,23,24) (S 26,24,25) (S 27,25,1) (D 0,1,1)
 0 1 2 14626 24411  11 (D 0,1,1) (S 52,25,38) (S 53,38,39) (S 57,39,42) (S 58,42,43) (S 59,43,41) (S 56,41,34) (S 46,34,35) (S 47,35,36) (S 38,30,10) (D 0,1,1)
 0 1 3 14694 44353  9 (D 0,1,1) (S 169,115,99) (S 168,99,112) (S 162,112,101) (S 150,102,103) (S 151,103,104) (S 153,105,106) (S 173,118,117) (D 0,1,1)
 0 1 4 14665 36010  12 (D 0,1,1) (S 238,156,162) (S 240,162,163) (S 250,163,168) (S 260,168,176) (S 261,176,177) (S 268,177,181) (S 267,181,180) (S 265,180,179) (S 272,179,183) (S 271,183,174) (D 0,1,1)
 0 1 5 14487 37545  12 (D 0,1,1) (S 281,174,188) (S 285,191,192) (S 356,242,192) (S 287,192,193) (S 349,193,238) (S 348,238,236) (S 347,236,237) (S 346,236,235) (S 345,235,230) (S 340,231,232) (D 0,1,1)
 0 1 6 14586 43982  10 (D 0,1,1) (S 339,231,229) (S 369,249,240) (S 352,240,235) (S 354,239,241) (S 355,241,242) (S 357,242,243) (S 360,243,245) (S 363,245,246) (D 0,1,1)
 0 1 7 14594 60134  9 (D 0,1,1) (S 319,215,214) (S 374,212,254) (S 322,254,218) (S 323,218,219) (S 324,219,220) (S 325,219,216) (S 320,216,214) (D 0,1,1)
 0 1 8 14663 57128  9 (D 0,1,1) (S 307,206,201) (S 301,202,203) (S 303,203,251) (S 304,251,252) (S 305,252,204) (S 302,204,203) (S 300,202,201) (D 0,1,1)
 0 1 9 14670 62129  7 (D 0,1,1) (S 321,216,217) (S 315,212,207) (S 309,207,205) (S 306,204,205) (S 308,205,206) (D 0,1,1)
 0 1 10 14504 46250  13 (D 0,1,1) (S 172,118,106) (S 156,106,108) (S 157,108,109) (S 159,109,110) (S 158,109,107) (S 155,107,108) (S 154,107,105) (S 152,105,104) (S 166,104,114) (S 167,113,115) (S 170,115,116) (D 0,1,1)
 0 1 11 14617 36802  10 (D 0,1,1) (S 128,89,88) (S 124,86,85) (S 123,85,84) (S 122,84,80) (S 116,80,81) (S 115,80,78) (S 114,78,79) (S 113,78,76) (D 0,1,1)
 0 1 12 14594 36918  10 (D 0,1,1) (S 127,88,86) (S 148,87,101) (S 149,101,102) (S 160,102,111) (S 161,111,103) (S 165,111,114) (S 164,114,113) (S 163,112,113) (D 0,1,1)
 0 1 13 14592 33670  13 (D 0,1,1) (S 3,6,7) (S 256,255,171) (S 257,170,174) (S 270,174,182) (S 269,182,181) (S 266,180,177) (S 262,177,175) (S 258,166,175) (S 259,175,176) (S 249,168,167) (S 239,162,120) (D 0,1,1)
 0 1 14 14581 31344  6 (D 0,1,1) (S 181,124,122) (S 177,121,117) (S 176,119,120) (S 252,120,170) (D 0,1,1)
 0 1 15 14492 41253  7 (D 0,1,1) (S 140,96,3) (S 139,3,95) (S 135,94,92) (S 143,91,99) (S 144,99,98) (D 0,1,1)
 0 1 16 14334 38400  10 (D 0,1,1) (S 341,233,232) (S 336,229,223) (S 335,227,228) (S 334,227,223) (S 328,223,222) (S 327,221,222) (S 330,222,225) (S 333,225,223) (D 0,1,1)
 0 1 17 14642 41314  9 (D 0,1,1) (S 373,247,222) (S 331,225,224) (S 332,224,226) (S 329,224,221) (S 326,221,215) (S 365,246,247) (S 371,247,250) (D 0,1,1)
 0 1 18 14664 48574  13 (D 0,1,1) (S 368,249,248) (S 362,244,194) (S 291,195,197) (S 293,197,198) (S 295,198,199) (S 297,199,200) (S 299,200,202) (S 298,200,201) (S 316,206,213) (S 318,213,215) (S 364,215,246) (D 0,1,1)
 0 1 19 14665 38179  12 (D 0,1,1) (S 338,231,230) (S 337,230,229) (S 372,229,250) (S 366,247,248) (S 367,248,245) (S 361,245,244) (S 359,244,243) (S 358,243,241) (S 353,241,240) (S 370,249,250) (D 0,1,1)
 0 1 20 14452 66004  9 (D 0,1,1) (S 317,214,213) (S 310,207,208) (S 311,208,209) (S 312,209,210) (S 313,210,211) (S 314,210,212) (S 375,254,217) (D 0,1,1)
 0 1 21 14672 46978  8 (D 0,1,1) (S 78,53,56) (S 82,58,59) (S 95,64,67) (S 96,66,67) (S 97,67,68) (S 136,68,94) (D 0,1,1)
 0 1 22 14593 36146  12 (D 0,1,1) (S 133,93,92) (S 132,92,91) (S 131,91,83) (S 120,83,82) (S 118,82,81) (S 117,81,72) (S 104,72,73) (S 108,73,75) (S 110,75,76) (S 111,76,77) (D 0,1,1)
 0 1 23 14691 39884  13 (D 0,1,1) (S 142,97,93) (S 134,93,94) (S 137,94,95) (S 138,95,68) (S 98,68,69) (S 101,70,71) (S 103,71,72) (S 105,73,74) (S 107,74,75) (S 112,77,40) (S 54,40,39) (D 0,1,1)
 0 1 24 14167 24458  10 (D 0,1,1) (S 220,150,125) (S 224,125,152) (S 228,152,155) (S 229,155,121) (S 178,121,122) (S 179,122,123) (S 182,123,124) (S 183,124,125) (D 0,1,1)
 0 1 25 14625 30865  11 (D 0,1,1) (S 29,8,26) (S 33,27,28) (S 41,31,32) (S 45,32,34) (S 50,35,37) (S 10,13,14) (S 62,14,44) (S 60,44,43) (S 55,41,39) (D 0,1,1)
 0 1 26 13661 20069  22 (D 0,1,1) (S 13,16,17) (S 14,17,18) (S 16,18,19) (S 20,19,21) (S 28,21,26) (S 31,26,27) (S 34,27,29) (S 39,29,31) (S 40,31,30) (S 43,30,33) (S 42,32,33) (S 44,33,11) (S 7,11,10) (S 6,10,9) (S 36,9,29) (S 35,29,28) (S 32,28,23) (S 22,23,22) (S 24,22,24) (S 21,22,20) (D 0,1,1)
 0 1 27 14405 28095  8 (D 0,1,1) (S 342,233,234) (S 344,234,232) (S 343,233,255) (S 129,89,90) (S 130,89,255) (S 30,255,7) (D 0,1,1)
 0 1 28 14637 32243  14 (D 0,1,1) (S 219,150,126) (S 186,127,98) (S 145,98,97) (S 141,97,96) (S 146,96,100) (S 147,100,2) (S 192,100,132) (S 193,132,131) (S 199,130,137) (S 202,138,129) (S 188,129,128) (S 203,128,139) (D 0,1,1)
 0 1 29 13187 29529  12 (D 0,1,1) (S 198,137,136) (S 213,146,147) (S 196,135,133) (S 195,133,134) (S 194,133,132) (S 191,100,131) (S 190,131,130) (S 189,130,129) (S 187,128,127) (S 185,127,126) (D 0,1,1)
 0 1 30 14430 29465  15 (D 0,1,1) (S 222,255,150) (S 218,150,141) (S 207,141,142) (S 206,142,140) (S 200,138,137) (S 211,146,145) (S 217,145,148) (S 216,148,149) (S 215,148,147) (S 214,147,135) (S 197,135,136) (S 204,139,140) (S 205,140,141) (D 0,1,1)
 0 1 31 14656 36068  7 (D 0,1,1) (S 208,142,143) (S 209,143,144) (S 210,143,145) (S 212,146,136) (S 201,138,139) (D 0,1,1)
 0 1 32 14682 45193  12 (D 0,1,1) (S 226,152,153) (S 241,157,163) (S 248,163,167) (S 247,167,166) (S 246,166,165) (S 243,161,164) (S 251,164,169) (S 244,164,165) (S 245,165,161) (S 234,159,158) (D 0,1,1)
 0 1 33 13987 30805  7 (D 0,1,1) (S 233,154,158) (S 235,158,160) (S 236,160,159) (S 237,159,161) (S 242,161,157) (D 0,1,1)
 0 1 34 14612 44773  11 (D 0,1,1) (S 264,179,178) (S 276,185,186) (S 279,186,187) (S 280,187,188) (S 282,188,189) (S 284,189,191) (S 286,191,193) (S 350,238,239) (S 351,239,235) (D 0,1,1)
 0 1 35 14479 47942  10 (D 0,1,1) (S 278,184,187) (S 292,186,197) (S 294,198,196) (S 296,196,199) (S 290,196,195) (S 289,195,194) (S 288,194,190) (S 283,190,189) (D 0,1,1)
 0 1 36 14617 45560  10 (D 0,1,1) (S 254,171,172) (S 255,172,173) (S 253,171,170) (S 273,179,184) (S 274,184,185) (S 277,185,253) (S 275,185,178) (S 263,178,166) (D 0,1,1)
 0 1 37 14368 24867  15 (D 0,1,1) (S 2,5,6) (S 4,7,8) (S 5,8,9) (S 37,9,255) (S 223,151,152) (S 230,155,156) (S 231,156,157) (S 232,157,154) (S 227,154,153) (S 225,153,151) (S 221,151,150) (S 17,7,19) (S 15,18,6) (D 0,1,1)
 0 1 38 14312 42125  15 (D 0,1,1) (S 48,33,36) (S 49,36,12) (S 9,12,13) (S 11,14,15) (S 63,15,45) (S 64,45,46) (S 65,46,47) (S 66,46,48) (S 94,4,48) (S 67,48,49) (S 68,46,49) (S 69,49,50) (S 71,51,52) (D 0,1,1)
 0 1 39 14639 33591  10 (D 0,1,1) (S 109,42,75) (S 106,74,62) (S 80,57,58) (S 73,53,54) (S 77,54,44) (S 61,44,37) (S 51,37,13) (S 8,12,11) (D 0,1,1)
 0 1 40 14628 38497  15 (D 0,1,1) (S 74,55,54) (S 81,56,58) (S 84,59,60) (S 85,60,51) (S 70,51,50) (S 93,50,4) (S 92,4,66) (S 91,66,65) (S 90,65,64) (S 89,64,60) (S 83,59,52) (S 72,52,53) (S 76,53,55) (D 0,1,1)
 0 1 41 14685 39253  14 (D 0,1,1) (S 126,86,87) (S 125,87,84) (S 121,84,83) (S 119,82,71) (S 100,71,69) (S 99,69,70) (S 102,70,63) (S 88,63,62) (S 87,62,61) (S 86,61,57) (S 79,57,56) (S 75,55,42) (D 0,1,1)
 0 1 42 14628 38381  7 (D 0,1,1) (S 175,117,119) (S 174,119,118) (S 171,117,116) (S 180,116,123) (S 184,125,126) (D 0,1,1)
