1623207
42
2400156
1977647
 0 1 1 14383 24157  11 (D 0,1,1) (S 219,150,126) (S 184,126,125) (S 183,125,124) (S 182,124,123) (S 179,123,122) (S 178,122,121) (S 229,121,155) (S 228,155,152) (S 223,152,151) (D 0,1,1)
 0 1 2 14493 48584  11 (D 0,1,1) (S 166,114,104) (S 154,105,107) (S 158,107,109) (S 159,109,110) (S 157,109,108) (S 155,107,108) (S 156,108,106) (S 172,106,118) (S 174,118,119) (D 0,1,1)
 0 1 3 13503 30535  14 (D 0,1,1) (S 222,255,150) (S 198,137,136) (S 197,136,135) (S 196,135,133) (S 195,133,134) (S 194,133,132) (S 147,100,2) (S 192,100,132) (S 193,132,131) (S 190,131,130) (S 189,130,129) (S 203,128,139) (D 0,1,1)
 0 1 4 14026 27682  11 (D 0,1,1) (S 185,126,127) (S 186,127,98) (S 141,97,96) (S 146,96,100) (S 191,100,131) (S 199,130,137) (S 201,138,139) (S 204,139,140) (S 205,140,141) (D 0,1,1)
 0 1 5 14417 24321  12 (D 0,1,1) (S 220,150,125) (S 224,125,152) (S 226,152,153) (S 227,153,154) (S 232,154,157) (S 231,157,156) (S 238,156,162) (S 239,162,120) (S 252,120,170) (S 256,171,255) (D 0,1,1)
 0 1 6 14342 18379  19 (D 0,1,1) (S 27,1,25) (S 26,25,24) (S 25,24,23) (S 32,23,28) (S 34,27,29) (S 35,29,28) (S 33,28,27) (S 31,27,26) (S 28,26,21) (S 23,21,23) (S 22,23,22) (S 24,22,24) (S 21,22,20) (S 20,21,19) (S 16,19,18) (S 14,18,17) (S 13,17,16) (D 0,1,1)
 0 1 7 14633 39643  12 (D 0,1,1) (S 338,231,230) (S 345,230,235) (S 346,235,236) (S 347,236,237) (S 348,236,238) (S 349,238,193) (S 350,238,239) (S 351,239,235) (S 352,235,240) (S 369,240,249) (D 0,1,1)
 0 1 8 13573 33634  10 (D 0,1,1) (S 52,25,38) (S 54,39,40) (S 113,76,78) (S 114,78,79) (S 115,78,80) (S 105,73,74) (S 107,74,75) (S 109,75,42) (D 0,1,1)
 0 1 9 14366 25994  13 (D 0,1,1) (S 57,39,42) (S 58,42,43) (S 60,43,44) (S 61,44,37) (S 51,37,13) (S 9,13,12) (S 49,12,36) (S 46,35,34) (S 42,32,33) (S 44,33,11) (S 7,11,10) (D 0,1,1)
 0 1 10 14695 28100  11 (D 0,1,1) (S 37,255,9) (S 38,10,30) (S 43,30,33) (S 48,33,36) (S 47,36,35) (S 50,35,37) (S 10,13,14) (S 62,14,44) (S 59,43,41) (D 0,1,1)
 0 1 11 14194 22690  14 (D 0,1,1) (S 55,39,41) (S 56,41,34) (S 45,34,32) (S 41,32,31) (S 40,31,30) (S 39,31,29) (S 36,29,9) (S 5,9,8) (S 29,8,26) (S 19,21,20) (S 18,20,16) (S 12,16,5) (D 0,1,1)
 0 1 12 14666 42172  11 (D 0,1,1) (S 129,89,90) (S 148,87,101) (S 150,102,103) (S 151,103,104) (S 152,104,105) (S 153,105,106) (S 173,118,117) (S 177,117,121) (S 181,122,124) (D 0,1,1)
 0 1 13 14619 37216  8 (D 0,1,1) (S 2,5,6) (S 254,171,172) (S 255,172,173) (S 176,120,119) (S 175,119,117) (S 171,117,116) (D 0,1,1)
 0 1 14 14493 36417  10 (D 0,1,1) (S 142,97,93) (S 133,93,92) (S 137,94,95) (S 135,94,92) (S 132,92,91) (S 143,91,99) (S 169,99,115) (S 180,116,123) (D 0,1,1)
 0 1 15 14343 41756  11 (D 0,1,1) (S 253,171,170) (S 283,189,190) (S 288,190,194) (S 289,194,195) (S 290,195,196) (S 294,196,198) (S 293,198,197) (S 292,197,186) (S 280,187,188) (D 0,1,1)
 0 1 16 14632 40998  11 (D 0,1,1) (S 271,174,183) (S 278,184,187) (S 279,187,186) (S 276,186,185) (S 275,185,178) (S 264,178,179) (S 265,179,180) (S 267,180,181) (S 269,181,182) (D 0,1,1)
 0 1 17 14469 43390  9 (D 0,1,1) (S 272,183,179) (S 273,179,184) (S 274,184,185) (S 277,185,253) (S 263,178,166) (S 248,167,163) (S 240,163,162) (D 0,1,1)
 0 1 18 14633 36138  14 (D 0,1,1) (S 270,174,182) (S 266,180,177) (S 261,177,176) (S 260,168,176) (S 259,176,175) (S 258,175,166) (S 247,166,167) (S 249,167,168) (S 250,168,163) (S 241,163,157) (S 230,156,155) (S 30,255,7) (D 0,1,1)
 0 1 19 14620 35728  9 (D 0,1,1) (S 233,154,158) (S 235,158,160) (S 236,160,159) (S 237,159,161) (S 246,165,166) (S 262,175,177) (S 268,177,181) (D 0,1,1)
 0 1 20 14690 34765  11 (D 0,1,1) (S 353,240,241) (S 355,241,242) (S 356,242,192) (S 287,192,193) (S 286,193,191) (S 284,191,189) (S 282,189,188) (S 281,188,174) (S 257,174,170) (D 0,1,1)
 0 1 21 14652 41540  13 (D 0,1,1) (S 77,44,54) (S 79,56,57) (S 88,62,63) (S 102,63,70) (S 99,69,70) (S 101,70,71) (S 119,71,82) (S 121,83,84) (S 125,84,87) (S 126,87,86) (S 128,88,89) (D 0,1,1)
 0 1 22 14673 34740  9 (D 0,1,1) (S 117,72,81) (S 116,81,80) (S 122,80,84) (S 123,84,85) (S 124,85,86) (S 127,86,88) (S 130,89,255) (D 0,1,1)
 0 1 23 14406 40761  9 (D 0,1,1) (S 285,191,192) (S 357,242,243) (S 360,243,245) (S 363,245,246) (S 365,246,247) (S 371,247,250) (S 337,229,230) (D 0,1,1)
 0 1 24 14266 33496  11 (D 0,1,1) (S 339,231,229) (S 330,225,222) (S 373,222,247) (S 366,247,248) (S 368,248,249) (S 370,249,250) (S 372,250,229) (S 341,232,233) (S 3,7,6) (D 0,1,1)
 0 1 25 14607 46834  9 (D 0,1,1) (S 367,248,245) (S 295,198,199) (S 296,199,196) (S 362,194,244) (S 359,244,243) (S 358,243,241) (S 354,241,239) (D 0,1,1)
 0 1 26 14528 65050  9 (D 0,1,1) (S 310,207,208) (S 311,208,209) (S 312,209,210) (S 313,210,211) (S 314,210,212) (S 375,254,217) (S 364,215,246) (D 0,1,1)
 0 1 27 14504 29437  13 (D 0,1,1) (S 112,40,77) (S 111,77,76) (S 110,76,75) (S 106,74,62) (S 87,62,61) (S 86,61,57) (S 80,57,58) (S 73,53,54) (S 74,54,55) (S 75,55,42) (S 53,39,38) (D 0,1,1)
 0 1 28 14563 42291  15 (D 0,1,1) (S 76,55,53) (S 85,60,51) (S 69,50,49) (S 67,49,48) (S 94,4,48) (S 66,48,46) (S 65,46,47) (S 68,46,49) (S 64,46,45) (S 63,45,15) (S 11,15,14) (S 8,12,11) (S 6,10,9) (D 0,1,1)
 0 1 29 14614 39593  13 (D 0,1,1) (S 72,53,52) (S 83,52,59) (S 89,60,64) (S 95,64,67) (S 96,67,66) (S 91,66,65) (S 90,65,64) (S 84,60,59) (S 82,59,58) (S 81,58,56) (S 78,56,53) (D 0,1,1)
 0 1 30 14417 45655  9 (D 0,1,1) (S 71,52,51) (S 70,51,50) (S 93,50,4) (S 92,4,66) (S 97,67,68) (S 136,68,94) (S 134,94,93) (D 0,1,1)
 0 1 31 14647 42582  9 (D 0,1,1) (S 103,72,71) (S 100,71,69) (S 98,69,68) (S 138,68,95) (S 139,95,3) (S 140,3,96) (S 145,97,98) (D 0,1,1)
 0 1 32 13018 36508  8 (D 0,1,1) (S 108,75,73) (S 104,73,72) (S 118,81,82) (S 120,82,83) (S 131,83,91) (S 144,99,98) (D 0,1,1)
 0 1 33 13728 40688  12 (D 0,1,1) (S 333,223,225) (S 331,225,224) (S 332,224,226) (S 329,224,221) (S 327,221,222) (S 328,222,223) (S 335,227,228) (S 334,227,223) (S 336,223,229) (S 340,231,232) (D 0,1,1)
 0 1 34 14539 51313  12 (D 0,1,1) (S 361,245,244) (S 291,195,197) (S 297,199,200) (S 299,200,202) (S 300,202,201) (S 298,200,201) (S 307,201,206) (S 316,206,213) (S 318,213,215) (S 326,215,221) (D 0,1,1)
 0 1 35 14670 62129  7 (D 0,1,1) (S 308,206,205) (S 306,204,205) (S 309,205,207) (S 315,207,212) (S 321,217,216) (D 0,1,1)
 0 1 36 14594 60134  9 (D 0,1,1) (S 320,214,216) (S 374,212,254) (S 322,254,218) (S 323,218,219) (S 324,219,220) (S 325,219,216) (S 319,214,215) (D 0,1,1)
 0 1 37 14628 58082  8 (D 0,1,1) (S 303,203,251) (S 304,251,252) (S 305,252,204) (S 302,204,203) (S 301,203,202) (S 317,213,214) (D 0,1,1)
 0 1 38 14428 25367  8 (D 0,1,1) (S 1,1,5) (S 15,6,18) (S 17,19,7) (S 343,255,233) (S 342,233,234) (S 344,234,232) (D 0,1,1)
 0 1 39 13536 40889  12 (D 0,1,1) (S 170,116,115) (S 167,115,113) (S 163,113,112) (S 162,112,101) (S 149,101,102) (S 160,102,111) (S 161,111,103) (S 165,111,114) (S 164,114,113) (S 168,112,99) (D 0,1,1)
 0 1 40 14397 34232  16 (D 0,1,1) (S 4,7,8) (S 207,141,142) (S 206,142,140) (S 200,138,137) (S 212,136,146) (S 211,146,145) (S 217,145,148) (S 216,148,149) (S 215,148,147) (S 214,135,147) (S 213,147,146) (S 202,138,129) (S 188,129,128) (S 187,128,127) (D 0,1,1)
 0 1 41 14348 36068  6 (D 0,1,1) (S 218,150,141) (S 210,145,143) (S 209,143,144) (S 208,143,142) (D 0,1,1)
 0 1 42 14675 43519  10 (D 0,1,1) (S 221,150,151) (S 225,151,153) (S 234,158,159) (S 243,161,164) (S 251,164,169) (S 244,164,165) (S 245,165,161) (S 242,161,157) (D 0,1,1)
