1618302
42
1801880
1741345
 0 1 1 14262 34304  10 (D 0,1,1) (S 336,229,223) (S 328,223,222) (S 329,221,224) (S 332,224,226) (S 331,224,225) (S 330,225,222) (S 373,222,247) (S 341,232,233) (D 0,1,1)
 0 1 2 13720 26586  10 (D 0,1,1) (S 52,25,38) (S 54,39,40) (S 112,40,77) (S 111,77,76) (S 110,76,75) (S 109,75,42) (S 58,42,43) (S 59,43,41) (D 0,1,1)
 0 1 3 14655 43745  13 (D 0,1,1) (S 57,39,42) (S 73,54,53) (S 71,52,51) (S 93,50,4) (S 66,48,46) (S 65,46,47) (S 68,46,49) (S 67,49,48) (S 94,48,4) (S 92,4,66) (S 82,59,58) (D 0,1,1)
 0 1 4 14682 43161  10 (D 0,1,1) (S 74,55,54) (S 78,53,56) (S 90,64,65) (S 91,65,66) (S 96,66,67) (S 95,67,64) (S 80,58,57) (S 106,62,74) (D 0,1,1)
 0 1 5 14651 38070  10 (D 0,1,1) (S 107,75,74) (S 105,74,73) (S 104,73,72) (S 117,72,81) (S 122,80,84) (S 121,84,83) (S 131,83,91) (S 144,99,98) (D 0,1,1)
 0 1 6 14645 31608  15 (D 0,1,1) (S 186,127,98) (S 145,98,97) (S 141,97,96) (S 146,96,100) (S 147,100,2) (S 191,100,131) (S 199,130,137) (S 201,138,139) (S 204,139,140) (S 218,141,150) (S 15,6,18) (S 14,18,17) (S 13,17,16) (D 0,1,1)
 0 1 7 10202 13058  12 (D 0,1,1) (S 18,16,20) (S 19,20,21) (S 28,21,26) (S 29,26,8) (S 17,7,19) (S 20,19,21) (S 23,21,23) (S 25,23,24) (S 26,24,25) (S 27,25,1) (D 0,1,1)
 0 1 8 14683 27502  13 (D 0,1,1) (S 30,7,255) (S 222,255,150) (S 225,151,153) (S 241,157,163) (S 240,163,162) (S 239,162,120) (S 252,120,170) (S 253,170,171) (S 255,172,173) (S 254,172,171) (S 256,171,255) (D 0,1,1)
 0 1 9 13416 23706  10 (D 0,1,1) (S 223,151,152) (S 229,155,121) (S 178,121,122) (S 179,122,123) (S 182,123,124) (S 183,124,125) (S 220,125,150) (S 1,5,1) (D 0,1,1)
 0 1 10 14685 31473  9 (D 0,1,1) (S 221,150,151) (S 233,154,158) (S 234,158,159) (S 236,159,160) (S 235,160,158) (S 237,159,161) (S 242,161,157) (D 0,1,1)
 0 1 11 14533 46887  12 (D 0,1,1) (S 248,163,167) (S 247,167,166) (S 244,165,164) (S 251,164,169) (S 243,164,161) (S 245,161,165) (S 246,165,166) (S 258,166,175) (S 259,175,176) (S 250,168,163) (D 0,1,1)
 0 1 12 14577 33601  10 (D 0,1,1) (S 272,183,179) (S 265,179,180) (S 266,180,177) (S 268,177,181) (S 267,180,181) (S 269,181,182) (S 270,182,174) (S 257,174,170) (D 0,1,1)
 0 1 13 14650 38054  9 (D 0,1,1) (S 281,174,188) (S 280,188,187) (S 279,187,186) (S 276,186,185) (S 275,185,178) (S 264,178,179) (S 271,183,174) (D 0,1,1)
 0 1 14 14168 46530  10 (D 0,1,1) (S 249,167,168) (S 260,168,176) (S 261,176,177) (S 262,177,175) (S 263,166,178) (S 277,185,253) (S 274,185,184) (S 273,184,179) (D 0,1,1)
 0 1 15 13942 27674  13 (D 0,1,1) (S 130,255,89) (S 129,89,90) (S 128,88,89) (S 184,126,125) (S 224,125,152) (S 228,152,155) (S 230,155,156) (S 231,156,157) (S 232,157,154) (S 227,154,153) (S 226,153,152) (D 0,1,1)
 0 1 16 14558 30144  10 (D 0,1,1) (S 37,255,9) (S 48,33,36) (S 50,35,37) (S 51,37,13) (S 10,13,14) (S 62,14,44) (S 61,44,37) (S 45,34,32) (D 0,1,1)
 0 1 17 14650 37617  14 (D 0,1,1) (S 9,12,13) (S 11,14,15) (S 63,15,45) (S 64,45,46) (S 69,49,50) (S 70,50,51) (S 85,51,60) (S 84,60,59) (S 83,59,52) (S 72,52,53) (S 77,54,44) (S 60,44,43) (D 0,1,1)
 0 1 18 14461 22661  15 (D 0,1,1) (S 53,38,39) (S 55,39,41) (S 56,41,34) (S 46,34,35) (S 47,35,36) (S 49,36,12) (S 8,12,11) (S 43,33,30) (S 40,30,31) (S 39,31,29) (S 35,29,28) (S 31,27,26) (S 16,19,18) (D 0,1,1)
 0 1 19 14673 42319  11 (D 0,1,1) (S 368,249,248) (S 367,248,245) (S 360,245,243) (S 357,243,242) (S 355,242,241) (S 354,241,239) (S 351,239,235) (S 352,235,240) (S 371,247,250) (D 0,1,1)
 0 1 20 14629 27831  16 (D 0,1,1) (S 219,150,126) (S 185,126,127) (S 187,127,128) (S 188,128,129) (S 189,129,130) (S 190,130,131) (S 193,131,132) (S 192,132,100) (S 194,132,133) (S 195,133,134) (S 196,133,135) (S 197,135,136) (S 200,137,138) (S 205,140,141) (D 0,1,1)
 0 1 21 14326 32600  14 (D 0,1,1) (S 207,141,142) (S 206,142,140) (S 203,139,128) (S 202,129,138) (S 198,137,136) (S 211,146,145) (S 217,145,148) (S 216,148,149) (S 215,148,147) (S 214,135,147) (S 213,147,146) (S 212,146,136) (D 0,1,1)
 0 1 22 14622 36068  6 (D 0,1,1) (S 3,6,7) (S 208,142,143) (S 209,143,144) (S 210,143,145) (D 0,1,1)
 0 1 23 14700 40806  12 (D 0,1,1) (S 181,124,122) (S 177,121,117) (S 173,117,118) (S 172,118,106) (S 153,106,105) (S 151,104,103) (S 161,111,103) (S 150,103,102) (S 149,102,101) (S 148,101,87) (D 0,1,1)
 0 1 24 14521 33957  7 (D 0,1,1) (S 124,86,85) (S 123,85,84) (S 125,84,87) (S 126,87,86) (S 127,86,88) (D 0,1,1)
 0 1 25 14641 40484  7 (D 0,1,1) (S 180,123,116) (S 143,99,91) (S 132,91,92) (S 139,95,3) (S 140,3,96) (D 0,1,1)
 0 1 26 14697 41462  11 (D 0,1,1) (S 142,97,93) (S 133,93,92) (S 135,92,94) (S 137,94,95) (S 138,95,68) (S 97,68,67) (S 89,64,60) (S 81,58,56) (S 76,53,55) (D 0,1,1)
 0 1 27 14352 38275  11 (D 0,1,1) (S 113,76,78) (S 114,78,79) (S 115,78,80) (S 116,80,81) (S 118,81,82) (S 120,82,83) (S 119,82,71) (S 103,71,72) (S 108,73,75) (D 0,1,1)
 0 1 28 14564 40300  14 (D 0,1,1) (S 134,93,94) (S 136,94,68) (S 98,68,69) (S 101,70,71) (S 100,71,69) (S 99,69,70) (S 102,70,63) (S 88,63,62) (S 87,62,61) (S 86,61,57) (S 79,57,56) (S 75,55,42) (D 0,1,1)
 0 1 29 14580 40465  11 (D 0,1,1) (S 169,115,99) (S 168,99,112) (S 162,112,101) (S 160,102,111) (S 165,111,114) (S 164,114,113) (S 163,112,113) (S 167,113,115) (S 170,115,116) (D 0,1,1)
 0 1 30 14684 37656  6 (D 0,1,1) (S 171,116,117) (S 175,117,119) (S 176,119,120) (S 238,162,156) (D 0,1,1)
 0 1 31 14491 48584  11 (D 0,1,1) (S 174,119,118) (S 156,106,108) (S 157,108,109) (S 159,109,110) (S 158,109,107) (S 155,107,108) (S 154,107,105) (S 152,105,104) (S 166,104,114) (D 0,1,1)
 0 1 32 14570 40566  10 (D 0,1,1) (S 343,255,233) (S 370,250,249) (S 369,249,240) (S 353,240,241) (S 358,241,243) (S 359,243,244) (S 361,244,245) (S 363,245,246) (D 0,1,1)
 0 1 33 14452 66004  9 (D 0,1,1) (S 317,214,213) (S 310,207,208) (S 311,208,209) (S 312,209,210) (S 313,210,211) (S 314,210,212) (S 375,254,217) (D 0,1,1)
 0 1 34 13667 20361  19 (D 0,1,1) (S 2,5,6) (S 4,7,8) (S 5,8,9) (S 38,10,30) (S 41,31,32) (S 42,32,33) (S 44,33,11) (S 7,11,10) (S 6,10,9) (S 36,9,29) (S 34,29,27) (S 33,27,28) (S 32,28,23) (S 22,23,22) (S 24,22,24) (S 21,22,20) (S 12,16,5) (D 0,1,1)
 0 1 35 14676 49128  12 (D 0,1,1) (S 366,247,248) (S 362,244,194) (S 289,194,195) (S 290,195,196) (S 296,196,199) (S 297,199,200) (S 299,200,202) (S 298,200,201) (S 316,206,213) (S 318,213,215) (D 0,1,1)
 0 1 36 14594 60134  9 (D 0,1,1) (S 319,215,214) (S 320,214,216) (S 325,216,219) (S 324,219,220) (S 323,219,218) (S 322,218,254) (S 374,212,254) (D 0,1,1)
 0 1 37 14670 62129  7 (D 0,1,1) (S 321,216,217) (S 315,212,207) (S 309,207,205) (S 306,204,205) (S 308,205,206) (D 0,1,1)
 0 1 38 14663 57128  9 (D 0,1,1) (S 307,206,201) (S 301,202,203) (S 303,203,251) (S 304,251,252) (S 305,252,204) (S 302,204,203) (S 300,202,201) (D 0,1,1)
 0 1 39 14470 29951  9 (D 0,1,1) (S 342,233,234) (S 344,234,232) (S 340,232,231) (S 338,231,230) (S 337,230,229) (S 372,250,229) (S 339,229,231) (D 0,1,1)
 0 1 40 14653 41879  14 (D 0,1,1) (S 282,188,189) (S 284,189,191) (S 285,191,192) (S 356,242,192) (S 287,192,193) (S 286,191,193) (S 349,193,238) (S 350,238,239) (S 348,238,236) (S 347,236,237) (S 346,236,235) (S 345,235,230) (D 0,1,1)
 0 1 41 14608 45410  9 (D 0,1,1) (S 365,247,246) (S 364,246,215) (S 326,215,221) (S 327,221,222) (S 333,225,223) (S 334,223,227) (S 335,227,228) (D 0,1,1)
 0 1 42 14585 48424  10 (D 0,1,1) (S 283,189,190) (S 288,190,194) (S 291,195,197) (S 293,197,198) (S 295,198,199) (S 294,196,198) (S 292,197,186) (S 278,187,184) (D 0,1,1)
