1617326
42
1957312
1128336
 0 1 1 14501 27975  19 (D 0,1,1) (S 2,5,6) (S 207,141,142) (S 206,142,140) (S 204,140,139) (S 203,139,128) (S 188,128,129) (S 189,129,130) (S 193,131,132) (S 192,132,100) (S 194,132,133) (S 195,133,134) (S 196,133,135) (S 197,135,136) (S 198,136,137) (S 201,138,139) (S 205,140,141) (S 218,141,150) (D 0,1,1)
 0 1 2 14700 29102  12 (D 0,1,1) (S 255,172,173) (S 254,172,171) (S 253,171,170) (S 252,170,120) (S 239,120,162) (S 240,162,163) (S 241,163,157) (S 231,157,156) (S 230,156,155) (S 221,151,150) (D 0,1,1)
 0 1 3 13967 28095  7 (D 0,1,1) (S 3,6,7) (S 129,89,90) (S 130,89,255) (S 344,234,232) (S 341,232,233) (D 0,1,1)
 0 1 4 14675 37054  9 (D 0,1,1) (S 127,88,86) (S 148,87,101) (S 160,102,111) (S 149,102,101) (S 162,101,112) (S 163,112,113) (S 170,115,116) (D 0,1,1)
 0 1 5 14538 41994  14 (D 0,1,1) (S 339,231,229) (S 336,229,223) (S 334,223,227) (S 335,227,228) (S 333,223,225) (S 331,225,224) (S 332,224,226) (S 329,224,221) (S 327,221,222) (S 330,222,225) (S 340,231,232) (S 343,233,255) (D 0,1,1)
 0 1 6 14682 27187  12 (D 0,1,1) (S 57,39,42) (S 75,42,55) (S 74,55,54) (S 77,54,44) (S 61,44,37) (S 51,37,13) (S 50,37,35) (S 48,36,33) (S 44,33,11) (S 37,9,255) (D 0,1,1)
 0 1 7 14592 34602  7 (D 0,1,1) (S 180,123,116) (S 167,115,113) (S 168,112,99) (S 143,91,99) (S 144,99,98) (D 0,1,1)
 0 1 8 14698 35795  7 (D 0,1,1) (S 181,124,122) (S 171,116,117) (S 175,117,119) (S 176,119,120) (S 256,171,255) (D 0,1,1)
 0 1 9 14340 30806  10 (D 0,1,1) (S 199,137,130) (S 190,130,131) (S 191,131,100) (S 147,100,2) (S 146,100,96) (S 141,96,97) (S 145,97,98) (S 186,98,127) (D 0,1,1)
 0 1 10 14694 46852  11 (D 0,1,1) (S 173,117,118) (S 172,118,106) (S 158,107,109) (S 159,109,110) (S 157,109,108) (S 153,106,105) (S 152,105,104) (S 166,104,114) (S 164,114,113) (D 0,1,1)
 0 1 11 14651 33474  11 (D 0,1,1) (S 232,154,157) (S 242,157,161) (S 245,161,165) (S 246,165,166) (S 258,166,175) (S 262,175,177) (S 266,177,180) (S 269,181,182) (S 270,182,174) (D 0,1,1)
 0 1 12 14655 36010  9 (D 0,1,1) (S 257,170,174) (S 265,179,180) (S 267,180,181) (S 268,181,177) (S 261,177,176) (S 250,168,163) (S 238,162,156) (D 0,1,1)
 0 1 13 14503 43940  7 (D 0,1,1) (S 237,159,161) (S 243,161,164) (S 251,164,169) (S 244,164,165) (S 247,166,167) (D 0,1,1)
 0 1 14 14061 44469  11 (D 0,1,1) (S 272,183,179) (S 273,179,184) (S 274,184,185) (S 277,185,253) (S 263,178,166) (S 259,175,176) (S 260,176,168) (S 249,168,167) (S 248,167,163) (D 0,1,1)
 0 1 15 14667 45252  11 (D 0,1,1) (S 177,121,117) (S 174,119,118) (S 156,106,108) (S 155,108,107) (S 154,107,105) (S 151,104,103) (S 150,102,103) (S 161,103,111) (S 165,111,114) (D 0,1,1)
 0 1 16 14697 32051  17 (D 0,1,1) (S 54,39,40) (S 112,40,77) (S 111,77,76) (S 110,76,75) (S 107,75,74) (S 106,74,62) (S 87,62,61) (S 86,61,57) (S 79,56,57) (S 80,57,58) (S 82,58,59) (S 83,59,52) (S 72,52,53) (S 73,53,54) (S 58,43,42) (D 0,1,1)
 0 1 17 14563 39393  14 (D 0,1,1) (S 109,42,75) (S 108,75,73) (S 117,72,81) (S 118,81,82) (S 120,82,83) (S 119,82,71) (S 101,71,70) (S 99,70,69) (S 100,69,71) (S 103,71,72) (S 104,72,73) (S 105,73,74) (D 0,1,1)
 0 1 18 14507 42293  11 (D 0,1,1) (S 142,97,93) (S 134,93,94) (S 136,94,68) (S 138,68,95) (S 135,94,92) (S 131,91,83) (S 121,83,84) (S 125,84,87) (S 126,87,86) (D 0,1,1)
 0 1 19 14434 39212  12 (D 0,1,1) (S 338,231,230) (S 345,230,235) (S 351,235,239) (S 349,238,193) (S 287,193,192) (S 357,242,243) (S 360,243,245) (S 366,248,247) (S 371,247,250) (S 372,250,229) (D 0,1,1)
 0 1 20 14617 55338  6 (D 0,1,1) (S 320,214,216) (S 321,216,217) (S 319,214,215) (S 326,215,221) (D 0,1,1)
 0 1 21 14132 43535  12 (D 0,1,1) (S 282,188,189) (S 284,189,191) (S 286,191,193) (S 285,191,192) (S 356,192,242) (S 355,242,241) (S 358,241,243) (S 359,243,244) (S 288,194,190) (S 283,190,189) (D 0,1,1)
 0 1 22 14687 57754  9 (D 0,1,1) (S 307,206,201) (S 299,200,202) (S 303,203,251) (S 304,251,252) (S 305,252,204) (S 308,205,206) (S 364,215,246) (D 0,1,1)
 0 1 23 14025 36068  6 (D 0,1,1) (S 200,138,137) (S 210,145,143) (S 209,143,144) (S 208,143,142) (D 0,1,1)
 0 1 24 14617 36802  10 (D 0,1,1) (S 128,89,88) (S 124,86,85) (S 123,85,84) (S 122,84,80) (S 116,80,81) (S 115,80,78) (S 114,78,79) (S 113,78,76) (D 0,1,1)
 0 1 25 14686 42291  15 (D 0,1,1) (S 11,14,15) (S 63,15,45) (S 64,45,46) (S 68,46,49) (S 65,46,47) (S 66,46,48) (S 94,4,48) (S 67,48,49) (S 69,49,50) (S 70,50,51) (S 85,51,60) (S 84,60,59) (S 81,58,56) (D 0,1,1)
 0 1 26 14079 29841  13 (D 0,1,1) (S 30,7,255) (S 220,150,125) (S 224,125,152) (S 226,152,153) (S 227,153,154) (S 235,158,160) (S 236,160,159) (S 234,159,158) (S 233,158,154) (S 225,153,151) (S 342,233,234) (D 0,1,1)
 0 1 27 14647 41463  8 (D 0,1,1) (S 140,96,3) (S 139,3,95) (S 137,95,94) (S 133,93,92) (S 132,92,91) (S 169,99,115) (D 0,1,1)
 0 1 28 14339 40909  7 (D 0,1,1) (S 367,248,245) (S 363,245,246) (S 365,246,247) (S 373,247,222) (S 328,222,223) (D 0,1,1)
 0 1 29 14430 55339  12 (D 0,1,1) (S 337,230,229) (S 290,195,196) (S 297,199,200) (S 298,200,201) (S 300,201,202) (S 301,202,203) (S 302,203,204) (S 306,204,205) (S 316,206,213) (S 318,213,215) (D 0,1,1)
 0 1 30 14018 24157  11 (D 0,1,1) (S 222,255,150) (S 223,151,152) (S 228,152,155) (S 229,155,121) (S 178,121,122) (S 179,122,123) (S 182,123,124) (S 183,124,125) (S 184,125,126) (D 0,1,1)
 0 1 31 14647 40664  11 (D 0,1,1) (S 352,240,235) (S 346,235,236) (S 347,236,237) (S 348,236,238) (S 350,238,239) (S 354,239,241) (S 353,241,240) (S 369,240,249) (S 370,249,250) (D 0,1,1)
 0 1 32 14347 19834  18 (D 0,1,1) (S 4,7,8) (S 5,8,9) (S 6,9,10) (S 7,10,11) (S 8,11,12) (S 49,12,36) (S 47,36,35) (S 46,35,34) (S 45,34,32) (S 41,32,31) (S 39,31,29) (S 34,29,27) (S 31,27,26) (S 28,26,21) (S 19,21,20) (S 18,20,16) (D 0,1,1)
 0 1 33 14123 32456  13 (D 0,1,1) (S 211,146,145) (S 217,145,148) (S 216,148,149) (S 215,148,147) (S 214,135,147) (S 213,147,146) (S 212,146,136) (S 202,138,129) (S 187,128,127) (S 185,127,126) (S 219,126,150) (D 0,1,1)
 0 1 34 14650 38054  9 (D 0,1,1) (S 281,174,188) (S 280,188,187) (S 279,187,186) (S 276,186,185) (S 275,185,178) (S 264,178,179) (S 271,183,174) (D 0,1,1)
 0 1 35 14615 30204  11 (D 0,1,1) (S 21,20,22) (S 25,24,23) (S 32,23,28) (S 40,31,30) (S 9,12,13) (S 10,13,14) (S 62,14,44) (S 60,44,43) (S 59,43,41) (D 0,1,1)
 0 1 36 14636 43002  8 (D 0,1,1) (S 88,62,63) (S 102,63,70) (S 98,69,68) (S 97,68,67) (S 95,67,64) (S 78,56,53) (D 0,1,1)
 0 1 37 14452 66004  9 (D 0,1,1) (S 317,214,213) (S 310,207,208) (S 311,208,209) (S 312,209,210) (S 313,210,211) (S 314,210,212) (S 375,254,217) (D 0,1,1)
 0 1 38 14562 62411  9 (D 0,1,1) (S 325,216,219) (S 324,219,220) (S 323,219,218) (S 322,218,254) (S 374,254,212) (S 315,212,207) (S 309,207,205) (D 0,1,1)
 0 1 39 14663 46978  13 (D 0,1,1) (S 368,249,248) (S 361,245,244) (S 362,244,194) (S 289,194,195) (S 291,195,197) (S 294,198,196) (S 296,196,199) (S 295,199,198) (S 293,198,197) (S 292,197,186) (S 278,187,184) (D 0,1,1)
 0 1 40 14603 45761  10 (D 0,1,1) (S 71,52,51) (S 93,50,4) (S 92,4,66) (S 96,66,67) (S 91,66,65) (S 90,65,64) (S 89,64,60) (S 76,53,55) (D 0,1,1)
 0 1 41 10344 10344  13 (D 0,1,1) (S 27,1,25) (S 26,25,24) (S 24,24,22) (S 22,22,23) (S 23,23,21) (S 20,21,19) (S 16,19,18) (S 14,18,17) (S 13,17,16) (S 12,16,5) (S 1,5,1) (D 0,1,1)
 0 1 42 14184 22561  15 (D 0,1,1) (S 52,25,38) (S 53,38,39) (S 55,39,41) (S 56,41,34) (S 42,32,33) (S 43,33,30) (S 38,30,10) (S 36,9,29) (S 35,29,28) (S 33,28,27) (S 29,26,8) (S 17,7,19) (S 15,18,6) (D 0,1,1)
