1613436
42
1802039
1717058
 0 1 1 14613 25341  8 (D 0,1,1) (S 342,233,234) (S 344,234,232) (S 3,7,6) (S 15,6,18) (S 13,17,16) (S 1,5,1) (D 0,1,1)
 0 1 2 14052 36068  6 (D 0,1,1) (S 201,139,138) (S 210,145,143) (S 209,143,144) (S 208,143,142) (D 0,1,1)
 0 1 3 14075 35201  14 (D 0,1,1) (S 221,150,151) (S 231,156,157) (S 241,157,163) (S 248,163,167) (S 249,167,168) (S 259,176,175) (S 258,166,175) (S 262,175,177) (S 261,177,176) (S 260,176,168) (S 250,168,163) (S 240,163,162) (D 0,1,1)
 0 1 4 14480 30387  14 (D 0,1,1) (S 205,141,140) (S 200,138,137) (S 211,146,145) (S 217,145,148) (S 216,148,149) (S 215,148,147) (S 214,147,135) (S 197,135,136) (S 198,136,137) (S 202,138,129) (S 187,128,127) (S 219,126,150) (D 0,1,1)
 0 1 5 13925 16264  17 (D 0,1,1) (S 12,5,16) (S 18,16,20) (S 21,20,22) (S 24,22,24) (S 25,24,23) (S 23,23,21) (S 20,21,19) (S 17,19,7) (S 4,7,8) (S 29,8,26) (S 31,26,27) (S 33,27,28) (S 32,28,23) (S 26,24,25) (S 27,25,1) (D 0,1,1)
 0 1 6 14624 40813  11 (D 0,1,1) (S 167,115,113) (S 163,112,113) (S 164,113,114) (S 165,114,111) (S 161,111,103) (S 150,103,102) (S 162,101,112) (S 168,112,99) (S 169,99,115) (D 0,1,1)
 0 1 7 14499 25092  12 (D 0,1,1) (S 30,7,255) (S 256,255,171) (S 255,172,173) (S 254,172,171) (S 252,170,120) (S 239,120,162) (S 238,162,156) (S 230,156,155) (S 228,155,152) (S 223,152,151) (D 0,1,1)
 0 1 8 14670 47896  8 (D 0,1,1) (S 280,188,187) (S 279,187,186) (S 276,186,185) (S 274,184,185) (S 277,185,253) (S 275,185,178) (D 0,1,1)
 0 1 9 14577 33601  10 (D 0,1,1) (S 257,170,174) (S 270,174,182) (S 269,182,181) (S 266,180,177) (S 268,177,181) (S 267,181,180) (S 265,180,179) (S 272,179,183) (D 0,1,1)
 0 1 10 14315 41284  10 (D 0,1,1) (S 253,171,170) (S 271,174,183) (S 273,179,184) (S 278,184,187) (S 292,186,197) (S 291,197,195) (S 288,194,190) (S 283,190,189) (D 0,1,1)
 0 1 11 14226 41879  16 (D 0,1,1) (S 2,5,6) (S 338,231,230) (S 346,235,236) (S 347,236,237) (S 348,236,238) (S 350,238,239) (S 349,238,193) (S 287,193,192) (S 356,242,192) (S 285,192,191) (S 286,191,193) (S 284,191,189) (S 282,189,188) (S 281,188,174) (D 0,1,1)
 0 1 12 14441 21125  15 (D 0,1,1) (S 5,8,9) (S 6,9,10) (S 38,10,30) (S 40,30,31) (S 41,31,32) (S 42,32,33) (S 48,33,36) (S 47,36,35) (S 46,35,34) (S 56,34,41) (S 55,41,39) (S 53,39,38) (S 52,38,25) (D 0,1,1)
 0 1 13 14094 25343  19 (D 0,1,1) (S 19,20,21) (S 28,21,26) (S 34,27,29) (S 36,29,9) (S 37,9,255) (S 220,150,125) (S 224,125,152) (S 226,152,153) (S 235,158,160) (S 236,160,159) (S 234,159,158) (S 233,158,154) (S 227,154,153) (S 225,153,151) (S 222,150,255) (S 16,19,18) (S 14,18,17) (D 0,1,1)
 0 1 14 14591 33454  10 (D 0,1,1) (S 130,255,89) (S 129,89,90) (S 343,255,233) (S 341,233,232) (S 370,250,249) (S 369,249,240) (S 352,240,235) (S 345,235,230) (D 0,1,1)
 0 1 15 14419 34384  8 (D 0,1,1) (S 232,154,157) (S 242,157,161) (S 245,161,165) (S 246,165,166) (S 263,166,178) (S 264,178,179) (D 0,1,1)
 0 1 16 14636 26721  12 (D 0,1,1) (S 22,22,23) (S 35,28,29) (S 39,29,31) (S 43,30,33) (S 45,32,34) (S 50,35,37) (S 61,37,44) (S 60,44,43) (S 58,43,42) (S 57,42,39) (D 0,1,1)
 0 1 17 14448 38146  9 (D 0,1,1) (S 113,76,78) (S 114,78,79) (S 115,78,80) (S 118,81,82) (S 131,83,91) (S 132,91,92) (S 133,92,93) (D 0,1,1)
 0 1 18 14681 31038  7 (D 0,1,1) (S 181,124,122) (S 178,122,121) (S 171,117,116) (S 180,116,123) (S 183,124,125) (D 0,1,1)
 0 1 19 14611 40933  14 (D 0,1,1) (S 128,89,88) (S 126,86,87) (S 148,87,101) (S 149,101,102) (S 160,102,111) (S 151,103,104) (S 152,104,105) (S 153,105,106) (S 172,106,118) (S 173,118,117) (S 179,122,123) (S 182,123,124) (D 0,1,1)
 0 1 20 14525 33091  5 (D 0,1,1) (S 229,155,121) (S 177,121,117) (S 176,119,120) (D 0,1,1)
 0 1 21 14317 29437  15 (D 0,1,1) (S 54,39,40) (S 112,40,77) (S 111,77,76) (S 110,76,75) (S 107,75,74) (S 106,74,62) (S 87,62,61) (S 86,61,57) (S 80,57,58) (S 78,56,53) (S 73,53,54) (S 74,54,55) (S 75,55,42) (D 0,1,1)
 0 1 22 14091 28261  12 (D 0,1,1) (S 185,126,127) (S 186,127,98) (S 145,98,97) (S 141,97,96) (S 146,96,100) (S 191,100,131) (S 189,130,129) (S 188,129,128) (S 203,128,139) (S 204,139,140) (D 0,1,1)
 0 1 23 14678 49035  13 (D 0,1,1) (S 170,116,115) (S 166,114,104) (S 154,105,107) (S 158,107,109) (S 159,109,110) (S 157,109,108) (S 155,107,108) (S 156,108,106) (S 174,118,119) (S 175,119,117) (S 184,125,126) (D 0,1,1)
 0 1 24 14239 36493  11 (D 0,1,1) (S 109,42,75) (S 108,75,73) (S 104,73,72) (S 103,72,71) (S 100,71,69) (S 99,69,70) (S 102,70,63) (S 88,63,62) (S 79,57,56) (D 0,1,1)
 0 1 25 14696 40018  13 (D 0,1,1) (S 76,55,53) (S 72,53,52) (S 71,52,51) (S 70,51,50) (S 93,50,4) (S 94,4,48) (S 92,4,66) (S 91,66,65) (S 90,65,64) (S 89,64,60) (S 83,59,52) (D 0,1,1)
 0 1 26 14492 41253  7 (D 0,1,1) (S 140,96,3) (S 139,3,95) (S 135,94,92) (S 143,91,99) (S 144,99,98) (D 0,1,1)
 0 1 27 13810 32589  15 (D 0,1,1) (S 199,137,130) (S 190,130,131) (S 193,131,132) (S 192,132,100) (S 147,100,2) (S 194,132,133) (S 195,133,134) (S 196,133,135) (S 213,147,146) (S 212,146,136) (S 206,140,142) (S 207,142,141) (S 218,141,150) (D 0,1,1)
 0 1 28 14503 43940  7 (D 0,1,1) (S 247,167,166) (S 244,165,164) (S 251,164,169) (S 243,164,161) (S 237,161,159) (D 0,1,1)
 0 1 29 14266 28308  9 (D 0,1,1) (S 59,41,43) (S 62,44,14) (S 10,14,13) (S 51,37,13) (S 9,13,12) (S 8,12,11) (S 7,11,10) (D 0,1,1)
 0 1 30 14680 41426  16 (D 0,1,1) (S 44,11,33) (S 49,36,12) (S 11,14,15) (S 63,15,45) (S 64,45,46) (S 65,46,47) (S 66,46,48) (S 67,48,49) (S 68,46,49) (S 69,49,50) (S 85,51,60) (S 84,60,59) (S 82,59,58) (S 77,54,44) (D 0,1,1)
 0 1 31 14644 46978  8 (D 0,1,1) (S 81,56,58) (S 95,64,67) (S 96,66,67) (S 97,67,68) (S 136,68,94) (S 134,94,93) (D 0,1,1)
 0 1 32 14526 42050  11 (D 0,1,1) (S 125,87,84) (S 121,84,83) (S 120,83,82) (S 119,82,71) (S 101,71,70) (S 98,69,68) (S 138,68,95) (S 137,95,94) (S 142,93,97) (D 0,1,1)
 0 1 33 14367 35272  9 (D 0,1,1) (S 105,74,73) (S 117,72,81) (S 116,81,80) (S 122,80,84) (S 123,84,85) (S 124,85,86) (S 127,86,88) (D 0,1,1)
 0 1 34 14659 42550  13 (D 0,1,1) (S 340,232,231) (S 334,223,227) (S 335,227,228) (S 333,223,225) (S 330,222,225) (S 331,225,224) (S 332,224,226) (S 329,224,221) (S 327,221,222) (S 328,222,223) (S 336,223,229) (D 0,1,1)
 0 1 35 14358 41240  9 (D 0,1,1) (S 364,246,215) (S 319,215,214) (S 317,214,213) (S 318,213,215) (S 326,215,221) (S 373,222,247) (S 371,247,250) (D 0,1,1)
 0 1 36 13887 37957  8 (D 0,1,1) (S 339,231,229) (S 372,229,250) (S 366,247,248) (S 367,248,245) (S 363,245,246) (S 365,246,247) (D 0,1,1)
 0 1 37 13603 41810  11 (D 0,1,1) (S 353,240,241) (S 355,241,242) (S 357,242,243) (S 360,243,245) (S 359,244,243) (S 358,243,241) (S 354,241,239) (S 351,239,235) (S 337,230,229) (D 0,1,1)
 0 1 38 14346 52317  14 (D 0,1,1) (S 368,249,248) (S 289,194,195) (S 290,195,196) (S 294,196,198) (S 295,198,199) (S 299,200,202) (S 298,201,200) (S 297,200,199) (S 296,199,196) (S 293,198,197) (S 362,194,244) (S 361,244,245) (D 0,1,1)
 0 1 39 13710 60134  9 (D 0,1,1) (S 375,217,254) (S 374,212,254) (S 322,254,218) (S 323,218,219) (S 324,219,220) (S 325,219,216) (S 320,216,214) (D 0,1,1)
 0 1 40 14670 62129  7 (D 0,1,1) (S 308,206,205) (S 306,204,205) (S 309,205,207) (S 315,207,212) (S 321,217,216) (D 0,1,1)
 0 1 41 14663 57128  9 (D 0,1,1) (S 307,206,201) (S 300,201,202) (S 301,202,203) (S 303,203,251) (S 304,251,252) (S 305,252,204) (S 302,204,203) (D 0,1,1)
 0 1 42 14521 65050  8 (D 0,1,1) (S 314,212,210) (S 313,210,211) (S 312,210,209) (S 311,209,208) (S 310,208,207) (S 316,206,213) (D 0,1,1)
