1620742
42
3602398
3383234
 0 1 1 14551 32456  15 (D 0,1,1) (S 222,255,150) (S 201,139,138) (S 211,146,145) (S 217,145,148) (S 216,148,149) (S 215,148,147) (S 214,135,147) (S 213,147,146) (S 202,138,129) (S 188,129,128) (S 187,128,127) (S 185,127,126) (S 219,126,150) (D 0,1,1)
 0 1 2 14650 67218  8 (D 0,1,1) (S 322,218,254) (S 314,212,210) (S 313,210,211) (S 312,210,209) (S 311,209,208) (S 310,208,207) (D 0,1,1)
 0 1 3 14493 48584  11 (D 0,1,1) (S 166,114,104) (S 154,105,107) (S 155,107,108) (S 158,107,109) (S 159,109,110) (S 157,109,108) (S 156,108,106) (S 172,106,118) (S 174,118,119) (D 0,1,1)
 0 1 4 13590 35795  6 (D 0,1,1) (S 179,122,123) (S 171,116,117) (S 175,117,119) (S 176,119,120) (D 0,1,1)
 0 1 5 14004 24539  8 (D 0,1,1) (S 2,5,6) (S 3,6,7) (S 343,255,233) (S 342,233,234) (S 344,234,232) (S 30,255,7) (D 0,1,1)
 0 1 6 14521 33957  7 (D 0,1,1) (S 124,86,85) (S 123,85,84) (S 125,84,87) (S 126,87,86) (S 127,86,88) (D 0,1,1)
 0 1 7 14489 40484  8 (D 0,1,1) (S 169,115,99) (S 143,99,91) (S 135,92,94) (S 137,94,95) (S 139,95,3) (S 140,3,96) (D 0,1,1)
 0 1 8 14505 38750  14 (D 0,1,1) (S 77,44,54) (S 82,58,59) (S 84,59,60) (S 85,60,51) (S 70,51,50) (S 69,50,49) (S 65,46,47) (S 64,46,45) (S 63,45,15) (S 11,15,14) (S 9,13,12) (S 8,12,11) (D 0,1,1)
 0 1 9 14611 45119  8 (D 0,1,1) (S 230,155,156) (S 242,157,161) (S 243,161,164) (S 251,164,169) (S 244,164,165) (S 234,159,158) (D 0,1,1)
 0 1 10 14496 27583  10 (D 0,1,1) (S 59,41,43) (S 60,43,44) (S 61,44,37) (S 49,12,36) (S 43,33,30) (S 38,30,10) (S 6,10,9) (S 5,9,8) (D 0,1,1)
 0 1 11 14632 37841  11 (D 0,1,1) (S 345,230,235) (S 346,235,236) (S 347,236,237) (S 348,236,238) (S 350,238,239) (S 352,235,240) (S 369,240,249) (S 370,249,250) (S 372,250,229) (D 0,1,1)
 0 1 12 14656 58584  9 (D 0,1,1) (S 320,214,216) (S 325,216,219) (S 324,219,220) (S 323,219,218) (S 375,254,217) (S 321,217,216) (S 319,214,215) (D 0,1,1)
 0 1 13 14412 46454  10 (D 0,1,1) (S 368,249,248) (S 362,244,194) (S 290,195,196) (S 296,196,199) (S 295,199,198) (S 292,197,186) (S 279,186,187) (S 278,187,184) (D 0,1,1)
 0 1 14 14241 38187  11 (D 0,1,1) (S 108,75,73) (S 104,73,72) (S 103,72,71) (S 100,71,69) (S 99,69,70) (S 98,69,68) (S 136,68,94) (S 134,94,93) (S 142,93,97) (D 0,1,1)
 0 1 15 14628 46529  13 (D 0,1,1) (S 74,55,54) (S 73,54,53) (S 95,64,67) (S 92,66,4) (S 94,4,48) (S 66,48,46) (S 68,46,49) (S 67,49,48) (S 93,4,50) (S 71,51,52) (S 72,52,53) (D 0,1,1)
 0 1 16 14268 39643  14 (D 0,1,1) (S 130,255,89) (S 129,89,90) (S 128,89,88) (S 148,87,101) (S 160,102,111) (S 161,111,103) (S 150,103,102) (S 149,102,101) (S 162,101,112) (S 170,115,116) (S 180,116,123) (S 184,125,126) (D 0,1,1)
 0 1 17 14646 56269  8 (D 0,1,1) (S 318,215,213) (S 308,206,205) (S 305,204,252) (S 304,252,251) (S 303,251,203) (S 301,203,202) (D 0,1,1)
 0 1 18 14587 32360  11 (D 0,1,1) (S 225,151,153) (S 233,154,158) (S 235,158,160) (S 236,160,159) (S 237,159,161) (S 245,161,165) (S 246,165,166) (S 247,166,167) (S 248,167,163) (D 0,1,1)
 0 1 19 14489 22222  16 (D 0,1,1) (S 21,20,22) (S 22,22,23) (S 32,23,28) (S 34,27,29) (S 39,29,31) (S 40,31,30) (S 41,31,32) (S 42,32,33) (S 48,33,36) (S 47,36,35) (S 46,35,34) (S 56,34,41) (S 55,41,39) (S 53,39,38) (D 0,1,1)
 0 1 20 14692 26953  13 (D 0,1,1) (S 220,150,125) (S 224,125,152) (S 226,152,153) (S 227,153,154) (S 232,154,157) (S 231,157,156) (S 238,156,162) (S 239,162,120) (S 252,120,170) (S 255,172,173) (S 254,172,171) (D 0,1,1)
 0 1 21 14643 26958  11 (D 0,1,1) (S 7,10,11) (S 44,11,33) (S 45,32,34) (S 50,35,37) (S 51,37,13) (S 10,13,14) (S 62,14,44) (S 58,43,42) (S 57,42,39) (D 0,1,1)
 0 1 22 14403 64473  8 (D 0,1,1) (S 298,201,200) (S 302,203,204) (S 306,204,205) (S 309,205,207) (S 315,207,212) (S 374,212,254) (D 0,1,1)
 0 1 23 14548 42178  14 (D 0,1,1) (S 256,255,171) (S 284,189,191) (S 286,191,193) (S 349,238,193) (S 287,193,192) (S 356,192,242) (S 357,242,243) (S 359,243,244) (S 361,244,245) (S 360,245,243) (S 358,243,241) (S 353,241,240) (D 0,1,1)
 0 1 24 14660 38146  10 (D 0,1,1) (S 133,93,92) (S 132,92,91) (S 131,91,83) (S 118,82,81) (S 116,81,80) (S 115,80,78) (S 114,78,79) (S 113,78,76) (D 0,1,1)
 0 1 25 14084 41116  9 (D 0,1,1) (S 164,113,114) (S 165,114,111) (S 151,103,104) (S 152,104,105) (S 153,105,106) (S 173,118,117) (S 177,117,121) (D 0,1,1)
 0 1 26 13586 14114  16 (D 0,1,1) (S 27,1,25) (S 26,25,24) (S 24,22,24) (S 25,24,23) (S 23,23,21) (S 28,21,26) (S 29,26,8) (S 4,8,7) (S 17,7,19) (S 20,19,21) (S 19,21,20) (S 18,20,16) (S 12,16,5) (S 1,5,1) (D 0,1,1)
 0 1 27 14698 49531  14 (D 0,1,1) (S 283,189,190) (S 288,190,194) (S 289,194,195) (S 291,195,197) (S 293,197,198) (S 294,198,196) (S 297,199,200) (S 299,200,202) (S 300,202,201) (S 307,201,206) (S 316,206,213) (S 317,213,214) (D 0,1,1)
 0 1 28 14613 29401  15 (D 0,1,1) (S 54,39,40) (S 112,40,77) (S 111,77,76) (S 110,76,75) (S 107,75,74) (S 106,74,62) (S 87,62,61) (S 86,61,57) (S 80,57,58) (S 81,58,56) (S 78,56,53) (S 76,53,55) (S 75,55,42) (D 0,1,1)
 0 1 29 13963 34285  10 (D 0,1,1) (S 351,235,239) (S 354,239,241) (S 355,241,242) (S 285,192,191) (S 282,189,188) (S 281,188,174) (S 257,174,170) (S 253,170,171) (D 0,1,1)
 0 1 30 14634 39888  14 (D 0,1,1) (S 52,25,38) (S 79,56,57) (S 88,62,63) (S 102,63,70) (S 101,70,71) (S 119,71,82) (S 120,82,83) (S 121,83,84) (S 122,84,80) (S 117,81,72) (S 105,73,74) (S 109,75,42) (D 0,1,1)
 0 1 31 14228 35421  10 (D 0,1,1) (S 141,97,96) (S 146,96,100) (S 147,100,2) (S 194,132,133) (S 195,133,134) (S 196,133,135) (S 197,135,136) (S 198,136,137) (D 0,1,1)
 0 1 32 13758 48617  7 (D 0,1,1) (S 280,188,187) (S 276,186,185) (S 277,185,253) (S 263,178,166) (S 258,166,175) (D 0,1,1)
 0 1 33 14579 36667  12 (D 0,1,1) (S 270,174,182) (S 269,182,181) (S 267,181,180) (S 265,180,179) (S 264,179,178) (S 275,178,185) (S 274,185,184) (S 273,184,179) (S 272,179,183) (S 271,183,174) (D 0,1,1)
 0 1 34 14463 27588  21 (D 0,1,1) (S 14,17,18) (S 16,18,19) (S 31,26,27) (S 33,27,28) (S 35,28,29) (S 36,29,9) (S 37,9,255) (S 207,141,142) (S 206,142,140) (S 204,140,139) (S 199,137,130) (S 191,131,100) (S 192,100,132) (S 193,132,131) (S 190,131,130) (S 189,130,129) (S 203,128,139) (S 205,140,141) (S 218,141,150) (D 0,1,1)
 0 1 35 14268 37957  6 (D 0,1,1) (S 363,246,245) (S 367,245,248) (S 366,248,247) (S 341,232,233) (D 0,1,1)
 0 1 36 12940 23231  9 (D 0,1,1) (S 183,125,124) (S 181,124,122) (S 178,122,121) (S 229,121,155) (S 228,155,152) (S 223,152,151) (S 221,151,150) (D 0,1,1)
 0 1 37 14699 44844  10 (D 0,1,1) (S 83,52,59) (S 89,60,64) (S 90,64,65) (S 91,65,66) (S 96,66,67) (S 97,67,68) (S 138,68,95) (S 145,97,98) (D 0,1,1)
 0 1 38 14530 36614  12 (D 0,1,1) (S 240,162,163) (S 249,167,168) (S 259,176,175) (S 262,175,177) (S 266,177,180) (S 268,181,177) (S 261,177,176) (S 260,176,168) (S 250,168,163) (S 241,163,157) (D 0,1,1)
 0 1 39 14113 39026  9 (D 0,1,1) (S 339,231,229) (S 371,250,247) (S 373,247,222) (S 330,222,225) (S 326,221,215) (S 364,215,246) (S 365,246,247) (D 0,1,1)
 0 1 40 14472 41212  14 (D 0,1,1) (S 340,232,231) (S 338,231,230) (S 337,230,229) (S 336,229,223) (S 328,223,222) (S 327,222,221) (S 329,221,224) (S 332,224,226) (S 331,224,225) (S 333,225,223) (S 334,223,227) (S 335,227,228) (D 0,1,1)
 0 1 41 14629 36068  7 (D 0,1,1) (S 200,138,137) (S 212,136,146) (S 210,145,143) (S 209,143,144) (S 208,143,142) (D 0,1,1)
 0 1 42 14556 33880  10 (D 0,1,1) (S 13,16,17) (S 15,18,6) (S 182,124,123) (S 167,115,113) (S 163,113,112) (S 168,112,99) (S 144,99,98) (S 186,98,127) (D 0,1,1)
