1617049
42
2400156
2282393
 0 1 1 14513 29986  15 (D 0,1,1) (S 197,136,135) (S 214,135,147) (S 196,135,133) (S 195,133,134) (S 194,133,132) (S 193,132,131) (S 190,131,130) (S 199,130,137) (S 202,138,129) (S 188,129,128) (S 187,128,127) (S 185,127,126) (S 30,255,7) (D 0,1,1)
 0 1 2 14635 38461  11 (D 0,1,1) (S 109,42,75) (S 104,73,72) (S 103,72,71) (S 100,71,69) (S 99,69,70) (S 101,70,71) (S 102,70,63) (S 88,63,62) (S 79,57,56) (D 0,1,1)
 0 1 3 14479 25092  12 (D 0,1,1) (S 256,255,171) (S 255,172,173) (S 254,172,171) (S 253,171,170) (S 252,170,120) (S 239,120,162) (S 238,162,156) (S 230,156,155) (S 228,155,152) (S 223,152,151) (D 0,1,1)
 0 1 4 14177 30101  8 (D 0,1,1) (S 344,234,232) (S 341,232,233) (S 128,88,89) (S 129,89,90) (S 130,89,255) (S 15,6,18) (D 0,1,1)
 0 1 5 14619 31266  12 (D 0,1,1) (S 57,39,42) (S 76,55,53) (S 72,53,52) (S 71,52,51) (S 85,51,60) (S 84,60,59) (S 73,53,54) (S 77,54,44) (S 60,44,43) (S 59,43,41) (D 0,1,1)
 0 1 6 14489 28461  9 (D 0,1,1) (S 232,154,157) (S 231,157,156) (S 229,155,121) (S 178,121,122) (S 181,122,124) (S 183,124,125) (S 2,6,5) (D 0,1,1)
 0 1 7 14233 21594  16 (D 0,1,1) (S 52,25,38) (S 53,38,39) (S 55,39,41) (S 56,41,34) (S 41,32,31) (S 40,31,30) (S 39,31,29) (S 34,29,27) (S 33,27,28) (S 31,27,26) (S 16,19,18) (S 14,18,17) (S 13,17,16) (S 12,16,5) (D 0,1,1)
 0 1 8 14700 43605  15 (D 0,1,1) (S 74,55,54) (S 82,58,59) (S 89,60,64) (S 90,64,65) (S 91,65,66) (S 92,66,4) (S 93,4,50) (S 68,49,46) (S 67,48,49) (S 69,49,50) (S 70,50,51) (S 83,52,59) (S 58,43,42) (D 0,1,1)
 0 1 9 14638 33554  12 (D 0,1,1) (S 241,157,163) (S 248,163,167) (S 249,167,168) (S 260,168,176) (S 261,176,177) (S 262,177,175) (S 258,175,166) (S 246,166,165) (S 245,165,161) (S 237,161,159) (D 0,1,1)
 0 1 10 14490 45332  8 (D 0,1,1) (S 242,157,161) (S 243,161,164) (S 251,164,169) (S 244,164,165) (S 259,175,176) (S 250,168,163) (D 0,1,1)
 0 1 11 14471 35795  7 (D 0,1,1) (S 176,120,119) (S 175,119,117) (S 171,117,116) (S 179,123,122) (S 220,125,150) (D 0,1,1)
 0 1 12 14544 28722  16 (D 0,1,1) (S 218,150,141) (S 205,141,140) (S 201,139,138) (S 213,146,147) (S 215,147,148) (S 216,148,149) (S 217,148,145) (S 211,145,146) (S 212,146,136) (S 198,136,137) (S 200,137,138) (S 206,140,142) (S 207,142,141) (S 222,150,255) (D 0,1,1)
 0 1 13 14641 40484  7 (D 0,1,1) (S 180,123,116) (S 143,99,91) (S 132,91,92) (S 139,95,3) (S 140,3,96) (D 0,1,1)
 0 1 14 14430 41635  9 (D 0,1,1) (S 170,116,115) (S 164,113,114) (S 166,114,104) (S 153,105,106) (S 172,106,118) (S 174,118,119) (S 177,117,121) (D 0,1,1)
 0 1 15 14677 40813  12 (D 0,1,1) (S 182,124,123) (S 169,115,99) (S 168,99,112) (S 165,114,111) (S 161,111,103) (S 150,103,102) (S 149,102,101) (S 162,101,112) (S 163,112,113) (S 167,113,115) (D 0,1,1)
 0 1 16 14241 30023  14 (D 0,1,1) (S 54,39,40) (S 112,40,77) (S 111,77,76) (S 110,76,75) (S 108,75,73) (S 105,73,74) (S 106,74,62) (S 87,62,61) (S 86,61,57) (S 80,57,58) (S 78,56,53) (S 75,55,42) (D 0,1,1)
 0 1 17 14671 47490  9 (D 0,1,1) (S 278,184,187) (S 292,186,197) (S 295,198,199) (S 296,199,196) (S 289,195,194) (S 362,194,244) (S 366,248,247) (D 0,1,1)
 0 1 18 14093 20520  18 (D 0,1,1) (S 5,8,9) (S 38,10,30) (S 43,30,33) (S 47,36,35) (S 46,35,34) (S 45,34,32) (S 42,32,33) (S 44,33,11) (S 7,11,10) (S 6,10,9) (S 36,9,29) (S 35,29,28) (S 32,28,23) (S 25,23,24) (S 21,22,20) (S 1,5,1) (D 0,1,1)
 0 1 19 13429 32529  11 (D 0,1,1) (S 186,127,98) (S 145,98,97) (S 141,97,96) (S 146,96,100) (S 147,100,2) (S 192,132,100) (S 191,100,131) (S 189,130,129) (S 203,128,139) (D 0,1,1)
 0 1 20 14595 37164  9 (D 0,1,1) (S 371,250,247) (S 365,247,246) (S 364,246,215) (S 326,215,221) (S 373,222,247) (S 372,250,229) (S 3,7,6) (D 0,1,1)
 0 1 21 11320 13570  14 (D 0,1,1) (S 18,16,20) (S 19,20,21) (S 20,21,19) (S 17,19,7) (S 4,7,8) (S 29,8,26) (S 28,26,21) (S 23,21,23) (S 22,23,22) (S 24,22,24) (S 26,24,25) (S 27,25,1) (D 0,1,1)
 0 1 22 14185 41839  8 (D 0,1,1) (S 340,232,231) (S 363,246,245) (S 360,245,243) (S 357,243,242) (S 355,242,241) (S 353,241,240) (D 0,1,1)
 0 1 23 14521 33957  7 (D 0,1,1) (S 127,88,86) (S 124,86,85) (S 123,85,84) (S 125,84,87) (S 126,87,86) (D 0,1,1)
 0 1 24 14257 30292  15 (D 0,1,1) (S 221,150,151) (S 225,151,153) (S 227,153,154) (S 235,158,160) (S 236,160,159) (S 234,159,158) (S 233,158,154) (S 226,153,152) (S 224,152,125) (S 184,125,126) (S 219,126,150) (S 343,255,233) (S 342,233,234) (D 0,1,1)
 0 1 25 14296 47407  13 (D 0,1,1) (S 173,117,118) (S 156,106,108) (S 157,108,109) (S 159,109,110) (S 158,109,107) (S 155,107,108) (S 154,107,105) (S 152,105,104) (S 151,104,103) (S 160,111,102) (S 148,101,87) (D 0,1,1)
 0 1 26 14573 36068  6 (D 0,1,1) (S 204,140,139) (S 210,145,143) (S 209,143,144) (S 208,143,142) (D 0,1,1)
 0 1 27 14577 33601  10 (D 0,1,1) (S 257,170,174) (S 272,183,179) (S 265,179,180) (S 266,180,177) (S 268,177,181) (S 267,180,181) (S 269,181,182) (S 270,182,174) (D 0,1,1)
 0 1 28 14489 43390  9 (D 0,1,1) (S 271,174,183) (S 273,179,184) (S 274,184,185) (S 277,185,253) (S 263,178,166) (S 247,166,167) (S 240,163,162) (D 0,1,1)
 0 1 29 13867 38054  8 (D 0,1,1) (S 281,174,188) (S 280,188,187) (S 279,187,186) (S 276,186,185) (S 275,185,178) (S 264,178,179) (D 0,1,1)
 0 1 30 14211 43074  15 (D 0,1,1) (S 338,231,230) (S 337,230,229) (S 333,223,225) (S 327,222,221) (S 329,221,224) (S 332,224,226) (S 331,224,225) (S 330,225,222) (S 328,222,223) (S 334,223,227) (S 335,227,228) (S 336,223,229) (S 339,229,231) (D 0,1,1)
 0 1 31 14684 38762  12 (D 0,1,1) (S 368,249,248) (S 367,248,245) (S 361,245,244) (S 359,244,243) (S 358,243,241) (S 354,241,239) (S 351,239,235) (S 352,235,240) (S 369,240,249) (S 370,249,250) (D 0,1,1)
 0 1 32 14590 50646  13 (D 0,1,1) (S 318,215,213) (S 316,213,206) (S 298,201,200) (S 299,200,202) (S 297,200,199) (S 290,195,196) (S 294,196,198) (S 293,198,197) (S 291,197,195) (S 288,194,190) (S 283,190,189) (D 0,1,1)
 0 1 33 14663 57128  9 (D 0,1,1) (S 300,201,202) (S 301,202,203) (S 303,203,251) (S 304,251,252) (S 305,252,204) (S 302,204,203) (S 307,201,206) (D 0,1,1)
 0 1 34 14594 60134  9 (D 0,1,1) (S 319,215,214) (S 320,214,216) (S 325,216,219) (S 324,219,220) (S 323,219,218) (S 322,218,254) (S 374,212,254) (D 0,1,1)
 0 1 35 14670 62129  7 (D 0,1,1) (S 321,216,217) (S 315,212,207) (S 309,207,205) (S 306,204,205) (S 308,205,206) (D 0,1,1)
 0 1 36 14652 45833  13 (D 0,1,1) (S 48,33,36) (S 49,36,12) (S 9,12,13) (S 11,14,15) (S 63,15,45) (S 64,45,46) (S 65,46,47) (S 66,46,48) (S 94,48,4) (S 96,66,67) (S 81,58,56) (D 0,1,1)
 0 1 37 14452 66004  9 (D 0,1,1) (S 375,217,254) (S 314,212,210) (S 313,210,211) (S 312,210,209) (S 311,209,208) (S 310,208,207) (S 317,213,214) (D 0,1,1)
 0 1 38 14697 29663  9 (D 0,1,1) (S 37,255,9) (S 8,11,12) (S 51,13,37) (S 61,37,44) (S 62,44,14) (S 10,14,13) (S 50,37,35) (D 0,1,1)
 0 1 39 14234 41031  10 (D 0,1,1) (S 133,93,92) (S 131,91,83) (S 119,82,71) (S 98,69,68) (S 138,68,95) (S 137,95,94) (S 134,94,93) (S 142,93,97) (D 0,1,1)
 0 1 40 14653 41879  14 (D 0,1,1) (S 345,230,235) (S 346,235,236) (S 347,236,237) (S 348,236,238) (S 350,238,239) (S 349,238,193) (S 287,193,192) (S 356,242,192) (S 285,192,191) (S 286,191,193) (S 284,191,189) (S 282,189,188) (D 0,1,1)
 0 1 41 14610 41003  7 (D 0,1,1) (S 144,98,99) (S 135,92,94) (S 136,94,68) (S 97,68,67) (S 95,67,64) (D 0,1,1)
 0 1 42 14668 38958  12 (D 0,1,1) (S 107,75,74) (S 117,72,81) (S 118,81,82) (S 120,82,83) (S 121,83,84) (S 122,84,80) (S 116,80,81) (S 115,80,78) (S 114,78,79) (S 113,78,76) (D 0,1,1)
