1621315
42
2400187
1797546
 0 1 1 14449 32360  11 (D 0,1,1) (S 225,151,153) (S 247,167,166) (S 246,166,165) (S 245,165,161) (S 237,161,159) (S 236,159,160) (S 235,160,158) (S 233,158,154) (S 227,154,153) (D 0,1,1)
 0 1 2 14417 37643  10 (D 0,1,1) (S 113,76,78) (S 114,78,79) (S 115,78,80) (S 118,81,82) (S 120,82,83) (S 121,83,84) (S 125,84,87) (S 128,88,89) (D 0,1,1)
 0 1 3 14578 41372  10 (D 0,1,1) (S 281,174,188) (S 283,189,190) (S 288,190,194) (S 362,194,244) (S 360,245,243) (S 357,243,242) (S 285,192,191) (S 282,189,188) (D 0,1,1)
 0 1 4 14698 36016  10 (D 0,1,1) (S 284,189,191) (S 286,191,193) (S 349,193,238) (S 348,238,236) (S 347,236,237) (S 346,236,235) (S 345,235,230) (S 341,232,233) (D 0,1,1)
 0 1 5 14690 44091  11 (D 0,1,1) (S 354,239,241) (S 358,241,243) (S 359,243,244) (S 291,195,197) (S 292,197,186) (S 276,186,185) (S 273,184,179) (S 272,179,183) (S 271,183,174) (D 0,1,1)
 0 1 6 14425 39182  6 (D 0,1,1) (S 140,96,3) (S 139,3,95) (S 137,95,94) (S 142,93,97) (D 0,1,1)
 0 1 7 13726 43471  8 (D 0,1,1) (S 264,179,178) (S 275,178,185) (S 277,185,253) (S 274,185,184) (S 278,184,187) (S 280,187,188) (D 0,1,1)
 0 1 8 14238 42276  11 (D 0,1,1) (S 170,116,115) (S 167,115,113) (S 163,112,113) (S 165,114,111) (S 151,103,104) (S 152,104,105) (S 153,105,106) (S 172,106,118) (S 173,118,117) (D 0,1,1)
 0 1 9 14536 30520  16 (D 0,1,1) (S 218,150,141) (S 205,141,140) (S 201,139,138) (S 199,137,130) (S 190,130,131) (S 193,131,132) (S 147,100,2) (S 192,100,132) (S 194,132,133) (S 195,133,134) (S 196,133,135) (S 197,135,136) (S 206,140,142) (S 207,142,141) (D 0,1,1)
 0 1 10 13458 41240  9 (D 0,1,1) (S 373,247,222) (S 327,222,221) (S 326,221,215) (S 319,215,214) (S 317,214,213) (S 318,213,215) (S 364,215,246) (D 0,1,1)
 0 1 11 14303 26916  10 (D 0,1,1) (S 19,20,21) (S 20,21,19) (S 17,19,7) (S 342,233,234) (S 344,234,232) (S 343,233,255) (S 16,19,18) (S 14,18,17) (D 0,1,1)
 0 1 12 14507 37957  8 (D 0,1,1) (S 371,250,247) (S 365,247,246) (S 363,246,245) (S 367,245,248) (S 366,248,247) (S 339,229,231) (D 0,1,1)
 0 1 13 14417 54157  14 (D 0,1,1) (S 279,187,186) (S 293,197,198) (S 294,196,198) (S 295,198,199) (S 297,199,200) (S 298,200,201) (S 299,202,200) (S 296,199,196) (S 290,196,195) (S 289,195,194) (S 361,244,245) (S 368,248,249) (D 0,1,1)
 0 1 14 14611 45119  8 (D 0,1,1) (S 234,158,159) (S 244,165,164) (S 251,164,169) (S 243,164,161) (S 242,161,157) (S 230,156,155) (D 0,1,1)
 0 1 15 14670 46978  8 (D 0,1,1) (S 84,59,60) (S 95,64,67) (S 96,66,67) (S 97,67,68) (S 136,68,94) (S 134,94,93) (D 0,1,1)
 0 1 16 14282 26953  12 (D 0,1,1) (S 224,125,152) (S 226,152,153) (S 232,154,157) (S 231,157,156) (S 238,156,162) (S 239,162,120) (S 252,120,170) (S 253,170,171) (S 254,171,172) (S 255,172,173) (D 0,1,1)
 0 1 17 14647 42808  10 (D 0,1,1) (S 262,175,177) (S 268,177,181) (S 265,180,179) (S 263,178,166) (S 258,166,175) (S 259,175,176) (S 250,168,163) (S 240,163,162) (D 0,1,1)
 0 1 18 14522 60134  10 (D 0,1,1) (S 372,229,250) (S 320,214,216) (S 325,216,219) (S 324,219,220) (S 323,219,218) (S 322,218,254) (S 374,212,254) (S 375,254,217) (D 0,1,1)
 0 1 19 14418 20649  14 (D 0,1,1) (S 2,5,6) (S 4,7,8) (S 5,8,9) (S 36,9,29) (S 39,29,31) (S 40,31,30) (S 43,30,33) (S 42,33,32) (S 45,32,34) (S 56,34,41) (S 55,41,39) (S 53,39,38) (D 0,1,1)
 0 1 20 13281 38916  13 (D 0,1,1) (S 338,231,230) (S 337,230,229) (S 370,250,249) (S 369,249,240) (S 352,240,235) (S 351,235,239) (S 350,239,238) (S 287,193,192) (S 356,192,242) (S 355,242,241) (S 353,241,240) (D 0,1,1)
 0 1 21 13783 32036  13 (D 0,1,1) (S 30,7,255) (S 203,139,128) (S 202,129,138) (S 198,137,136) (S 213,146,147) (S 214,135,147) (S 215,147,148) (S 216,148,149) (S 217,148,145) (S 211,145,146) (S 204,139,140) (D 0,1,1)
 0 1 22 14660 29401  15 (D 0,1,1) (S 75,42,55) (S 78,53,56) (S 81,56,58) (S 80,58,57) (S 86,57,61) (S 87,61,62) (S 106,62,74) (S 107,74,75) (S 110,75,76) (S 111,76,77) (S 112,77,40) (S 54,40,39) (S 52,38,25) (D 0,1,1)
 0 1 23 14629 36068  7 (D 0,1,1) (S 208,142,143) (S 209,143,144) (S 210,143,145) (S 212,146,136) (S 200,137,138) (D 0,1,1)
 0 1 24 14493 44495  15 (D 0,1,1) (S 133,93,92) (S 132,91,92) (S 135,92,94) (S 138,95,68) (S 98,68,69) (S 99,69,70) (S 100,69,71) (S 101,71,70) (S 102,70,63) (S 88,63,62) (S 79,57,56) (S 73,53,54) (S 77,54,44) (D 0,1,1)
 0 1 25 14646 62988  8 (D 0,1,1) (S 300,201,202) (S 301,202,203) (S 302,203,204) (S 309,205,207) (S 315,207,212) (S 321,217,216) (D 0,1,1)
 0 1 26 14530 26787  12 (D 0,1,1) (S 129,89,90) (S 130,89,255) (S 181,124,122) (S 178,122,121) (S 229,121,155) (S 228,155,152) (S 223,152,151) (S 221,151,150) (S 222,150,255) (S 3,7,6) (D 0,1,1)
 0 1 27 14449 30685  12 (D 0,1,1) (S 241,157,163) (S 248,163,167) (S 249,167,168) (S 260,168,176) (S 261,176,177) (S 266,177,180) (S 267,180,181) (S 269,181,182) (S 270,182,174) (S 257,174,170) (D 0,1,1)
 0 1 28 14576 39764  11 (D 0,1,1) (S 126,86,87) (S 148,87,101) (S 150,102,103) (S 161,103,111) (S 160,111,102) (S 149,102,101) (S 162,101,112) (S 168,112,99) (S 144,99,98) (D 0,1,1)
 0 1 29 14687 56269  8 (D 0,1,1) (S 307,206,201) (S 303,203,251) (S 304,251,252) (S 305,252,204) (S 306,204,205) (S 308,205,206) (D 0,1,1)
 0 1 30 14518 39463  13 (D 0,1,1) (S 76,55,53) (S 82,58,59) (S 89,60,64) (S 90,64,65) (S 91,65,66) (S 92,66,4) (S 94,4,48) (S 93,4,50) (S 70,50,51) (S 71,51,52) (S 72,52,53) (D 0,1,1)
 0 1 31 14459 32146  9 (D 0,1,1) (S 177,121,117) (S 175,117,119) (S 176,119,120) (S 256,171,255) (S 15,6,18) (S 13,17,16) (S 1,5,1) (D 0,1,1)
 0 1 32 13767 31964  9 (D 0,1,1) (S 220,150,125) (S 183,125,124) (S 179,123,122) (S 171,117,116) (S 180,116,123) (S 182,123,124) (S 184,125,126) (D 0,1,1)
 0 1 33 14521 65050  8 (D 0,1,1) (S 314,212,210) (S 313,210,211) (S 312,210,209) (S 311,209,208) (S 310,208,207) (S 316,206,213) (D 0,1,1)
 0 1 34 14566 41301  16 (D 0,1,1) (S 74,55,54) (S 83,52,59) (S 85,60,51) (S 69,50,49) (S 65,46,47) (S 66,46,48) (S 67,48,49) (S 68,49,46) (S 64,46,45) (S 63,45,15) (S 11,15,14) (S 9,13,12) (S 8,12,11) (S 38,30,10) (D 0,1,1)
 0 1 35 14644 30176  9 (D 0,1,1) (S 59,41,43) (S 62,44,14) (S 10,14,13) (S 50,37,35) (S 46,35,34) (S 41,32,31) (S 29,26,8) (D 0,1,1)
 0 1 36 14397 48584  11 (D 0,1,1) (S 174,119,118) (S 156,106,108) (S 155,108,107) (S 158,107,109) (S 159,109,110) (S 157,109,108) (S 154,107,105) (S 166,104,114) (S 164,114,113) (D 0,1,1)
 0 1 37 14476 28681  12 (D 0,1,1) (S 219,150,126) (S 185,126,127) (S 186,127,98) (S 145,98,97) (S 141,97,96) (S 146,96,100) (S 191,100,131) (S 189,130,129) (S 188,129,128) (S 187,128,127) (D 0,1,1)
 0 1 38 14127 42550  12 (D 0,1,1) (S 336,229,223) (S 335,227,228) (S 334,227,223) (S 333,223,225) (S 329,221,224) (S 332,224,226) (S 331,224,225) (S 330,225,222) (S 328,222,223) (S 340,231,232) (D 0,1,1)
 0 1 39 14551 25305  14 (D 0,1,1) (S 57,39,42) (S 58,42,43) (S 60,43,44) (S 61,44,37) (S 51,37,13) (S 49,12,36) (S 47,35,36) (S 48,36,33) (S 44,33,11) (S 7,11,10) (S 6,10,9) (S 37,9,255) (D 0,1,1)
 0 1 40 14367 35272  9 (D 0,1,1) (S 105,74,73) (S 117,72,81) (S 116,81,80) (S 122,80,84) (S 123,84,85) (S 124,85,86) (S 127,86,88) (D 0,1,1)
 0 1 41 13976 16954  17 (D 0,1,1) (S 27,1,25) (S 26,25,24) (S 24,22,24) (S 25,24,23) (S 32,23,28) (S 34,27,29) (S 35,29,28) (S 33,28,27) (S 31,27,26) (S 28,26,21) (S 23,21,23) (S 22,23,22) (S 21,22,20) (S 18,20,16) (S 12,16,5) (D 0,1,1)
 0 1 42 14533 36618  10 (D 0,1,1) (S 109,42,75) (S 108,75,73) (S 104,73,72) (S 103,72,71) (S 119,71,82) (S 131,83,91) (S 143,91,99) (S 169,99,115) (D 0,1,1)
