1613111
42
1801834
1684938
 0 1 1 13500 28095  7 (D 0,1,1) (S 344,234,232) (S 341,232,233) (S 343,233,255) (S 129,89,90) (S 130,89,255) (D 0,1,1)
 0 1 2 14651 29956  17 (D 0,1,1) (S 3,6,7) (S 218,150,141) (S 205,141,140) (S 204,140,139) (S 197,136,135) (S 196,135,133) (S 195,133,134) (S 194,133,132) (S 147,100,2) (S 192,100,132) (S 193,132,131) (S 190,131,130) (S 199,130,137) (S 200,137,138) (S 201,138,139) (D 0,1,1)
 0 1 3 14661 41764  11 (D 0,1,1) (S 30,7,255) (S 338,231,230) (S 337,230,229) (S 364,246,215) (S 318,215,213) (S 317,213,214) (S 319,214,215) (S 326,215,221) (S 373,222,247) (D 0,1,1)
 0 1 4 14619 41591  12 (D 0,1,1) (S 179,123,122) (S 173,117,118) (S 172,118,106) (S 153,106,105) (S 151,104,103) (S 161,103,111) (S 165,111,114) (S 164,114,113) (S 167,113,115) (S 170,115,116) (D 0,1,1)
 0 1 5 14577 33601  10 (D 0,1,1) (S 272,183,179) (S 265,179,180) (S 266,180,177) (S 268,177,181) (S 267,180,181) (S 269,181,182) (S 270,182,174) (S 257,174,170) (D 0,1,1)
 0 1 6 14650 38054  9 (D 0,1,1) (S 281,174,188) (S 280,188,187) (S 279,187,186) (S 276,186,185) (S 275,185,178) (S 264,178,179) (S 271,183,174) (D 0,1,1)
 0 1 7 14629 40768  10 (D 0,1,1) (S 282,188,189) (S 283,189,190) (S 288,190,194) (S 362,194,244) (S 359,244,243) (S 360,243,245) (S 367,245,248) (S 368,248,249) (D 0,1,1)
 0 1 8 14503 43766  14 (D 0,1,1) (S 353,240,241) (S 354,241,239) (S 350,239,238) (S 349,238,193) (S 287,193,192) (S 357,242,243) (S 358,243,241) (S 355,241,242) (S 356,242,192) (S 285,192,191) (S 286,191,193) (S 284,191,189) (D 0,1,1)
 0 1 9 14677 43390  9 (D 0,1,1) (S 253,171,170) (S 240,162,163) (S 247,167,166) (S 263,166,178) (S 277,185,253) (S 274,185,184) (S 273,184,179) (D 0,1,1)
 0 1 10 14169 37841  10 (D 0,1,1) (S 370,250,249) (S 369,249,240) (S 352,240,235) (S 346,235,236) (S 347,236,237) (S 348,236,238) (S 351,239,235) (S 345,235,230) (D 0,1,1)
 0 1 11 14375 32785  6 (D 0,1,1) (S 229,155,121) (S 171,117,116) (S 180,116,123) (S 182,123,124) (D 0,1,1)
 0 1 12 14457 33387  15 (D 0,1,1) (S 223,151,152) (S 231,156,157) (S 241,157,163) (S 248,163,167) (S 249,167,168) (S 260,168,176) (S 261,176,177) (S 262,177,175) (S 258,175,166) (S 232,157,154) (S 227,154,153) (S 226,153,152) (S 222,150,255) (D 0,1,1)
 0 1 13 14662 29210  12 (D 0,1,1) (S 219,150,126) (S 185,126,127) (S 187,127,128) (S 189,129,130) (S 191,131,100) (S 146,100,96) (S 141,96,97) (S 145,97,98) (S 186,98,127) (S 184,126,125) (D 0,1,1)
 0 1 14 14624 25844  12 (D 0,1,1) (S 256,255,171) (S 254,171,172) (S 255,172,173) (S 252,170,120) (S 239,120,162) (S 238,162,156) (S 230,156,155) (S 228,155,152) (S 224,152,125) (S 220,125,150) (D 0,1,1)
 0 1 15 14505 40924  11 (D 0,1,1) (S 128,89,88) (S 148,87,101) (S 149,101,102) (S 150,102,103) (S 160,111,102) (S 162,101,112) (S 163,112,113) (S 168,112,99) (S 144,99,98) (D 0,1,1)
 0 1 16 14630 32600  15 (D 0,1,1) (S 207,141,142) (S 206,142,140) (S 203,139,128) (S 188,128,129) (S 202,129,138) (S 198,137,136) (S 212,136,146) (S 211,146,145) (S 217,145,148) (S 216,148,149) (S 215,148,147) (S 214,135,147) (S 213,147,146) (D 0,1,1)
 0 1 17 14425 39182  6 (D 0,1,1) (S 142,97,93) (S 137,94,95) (S 139,95,3) (S 140,3,96) (D 0,1,1)
 0 1 18 14576 28882  10 (D 0,1,1) (S 7,10,11) (S 44,11,33) (S 45,32,34) (S 50,35,37) (S 10,13,14) (S 62,14,44) (S 60,44,43) (S 59,43,41) (D 0,1,1)
 0 1 19 14651 27209  12 (D 0,1,1) (S 57,39,42) (S 58,42,43) (S 61,44,37) (S 51,37,13) (S 9,13,12) (S 8,12,11) (S 43,33,30) (S 40,30,31) (S 33,28,27) (S 29,26,8) (D 0,1,1)
 0 1 20 13801 36068  5 (D 0,1,1) (S 210,145,143) (S 209,143,144) (S 208,143,142) (D 0,1,1)
 0 1 21 13903 24082  16 (D 0,1,1) (S 13,16,17) (S 14,17,18) (S 17,19,7) (S 4,7,8) (S 5,8,9) (S 37,9,255) (S 342,233,234) (S 36,9,29) (S 35,29,28) (S 32,28,23) (S 22,23,22) (S 21,22,20) (S 18,20,16) (S 12,16,5) (D 0,1,1)
 0 1 22 14659 42550  13 (D 0,1,1) (S 340,232,231) (S 336,229,223) (S 334,223,227) (S 335,227,228) (S 333,223,225) (S 330,225,222) (S 327,222,221) (S 329,221,224) (S 332,224,226) (S 331,224,225) (S 328,222,223) (D 0,1,1)
 0 1 23 14549 43785  9 (D 0,1,1) (S 339,231,229) (S 371,250,247) (S 365,247,246) (S 363,246,245) (S 291,195,197) (S 292,197,186) (S 278,187,184) (D 0,1,1)
 0 1 24 10416 10944  12 (D 0,1,1) (S 1,1,5) (S 2,5,6) (S 15,6,18) (S 16,18,19) (S 20,19,21) (S 23,21,23) (S 25,23,24) (S 24,22,24) (S 26,24,25) (S 27,25,1) (D 0,1,1)
 0 1 25 14521 33957  7 (D 0,1,1) (S 127,88,86) (S 124,86,85) (S 123,85,84) (S 125,84,87) (S 126,87,86) (D 0,1,1)
 0 1 26 14491 48584  11 (D 0,1,1) (S 166,114,104) (S 152,104,105) (S 154,105,107) (S 157,108,109) (S 159,109,110) (S 158,109,107) (S 155,107,108) (S 156,108,106) (S 174,118,119) (D 0,1,1)
 0 1 27 14578 31344  7 (D 0,1,1) (S 181,124,122) (S 178,122,121) (S 177,121,117) (S 175,117,119) (S 176,119,120) (D 0,1,1)
 0 1 28 14675 43519  10 (D 0,1,1) (S 225,151,153) (S 242,157,161) (S 243,161,164) (S 251,164,169) (S 244,164,165) (S 245,165,161) (S 234,159,158) (S 221,151,150) (D 0,1,1)
 0 1 29 14681 20732  16 (D 0,1,1) (S 52,25,38) (S 53,38,39) (S 55,39,41) (S 56,41,34) (S 46,34,35) (S 47,35,36) (S 48,36,33) (S 42,33,32) (S 41,32,31) (S 39,31,29) (S 34,29,27) (S 31,27,26) (S 28,26,21) (S 19,21,20) (D 0,1,1)
 0 1 30 13271 33831  9 (D 0,1,1) (S 250,163,168) (S 259,176,175) (S 246,166,165) (S 237,161,159) (S 236,159,160) (S 235,160,158) (S 233,158,154) (D 0,1,1)
 0 1 31 14660 40683  13 (D 0,1,1) (S 6,9,10) (S 38,10,30) (S 49,36,12) (S 11,14,15) (S 63,15,45) (S 64,45,46) (S 67,49,48) (S 92,4,66) (S 91,66,65) (S 90,65,64) (S 89,64,60) (D 0,1,1)
 0 1 32 14660 38015  11 (D 0,1,1) (S 79,56,57) (S 88,62,63) (S 102,63,70) (S 99,69,70) (S 101,70,71) (S 103,71,72) (S 104,72,73) (S 108,73,75) (S 109,75,42) (D 0,1,1)
 0 1 33 14547 41362  15 (D 0,1,1) (S 105,74,73) (S 117,72,81) (S 122,80,84) (S 121,84,83) (S 120,83,82) (S 119,82,71) (S 100,71,69) (S 98,69,68) (S 136,68,94) (S 135,94,92) (S 143,91,99) (S 169,99,115) (S 183,124,125) (D 0,1,1)
 0 1 34 14660 38146  10 (D 0,1,1) (S 133,93,92) (S 132,92,91) (S 131,91,83) (S 118,82,81) (S 116,81,80) (S 115,80,78) (S 114,78,79) (S 113,78,76) (D 0,1,1)
 0 1 35 14613 29401  15 (D 0,1,1) (S 54,39,40) (S 112,40,77) (S 111,77,76) (S 110,76,75) (S 107,75,74) (S 106,74,62) (S 87,62,61) (S 86,61,57) (S 80,57,58) (S 81,58,56) (S 78,56,53) (S 76,53,55) (S 75,55,42) (D 0,1,1)
 0 1 36 14490 40668  15 (D 0,1,1) (S 77,44,54) (S 73,54,53) (S 72,53,52) (S 71,52,51) (S 70,51,50) (S 93,50,4) (S 94,4,48) (S 66,48,46) (S 65,46,47) (S 68,46,49) (S 69,49,50) (S 85,51,60) (S 83,59,52) (D 0,1,1)
 0 1 37 14544 48797  10 (D 0,1,1) (S 134,93,94) (S 138,95,68) (S 97,68,67) (S 96,66,67) (S 95,67,64) (S 84,60,59) (S 82,59,58) (S 74,54,55) (D 0,1,1)
 0 1 38 14592 53353  13 (D 0,1,1) (S 366,247,248) (S 361,245,244) (S 290,195,196) (S 296,196,199) (S 299,200,202) (S 298,201,200) (S 297,200,199) (S 295,199,198) (S 294,196,198) (S 293,198,197) (S 289,195,194) (D 0,1,1)
 0 1 39 14663 57128  9 (D 0,1,1) (S 300,201,202) (S 301,202,203) (S 303,203,251) (S 304,251,252) (S 305,252,204) (S 302,204,203) (S 307,201,206) (D 0,1,1)
 0 1 40 14521 65050  8 (D 0,1,1) (S 316,213,206) (S 310,207,208) (S 311,208,209) (S 312,209,210) (S 313,210,211) (S 314,210,212) (D 0,1,1)
 0 1 41 14522 60134  10 (D 0,1,1) (S 375,217,254) (S 374,212,254) (S 322,254,218) (S 323,218,219) (S 324,219,220) (S 325,219,216) (S 320,216,214) (S 372,250,229) (D 0,1,1)
 0 1 42 14670 62129  7 (D 0,1,1) (S 308,206,205) (S 306,204,205) (S 309,205,207) (S 315,207,212) (S 321,217,216) (D 0,1,1)
