1619030
42
2400219
2053765
 0 1 1 14617 46615  13 (D 0,1,1) (S 221,150,151) (S 234,158,159) (S 245,161,165) (S 243,161,164) (S 251,164,169) (S 244,164,165) (S 246,165,166) (S 259,175,176) (S 260,176,168) (S 249,168,167) (S 241,163,157) (D 0,1,1)
 0 1 2 14655 60134  9 (D 0,1,1) (S 320,214,216) (S 374,212,254) (S 322,254,218) (S 323,218,219) (S 324,219,220) (S 325,219,216) (S 364,215,246) (D 0,1,1)
 0 1 3 14681 42218  15 (D 0,1,1) (S 44,11,33) (S 49,36,12) (S 11,14,15) (S 63,15,45) (S 64,45,46) (S 65,46,47) (S 67,49,48) (S 94,4,48) (S 66,48,46) (S 68,46,49) (S 69,49,50) (S 71,51,52) (S 72,52,53) (D 0,1,1)
 0 1 4 13424 40820  9 (D 0,1,1) (S 319,215,214) (S 317,214,213) (S 318,213,215) (S 326,215,221) (S 330,222,225) (S 333,225,223) (S 336,223,229) (D 0,1,1)
 0 1 5 14687 56269  8 (D 0,1,1) (S 307,206,201) (S 303,203,251) (S 304,251,252) (S 305,252,204) (S 306,204,205) (S 308,205,206) (D 0,1,1)
 0 1 6 14542 31038  6 (D 0,1,1) (S 1,1,5) (S 177,121,117) (S 171,117,116) (S 180,116,123) (D 0,1,1)
 0 1 7 14533 33976  9 (D 0,1,1) (S 175,117,119) (S 176,119,120) (S 252,120,170) (S 253,170,171) (S 254,171,172) (S 255,172,173) (S 256,171,255) (D 0,1,1)
 0 1 8 14564 30806  11 (D 0,1,1) (S 186,127,98) (S 145,98,97) (S 141,97,96) (S 146,96,100) (S 147,100,2) (S 191,100,131) (S 190,131,130) (S 199,130,137) (S 200,137,138) (D 0,1,1)
 0 1 9 14570 41843  13 (D 0,1,1) (S 105,74,73) (S 117,72,81) (S 116,81,80) (S 122,80,84) (S 121,84,83) (S 119,82,71) (S 100,71,69) (S 98,69,68) (S 138,68,95) (S 137,95,94) (S 142,93,97) (D 0,1,1)
 0 1 10 14649 29437  16 (D 0,1,1) (S 75,42,55) (S 74,55,54) (S 73,54,53) (S 78,53,56) (S 81,56,58) (S 80,58,57) (S 86,57,61) (S 87,61,62) (S 106,62,74) (S 107,74,75) (S 110,75,76) (S 111,76,77) (S 112,77,40) (S 54,40,39) (D 0,1,1)
 0 1 11 14459 38185  10 (D 0,1,1) (S 134,93,94) (S 135,94,92) (S 131,91,83) (S 120,83,82) (S 118,82,81) (S 115,80,78) (S 114,78,79) (S 113,78,76) (D 0,1,1)
 0 1 12 14474 27513  14 (D 0,1,1) (S 220,150,125) (S 224,125,152) (S 229,155,121) (S 178,121,122) (S 181,122,124) (S 183,124,125) (S 184,125,126) (S 4,7,8) (S 29,8,26) (S 20,21,19) (S 14,18,17) (S 13,17,16) (D 0,1,1)
 0 1 13 14649 52317  16 (D 0,1,1) (S 339,231,229) (S 368,249,248) (S 289,194,195) (S 290,195,196) (S 294,196,198) (S 296,196,199) (S 297,199,200) (S 298,200,201) (S 300,201,202) (S 299,202,200) (S 295,199,198) (S 293,198,197) (S 291,197,195) (S 362,194,244) (D 0,1,1)
 0 1 14 14212 25466  11 (D 0,1,1) (S 3,6,7) (S 223,151,152) (S 228,152,155) (S 230,155,156) (S 238,156,162) (S 231,156,157) (S 232,157,154) (S 227,154,153) (S 225,153,151) (D 0,1,1)
 0 1 15 14521 65050  8 (D 0,1,1) (S 314,212,210) (S 313,210,211) (S 312,210,209) (S 311,209,208) (S 310,208,207) (S 316,206,213) (D 0,1,1)
 0 1 16 14664 30726  11 (D 0,1,1) (S 2,5,6) (S 345,230,235) (S 352,235,240) (S 369,240,249) (S 370,249,250) (S 341,232,233) (S 17,7,19) (S 16,19,18) (S 15,18,6) (D 0,1,1)
 0 1 17 14654 44930  13 (D 0,1,1) (S 174,119,118) (S 153,106,105) (S 152,105,104) (S 151,104,103) (S 161,111,103) (S 150,103,102) (S 149,102,101) (S 148,101,87) (S 128,88,89) (S 129,89,90) (S 130,89,255) (D 0,1,1)
 0 1 18 14478 28940  11 (D 0,1,1) (S 59,41,43) (S 62,44,14) (S 10,14,13) (S 50,37,35) (S 47,35,36) (S 48,36,33) (S 42,32,33) (S 43,33,30) (S 38,30,10) (D 0,1,1)
 0 1 19 14549 41253  7 (D 0,1,1) (S 144,98,99) (S 143,99,91) (S 132,91,92) (S 139,95,3) (S 140,3,96) (D 0,1,1)
 0 1 20 14539 46725  14 (D 0,1,1) (S 182,124,123) (S 170,116,115) (S 166,114,104) (S 154,105,107) (S 157,108,109) (S 159,109,110) (S 158,109,107) (S 155,107,108) (S 156,108,106) (S 172,106,118) (S 173,118,117) (S 179,122,123) (D 0,1,1)
 0 1 21 14296 36465  13 (D 0,1,1) (S 248,163,167) (S 247,167,166) (S 258,166,175) (S 262,175,177) (S 266,177,180) (S 267,180,181) (S 268,181,177) (S 261,177,176) (S 250,168,163) (S 240,163,162) (S 239,162,120) (D 0,1,1)
 0 1 22 14695 39226  14 (D 0,1,1) (S 76,55,53) (S 83,52,59) (S 89,60,64) (S 90,64,65) (S 91,65,66) (S 92,66,4) (S 93,4,50) (S 70,50,51) (S 85,51,60) (S 84,60,59) (S 82,59,58) (S 77,54,44) (D 0,1,1)
 0 1 23 14257 35487  8 (D 0,1,1) (S 263,166,178) (S 264,178,179) (S 265,179,180) (S 269,181,182) (S 270,182,174) (S 257,174,170) (D 0,1,1)
 0 1 24 14405 36068  6 (D 0,1,1) (S 208,142,143) (S 209,143,144) (S 210,143,145) (S 212,146,136) (D 0,1,1)
 0 1 25 11636 24539  5 (D 0,1,1) (S 344,232,234) (S 342,234,233) (S 343,233,255) (D 0,1,1)
 0 1 26 14276 40465  10 (D 0,1,1) (S 167,115,113) (S 164,113,114) (S 165,114,111) (S 160,111,102) (S 162,101,112) (S 163,112,113) (S 168,112,99) (S 169,99,115) (D 0,1,1)
 0 1 27 14353 21930  13 (D 0,1,1) (S 52,25,38) (S 53,38,39) (S 55,39,41) (S 56,41,34) (S 46,34,35) (S 45,34,32) (S 41,32,31) (S 40,31,30) (S 39,31,29) (S 36,29,9) (S 5,9,8) (D 0,1,1)
 0 1 28 14666 47725  7 (D 0,1,1) (S 133,93,92) (S 136,94,68) (S 97,68,67) (S 96,66,67) (S 95,67,64) (D 0,1,1)
 0 1 29 14625 62988  8 (D 0,1,1) (S 301,202,203) (S 302,203,204) (S 309,205,207) (S 315,207,212) (S 375,254,217) (S 321,217,216) (D 0,1,1)
 0 1 30 14660 38015  11 (D 0,1,1) (S 79,56,57) (S 88,62,63) (S 102,63,70) (S 99,69,70) (S 101,70,71) (S 103,71,72) (S 104,72,73) (S 108,73,75) (S 109,75,42) (D 0,1,1)
 0 1 31 14638 42970  13 (D 0,1,1) (S 335,227,228) (S 334,227,223) (S 328,223,222) (S 331,225,224) (S 332,224,226) (S 329,224,221) (S 327,221,222) (S 373,222,247) (S 372,250,229) (S 340,231,232) (S 30,255,7) (D 0,1,1)
 0 1 32 14534 42304  13 (D 0,1,1) (S 338,231,230) (S 351,235,239) (S 354,239,241) (S 355,241,242) (S 356,242,192) (S 357,242,243) (S 359,243,244) (S 361,244,245) (S 360,245,243) (S 358,243,241) (S 353,241,240) (D 0,1,1)
 0 1 33 14287 37957  7 (D 0,1,1) (S 371,250,247) (S 365,247,246) (S 363,246,245) (S 367,245,248) (S 366,248,247) (D 0,1,1)
 0 1 34 14645 18292  18 (D 0,1,1) (S 27,1,25) (S 26,25,24) (S 24,24,22) (S 22,22,23) (S 23,23,21) (S 28,21,26) (S 31,26,27) (S 33,27,28) (S 35,28,29) (S 34,29,27) (S 32,28,23) (S 25,23,24) (S 21,22,20) (S 19,20,21) (S 18,20,16) (S 12,16,5) (D 0,1,1)
 0 1 35 14623 30924  8 (D 0,1,1) (S 226,152,153) (S 242,157,161) (S 237,161,159) (S 236,159,160) (S 235,160,158) (S 233,158,154) (D 0,1,1)
 0 1 36 14670 47896  8 (D 0,1,1) (S 275,178,185) (S 277,185,253) (S 274,184,185) (S 276,185,186) (S 279,186,187) (S 280,187,188) (D 0,1,1)
 0 1 37 14521 33957  7 (D 0,1,1) (S 127,88,86) (S 126,86,87) (S 125,87,84) (S 123,84,85) (S 124,85,86) (D 0,1,1)
 0 1 38 14661 24461  12 (D 0,1,1) (S 57,39,42) (S 58,42,43) (S 60,43,44) (S 61,44,37) (S 51,37,13) (S 9,13,12) (S 8,12,11) (S 7,11,10) (S 6,10,9) (S 37,9,255) (D 0,1,1)
 0 1 39 13359 41385  14 (D 0,1,1) (S 281,174,188) (S 282,188,189) (S 284,189,191) (S 286,191,193) (S 285,191,192) (S 287,192,193) (S 349,193,238) (S 350,238,239) (S 348,238,236) (S 347,236,237) (S 346,236,235) (S 337,230,229) (D 0,1,1)
 0 1 40 13897 30464  15 (D 0,1,1) (S 219,150,126) (S 185,126,127) (S 187,127,128) (S 189,129,130) (S 193,131,132) (S 192,132,100) (S 194,132,133) (S 195,133,134) (S 196,133,135) (S 214,135,147) (S 213,147,146) (S 206,140,142) (S 207,142,141) (D 0,1,1)
 0 1 41 14359 41284  9 (D 0,1,1) (S 283,189,190) (S 288,190,194) (S 292,197,186) (S 278,187,184) (S 273,184,179) (S 272,179,183) (S 271,183,174) (D 0,1,1)
 0 1 42 14044 29967  16 (D 0,1,1) (S 201,139,138) (S 198,137,136) (S 197,136,135) (S 215,147,148) (S 216,148,149) (S 217,148,145) (S 211,145,146) (S 202,138,129) (S 188,129,128) (S 203,128,139) (S 204,139,140) (S 205,140,141) (S 218,141,150) (S 222,150,255) (D 0,1,1)
