1621652
42
1802387
1529038
 0 1 1 14158 27974  10 (D 0,1,1) (S 7,10,11) (S 44,11,33) (S 48,33,36) (S 49,36,12) (S 9,12,13) (S 10,13,14) (S 62,14,44) (S 59,43,41) (D 0,1,1)
 0 1 2 14672 40484  8 (D 0,1,1) (S 145,98,97) (S 140,96,3) (S 139,3,95) (S 135,94,92) (S 132,92,91) (S 180,116,123) (D 0,1,1)
 0 1 3 14592 36328  12 (D 0,1,1) (S 257,170,174) (S 281,174,188) (S 282,188,189) (S 284,189,191) (S 286,191,193) (S 348,238,236) (S 347,236,237) (S 346,236,235) (S 337,230,229) (S 339,229,231) (D 0,1,1)
 0 1 4 14535 31177  11 (D 0,1,1) (S 186,127,98) (S 141,97,96) (S 146,96,100) (S 147,100,2) (S 192,100,132) (S 193,132,131) (S 190,131,130) (S 199,130,137) (S 200,137,138) (D 0,1,1)
 0 1 5 14175 39070  9 (D 0,1,1) (S 144,98,99) (S 143,99,91) (S 131,91,83) (S 120,82,83) (S 121,83,84) (S 123,84,85) (S 124,85,86) (D 0,1,1)
 0 1 6 14665 39896  12 (D 0,1,1) (S 285,191,192) (S 357,242,243) (S 359,243,244) (S 361,244,245) (S 360,245,243) (S 358,243,241) (S 354,241,239) (S 345,235,230) (S 338,230,231) (S 340,231,232) (D 0,1,1)
 0 1 7 14334 38400  10 (D 0,1,1) (S 336,229,223) (S 334,223,227) (S 335,227,228) (S 333,223,225) (S 330,225,222) (S 327,221,222) (S 328,222,223) (S 341,232,233) (D 0,1,1)
 0 1 8 14612 37671  14 (D 0,1,1) (S 108,75,73) (S 104,73,72) (S 103,72,71) (S 100,71,69) (S 99,69,70) (S 102,70,63) (S 88,63,62) (S 87,62,61) (S 86,61,57) (S 80,57,58) (S 73,53,54) (S 77,54,44) (D 0,1,1)
 0 1 9 14584 38084  9 (D 0,1,1) (S 113,76,78) (S 114,78,79) (S 115,78,80) (S 106,74,62) (S 79,57,56) (S 78,56,53) (S 75,55,42) (D 0,1,1)
 0 1 10 14594 60134  9 (D 0,1,1) (S 374,212,254) (S 322,254,218) (S 323,218,219) (S 324,219,220) (S 325,219,216) (S 320,216,214) (S 319,214,215) (D 0,1,1)
 0 1 11 14684 37656  6 (D 0,1,1) (S 171,116,117) (S 175,117,119) (S 176,119,120) (S 238,162,156) (D 0,1,1)
 0 1 12 14287 37957  7 (D 0,1,1) (S 371,250,247) (S 366,247,248) (S 367,248,245) (S 363,245,246) (S 365,246,247) (D 0,1,1)
 0 1 13 14503 43940  7 (D 0,1,1) (S 247,167,166) (S 244,165,164) (S 251,164,169) (S 243,164,161) (S 237,161,159) (D 0,1,1)
 0 1 14 14384 46870  11 (D 0,1,1) (S 133,93,92) (S 136,94,68) (S 97,68,67) (S 92,66,4) (S 67,48,49) (S 69,49,50) (S 70,50,51) (S 85,51,60) (S 82,59,58) (D 0,1,1)
 0 1 15 14408 21417  23 (D 0,1,1) (S 18,16,20) (S 21,20,22) (S 24,22,24) (S 22,22,23) (S 32,23,28) (S 35,28,29) (S 36,29,9) (S 6,9,10) (S 38,10,30) (S 40,31,30) (S 43,30,33) (S 42,33,32) (S 41,32,31) (S 39,31,29) (S 34,29,27) (S 33,27,28) (S 31,27,26) (S 20,21,19) (S 14,18,17) (S 13,17,16) (S 12,16,5) (D 0,1,1)
 0 1 16 14637 39629  13 (D 0,1,1) (S 74,55,54) (S 72,53,52) (S 83,52,59) (S 89,60,64) (S 90,64,65) (S 91,65,66) (S 96,66,67) (S 95,67,64) (S 84,60,59) (S 81,58,56) (S 76,53,55) (D 0,1,1)
 0 1 17 14128 52317  14 (D 0,1,1) (S 290,195,196) (S 294,196,198) (S 295,198,199) (S 299,200,202) (S 300,202,201) (S 298,201,200) (S 297,200,199) (S 296,199,196) (S 293,198,197) (S 289,195,194) (S 362,194,244) (S 368,248,249) (D 0,1,1)
 0 1 18 14667 45390  10 (D 0,1,1) (S 373,247,222) (S 331,225,224) (S 332,224,226) (S 329,224,221) (S 326,221,215) (S 318,215,213) (S 317,213,214) (S 364,215,246) (D 0,1,1)
 0 1 19 14687 56269  8 (D 0,1,1) (S 307,206,201) (S 303,203,251) (S 304,251,252) (S 305,252,204) (S 306,204,205) (S 308,205,206) (D 0,1,1)
 0 1 20 14599 36068  7 (D 0,1,1) (S 218,150,141) (S 208,142,143) (S 209,143,144) (S 210,143,145) (S 201,138,139) (D 0,1,1)
 0 1 21 14597 34384  10 (D 0,1,1) (S 225,151,153) (S 242,157,161) (S 245,161,165) (S 246,165,166) (S 263,166,178) (S 264,178,179) (S 272,179,183) (S 271,183,174) (D 0,1,1)
 0 1 22 13905 24157  11 (D 0,1,1) (S 184,126,125) (S 183,125,124) (S 182,124,123) (S 179,123,122) (S 178,122,121) (S 229,121,155) (S 228,155,152) (S 223,152,151) (S 221,151,150) (D 0,1,1)
 0 1 23 13364 33138  14 (D 0,1,1) (S 253,171,170) (S 270,174,182) (S 269,182,181) (S 267,181,180) (S 266,180,177) (S 262,177,175) (S 258,166,175) (S 259,175,176) (S 260,176,168) (S 250,168,163) (S 241,163,157) (S 30,255,7) (D 0,1,1)
 0 1 24 14250 38392  13 (D 0,1,1) (S 372,229,250) (S 370,250,249) (S 352,240,235) (S 351,235,239) (S 350,239,238) (S 349,238,193) (S 287,193,192) (S 356,192,242) (S 355,242,241) (S 353,241,240) (S 369,240,249) (D 0,1,1)
 0 1 25 14625 62988  8 (D 0,1,1) (S 301,202,203) (S 302,203,204) (S 309,205,207) (S 315,207,212) (S 375,254,217) (S 321,217,216) (D 0,1,1)
 0 1 26 14468 26986  7 (D 0,1,1) (S 5,8,9) (S 37,9,255) (S 343,255,233) (S 342,233,234) (S 344,234,232) (D 0,1,1)
 0 1 27 14417 29067  13 (D 0,1,1) (S 220,150,125) (S 224,125,152) (S 226,152,153) (S 227,153,154) (S 234,158,159) (S 236,159,160) (S 235,160,158) (S 233,158,154) (S 232,154,157) (S 231,157,156) (S 230,156,155) (D 0,1,1)
 0 1 28 14493 48584  11 (D 0,1,1) (S 166,114,104) (S 154,105,107) (S 158,107,109) (S 159,109,110) (S 157,109,108) (S 155,107,108) (S 156,108,106) (S 172,106,118) (S 174,118,119) (D 0,1,1)
 0 1 29 13296 30416  15 (D 0,1,1) (S 2,5,6) (S 207,141,142) (S 206,142,140) (S 204,140,139) (S 198,137,136) (S 197,136,135) (S 214,135,147) (S 196,135,133) (S 195,133,134) (S 194,133,132) (S 191,100,131) (S 189,130,129) (S 203,128,139) (D 0,1,1)
 0 1 30 14550 29764  13 (D 0,1,1) (S 58,42,43) (S 60,43,44) (S 61,44,37) (S 51,37,13) (S 50,37,35) (S 47,35,36) (S 46,35,34) (S 45,32,34) (S 56,34,41) (S 55,41,39) (S 52,38,25) (D 0,1,1)
 0 1 31 14308 41491  12 (D 0,1,1) (S 142,97,93) (S 134,93,94) (S 137,94,95) (S 138,95,68) (S 98,68,69) (S 101,70,71) (S 119,71,82) (S 118,82,81) (S 105,73,74) (S 107,74,75) (D 0,1,1)
 0 1 32 14330 41823  12 (D 0,1,1) (S 8,11,12) (S 11,14,15) (S 63,15,45) (S 64,45,46) (S 68,46,49) (S 65,46,47) (S 66,46,48) (S 94,48,4) (S 93,4,50) (S 71,51,52) (D 0,1,1)
 0 1 33 14699 35059  11 (D 0,1,1) (S 130,255,89) (S 129,89,90) (S 128,89,88) (S 127,88,86) (S 126,86,87) (S 125,87,84) (S 122,84,80) (S 116,80,81) (S 117,81,72) (D 0,1,1)
 0 1 34 14330 23452  9 (D 0,1,1) (S 53,38,39) (S 57,39,42) (S 109,42,75) (S 110,75,76) (S 111,76,77) (S 112,77,40) (S 54,40,39) (D 0,1,1)
 0 1 35 14580 40465  11 (D 0,1,1) (S 170,116,115) (S 169,115,99) (S 168,99,112) (S 162,112,101) (S 160,102,111) (S 165,111,114) (S 164,114,113) (S 163,112,113) (S 167,113,115) (D 0,1,1)
 0 1 36 14558 33546  13 (D 0,1,1) (S 268,181,177) (S 261,177,176) (S 249,168,167) (S 248,167,163) (S 240,163,162) (S 239,162,120) (S 252,120,170) (S 255,172,173) (S 254,172,171) (S 256,171,255) (S 3,7,6) (D 0,1,1)
 0 1 37 14521 65050  8 (D 0,1,1) (S 314,212,210) (S 313,210,211) (S 312,210,209) (S 311,209,208) (S 310,208,207) (S 316,206,213) (D 0,1,1)
 0 1 38 14636 29644  15 (D 0,1,1) (S 222,255,150) (S 205,141,140) (S 213,146,147) (S 215,147,148) (S 216,148,149) (S 217,148,145) (S 211,145,146) (S 212,146,136) (S 202,138,129) (S 188,129,128) (S 187,128,127) (S 185,127,126) (S 219,126,150) (D 0,1,1)
 0 1 39 14670 47896  8 (D 0,1,1) (S 275,178,185) (S 274,184,185) (S 277,185,253) (S 276,185,186) (S 279,186,187) (S 280,187,188) (D 0,1,1)
 0 1 40 14698 40806  12 (D 0,1,1) (S 148,87,101) (S 149,101,102) (S 150,102,103) (S 161,111,103) (S 151,103,104) (S 152,104,105) (S 153,105,106) (S 173,118,117) (S 177,117,121) (S 181,122,124) (D 0,1,1)
 0 1 41 12394 13619  14 (D 0,1,1) (S 27,1,25) (S 26,25,24) (S 25,24,23) (S 23,23,21) (S 19,20,21) (S 28,21,26) (S 29,26,8) (S 4,8,7) (S 17,7,19) (S 16,19,18) (S 15,18,6) (S 1,5,1) (D 0,1,1)
 0 1 42 14634 44194  9 (D 0,1,1) (S 265,180,179) (S 273,179,184) (S 278,184,187) (S 292,186,197) (S 291,197,195) (S 288,194,190) (S 283,190,189) (D 0,1,1)
