1616713
42
1801771
1101585
 0 1 1 8413 10801  10 (D 0,1,1) (S 27,1,25) (S 26,25,24) (S 24,22,24) (S 25,24,23) (S 23,23,21) (S 19,21,20) (S 18,20,16) (S 12,16,5) (D 0,1,1)
 0 1 2 13886 26035  15 (D 0,1,1) (S 4,7,8) (S 5,8,9) (S 342,233,234) (S 36,9,29) (S 35,29,28) (S 33,28,27) (S 31,27,26) (S 29,8,26) (S 28,26,21) (S 20,21,19) (S 16,19,18) (S 15,18,6) (S 2,6,5) (D 0,1,1)
 0 1 3 14370 35032  9 (D 0,1,1) (S 176,119,120) (S 239,162,120) (S 252,120,170) (S 253,170,171) (S 254,171,172) (S 255,172,173) (S 256,171,255) (D 0,1,1)
 0 1 4 14334 28261  12 (D 0,1,1) (S 222,255,150) (S 219,150,126) (S 185,126,127) (S 186,127,98) (S 145,98,97) (S 141,97,96) (S 146,96,100) (S 191,100,131) (S 189,130,129) (S 203,128,139) (D 0,1,1)
 0 1 5 14573 36068  6 (D 0,1,1) (S 208,142,143) (S 209,143,144) (S 210,143,145) (S 204,139,140) (D 0,1,1)
 0 1 6 14595 32589  16 (D 0,1,1) (S 218,150,141) (S 205,141,140) (S 201,139,138) (S 213,146,147) (S 196,135,133) (S 195,133,134) (S 194,133,132) (S 192,132,100) (S 147,100,2) (S 193,132,131) (S 190,131,130) (S 199,130,137) (S 206,140,142) (S 207,142,141) (D 0,1,1)
 0 1 7 14457 24503  11 (D 0,1,1) (S 221,150,151) (S 223,151,152) (S 226,152,153) (S 228,152,155) (S 229,155,121) (S 178,121,122) (S 181,122,124) (S 183,124,125) (S 220,125,150) (D 0,1,1)
 0 1 8 14643 29399  13 (D 0,1,1) (S 225,151,153) (S 227,153,154) (S 234,158,159) (S 236,159,160) (S 235,160,158) (S 233,158,154) (S 232,154,157) (S 231,157,156) (S 230,156,155) (S 224,152,125) (S 184,125,126) (D 0,1,1)
 0 1 9 14690 46250  13 (D 0,1,1) (S 182,124,123) (S 166,114,104) (S 152,104,105) (S 154,105,107) (S 157,108,109) (S 159,109,110) (S 158,109,107) (S 155,107,108) (S 156,108,106) (S 172,106,118) (S 173,118,117) (D 0,1,1)
 0 1 10 14240 41355  12 (D 0,1,1) (S 282,188,189) (S 283,189,190) (S 288,190,194) (S 362,194,244) (S 359,244,243) (S 358,243,241) (S 355,241,242) (S 356,242,192) (S 285,192,191) (S 284,191,189) (D 0,1,1)
 0 1 11 14516 31513  7 (D 0,1,1) (S 180,123,116) (S 171,116,117) (S 177,117,121) (S 179,122,123) (S 30,255,7) (D 0,1,1)
 0 1 12 14047 44930  13 (D 0,1,1) (S 130,255,89) (S 129,89,90) (S 128,89,88) (S 148,87,101) (S 149,101,102) (S 150,102,103) (S 161,111,103) (S 151,103,104) (S 153,105,106) (S 174,118,119) (S 175,119,117) (D 0,1,1)
 0 1 13 14624 25311  9 (D 0,1,1) (S 1,1,5) (S 13,16,17) (S 14,17,18) (S 17,19,7) (S 344,234,232) (S 341,232,233) (S 343,233,255) (D 0,1,1)
 0 1 14 14677 26192  10 (D 0,1,1) (S 57,39,42) (S 58,42,43) (S 62,44,14) (S 10,14,13) (S 9,13,12) (S 8,12,11) (S 44,33,11) (S 7,11,10) (D 0,1,1)
 0 1 15 14592 27469  14 (D 0,1,1) (S 37,255,9) (S 6,9,10) (S 38,10,30) (S 43,30,33) (S 42,32,33) (S 48,33,36) (S 47,36,35) (S 50,35,37) (S 51,37,13) (S 61,37,44) (S 60,44,43) (S 59,43,41) (D 0,1,1)
 0 1 16 14229 30387  15 (D 0,1,1) (S 3,6,7) (S 187,127,128) (S 188,128,129) (S 202,129,138) (S 200,138,137) (S 212,136,146) (S 211,146,145) (S 217,145,148) (S 216,148,149) (S 215,148,147) (S 214,147,135) (S 197,135,136) (S 198,136,137) (D 0,1,1)
 0 1 17 14485 38365  12 (D 0,1,1) (S 337,230,229) (S 369,249,240) (S 352,240,235) (S 346,235,236) (S 347,236,237) (S 348,236,238) (S 351,239,235) (S 345,235,230) (S 338,230,231) (S 340,231,232) (D 0,1,1)
 0 1 18 14537 22071  15 (D 0,1,1) (S 21,20,22) (S 22,22,23) (S 32,23,28) (S 34,27,29) (S 39,29,31) (S 40,31,30) (S 41,31,32) (S 45,32,34) (S 46,34,35) (S 56,34,41) (S 55,41,39) (S 53,39,38) (S 52,38,25) (D 0,1,1)
 0 1 19 14689 35953  11 (D 0,1,1) (S 242,157,161) (S 245,161,165) (S 246,165,166) (S 262,175,177) (S 261,177,176) (S 249,168,167) (S 248,167,163) (S 240,163,162) (S 238,162,156) (D 0,1,1)
 0 1 20 14503 43940  7 (D 0,1,1) (S 247,167,166) (S 244,165,164) (S 251,164,169) (S 243,164,161) (S 237,161,159) (D 0,1,1)
 0 1 21 14580 40465  11 (D 0,1,1) (S 169,115,99) (S 168,99,112) (S 162,112,101) (S 160,102,111) (S 165,111,114) (S 164,114,113) (S 163,112,113) (S 167,113,115) (S 170,115,116) (D 0,1,1)
 0 1 22 14549 41253  7 (D 0,1,1) (S 140,96,3) (S 139,3,95) (S 132,92,91) (S 143,91,99) (S 144,99,98) (D 0,1,1)
 0 1 23 14416 37555  11 (D 0,1,1) (S 273,179,184) (S 274,184,185) (S 275,185,178) (S 263,178,166) (S 258,166,175) (S 259,175,176) (S 260,176,168) (S 250,168,163) (S 241,163,157) (D 0,1,1)
 0 1 24 14577 33601  10 (D 0,1,1) (S 257,170,174) (S 270,174,182) (S 269,182,181) (S 268,181,177) (S 266,177,180) (S 267,180,181) (S 265,180,179) (S 272,179,183) (D 0,1,1)
 0 1 25 14544 44898  8 (D 0,1,1) (S 271,174,183) (S 264,179,178) (S 277,185,253) (S 276,185,186) (S 280,187,188) (S 281,188,174) (D 0,1,1)
 0 1 26 14502 42970  11 (D 0,1,1) (S 373,247,222) (S 330,222,225) (S 331,225,224) (S 332,224,226) (S 329,224,221) (S 328,222,223) (S 334,223,227) (S 335,227,228) (S 336,223,229) (D 0,1,1)
 0 1 27 14677 61233  8 (D 0,1,1) (S 333,223,225) (S 327,222,221) (S 326,221,215) (S 374,254,212) (S 315,212,207) (S 309,207,205) (D 0,1,1)
 0 1 28 14650 67218  8 (D 0,1,1) (S 310,207,208) (S 311,208,209) (S 312,209,210) (S 313,210,211) (S 314,210,212) (S 322,254,218) (D 0,1,1)
 0 1 29 14656 58584  9 (D 0,1,1) (S 319,215,214) (S 320,214,216) (S 325,216,219) (S 324,219,220) (S 323,219,218) (S 375,254,217) (S 321,217,216) (D 0,1,1)
 0 1 30 14699 54770  11 (D 0,1,1) (S 361,245,244) (S 289,194,195) (S 290,195,196) (S 295,198,199) (S 299,200,202) (S 302,203,204) (S 306,204,205) (S 308,205,206) (S 316,206,213) (D 0,1,1)
 0 1 31 14640 43179  13 (D 0,1,1) (S 353,240,241) (S 354,241,239) (S 350,239,238) (S 349,238,193) (S 286,191,193) (S 287,193,192) (S 357,242,243) (S 360,243,245) (S 368,248,249) (S 370,249,250) (S 372,250,229) (D 0,1,1)
 0 1 32 14668 49218  12 (D 0,1,1) (S 278,184,187) (S 279,187,186) (S 292,186,197) (S 291,195,197) (S 293,197,198) (S 294,198,196) (S 296,196,199) (S 297,199,200) (S 298,200,201) (S 364,215,246) (D 0,1,1)
 0 1 33 14613 29401  15 (D 0,1,1) (S 54,39,40) (S 112,40,77) (S 111,77,76) (S 110,76,75) (S 107,75,74) (S 106,74,62) (S 87,62,61) (S 86,61,57) (S 80,57,58) (S 81,58,56) (S 78,56,53) (S 76,53,55) (S 75,55,42) (D 0,1,1)
 0 1 34 14507 37957  8 (D 0,1,1) (S 339,231,229) (S 366,247,248) (S 367,248,245) (S 363,245,246) (S 365,246,247) (S 371,247,250) (D 0,1,1)
 0 1 35 14692 57223  10 (D 0,1,1) (S 317,214,213) (S 307,206,201) (S 300,201,202) (S 301,202,203) (S 303,203,251) (S 304,251,252) (S 305,252,204) (S 318,213,215) (D 0,1,1)
 0 1 36 14589 39613  14 (D 0,1,1) (S 74,55,54) (S 82,58,59) (S 85,60,51) (S 70,51,50) (S 93,50,4) (S 94,4,48) (S 66,48,46) (S 65,46,47) (S 64,46,45) (S 63,45,15) (S 11,15,14) (S 49,12,36) (D 0,1,1)
 0 1 37 14563 39393  14 (D 0,1,1) (S 109,42,75) (S 108,75,73) (S 104,73,72) (S 117,72,81) (S 118,81,82) (S 120,82,83) (S 119,82,71) (S 100,71,69) (S 99,69,70) (S 101,70,71) (S 103,71,72) (S 105,73,74) (D 0,1,1)
 0 1 38 14587 38831  9 (D 0,1,1) (S 131,91,83) (S 121,83,84) (S 122,84,80) (S 116,80,81) (S 115,80,78) (S 114,78,79) (S 113,78,76) (D 0,1,1)
 0 1 39 14674 46246  13 (D 0,1,1) (S 71,52,51) (S 69,50,49) (S 68,46,49) (S 67,49,48) (S 92,4,66) (S 95,67,64) (S 89,64,60) (S 84,60,59) (S 83,59,52) (S 72,52,53) (S 77,54,44) (D 0,1,1)
 0 1 40 14521 33957  7 (D 0,1,1) (S 126,86,87) (S 125,87,84) (S 123,84,85) (S 124,85,86) (S 127,86,88) (D 0,1,1)
 0 1 41 14610 43253  9 (D 0,1,1) (S 133,93,92) (S 135,92,94) (S 136,94,68) (S 97,68,67) (S 96,67,66) (S 91,66,65) (S 90,65,64) (D 0,1,1)
 0 1 42 14614 39471  11 (D 0,1,1) (S 142,97,93) (S 134,93,94) (S 137,94,95) (S 138,95,68) (S 98,68,69) (S 102,70,63) (S 88,63,62) (S 79,57,56) (S 73,53,54) (D 0,1,1)
