1613052
42
1801974
1728281
 0 1 1 14347 17715  20 (D 0,1,1) (S 27,1,25) (S 26,25,24) (S 22,22,23) (S 32,23,28) (S 35,28,29) (S 36,29,9) (S 6,9,10) (S 38,10,30) (S 40,30,31) (S 39,31,29) (S 34,29,27) (S 33,27,28) (S 31,27,26) (S 28,26,21) (S 20,21,19) (S 16,19,18) (S 14,18,17) (S 13,17,16) (D 0,1,1)
 0 1 2 9547 13474  15 (D 0,1,1) (S 1,1,5) (S 2,5,6) (S 15,6,18) (S 17,19,7) (S 4,7,8) (S 29,8,26) (S 21,20,22) (S 24,22,24) (S 25,24,23) (S 23,23,21) (S 19,21,20) (S 18,20,16) (S 12,16,5) (D 0,1,1)
 0 1 3 14622 36068  6 (D 0,1,1) (S 3,6,7) (S 210,145,143) (S 209,143,144) (S 208,143,142) (D 0,1,1)
 0 1 4 14560 31534  15 (D 0,1,1) (S 207,141,142) (S 206,142,140) (S 212,136,146) (S 211,146,145) (S 217,145,148) (S 216,148,149) (S 215,148,147) (S 214,135,147) (S 213,147,146) (S 198,136,137) (S 200,137,138) (S 201,138,139) (S 204,139,140) (D 0,1,1)
 0 1 5 13789 30584  13 (D 0,1,1) (S 185,126,127) (S 187,127,128) (S 189,129,130) (S 190,130,131) (S 191,131,100) (S 147,100,2) (S 194,132,133) (S 195,133,134) (S 196,133,135) (S 197,135,136) (S 222,150,255) (D 0,1,1)
 0 1 6 14360 29119  14 (D 0,1,1) (S 219,150,126) (S 186,127,98) (S 141,97,96) (S 146,96,100) (S 192,100,132) (S 193,132,131) (S 199,130,137) (S 202,138,129) (S 188,129,128) (S 203,128,139) (S 205,140,141) (S 218,141,150) (D 0,1,1)
 0 1 7 14697 48145  13 (D 0,1,1) (S 221,150,151) (S 234,158,159) (S 244,165,164) (S 251,164,169) (S 243,164,161) (S 245,161,165) (S 246,165,166) (S 258,166,175) (S 259,175,176) (S 250,168,163) (S 231,157,156) (D 0,1,1)
 0 1 8 14680 36073  12 (D 0,1,1) (S 232,154,157) (S 241,157,163) (S 249,167,168) (S 260,168,176) (S 261,176,177) (S 268,177,181) (S 266,180,177) (S 262,177,175) (S 227,154,153) (S 225,153,151) (D 0,1,1)
 0 1 9 14623 30924  8 (D 0,1,1) (S 226,152,153) (S 242,157,161) (S 237,161,159) (S 236,159,160) (S 235,160,158) (S 233,158,154) (D 0,1,1)
 0 1 10 14569 32785  6 (D 0,1,1) (S 223,151,152) (S 229,155,121) (S 171,117,116) (S 180,116,123) (D 0,1,1)
 0 1 11 14645 48584  12 (D 0,1,1) (S 182,124,123) (S 166,114,104) (S 154,105,107) (S 155,107,108) (S 157,108,109) (S 159,109,110) (S 158,109,107) (S 156,108,106) (S 174,118,119) (S 181,122,124) (D 0,1,1)
 0 1 12 14691 40806  12 (D 0,1,1) (S 178,122,121) (S 173,117,118) (S 172,118,106) (S 153,106,105) (S 152,105,104) (S 151,104,103) (S 161,111,103) (S 150,103,102) (S 149,102,101) (S 148,101,87) (D 0,1,1)
 0 1 13 14580 40465  11 (D 0,1,1) (S 167,115,113) (S 162,112,101) (S 160,102,111) (S 165,111,114) (S 164,114,113) (S 163,113,112) (S 168,112,99) (S 169,99,115) (S 170,115,116) (D 0,1,1)
 0 1 14 14698 35272  9 (D 0,1,1) (S 127,88,86) (S 124,86,85) (S 123,85,84) (S 122,84,80) (S 117,81,72) (S 105,73,74) (S 107,74,75) (D 0,1,1)
 0 1 15 14677 31620  15 (D 0,1,1) (S 77,44,54) (S 73,54,53) (S 72,53,52) (S 83,52,59) (S 82,59,58) (S 81,58,56) (S 86,57,61) (S 87,61,62) (S 106,62,74) (S 110,75,76) (S 111,76,77) (S 112,77,40) (S 54,40,39) (D 0,1,1)
 0 1 16 14051 28095  7 (D 0,1,1) (S 130,255,89) (S 129,89,90) (S 342,233,234) (S 344,234,232) (S 30,255,7) (D 0,1,1)
 0 1 17 14529 40167  13 (D 0,1,1) (S 343,255,233) (S 345,230,235) (S 346,235,236) (S 347,236,237) (S 348,236,238) (S 349,238,193) (S 350,238,239) (S 351,239,235) (S 352,235,240) (S 337,229,230) (S 338,230,231) (D 0,1,1)
 0 1 18 14659 42550  13 (D 0,1,1) (S 336,229,223) (S 335,227,228) (S 334,227,223) (S 328,223,222) (S 331,225,224) (S 332,224,226) (S 329,224,221) (S 327,221,222) (S 330,222,225) (S 333,225,223) (S 340,231,232) (D 0,1,1)
 0 1 19 14375 37164  7 (D 0,1,1) (S 341,233,232) (S 373,247,222) (S 326,221,215) (S 364,215,246) (S 371,247,250) (D 0,1,1)
 0 1 20 14350 27126  10 (D 0,1,1) (S 41,31,32) (S 45,32,34) (S 50,35,37) (S 51,37,13) (S 10,13,14) (S 62,14,44) (S 58,43,42) (S 57,42,39) (D 0,1,1)
 0 1 21 14256 22445  13 (D 0,1,1) (S 5,8,9) (S 7,10,11) (S 42,32,33) (S 44,33,11) (S 8,11,12) (S 47,36,35) (S 46,35,34) (S 56,34,41) (S 55,41,39) (S 53,39,38) (S 52,38,25) (D 0,1,1)
 0 1 22 14624 25844  12 (D 0,1,1) (S 220,150,125) (S 224,125,152) (S 228,152,155) (S 230,155,156) (S 238,156,162) (S 239,162,120) (S 252,120,170) (S 254,171,172) (S 255,172,173) (S 256,171,255) (D 0,1,1)
 0 1 23 14515 34765  11 (D 0,1,1) (S 257,170,174) (S 284,189,191) (S 286,191,193) (S 287,193,192) (S 356,192,242) (S 355,242,241) (S 353,241,240) (S 369,240,249) (S 370,249,250) (D 0,1,1)
 0 1 24 14406 40580  10 (D 0,1,1) (S 282,188,189) (S 283,189,190) (S 288,190,194) (S 362,194,244) (S 359,244,243) (S 357,243,242) (S 285,192,191) (S 281,188,174) (D 0,1,1)
 0 1 25 14510 43614  14 (D 0,1,1) (S 271,174,183) (S 272,183,179) (S 273,179,184) (S 278,184,187) (S 292,186,197) (S 293,197,198) (S 291,197,195) (S 289,195,194) (S 361,244,245) (S 360,245,243) (S 358,243,241) (S 354,241,239) (D 0,1,1)
 0 1 26 14683 35949  11 (D 0,1,1) (S 270,174,182) (S 269,182,181) (S 267,181,180) (S 265,180,179) (S 264,179,178) (S 263,178,166) (S 247,166,167) (S 248,167,163) (S 240,163,162) (D 0,1,1)
 0 1 27 14670 47896  8 (D 0,1,1) (S 275,178,185) (S 277,185,253) (S 274,184,185) (S 276,185,186) (S 279,186,187) (S 280,187,188) (D 0,1,1)
 0 1 28 14698 32270  9 (D 0,1,1) (S 184,126,125) (S 183,125,124) (S 179,123,122) (S 177,121,117) (S 175,117,119) (S 176,119,120) (S 253,170,171) (D 0,1,1)
 0 1 29 14580 41253  8 (D 0,1,1) (S 145,98,97) (S 140,96,3) (S 139,3,95) (S 135,94,92) (S 132,92,91) (S 144,99,98) (D 0,1,1)
 0 1 30 14700 54614  12 (D 0,1,1) (S 339,231,229) (S 318,215,213) (S 316,213,206) (S 298,201,200) (S 299,200,202) (S 297,200,199) (S 296,196,199) (S 295,199,198) (S 294,198,196) (S 290,196,195) (D 0,1,1)
 0 1 31 14452 66004  9 (D 0,1,1) (S 317,214,213) (S 310,207,208) (S 311,208,209) (S 312,209,210) (S 313,210,211) (S 314,210,212) (S 375,254,217) (D 0,1,1)
 0 1 32 14594 60134  9 (D 0,1,1) (S 319,215,214) (S 374,212,254) (S 322,254,218) (S 323,218,219) (S 324,219,220) (S 325,219,216) (S 320,216,214) (D 0,1,1)
 0 1 33 14486 40371  12 (D 0,1,1) (S 71,52,51) (S 70,51,50) (S 93,50,4) (S 94,4,48) (S 67,48,49) (S 68,49,46) (S 65,46,47) (S 64,46,45) (S 63,45,15) (S 11,15,14) (D 0,1,1)
 0 1 34 14623 40775  12 (D 0,1,1) (S 128,89,88) (S 126,86,87) (S 125,87,84) (S 121,84,83) (S 119,82,71) (S 101,71,70) (S 99,69,70) (S 102,70,63) (S 88,63,62) (S 75,55,42) (D 0,1,1)
 0 1 35 14291 39205  8 (D 0,1,1) (S 372,229,250) (S 365,247,246) (S 363,246,245) (S 367,245,248) (S 368,248,249) (S 366,248,247) (D 0,1,1)
 0 1 36 14670 62129  7 (D 0,1,1) (S 321,216,217) (S 315,212,207) (S 309,207,205) (S 306,204,205) (S 308,205,206) (D 0,1,1)
 0 1 37 14663 57128  9 (D 0,1,1) (S 300,201,202) (S 302,203,204) (S 305,204,252) (S 304,252,251) (S 303,251,203) (S 301,203,202) (S 307,201,206) (D 0,1,1)
 0 1 38 13173 26410  10 (D 0,1,1) (S 37,255,9) (S 43,30,33) (S 48,33,36) (S 49,36,12) (S 9,12,13) (S 61,37,44) (S 60,44,43) (S 59,43,41) (D 0,1,1)
 0 1 39 14673 44574  13 (D 0,1,1) (S 85,60,51) (S 69,50,49) (S 66,46,48) (S 92,4,66) (S 96,66,67) (S 95,67,64) (S 84,60,59) (S 80,58,57) (S 79,57,56) (S 78,56,53) (S 74,54,55) (D 0,1,1)
 0 1 40 14694 38515  11 (D 0,1,1) (S 109,42,75) (S 108,75,73) (S 104,73,72) (S 103,72,71) (S 100,71,69) (S 98,69,68) (S 138,68,95) (S 137,95,94) (S 133,92,93) (D 0,1,1)
 0 1 41 14687 42506  10 (D 0,1,1) (S 76,55,53) (S 89,60,64) (S 90,64,65) (S 91,65,66) (S 97,67,68) (S 136,68,94) (S 134,94,93) (S 142,93,97) (D 0,1,1)
 0 1 42 14531 37801  10 (D 0,1,1) (S 113,76,78) (S 114,78,79) (S 115,78,80) (S 116,80,81) (S 118,81,82) (S 120,82,83) (S 131,83,91) (S 143,91,99) (D 0,1,1)
