1615025
42
1801904
1692366
 0 1 1 10344 10344  13 (D 0,1,1) (S 1,1,5) (S 12,5,16) (S 13,16,17) (S 14,17,18) (S 16,18,19) (S 20,19,21) (S 23,21,23) (S 22,23,22) (S 24,22,24) (S 26,24,25) (S 27,25,1) (D 0,1,1)
 0 1 2 14515 28327  8 (D 0,1,1) (S 30,7,255) (S 341,233,232) (S 338,231,230) (S 337,230,229) (S 340,231,232) (S 344,232,234) (D 0,1,1)
 0 1 3 14661 24461  12 (D 0,1,1) (S 37,255,9) (S 6,9,10) (S 7,10,11) (S 8,11,12) (S 9,12,13) (S 51,13,37) (S 61,37,44) (S 60,44,43) (S 58,43,42) (S 57,42,39) (D 0,1,1)
 0 1 4 14441 28866  11 (D 0,1,1) (S 59,41,43) (S 62,44,14) (S 10,14,13) (S 50,37,35) (S 47,35,36) (S 48,36,33) (S 43,33,30) (S 40,31,30) (S 38,30,10) (D 0,1,1)
 0 1 5 14695 32366  13 (D 0,1,1) (S 222,255,150) (S 225,151,153) (S 248,163,167) (S 249,167,168) (S 260,168,176) (S 261,176,177) (S 268,177,181) (S 267,180,181) (S 269,181,182) (S 270,182,174) (S 257,174,170) (D 0,1,1)
 0 1 6 14695 44898  9 (D 0,1,1) (S 253,171,170) (S 271,174,183) (S 272,183,179) (S 264,179,178) (S 277,185,253) (S 276,185,186) (S 280,187,188) (D 0,1,1)
 0 1 7 14635 40921  10 (D 0,1,1) (S 265,179,180) (S 266,180,177) (S 262,177,175) (S 258,175,166) (S 263,166,178) (S 275,178,185) (S 274,185,184) (S 273,184,179) (D 0,1,1)
 0 1 8 14643 45461  8 (D 0,1,1) (S 231,156,157) (S 247,167,166) (S 244,165,164) (S 251,164,169) (S 243,164,161) (S 242,161,157) (D 0,1,1)
 0 1 9 14700 34961  12 (D 0,1,1) (S 233,154,158) (S 236,159,160) (S 235,160,158) (S 234,158,159) (S 237,159,161) (S 245,161,165) (S 246,165,166) (S 259,175,176) (S 250,168,163) (S 239,162,120) (D 0,1,1)
 0 1 10 14492 41253  7 (D 0,1,1) (S 140,96,3) (S 139,3,95) (S 135,94,92) (S 143,91,99) (S 144,99,98) (D 0,1,1)
 0 1 11 14617 31756  13 (D 0,1,1) (S 218,150,141) (S 203,139,128) (S 189,129,130) (S 193,131,132) (S 192,132,100) (S 147,100,2) (S 146,100,96) (S 141,96,97) (S 145,97,98) (S 186,98,127) (S 219,126,150) (D 0,1,1)
 0 1 12 14624 31489  8 (D 0,1,1) (S 184,126,125) (S 182,124,123) (S 180,123,116) (S 171,116,117) (S 177,117,121) (S 181,122,124) (D 0,1,1)
 0 1 13 13625 24458  9 (D 0,1,1) (S 220,150,125) (S 224,125,152) (S 228,152,155) (S 229,155,121) (S 178,121,122) (S 179,122,123) (S 183,124,125) (D 0,1,1)
 0 1 14 14458 29837  16 (D 0,1,1) (S 207,141,142) (S 206,142,140) (S 204,140,139) (S 201,139,138) (S 200,138,137) (S 199,137,130) (S 190,130,131) (S 191,131,100) (S 194,132,133) (S 195,133,134) (S 196,133,135) (S 214,135,147) (S 197,135,136) (S 205,140,141) (D 0,1,1)
 0 1 15 13801 36068  5 (D 0,1,1) (S 208,142,143) (S 209,143,144) (S 210,143,145) (D 0,1,1)
 0 1 16 14378 29644  14 (D 0,1,1) (S 3,6,7) (S 185,126,127) (S 187,127,128) (S 188,128,129) (S 202,129,138) (S 198,137,136) (S 212,136,146) (S 211,146,145) (S 217,145,148) (S 216,148,149) (S 215,148,147) (S 213,147,146) (D 0,1,1)
 0 1 17 14675 27005  12 (D 0,1,1) (S 2,5,6) (S 230,155,156) (S 238,156,162) (S 240,162,163) (S 241,163,157) (S 232,157,154) (S 227,154,153) (S 226,153,152) (S 223,152,151) (S 221,151,150) (D 0,1,1)
 0 1 18 14665 42409  17 (D 0,1,1) (S 44,11,33) (S 49,36,12) (S 11,14,15) (S 63,15,45) (S 64,45,46) (S 68,46,49) (S 65,46,47) (S 66,46,48) (S 94,4,48) (S 67,48,49) (S 69,49,50) (S 85,51,60) (S 84,60,59) (S 81,58,56) (S 76,53,55) (D 0,1,1)
 0 1 19 13857 27160  14 (D 0,1,1) (S 18,16,20) (S 21,20,22) (S 25,24,23) (S 32,23,28) (S 33,27,28) (S 35,28,29) (S 36,29,9) (S 342,233,234) (S 343,233,255) (S 5,9,8) (S 29,8,26) (S 4,8,7) (D 0,1,1)
 0 1 20 14440 21421  15 (D 0,1,1) (S 19,20,21) (S 28,21,26) (S 31,26,27) (S 34,27,29) (S 39,29,31) (S 41,31,32) (S 42,32,33) (S 45,32,34) (S 46,34,35) (S 56,34,41) (S 55,41,39) (S 53,39,38) (S 52,38,25) (D 0,1,1)
 0 1 21 14598 42970  13 (D 0,1,1) (S 372,229,250) (S 371,250,247) (S 373,247,222) (S 327,222,221) (S 329,221,224) (S 332,224,226) (S 331,224,225) (S 330,225,222) (S 328,222,223) (S 334,223,227) (S 335,227,228) (D 0,1,1)
 0 1 22 14326 39399  12 (D 0,1,1) (S 367,248,245) (S 361,245,244) (S 359,244,243) (S 358,243,241) (S 355,241,242) (S 356,242,192) (S 287,192,193) (S 349,193,238) (S 351,239,235) (S 345,235,230) (D 0,1,1)
 0 1 23 14561 43920  9 (D 0,1,1) (S 336,229,223) (S 333,223,225) (S 326,221,215) (S 318,215,213) (S 317,213,214) (S 319,214,215) (S 366,247,248) (D 0,1,1)
 0 1 24 14438 42417  9 (D 0,1,1) (S 365,247,246) (S 363,246,245) (S 360,245,243) (S 357,243,242) (S 285,192,191) (S 286,191,193) (S 284,191,189) (D 0,1,1)
 0 1 25 14689 41284  9 (D 0,1,1) (S 281,174,188) (S 282,188,189) (S 283,189,190) (S 288,190,194) (S 292,197,186) (S 279,186,187) (S 278,187,184) (D 0,1,1)
 0 1 26 14649 52317  16 (D 0,1,1) (S 289,194,195) (S 290,195,196) (S 294,196,198) (S 296,196,199) (S 297,199,200) (S 298,200,201) (S 300,201,202) (S 299,202,200) (S 295,199,198) (S 293,198,197) (S 291,197,195) (S 362,194,244) (S 368,248,249) (S 339,229,231) (D 0,1,1)
 0 1 27 14647 40664  11 (D 0,1,1) (S 352,240,235) (S 346,235,236) (S 347,236,237) (S 348,236,238) (S 350,238,239) (S 354,239,241) (S 353,241,240) (S 369,240,249) (S 370,249,250) (D 0,1,1)
 0 1 28 14655 60134  9 (D 0,1,1) (S 364,246,215) (S 320,214,216) (S 325,216,219) (S 324,219,220) (S 323,219,218) (S 322,218,254) (S 374,212,254) (D 0,1,1)
 0 1 29 14521 65050  8 (D 0,1,1) (S 316,213,206) (S 310,207,208) (S 311,208,209) (S 312,209,210) (S 313,210,211) (S 314,210,212) (D 0,1,1)
 0 1 30 14687 56269  8 (D 0,1,1) (S 307,206,201) (S 303,203,251) (S 304,251,252) (S 305,252,204) (S 306,204,205) (S 308,205,206) (D 0,1,1)
 0 1 31 14625 62988  8 (D 0,1,1) (S 301,202,203) (S 302,203,204) (S 309,205,207) (S 315,207,212) (S 375,254,217) (S 321,217,216) (D 0,1,1)
 0 1 32 14474 38932  8 (D 0,1,1) (S 142,97,93) (S 134,93,94) (S 136,94,68) (S 97,68,67) (S 95,67,64) (S 89,64,60) (D 0,1,1)
 0 1 33 14672 41843  13 (D 0,1,1) (S 105,74,73) (S 104,73,72) (S 117,72,81) (S 122,80,84) (S 121,84,83) (S 120,83,82) (S 119,82,71) (S 100,71,69) (S 98,69,68) (S 138,68,95) (S 137,95,94) (D 0,1,1)
 0 1 34 14660 38146  10 (D 0,1,1) (S 133,93,92) (S 132,92,91) (S 131,91,83) (S 118,82,81) (S 116,81,80) (S 115,80,78) (S 114,78,79) (S 113,78,76) (D 0,1,1)
 0 1 35 14521 33957  7 (D 0,1,1) (S 126,86,87) (S 125,87,84) (S 123,84,85) (S 124,85,86) (S 127,86,88) (D 0,1,1)
 0 1 36 14029 41945  14 (D 0,1,1) (S 130,255,89) (S 129,89,90) (S 128,89,88) (S 148,87,101) (S 150,102,103) (S 161,103,111) (S 160,111,102) (S 149,102,101) (S 162,101,112) (S 163,112,113) (S 168,112,99) (S 169,99,115) (D 0,1,1)
 0 1 37 14356 46250  13 (D 0,1,1) (S 170,116,115) (S 164,113,114) (S 166,114,104) (S 152,104,105) (S 154,105,107) (S 155,107,108) (S 157,108,109) (S 159,109,110) (S 158,109,107) (S 156,108,106) (S 173,118,117) (D 0,1,1)
 0 1 38 13699 43450  8 (D 0,1,1) (S 174,119,118) (S 172,118,106) (S 153,106,105) (S 151,104,103) (S 165,111,114) (S 167,113,115) (D 0,1,1)
 0 1 39 14684 30640  14 (D 0,1,1) (S 54,39,40) (S 112,40,77) (S 111,77,76) (S 110,76,75) (S 107,75,74) (S 106,74,62) (S 86,61,57) (S 80,57,58) (S 83,59,52) (S 72,52,53) (S 74,54,55) (S 75,55,42) (D 0,1,1)
 0 1 40 14628 45761  10 (D 0,1,1) (S 71,52,51) (S 70,51,50) (S 93,50,4) (S 92,4,66) (S 96,66,67) (S 91,66,65) (S 90,65,64) (S 82,59,58) (D 0,1,1)
 0 1 41 14654 38780  14 (D 0,1,1) (S 109,42,75) (S 108,75,73) (S 103,72,71) (S 101,71,70) (S 99,69,70) (S 102,70,63) (S 88,63,62) (S 87,62,61) (S 79,57,56) (S 78,56,53) (S 73,53,54) (S 77,54,44) (D 0,1,1)
 0 1 42 14494 34804  10 (D 0,1,1) (S 175,117,119) (S 176,119,120) (S 252,120,170) (S 255,172,173) (S 254,172,171) (S 256,171,255) (S 17,7,19) (S 15,18,6) (D 0,1,1)
