1626478
42
1801857
1110499
 0 1 1 14495 27682  12 (D 0,1,1) (S 2,5,6) (S 219,150,126) (S 185,126,127) (S 186,127,98) (S 145,98,97) (S 146,96,100) (S 191,100,131) (S 190,131,130) (S 199,130,137) (S 218,141,150) (D 0,1,1)
 0 1 2 14446 30531  15 (D 0,1,1) (S 207,141,142) (S 206,142,140) (S 204,140,139) (S 201,139,138) (S 211,146,145) (S 217,145,148) (S 216,148,149) (S 215,148,147) (S 214,147,135) (S 197,135,136) (S 202,138,129) (S 203,128,139) (S 205,140,141) (D 0,1,1)
 0 1 3 14282 28196  13 (D 0,1,1) (S 221,150,151) (S 223,151,152) (S 230,155,156) (S 231,156,157) (S 232,157,154) (S 235,158,160) (S 236,160,159) (S 234,159,158) (S 233,158,154) (S 227,154,153) (S 225,153,151) (D 0,1,1)
 0 1 4 14167 24458  10 (D 0,1,1) (S 224,125,152) (S 228,152,155) (S 229,155,121) (S 178,121,122) (S 179,122,123) (S 182,123,124) (S 183,124,125) (S 220,125,150) (D 0,1,1)
 0 1 5 14554 58584  10 (D 0,1,1) (S 343,255,233) (S 319,215,214) (S 320,214,216) (S 375,217,254) (S 322,254,218) (S 323,218,219) (S 324,219,220) (S 325,219,216) (D 0,1,1)
 0 1 6 14670 62129  7 (D 0,1,1) (S 321,216,217) (S 315,212,207) (S 309,207,205) (S 306,204,205) (S 308,205,206) (D 0,1,1)
 0 1 7 14628 58082  8 (D 0,1,1) (S 301,202,203) (S 302,203,204) (S 305,204,252) (S 304,252,251) (S 303,251,203) (S 317,213,214) (D 0,1,1)
 0 1 8 14544 51667  16 (D 0,1,1) (S 318,215,213) (S 316,213,206) (S 307,206,201) (S 299,200,202) (S 300,202,201) (S 298,201,200) (S 297,200,199) (S 293,198,197) (S 291,197,195) (S 289,195,194) (S 359,244,243) (S 358,243,241) (S 354,241,239) (S 337,230,229) (D 0,1,1)
 0 1 9 14492 35438  10 (D 0,1,1) (S 339,231,229) (S 336,229,223) (S 328,223,222) (S 326,221,215) (S 364,215,246) (S 365,246,247) (S 372,250,229) (S 340,231,232) (D 0,1,1)
 0 1 10 14271 26144  7 (D 0,1,1) (S 344,232,234) (S 342,234,233) (S 20,19,21) (S 19,21,20) (S 1,5,1) (D 0,1,1)
 0 1 11 14526 34598  20 (D 0,1,1) (S 12,5,16) (S 13,16,17) (S 14,17,18) (S 15,18,6) (S 187,127,128) (S 188,128,129) (S 189,129,130) (S 193,131,132) (S 192,132,100) (S 147,100,2) (S 194,132,133) (S 195,133,134) (S 196,133,135) (S 213,147,146) (S 198,136,137) (S 222,150,255) (S 17,7,19) (S 16,19,18) (D 0,1,1)
 0 1 12 14629 36068  7 (D 0,1,1) (S 200,138,137) (S 212,136,146) (S 210,145,143) (S 209,143,144) (S 208,143,142) (D 0,1,1)
 0 1 13 14430 39199  13 (D 0,1,1) (S 341,233,232) (S 369,249,240) (S 353,240,241) (S 355,241,242) (S 356,242,192) (S 287,192,193) (S 349,238,193) (S 286,193,191) (S 255,172,173) (S 254,172,171) (S 256,171,255) (D 0,1,1)
 0 1 14 14560 31346  11 (D 0,1,1) (S 253,171,170) (S 252,170,120) (S 240,162,163) (S 248,163,167) (S 249,167,168) (S 250,168,163) (S 241,163,157) (S 238,156,162) (S 239,162,120) (D 0,1,1)
 0 1 15 14442 38687  7 (D 0,1,1) (S 176,120,119) (S 174,119,118) (S 173,118,117) (S 175,117,119) (S 184,125,126) (D 0,1,1)
 0 1 16 14413 31038  7 (D 0,1,1) (S 3,6,7) (S 180,123,116) (S 171,116,117) (S 177,117,121) (S 181,122,124) (D 0,1,1)
 0 1 17 14268 29899  12 (D 0,1,1) (S 29,8,26) (S 33,27,28) (S 40,31,30) (S 43,30,33) (S 42,33,32) (S 46,34,35) (S 50,35,37) (S 51,37,13) (S 61,37,44) (S 59,43,41) (D 0,1,1)
 0 1 18 13960 26776  15 (D 0,1,1) (S 58,42,43) (S 60,43,44) (S 62,44,14) (S 10,14,13) (S 9,13,12) (S 49,12,36) (S 47,35,36) (S 48,36,33) (S 44,33,11) (S 7,11,10) (S 6,10,9) (S 37,9,255) (S 30,255,7) (D 0,1,1)
 0 1 19 12996 15774  15 (D 0,1,1) (S 18,16,20) (S 21,20,22) (S 22,22,23) (S 32,23,28) (S 35,28,29) (S 34,29,27) (S 31,27,26) (S 28,26,21) (S 23,21,23) (S 25,23,24) (S 24,22,24) (S 26,24,25) (S 27,25,1) (D 0,1,1)
 0 1 20 14066 20144  12 (D 0,1,1) (S 52,25,38) (S 53,38,39) (S 55,39,41) (S 56,41,34) (S 45,34,32) (S 41,32,31) (S 39,31,29) (S 36,29,9) (S 5,9,8) (S 4,8,7) (D 0,1,1)
 0 1 21 14499 34463  9 (D 0,1,1) (S 237,159,161) (S 245,161,165) (S 246,165,166) (S 263,166,178) (S 264,178,179) (S 272,179,183) (S 271,183,174) (D 0,1,1)
 0 1 22 13559 40237  9 (D 0,1,1) (S 281,174,188) (S 282,188,189) (S 284,189,191) (S 285,191,192) (S 357,242,243) (S 360,243,245) (S 363,245,246) (D 0,1,1)
 0 1 23 14611 42748  11 (D 0,1,1) (S 368,249,248) (S 367,248,245) (S 361,245,244) (S 362,244,194) (S 292,197,186) (S 278,187,184) (S 273,184,179) (S 265,179,180) (S 269,181,182) (D 0,1,1)
 0 1 24 14490 34772  11 (D 0,1,1) (S 267,181,180) (S 266,180,177) (S 261,177,176) (S 260,168,176) (S 259,176,175) (S 262,175,177) (S 268,177,181) (S 270,182,174) (S 257,174,170) (D 0,1,1)
 0 1 25 14670 47896  8 (D 0,1,1) (S 280,188,187) (S 279,187,186) (S 276,186,185) (S 277,185,253) (S 274,184,185) (S 275,185,178) (D 0,1,1)
 0 1 26 14680 45372  9 (D 0,1,1) (S 247,167,166) (S 258,166,175) (S 244,165,164) (S 251,164,169) (S 243,164,161) (S 242,161,157) (S 226,153,152) (D 0,1,1)
 0 1 27 14696 37841  11 (D 0,1,1) (S 338,231,230) (S 345,230,235) (S 351,235,239) (S 350,239,238) (S 348,238,236) (S 347,236,237) (S 346,236,235) (S 352,235,240) (S 370,249,250) (D 0,1,1)
 0 1 28 14161 44276  12 (D 0,1,1) (S 335,227,228) (S 334,227,223) (S 333,223,225) (S 331,225,224) (S 332,224,226) (S 329,224,221) (S 327,221,222) (S 330,222,225) (S 373,222,247) (S 371,247,250) (D 0,1,1)
 0 1 29 14698 46950  9 (D 0,1,1) (S 283,189,190) (S 288,190,194) (S 294,196,198) (S 295,198,199) (S 296,199,196) (S 290,196,195) (S 366,248,247) (D 0,1,1)
 0 1 30 13596 65050  8 (D 0,1,1) (S 374,254,212) (S 314,212,210) (S 313,210,211) (S 312,210,209) (S 311,209,208) (S 310,208,207) (D 0,1,1)
 0 1 31 14587 34752  8 (D 0,1,1) (S 170,116,115) (S 162,112,101) (S 148,101,87) (S 126,87,86) (S 127,86,88) (S 128,88,89) (D 0,1,1)
 0 1 32 14465 46519  13 (D 0,1,1) (S 169,115,99) (S 168,99,112) (S 163,112,113) (S 165,114,111) (S 161,111,103) (S 160,111,102) (S 149,101,102) (S 150,102,103) (S 151,103,104) (S 153,105,106) (S 172,106,118) (D 0,1,1)
 0 1 33 14652 42026  14 (D 0,1,1) (S 74,55,54) (S 73,54,53) (S 71,52,51) (S 93,50,4) (S 66,48,46) (S 65,46,47) (S 68,46,49) (S 64,46,45) (S 63,45,15) (S 11,15,14) (S 8,12,11) (S 38,30,10) (D 0,1,1)
 0 1 34 14303 37121  11 (D 0,1,1) (S 112,40,77) (S 113,76,78) (S 114,78,79) (S 115,78,80) (S 116,80,81) (S 122,80,84) (S 125,84,87) (S 129,89,90) (S 130,89,255) (D 0,1,1)
 0 1 35 14640 30166  10 (D 0,1,1) (S 54,39,40) (S 111,77,76) (S 110,76,75) (S 107,75,74) (S 106,74,62) (S 80,57,58) (S 77,54,44) (S 57,42,39) (D 0,1,1)
 0 1 36 14481 36493  14 (D 0,1,1) (S 75,42,55) (S 76,55,53) (S 78,53,56) (S 79,56,57) (S 86,57,61) (S 87,61,62) (S 88,62,63) (S 102,63,70) (S 100,69,71) (S 103,71,72) (S 104,72,73) (S 108,73,75) (D 0,1,1)
 0 1 37 14069 39593  12 (D 0,1,1) (S 72,53,52) (S 83,52,59) (S 84,59,60) (S 90,64,65) (S 91,65,66) (S 96,66,67) (S 95,67,64) (S 89,64,60) (S 82,59,58) (S 81,58,56) (D 0,1,1)
 0 1 38 14580 46123  11 (D 0,1,1) (S 85,60,51) (S 70,51,50) (S 69,50,49) (S 67,49,48) (S 94,48,4) (S 92,4,66) (S 97,67,68) (S 136,68,94) (S 134,94,93) (D 0,1,1)
 0 1 39 14656 41491  12 (D 0,1,1) (S 142,97,93) (S 138,95,68) (S 98,68,69) (S 99,69,70) (S 101,70,71) (S 119,71,82) (S 118,82,81) (S 117,81,72) (S 105,73,74) (S 109,75,42) (D 0,1,1)
 0 1 40 14567 39929  8 (D 0,1,1) (S 133,93,92) (S 135,92,94) (S 137,94,95) (S 139,95,3) (S 140,3,96) (S 141,96,97) (D 0,1,1)
 0 1 41 14625 39970  10 (D 0,1,1) (S 144,98,99) (S 143,99,91) (S 132,91,92) (S 131,91,83) (S 120,82,83) (S 121,83,84) (S 123,84,85) (S 124,85,86) (D 0,1,1)
 0 1 42 14104 46250  12 (D 0,1,1) (S 156,106,108) (S 157,108,109) (S 159,109,110) (S 158,109,107) (S 155,107,108) (S 154,107,105) (S 152,105,104) (S 166,104,114) (S 164,114,113) (S 167,113,115) (D 0,1,1)
