1613454
42
1801874
1664735
 0 1 1 10273 10801  11 (D 0,1,1) (S 27,1,25) (S 26,25,24) (S 24,22,24) (S 25,24,23) (S 23,23,21) (S 19,21,20) (S 18,20,16) (S 12,16,5) (S 1,5,1) (D 0,1,1)
 0 1 2 14622 36068  6 (D 0,1,1) (S 3,6,7) (S 208,142,143) (S 209,143,144) (S 210,143,145) (D 0,1,1)
 0 1 3 14324 30535  15 (D 0,1,1) (S 197,136,135) (S 196,135,133) (S 195,133,134) (S 194,133,132) (S 147,100,2) (S 192,100,132) (S 193,132,131) (S 190,131,130) (S 189,130,129) (S 203,128,139) (S 205,140,141) (S 218,141,150) (S 30,255,7) (D 0,1,1)
 0 1 4 14002 31513  7 (D 0,1,1) (S 222,255,150) (S 180,123,116) (S 171,116,117) (S 177,117,121) (S 179,122,123) (D 0,1,1)
 0 1 5 14667 42760  11 (D 0,1,1) (S 182,124,123) (S 170,116,115) (S 167,115,113) (S 162,112,101) (S 150,102,103) (S 151,103,104) (S 153,105,106) (S 172,106,118) (S 173,118,117) (D 0,1,1)
 0 1 6 14491 48584  11 (D 0,1,1) (S 166,114,104) (S 152,104,105) (S 154,105,107) (S 157,108,109) (S 159,109,110) (S 158,109,107) (S 155,107,108) (S 156,108,106) (S 174,118,119) (D 0,1,1)
 0 1 7 14694 47349  13 (D 0,1,1) (S 239,120,162) (S 247,167,166) (S 246,166,165) (S 245,165,161) (S 243,161,164) (S 251,164,169) (S 244,164,165) (S 258,166,175) (S 259,175,176) (S 260,176,168) (S 250,168,163) (D 0,1,1)
 0 1 8 14685 31473  9 (D 0,1,1) (S 242,157,161) (S 237,161,159) (S 234,158,159) (S 236,159,160) (S 235,160,158) (S 233,158,154) (S 221,151,150) (D 0,1,1)
 0 1 9 14610 24384  10 (D 0,1,1) (S 225,151,153) (S 226,153,152) (S 228,152,155) (S 229,155,121) (S 178,121,122) (S 181,122,124) (S 183,124,125) (S 220,125,150) (D 0,1,1)
 0 1 10 14580 28208  11 (D 0,1,1) (S 223,151,152) (S 227,153,154) (S 232,154,157) (S 241,157,163) (S 240,163,162) (S 238,162,156) (S 230,156,155) (S 224,152,125) (S 184,125,126) (D 0,1,1)
 0 1 11 14533 33976  9 (D 0,1,1) (S 256,255,171) (S 255,172,173) (S 254,172,171) (S 253,171,170) (S 252,170,120) (S 176,120,119) (S 175,119,117) (D 0,1,1)
 0 1 12 14595 39280  12 (D 0,1,1) (S 144,98,99) (S 168,99,112) (S 163,112,113) (S 164,113,114) (S 165,114,111) (S 161,111,103) (S 160,111,102) (S 149,102,101) (S 148,101,87) (S 126,87,86) (D 0,1,1)
 0 1 13 14015 36802  9 (D 0,1,1) (S 124,86,85) (S 123,85,84) (S 122,84,80) (S 116,80,81) (S 115,80,78) (S 114,78,79) (S 113,78,76) (D 0,1,1)
 0 1 14 13636 20153  16 (D 0,1,1) (S 53,38,39) (S 55,39,41) (S 56,41,34) (S 45,34,32) (S 42,32,33) (S 43,33,30) (S 40,30,31) (S 39,31,29) (S 34,29,27) (S 31,27,26) (S 28,26,21) (S 20,21,19) (S 14,18,17) (S 13,17,16) (D 0,1,1)
 0 1 15 13160 24138  14 (D 0,1,1) (S 21,20,22) (S 22,22,23) (S 32,23,28) (S 35,28,29) (S 36,29,9) (S 342,233,234) (S 37,255,9) (S 5,9,8) (S 4,8,7) (S 17,7,19) (S 16,19,18) (S 15,18,6) (D 0,1,1)
 0 1 16 14633 28196  12 (D 0,1,1) (S 29,8,26) (S 33,27,28) (S 41,31,32) (S 46,34,35) (S 47,35,36) (S 50,35,37) (S 51,37,13) (S 61,37,44) (S 58,43,42) (S 57,42,39) (D 0,1,1)
 0 1 17 14563 39393  14 (D 0,1,1) (S 109,42,75) (S 108,75,73) (S 103,72,71) (S 101,71,70) (S 99,70,69) (S 100,69,71) (S 119,71,82) (S 120,82,83) (S 118,82,81) (S 117,81,72) (S 104,72,73) (S 105,73,74) (D 0,1,1)
 0 1 18 14613 43698  12 (D 0,1,1) (S 77,44,54) (S 72,53,52) (S 83,52,59) (S 85,60,51) (S 70,51,50) (S 93,50,4) (S 92,4,66) (S 95,67,64) (S 84,60,59) (S 82,59,58) (D 0,1,1)
 0 1 19 14643 42267  16 (D 0,1,1) (S 71,52,51) (S 69,50,49) (S 66,46,48) (S 94,4,48) (S 67,48,49) (S 68,49,46) (S 65,46,47) (S 64,46,45) (S 63,45,15) (S 11,15,14) (S 8,12,11) (S 44,11,33) (S 38,30,10) (S 6,10,9) (D 0,1,1)
 0 1 20 14694 27974  10 (D 0,1,1) (S 7,10,11) (S 48,33,36) (S 49,36,12) (S 9,12,13) (S 10,13,14) (S 62,14,44) (S 60,44,43) (S 59,43,41) (D 0,1,1)
 0 1 21 14577 29024  15 (D 0,1,1) (S 52,25,38) (S 54,39,40) (S 112,40,77) (S 111,77,76) (S 110,76,75) (S 107,75,74) (S 106,74,62) (S 87,62,61) (S 79,57,56) (S 78,56,53) (S 73,53,54) (S 74,54,55) (S 75,55,42) (D 0,1,1)
 0 1 22 14056 28095  8 (D 0,1,1) (S 129,89,90) (S 130,89,255) (S 343,255,233) (S 344,234,232) (S 341,232,233) (S 2,6,5) (D 0,1,1)
 0 1 23 14654 35986  7 (D 0,1,1) (S 128,89,88) (S 127,88,86) (S 125,87,84) (S 121,84,83) (S 131,83,91) (D 0,1,1)
 0 1 24 14638 44289  10 (D 0,1,1) (S 134,93,94) (S 138,95,68) (S 97,68,67) (S 96,67,66) (S 91,66,65) (S 90,65,64) (S 89,64,60) (S 81,58,56) (D 0,1,1)
 0 1 25 14590 36431  11 (D 0,1,1) (S 257,170,174) (S 270,174,182) (S 267,181,180) (S 265,179,180) (S 266,180,177) (S 261,177,176) (S 249,168,167) (S 248,167,163) (S 231,157,156) (D 0,1,1)
 0 1 26 14339 29168  12 (D 0,1,1) (S 186,127,98) (S 141,97,96) (S 146,96,100) (S 191,100,131) (S 199,130,137) (S 202,138,129) (S 188,129,128) (S 187,128,127) (S 185,127,126) (S 219,126,150) (D 0,1,1)
 0 1 27 14621 38812  13 (D 0,1,1) (S 145,98,97) (S 142,97,93) (S 133,93,92) (S 135,92,94) (S 136,94,68) (S 98,68,69) (S 102,70,63) (S 88,63,62) (S 86,61,57) (S 80,57,58) (S 76,53,55) (D 0,1,1)
 0 1 28 14560 31534  15 (D 0,1,1) (S 207,141,142) (S 206,142,140) (S 204,140,139) (S 201,139,138) (S 200,138,137) (S 198,137,136) (S 212,136,146) (S 213,146,147) (S 214,135,147) (S 215,147,148) (S 216,148,149) (S 217,148,145) (S 211,145,146) (D 0,1,1)
 0 1 29 14544 44898  8 (D 0,1,1) (S 281,174,188) (S 280,188,187) (S 276,186,185) (S 277,185,253) (S 264,178,179) (S 271,183,174) (D 0,1,1)
 0 1 30 14654 39452  10 (D 0,1,1) (S 272,183,179) (S 273,179,184) (S 274,184,185) (S 275,185,178) (S 263,178,166) (S 262,175,177) (S 268,177,181) (S 269,181,182) (D 0,1,1)
 0 1 31 14546 40484  8 (D 0,1,1) (S 140,96,3) (S 139,3,95) (S 137,95,94) (S 132,92,91) (S 143,91,99) (S 169,99,115) (D 0,1,1)
 0 1 32 14442 40264  9 (D 0,1,1) (S 339,231,229) (S 368,249,248) (S 366,248,247) (S 373,247,222) (S 326,221,215) (S 364,215,246) (S 365,246,247) (D 0,1,1)
 0 1 33 14324 40118  8 (D 0,1,1) (S 371,250,247) (S 363,246,245) (S 360,245,243) (S 358,243,241) (S 353,241,240) (S 370,249,250) (D 0,1,1)
 0 1 34 14666 50490  12 (D 0,1,1) (S 372,229,250) (S 318,215,213) (S 316,213,206) (S 298,201,200) (S 299,200,202) (S 297,200,199) (S 294,196,198) (S 292,197,186) (S 279,186,187) (S 278,187,184) (D 0,1,1)
 0 1 35 14653 41879  14 (D 0,1,1) (S 282,188,189) (S 284,189,191) (S 285,191,192) (S 356,242,192) (S 287,192,193) (S 286,191,193) (S 349,193,238) (S 350,238,239) (S 348,238,236) (S 347,236,237) (S 346,236,235) (S 345,235,230) (D 0,1,1)
 0 1 36 14685 41007  13 (D 0,1,1) (S 369,249,240) (S 352,240,235) (S 351,235,239) (S 354,239,241) (S 355,241,242) (S 357,242,243) (S 359,243,244) (S 361,244,245) (S 367,245,248) (S 337,229,230) (S 338,230,231) (D 0,1,1)
 0 1 37 14659 42550  13 (D 0,1,1) (S 334,223,227) (S 335,227,228) (S 328,223,222) (S 327,222,221) (S 329,221,224) (S 332,224,226) (S 331,224,225) (S 330,222,225) (S 333,225,223) (S 336,223,229) (S 340,231,232) (D 0,1,1)
 0 1 38 14594 60134  9 (D 0,1,1) (S 319,215,214) (S 325,216,219) (S 324,219,220) (S 323,219,218) (S 322,218,254) (S 374,212,254) (S 320,216,214) (D 0,1,1)
 0 1 39 14663 57128  9 (D 0,1,1) (S 307,206,201) (S 300,201,202) (S 301,202,203) (S 303,203,251) (S 304,251,252) (S 305,252,204) (S 302,204,203) (D 0,1,1)
 0 1 40 14452 66004  9 (D 0,1,1) (S 317,214,213) (S 310,207,208) (S 311,208,209) (S 312,209,210) (S 313,210,211) (S 314,210,212) (S 375,254,217) (D 0,1,1)
 0 1 41 14670 62129  7 (D 0,1,1) (S 321,216,217) (S 315,212,207) (S 309,207,205) (S 306,204,205) (S 308,205,206) (D 0,1,1)
 0 1 42 14608 46026  11 (D 0,1,1) (S 283,189,190) (S 288,190,194) (S 289,194,195) (S 291,195,197) (S 293,197,198) (S 295,198,199) (S 296,199,196) (S 290,196,195) (S 362,194,244) (D 0,1,1)
