1619575
42
1801843
1595250
 0 1 1 9883 10801  10 (D 0,1,1) (S 27,1,25) (S 26,25,24) (S 24,22,24) (S 25,24,23) (S 23,23,21) (S 19,21,20) (S 18,20,16) (S 1,5,1) (D 0,1,1)
 0 1 2 14553 23932  20 (D 0,1,1) (S 12,5,16) (S 13,16,17) (S 14,17,18) (S 20,19,21) (S 28,21,26) (S 34,27,29) (S 39,29,31) (S 41,31,32) (S 42,32,33) (S 49,36,12) (S 9,12,13) (S 51,13,37) (S 50,37,35) (S 46,35,34) (S 45,32,34) (S 56,34,41) (S 55,41,39) (S 52,38,25) (D 0,1,1)
 0 1 3 14625 24346  10 (D 0,1,1) (S 53,38,39) (S 57,39,42) (S 58,42,43) (S 60,43,44) (S 61,44,37) (S 47,35,36) (S 48,36,33) (S 7,11,10) (D 0,1,1)
 0 1 4 14677 31141  9 (D 0,1,1) (S 43,30,33) (S 44,33,11) (S 8,11,12) (S 10,13,14) (S 62,14,44) (S 77,44,54) (S 59,43,41) (D 0,1,1)
 0 1 5 14595 41003  11 (D 0,1,1) (S 76,55,53) (S 82,58,59) (S 84,59,60) (S 89,60,64) (S 97,67,68) (S 136,68,94) (S 132,92,91) (S 143,91,99) (S 144,99,98) (D 0,1,1)
 0 1 6 14567 39929  8 (D 0,1,1) (S 141,97,96) (S 140,96,3) (S 139,3,95) (S 137,95,94) (S 135,94,92) (S 133,92,93) (D 0,1,1)
 0 1 7 14685 43270  12 (D 0,1,1) (S 170,116,115) (S 163,112,113) (S 164,113,114) (S 166,114,104) (S 152,104,105) (S 153,105,106) (S 172,106,118) (S 174,118,119) (S 175,119,117) (S 179,122,123) (D 0,1,1)
 0 1 8 14693 39305  10 (D 0,1,1) (S 183,125,124) (S 169,115,99) (S 168,99,112) (S 162,112,101) (S 149,101,102) (S 160,102,111) (S 165,111,114) (S 167,113,115) (D 0,1,1)
 0 1 9 14618 31038  8 (D 0,1,1) (S 181,124,122) (S 178,122,121) (S 171,117,116) (S 180,116,123) (S 182,123,124) (S 220,125,150) (D 0,1,1)
 0 1 10 14525 33091  5 (D 0,1,1) (S 229,155,121) (S 177,121,117) (S 176,119,120) (D 0,1,1)
 0 1 11 14607 38135  13 (D 0,1,1) (S 240,162,163) (S 248,163,167) (S 249,167,168) (S 260,168,176) (S 261,176,177) (S 266,177,180) (S 268,181,177) (S 262,177,175) (S 241,163,157) (S 231,157,156) (S 222,150,255) (D 0,1,1)
 0 1 12 14689 30400  14 (D 0,1,1) (S 221,150,151) (S 223,151,152) (S 224,152,125) (S 184,125,126) (S 186,127,98) (S 146,96,100) (S 191,100,131) (S 189,130,129) (S 188,129,128) (S 187,128,127) (S 185,127,126) (S 219,126,150) (D 0,1,1)
 0 1 13 14316 23613  11 (D 0,1,1) (S 225,151,153) (S 226,153,152) (S 228,152,155) (S 230,155,156) (S 238,156,162) (S 239,162,120) (S 252,120,170) (S 253,170,171) (S 256,171,255) (D 0,1,1)
 0 1 14 14619 29614  11 (D 0,1,1) (S 341,233,232) (S 337,230,229) (S 372,229,250) (S 371,250,247) (S 373,247,222) (S 328,222,223) (S 336,223,229) (S 339,229,231) (S 340,231,232) (D 0,1,1)
 0 1 15 14468 26986  7 (D 0,1,1) (S 344,232,234) (S 342,234,233) (S 343,233,255) (S 37,255,9) (S 5,9,8) (D 0,1,1)
 0 1 16 14553 37841  12 (D 0,1,1) (S 3,6,7) (S 369,249,240) (S 352,240,235) (S 351,235,239) (S 350,239,238) (S 348,238,236) (S 347,236,237) (S 346,236,235) (S 345,235,230) (S 338,230,231) (D 0,1,1)
 0 1 17 14638 32025  16 (D 0,1,1) (S 2,5,6) (S 205,141,140) (S 213,146,147) (S 196,135,133) (S 195,133,134) (S 194,133,132) (S 147,100,2) (S 192,100,132) (S 193,132,131) (S 190,131,130) (S 199,130,137) (S 200,137,138) (S 204,139,140) (S 30,255,7) (D 0,1,1)
 0 1 18 14267 30531  14 (D 0,1,1) (S 207,141,142) (S 206,142,140) (S 203,139,128) (S 202,129,138) (S 198,137,136) (S 212,136,146) (S 211,146,145) (S 217,145,148) (S 216,148,149) (S 215,148,147) (S 214,147,135) (S 197,135,136) (D 0,1,1)
 0 1 19 14599 36068  7 (D 0,1,1) (S 201,139,138) (S 210,145,143) (S 209,143,144) (S 208,143,142) (S 218,141,150) (D 0,1,1)
 0 1 20 14122 33801  8 (D 0,1,1) (S 127,88,86) (S 125,87,84) (S 122,84,80) (S 117,81,72) (S 105,73,74) (S 109,75,42) (D 0,1,1)
 0 1 21 14662 40579  13 (D 0,1,1) (S 108,75,73) (S 104,73,72) (S 103,72,71) (S 101,71,70) (S 100,69,71) (S 119,71,82) (S 120,82,83) (S 121,83,84) (S 123,84,85) (S 124,85,86) (S 128,88,89) (D 0,1,1)
 0 1 22 14519 38534  10 (D 0,1,1) (S 255,172,173) (S 254,172,171) (S 257,170,174) (S 281,174,188) (S 286,191,193) (S 349,193,238) (S 354,239,241) (S 353,241,240) (D 0,1,1)
 0 1 23 11884 21940  19 (D 0,1,1) (S 21,20,22) (S 22,22,23) (S 32,23,28) (S 35,28,29) (S 40,31,30) (S 38,30,10) (S 6,10,9) (S 129,89,90) (S 130,89,255) (S 36,9,29) (S 33,28,27) (S 31,27,26) (S 29,26,8) (S 4,8,7) (S 17,7,19) (S 16,19,18) (S 15,18,6) (D 0,1,1)
 0 1 24 14404 47376  13 (D 0,1,1) (S 370,250,249) (S 368,249,248) (S 366,248,247) (S 331,225,224) (S 332,224,226) (S 329,224,221) (S 327,221,222) (S 330,222,225) (S 333,225,223) (S 335,227,228) (S 334,227,223) (D 0,1,1)
 0 1 25 14617 55338  6 (D 0,1,1) (S 326,221,215) (S 319,215,214) (S 321,216,217) (S 320,216,214) (D 0,1,1)
 0 1 26 14692 57223  10 (D 0,1,1) (S 317,214,213) (S 305,204,252) (S 304,252,251) (S 303,251,203) (S 301,203,202) (S 300,202,201) (S 307,201,206) (S 318,213,215) (D 0,1,1)
 0 1 27 14528 65050  9 (D 0,1,1) (S 364,246,215) (S 375,217,254) (S 314,212,210) (S 313,210,211) (S 312,210,209) (S 311,209,208) (S 310,208,207) (D 0,1,1)
 0 1 28 14562 62411  9 (D 0,1,1) (S 309,205,207) (S 315,207,212) (S 374,212,254) (S 322,254,218) (S 323,218,219) (S 324,219,220) (S 325,219,216) (D 0,1,1)
 0 1 29 14635 56300  11 (D 0,1,1) (S 316,213,206) (S 308,206,205) (S 306,205,204) (S 302,204,203) (S 299,202,200) (S 298,200,201) (S 297,200,199) (S 289,195,194) (S 361,244,245) (D 0,1,1)
 0 1 30 14571 47545  10 (D 0,1,1) (S 367,248,245) (S 362,244,194) (S 296,196,199) (S 295,199,198) (S 291,197,195) (S 359,244,243) (S 357,243,242) (S 287,192,193) (D 0,1,1)
 0 1 31 14526 41012  10 (D 0,1,1) (S 284,189,191) (S 285,191,192) (S 356,192,242) (S 355,242,241) (S 358,241,243) (S 360,243,245) (S 363,245,246) (S 365,246,247) (D 0,1,1)
 0 1 32 14676 41790  12 (D 0,1,1) (S 282,188,189) (S 283,189,190) (S 288,190,194) (S 290,195,196) (S 294,196,198) (S 293,198,197) (S 292,197,186) (S 279,186,187) (S 278,187,184) (S 272,179,183) (D 0,1,1)
 0 1 33 14667 44898  8 (D 0,1,1) (S 271,174,183) (S 264,179,178) (S 275,178,185) (S 277,185,253) (S 276,185,186) (S 280,187,188) (D 0,1,1)
 0 1 34 14687 40465  12 (D 0,1,1) (S 270,174,182) (S 269,182,181) (S 267,181,180) (S 265,180,179) (S 273,179,184) (S 274,184,185) (S 263,178,166) (S 258,166,175) (S 259,175,176) (S 250,168,163) (D 0,1,1)
 0 1 35 14487 30805  8 (D 0,1,1) (S 242,157,161) (S 237,161,159) (S 236,159,160) (S 235,160,158) (S 233,158,154) (S 227,154,153) (D 0,1,1)
 0 1 36 14374 45074  10 (D 0,1,1) (S 232,154,157) (S 247,167,166) (S 246,166,165) (S 244,165,164) (S 251,164,169) (S 243,164,161) (S 245,161,165) (S 234,159,158) (D 0,1,1)
 0 1 37 14681 32726  12 (D 0,1,1) (S 54,39,40) (S 112,40,77) (S 110,76,75) (S 107,75,74) (S 106,74,62) (S 80,57,58) (S 85,60,51) (S 71,51,52) (S 72,52,53) (S 75,55,42) (D 0,1,1)
 0 1 38 14626 39471  15 (D 0,1,1) (S 74,55,54) (S 73,54,53) (S 79,56,57) (S 86,57,61) (S 87,61,62) (S 88,62,63) (S 102,63,70) (S 99,70,69) (S 98,69,68) (S 138,68,95) (S 134,94,93) (S 142,93,97) (S 145,97,98) (D 0,1,1)
 0 1 39 14387 47755  14 (D 0,1,1) (S 173,117,118) (S 156,106,108) (S 157,108,109) (S 159,109,110) (S 158,109,107) (S 155,107,108) (S 154,107,105) (S 151,104,103) (S 161,111,103) (S 150,103,102) (S 148,101,87) (S 126,87,86) (D 0,1,1)
 0 1 40 14516 37801  9 (D 0,1,1) (S 111,77,76) (S 113,76,78) (S 114,78,79) (S 115,78,80) (S 116,80,81) (S 118,81,82) (S 131,83,91) (D 0,1,1)
 0 1 41 14610 42636  9 (D 0,1,1) (S 83,59,52) (S 70,51,50) (S 93,50,4) (S 92,4,66) (S 96,66,67) (S 95,67,64) (S 78,56,53) (D 0,1,1)
 0 1 42 14618 45976  14 (D 0,1,1) (S 11,14,15) (S 63,15,45) (S 64,45,46) (S 68,46,49) (S 69,49,50) (S 67,49,48) (S 66,48,46) (S 65,46,47) (S 94,48,4) (S 91,66,65) (S 90,65,64) (S 81,58,56) (D 0,1,1)
