1614787
42
2400313
2343642
 0 1 1 10823 11302  14 (D 0,1,1) (S 27,1,25) (S 26,25,24) (S 24,24,22) (S 22,22,23) (S 25,23,24) (S 23,23,21) (S 20,21,19) (S 16,19,18) (S 14,18,17) (S 13,17,16) (S 12,16,5) (S 1,5,1) (D 0,1,1)
 0 1 2 14508 38236  7 (D 0,1,1) (S 2,5,6) (S 176,120,119) (S 174,119,118) (S 173,118,117) (S 175,117,119) (D 0,1,1)
 0 1 3 14524 48816  13 (D 0,1,1) (S 172,118,106) (S 155,108,107) (S 158,107,109) (S 159,109,110) (S 157,109,108) (S 156,108,106) (S 153,106,105) (S 154,105,107) (S 152,105,104) (S 166,104,114) (S 164,114,113) (D 0,1,1)
 0 1 4 14497 45401  13 (D 0,1,1) (S 170,116,115) (S 167,115,113) (S 162,112,101) (S 149,101,102) (S 160,102,111) (S 165,111,114) (S 151,104,103) (S 161,111,103) (S 150,103,102) (S 148,101,87) (S 128,88,89) (D 0,1,1)
 0 1 5 14521 33957  7 (D 0,1,1) (S 127,88,86) (S 124,86,85) (S 123,85,84) (S 125,84,87) (S 126,87,86) (D 0,1,1)
 0 1 6 14492 41253  7 (D 0,1,1) (S 144,98,99) (S 143,99,91) (S 135,92,94) (S 139,95,3) (S 140,3,96) (D 0,1,1)
 0 1 7 14669 30806  11 (D 0,1,1) (S 199,137,130) (S 191,131,100) (S 147,100,2) (S 146,100,96) (S 141,96,97) (S 145,97,98) (S 186,98,127) (S 185,127,126) (S 219,126,150) (D 0,1,1)
 0 1 8 14544 31513  8 (D 0,1,1) (S 222,255,150) (S 180,123,116) (S 171,116,117) (S 177,117,121) (S 179,122,123) (S 182,123,124) (D 0,1,1)
 0 1 9 14182 24434  10 (D 0,1,1) (S 184,126,125) (S 183,125,124) (S 181,124,122) (S 178,122,121) (S 229,121,155) (S 228,155,152) (S 224,152,125) (S 220,125,150) (D 0,1,1)
 0 1 10 13458 25092  13 (D 0,1,1) (S 30,7,255) (S 221,150,151) (S 223,151,152) (S 230,155,156) (S 238,156,162) (S 239,162,120) (S 252,120,170) (S 253,170,171) (S 255,172,173) (S 254,172,171) (S 256,171,255) (D 0,1,1)
 0 1 11 14650 23878  18 (D 0,1,1) (S 21,20,22) (S 32,23,28) (S 33,27,28) (S 35,28,29) (S 39,29,31) (S 43,30,33) (S 42,33,32) (S 45,32,34) (S 46,34,35) (S 47,35,36) (S 49,36,12) (S 8,12,11) (S 7,11,10) (S 5,9,8) (S 29,8,26) (S 4,8,7) (D 0,1,1)
 0 1 12 14422 45238  9 (D 0,1,1) (S 226,152,153) (S 234,158,159) (S 243,161,164) (S 251,164,169) (S 244,164,165) (S 242,161,157) (S 231,157,156) (D 0,1,1)
 0 1 13 14629 37490  12 (D 0,1,1) (S 240,162,163) (S 249,167,168) (S 260,168,176) (S 259,176,175) (S 258,175,166) (S 263,166,178) (S 264,178,179) (S 265,179,180) (S 269,181,182) (S 270,182,174) (D 0,1,1)
 0 1 14 14359 41284  9 (D 0,1,1) (S 283,189,190) (S 288,190,194) (S 292,197,186) (S 278,187,184) (S 273,184,179) (S 272,179,183) (S 271,183,174) (D 0,1,1)
 0 1 15 14160 30728  16 (D 0,1,1) (S 15,6,18) (S 17,19,7) (S 205,141,140) (S 200,138,137) (S 213,146,147) (S 214,147,135) (S 196,135,133) (S 195,133,134) (S 194,133,132) (S 192,132,100) (S 193,132,131) (S 190,131,130) (S 189,130,129) (S 187,128,127) (D 0,1,1)
 0 1 16 13880 30531  15 (D 0,1,1) (S 204,140,139) (S 203,139,128) (S 188,128,129) (S 202,129,138) (S 198,137,136) (S 211,146,145) (S 217,145,148) (S 216,148,149) (S 215,148,147) (S 197,135,136) (S 206,140,142) (S 207,142,141) (S 218,141,150) (D 0,1,1)
 0 1 17 14589 36003  13 (D 0,1,1) (S 227,153,154) (S 241,157,163) (S 250,163,168) (S 261,176,177) (S 266,177,180) (S 267,180,181) (S 268,181,177) (S 262,177,175) (S 247,166,167) (S 248,167,163) (S 225,153,151) (D 0,1,1)
 0 1 18 14679 32360  9 (D 0,1,1) (S 233,154,158) (S 235,158,160) (S 236,160,159) (S 237,159,161) (S 245,161,165) (S 246,165,166) (S 232,157,154) (D 0,1,1)
 0 1 19 14656 36068  7 (D 0,1,1) (S 201,139,138) (S 212,136,146) (S 210,145,143) (S 209,143,144) (S 208,143,142) (D 0,1,1)
 0 1 20 14613 20959  15 (D 0,1,1) (S 53,38,39) (S 55,39,41) (S 56,41,34) (S 41,32,31) (S 40,31,30) (S 38,30,10) (S 6,10,9) (S 36,9,29) (S 34,29,27) (S 31,27,26) (S 28,26,21) (S 19,21,20) (S 18,20,16) (D 0,1,1)
 0 1 21 14603 29663  10 (D 0,1,1) (S 48,33,36) (S 50,35,37) (S 51,37,13) (S 10,13,14) (S 62,14,44) (S 61,44,37) (S 9,13,12) (S 37,9,255) (D 0,1,1)
 0 1 22 14235 28095  8 (D 0,1,1) (S 130,255,89) (S 129,89,90) (S 343,255,233) (S 344,232,234) (S 342,234,233) (S 3,7,6) (D 0,1,1)
 0 1 23 14197 29898  9 (D 0,1,1) (S 341,233,232) (S 370,250,249) (S 369,249,240) (S 352,240,235) (S 345,235,230) (S 338,230,231) (S 340,231,232) (D 0,1,1)
 0 1 24 14576 43019  12 (D 0,1,1) (S 337,229,230) (S 346,235,236) (S 347,236,237) (S 348,236,238) (S 354,239,241) (S 358,241,243) (S 359,243,244) (S 361,244,245) (S 367,245,248) (S 366,248,247) (D 0,1,1)
 0 1 25 14429 52317  15 (D 0,1,1) (S 368,249,248) (S 362,244,194) (S 289,194,195) (S 290,195,196) (S 294,196,198) (S 295,198,199) (S 297,199,200) (S 298,200,201) (S 300,201,202) (S 299,202,200) (S 296,199,196) (S 293,198,197) (S 291,197,195) (D 0,1,1)
 0 1 26 14690 34765  11 (D 0,1,1) (S 353,240,241) (S 355,241,242) (S 356,242,192) (S 287,192,193) (S 286,193,191) (S 284,191,189) (S 282,189,188) (S 281,188,174) (S 257,174,170) (D 0,1,1)
 0 1 27 14670 47896  8 (D 0,1,1) (S 275,178,185) (S 277,185,253) (S 274,184,185) (S 276,185,186) (S 279,186,187) (S 280,187,188) (D 0,1,1)
 0 1 28 14312 43862  11 (D 0,1,1) (S 351,235,239) (S 350,239,238) (S 349,238,193) (S 285,191,192) (S 357,242,243) (S 360,243,245) (S 363,245,246) (S 372,250,229) (S 339,229,231) (D 0,1,1)
 0 1 29 14542 41376  10 (D 0,1,1) (S 371,250,247) (S 365,247,246) (S 364,246,215) (S 317,214,213) (S 318,213,215) (S 326,215,221) (S 330,222,225) (S 328,222,223) (D 0,1,1)
 0 1 30 14478 42414  11 (D 0,1,1) (S 373,247,222) (S 327,222,221) (S 329,221,224) (S 332,224,226) (S 331,224,225) (S 333,225,223) (S 334,223,227) (S 335,227,228) (S 336,223,229) (D 0,1,1)
 0 1 31 14594 60134  9 (D 0,1,1) (S 320,214,216) (S 374,212,254) (S 322,254,218) (S 323,218,219) (S 324,219,220) (S 325,219,216) (S 319,214,215) (D 0,1,1)
 0 1 32 14521 65050  8 (D 0,1,1) (S 316,213,206) (S 310,207,208) (S 311,208,209) (S 312,209,210) (S 313,210,211) (S 314,210,212) (D 0,1,1)
 0 1 33 14625 62988  8 (D 0,1,1) (S 321,216,217) (S 375,217,254) (S 315,212,207) (S 309,207,205) (S 302,204,203) (S 301,203,202) (D 0,1,1)
 0 1 34 14687 56269  8 (D 0,1,1) (S 307,206,201) (S 303,203,251) (S 304,251,252) (S 305,252,204) (S 306,204,205) (S 308,205,206) (D 0,1,1)
 0 1 35 14638 33429  14 (D 0,1,1) (S 57,39,42) (S 60,43,44) (S 77,44,54) (S 73,54,53) (S 72,53,52) (S 71,52,51) (S 85,51,60) (S 84,60,59) (S 82,59,58) (S 80,58,57) (S 86,57,61) (S 106,62,74) (D 0,1,1)
 0 1 36 14501 38002  11 (D 0,1,1) (S 108,75,73) (S 117,72,81) (S 118,81,82) (S 120,82,83) (S 121,83,84) (S 122,84,80) (S 115,80,78) (S 114,78,79) (S 113,78,76) (D 0,1,1)
 0 1 37 13720 26586  10 (D 0,1,1) (S 59,41,43) (S 58,43,42) (S 109,42,75) (S 110,75,76) (S 111,76,77) (S 112,77,40) (S 54,40,39) (S 52,38,25) (D 0,1,1)
 0 1 38 14650 40715  9 (D 0,1,1) (S 75,42,55) (S 81,56,58) (S 89,60,64) (S 97,67,68) (S 138,68,95) (S 137,95,94) (S 142,93,97) (D 0,1,1)
 0 1 39 14684 40788  13 (D 0,1,1) (S 169,115,99) (S 131,91,83) (S 119,82,71) (S 100,71,69) (S 99,69,70) (S 101,70,71) (S 103,71,72) (S 116,80,81) (S 104,72,73) (S 105,73,74) (S 107,74,75) (D 0,1,1)
 0 1 40 14698 44492  14 (D 0,1,1) (S 76,55,53) (S 83,59,52) (S 70,51,50) (S 69,50,49) (S 67,49,48) (S 66,48,46) (S 65,46,47) (S 68,46,49) (S 93,50,4) (S 92,4,66) (S 91,66,65) (S 90,65,64) (D 0,1,1)
 0 1 41 14648 43406  14 (D 0,1,1) (S 78,53,56) (S 79,56,57) (S 87,61,62) (S 88,62,63) (S 102,63,70) (S 98,69,68) (S 136,68,94) (S 134,94,93) (S 133,93,92) (S 132,92,91) (S 168,99,112) (S 163,112,113) (D 0,1,1)
 0 1 42 14675 44274  10 (D 0,1,1) (S 44,11,33) (S 11,14,15) (S 63,15,45) (S 64,45,46) (S 94,48,4) (S 96,66,67) (S 95,67,64) (S 74,54,55) (D 0,1,1)
