1625236
42
2400171
2228515
 0 1 1 14275 29052  12 (D 0,1,1) (S 185,126,127) (S 187,127,128) (S 188,128,129) (S 189,129,130) (S 193,131,132) (S 146,100,96) (S 141,96,97) (S 145,97,98) (S 186,98,127) (S 219,126,150) (D 0,1,1)
 0 1 2 13644 33957  7 (D 0,1,1) (S 124,86,85) (S 123,85,84) (S 126,87,86) (S 127,86,88) (S 128,88,89) (D 0,1,1)
 0 1 3 13835 33079  10 (D 0,1,1) (S 253,171,170) (S 257,170,174) (S 282,188,189) (S 284,189,191) (S 286,191,193) (S 349,193,238) (S 350,238,239) (S 345,235,230) (D 0,1,1)
 0 1 4 14594 60134  9 (D 0,1,1) (S 320,214,216) (S 374,212,254) (S 322,254,218) (S 323,218,219) (S 324,219,220) (S 325,219,216) (S 319,214,215) (D 0,1,1)
 0 1 5 14672 22896  22 (D 0,1,1) (S 13,16,17) (S 15,18,6) (S 37,255,9) (S 7,10,11) (S 44,11,33) (S 49,36,12) (S 9,12,13) (S 51,13,37) (S 50,37,35) (S 46,35,34) (S 45,34,32) (S 41,32,31) (S 39,31,29) (S 33,28,27) (S 29,26,8) (S 4,8,7) (S 17,7,19) (S 20,19,21) (S 19,21,20) (S 1,5,1) (D 0,1,1)
 0 1 6 13895 21421  13 (D 0,1,1) (S 14,17,18) (S 16,18,19) (S 5,8,9) (S 36,9,29) (S 40,31,30) (S 43,30,33) (S 42,33,32) (S 56,34,41) (S 55,41,39) (S 53,39,38) (S 52,38,25) (D 0,1,1)
 0 1 7 14686 42827  10 (D 0,1,1) (S 149,101,102) (S 160,102,111) (S 161,111,103) (S 151,103,104) (S 166,104,114) (S 163,113,112) (S 168,112,99) (S 144,99,98) (D 0,1,1)
 0 1 8 14663 57128  9 (D 0,1,1) (S 300,201,202) (S 301,202,203) (S 303,203,251) (S 304,251,252) (S 305,252,204) (S 302,204,203) (S 307,201,206) (D 0,1,1)
 0 1 9 14631 41329  13 (D 0,1,1) (S 339,231,229) (S 370,250,249) (S 369,249,240) (S 352,240,235) (S 346,235,236) (S 347,236,237) (S 348,236,238) (S 287,193,192) (S 356,192,242) (S 355,242,241) (S 353,241,240) (D 0,1,1)
 0 1 10 14625 37326  10 (D 0,1,1) (S 281,174,188) (S 285,191,192) (S 357,242,243) (S 360,243,245) (S 367,245,248) (S 366,248,247) (S 371,247,250) (S 340,231,232) (D 0,1,1)
 0 1 11 14532 48215  12 (D 0,1,1) (S 234,158,159) (S 244,165,164) (S 251,164,169) (S 243,164,161) (S 245,161,165) (S 246,165,166) (S 259,175,176) (S 249,168,167) (S 248,167,163) (S 230,156,155) (D 0,1,1)
 0 1 12 14659 40371  12 (D 0,1,1) (S 11,14,15) (S 63,15,45) (S 64,45,46) (S 65,46,47) (S 68,46,49) (S 67,49,48) (S 93,4,50) (S 71,51,52) (S 76,53,55) (S 75,55,42) (D 0,1,1)
 0 1 13 14680 32237  9 (D 0,1,1) (S 59,41,43) (S 79,56,57) (S 106,62,74) (S 105,74,73) (S 108,73,75) (S 109,75,42) (S 57,42,39) (D 0,1,1)
 0 1 14 14481 40964  10 (D 0,1,1) (S 270,174,182) (S 269,182,181) (S 267,181,180) (S 265,180,179) (S 264,179,178) (S 276,185,186) (S 279,186,187) (S 280,187,188) (D 0,1,1)
 0 1 15 14507 29211  10 (D 0,1,1) (S 6,9,10) (S 38,10,30) (S 48,33,36) (S 47,36,35) (S 61,37,44) (S 62,44,14) (S 10,14,13) (S 8,12,11) (D 0,1,1)
 0 1 16 14623 30924  8 (D 0,1,1) (S 226,152,153) (S 242,157,161) (S 237,161,159) (S 236,159,160) (S 235,160,158) (S 233,158,154) (D 0,1,1)
 0 1 17 14664 40527  10 (D 0,1,1) (S 351,235,239) (S 354,239,241) (S 358,241,243) (S 359,243,244) (S 363,245,246) (S 365,246,247) (S 372,250,229) (S 343,233,255) (D 0,1,1)
 0 1 18 14670 62129  7 (D 0,1,1) (S 321,216,217) (S 315,212,207) (S 309,207,205) (S 306,204,205) (S 308,205,206) (D 0,1,1)
 0 1 19 14489 40484  8 (D 0,1,1) (S 140,96,3) (S 139,3,95) (S 137,95,94) (S 135,94,92) (S 143,91,99) (S 169,99,115) (D 0,1,1)
 0 1 20 14625 38555  10 (D 0,1,1) (S 54,39,40) (S 112,40,77) (S 111,77,76) (S 110,76,75) (S 125,84,87) (S 148,87,101) (S 162,101,112) (S 167,113,115) (D 0,1,1)
 0 1 21 14652 36465  12 (D 0,1,1) (S 241,157,163) (S 247,167,166) (S 258,166,175) (S 262,175,177) (S 266,177,180) (S 268,181,177) (S 261,177,176) (S 260,176,168) (S 250,168,163) (S 240,163,162) (D 0,1,1)
 0 1 22 13884 32218  15 (D 0,1,1) (S 222,255,150) (S 218,150,141) (S 207,141,142) (S 206,142,140) (S 199,137,130) (S 190,130,131) (S 191,131,100) (S 147,100,2) (S 192,100,132) (S 194,132,133) (S 195,133,134) (S 196,133,135) (S 213,147,146) (D 0,1,1)
 0 1 23 14656 36068  7 (D 0,1,1) (S 208,142,143) (S 209,143,144) (S 210,143,145) (S 212,146,136) (S 201,138,139) (D 0,1,1)
 0 1 24 14452 66004  9 (D 0,1,1) (S 317,214,213) (S 310,207,208) (S 311,208,209) (S 312,209,210) (S 313,210,211) (S 314,210,212) (S 375,254,217) (D 0,1,1)
 0 1 25 14095 29967  14 (D 0,1,1) (S 204,140,139) (S 203,139,128) (S 202,129,138) (S 198,137,136) (S 197,136,135) (S 214,135,147) (S 215,147,148) (S 216,148,149) (S 217,148,145) (S 211,145,146) (S 200,137,138) (S 205,140,141) (D 0,1,1)
 0 1 26 14677 40079  10 (D 0,1,1) (S 113,76,78) (S 114,78,79) (S 115,78,80) (S 118,81,82) (S 119,82,71) (S 101,71,70) (S 100,69,71) (S 103,71,72) (D 0,1,1)
 0 1 27 14177 40613  16 (D 0,1,1) (S 58,42,43) (S 60,43,44) (S 77,44,54) (S 73,54,53) (S 81,56,58) (S 80,58,57) (S 86,57,61) (S 87,61,62) (S 88,62,63) (S 102,63,70) (S 99,70,69) (S 98,69,68) (S 138,68,95) (S 134,94,93) (D 0,1,1)
 0 1 28 14617 43799  9 (D 0,1,1) (S 272,183,179) (S 273,179,184) (S 274,184,185) (S 277,185,253) (S 275,185,178) (S 263,178,166) (S 224,152,125) (D 0,1,1)
 0 1 29 14413 40190  15 (D 0,1,1) (S 72,53,52) (S 83,52,59) (S 89,60,64) (S 90,64,65) (S 91,65,66) (S 92,66,4) (S 94,4,48) (S 66,48,46) (S 69,49,50) (S 70,50,51) (S 85,51,60) (S 82,59,58) (S 78,56,53) (D 0,1,1)
 0 1 30 13592 31038  6 (D 0,1,1) (S 181,124,122) (S 177,121,117) (S 171,117,116) (S 180,116,123) (D 0,1,1)
 0 1 31 14546 46454  11 (D 0,1,1) (S 368,249,248) (S 361,245,244) (S 362,244,194) (S 290,195,196) (S 296,196,199) (S 295,199,198) (S 292,197,186) (S 278,187,184) (S 271,183,174) (D 0,1,1)
 0 1 32 14296 23706  11 (D 0,1,1) (S 221,150,151) (S 223,151,152) (S 228,152,155) (S 229,155,121) (S 178,121,122) (S 179,122,123) (S 182,123,124) (S 183,124,125) (S 220,125,150) (D 0,1,1)
 0 1 33 14391 47014  8 (D 0,1,1) (S 136,94,68) (S 97,68,67) (S 96,66,67) (S 95,67,64) (S 84,60,59) (S 74,54,55) (D 0,1,1)
 0 1 34 14607 41212  15 (D 0,1,1) (S 338,231,230) (S 337,230,229) (S 336,229,223) (S 333,223,225) (S 331,225,224) (S 332,224,226) (S 329,224,221) (S 327,221,222) (S 328,222,223) (S 334,223,227) (S 335,227,228) (S 30,255,7) (S 2,6,5) (D 0,1,1)
 0 1 35 14322 51427  15 (D 0,1,1) (S 172,118,106) (S 155,108,107) (S 153,105,106) (S 156,106,108) (S 157,108,109) (S 159,109,110) (S 158,109,107) (S 154,107,105) (S 152,105,104) (S 150,103,102) (S 165,111,114) (S 164,114,113) (S 170,115,116) (D 0,1,1)
 0 1 36 13881 28095  7 (D 0,1,1) (S 342,233,234) (S 344,234,232) (S 129,89,90) (S 130,89,255) (S 3,7,6) (D 0,1,1)
 0 1 37 14442 38687  7 (D 0,1,1) (S 176,120,119) (S 175,117,119) (S 174,119,118) (S 173,118,117) (S 184,125,126) (D 0,1,1)
 0 1 38 13874 39026  7 (D 0,1,1) (S 373,247,222) (S 330,222,225) (S 326,221,215) (S 364,215,246) (S 341,232,233) (D 0,1,1)
 0 1 39 14674 50062  13 (D 0,1,1) (S 318,215,213) (S 316,213,206) (S 298,201,200) (S 299,200,202) (S 297,200,199) (S 294,196,198) (S 293,198,197) (S 291,197,195) (S 289,195,194) (S 288,194,190) (S 283,190,189) (D 0,1,1)
 0 1 40 14646 38490  13 (D 0,1,1) (S 107,75,74) (S 104,73,72) (S 117,72,81) (S 116,81,80) (S 122,80,84) (S 121,84,83) (S 120,82,83) (S 131,83,91) (S 132,91,92) (S 133,92,93) (S 142,93,97) (D 0,1,1)
 0 1 41 13386 15774  16 (D 0,1,1) (S 27,1,25) (S 26,25,24) (S 24,22,24) (S 25,24,23) (S 23,23,21) (S 28,21,26) (S 31,26,27) (S 34,27,29) (S 35,29,28) (S 32,28,23) (S 22,23,22) (S 21,22,20) (S 18,20,16) (S 12,16,5) (D 0,1,1)
 0 1 42 14498 26082  12 (D 0,1,1) (S 256,255,171) (S 254,171,172) (S 255,172,173) (S 252,170,120) (S 239,120,162) (S 238,162,156) (S 231,156,157) (S 232,157,154) (S 227,154,153) (S 225,153,151) (D 0,1,1)
