1614299
42
2763926
1910515
 0 1 1 9601 10129  11 (D 0,1,1) (S 27,1,25) (S 26,25,24) (S 24,22,24) (S 25,24,23) (S 22,23,22) (S 21,22,20) (S 18,20,16) (S 12,16,5) (S 1,5,1) (D 0,1,1)
 0 1 2 13282 18668  19 (D 0,1,1) (S 2,5,6) (S 15,6,18) (S 20,19,21) (S 23,21,23) (S 32,23,28) (S 35,28,29) (S 40,31,30) (S 43,30,33) (S 44,33,11) (S 7,11,10) (S 6,10,9) (S 5,9,8) (S 4,8,7) (S 17,7,19) (S 16,19,18) (S 14,18,17) (S 13,17,16) (D 0,1,1)
 0 1 3 14681 20732  16 (D 0,1,1) (S 19,20,21) (S 28,21,26) (S 31,26,27) (S 34,27,29) (S 39,29,31) (S 41,31,32) (S 42,32,33) (S 48,33,36) (S 47,36,35) (S 46,35,34) (S 56,34,41) (S 55,41,39) (S 53,39,38) (S 52,38,25) (D 0,1,1)
 0 1 4 14695 41240  9 (D 0,1,1) (S 343,255,233) (S 373,247,222) (S 326,221,215) (S 318,215,213) (S 317,213,214) (S 364,215,246) (S 365,246,247) (D 0,1,1)
 0 1 5 14348 36068  6 (D 0,1,1) (S 218,150,141) (S 208,142,143) (S 209,143,144) (S 210,143,145) (D 0,1,1)
 0 1 6 14172 28681  11 (D 0,1,1) (S 219,150,126) (S 185,126,127) (S 187,127,128) (S 189,129,130) (S 191,131,100) (S 146,100,96) (S 141,96,97) (S 145,97,98) (S 186,98,127) (D 0,1,1)
 0 1 7 14693 37436  9 (D 0,1,1) (S 144,98,99) (S 143,99,91) (S 136,94,68) (S 138,68,95) (S 137,95,94) (S 134,94,93) (S 142,93,97) (D 0,1,1)
 0 1 8 14668 40484  8 (D 0,1,1) (S 140,96,3) (S 139,3,95) (S 135,94,92) (S 170,115,116) (S 180,116,123) (S 182,123,124) (D 0,1,1)
 0 1 9 14631 35795  7 (D 0,1,1) (S 179,122,123) (S 171,116,117) (S 175,117,119) (S 176,119,120) (S 256,171,255) (D 0,1,1)
 0 1 10 13681 28648  14 (D 0,1,1) (S 130,255,89) (S 129,89,90) (S 222,255,150) (S 221,150,151) (S 223,151,152) (S 230,155,156) (S 238,156,162) (S 239,162,120) (S 252,120,170) (S 253,170,171) (S 254,171,172) (S 255,172,173) (D 0,1,1)
 0 1 11 14693 34726  11 (D 0,1,1) (S 257,170,174) (S 282,188,189) (S 286,191,193) (S 287,193,192) (S 356,192,242) (S 355,242,241) (S 354,241,239) (S 338,230,231) (S 341,232,233) (D 0,1,1)
 0 1 12 14683 23983  10 (D 0,1,1) (S 224,125,152) (S 228,152,155) (S 229,155,121) (S 178,121,122) (S 181,122,124) (S 183,124,125) (S 220,125,150) (S 30,255,7) (D 0,1,1)
 0 1 13 14668 40833  12 (D 0,1,1) (S 184,126,125) (S 177,121,117) (S 173,117,118) (S 153,106,105) (S 152,105,104) (S 151,104,103) (S 150,103,102) (S 149,102,101) (S 148,101,87) (S 128,88,89) (D 0,1,1)
 0 1 14 14614 32600  16 (D 0,1,1) (S 207,141,142) (S 206,142,140) (S 203,139,128) (S 188,128,129) (S 202,129,138) (S 211,146,145) (S 217,145,148) (S 216,148,149) (S 215,148,147) (S 214,135,147) (S 213,147,146) (S 212,146,136) (S 200,137,138) (S 205,140,141) (D 0,1,1)
 0 1 15 14623 30924  8 (D 0,1,1) (S 226,152,153) (S 233,154,158) (S 235,158,160) (S 236,160,159) (S 237,159,161) (S 242,161,157) (D 0,1,1)
 0 1 16 14545 36073  12 (D 0,1,1) (S 232,154,157) (S 247,167,166) (S 258,166,175) (S 262,175,177) (S 266,177,180) (S 267,180,181) (S 268,181,177) (S 261,177,176) (S 249,168,167) (S 225,153,151) (D 0,1,1)
 0 1 17 14650 46674  12 (D 0,1,1) (S 231,156,157) (S 241,157,163) (S 248,163,167) (S 246,166,165) (S 245,165,161) (S 243,161,164) (S 251,164,169) (S 244,164,165) (S 234,159,158) (S 227,154,153) (D 0,1,1)
 0 1 18 14660 38146  10 (D 0,1,1) (S 113,76,78) (S 114,78,79) (S 115,78,80) (S 116,80,81) (S 118,81,82) (S 131,83,91) (S 132,91,92) (S 133,92,93) (D 0,1,1)
 0 1 19 14493 48584  11 (D 0,1,1) (S 174,119,118) (S 172,118,106) (S 156,106,108) (S 155,108,107) (S 158,107,109) (S 159,109,110) (S 157,109,108) (S 154,107,105) (S 166,104,114) (D 0,1,1)
 0 1 20 14366 29026  8 (D 0,1,1) (S 342,233,234) (S 344,234,232) (S 37,255,9) (S 36,9,29) (S 33,28,27) (S 29,26,8) (D 0,1,1)
 0 1 21 14684 40685  10 (D 0,1,1) (S 371,250,247) (S 363,246,245) (S 361,245,244) (S 359,244,243) (S 357,243,242) (S 285,192,191) (S 284,191,189) (S 281,188,174) (D 0,1,1)
 0 1 22 13849 39955  11 (D 0,1,1) (S 352,240,235) (S 346,235,236) (S 347,236,237) (S 348,236,238) (S 349,238,193) (S 350,238,239) (S 351,239,235) (S 345,235,230) (S 337,230,229) (D 0,1,1)
 0 1 23 14659 42550  13 (D 0,1,1) (S 336,229,223) (S 335,227,228) (S 334,227,223) (S 328,223,222) (S 330,222,225) (S 327,222,221) (S 329,221,224) (S 332,224,226) (S 331,224,225) (S 333,225,223) (S 340,231,232) (D 0,1,1)
 0 1 24 14569 37207  11 (D 0,1,1) (S 339,231,229) (S 372,229,250) (S 370,250,249) (S 369,249,240) (S 353,240,241) (S 358,241,243) (S 360,243,245) (S 367,245,248) (S 366,248,247) (D 0,1,1)
 0 1 25 14429 52317  15 (D 0,1,1) (S 362,244,194) (S 289,194,195) (S 291,195,197) (S 293,197,198) (S 296,196,199) (S 299,200,202) (S 300,202,201) (S 298,201,200) (S 297,200,199) (S 295,199,198) (S 294,198,196) (S 290,196,195) (S 368,248,249) (D 0,1,1)
 0 1 26 14501 37420  11 (D 0,1,1) (S 270,174,182) (S 269,182,181) (S 265,180,179) (S 264,179,178) (S 263,178,166) (S 259,175,176) (S 260,176,168) (S 250,168,163) (S 240,163,162) (D 0,1,1)
 0 1 27 14329 46009  9 (D 0,1,1) (S 272,183,179) (S 275,178,185) (S 277,185,253) (S 274,185,184) (S 278,184,187) (S 279,186,187) (S 280,187,188) (D 0,1,1)
 0 1 28 14700 43171  8 (D 0,1,1) (S 283,189,190) (S 288,190,194) (S 292,197,186) (S 276,186,185) (S 273,184,179) (S 271,183,174) (D 0,1,1)
 0 1 29 14488 40889  11 (D 0,1,1) (S 169,115,99) (S 168,99,112) (S 163,112,113) (S 164,113,114) (S 165,114,111) (S 161,111,103) (S 160,111,102) (S 162,101,112) (S 167,113,115) (D 0,1,1)
 0 1 30 14120 29956  15 (D 0,1,1) (S 3,6,7) (S 204,140,139) (S 201,139,138) (S 199,137,130) (S 190,130,131) (S 193,131,132) (S 147,100,2) (S 192,100,132) (S 194,132,133) (S 195,133,134) (S 196,133,135) (S 197,135,136) (S 198,136,137) (D 0,1,1)
 0 1 31 14700 32090  11 (D 0,1,1) (S 54,39,40) (S 112,40,77) (S 111,77,76) (S 110,76,75) (S 106,74,62) (S 87,62,61) (S 80,57,58) (S 60,44,43) (S 59,43,41) (D 0,1,1)
 0 1 32 14618 39038  9 (D 0,1,1) (S 57,39,42) (S 82,58,59) (S 89,60,64) (S 95,64,67) (S 96,67,66) (S 81,58,56) (S 75,55,42) (D 0,1,1)
 0 1 33 14625 35849  13 (D 0,1,1) (S 109,42,75) (S 108,75,73) (S 104,73,72) (S 103,72,71) (S 101,71,70) (S 102,70,63) (S 88,63,62) (S 86,61,57) (S 79,57,56) (S 73,53,54) (S 74,54,55) (D 0,1,1)
 0 1 34 14644 46297  13 (D 0,1,1) (S 78,53,56) (S 84,59,60) (S 97,67,68) (S 98,68,69) (S 99,69,70) (S 100,69,71) (S 119,71,82) (S 120,82,83) (S 121,83,84) (S 125,84,87) (S 126,87,86) (D 0,1,1)
 0 1 35 14698 35272  9 (D 0,1,1) (S 127,88,86) (S 124,86,85) (S 123,85,84) (S 122,84,80) (S 117,81,72) (S 105,73,74) (S 107,74,75) (D 0,1,1)
 0 1 36 14668 30377  10 (D 0,1,1) (S 49,36,12) (S 51,37,13) (S 10,13,14) (S 62,14,44) (S 61,44,37) (S 50,37,35) (S 45,34,32) (S 38,30,10) (D 0,1,1)
 0 1 37 14500 41098  15 (D 0,1,1) (S 8,11,12) (S 9,12,13) (S 11,14,15) (S 63,15,45) (S 64,45,46) (S 65,46,47) (S 68,46,49) (S 66,46,48) (S 67,48,49) (S 69,49,50) (S 85,51,60) (S 83,59,52) (S 76,53,55) (D 0,1,1)
 0 1 38 14573 40228  12 (D 0,1,1) (S 90,64,65) (S 91,65,66) (S 92,66,4) (S 94,4,48) (S 93,4,50) (S 70,50,51) (S 71,51,52) (S 72,52,53) (S 77,54,44) (S 58,43,42) (D 0,1,1)
 0 1 39 14594 60134  9 (D 0,1,1) (S 319,215,214) (S 320,214,216) (S 325,216,219) (S 324,219,220) (S 323,219,218) (S 322,218,254) (S 374,212,254) (D 0,1,1)
 0 1 40 14521 65050  8 (D 0,1,1) (S 314,212,210) (S 313,210,211) (S 312,210,209) (S 311,209,208) (S 310,208,207) (S 316,206,213) (D 0,1,1)
 0 1 41 14687 56269  8 (D 0,1,1) (S 308,206,205) (S 306,205,204) (S 305,204,252) (S 304,252,251) (S 303,251,203) (S 307,201,206) (D 0,1,1)
 0 1 42 14625 62988  8 (D 0,1,1) (S 301,202,203) (S 302,203,204) (S 309,205,207) (S 315,207,212) (S 375,254,217) (S 321,217,216) (D 0,1,1)
