1616571
42
1801833
1700203
 0 1 1 10416 10944  12 (D 0,1,1) (S 1,1,5) (S 2,5,6) (S 15,6,18) (S 16,18,19) (S 20,19,21) (S 23,21,23) (S 25,23,24) (S 24,22,24) (S 26,24,25) (S 27,25,1) (D 0,1,1)
 0 1 2 14284 19905  18 (D 0,1,1) (S 12,5,16) (S 18,16,20) (S 19,20,21) (S 28,21,26) (S 29,26,8) (S 5,8,9) (S 38,10,30) (S 43,30,33) (S 42,33,32) (S 41,32,31) (S 39,31,29) (S 35,29,28) (S 33,28,27) (S 31,27,26) (S 4,8,7) (S 3,7,6) (D 0,1,1)
 0 1 3 13315 25311  8 (D 0,1,1) (S 13,16,17) (S 14,17,18) (S 17,19,7) (S 30,7,255) (S 342,233,234) (S 344,234,232) (D 0,1,1)
 0 1 4 14267 37957  7 (D 0,1,1) (S 340,232,231) (S 365,247,246) (S 363,246,245) (S 367,245,248) (S 366,248,247) (D 0,1,1)
 0 1 5 14530 46454  10 (D 0,1,1) (S 368,249,248) (S 290,195,196) (S 296,196,199) (S 295,199,198) (S 292,197,186) (S 279,186,187) (S 278,187,184) (S 272,179,183) (D 0,1,1)
 0 1 6 14426 43511  11 (D 0,1,1) (S 270,174,182) (S 269,182,181) (S 267,181,180) (S 265,180,179) (S 264,179,178) (S 277,185,253) (S 274,185,184) (S 273,184,179) (S 271,183,174) (D 0,1,1)
 0 1 7 14420 36003  11 (D 0,1,1) (S 250,163,168) (S 261,176,177) (S 266,177,180) (S 268,181,177) (S 262,177,175) (S 258,175,166) (S 241,163,157) (S 232,157,154) (S 227,154,153) (D 0,1,1)
 0 1 8 14661 26245  12 (D 0,1,1) (S 225,151,153) (S 226,153,152) (S 228,152,155) (S 230,155,156) (S 238,156,162) (S 239,162,120) (S 252,120,170) (S 254,171,172) (S 255,172,173) (S 256,171,255) (D 0,1,1)
 0 1 9 14576 37756  10 (D 0,1,1) (S 343,255,233) (S 341,233,232) (S 372,229,250) (S 371,250,247) (S 373,247,222) (S 328,222,223) (S 335,227,228) (S 334,227,223) (D 0,1,1)
 0 1 10 14432 41958  12 (D 0,1,1) (S 339,231,229) (S 364,246,215) (S 326,215,221) (S 327,221,222) (S 329,221,224) (S 332,224,226) (S 331,224,225) (S 330,222,225) (S 333,225,223) (S 336,223,229) (D 0,1,1)
 0 1 11 13995 44206  12 (D 0,1,1) (S 337,229,230) (S 354,239,241) (S 358,241,243) (S 359,243,244) (S 362,244,194) (S 361,244,245) (S 360,245,243) (S 357,243,242) (S 355,242,241) (S 353,241,240) (D 0,1,1)
 0 1 12 14551 39727  13 (D 0,1,1) (S 370,250,249) (S 369,249,240) (S 352,240,235) (S 346,235,236) (S 347,236,237) (S 348,236,238) (S 349,238,193) (S 287,193,192) (S 356,242,192) (S 285,192,191) (S 281,188,174) (D 0,1,1)
 0 1 13 14674 32785  7 (D 0,1,1) (S 222,255,150) (S 221,150,151) (S 229,155,121) (S 171,117,116) (S 180,116,123) (D 0,1,1)
 0 1 14 14577 40484  9 (D 0,1,1) (S 169,115,99) (S 132,91,92) (S 135,92,94) (S 137,94,95) (S 139,95,3) (S 140,3,96) (S 145,97,98) (D 0,1,1)
 0 1 15 14350 30951  15 (D 0,1,1) (S 207,141,142) (S 206,142,140) (S 212,136,146) (S 211,146,145) (S 217,145,148) (S 216,148,149) (S 215,148,147) (S 214,147,135) (S 197,135,136) (S 202,138,129) (S 188,129,128) (S 187,128,127) (S 219,126,150) (D 0,1,1)
 0 1 16 14553 40813  13 (D 0,1,1) (S 220,150,125) (S 168,99,112) (S 163,112,113) (S 164,113,114) (S 165,114,111) (S 161,111,103) (S 150,103,102) (S 149,102,101) (S 162,101,112) (S 167,113,115) (S 170,115,116) (D 0,1,1)
 0 1 17 14679 48584  11 (D 0,1,1) (S 183,125,124) (S 166,114,104) (S 154,105,107) (S 157,108,109) (S 159,109,110) (S 158,109,107) (S 155,107,108) (S 156,108,106) (S 174,118,119) (D 0,1,1)
 0 1 18 14578 31344  7 (D 0,1,1) (S 176,120,119) (S 175,119,117) (S 177,117,121) (S 178,121,122) (S 181,122,124) (D 0,1,1)
 0 1 19 14684 29772  13 (D 0,1,1) (S 223,151,152) (S 224,152,125) (S 184,125,126) (S 185,126,127) (S 186,127,98) (S 141,97,96) (S 146,96,100) (S 192,100,132) (S 193,132,131) (S 199,130,137) (S 201,138,139) (D 0,1,1)
 0 1 20 14624 32233  14 (D 0,1,1) (S 203,139,128) (S 189,129,130) (S 190,130,131) (S 191,131,100) (S 147,100,2) (S 194,132,133) (S 195,133,134) (S 196,133,135) (S 213,147,146) (S 198,136,137) (S 204,139,140) (S 205,140,141) (D 0,1,1)
 0 1 21 14572 36068  7 (D 0,1,1) (S 200,138,137) (S 210,145,143) (S 209,143,144) (S 208,143,142) (S 218,141,150) (D 0,1,1)
 0 1 22 14633 42723  14 (D 0,1,1) (S 130,255,89) (S 129,89,90) (S 128,89,88) (S 148,87,101) (S 160,102,111) (S 151,103,104) (S 152,104,105) (S 153,105,106) (S 172,106,118) (S 173,118,117) (S 179,122,123) (S 182,123,124) (D 0,1,1)
 0 1 23 14506 30161  9 (D 0,1,1) (S 37,255,9) (S 40,30,31) (S 45,32,34) (S 61,37,44) (S 62,44,14) (S 10,14,13) (S 8,12,11) (D 0,1,1)
 0 1 24 14495 23867  18 (D 0,1,1) (S 55,39,41) (S 56,41,34) (S 46,34,35) (S 50,35,37) (S 51,37,13) (S 9,13,12) (S 49,12,36) (S 48,36,33) (S 44,33,11) (S 7,11,10) (S 6,10,9) (S 36,9,29) (S 34,29,27) (S 32,28,23) (S 22,23,22) (S 21,22,20) (D 0,1,1)
 0 1 25 14554 31939  8 (D 0,1,1) (S 233,154,158) (S 235,158,160) (S 236,160,159) (S 237,159,161) (S 245,161,165) (S 242,161,157) (D 0,1,1)
 0 1 26 14385 41981  8 (D 0,1,1) (S 231,156,157) (S 247,167,166) (S 263,166,178) (S 275,178,185) (S 276,185,186) (S 280,187,188) (D 0,1,1)
 0 1 27 14686 33079  11 (D 0,1,1) (S 338,231,230) (S 345,230,235) (S 351,235,239) (S 350,239,238) (S 286,193,191) (S 284,191,189) (S 282,189,188) (S 257,174,170) (S 253,170,171) (D 0,1,1)
 0 1 28 14560 45943  12 (D 0,1,1) (S 234,158,159) (S 243,161,164) (S 251,164,169) (S 244,164,165) (S 246,165,166) (S 259,175,176) (S 260,176,168) (S 249,168,167) (S 248,167,163) (S 240,163,162) (D 0,1,1)
 0 1 29 14521 33957  7 (D 0,1,1) (S 124,86,85) (S 123,85,84) (S 125,84,87) (S 126,87,86) (S 127,86,88) (D 0,1,1)
 0 1 30 14598 37538  9 (D 0,1,1) (S 108,75,73) (S 104,73,72) (S 122,80,84) (S 121,84,83) (S 131,83,91) (S 143,91,99) (S 144,99,98) (D 0,1,1)
 0 1 31 14330 23452  9 (D 0,1,1) (S 53,38,39) (S 54,39,40) (S 112,40,77) (S 111,77,76) (S 110,76,75) (S 109,75,42) (S 57,42,39) (D 0,1,1)
 0 1 32 14624 39373  12 (D 0,1,1) (S 105,74,73) (S 117,81,72) (S 103,72,71) (S 119,71,82) (S 120,82,83) (S 118,82,81) (S 116,81,80) (S 115,80,78) (S 114,78,79) (S 113,78,76) (D 0,1,1)
 0 1 33 14452 66004  9 (D 0,1,1) (S 317,214,213) (S 310,207,208) (S 311,208,209) (S 312,209,210) (S 313,210,211) (S 314,210,212) (S 375,254,217) (D 0,1,1)
 0 1 34 14594 60134  9 (D 0,1,1) (S 374,212,254) (S 322,254,218) (S 323,218,219) (S 324,219,220) (S 325,219,216) (S 320,216,214) (S 319,214,215) (D 0,1,1)
 0 1 35 14663 57128  9 (D 0,1,1) (S 307,206,201) (S 300,201,202) (S 301,202,203) (S 303,203,251) (S 304,251,252) (S 305,252,204) (S 302,204,203) (D 0,1,1)
 0 1 36 14670 62129  7 (D 0,1,1) (S 321,216,217) (S 315,212,207) (S 309,207,205) (S 306,204,205) (S 308,205,206) (D 0,1,1)
 0 1 37 14657 39679  10 (D 0,1,1) (S 133,93,92) (S 136,94,68) (S 97,68,67) (S 95,67,64) (S 89,64,60) (S 84,60,59) (S 76,53,55) (S 75,55,42) (D 0,1,1)
 0 1 38 14624 46526  12 (D 0,1,1) (S 71,52,51) (S 93,50,4) (S 92,4,66) (S 96,66,67) (S 91,66,65) (S 90,65,64) (S 82,59,58) (S 81,58,56) (S 78,56,53) (S 58,43,42) (D 0,1,1)
 0 1 39 14331 42083  12 (D 0,1,1) (S 142,97,93) (S 134,93,94) (S 138,95,68) (S 98,68,69) (S 99,69,70) (S 101,70,71) (S 100,71,69) (S 102,70,63) (S 88,63,62) (S 79,57,56) (D 0,1,1)
 0 1 40 13918 33231  14 (D 0,1,1) (S 52,25,38) (S 107,75,74) (S 106,74,62) (S 87,62,61) (S 86,61,57) (S 80,57,58) (S 83,59,52) (S 72,52,53) (S 73,53,54) (S 77,54,44) (S 60,44,43) (S 59,43,41) (D 0,1,1)
 0 1 41 14589 42571  15 (D 0,1,1) (S 74,55,54) (S 85,60,51) (S 70,51,50) (S 69,50,49) (S 68,49,46) (S 65,46,47) (S 66,46,48) (S 94,4,48) (S 67,48,49) (S 64,46,45) (S 63,45,15) (S 11,15,14) (S 47,35,36) (D 0,1,1)
 0 1 42 14674 50062  13 (D 0,1,1) (S 318,215,213) (S 316,213,206) (S 298,201,200) (S 299,200,202) (S 297,200,199) (S 294,196,198) (S 293,198,197) (S 291,197,195) (S 289,195,194) (S 288,194,190) (S 283,190,189) (D 0,1,1)
