1622120
42
1801706
1364249
 0 1 1 14542 15738  18 (D 0,1,1) (S 27,1,25) (S 26,25,24) (S 25,23,24) (S 24,24,22) (S 21,22,20) (S 19,20,21) (S 23,21,23) (S 32,23,28) (S 33,28,27) (S 31,27,26) (S 28,26,21) (S 20,21,19) (S 14,18,17) (S 13,17,16) (S 12,16,5) (S 1,5,1) (D 0,1,1)
 0 1 2 14609 29094  16 (D 0,1,1) (S 18,16,20) (S 22,22,23) (S 35,28,29) (S 36,29,9) (S 6,9,10) (S 38,10,30) (S 43,30,33) (S 48,33,36) (S 47,35,36) (S 49,36,12) (S 9,12,13) (S 10,13,14) (S 62,14,44) (S 58,43,42) (D 0,1,1)
 0 1 3 14231 40543  13 (D 0,1,1) (S 85,60,51) (S 70,51,50) (S 69,50,49) (S 67,49,48) (S 66,48,46) (S 68,46,49) (S 65,46,47) (S 64,46,45) (S 63,45,15) (S 11,15,14) (S 8,12,11) (D 0,1,1)
 0 1 4 14432 41958  12 (D 0,1,1) (S 339,231,229) (S 365,247,246) (S 364,246,215) (S 326,215,221) (S 330,222,225) (S 327,222,221) (S 329,221,224) (S 332,224,226) (S 331,224,225) (S 333,225,223) (D 0,1,1)
 0 1 5 13334 24017  16 (D 0,1,1) (S 219,150,126) (S 184,126,125) (S 224,125,152) (S 226,152,153) (S 227,153,154) (S 233,154,158) (S 235,158,160) (S 236,160,159) (S 234,159,158) (S 225,153,151) (S 221,151,150) (S 37,255,9) (S 5,9,8) (S 4,8,7) (D 0,1,1)
 0 1 6 14276 36068  7 (D 0,1,1) (S 208,142,143) (S 209,143,144) (S 210,143,145) (S 200,137,138) (S 201,138,139) (D 0,1,1)
 0 1 7 14296 21501  15 (D 0,1,1) (S 2,5,6) (S 15,6,18) (S 16,18,19) (S 17,19,7) (S 29,8,26) (S 34,27,29) (S 39,29,31) (S 40,31,30) (S 41,31,32) (S 56,34,41) (S 55,41,39) (S 53,39,38) (S 52,38,25) (D 0,1,1)
 0 1 8 14060 38545  10 (D 0,1,1) (S 130,255,89) (S 129,89,90) (S 126,86,87) (S 125,87,84) (S 121,84,83) (S 131,83,91) (S 143,91,99) (S 144,99,98) (D 0,1,1)
 0 1 9 13457 23231  9 (D 0,1,1) (S 220,150,125) (S 183,125,124) (S 181,124,122) (S 178,122,121) (S 229,121,155) (S 228,155,152) (S 223,152,151) (D 0,1,1)
 0 1 10 14651 31071  15 (D 0,1,1) (S 185,126,127) (S 187,127,128) (S 188,128,129) (S 202,129,138) (S 199,137,130) (S 190,130,131) (S 191,131,100) (S 147,100,2) (S 194,132,133) (S 195,133,134) (S 196,133,135) (S 197,135,136) (S 204,139,140) (D 0,1,1)
 0 1 11 14134 31534  13 (D 0,1,1) (S 3,6,7) (S 211,146,145) (S 217,145,148) (S 216,148,149) (S 215,148,147) (S 214,135,147) (S 213,147,146) (S 212,146,136) (S 198,136,137) (S 206,140,142) (S 207,142,141) (D 0,1,1)
 0 1 12 13633 33520  10 (D 0,1,1) (S 182,124,123) (S 167,115,113) (S 163,113,112) (S 168,112,99) (S 169,99,115) (S 170,115,116) (S 180,116,123) (S 179,123,122) (D 0,1,1)
 0 1 13 14645 42760  9 (D 0,1,1) (S 177,121,117) (S 173,117,118) (S 153,106,105) (S 152,105,104) (S 151,104,103) (S 150,103,102) (S 162,101,112) (D 0,1,1)
 0 1 14 14616 35758  10 (D 0,1,1) (S 164,113,114) (S 165,114,111) (S 161,111,103) (S 160,111,102) (S 149,102,101) (S 148,101,87) (S 127,86,88) (S 128,88,89) (D 0,1,1)
 0 1 15 14425 39182  6 (D 0,1,1) (S 142,97,93) (S 137,94,95) (S 139,95,3) (S 140,3,96) (D 0,1,1)
 0 1 16 14493 48584  11 (D 0,1,1) (S 166,114,104) (S 154,105,107) (S 155,107,108) (S 158,107,109) (S 159,109,110) (S 157,109,108) (S 156,108,106) (S 172,106,118) (S 174,118,119) (D 0,1,1)
 0 1 17 13828 28632  13 (D 0,1,1) (S 186,127,98) (S 145,98,97) (S 141,97,96) (S 146,96,100) (S 192,100,132) (S 193,132,131) (S 189,130,129) (S 203,128,139) (S 205,140,141) (S 218,141,150) (S 222,150,255) (D 0,1,1)
 0 1 18 14551 32618  8 (D 0,1,1) (S 257,170,174) (S 281,174,188) (S 280,188,187) (S 278,187,184) (S 273,184,179) (S 272,179,183) (D 0,1,1)
 0 1 19 14414 50840  9 (D 0,1,1) (S 265,180,179) (S 276,185,186) (S 279,186,187) (S 274,184,185) (S 277,185,253) (S 275,185,178) (S 271,183,174) (D 0,1,1)
 0 1 20 14646 33208  14 (D 0,1,1) (S 270,174,182) (S 269,182,181) (S 267,181,180) (S 266,180,177) (S 262,177,175) (S 258,166,175) (S 259,175,176) (S 260,176,168) (S 249,168,167) (S 248,167,163) (S 241,163,157) (S 232,157,154) (D 0,1,1)
 0 1 21 14660 35984  9 (D 0,1,1) (S 230,155,156) (S 231,156,157) (S 242,157,161) (S 245,161,165) (S 246,165,166) (S 263,166,178) (S 264,178,179) (D 0,1,1)
 0 1 22 14638 33476  12 (D 0,1,1) (S 268,181,177) (S 261,177,176) (S 250,168,163) (S 240,163,162) (S 239,162,120) (S 252,120,170) (S 253,170,171) (S 254,171,172) (S 255,172,173) (S 256,171,255) (D 0,1,1)
 0 1 23 14684 37656  6 (D 0,1,1) (S 238,156,162) (S 176,120,119) (S 175,119,117) (S 171,117,116) (D 0,1,1)
 0 1 24 14503 43940  7 (D 0,1,1) (S 247,167,166) (S 244,165,164) (S 251,164,169) (S 243,164,161) (S 237,161,159) (D 0,1,1)
 0 1 25 14680 49974  11 (D 0,1,1) (S 292,186,197) (S 293,197,198) (S 295,198,199) (S 294,196,198) (S 291,197,195) (S 288,194,190) (S 283,190,189) (S 284,189,191) (S 282,189,188) (D 0,1,1)
 0 1 26 14633 39643  12 (D 0,1,1) (S 338,231,230) (S 345,230,235) (S 346,235,236) (S 347,236,237) (S 348,236,238) (S 349,238,193) (S 350,238,239) (S 351,239,235) (S 352,235,240) (S 369,240,249) (D 0,1,1)
 0 1 27 14039 27363  7 (D 0,1,1) (S 30,7,255) (S 343,255,233) (S 342,233,234) (S 344,234,232) (S 340,231,232) (D 0,1,1)
 0 1 28 14628 58082  8 (D 0,1,1) (S 301,202,203) (S 303,203,251) (S 304,251,252) (S 305,252,204) (S 302,204,203) (S 317,213,214) (D 0,1,1)
 0 1 29 14517 48507  14 (D 0,1,1) (S 318,215,213) (S 316,213,206) (S 307,206,201) (S 300,201,202) (S 299,202,200) (S 298,200,201) (S 297,200,199) (S 296,199,196) (S 290,196,195) (S 289,195,194) (S 362,194,244) (S 368,248,249) (D 0,1,1)
 0 1 30 14658 37756  8 (D 0,1,1) (S 336,229,223) (S 335,227,228) (S 334,227,223) (S 328,223,222) (S 373,222,247) (S 341,232,233) (D 0,1,1)
 0 1 31 14618 59108  10 (D 0,1,1) (S 337,230,229) (S 320,214,216) (S 375,217,254) (S 322,254,218) (S 323,218,219) (S 324,219,220) (S 325,219,216) (S 319,214,215) (D 0,1,1)
 0 1 32 14541 37655  10 (D 0,1,1) (S 371,250,247) (S 366,247,248) (S 367,248,245) (S 361,245,244) (S 359,244,243) (S 358,243,241) (S 353,241,240) (S 370,249,250) (D 0,1,1)
 0 1 33 14408 65050  9 (D 0,1,1) (S 372,229,250) (S 310,207,208) (S 311,208,209) (S 312,209,210) (S 313,210,211) (S 314,210,212) (S 374,212,254) (D 0,1,1)
 0 1 34 14670 62129  7 (D 0,1,1) (S 308,206,205) (S 306,204,205) (S 309,205,207) (S 315,207,212) (S 321,217,216) (D 0,1,1)
 0 1 35 14591 45509  11 (D 0,1,1) (S 354,239,241) (S 355,241,242) (S 285,192,191) (S 286,191,193) (S 287,193,192) (S 356,192,242) (S 357,242,243) (S 360,243,245) (S 363,245,246) (D 0,1,1)
 0 1 36 14228 29753  11 (D 0,1,1) (S 54,39,40) (S 110,76,75) (S 106,74,62) (S 86,61,57) (S 79,57,56) (S 78,56,53) (S 73,53,54) (S 77,54,44) (S 57,42,39) (D 0,1,1)
 0 1 37 14271 33102  11 (D 0,1,1) (S 109,42,75) (S 108,75,73) (S 117,72,81) (S 116,81,80) (S 115,80,78) (S 114,78,79) (S 113,78,76) (S 111,76,77) (S 112,77,40) (D 0,1,1)
 0 1 38 14609 40713  14 (D 0,1,1) (S 75,42,55) (S 81,56,58) (S 80,58,57) (S 87,61,62) (S 88,62,63) (S 102,63,70) (S 101,70,71) (S 100,71,69) (S 99,69,70) (S 98,69,68) (S 136,68,94) (S 134,94,93) (D 0,1,1)
 0 1 39 14347 42917  12 (D 0,1,1) (S 133,93,92) (S 132,91,92) (S 135,92,94) (S 138,95,68) (S 97,68,67) (S 95,67,64) (S 89,64,60) (S 83,59,52) (S 72,52,53) (S 76,53,55) (D 0,1,1)
 0 1 40 14604 47545  12 (D 0,1,1) (S 74,55,54) (S 82,58,59) (S 84,59,60) (S 90,64,65) (S 91,65,66) (S 96,66,67) (S 92,66,4) (S 94,4,48) (S 93,4,50) (S 71,51,52) (D 0,1,1)
 0 1 41 14035 27411  12 (D 0,1,1) (S 7,10,11) (S 44,11,33) (S 42,33,32) (S 45,32,34) (S 46,34,35) (S 50,35,37) (S 51,37,13) (S 61,37,44) (S 60,44,43) (S 59,43,41) (D 0,1,1)
 0 1 42 14393 40445  12 (D 0,1,1) (S 124,86,85) (S 123,85,84) (S 122,84,80) (S 118,81,82) (S 120,82,83) (S 119,82,71) (S 103,71,72) (S 104,72,73) (S 105,73,74) (S 107,74,75) (D 0,1,1)
