1615951
42
1801939
1721531
 0 1 1 13455 15794  17 (D 0,1,1) (S 2,5,6) (S 15,6,18) (S 16,18,19) (S 20,19,21) (S 19,21,20) (S 21,20,22) (S 24,22,24) (S 23,23,21) (S 28,21,26) (S 31,26,27) (S 33,27,28) (S 32,28,23) (S 25,23,24) (S 26,24,25) (S 27,25,1) (D 0,1,1)
 0 1 2 14526 20299  14 (D 0,1,1) (S 52,25,38) (S 53,38,39) (S 55,39,41) (S 56,41,34) (S 45,34,32) (S 42,32,33) (S 43,33,30) (S 35,29,28) (S 22,23,22) (S 18,20,16) (S 12,16,5) (S 1,5,1) (D 0,1,1)
 0 1 3 14171 40390  12 (D 0,1,1) (S 13,16,17) (S 14,17,18) (S 17,19,7) (S 341,233,232) (S 334,223,227) (S 335,227,228) (S 328,223,222) (S 330,222,225) (S 373,222,247) (S 339,229,231) (D 0,1,1)
 0 1 4 14405 28095  8 (D 0,1,1) (S 30,7,255) (S 342,233,234) (S 344,234,232) (S 343,233,255) (S 130,255,89) (S 129,89,90) (D 0,1,1)
 0 1 5 14505 40924  11 (D 0,1,1) (S 128,89,88) (S 148,87,101) (S 149,101,102) (S 150,102,103) (S 160,111,102) (S 162,101,112) (S 163,112,113) (S 168,112,99) (S 144,99,98) (D 0,1,1)
 0 1 6 14425 39182  6 (D 0,1,1) (S 140,96,3) (S 139,3,95) (S 137,95,94) (S 142,93,97) (D 0,1,1)
 0 1 7 14465 32768  15 (D 0,1,1) (S 201,139,138) (S 199,137,130) (S 190,130,131) (S 193,131,132) (S 147,100,2) (S 192,100,132) (S 194,132,133) (S 195,133,134) (S 196,133,135) (S 214,135,147) (S 197,135,136) (S 204,139,140) (S 205,140,141) (D 0,1,1)
 0 1 8 14386 28825  13 (D 0,1,1) (S 218,150,141) (S 207,141,142) (S 206,142,140) (S 203,139,128) (S 189,129,130) (S 191,131,100) (S 146,100,96) (S 141,96,97) (S 145,97,98) (S 186,98,127) (S 219,126,150) (D 0,1,1)
 0 1 9 14548 30173  15 (D 0,1,1) (S 220,150,125) (S 184,125,126) (S 185,126,127) (S 187,127,128) (S 188,128,129) (S 202,129,138) (S 200,138,137) (S 198,137,136) (S 211,146,145) (S 217,145,148) (S 216,148,149) (S 215,148,147) (S 213,147,146) (D 0,1,1)
 0 1 10 14405 36068  6 (D 0,1,1) (S 212,136,146) (S 210,145,143) (S 209,143,144) (S 208,143,142) (D 0,1,1)
 0 1 11 14479 25092  12 (D 0,1,1) (S 223,151,152) (S 228,152,155) (S 230,155,156) (S 238,156,162) (S 239,162,120) (S 252,120,170) (S 253,170,171) (S 255,172,173) (S 254,172,171) (S 256,171,255) (D 0,1,1)
 0 1 12 14665 26050  11 (D 0,1,1) (S 7,10,11) (S 44,11,33) (S 48,33,36) (S 49,36,12) (S 9,12,13) (S 10,13,14) (S 62,14,44) (S 58,43,42) (S 57,42,39) (D 0,1,1)
 0 1 13 14649 38547  11 (D 0,1,1) (S 109,42,75) (S 105,74,73) (S 104,73,72) (S 103,72,71) (S 101,71,70) (S 99,69,70) (S 102,70,63) (S 88,63,62) (S 79,57,56) (D 0,1,1)
 0 1 14 14653 46405  14 (D 0,1,1) (S 74,55,54) (S 73,54,53) (S 82,58,59) (S 95,64,67) (S 92,66,4) (S 94,4,48) (S 66,48,46) (S 65,46,47) (S 69,49,50) (S 70,50,51) (S 71,51,52) (S 77,54,44) (D 0,1,1)
 0 1 15 14665 48065  13 (D 0,1,1) (S 165,114,111) (S 161,111,103) (S 151,103,104) (S 154,105,107) (S 157,108,109) (S 159,109,110) (S 158,109,107) (S 155,107,108) (S 156,108,106) (S 172,106,118) (S 173,118,117) (D 0,1,1)
 0 1 16 14511 31819  7 (D 0,1,1) (S 176,120,119) (S 175,119,117) (S 177,117,121) (S 178,121,122) (S 179,122,123) (D 0,1,1)
 0 1 17 14512 41635  10 (D 0,1,1) (S 181,124,122) (S 174,119,118) (S 153,106,105) (S 152,105,104) (S 166,104,114) (S 164,114,113) (S 167,113,115) (S 170,115,116) (D 0,1,1)
 0 1 18 14281 29401  14 (D 0,1,1) (S 75,42,55) (S 76,55,53) (S 78,53,56) (S 80,58,57) (S 86,57,61) (S 87,61,62) (S 106,62,74) (S 107,74,75) (S 110,75,76) (S 111,76,77) (S 112,77,40) (S 54,40,39) (D 0,1,1)
 0 1 19 14375 32785  6 (D 0,1,1) (S 182,124,123) (S 180,123,116) (S 171,116,117) (S 229,121,155) (D 0,1,1)
 0 1 20 13183 25330  17 (D 0,1,1) (S 4,7,8) (S 5,8,9) (S 36,9,29) (S 39,29,31) (S 40,31,30) (S 38,30,10) (S 6,10,9) (S 37,9,255) (S 225,151,153) (S 227,153,154) (S 235,158,160) (S 236,160,159) (S 234,159,158) (S 233,158,154) (S 226,153,152) (D 0,1,1)
 0 1 21 14696 28979  11 (D 0,1,1) (S 29,8,26) (S 34,27,29) (S 41,31,32) (S 46,34,35) (S 47,35,36) (S 50,35,37) (S 61,37,44) (S 60,44,43) (S 59,43,41) (D 0,1,1)
 0 1 22 14586 40830  15 (D 0,1,1) (S 183,125,124) (S 169,115,99) (S 143,99,91) (S 132,91,92) (S 135,92,94) (S 136,94,68) (S 98,68,69) (S 100,69,71) (S 119,71,82) (S 121,83,84) (S 122,84,80) (S 117,81,72) (S 108,73,75) (D 0,1,1)
 0 1 23 14638 44289  10 (D 0,1,1) (S 81,56,58) (S 89,60,64) (S 90,64,65) (S 91,65,66) (S 96,66,67) (S 97,67,68) (S 138,68,95) (S 134,94,93) (D 0,1,1)
 0 1 24 14521 33957  7 (D 0,1,1) (S 127,88,86) (S 124,86,85) (S 123,85,84) (S 125,84,87) (S 126,87,86) (D 0,1,1)
 0 1 25 14632 38146  10 (D 0,1,1) (S 113,76,78) (S 114,78,79) (S 115,78,80) (S 116,80,81) (S 118,81,82) (S 120,82,83) (S 131,83,91) (S 133,92,93) (D 0,1,1)
 0 1 26 14617 39881  14 (D 0,1,1) (S 72,53,52) (S 83,52,59) (S 84,59,60) (S 85,60,51) (S 93,50,4) (S 67,48,49) (S 68,49,46) (S 64,46,45) (S 63,45,15) (S 11,15,14) (S 51,37,13) (S 8,12,11) (D 0,1,1)
 0 1 27 14407 29531  8 (D 0,1,1) (S 237,159,161) (S 245,161,165) (S 242,161,157) (S 232,157,154) (S 221,151,150) (S 3,7,6) (D 0,1,1)
 0 1 28 14476 38817  13 (D 0,1,1) (S 240,162,163) (S 250,163,168) (S 260,168,176) (S 261,176,177) (S 266,177,180) (S 267,180,181) (S 268,181,177) (S 262,177,175) (S 258,175,166) (S 231,157,156) (S 224,152,125) (D 0,1,1)
 0 1 29 14476 42928  11 (D 0,1,1) (S 271,174,183) (S 272,183,179) (S 273,179,184) (S 274,184,185) (S 277,185,253) (S 263,178,166) (S 247,166,167) (S 248,167,163) (S 222,150,255) (D 0,1,1)
 0 1 30 14514 40964  9 (D 0,1,1) (S 280,188,187) (S 276,186,185) (S 275,185,178) (S 264,178,179) (S 265,179,180) (S 269,181,182) (S 270,182,174) (D 0,1,1)
 0 1 31 13081 45402  9 (D 0,1,1) (S 243,161,164) (S 251,164,169) (S 244,164,165) (S 246,165,166) (S 259,175,176) (S 249,168,167) (S 241,163,157) (D 0,1,1)
 0 1 32 14394 35261  10 (D 0,1,1) (S 257,170,174) (S 281,174,188) (S 282,188,189) (S 286,191,193) (S 349,193,238) (S 350,238,239) (S 351,239,235) (S 352,235,240) (D 0,1,1)
 0 1 33 14478 39935  12 (D 0,1,1) (S 370,250,249) (S 369,249,240) (S 353,240,241) (S 358,241,243) (S 359,243,244) (S 361,244,245) (S 360,245,243) (S 357,243,242) (S 285,192,191) (S 284,191,189) (D 0,1,1)
 0 1 34 14674 50062  13 (D 0,1,1) (S 283,189,190) (S 288,190,194) (S 289,194,195) (S 291,195,197) (S 293,197,198) (S 294,198,196) (S 297,199,200) (S 299,200,202) (S 298,200,201) (S 316,206,213) (S 318,213,215) (D 0,1,1)
 0 1 35 14287 37957  7 (D 0,1,1) (S 365,247,246) (S 363,246,245) (S 367,245,248) (S 366,248,247) (S 371,247,250) (D 0,1,1)
 0 1 36 14093 40096  11 (D 0,1,1) (S 372,229,250) (S 364,246,215) (S 326,215,221) (S 327,221,222) (S 329,221,224) (S 332,224,226) (S 331,224,225) (S 333,225,223) (S 336,223,229) (D 0,1,1)
 0 1 37 13603 39420  13 (D 0,1,1) (S 340,232,231) (S 338,231,230) (S 345,230,235) (S 354,239,241) (S 355,241,242) (S 356,242,192) (S 287,192,193) (S 348,238,236) (S 347,236,237) (S 346,236,235) (S 337,230,229) (D 0,1,1)
 0 1 38 14663 57128  9 (D 0,1,1) (S 307,206,201) (S 301,202,203) (S 302,203,204) (S 305,204,252) (S 304,252,251) (S 303,251,203) (S 300,202,201) (D 0,1,1)
 0 1 39 14670 62129  7 (D 0,1,1) (S 321,216,217) (S 315,212,207) (S 309,207,205) (S 306,204,205) (S 308,205,206) (D 0,1,1)
 0 1 40 14594 60134  9 (D 0,1,1) (S 374,212,254) (S 322,254,218) (S 323,218,219) (S 324,219,220) (S 325,219,216) (S 320,216,214) (S 319,214,215) (D 0,1,1)
 0 1 41 14452 66004  9 (D 0,1,1) (S 375,217,254) (S 314,212,210) (S 313,210,211) (S 312,210,209) (S 311,209,208) (S 310,208,207) (S 317,213,214) (D 0,1,1)
 0 1 42 14412 46454  10 (D 0,1,1) (S 278,184,187) (S 279,187,186) (S 292,186,197) (S 295,198,199) (S 296,199,196) (S 290,196,195) (S 362,194,244) (S 368,248,249) (D 0,1,1)
