1627908
42
1802937
1192999
 0 1 1 14427 43512  9 (D 0,1,1) (S 167,115,113) (S 164,113,114) (S 166,114,104) (S 151,104,103) (S 150,103,102) (S 165,111,114) (S 168,112,99) (D 0,1,1)
 0 1 2 14646 37329  7 (D 0,1,1) (S 182,124,123) (S 179,123,122) (S 173,117,118) (S 174,118,119) (S 176,119,120) (D 0,1,1)
 0 1 3 14240 38738  11 (D 0,1,1) (S 144,98,99) (S 132,91,92) (S 135,92,94) (S 136,94,68) (S 138,68,95) (S 137,95,94) (S 143,91,99) (S 169,99,115) (S 170,115,116) (D 0,1,1)
 0 1 4 14627 40126  11 (D 0,1,1) (S 340,232,231) (S 372,229,250) (S 373,247,222) (S 327,221,222) (S 330,222,225) (S 333,225,223) (S 334,223,227) (S 335,227,228) (S 336,223,229) (D 0,1,1)
 0 1 5 14424 42857  11 (D 0,1,1) (S 76,55,53) (S 81,56,58) (S 97,67,68) (S 98,68,69) (S 99,69,70) (S 101,70,71) (S 103,71,72) (S 104,72,73) (S 108,73,75) (D 0,1,1)
 0 1 6 14405 28095  8 (D 0,1,1) (S 344,232,234) (S 342,234,233) (S 343,233,255) (S 129,89,90) (S 130,89,255) (S 30,255,7) (D 0,1,1)
 0 1 7 14657 49973  17 (D 0,1,1) (S 172,118,106) (S 156,106,108) (S 155,108,107) (S 158,107,109) (S 159,109,110) (S 157,109,108) (S 153,106,105) (S 154,105,107) (S 152,105,104) (S 161,103,111) (S 160,111,102) (S 149,102,101) (S 148,101,87) (S 126,87,86) (S 128,88,89) (D 0,1,1)
 0 1 8 14283 32420  7 (D 0,1,1) (S 180,123,116) (S 171,116,117) (S 175,117,119) (S 177,117,121) (S 181,122,124) (D 0,1,1)
 0 1 9 14325 44857  12 (D 0,1,1) (S 264,179,178) (S 276,185,186) (S 279,186,187) (S 280,187,188) (S 282,188,189) (S 284,189,191) (S 285,191,192) (S 356,242,192) (S 287,192,193) (S 286,193,191) (D 0,1,1)
 0 1 10 14584 36074  9 (D 0,1,1) (S 15,18,6) (S 127,88,86) (S 124,86,85) (S 123,85,84) (S 122,84,80) (S 117,81,72) (S 105,73,74) (D 0,1,1)
 0 1 11 13996 30387  12 (D 0,1,1) (S 198,137,136) (S 197,136,135) (S 214,135,147) (S 215,147,148) (S 216,148,149) (S 217,148,145) (S 211,145,146) (S 202,138,129) (S 187,128,127) (S 185,127,126) (D 0,1,1)
 0 1 12 14632 38146  10 (D 0,1,1) (S 133,93,92) (S 131,91,83) (S 120,83,82) (S 118,82,81) (S 116,81,80) (S 115,80,78) (S 114,78,79) (S 113,78,76) (D 0,1,1)
 0 1 13 14405 39643  11 (D 0,1,1) (S 341,233,232) (S 352,240,235) (S 351,235,239) (S 350,239,238) (S 349,238,193) (S 348,238,236) (S 347,236,237) (S 346,236,235) (S 338,230,231) (D 0,1,1)
 0 1 14 14591 24434  11 (D 0,1,1) (S 222,255,150) (S 219,150,126) (S 184,126,125) (S 224,125,152) (S 228,152,155) (S 229,155,121) (S 178,121,122) (S 183,124,125) (S 220,125,150) (D 0,1,1)
 0 1 15 12473 28089  19 (D 0,1,1) (S 207,141,142) (S 206,142,140) (S 201,139,138) (S 200,138,137) (S 199,137,130) (S 190,130,131) (S 193,131,132) (S 147,100,2) (S 191,100,131) (S 189,130,129) (S 188,129,128) (S 203,128,139) (S 204,139,140) (S 205,140,141) (S 17,7,19) (S 20,19,21) (S 19,21,20) (D 0,1,1)
 0 1 16 14649 40054  13 (D 0,1,1) (S 74,55,54) (S 71,52,51) (S 93,50,4) (S 94,4,48) (S 92,4,66) (S 91,66,65) (S 90,65,64) (S 89,64,60) (S 83,59,52) (S 72,52,53) (S 75,55,42) (D 0,1,1)
 0 1 17 14588 37546  10 (D 0,1,1) (S 345,230,235) (S 354,239,241) (S 358,241,243) (S 357,243,242) (S 355,242,241) (S 353,241,240) (S 369,240,249) (S 370,249,250) (D 0,1,1)
 0 1 18 14401 34366  11 (D 0,1,1) (S 218,150,141) (S 213,146,147) (S 196,135,133) (S 195,133,134) (S 194,133,132) (S 192,132,100) (S 146,100,96) (S 145,97,98) (S 186,98,127) (D 0,1,1)
 0 1 19 14670 62129  7 (D 0,1,1) (S 321,216,217) (S 315,212,207) (S 309,207,205) (S 306,204,205) (S 308,205,206) (D 0,1,1)
 0 1 20 14631 28229  17 (D 0,1,1) (S 18,16,20) (S 21,20,22) (S 24,22,24) (S 22,22,23) (S 32,23,28) (S 40,31,30) (S 43,30,33) (S 42,33,32) (S 45,32,34) (S 46,34,35) (S 50,35,37) (S 51,37,13) (S 61,37,44) (S 60,44,43) (S 58,43,42) (D 0,1,1)
 0 1 21 14675 43890  12 (D 0,1,1) (S 77,44,54) (S 73,54,53) (S 95,64,67) (S 96,67,66) (S 84,60,59) (S 82,59,58) (S 80,58,57) (S 86,57,61) (S 106,62,74) (S 107,74,75) (D 0,1,1)
 0 1 22 14405 36068  6 (D 0,1,1) (S 212,136,146) (S 210,145,143) (S 209,143,144) (S 208,143,142) (D 0,1,1)
 0 1 23 14507 37957  8 (D 0,1,1) (S 371,250,247) (S 365,247,246) (S 363,246,245) (S 367,245,248) (S 366,248,247) (S 339,229,231) (D 0,1,1)
 0 1 24 14602 53745  9 (D 0,1,1) (S 292,186,197) (S 295,198,199) (S 297,199,200) (S 298,200,201) (S 299,202,200) (S 296,199,196) (S 361,244,245) (D 0,1,1)
 0 1 25 13017 23452  9 (D 0,1,1) (S 57,39,42) (S 109,42,75) (S 110,75,76) (S 111,76,77) (S 112,77,40) (S 54,40,39) (S 52,38,25) (D 0,1,1)
 0 1 26 14663 57128  9 (D 0,1,1) (S 307,206,201) (S 303,203,251) (S 304,251,252) (S 305,252,204) (S 302,204,203) (S 301,203,202) (S 300,202,201) (D 0,1,1)
 0 1 27 14636 44477  13 (D 0,1,1) (S 78,53,56) (S 79,56,57) (S 87,61,62) (S 88,62,63) (S 102,63,70) (S 100,69,71) (S 119,71,82) (S 121,83,84) (S 125,84,87) (S 162,101,112) (S 163,112,113) (D 0,1,1)
 0 1 28 14677 27856  9 (D 0,1,1) (S 37,255,9) (S 7,10,11) (S 8,11,12) (S 9,12,13) (S 10,13,14) (S 62,14,44) (S 59,43,41) (D 0,1,1)
 0 1 29 14419 39182  7 (D 0,1,1) (S 141,97,96) (S 140,96,3) (S 139,3,95) (S 134,94,93) (S 142,93,97) (D 0,1,1)
 0 1 30 14302 36417  12 (D 0,1,1) (S 230,155,156) (S 241,157,163) (S 247,167,166) (S 258,166,175) (S 262,175,177) (S 266,177,180) (S 267,180,181) (S 265,180,179) (S 272,179,183) (S 271,183,174) (D 0,1,1)
 0 1 31 14188 44188  12 (D 0,1,1) (S 328,223,222) (S 331,225,224) (S 332,224,226) (S 329,224,221) (S 326,221,215) (S 318,215,213) (S 317,213,214) (S 319,214,215) (S 364,215,246) (S 337,229,230) (D 0,1,1)
 0 1 32 13782 45832  8 (D 0,1,1) (S 273,179,184) (S 278,184,187) (S 274,184,185) (S 277,185,253) (S 275,185,178) (S 263,178,166) (D 0,1,1)
 0 1 33 14214 16292  17 (D 0,1,1) (S 1,1,5) (S 12,5,16) (S 13,16,17) (S 14,17,18) (S 16,18,19) (S 29,8,26) (S 33,27,28) (S 35,28,29) (S 34,29,27) (S 31,27,26) (S 28,26,21) (S 23,21,23) (S 25,23,24) (S 26,24,25) (S 27,25,1) (D 0,1,1)
 0 1 34 14590 42628  14 (D 0,1,1) (S 368,249,248) (S 360,245,243) (S 359,243,244) (S 362,244,194) (S 291,195,197) (S 293,197,198) (S 294,198,196) (S 290,196,195) (S 289,195,194) (S 288,194,190) (S 283,190,189) (S 281,188,174) (D 0,1,1)
 0 1 35 14219 45873  10 (D 0,1,1) (S 240,162,163) (S 250,163,168) (S 259,176,175) (S 246,166,165) (S 244,165,164) (S 251,164,169) (S 243,164,161) (S 234,159,158) (D 0,1,1)
 0 1 36 14666 30452  13 (D 0,1,1) (S 221,150,151) (S 225,151,153) (S 248,163,167) (S 249,167,168) (S 260,168,176) (S 261,176,177) (S 268,177,181) (S 269,181,182) (S 270,182,174) (S 257,174,170) (S 256,171,255) (D 0,1,1)
 0 1 37 14284 21575  14 (D 0,1,1) (S 53,38,39) (S 55,39,41) (S 56,41,34) (S 47,35,36) (S 48,36,33) (S 44,33,11) (S 41,32,31) (S 39,31,29) (S 36,29,9) (S 5,9,8) (S 4,8,7) (S 2,6,5) (D 0,1,1)
 0 1 38 14521 65050  8 (D 0,1,1) (S 314,212,210) (S 313,210,211) (S 312,210,209) (S 311,209,208) (S 310,208,207) (S 316,206,213) (D 0,1,1)
 0 1 39 14547 26201  13 (D 0,1,1) (S 223,151,152) (S 226,152,153) (S 227,153,154) (S 232,154,157) (S 231,157,156) (S 238,156,162) (S 239,162,120) (S 252,120,170) (S 253,170,171) (S 255,172,173) (S 254,172,171) (D 0,1,1)
 0 1 40 14554 31939  8 (D 0,1,1) (S 233,154,158) (S 235,158,160) (S 236,160,159) (S 237,159,161) (S 245,161,165) (S 242,161,157) (D 0,1,1)
 0 1 41 14575 40568  15 (D 0,1,1) (S 85,60,51) (S 70,51,50) (S 69,50,49) (S 65,46,47) (S 68,46,49) (S 67,49,48) (S 66,48,46) (S 64,46,45) (S 63,45,15) (S 11,15,14) (S 49,12,36) (S 38,30,10) (S 6,10,9) (D 0,1,1)
 0 1 42 14531 60134  10 (D 0,1,1) (S 3,6,7) (S 320,214,216) (S 325,216,219) (S 324,219,220) (S 323,219,218) (S 322,218,254) (S 374,212,254) (S 375,254,217) (D 0,1,1)
