1615979
42
3499766
2693687
 0 1 1 13311 16382  16 (D 0,1,1) (S 27,1,25) (S 26,25,24) (S 24,24,22) (S 22,22,23) (S 23,23,21) (S 28,21,26) (S 31,26,27) (S 34,27,29) (S 36,29,9) (S 5,9,8) (S 4,8,7) (S 15,6,18) (S 14,18,17) (S 13,17,16) (D 0,1,1)
 0 1 2 14633 29494  17 (D 0,1,1) (S 2,5,6) (S 218,150,141) (S 205,141,140) (S 204,140,139) (S 201,139,138) (S 211,146,145) (S 217,145,148) (S 216,148,149) (S 215,148,147) (S 213,147,146) (S 200,137,138) (S 206,140,142) (S 207,142,141) (S 17,7,19) (S 16,19,18) (D 0,1,1)
 0 1 3 13779 23923  16 (D 0,1,1) (S 1,1,5) (S 3,6,7) (S 30,7,255) (S 129,89,90) (S 130,89,255) (S 221,150,151) (S 223,151,152) (S 226,152,153) (S 227,153,154) (S 233,154,158) (S 235,158,160) (S 236,160,159) (S 234,159,158) (S 225,153,151) (D 0,1,1)
 0 1 4 14490 24909  12 (D 0,1,1) (S 219,150,126) (S 184,126,125) (S 224,125,152) (S 228,152,155) (S 229,155,121) (S 178,121,122) (S 179,122,123) (S 182,123,124) (S 220,125,150) (S 222,150,255) (D 0,1,1)
 0 1 5 14588 37326  11 (D 0,1,1) (S 343,255,233) (S 340,232,231) (S 366,247,248) (S 367,248,245) (S 360,245,243) (S 357,243,242) (S 285,192,191) (S 281,188,174) (S 256,171,255) (D 0,1,1)
 0 1 6 13371 26144  7 (D 0,1,1) (S 342,233,234) (S 344,234,232) (S 20,19,21) (S 19,21,20) (S 18,20,16) (D 0,1,1)
 0 1 7 14496 29901  12 (D 0,1,1) (S 29,8,26) (S 33,27,28) (S 41,31,32) (S 46,34,35) (S 47,35,36) (S 49,36,12) (S 9,12,13) (S 51,13,37) (S 61,37,44) (S 59,43,41) (D 0,1,1)
 0 1 8 14544 26436  13 (D 0,1,1) (S 57,39,42) (S 58,42,43) (S 60,43,44) (S 62,44,14) (S 10,14,13) (S 50,37,35) (S 48,36,33) (S 44,33,11) (S 38,30,10) (S 6,10,9) (S 37,9,255) (D 0,1,1)
 0 1 9 13634 28681  11 (D 0,1,1) (S 185,126,127) (S 186,127,98) (S 145,98,97) (S 141,97,96) (S 146,96,100) (S 191,100,131) (S 189,130,129) (S 188,129,128) (S 187,128,127) (D 0,1,1)
 0 1 10 14695 33834  15 (D 0,1,1) (S 199,137,130) (S 190,130,131) (S 193,131,132) (S 147,100,2) (S 192,100,132) (S 194,132,133) (S 195,133,134) (S 196,133,135) (S 214,135,147) (S 197,135,136) (S 198,136,137) (S 202,138,129) (S 203,128,139) (D 0,1,1)
 0 1 11 14405 36068  6 (D 0,1,1) (S 212,136,146) (S 210,145,143) (S 209,143,144) (S 208,143,142) (D 0,1,1)
 0 1 12 14168 31038  6 (D 0,1,1) (S 183,125,124) (S 180,123,116) (S 171,116,117) (S 177,117,121) (D 0,1,1)
 0 1 13 14148 46250  12 (D 0,1,1) (S 173,117,118) (S 172,118,106) (S 156,106,108) (S 158,107,109) (S 159,109,110) (S 157,109,108) (S 155,108,107) (S 154,107,105) (S 152,105,104) (S 166,104,114) (D 0,1,1)
 0 1 14 14699 44610  11 (D 0,1,1) (S 170,116,115) (S 167,115,113) (S 163,112,113) (S 164,113,114) (S 165,114,111) (S 161,111,103) (S 151,103,104) (S 153,105,106) (S 174,118,119) (D 0,1,1)
 0 1 15 14569 28430  10 (D 0,1,1) (S 252,170,120) (S 240,162,163) (S 248,163,167) (S 249,167,168) (S 260,168,176) (S 250,168,163) (S 241,163,157) (S 232,157,154) (D 0,1,1)
 0 1 16 14643 45461  8 (D 0,1,1) (S 231,156,157) (S 242,157,161) (S 243,161,164) (S 251,164,169) (S 244,164,165) (S 247,166,167) (D 0,1,1)
 0 1 17 14218 33907  11 (D 0,1,1) (S 237,159,161) (S 245,161,165) (S 246,165,166) (S 259,175,176) (S 261,176,177) (S 268,177,181) (S 269,181,182) (S 270,182,174) (S 253,170,171) (D 0,1,1)
 0 1 18 14598 36023  12 (D 0,1,1) (S 255,172,173) (S 254,172,171) (S 257,170,174) (S 282,188,189) (S 284,189,191) (S 286,191,193) (S 349,193,238) (S 350,238,239) (S 345,235,230) (S 337,230,229) (D 0,1,1)
 0 1 19 14611 41290  14 (D 0,1,1) (S 338,231,230) (S 346,235,236) (S 347,236,237) (S 348,236,238) (S 287,193,192) (S 356,192,242) (S 355,242,241) (S 354,241,239) (S 351,239,235) (S 352,235,240) (S 370,249,250) (S 372,250,229) (D 0,1,1)
 0 1 20 14432 41814  10 (D 0,1,1) (S 368,248,249) (S 369,249,240) (S 353,240,241) (S 358,241,243) (S 359,243,244) (S 361,244,245) (S 363,245,246) (S 371,247,250) (D 0,1,1)
 0 1 21 14658 37756  8 (D 0,1,1) (S 373,247,222) (S 328,222,223) (S 334,223,227) (S 335,227,228) (S 336,223,229) (S 341,232,233) (D 0,1,1)
 0 1 22 14212 41958  11 (D 0,1,1) (S 333,223,225) (S 329,221,224) (S 332,224,226) (S 331,224,225) (S 330,225,222) (S 327,222,221) (S 326,221,215) (S 364,215,246) (S 365,246,247) (D 0,1,1)
 0 1 23 14585 50062  13 (D 0,1,1) (S 339,231,229) (S 318,215,213) (S 316,213,206) (S 298,201,200) (S 299,200,202) (S 297,200,199) (S 294,196,198) (S 291,197,195) (S 289,195,194) (S 288,194,190) (S 283,190,189) (D 0,1,1)
 0 1 24 14670 47896  8 (D 0,1,1) (S 280,188,187) (S 279,187,186) (S 276,186,185) (S 274,184,185) (S 277,185,253) (S 275,185,178) (D 0,1,1)
 0 1 25 14184 39328  11 (D 0,1,1) (S 264,179,178) (S 263,178,166) (S 258,166,175) (S 262,175,177) (S 266,177,180) (S 267,180,181) (S 265,180,179) (S 272,179,183) (S 271,183,174) (D 0,1,1)
 0 1 26 14559 46454  10 (D 0,1,1) (S 273,179,184) (S 278,184,187) (S 292,186,197) (S 293,197,198) (S 295,198,199) (S 296,199,196) (S 290,196,195) (S 362,194,244) (D 0,1,1)
 0 1 27 14687 56269  8 (D 0,1,1) (S 307,206,201) (S 303,203,251) (S 304,251,252) (S 305,252,204) (S 306,204,205) (S 308,205,206) (D 0,1,1)
 0 1 28 14452 66004  9 (D 0,1,1) (S 317,214,213) (S 310,207,208) (S 311,208,209) (S 312,209,210) (S 313,210,211) (S 314,210,212) (S 375,254,217) (D 0,1,1)
 0 1 29 14646 62988  8 (D 0,1,1) (S 321,216,217) (S 315,212,207) (S 309,207,205) (S 302,204,203) (S 301,203,202) (S 300,202,201) (D 0,1,1)
 0 1 30 14594 60134  9 (D 0,1,1) (S 320,214,216) (S 374,212,254) (S 322,254,218) (S 323,218,219) (S 324,219,220) (S 325,219,216) (S 319,214,215) (D 0,1,1)
 0 1 31 14082 33957  7 (D 0,1,1) (S 127,88,86) (S 124,86,85) (S 123,85,84) (S 125,84,87) (S 128,88,89) (D 0,1,1)
 0 1 32 13246 34416  8 (D 0,1,1) (S 230,155,156) (S 238,156,162) (S 239,162,120) (S 176,120,119) (S 175,119,117) (S 181,122,124) (D 0,1,1)
 0 1 33 14654 20843  16 (D 0,1,1) (S 52,25,38) (S 53,38,39) (S 55,39,41) (S 56,41,34) (S 45,34,32) (S 42,32,33) (S 43,33,30) (S 40,30,31) (S 39,31,29) (S 35,29,28) (S 32,28,23) (S 25,23,24) (S 21,22,20) (S 12,16,5) (D 0,1,1)
 0 1 34 14448 38146  9 (D 0,1,1) (S 133,93,92) (S 132,92,91) (S 131,91,83) (S 118,82,81) (S 115,80,78) (S 114,78,79) (S 113,78,76) (D 0,1,1)
 0 1 35 14697 37258  11 (D 0,1,1) (S 109,42,75) (S 108,75,73) (S 104,73,72) (S 103,72,71) (S 100,71,69) (S 102,70,63) (S 88,63,62) (S 79,57,56) (S 77,54,44) (D 0,1,1)
 0 1 36 14590 44681  13 (D 0,1,1) (S 72,53,52) (S 83,52,59) (S 84,59,60) (S 95,64,67) (S 92,66,4) (S 94,4,48) (S 93,4,50) (S 70,50,51) (S 85,51,60) (S 82,59,58) (S 76,53,55) (D 0,1,1)
 0 1 37 14693 40352  13 (D 0,1,1) (S 71,52,51) (S 69,50,49) (S 68,46,49) (S 67,49,48) (S 66,48,46) (S 65,46,47) (S 64,46,45) (S 63,45,15) (S 11,15,14) (S 8,12,11) (S 7,11,10) (D 0,1,1)
 0 1 38 14489 40484  8 (D 0,1,1) (S 140,96,3) (S 139,3,95) (S 137,95,94) (S 135,94,92) (S 143,91,99) (S 169,99,115) (D 0,1,1)
 0 1 39 14364 39764  10 (D 0,1,1) (S 144,98,99) (S 168,99,112) (S 162,112,101) (S 150,102,103) (S 160,111,102) (S 149,102,101) (S 148,101,87) (S 126,87,86) (D 0,1,1)
 0 1 40 14649 29437  16 (D 0,1,1) (S 54,39,40) (S 112,40,77) (S 111,77,76) (S 110,76,75) (S 107,75,74) (S 106,74,62) (S 87,62,61) (S 86,61,57) (S 80,57,58) (S 81,58,56) (S 78,56,53) (S 73,53,54) (S 74,54,55) (S 75,55,42) (D 0,1,1)
 0 1 41 14560 43365  15 (D 0,1,1) (S 142,97,93) (S 134,93,94) (S 138,95,68) (S 98,68,69) (S 99,69,70) (S 101,70,71) (S 119,71,82) (S 120,82,83) (S 121,83,84) (S 122,84,80) (S 116,80,81) (S 117,81,72) (S 105,73,74) (D 0,1,1)
 0 1 42 14477 42506  8 (D 0,1,1) (S 89,60,64) (S 90,64,65) (S 91,65,66) (S 96,66,67) (S 97,67,68) (S 136,68,94) (D 0,1,1)
