1625231
42
2201046
1547819
 0 1 1 14617 36016  9 (D 0,1,1) (S 257,170,174) (S 286,191,193) (S 349,193,238) (S 348,238,236) (S 347,236,237) (S 346,236,235) (S 345,235,230) (D 0,1,1)
 0 1 2 14561 36985  7 (D 0,1,1) (S 224,152,125) (S 179,122,123) (S 171,116,117) (S 175,117,119) (S 176,119,120) (D 0,1,1)
 0 1 3 14299 29753  15 (D 0,1,1) (S 58,42,43) (S 77,44,54) (S 73,54,53) (S 78,53,56) (S 79,56,57) (S 86,57,61) (S 87,61,62) (S 106,62,74) (S 107,74,75) (S 110,75,76) (S 111,76,77) (S 112,77,40) (S 54,40,39) (D 0,1,1)
 0 1 4 14563 39393  14 (D 0,1,1) (S 108,75,73) (S 103,72,71) (S 100,71,69) (S 99,69,70) (S 101,70,71) (S 119,71,82) (S 120,82,83) (S 118,82,81) (S 117,81,72) (S 104,72,73) (S 105,73,74) (S 109,75,42) (D 0,1,1)
 0 1 5 14405 36068  6 (D 0,1,1) (S 208,142,143) (S 209,143,144) (S 210,143,145) (S 212,146,136) (D 0,1,1)
 0 1 6 13977 65050  9 (D 0,1,1) (S 375,217,254) (S 374,254,212) (S 314,212,210) (S 313,210,211) (S 312,210,209) (S 311,209,208) (S 310,208,207) (D 0,1,1)
 0 1 7 14259 32120  11 (D 0,1,1) (S 128,89,88) (S 126,86,87) (S 127,86,88) (S 129,89,90) (S 130,89,255) (S 15,6,18) (S 14,18,17) (S 13,17,16) (S 1,5,1) (D 0,1,1)
 0 1 8 14297 37164  6 (D 0,1,1) (S 373,247,222) (S 326,221,215) (S 365,246,247) (S 341,232,233) (D 0,1,1)
 0 1 9 14658 48561  12 (D 0,1,1) (S 270,174,182) (S 268,181,177) (S 258,175,166) (S 246,166,165) (S 245,165,161) (S 243,161,164) (S 251,164,169) (S 244,164,165) (S 234,159,158) (S 226,153,152) (D 0,1,1)
 0 1 10 14631 58584  9 (D 0,1,1) (S 322,254,218) (S 323,218,219) (S 324,219,220) (S 325,219,216) (S 320,216,214) (S 319,214,215) (S 372,250,229) (D 0,1,1)
 0 1 11 14015 36802  9 (D 0,1,1) (S 124,86,85) (S 123,85,84) (S 122,84,80) (S 116,80,81) (S 115,80,78) (S 114,78,79) (S 113,78,76) (D 0,1,1)
 0 1 12 14670 40396  13 (D 0,1,1) (S 38,10,30) (S 43,30,33) (S 49,36,12) (S 11,14,15) (S 63,15,45) (S 64,45,46) (S 65,46,47) (S 68,46,49) (S 67,49,48) (S 93,4,50) (S 71,51,52) (D 0,1,1)
 0 1 13 14366 27127  10 (D 0,1,1) (S 37,255,9) (S 40,30,31) (S 45,32,34) (S 50,35,37) (S 61,37,44) (S 60,44,43) (S 59,43,41) (S 55,41,39) (D 0,1,1)
 0 1 14 14591 28498  10 (D 0,1,1) (S 21,20,22) (S 24,22,24) (S 22,22,23) (S 23,23,21) (S 20,21,19) (S 343,255,233) (S 342,233,234) (S 344,234,232) (D 0,1,1)
 0 1 15 14628 58082  8 (D 0,1,1) (S 301,202,203) (S 303,203,251) (S 304,251,252) (S 305,252,204) (S 302,204,203) (S 317,213,214) (D 0,1,1)
 0 1 16 14537 23450  12 (D 0,1,1) (S 30,7,255) (S 221,150,151) (S 225,151,153) (S 227,153,154) (S 232,154,157) (S 231,157,156) (S 238,156,162) (S 239,162,120) (S 252,120,170) (S 256,171,255) (D 0,1,1)
 0 1 17 14670 62129  7 (D 0,1,1) (S 308,206,205) (S 306,204,205) (S 309,205,207) (S 315,207,212) (S 321,217,216) (D 0,1,1)
 0 1 18 14641 48507  14 (D 0,1,1) (S 364,246,215) (S 318,215,213) (S 316,213,206) (S 307,206,201) (S 298,201,200) (S 299,200,202) (S 300,202,201) (S 297,200,199) (S 296,199,196) (S 290,196,195) (S 289,195,194) (S 361,244,245) (D 0,1,1)
 0 1 19 14491 48584  11 (D 0,1,1) (S 166,114,104) (S 152,104,105) (S 154,105,107) (S 155,107,108) (S 157,108,109) (S 159,109,110) (S 158,109,107) (S 156,108,106) (S 174,118,119) (D 0,1,1)
 0 1 20 14576 22027  16 (D 0,1,1) (S 27,1,25) (S 52,25,38) (S 53,38,39) (S 56,41,34) (S 46,34,35) (S 47,35,36) (S 48,36,33) (S 44,33,11) (S 42,33,32) (S 41,32,31) (S 39,31,29) (S 35,29,28) (S 31,27,26) (S 4,8,7) (D 0,1,1)
 0 1 21 14342 40637  13 (D 0,1,1) (S 340,232,231) (S 351,235,239) (S 350,239,238) (S 287,193,192) (S 355,242,241) (S 354,241,239) (S 352,235,240) (S 369,240,249) (S 368,249,248) (S 366,248,247) (S 371,247,250) (D 0,1,1)
 0 1 22 13962 40237  10 (D 0,1,1) (S 363,246,245) (S 360,245,243) (S 357,243,242) (S 356,242,192) (S 285,192,191) (S 284,191,189) (S 282,189,188) (S 281,188,174) (D 0,1,1)
 0 1 23 14304 44932  10 (D 0,1,1) (S 264,179,178) (S 277,185,253) (S 276,185,186) (S 279,186,187) (S 278,187,184) (S 272,179,183) (S 271,183,174) (S 253,170,171) (D 0,1,1)
 0 1 24 14531 40461  9 (D 0,1,1) (S 283,189,190) (S 288,190,194) (S 362,194,244) (S 359,244,243) (S 358,243,241) (S 353,241,240) (S 370,249,250) (D 0,1,1)
 0 1 25 14016 32600  15 (D 0,1,1) (S 207,141,142) (S 206,142,140) (S 203,139,128) (S 188,128,129) (S 202,129,138) (S 211,146,145) (S 217,145,148) (S 216,148,149) (S 215,148,147) (S 214,135,147) (S 213,147,146) (S 218,141,150) (S 3,7,6) (D 0,1,1)
 0 1 26 14688 27460  16 (D 0,1,1) (S 222,255,150) (S 205,141,140) (S 201,139,138) (S 198,137,136) (S 197,136,135) (S 196,135,133) (S 195,133,134) (S 194,133,132) (S 192,132,100) (S 191,100,131) (S 190,131,130) (S 189,130,129) (S 187,128,127) (S 219,126,150) (D 0,1,1)
 0 1 27 14286 24454  11 (D 0,1,1) (S 16,18,19) (S 17,19,7) (S 223,151,152) (S 228,152,155) (S 229,155,121) (S 178,121,122) (S 181,122,124) (S 183,124,125) (S 184,125,126) (D 0,1,1)
 0 1 28 14558 40190  16 (D 0,1,1) (S 72,53,52) (S 83,52,59) (S 84,59,60) (S 85,60,51) (S 70,51,50) (S 69,50,49) (S 66,46,48) (S 94,48,4) (S 92,4,66) (S 91,66,65) (S 90,65,64) (S 89,64,60) (S 82,59,58) (S 81,58,56) (D 0,1,1)
 0 1 29 14543 30805  8 (D 0,1,1) (S 242,157,161) (S 237,161,159) (S 236,159,160) (S 235,160,158) (S 233,158,154) (S 2,6,5) (D 0,1,1)
 0 1 30 14366 43860  11 (D 0,1,1) (S 169,115,99) (S 131,91,83) (S 121,83,84) (S 125,84,87) (S 148,87,101) (S 149,101,102) (S 150,102,103) (S 160,111,102) (S 162,101,112) (D 0,1,1)
 0 1 31 14450 26384  10 (D 0,1,1) (S 57,39,42) (S 62,44,14) (S 10,14,13) (S 51,37,13) (S 9,13,12) (S 8,12,11) (S 7,11,10) (S 6,10,9) (D 0,1,1)
 0 1 32 14602 41116  11 (D 0,1,1) (S 177,121,117) (S 173,117,118) (S 172,118,106) (S 153,106,105) (S 151,104,103) (S 161,103,111) (S 165,111,114) (S 164,114,113) (S 170,115,116) (D 0,1,1)
 0 1 33 14545 38101  11 (D 0,1,1) (S 75,42,55) (S 74,55,54) (S 80,58,57) (S 88,62,63) (S 102,63,70) (S 98,69,68) (S 136,68,94) (S 134,94,93) (S 142,93,97) (D 0,1,1)
 0 1 34 14515 38994  11 (D 0,1,1) (S 269,182,181) (S 267,181,180) (S 265,180,179) (S 273,179,184) (S 274,184,185) (S 275,185,178) (S 263,178,166) (S 247,166,167) (S 248,167,163) (D 0,1,1)
 0 1 35 14410 33078  7 (D 0,1,1) (S 144,98,99) (S 168,99,112) (S 163,112,113) (S 167,113,115) (S 180,116,123) (D 0,1,1)
 0 1 36 14648 49508  8 (D 0,1,1) (S 133,93,92) (S 138,95,68) (S 97,68,67) (S 96,66,67) (S 95,67,64) (S 76,53,55) (D 0,1,1)
 0 1 37 14649 49576  11 (D 0,1,1) (S 254,171,172) (S 255,172,173) (S 280,188,187) (S 292,186,197) (S 294,198,196) (S 295,199,198) (S 293,198,197) (S 291,197,195) (S 367,245,248) (D 0,1,1)
 0 1 38 14564 36533  12 (D 0,1,1) (S 230,155,156) (S 241,157,163) (S 250,163,168) (S 259,176,175) (S 262,175,177) (S 266,180,177) (S 261,177,176) (S 260,176,168) (S 249,168,167) (S 240,163,162) (D 0,1,1)
 0 1 39 14391 40484  10 (D 0,1,1) (S 220,150,125) (S 182,124,123) (S 143,99,91) (S 132,91,92) (S 135,92,94) (S 137,94,95) (S 139,95,3) (S 140,3,96) (D 0,1,1)
 0 1 40 11573 16274  14 (D 0,1,1) (S 12,5,16) (S 18,16,20) (S 19,20,21) (S 28,21,26) (S 29,26,8) (S 5,8,9) (S 36,9,29) (S 34,29,27) (S 33,27,28) (S 32,28,23) (S 25,23,24) (S 26,24,25) (D 0,1,1)
 0 1 41 14211 43074  15 (D 0,1,1) (S 338,231,230) (S 337,230,229) (S 328,223,222) (S 330,222,225) (S 331,225,224) (S 332,224,226) (S 329,224,221) (S 327,221,222) (S 333,225,223) (S 335,227,228) (S 334,227,223) (S 336,223,229) (S 339,229,231) (D 0,1,1)
 0 1 42 14622 31177  12 (D 0,1,1) (S 204,140,139) (S 200,138,137) (S 199,137,130) (S 193,131,132) (S 147,100,2) (S 146,100,96) (S 141,96,97) (S 145,97,98) (S 186,98,127) (S 185,127,126) (D 0,1,1)
