1613583
42
2311530
1682608
 0 1 1 10416 10944  12 (D 0,1,1) (S 1,1,5) (S 2,5,6) (S 15,6,18) (S 16,18,19) (S 20,19,21) (S 23,21,23) (S 25,23,24) (S 24,22,24) (S 26,24,25) (S 27,25,1) (D 0,1,1)
 0 1 2 13715 19794  13 (D 0,1,1) (S 12,5,16) (S 18,16,20) (S 21,20,22) (S 22,22,23) (S 32,23,28) (S 41,31,32) (S 45,32,34) (S 56,34,41) (S 55,41,39) (S 53,39,38) (S 52,38,25) (D 0,1,1)
 0 1 3 14644 33634  11 (D 0,1,1) (S 54,39,40) (S 112,40,77) (S 113,76,78) (S 114,78,79) (S 115,78,80) (S 117,81,72) (S 104,72,73) (S 105,73,74) (S 107,74,75) (D 0,1,1)
 0 1 4 14264 40579  12 (D 0,1,1) (S 109,42,75) (S 108,75,73) (S 103,72,71) (S 101,71,70) (S 99,70,69) (S 100,69,71) (S 119,71,82) (S 121,83,84) (S 123,84,85) (S 124,85,86) (D 0,1,1)
 0 1 5 14667 37402  9 (D 0,1,1) (S 127,88,86) (S 148,87,101) (S 149,101,102) (S 150,102,103) (S 160,111,102) (S 162,101,112) (S 170,115,116) (D 0,1,1)
 0 1 6 14311 43519  9 (D 0,1,1) (S 234,158,159) (S 243,161,164) (S 251,164,169) (S 244,164,165) (S 245,165,161) (S 242,161,157) (S 225,153,151) (D 0,1,1)
 0 1 7 14283 32420  7 (D 0,1,1) (S 180,123,116) (S 171,116,117) (S 175,117,119) (S 177,117,121) (S 181,122,124) (D 0,1,1)
 0 1 8 14696 38065  13 (D 0,1,1) (S 240,162,163) (S 250,163,168) (S 260,168,176) (S 261,176,177) (S 266,177,180) (S 267,180,181) (S 268,181,177) (S 262,177,175) (S 258,175,166) (S 247,166,167) (S 231,157,156) (D 0,1,1)
 0 1 9 14612 32360  9 (D 0,1,1) (S 232,154,157) (S 246,166,165) (S 237,161,159) (S 236,159,160) (S 235,160,158) (S 233,158,154) (S 227,154,153) (D 0,1,1)
 0 1 10 14593 37305  7 (D 0,1,1) (S 219,150,126) (S 184,126,125) (S 173,117,118) (S 174,118,119) (S 176,119,120) (D 0,1,1)
 0 1 11 14644 28825  14 (D 0,1,1) (S 218,150,141) (S 199,137,130) (S 193,131,132) (S 146,100,96) (S 141,96,97) (S 145,97,98) (S 186,98,127) (S 185,127,126) (S 30,255,7) (S 17,7,19) (S 14,18,17) (S 13,17,16) (D 0,1,1)
 0 1 12 14678 33719  16 (D 0,1,1) (S 205,141,140) (S 203,139,128) (S 202,129,138) (S 213,146,147) (S 196,135,133) (S 195,133,134) (S 194,133,132) (S 192,132,100) (S 147,100,2) (S 191,100,131) (S 190,131,130) (S 189,130,129) (S 188,129,128) (S 187,128,127) (D 0,1,1)
 0 1 13 13801 36068  5 (D 0,1,1) (S 208,142,143) (S 209,143,144) (S 210,143,145) (D 0,1,1)
 0 1 14 14501 29465  15 (D 0,1,1) (S 207,141,142) (S 206,142,140) (S 204,140,139) (S 201,139,138) (S 200,138,137) (S 197,136,135) (S 214,135,147) (S 215,147,148) (S 216,148,149) (S 217,148,145) (S 211,145,146) (S 212,146,136) (S 198,136,137) (D 0,1,1)
 0 1 15 14040 25844  13 (D 0,1,1) (S 3,6,7) (S 220,150,125) (S 224,125,152) (S 230,155,156) (S 238,156,162) (S 239,162,120) (S 252,120,170) (S 253,170,171) (S 254,171,172) (S 255,172,173) (S 256,171,255) (D 0,1,1)
 0 1 16 14628 40658  15 (D 0,1,1) (S 130,255,89) (S 129,89,90) (S 128,89,88) (S 126,86,87) (S 125,87,84) (S 122,84,80) (S 116,80,81) (S 118,81,82) (S 120,82,83) (S 131,83,91) (S 132,91,92) (S 143,91,99) (S 169,99,115) (D 0,1,1)
 0 1 17 14691 42823  9 (D 0,1,1) (S 144,98,99) (S 168,99,112) (S 163,112,113) (S 166,114,104) (S 152,104,105) (S 153,105,106) (S 172,106,118) (D 0,1,1)
 0 1 18 14621 48065  13 (D 0,1,1) (S 156,106,108) (S 158,107,109) (S 159,109,110) (S 157,109,108) (S 155,108,107) (S 154,107,105) (S 151,104,103) (S 161,103,111) (S 165,111,114) (S 164,114,113) (S 167,113,115) (D 0,1,1)
 0 1 19 14626 41088  12 (D 0,1,1) (S 133,93,92) (S 135,92,94) (S 136,94,68) (S 98,68,69) (S 102,70,63) (S 88,63,62) (S 86,61,57) (S 79,57,56) (S 73,53,54) (S 59,43,41) (D 0,1,1)
 0 1 20 14700 29401  10 (D 0,1,1) (S 57,39,42) (S 75,42,55) (S 76,55,53) (S 80,58,57) (S 87,61,62) (S 106,62,74) (S 110,75,76) (S 111,76,77) (D 0,1,1)
 0 1 21 14417 22379  21 (D 0,1,1) (S 19,20,21) (S 28,21,26) (S 31,26,27) (S 33,27,28) (S 35,28,29) (S 36,29,9) (S 6,9,10) (S 7,10,11) (S 8,11,12) (S 49,12,36) (S 47,36,35) (S 46,35,34) (S 42,32,33) (S 43,33,30) (S 40,30,31) (S 39,31,29) (S 34,29,27) (S 29,26,8) (S 4,8,7) (D 0,1,1)
 0 1 22 14688 38400  11 (D 0,1,1) (S 341,233,232) (S 334,223,227) (S 335,227,228) (S 333,223,225) (S 330,225,222) (S 327,221,222) (S 328,222,223) (S 336,223,229) (S 343,233,255) (D 0,1,1)
 0 1 23 14114 26986  6 (D 0,1,1) (S 5,8,9) (S 37,9,255) (S 344,232,234) (S 342,234,233) (D 0,1,1)
 0 1 24 14169 38198  10 (D 0,1,1) (S 257,170,174) (S 284,189,191) (S 286,191,193) (S 349,193,238) (S 348,238,236) (S 347,236,237) (S 346,236,235) (S 352,235,240) (D 0,1,1)
 0 1 25 14507 37957  8 (D 0,1,1) (S 366,247,248) (S 367,248,245) (S 363,245,246) (S 365,246,247) (S 371,247,250) (S 339,229,231) (D 0,1,1)
 0 1 26 14501 33703  11 (D 0,1,1) (S 340,232,231) (S 372,229,250) (S 370,250,249) (S 369,249,240) (S 353,240,241) (S 354,241,239) (S 351,239,235) (S 345,235,230) (S 337,230,229) (D 0,1,1)
 0 1 27 14617 42715  15 (D 0,1,1) (S 338,231,230) (S 350,239,238) (S 287,193,192) (S 356,192,242) (S 355,242,241) (S 358,241,243) (S 360,243,245) (S 361,245,244) (S 359,244,243) (S 357,243,242) (S 285,192,191) (S 282,189,188) (S 281,188,174) (D 0,1,1)
 0 1 28 14329 46009  9 (D 0,1,1) (S 280,188,187) (S 279,186,187) (S 278,187,184) (S 274,184,185) (S 277,185,253) (S 275,185,178) (S 272,179,183) (D 0,1,1)
 0 1 29 14700 37147  12 (D 0,1,1) (S 270,174,182) (S 269,182,181) (S 265,180,179) (S 264,179,178) (S 263,178,166) (S 259,175,176) (S 249,168,167) (S 248,167,163) (S 241,163,157) (S 226,153,152) (D 0,1,1)
 0 1 30 13892 23706  11 (D 0,1,1) (S 222,255,150) (S 183,125,124) (S 182,124,123) (S 179,123,122) (S 178,122,121) (S 229,121,155) (S 228,155,152) (S 223,152,151) (S 221,151,150) (D 0,1,1)
 0 1 31 14594 29781  11 (D 0,1,1) (S 44,11,33) (S 48,33,36) (S 50,35,37) (S 51,37,13) (S 61,37,44) (S 62,44,14) (S 10,14,13) (S 9,13,12) (S 38,30,10) (D 0,1,1)
 0 1 32 14580 41117  14 (D 0,1,1) (S 11,14,15) (S 63,15,45) (S 64,45,46) (S 68,46,49) (S 67,49,48) (S 66,48,46) (S 65,46,47) (S 69,49,50) (S 71,51,52) (S 77,54,44) (S 60,44,43) (S 58,43,42) (D 0,1,1)
 0 1 33 14695 40245  14 (D 0,1,1) (S 72,53,52) (S 83,52,59) (S 89,60,64) (S 90,64,65) (S 91,65,66) (S 92,66,4) (S 94,4,48) (S 93,4,50) (S 70,50,51) (S 85,51,60) (S 78,56,53) (S 74,54,55) (D 0,1,1)
 0 1 34 14646 48761  10 (D 0,1,1) (S 81,56,58) (S 82,58,59) (S 84,59,60) (S 95,64,67) (S 96,66,67) (S 97,67,68) (S 138,68,95) (S 134,94,93) (D 0,1,1)
 0 1 35 14425 39182  6 (D 0,1,1) (S 140,96,3) (S 139,3,95) (S 137,95,94) (S 142,93,97) (D 0,1,1)
 0 1 36 14700 43171  8 (D 0,1,1) (S 283,189,190) (S 288,190,194) (S 292,197,186) (S 276,186,185) (S 273,184,179) (S 271,183,174) (D 0,1,1)
 0 1 37 14429 52317  15 (D 0,1,1) (S 291,195,197) (S 293,197,198) (S 294,198,196) (S 296,196,199) (S 298,200,201) (S 300,201,202) (S 299,202,200) (S 297,200,199) (S 295,199,198) (S 290,196,195) (S 289,195,194) (S 362,194,244) (S 368,248,249) (D 0,1,1)
 0 1 38 14667 45390  10 (D 0,1,1) (S 364,246,215) (S 317,214,213) (S 318,213,215) (S 326,215,221) (S 329,221,224) (S 332,224,226) (S 331,224,225) (S 373,222,247) (D 0,1,1)
 0 1 39 14521 65050  8 (D 0,1,1) (S 316,213,206) (S 310,207,208) (S 311,208,209) (S 312,209,210) (S 313,210,211) (S 314,210,212) (D 0,1,1)
 0 1 40 14594 60134  9 (D 0,1,1) (S 374,212,254) (S 322,254,218) (S 323,218,219) (S 324,219,220) (S 325,219,216) (S 320,216,214) (S 319,214,215) (D 0,1,1)
 0 1 41 14687 56269  8 (D 0,1,1) (S 308,206,205) (S 306,205,204) (S 305,204,252) (S 304,252,251) (S 303,251,203) (S 307,201,206) (D 0,1,1)
 0 1 42 14625 62988  8 (D 0,1,1) (S 321,216,217) (S 375,217,254) (S 315,212,207) (S 309,207,205) (S 302,204,203) (S 301,203,202) (D 0,1,1)
