1620055
42
1801895
1793296
 0 1 1 14186 30884  10 (D 0,1,1) (S 9,12,13) (S 51,13,37) (S 61,37,44) (S 77,44,54) (S 73,54,53) (S 76,53,55) (S 75,55,42) (S 59,43,41) (D 0,1,1)
 0 1 2 14481 42550  13 (D 0,1,1) (S 343,255,233) (S 340,232,231) (S 333,223,225) (S 329,221,224) (S 332,224,226) (S 331,224,225) (S 330,225,222) (S 328,222,223) (S 334,223,227) (S 335,227,228) (S 336,223,229) (D 0,1,1)
 0 1 3 14348 36068  6 (D 0,1,1) (S 218,150,141) (S 208,142,143) (S 209,143,144) (S 210,143,145) (D 0,1,1)
 0 1 4 14387 29585  14 (D 0,1,1) (S 205,141,140) (S 204,140,139) (S 198,137,136) (S 197,136,135) (S 196,135,133) (S 195,133,134) (S 194,133,132) (S 192,132,100) (S 147,100,2) (S 191,100,131) (S 190,131,130) (S 199,130,137) (D 0,1,1)
 0 1 5 14629 29196  13 (D 0,1,1) (S 30,7,255) (S 207,141,142) (S 206,142,140) (S 203,139,128) (S 189,129,130) (S 193,131,132) (S 146,100,96) (S 141,96,97) (S 145,97,98) (S 186,98,127) (S 219,126,150) (D 0,1,1)
 0 1 6 14537 32456  16 (D 0,1,1) (S 222,255,150) (S 185,126,127) (S 187,127,128) (S 188,128,129) (S 202,129,138) (S 213,146,147) (S 214,135,147) (S 215,147,148) (S 216,148,149) (S 217,148,145) (S 211,145,146) (S 212,146,136) (S 200,137,138) (S 201,138,139) (D 0,1,1)
 0 1 7 14452 66004  9 (D 0,1,1) (S 375,217,254) (S 314,212,210) (S 313,210,211) (S 312,210,209) (S 311,209,208) (S 310,208,207) (S 317,213,214) (D 0,1,1)
 0 1 8 14663 57128  9 (D 0,1,1) (S 307,206,201) (S 301,202,203) (S 303,203,251) (S 304,251,252) (S 305,252,204) (S 302,204,203) (S 300,202,201) (D 0,1,1)
 0 1 9 14670 62129  7 (D 0,1,1) (S 308,206,205) (S 306,204,205) (S 309,205,207) (S 315,207,212) (S 321,217,216) (D 0,1,1)
 0 1 10 14677 52521  11 (D 0,1,1) (S 318,215,213) (S 316,213,206) (S 298,201,200) (S 299,200,202) (S 297,200,199) (S 293,198,197) (S 291,197,195) (S 362,194,244) (S 363,245,246) (D 0,1,1)
 0 1 11 14497 45401  13 (D 0,1,1) (S 128,89,88) (S 148,87,101) (S 149,101,102) (S 160,102,111) (S 165,111,114) (S 151,104,103) (S 161,111,103) (S 150,103,102) (S 162,101,112) (S 167,113,115) (S 170,115,116) (D 0,1,1)
 0 1 12 14425 39182  6 (D 0,1,1) (S 142,97,93) (S 137,94,95) (S 139,95,3) (S 140,3,96) (D 0,1,1)
 0 1 13 13616 28095  7 (D 0,1,1) (S 344,232,234) (S 342,234,233) (S 129,89,90) (S 130,89,255) (S 2,6,5) (D 0,1,1)
 0 1 14 14321 31473  8 (D 0,1,1) (S 233,154,158) (S 234,158,159) (S 236,159,160) (S 235,160,158) (S 237,159,161) (S 242,161,157) (D 0,1,1)
 0 1 15 14104 37329  6 (D 0,1,1) (S 179,123,122) (S 173,117,118) (S 174,118,119) (S 176,119,120) (D 0,1,1)
 0 1 16 14524 48816  13 (D 0,1,1) (S 172,118,106) (S 155,108,107) (S 154,107,105) (S 153,105,106) (S 156,106,108) (S 157,108,109) (S 159,109,110) (S 158,109,107) (S 152,105,104) (S 166,104,114) (S 164,114,113) (D 0,1,1)
 0 1 17 14521 33957  7 (D 0,1,1) (S 127,88,86) (S 124,86,85) (S 123,85,84) (S 125,84,87) (S 126,87,86) (D 0,1,1)
 0 1 18 13896 26082  13 (D 0,1,1) (S 221,150,151) (S 225,151,153) (S 227,153,154) (S 232,154,157) (S 231,157,156) (S 239,162,120) (S 252,120,170) (S 253,170,171) (S 255,172,173) (S 254,172,171) (S 256,171,255) (D 0,1,1)
 0 1 19 13764 26269  11 (D 0,1,1) (S 37,255,9) (S 44,11,33) (S 48,33,36) (S 50,35,37) (S 10,13,14) (S 62,14,44) (S 60,44,43) (S 58,43,42) (S 57,42,39) (D 0,1,1)
 0 1 20 14564 32762  15 (D 0,1,1) (S 74,55,54) (S 72,53,52) (S 71,52,51) (S 85,51,60) (S 84,60,59) (S 80,58,57) (S 86,57,61) (S 87,61,62) (S 106,62,74) (S 107,74,75) (S 110,75,76) (S 111,76,77) (S 112,77,40) (D 0,1,1)
 0 1 21 14666 37963  11 (D 0,1,1) (S 105,74,73) (S 103,72,71) (S 119,71,82) (S 118,82,81) (S 116,81,80) (S 115,80,78) (S 114,78,79) (S 113,78,76) (S 54,40,39) (D 0,1,1)
 0 1 22 14470 46858  13 (D 0,1,1) (S 163,113,112) (S 168,112,99) (S 135,92,94) (S 138,95,68) (S 98,68,69) (S 99,69,70) (S 101,70,71) (S 100,71,69) (S 102,70,63) (S 88,63,62) (S 78,56,53) (D 0,1,1)
 0 1 23 14554 37613  11 (D 0,1,1) (S 169,115,99) (S 131,91,83) (S 120,82,83) (S 121,83,84) (S 122,84,80) (S 117,81,72) (S 104,72,73) (S 108,73,75) (S 109,75,42) (D 0,1,1)
 0 1 24 14669 47707  11 (D 0,1,1) (S 83,59,52) (S 70,51,50) (S 69,50,49) (S 67,49,48) (S 68,46,49) (S 93,50,4) (S 96,66,67) (S 95,67,64) (S 79,57,56) (D 0,1,1)
 0 1 25 14679 41336  13 (D 0,1,1) (S 81,56,58) (S 82,58,59) (S 90,64,65) (S 91,65,66) (S 92,66,4) (S 94,4,48) (S 66,48,46) (S 65,46,47) (S 64,46,45) (S 63,45,15) (S 11,15,14) (D 0,1,1)
 0 1 26 14623 41982  10 (D 0,1,1) (S 144,98,99) (S 143,99,91) (S 132,91,92) (S 133,92,93) (S 134,93,94) (S 136,94,68) (S 97,68,67) (S 89,64,60) (D 0,1,1)
 0 1 27 14408 38198  12 (D 0,1,1) (S 341,233,232) (S 339,231,229) (S 369,249,240) (S 352,240,235) (S 346,235,236) (S 347,236,237) (S 348,236,238) (S 286,193,191) (S 284,191,189) (S 282,189,188) (D 0,1,1)
 0 1 28 14329 46009  9 (D 0,1,1) (S 280,188,187) (S 279,186,187) (S 278,187,184) (S 274,184,185) (S 277,185,253) (S 275,185,178) (S 272,179,183) (D 0,1,1)
 0 1 29 14700 43171  8 (D 0,1,1) (S 271,174,183) (S 273,179,184) (S 276,185,186) (S 292,186,197) (S 288,194,190) (S 283,190,189) (D 0,1,1)
 0 1 30 14651 39675  12 (D 0,1,1) (S 270,174,182) (S 269,182,181) (S 266,180,177) (S 261,177,176) (S 259,176,175) (S 258,175,166) (S 263,166,178) (S 264,178,179) (S 265,179,180) (S 267,180,181) (D 0,1,1)
 0 1 31 14548 48784  10 (D 0,1,1) (S 268,181,177) (S 262,177,175) (S 244,165,164) (S 251,164,169) (S 243,164,161) (S 245,161,165) (S 246,165,166) (S 247,166,167) (D 0,1,1)
 0 1 32 14182 24434  10 (D 0,1,1) (S 184,126,125) (S 224,125,152) (S 228,152,155) (S 229,155,121) (S 178,121,122) (S 181,122,124) (S 183,124,125) (S 220,125,150) (D 0,1,1)
 0 1 33 14542 34324  9 (D 0,1,1) (S 370,250,249) (S 353,240,241) (S 355,241,242) (S 356,242,192) (S 285,192,191) (S 281,188,174) (S 257,174,170) (D 0,1,1)
 0 1 34 14682 49190  15 (D 0,1,1) (S 368,249,248) (S 361,245,244) (S 294,196,198) (S 295,198,199) (S 296,199,196) (S 290,196,195) (S 289,195,194) (S 359,244,243) (S 357,243,242) (S 287,192,193) (S 349,193,238) (S 350,238,239) (S 337,230,229) (D 0,1,1)
 0 1 35 14530 37168  10 (D 0,1,1) (S 366,247,248) (S 367,248,245) (S 360,245,243) (S 358,243,241) (S 354,241,239) (S 351,239,235) (S 345,235,230) (S 338,230,231) (D 0,1,1)
 0 1 36 12738 13947  17 (D 0,1,1) (S 27,1,25) (S 26,25,24) (S 24,22,24) (S 25,24,23) (S 22,23,22) (S 21,22,20) (S 19,20,21) (S 29,26,8) (S 4,8,7) (S 17,7,19) (S 16,19,18) (S 14,18,17) (S 13,17,16) (S 12,16,5) (S 1,5,1) (D 0,1,1)
 0 1 37 13915 32420  7 (D 0,1,1) (S 182,124,123) (S 180,123,116) (S 171,116,117) (S 175,117,119) (S 177,117,121) (D 0,1,1)
 0 1 38 14306 37164  9 (D 0,1,1) (S 371,250,247) (S 373,247,222) (S 327,222,221) (S 326,221,215) (S 364,215,246) (S 365,246,247) (S 372,250,229) (D 0,1,1)
 0 1 39 14594 60134  9 (D 0,1,1) (S 319,215,214) (S 320,214,216) (S 325,216,219) (S 324,219,220) (S 323,219,218) (S 322,218,254) (S 374,212,254) (D 0,1,1)
 0 1 40 14354 22917  19 (D 0,1,1) (S 5,8,9) (S 6,9,10) (S 38,10,30) (S 40,31,30) (S 43,30,33) (S 42,33,32) (S 46,34,35) (S 47,35,36) (S 49,36,12) (S 8,12,11) (S 7,11,10) (S 36,9,29) (S 34,29,27) (S 33,27,28) (S 31,27,26) (S 28,26,21) (S 18,20,16) (D 0,1,1)
 0 1 41 14191 30565  13 (D 0,1,1) (S 3,6,7) (S 223,151,152) (S 230,155,156) (S 238,156,162) (S 240,162,163) (S 248,163,167) (S 249,167,168) (S 260,168,176) (S 250,168,163) (S 241,163,157) (S 226,153,152) (D 0,1,1)
 0 1 42 14635 20609  14 (D 0,1,1) (S 15,6,18) (S 20,19,21) (S 23,21,23) (S 32,23,28) (S 35,28,29) (S 39,29,31) (S 41,31,32) (S 45,32,34) (S 56,34,41) (S 55,41,39) (S 53,39,38) (S 52,38,25) (D 0,1,1)
