1624607
42
1548312
898974
 0 1 1 13196 14114  15 (D 0,1,1) (S 1,1,5) (S 18,16,20) (S 19,20,21) (S 28,21,26) (S 29,26,8) (S 4,8,7) (S 17,7,19) (S 20,19,21) (S 23,21,23) (S 25,23,24) (S 24,22,24) (S 26,24,25) (S 27,25,1) (D 0,1,1)
 0 1 2 13017 23452  9 (D 0,1,1) (S 52,25,38) (S 57,39,42) (S 109,42,75) (S 110,75,76) (S 111,76,77) (S 112,77,40) (S 54,40,39) (D 0,1,1)
 0 1 3 14478 22240  17 (D 0,1,1) (S 53,38,39) (S 55,39,41) (S 56,41,34) (S 42,32,33) (S 43,33,30) (S 40,31,30) (S 38,30,10) (S 36,9,29) (S 35,29,28) (S 33,28,27) (S 31,27,26) (S 16,19,18) (S 14,18,17) (S 13,17,16) (S 12,16,5) (D 0,1,1)
 0 1 4 14477 35610  12 (D 0,1,1) (S 2,5,6) (S 341,233,232) (S 371,250,247) (S 373,247,222) (S 330,222,225) (S 327,222,221) (S 329,221,224) (S 332,224,226) (S 331,224,225) (S 333,225,223) (D 0,1,1)
 0 1 5 14437 38198  13 (D 0,1,1) (S 339,231,229) (S 370,250,249) (S 369,249,240) (S 352,240,235) (S 346,235,236) (S 347,236,237) (S 348,236,238) (S 349,238,193) (S 286,193,191) (S 284,191,189) (S 281,188,174) (D 0,1,1)
 0 1 6 14406 35905  13 (D 0,1,1) (S 270,174,182) (S 268,181,177) (S 261,177,176) (S 260,168,176) (S 259,176,175) (S 247,166,167) (S 249,167,168) (S 250,168,163) (S 241,163,157) (S 230,156,155) (S 223,152,151) (D 0,1,1)
 0 1 7 14623 30924  8 (D 0,1,1) (S 226,152,153) (S 233,154,158) (S 235,158,160) (S 236,160,159) (S 237,159,161) (S 242,161,157) (D 0,1,1)
 0 1 8 14519 40843  9 (D 0,1,1) (S 239,120,162) (S 240,162,163) (S 248,163,167) (S 263,166,178) (S 276,185,186) (S 279,186,187) (S 280,187,188) (D 0,1,1)
 0 1 9 14459 46454  10 (D 0,1,1) (S 272,183,179) (S 278,184,187) (S 292,186,197) (S 295,198,199) (S 296,199,196) (S 290,196,195) (S 362,194,244) (S 368,248,249) (D 0,1,1)
 0 1 10 14693 39524  12 (D 0,1,1) (S 366,247,248) (S 367,248,245) (S 360,245,243) (S 357,243,242) (S 356,242,192) (S 287,192,193) (S 350,238,239) (S 345,235,230) (S 337,230,229) (S 343,233,255) (D 0,1,1)
 0 1 11 13800 35126  10 (D 0,1,1) (S 256,255,171) (S 257,170,174) (S 282,188,189) (S 285,191,192) (S 355,242,241) (S 353,241,240) (S 340,231,232) (S 15,6,18) (D 0,1,1)
 0 1 12 14298 26986  6 (D 0,1,1) (S 3,6,7) (S 5,8,9) (S 342,233,234) (S 344,234,232) (D 0,1,1)
 0 1 13 14444 40527  10 (D 0,1,1) (S 338,231,230) (S 351,235,239) (S 354,239,241) (S 358,241,243) (S 359,243,244) (S 361,244,245) (S 363,245,246) (S 365,246,247) (D 0,1,1)
 0 1 14 14674 50062  13 (D 0,1,1) (S 318,215,213) (S 316,213,206) (S 298,201,200) (S 299,200,202) (S 297,200,199) (S 294,196,198) (S 293,198,197) (S 291,197,195) (S 289,195,194) (S 288,194,190) (S 283,190,189) (D 0,1,1)
 0 1 15 14497 43511  10 (D 0,1,1) (S 269,182,181) (S 265,180,179) (S 273,179,184) (S 274,184,185) (S 277,185,253) (S 275,185,178) (S 264,178,179) (S 271,183,174) (D 0,1,1)
 0 1 16 14264 26082  12 (D 0,1,1) (S 254,171,172) (S 255,172,173) (S 253,171,170) (S 252,170,120) (S 238,162,156) (S 231,156,157) (S 232,157,154) (S 227,154,153) (S 225,153,151) (S 221,151,150) (D 0,1,1)
 0 1 17 14657 24909  11 (D 0,1,1) (S 220,150,125) (S 224,125,152) (S 228,152,155) (S 229,155,121) (S 178,121,122) (S 179,122,123) (S 182,123,124) (S 183,124,125) (S 184,125,126) (D 0,1,1)
 0 1 18 14311 30951  15 (D 0,1,1) (S 219,150,126) (S 185,126,127) (S 187,127,128) (S 188,128,129) (S 202,129,138) (S 211,146,145) (S 217,145,148) (S 216,148,149) (S 215,148,147) (S 197,135,136) (S 201,138,139) (S 206,140,142) (S 207,142,141) (D 0,1,1)
 0 1 19 14573 36068  6 (D 0,1,1) (S 204,140,139) (S 210,145,143) (S 209,143,144) (S 208,143,142) (D 0,1,1)
 0 1 20 14699 31654  17 (D 0,1,1) (S 200,138,137) (S 199,137,130) (S 191,131,100) (S 147,100,2) (S 192,100,132) (S 194,132,133) (S 195,133,134) (S 196,133,135) (S 214,135,147) (S 213,147,146) (S 212,146,136) (S 198,136,137) (S 205,140,141) (S 218,141,150) (S 222,150,255) (D 0,1,1)
 0 1 21 14128 34752  6 (D 0,1,1) (S 127,88,86) (S 162,101,112) (S 163,112,113) (S 167,113,115) (D 0,1,1)
 0 1 22 14371 43512  10 (D 0,1,1) (S 170,116,115) (S 169,115,99) (S 168,99,112) (S 164,113,114) (S 166,114,104) (S 151,104,103) (S 150,103,102) (S 165,111,114) (D 0,1,1)
 0 1 23 14659 41954  13 (D 0,1,1) (S 125,87,84) (S 122,84,80) (S 116,80,81) (S 118,81,82) (S 119,82,71) (S 100,71,69) (S 136,68,94) (S 135,94,92) (S 132,92,91) (S 143,91,99) (S 144,99,98) (D 0,1,1)
 0 1 24 13327 28632  10 (D 0,1,1) (S 186,127,98) (S 145,98,97) (S 141,97,96) (S 146,96,100) (S 193,132,131) (S 190,131,130) (S 189,130,129) (S 203,128,139) (D 0,1,1)
 0 1 25 14679 40436  11 (D 0,1,1) (S 142,97,93) (S 133,93,92) (S 131,91,83) (S 120,82,83) (S 121,83,84) (S 123,84,85) (S 124,85,86) (S 129,89,90) (S 130,89,255) (D 0,1,1)
 0 1 26 14492 38719  12 (D 0,1,1) (S 8,11,12) (S 11,14,15) (S 63,15,45) (S 64,45,46) (S 68,46,49) (S 67,49,48) (S 93,4,50) (S 71,51,52) (S 74,54,55) (S 75,55,42) (D 0,1,1)
 0 1 27 14487 29137  14 (D 0,1,1) (S 62,44,14) (S 10,14,13) (S 9,13,12) (S 49,12,36) (S 46,35,34) (S 45,34,32) (S 41,32,31) (S 39,31,29) (S 34,29,27) (S 32,28,23) (S 22,23,22) (S 21,22,20) (D 0,1,1)
 0 1 28 14583 31038  7 (D 0,1,1) (S 180,123,116) (S 171,116,117) (S 177,117,121) (S 181,122,124) (S 30,255,7) (D 0,1,1)
 0 1 29 14620 48675  12 (D 0,1,1) (S 234,158,159) (S 243,161,164) (S 251,164,169) (S 244,164,165) (S 245,161,165) (S 246,165,166) (S 258,166,175) (S 262,175,177) (S 266,177,180) (S 267,180,181) (D 0,1,1)
 0 1 30 14513 44104  9 (D 0,1,1) (S 372,229,250) (S 364,246,215) (S 326,215,221) (S 328,222,223) (S 334,223,227) (S 335,227,228) (S 336,223,229) (D 0,1,1)
 0 1 31 14594 60134  9 (D 0,1,1) (S 319,215,214) (S 320,214,216) (S 374,212,254) (S 322,254,218) (S 323,218,219) (S 324,219,220) (S 325,219,216) (D 0,1,1)
 0 1 32 14670 62129  7 (D 0,1,1) (S 321,216,217) (S 315,212,207) (S 309,207,205) (S 306,204,205) (S 308,205,206) (D 0,1,1)
 0 1 33 14663 57128  9 (D 0,1,1) (S 300,201,202) (S 301,202,203) (S 302,203,204) (S 305,204,252) (S 304,252,251) (S 303,251,203) (S 307,201,206) (D 0,1,1)
 0 1 34 14452 66004  9 (D 0,1,1) (S 375,217,254) (S 314,212,210) (S 313,210,211) (S 312,210,209) (S 311,209,208) (S 310,208,207) (S 317,213,214) (D 0,1,1)
 0 1 35 14265 26722  13 (D 0,1,1) (S 59,41,43) (S 60,43,44) (S 61,44,37) (S 51,37,13) (S 50,37,35) (S 47,35,36) (S 48,36,33) (S 44,33,11) (S 7,11,10) (S 6,10,9) (S 37,9,255) (D 0,1,1)
 0 1 36 14411 42168  13 (D 0,1,1) (S 58,42,43) (S 77,44,54) (S 73,54,53) (S 79,56,57) (S 88,62,63) (S 102,63,70) (S 101,70,71) (S 99,70,69) (S 98,69,68) (S 137,95,94) (S 134,94,93) (D 0,1,1)
 0 1 37 14699 45529  6 (D 0,1,1) (S 97,67,68) (S 138,68,95) (S 139,95,3) (S 140,3,96) (D 0,1,1)
 0 1 38 13952 38236  6 (D 0,1,1) (S 173,117,118) (S 174,118,119) (S 175,117,119) (S 176,119,120) (D 0,1,1)
 0 1 39 14657 49973  17 (D 0,1,1) (S 172,118,106) (S 156,106,108) (S 155,108,107) (S 158,107,109) (S 159,109,110) (S 157,109,108) (S 153,106,105) (S 154,105,107) (S 152,105,104) (S 161,103,111) (S 160,111,102) (S 149,102,101) (S 148,101,87) (S 126,87,86) (S 128,88,89) (D 0,1,1)
 0 1 40 14533 37482  10 (D 0,1,1) (S 113,76,78) (S 114,78,79) (S 115,78,80) (S 117,81,72) (S 103,71,72) (S 104,72,73) (S 105,73,74) (S 108,73,75) (D 0,1,1)
 0 1 41 14398 39593  12 (D 0,1,1) (S 76,55,53) (S 78,53,56) (S 81,56,58) (S 82,58,59) (S 89,60,64) (S 95,64,67) (S 96,67,66) (S 91,66,65) (S 83,59,52) (S 72,52,53) (D 0,1,1)
 0 1 42 14553 45410  16 (D 0,1,1) (S 90,64,65) (S 92,66,4) (S 94,4,48) (S 66,48,46) (S 65,46,47) (S 69,49,50) (S 70,50,51) (S 85,51,60) (S 84,60,59) (S 80,58,57) (S 86,57,61) (S 87,61,62) (S 106,62,74) (S 107,74,75) (D 0,1,1)
