1624793
42
1802130
1300377
 0 1 1 14377 29211  9 (D 0,1,1) (S 37,255,9) (S 9,12,13) (S 10,13,14) (S 62,14,44) (S 61,44,37) (S 50,37,35) (S 48,36,33) (D 0,1,1)
 0 1 2 12209 12737  15 (D 0,1,1) (S 27,1,25) (S 26,25,24) (S 22,22,23) (S 23,23,21) (S 28,21,26) (S 29,26,8) (S 4,8,7) (S 17,7,19) (S 16,19,18) (S 14,18,17) (S 13,17,16) (S 12,16,5) (S 1,5,1) (D 0,1,1)
 0 1 3 14544 31513  8 (D 0,1,1) (S 180,123,116) (S 171,116,117) (S 177,117,121) (S 179,122,123) (S 182,123,124) (S 222,150,255) (D 0,1,1)
 0 1 4 14468 40051  14 (D 0,1,1) (S 369,249,240) (S 352,240,235) (S 351,235,239) (S 350,239,238) (S 349,238,193) (S 287,193,192) (S 356,192,242) (S 357,242,243) (S 358,243,241) (S 353,241,240) (S 339,229,231) (S 30,255,7) (D 0,1,1)
 0 1 5 14521 33957  7 (D 0,1,1) (S 126,86,87) (S 125,87,84) (S 123,84,85) (S 124,85,86) (S 127,86,88) (D 0,1,1)
 0 1 6 14598 41635  9 (D 0,1,1) (S 167,115,113) (S 164,113,114) (S 166,114,104) (S 152,104,105) (S 153,105,106) (S 172,106,118) (S 174,118,119) (D 0,1,1)
 0 1 7 14139 32930  9 (D 0,1,1) (S 257,170,174) (S 268,181,177) (S 261,177,176) (S 249,168,167) (S 248,167,163) (S 240,163,162) (S 238,162,156) (D 0,1,1)
 0 1 8 14487 30805  8 (D 0,1,1) (S 242,157,161) (S 237,161,159) (S 236,159,160) (S 235,160,158) (S 233,158,154) (S 227,154,153) (D 0,1,1)
 0 1 9 14576 33138  13 (D 0,1,1) (S 232,154,157) (S 241,157,163) (S 250,163,168) (S 260,168,176) (S 259,176,175) (S 258,166,175) (S 262,175,177) (S 266,177,180) (S 267,180,181) (S 269,181,182) (S 270,182,174) (D 0,1,1)
 0 1 10 14678 38054  10 (D 0,1,1) (S 253,171,170) (S 281,174,188) (S 280,188,187) (S 279,187,186) (S 276,186,185) (S 264,178,179) (S 272,179,183) (S 271,183,174) (D 0,1,1)
 0 1 11 14403 45838  8 (D 0,1,1) (S 265,180,179) (S 273,179,184) (S 274,184,185) (S 277,185,253) (S 275,185,178) (S 263,178,166) (D 0,1,1)
 0 1 12 13821 23231  10 (D 0,1,1) (S 220,150,125) (S 183,125,124) (S 181,124,122) (S 178,122,121) (S 229,121,155) (S 228,155,152) (S 223,152,151) (S 221,151,150) (D 0,1,1)
 0 1 13 14587 47490  9 (D 0,1,1) (S 366,247,248) (S 362,244,194) (S 290,195,196) (S 296,196,199) (S 295,199,198) (S 292,197,186) (S 278,187,184) (D 0,1,1)
 0 1 14 14656 41556  13 (D 0,1,1) (S 338,231,230) (S 345,230,235) (S 346,235,236) (S 347,236,237) (S 348,236,238) (S 354,239,241) (S 355,241,242) (S 285,192,191) (S 286,191,193) (S 284,191,189) (S 282,189,188) (D 0,1,1)
 0 1 15 14467 21819  15 (D 0,1,1) (S 15,6,18) (S 20,19,21) (S 21,20,22) (S 24,22,24) (S 25,24,23) (S 32,23,28) (S 35,28,29) (S 39,29,31) (S 41,31,32) (S 45,32,34) (S 56,34,41) (S 55,41,39) (S 53,39,38) (D 0,1,1)
 0 1 16 14321 28095  8 (D 0,1,1) (S 3,6,7) (S 130,255,89) (S 129,89,90) (S 343,255,233) (S 341,233,232) (S 344,232,234) (D 0,1,1)
 0 1 17 14553 39182  8 (D 0,1,1) (S 219,150,126) (S 141,97,96) (S 140,96,3) (S 139,3,95) (S 137,95,94) (S 145,97,98) (D 0,1,1)
 0 1 18 14134 41658  10 (D 0,1,1) (S 144,98,99) (S 168,99,112) (S 163,112,113) (S 165,114,111) (S 161,111,103) (S 160,111,102) (S 149,102,101) (S 162,101,112) (D 0,1,1)
 0 1 19 14394 36667  12 (D 0,1,1) (S 170,116,115) (S 169,115,99) (S 143,99,91) (S 132,91,92) (S 135,92,94) (S 136,94,68) (S 138,68,95) (S 134,94,93) (S 142,93,97) (S 186,98,127) (D 0,1,1)
 0 1 20 14577 39586  12 (D 0,1,1) (S 190,130,131) (S 193,132,131) (S 191,131,100) (S 147,100,2) (S 146,96,100) (S 192,100,132) (S 194,132,133) (S 195,133,134) (S 196,133,135) (S 213,147,146) (D 0,1,1)
 0 1 21 14620 30356  15 (D 0,1,1) (S 197,136,135) (S 214,135,147) (S 215,147,148) (S 216,148,149) (S 217,148,145) (S 211,145,146) (S 212,146,136) (S 198,136,137) (S 199,137,130) (S 189,130,129) (S 202,129,138) (S 201,138,139) (S 205,140,141) (D 0,1,1)
 0 1 22 13895 28688  15 (D 0,1,1) (S 218,150,141) (S 207,141,142) (S 206,142,140) (S 204,140,139) (S 203,139,128) (S 188,128,129) (S 187,128,127) (S 185,127,126) (S 184,126,125) (S 224,125,152) (S 226,152,153) (S 225,153,151) (S 342,233,234) (D 0,1,1)
 0 1 23 14342 22917  19 (D 0,1,1) (S 18,16,20) (S 19,20,21) (S 31,26,27) (S 33,27,28) (S 34,27,29) (S 36,29,9) (S 6,9,10) (S 7,10,11) (S 8,11,12) (S 49,12,36) (S 47,36,35) (S 46,35,34) (S 42,32,33) (S 43,33,30) (S 40,31,30) (S 38,30,10) (S 5,9,8) (D 0,1,1)
 0 1 24 14292 47331  14 (D 0,1,1) (S 2,5,6) (S 128,89,88) (S 148,87,101) (S 150,102,103) (S 151,103,104) (S 154,105,107) (S 157,108,109) (S 159,109,110) (S 158,109,107) (S 155,107,108) (S 156,108,106) (S 173,118,117) (D 0,1,1)
 0 1 25 14192 37688  9 (D 0,1,1) (S 372,229,250) (S 373,247,222) (S 326,221,215) (S 364,215,246) (S 365,246,247) (S 371,247,250) (S 337,229,230) (D 0,1,1)
 0 1 26 14025 36068  6 (D 0,1,1) (S 200,138,137) (S 210,145,143) (S 209,143,144) (S 208,143,142) (D 0,1,1)
 0 1 27 14659 42550  13 (D 0,1,1) (S 340,232,231) (S 333,223,225) (S 331,225,224) (S 332,224,226) (S 329,224,221) (S 327,221,222) (S 330,222,225) (S 328,222,223) (S 334,223,227) (S 335,227,228) (S 336,223,229) (D 0,1,1)
 0 1 28 14615 46674  11 (D 0,1,1) (S 234,158,159) (S 243,161,164) (S 251,164,169) (S 244,164,165) (S 245,161,165) (S 246,165,166) (S 247,166,167) (S 231,157,156) (S 230,156,155) (D 0,1,1)
 0 1 29 14407 37775  14 (D 0,1,1) (S 108,75,73) (S 103,72,71) (S 119,71,82) (S 120,82,83) (S 121,83,84) (S 122,84,80) (S 117,81,72) (S 104,72,73) (S 105,73,74) (S 107,74,75) (S 109,75,42) (S 52,38,25) (D 0,1,1)
 0 1 30 14440 29773  16 (D 0,1,1) (S 57,39,42) (S 75,42,55) (S 76,55,53) (S 79,56,57) (S 80,57,58) (S 82,58,59) (S 84,59,60) (S 85,60,51) (S 71,51,52) (S 72,52,53) (S 73,53,54) (S 77,54,44) (S 60,44,43) (S 58,43,42) (D 0,1,1)
 0 1 31 14525 31677  11 (D 0,1,1) (S 59,41,43) (S 78,53,56) (S 86,57,61) (S 87,61,62) (S 106,62,74) (S 110,75,76) (S 111,76,77) (S 112,77,40) (S 54,40,39) (D 0,1,1)
 0 1 32 14627 42672  10 (D 0,1,1) (S 74,55,54) (S 81,56,58) (S 83,59,52) (S 70,51,50) (S 93,50,4) (S 92,4,66) (S 96,66,67) (S 95,67,64) (D 0,1,1)
 0 1 33 14561 45650  10 (D 0,1,1) (S 89,60,64) (S 97,67,68) (S 98,68,69) (S 100,69,71) (S 101,71,70) (S 99,69,70) (S 102,70,63) (S 88,63,62) (D 0,1,1)
 0 1 34 14642 46313  15 (D 0,1,1) (S 44,11,33) (S 51,37,13) (S 11,14,15) (S 63,15,45) (S 64,45,46) (S 68,46,49) (S 69,49,50) (S 67,49,48) (S 66,48,46) (S 65,46,47) (S 94,48,4) (S 91,66,65) (S 90,65,64) (D 0,1,1)
 0 1 35 14210 38146  9 (D 0,1,1) (S 133,93,92) (S 131,91,83) (S 118,82,81) (S 116,81,80) (S 115,80,78) (S 114,78,79) (S 113,78,76) (D 0,1,1)
 0 1 36 14523 40873  9 (D 0,1,1) (S 370,250,249) (S 368,249,248) (S 367,248,245) (S 361,245,244) (S 359,244,243) (S 360,243,245) (S 363,245,246) (D 0,1,1)
 0 1 37 14663 57128  9 (D 0,1,1) (S 307,206,201) (S 300,201,202) (S 301,202,203) (S 303,203,251) (S 304,251,252) (S 305,252,204) (S 302,204,203) (D 0,1,1)
 0 1 38 14670 62129  7 (D 0,1,1) (S 308,206,205) (S 306,204,205) (S 309,205,207) (S 315,207,212) (S 321,217,216) (D 0,1,1)
 0 1 39 14452 66004  9 (D 0,1,1) (S 375,217,254) (S 314,212,210) (S 313,210,211) (S 312,210,209) (S 311,209,208) (S 310,208,207) (S 317,213,214) (D 0,1,1)
 0 1 40 14594 60134  9 (D 0,1,1) (S 374,212,254) (S 322,254,218) (S 323,218,219) (S 324,219,220) (S 325,219,216) (S 320,216,214) (S 319,214,215) (D 0,1,1)
 0 1 41 14674 50062  13 (D 0,1,1) (S 283,189,190) (S 288,190,194) (S 289,194,195) (S 291,195,197) (S 293,197,198) (S 294,198,196) (S 297,199,200) (S 299,200,202) (S 298,200,201) (S 316,206,213) (S 318,213,215) (D 0,1,1)
 0 1 42 14090 35032  9 (D 0,1,1) (S 256,255,171) (S 254,171,172) (S 255,172,173) (S 252,170,120) (S 239,162,120) (S 176,120,119) (S 175,119,117) (D 0,1,1)
