1615497
42
2118891
1545068
 0 1 1 14597 29898  10 (D 0,1,1) (S 370,250,249) (S 369,249,240) (S 352,240,235) (S 345,235,230) (S 338,230,231) (S 341,232,233) (S 30,255,7) (S 3,7,6) (D 0,1,1)
 0 1 2 14640 44078  13 (D 0,1,1) (S 51,37,13) (S 11,14,15) (S 63,15,45) (S 64,45,46) (S 65,46,47) (S 68,46,49) (S 66,46,48) (S 92,4,66) (S 91,66,65) (S 82,59,58) (S 74,54,55) (D 0,1,1)
 0 1 3 14507 29304  10 (D 0,1,1) (S 37,255,9) (S 9,12,13) (S 10,13,14) (S 62,14,44) (S 61,44,37) (S 50,37,35) (S 48,36,33) (S 44,33,11) (D 0,1,1)
 0 1 4 14619 54157  13 (D 0,1,1) (S 279,187,186) (S 293,197,198) (S 294,198,196) (S 296,196,199) (S 299,200,202) (S 298,201,200) (S 297,200,199) (S 295,199,198) (S 290,196,195) (S 362,194,244) (S 368,248,249) (D 0,1,1)
 0 1 5 14669 34584  7 (D 0,1,1) (S 256,255,171) (S 176,120,119) (S 175,119,117) (S 171,117,116) (S 220,125,150) (D 0,1,1)
 0 1 6 14288 36113  9 (D 0,1,1) (S 107,75,74) (S 105,74,73) (S 117,72,81) (S 118,81,82) (S 121,83,84) (S 125,84,87) (S 127,86,88) (D 0,1,1)
 0 1 7 14360 30590  17 (D 0,1,1) (S 13,16,17) (S 14,17,18) (S 15,18,6) (S 207,141,142) (S 206,142,140) (S 204,140,139) (S 203,139,128) (S 188,128,129) (S 202,129,138) (S 213,146,147) (S 215,147,148) (S 216,148,149) (S 217,148,145) (S 211,145,146) (S 198,136,137) (D 0,1,1)
 0 1 8 14507 37957  8 (D 0,1,1) (S 366,247,248) (S 367,248,245) (S 363,245,246) (S 365,246,247) (S 371,247,250) (S 339,229,231) (D 0,1,1)
 0 1 9 14338 30806  12 (D 0,1,1) (S 219,150,126) (S 186,127,98) (S 145,98,97) (S 141,97,96) (S 146,96,100) (S 147,100,2) (S 191,100,131) (S 199,130,137) (S 201,138,139) (S 205,140,141) (D 0,1,1)
 0 1 10 14405 36068  6 (D 0,1,1) (S 212,136,146) (S 210,145,143) (S 209,143,144) (S 208,143,142) (D 0,1,1)
 0 1 11 13895 40820  11 (D 0,1,1) (S 340,232,231) (S 372,229,250) (S 364,246,215) (S 318,215,213) (S 317,213,214) (S 319,214,215) (S 326,215,221) (S 327,221,222) (S 333,225,223) (D 0,1,1)
 0 1 12 14521 65050  8 (D 0,1,1) (S 314,212,210) (S 313,210,211) (S 312,210,209) (S 311,209,208) (S 310,208,207) (S 316,206,213) (D 0,1,1)
 0 1 13 14670 37528  15 (D 0,1,1) (S 58,42,43) (S 77,44,54) (S 73,54,53) (S 72,53,52) (S 71,52,51) (S 69,50,49) (S 67,49,48) (S 94,48,4) (S 93,4,50) (S 70,50,51) (S 85,51,60) (S 83,59,52) (S 75,55,42) (D 0,1,1)
 0 1 14 14407 40376  13 (D 0,1,1) (S 281,174,188) (S 282,188,189) (S 284,189,191) (S 287,193,192) (S 356,192,242) (S 357,242,243) (S 360,243,245) (S 361,245,244) (S 359,244,243) (S 358,243,241) (S 353,241,240) (D 0,1,1)
 0 1 15 14491 48584  11 (D 0,1,1) (S 166,114,104) (S 152,104,105) (S 154,105,107) (S 155,107,108) (S 157,108,109) (S 159,109,110) (S 158,109,107) (S 156,108,106) (S 174,118,119) (D 0,1,1)
 0 1 16 14493 36417  10 (D 0,1,1) (S 142,97,93) (S 133,93,92) (S 135,92,94) (S 137,94,95) (S 132,92,91) (S 143,91,99) (S 169,99,115) (S 180,116,123) (D 0,1,1)
 0 1 17 14199 21607  19 (D 0,1,1) (S 2,5,6) (S 5,8,9) (S 6,9,10) (S 7,10,11) (S 8,11,12) (S 49,12,36) (S 47,36,35) (S 46,35,34) (S 45,34,32) (S 42,32,33) (S 43,33,30) (S 39,31,29) (S 34,29,27) (S 33,27,28) (S 32,28,23) (S 25,23,24) (S 21,22,20) (D 0,1,1)
 0 1 18 14285 49927  9 (D 0,1,1) (S 263,178,166) (S 244,165,164) (S 251,164,169) (S 243,164,161) (S 245,161,165) (S 246,165,166) (S 247,166,167) (D 0,1,1)
 0 1 19 13160 43313  13 (D 0,1,1) (S 346,235,236) (S 347,236,237) (S 348,236,238) (S 350,238,239) (S 354,239,241) (S 355,241,242) (S 285,192,191) (S 286,191,193) (S 349,193,238) (S 351,239,235) (S 337,230,229) (D 0,1,1)
 0 1 20 13414 28095  7 (D 0,1,1) (S 130,255,89) (S 129,89,90) (S 343,255,233) (S 342,233,234) (S 344,234,232) (D 0,1,1)
 0 1 21 14685 31473  9 (D 0,1,1) (S 221,150,151) (S 233,154,158) (S 234,158,159) (S 235,158,160) (S 236,160,159) (S 237,159,161) (S 242,161,157) (D 0,1,1)
 0 1 22 14298 30643  15 (D 0,1,1) (S 218,150,141) (S 200,138,137) (S 197,136,135) (S 214,135,147) (S 196,135,133) (S 195,133,134) (S 194,133,132) (S 192,132,100) (S 193,132,131) (S 190,131,130) (S 189,130,129) (S 187,128,127) (S 185,127,126) (D 0,1,1)
 0 1 23 14607 36493  12 (D 0,1,1) (S 79,56,57) (S 86,57,61) (S 88,62,63) (S 102,63,70) (S 99,70,69) (S 100,69,71) (S 103,71,72) (S 104,72,73) (S 108,73,75) (S 109,75,42) (D 0,1,1)
 0 1 24 14369 41194  10 (D 0,1,1) (S 134,93,94) (S 136,94,68) (S 98,68,69) (S 101,70,71) (S 119,71,82) (S 120,82,83) (S 131,83,91) (S 144,99,98) (D 0,1,1)
 0 1 25 14639 41264  14 (D 0,1,1) (S 170,116,115) (S 167,115,113) (S 164,113,114) (S 165,114,111) (S 161,111,103) (S 150,103,102) (S 149,102,101) (S 162,101,112) (S 163,112,113) (S 168,112,99) (S 184,125,126) (S 222,150,255) (D 0,1,1)
 0 1 26 14678 40458  11 (D 0,1,1) (S 181,124,122) (S 177,121,117) (S 173,117,118) (S 172,118,106) (S 153,106,105) (S 151,104,103) (S 160,111,102) (S 148,101,87) (S 126,87,86) (D 0,1,1)
 0 1 27 14658 26049  11 (D 0,1,1) (S 226,153,152) (S 228,152,155) (S 229,155,121) (S 178,121,122) (S 179,122,123) (S 182,123,124) (S 183,124,125) (S 224,125,152) (S 223,152,151) (D 0,1,1)
 0 1 28 14536 35201  13 (D 0,1,1) (S 230,155,156) (S 241,157,163) (S 248,163,167) (S 249,167,168) (S 259,176,175) (S 258,166,175) (S 262,175,177) (S 261,177,176) (S 260,176,168) (S 250,168,163) (S 240,163,162) (D 0,1,1)
 0 1 29 14502 42970  11 (D 0,1,1) (S 373,247,222) (S 329,221,224) (S 332,224,226) (S 331,224,225) (S 330,225,222) (S 328,222,223) (S 335,227,228) (S 334,227,223) (S 336,223,229) (D 0,1,1)
 0 1 30 13710 60134  9 (D 0,1,1) (S 375,217,254) (S 374,212,254) (S 322,254,218) (S 323,218,219) (S 324,219,220) (S 325,219,216) (S 320,216,214) (D 0,1,1)
 0 1 31 14670 62129  7 (D 0,1,1) (S 308,206,205) (S 306,204,205) (S 309,205,207) (S 315,207,212) (S 321,217,216) (D 0,1,1)
 0 1 32 14663 57128  9 (D 0,1,1) (S 307,206,201) (S 302,203,204) (S 305,204,252) (S 304,252,251) (S 303,251,203) (S 301,203,202) (S 300,202,201) (D 0,1,1)
 0 1 33 14577 33601  10 (D 0,1,1) (S 272,183,179) (S 265,179,180) (S 267,180,181) (S 266,180,177) (S 268,177,181) (S 269,181,182) (S 270,182,174) (S 257,174,170) (D 0,1,1)
 0 1 34 13546 21735  13 (D 0,1,1) (S 52,25,38) (S 53,38,39) (S 55,39,41) (S 56,41,34) (S 41,32,31) (S 40,31,30) (S 38,30,10) (S 36,9,29) (S 35,29,28) (S 31,27,26) (S 16,19,18) (D 0,1,1)
 0 1 35 14428 26082  12 (D 0,1,1) (S 225,151,153) (S 227,153,154) (S 232,154,157) (S 231,157,156) (S 238,156,162) (S 239,162,120) (S 252,120,170) (S 253,170,171) (S 254,171,172) (S 255,172,173) (D 0,1,1)
 0 1 36 14617 36802  10 (D 0,1,1) (S 128,89,88) (S 124,86,85) (S 123,85,84) (S 122,84,80) (S 116,80,81) (S 115,80,78) (S 114,78,79) (S 113,78,76) (D 0,1,1)
 0 1 37 14700 32090  11 (D 0,1,1) (S 59,41,43) (S 60,43,44) (S 80,58,57) (S 87,61,62) (S 106,62,74) (S 110,75,76) (S 111,76,77) (S 112,77,40) (S 54,40,39) (D 0,1,1)
 0 1 38 13570 13570  16 (D 0,1,1) (S 27,1,25) (S 26,25,24) (S 24,24,22) (S 22,22,23) (S 23,23,21) (S 20,21,19) (S 17,19,7) (S 4,7,8) (S 29,8,26) (S 28,26,21) (S 19,21,20) (S 18,20,16) (S 12,16,5) (S 1,5,1) (D 0,1,1)
 0 1 39 14508 39038  11 (D 0,1,1) (S 57,39,42) (S 78,53,56) (S 81,56,58) (S 84,59,60) (S 90,64,65) (S 96,66,67) (S 95,67,64) (S 89,64,60) (S 76,53,55) (D 0,1,1)
 0 1 40 14509 43471  9 (D 0,1,1) (S 271,174,183) (S 264,179,178) (S 275,178,185) (S 277,185,253) (S 274,185,184) (S 278,184,187) (S 280,187,188) (D 0,1,1)
 0 1 41 14699 45529  6 (D 0,1,1) (S 97,67,68) (S 138,68,95) (S 139,95,3) (S 140,3,96) (D 0,1,1)
 0 1 42 14594 43171  9 (D 0,1,1) (S 283,189,190) (S 288,190,194) (S 289,194,195) (S 291,195,197) (S 292,197,186) (S 276,186,185) (S 273,184,179) (D 0,1,1)
