1618439
42
3537547
2706968
 0 1 1 10416 10944  12 (D 0,1,1) (S 1,1,5) (S 2,5,6) (S 15,6,18) (S 16,18,19) (S 20,19,21) (S 23,21,23) (S 25,23,24) (S 24,22,24) (S 26,24,25) (S 27,25,1) (D 0,1,1)
 0 1 2 14664 23800  15 (D 0,1,1) (S 52,25,38) (S 55,39,41) (S 56,41,34) (S 46,34,35) (S 50,35,37) (S 51,37,13) (S 9,13,12) (S 8,12,11) (S 7,11,10) (S 6,10,9) (S 5,9,8) (S 28,26,21) (S 19,21,20) (D 0,1,1)
 0 1 3 14606 25689  12 (D 0,1,1) (S 13,16,17) (S 14,17,18) (S 17,19,7) (S 220,150,125) (S 183,125,124) (S 181,124,122) (S 179,122,123) (S 178,122,121) (S 229,121,155) (S 228,155,152) (D 0,1,1)
 0 1 4 14429 28327  8 (D 0,1,1) (S 342,233,234) (S 344,234,232) (S 337,229,230) (S 338,230,231) (S 340,231,232) (S 30,255,7) (D 0,1,1)
 0 1 5 14669 30595  10 (D 0,1,1) (S 36,9,29) (S 45,32,34) (S 61,37,44) (S 62,44,14) (S 10,14,13) (S 47,35,36) (S 38,30,10) (S 37,9,255) (D 0,1,1)
 0 1 6 14464 32768  16 (D 0,1,1) (S 218,150,141) (S 205,141,140) (S 200,138,137) (S 199,137,130) (S 190,130,131) (S 193,131,132) (S 192,132,100) (S 147,100,2) (S 194,132,133) (S 195,133,134) (S 196,133,135) (S 214,135,147) (S 197,135,136) (S 201,138,139) (D 0,1,1)
 0 1 7 14243 44402  11 (D 0,1,1) (S 239,120,162) (S 240,162,163) (S 248,163,167) (S 247,167,166) (S 246,166,165) (S 244,165,164) (S 251,164,169) (S 243,164,161) (S 234,159,158) (D 0,1,1)
 0 1 8 13797 19222  19 (D 0,1,1) (S 3,6,7) (S 4,7,8) (S 29,8,26) (S 31,26,27) (S 33,27,28) (S 34,27,29) (S 39,29,31) (S 40,31,30) (S 43,30,33) (S 42,33,32) (S 41,32,31) (S 35,29,28) (S 32,28,23) (S 22,23,22) (S 21,22,20) (S 18,20,16) (S 12,16,5) (D 0,1,1)
 0 1 9 14278 36068  6 (D 0,1,1) (S 208,142,143) (S 209,143,144) (S 210,143,145) (S 222,150,255) (D 0,1,1)
 0 1 10 14554 31939  8 (D 0,1,1) (S 242,157,161) (S 245,161,165) (S 237,161,159) (S 236,159,160) (S 235,160,158) (S 233,158,154) (D 0,1,1)
 0 1 11 14605 35365  10 (D 0,1,1) (S 257,170,174) (S 272,183,179) (S 265,179,180) (S 267,180,181) (S 266,180,177) (S 261,177,176) (S 250,168,163) (S 231,157,156) (D 0,1,1)
 0 1 12 13422 44439  11 (D 0,1,1) (S 271,174,183) (S 273,179,184) (S 274,184,185) (S 277,185,253) (S 263,178,166) (S 258,166,175) (S 227,154,153) (S 226,153,152) (S 223,152,151) (D 0,1,1)
 0 1 13 14168 47331  14 (D 0,1,1) (S 172,118,106) (S 156,106,108) (S 157,108,109) (S 159,109,110) (S 158,109,107) (S 155,107,108) (S 154,107,105) (S 152,105,104) (S 151,104,103) (S 150,103,102) (S 149,102,101) (S 148,101,87) (D 0,1,1)
 0 1 14 14007 30208  14 (D 0,1,1) (S 187,127,128) (S 202,129,138) (S 212,136,146) (S 213,146,147) (S 215,147,148) (S 216,148,149) (S 217,148,145) (S 211,145,146) (S 198,136,137) (S 204,139,140) (S 206,140,142) (S 207,142,141) (D 0,1,1)
 0 1 15 14696 31583  13 (D 0,1,1) (S 221,150,151) (S 225,151,153) (S 232,154,157) (S 241,157,163) (S 249,167,168) (S 260,168,176) (S 259,176,175) (S 262,175,177) (S 268,177,181) (S 269,181,182) (S 270,182,174) (D 0,1,1)
 0 1 16 14623 41658  10 (D 0,1,1) (S 144,98,99) (S 168,99,112) (S 163,112,113) (S 162,112,101) (S 160,102,111) (S 161,111,103) (S 165,111,114) (S 164,114,113) (D 0,1,1)
 0 1 17 14161 28261  12 (D 0,1,1) (S 219,150,126) (S 185,126,127) (S 186,127,98) (S 145,98,97) (S 141,97,96) (S 146,96,100) (S 191,100,131) (S 189,130,129) (S 188,129,128) (S 203,128,139) (D 0,1,1)
 0 1 18 14354 37930  6 (D 0,1,1) (S 177,121,117) (S 174,119,118) (S 173,118,117) (S 171,117,116) (D 0,1,1)
 0 1 19 14576 40484  8 (D 0,1,1) (S 180,123,116) (S 170,116,115) (S 132,91,92) (S 135,92,94) (S 139,95,3) (S 140,3,96) (D 0,1,1)
 0 1 20 14625 42847  7 (D 0,1,1) (S 167,115,113) (S 166,114,104) (S 153,105,106) (S 175,117,119) (S 176,119,120) (D 0,1,1)
 0 1 21 14680 31055  14 (D 0,1,1) (S 130,255,89) (S 128,88,89) (S 129,89,90) (S 256,255,171) (S 255,172,173) (S 254,172,171) (S 253,171,170) (S 252,170,120) (S 238,162,156) (S 230,156,155) (S 224,152,125) (S 184,125,126) (D 0,1,1)
 0 1 22 14691 39435  11 (D 0,1,1) (S 142,97,93) (S 134,93,94) (S 137,94,95) (S 138,95,68) (S 98,68,69) (S 102,70,63) (S 88,63,62) (S 79,57,56) (S 78,56,53) (D 0,1,1)
 0 1 23 14521 40490  15 (D 0,1,1) (S 75,42,55) (S 76,55,53) (S 71,52,51) (S 69,50,49) (S 68,46,49) (S 67,49,48) (S 94,48,4) (S 92,4,66) (S 91,66,65) (S 90,65,64) (S 89,64,60) (S 81,58,56) (S 74,54,55) (D 0,1,1)
 0 1 24 14678 40435  15 (D 0,1,1) (S 58,42,43) (S 84,59,60) (S 85,60,51) (S 70,51,50) (S 93,50,4) (S 66,48,46) (S 65,46,47) (S 64,46,45) (S 63,45,15) (S 11,15,14) (S 49,12,36) (S 48,36,33) (S 44,33,11) (D 0,1,1)
 0 1 25 14155 33853  15 (D 0,1,1) (S 59,41,43) (S 60,43,44) (S 77,44,54) (S 73,54,53) (S 72,53,52) (S 83,52,59) (S 82,59,58) (S 80,58,57) (S 86,57,61) (S 87,61,62) (S 106,62,74) (S 105,74,73) (S 108,73,75) (D 0,1,1)
 0 1 26 14656 39266  12 (D 0,1,1) (S 104,73,72) (S 103,72,71) (S 101,71,70) (S 99,70,69) (S 100,69,71) (S 119,71,82) (S 131,83,91) (S 143,91,99) (S 169,99,115) (S 182,123,124) (D 0,1,1)
 0 1 27 14666 47725  7 (D 0,1,1) (S 133,93,92) (S 136,94,68) (S 97,68,67) (S 96,66,67) (S 95,67,64) (D 0,1,1)
 0 1 28 14330 23452  9 (D 0,1,1) (S 54,39,40) (S 112,40,77) (S 111,77,76) (S 110,76,75) (S 109,75,42) (S 57,42,39) (S 53,39,38) (D 0,1,1)
 0 1 29 14668 38958  12 (D 0,1,1) (S 113,76,78) (S 114,78,79) (S 115,78,80) (S 118,81,82) (S 120,82,83) (S 121,83,84) (S 122,84,80) (S 116,80,81) (S 117,81,72) (S 107,74,75) (D 0,1,1)
 0 1 30 14521 33957  7 (D 0,1,1) (S 124,86,85) (S 123,85,84) (S 125,84,87) (S 126,87,86) (S 127,86,88) (D 0,1,1)
 0 1 31 14622 39564  9 (D 0,1,1) (S 264,179,178) (S 275,178,185) (S 276,185,186) (S 279,186,187) (S 280,187,188) (S 282,188,189) (S 281,188,174) (D 0,1,1)
 0 1 32 14587 44104  10 (D 0,1,1) (S 343,255,233) (S 334,223,227) (S 335,227,228) (S 328,223,222) (S 327,222,221) (S 326,221,215) (S 364,215,246) (S 365,246,247) (D 0,1,1)
 0 1 33 14637 35610  10 (D 0,1,1) (S 373,247,222) (S 330,222,225) (S 329,221,224) (S 332,224,226) (S 331,224,225) (S 333,225,223) (S 336,223,229) (S 341,232,233) (D 0,1,1)
 0 1 34 14609 41999  14 (D 0,1,1) (S 339,231,229) (S 370,250,249) (S 369,249,240) (S 352,240,235) (S 346,235,236) (S 347,236,237) (S 348,236,238) (S 350,238,239) (S 354,239,241) (S 355,241,242) (S 287,192,193) (S 284,191,189) (D 0,1,1)
 0 1 35 14585 48424  10 (D 0,1,1) (S 283,189,190) (S 288,190,194) (S 291,195,197) (S 295,198,199) (S 294,196,198) (S 293,198,197) (S 292,197,186) (S 278,187,184) (D 0,1,1)
 0 1 36 14670 40363  11 (D 0,1,1) (S 367,248,245) (S 359,244,243) (S 357,243,242) (S 356,242,192) (S 285,192,191) (S 286,191,193) (S 349,193,238) (S 351,239,235) (S 345,235,230) (D 0,1,1)
 0 1 37 14664 48092  14 (D 0,1,1) (S 372,229,250) (S 318,215,213) (S 316,213,206) (S 298,201,200) (S 299,200,202) (S 297,200,199) (S 296,199,196) (S 290,196,195) (S 289,195,194) (S 362,194,244) (S 361,244,245) (S 368,248,249) (D 0,1,1)
 0 1 38 14552 42402  8 (D 0,1,1) (S 363,246,245) (S 360,245,243) (S 358,243,241) (S 353,241,240) (S 366,248,247) (S 371,247,250) (D 0,1,1)
 0 1 39 14670 62129  7 (D 0,1,1) (S 308,206,205) (S 306,204,205) (S 309,205,207) (S 315,207,212) (S 321,217,216) (D 0,1,1)
 0 1 40 14452 66004  9 (D 0,1,1) (S 375,217,254) (S 314,212,210) (S 313,210,211) (S 312,210,209) (S 311,209,208) (S 310,208,207) (S 317,213,214) (D 0,1,1)
 0 1 41 14663 57128  9 (D 0,1,1) (S 307,206,201) (S 300,201,202) (S 301,202,203) (S 303,203,251) (S 304,251,252) (S 305,252,204) (S 302,204,203) (D 0,1,1)
 0 1 42 14594 60134  9 (D 0,1,1) (S 374,212,254) (S 322,254,218) (S 323,218,219) (S 324,219,220) (S 325,219,216) (S 320,216,214) (S 319,214,215) (D 0,1,1)
