1617531
42
1801877
1717674
 0 1 1 10416 10944  12 (D 0,1,1) (S 27,1,25) (S 26,25,24) (S 24,22,24) (S 25,24,23) (S 23,23,21) (S 20,21,19) (S 16,19,18) (S 15,18,6) (S 2,6,5) (S 1,5,1) (D 0,1,1)
 0 1 2 14526 25777  12 (D 0,1,1) (S 37,255,9) (S 36,9,29) (S 41,31,32) (S 42,32,33) (S 48,33,36) (S 49,36,12) (S 9,12,13) (S 61,37,44) (S 58,43,42) (S 57,42,39) (D 0,1,1)
 0 1 3 13755 25311  9 (D 0,1,1) (S 344,234,232) (S 341,232,233) (S 343,233,255) (S 30,255,7) (S 17,7,19) (S 14,18,17) (S 13,17,16) (D 0,1,1)
 0 1 4 14468 27942  11 (D 0,1,1) (S 3,6,7) (S 227,153,154) (S 232,154,157) (S 241,157,163) (S 240,163,162) (S 239,162,120) (S 238,162,156) (S 230,156,155) (S 223,152,151) (D 0,1,1)
 0 1 5 14669 30806  11 (D 0,1,1) (S 219,150,126) (S 185,126,127) (S 186,127,98) (S 145,98,97) (S 141,97,96) (S 146,96,100) (S 147,100,2) (S 191,100,131) (S 199,130,137) (D 0,1,1)
 0 1 6 13432 29224  14 (D 0,1,1) (S 212,136,146) (S 213,146,147) (S 215,147,148) (S 216,148,149) (S 217,148,145) (S 211,145,146) (S 198,136,137) (S 202,138,129) (S 188,129,128) (S 203,128,139) (S 204,139,140) (S 205,140,141) (D 0,1,1)
 0 1 7 14570 24384  11 (D 0,1,1) (S 221,150,151) (S 225,151,153) (S 226,153,152) (S 228,152,155) (S 229,155,121) (S 178,121,122) (S 181,122,124) (S 183,124,125) (S 222,150,255) (D 0,1,1)
 0 1 8 14236 33037  12 (D 0,1,1) (S 224,125,152) (S 231,156,157) (S 248,163,167) (S 249,167,168) (S 261,176,177) (S 266,177,180) (S 267,180,181) (S 269,181,182) (S 270,182,174) (S 257,174,170) (D 0,1,1)
 0 1 9 14650 38054  9 (D 0,1,1) (S 271,174,183) (S 264,179,178) (S 275,178,185) (S 276,185,186) (S 279,186,187) (S 280,187,188) (S 281,188,174) (D 0,1,1)
 0 1 10 14687 44399  11 (D 0,1,1) (S 272,183,179) (S 273,179,184) (S 274,184,185) (S 277,185,253) (S 263,178,166) (S 258,166,175) (S 259,175,176) (S 260,176,168) (S 250,168,163) (D 0,1,1)
 0 1 11 14548 48784  10 (D 0,1,1) (S 247,167,166) (S 246,166,165) (S 245,165,161) (S 243,161,164) (S 251,164,169) (S 244,164,165) (S 262,175,177) (S 268,177,181) (D 0,1,1)
 0 1 12 14533 33976  9 (D 0,1,1) (S 256,255,171) (S 255,172,173) (S 254,172,171) (S 253,171,170) (S 252,170,120) (S 176,120,119) (S 175,119,117) (D 0,1,1)
 0 1 13 14557 31964  8 (D 0,1,1) (S 182,124,123) (S 179,123,122) (S 177,121,117) (S 171,117,116) (S 180,116,123) (S 184,125,126) (D 0,1,1)
 0 1 14 14331 42596  14 (D 0,1,1) (S 130,255,89) (S 129,89,90) (S 126,86,87) (S 148,87,101) (S 149,101,102) (S 150,102,103) (S 161,111,103) (S 151,103,104) (S 152,104,105) (S 153,105,106) (S 173,118,117) (S 220,125,150) (D 0,1,1)
 0 1 15 14387 26509  17 (D 0,1,1) (S 12,5,16) (S 18,16,20) (S 21,20,22) (S 22,22,23) (S 32,23,28) (S 33,28,27) (S 34,27,29) (S 39,29,31) (S 40,31,30) (S 38,30,10) (S 6,10,9) (S 342,233,234) (S 5,9,8) (S 28,26,21) (S 19,21,20) (D 0,1,1)
 0 1 16 14619 28193  11 (D 0,1,1) (S 7,10,11) (S 44,11,33) (S 47,36,35) (S 50,35,37) (S 51,37,13) (S 10,13,14) (S 62,14,44) (S 60,44,43) (S 59,43,41) (D 0,1,1)
 0 1 17 14531 31207  17 (D 0,1,1) (S 218,150,141) (S 207,141,142) (S 206,142,140) (S 201,139,138) (S 200,138,137) (S 197,136,135) (S 214,135,147) (S 196,135,133) (S 195,133,134) (S 194,133,132) (S 192,132,100) (S 193,132,131) (S 190,131,130) (S 189,130,129) (S 187,128,127) (D 0,1,1)
 0 1 18 14321 31473  8 (D 0,1,1) (S 233,154,158) (S 234,158,159) (S 235,158,160) (S 236,160,159) (S 237,159,161) (S 242,161,157) (D 0,1,1)
 0 1 19 13581 22121  13 (D 0,1,1) (S 4,7,8) (S 29,8,26) (S 31,26,27) (S 35,28,29) (S 43,30,33) (S 45,32,34) (S 46,34,35) (S 56,34,41) (S 55,41,39) (S 53,39,38) (S 52,38,25) (D 0,1,1)
 0 1 20 13801 36068  5 (D 0,1,1) (S 210,145,143) (S 209,143,144) (S 208,143,142) (D 0,1,1)
 0 1 21 14345 40352  13 (D 0,1,1) (S 8,11,12) (S 11,14,15) (S 63,15,45) (S 64,45,46) (S 65,46,47) (S 68,46,49) (S 66,46,48) (S 67,48,49) (S 69,49,50) (S 70,50,51) (S 71,51,52) (D 0,1,1)
 0 1 22 14614 39759  11 (D 0,1,1) (S 74,55,54) (S 79,56,57) (S 88,62,63) (S 102,63,70) (S 98,69,68) (S 136,68,94) (S 135,94,92) (S 143,91,99) (S 144,99,98) (D 0,1,1)
 0 1 23 14690 30023  15 (D 0,1,1) (S 75,42,55) (S 76,55,53) (S 81,56,58) (S 80,58,57) (S 86,57,61) (S 87,61,62) (S 106,62,74) (S 105,74,73) (S 108,73,75) (S 110,75,76) (S 111,76,77) (S 112,77,40) (S 54,40,39) (D 0,1,1)
 0 1 24 14641 41111  13 (D 0,1,1) (S 109,42,75) (S 107,75,74) (S 103,72,71) (S 101,71,70) (S 99,70,69) (S 100,69,71) (S 119,71,82) (S 120,82,83) (S 121,83,84) (S 123,84,85) (S 124,85,86) (D 0,1,1)
 0 1 25 14645 48797  9 (D 0,1,1) (S 134,93,94) (S 138,95,68) (S 97,68,67) (S 96,66,67) (S 95,67,64) (S 78,56,53) (S 73,53,54) (D 0,1,1)
 0 1 26 14660 38146  10 (D 0,1,1) (S 113,76,78) (S 114,78,79) (S 115,78,80) (S 116,80,81) (S 118,81,82) (S 131,83,91) (S 132,91,92) (S 133,92,93) (D 0,1,1)
 0 1 27 14425 39182  6 (D 0,1,1) (S 142,97,93) (S 137,94,95) (S 139,95,3) (S 140,3,96) (D 0,1,1)
 0 1 28 14580 40465  11 (D 0,1,1) (S 170,116,115) (S 167,115,113) (S 162,112,101) (S 160,102,111) (S 165,111,114) (S 164,114,113) (S 163,113,112) (S 168,112,99) (S 169,99,115) (D 0,1,1)
 0 1 29 14493 48584  11 (D 0,1,1) (S 166,114,104) (S 154,105,107) (S 155,107,108) (S 158,107,109) (S 159,109,110) (S 157,109,108) (S 156,108,106) (S 172,106,118) (S 174,118,119) (D 0,1,1)
 0 1 30 14622 33269  8 (D 0,1,1) (S 104,73,72) (S 117,72,81) (S 122,80,84) (S 125,84,87) (S 127,86,88) (S 128,88,89) (D 0,1,1)
 0 1 31 14675 40974  14 (D 0,1,1) (S 77,44,54) (S 82,58,59) (S 84,59,60) (S 85,60,51) (S 93,50,4) (S 94,4,48) (S 92,4,66) (S 91,66,65) (S 90,65,64) (S 89,64,60) (S 83,59,52) (S 72,52,53) (D 0,1,1)
 0 1 32 14628 42460  14 (D 0,1,1) (S 340,232,231) (S 339,231,229) (S 369,249,240) (S 352,240,235) (S 351,235,239) (S 350,238,239) (S 354,239,241) (S 358,241,243) (S 357,243,242) (S 285,192,191) (S 286,191,193) (S 284,191,189) (D 0,1,1)
 0 1 33 14688 49978  11 (D 0,1,1) (S 361,245,244) (S 291,195,197) (S 295,198,199) (S 298,200,201) (S 316,206,213) (S 317,213,214) (S 319,214,215) (S 326,215,221) (S 328,222,223) (D 0,1,1)
 0 1 34 14666 68680  9 (D 0,1,1) (S 333,223,225) (S 374,254,212) (S 314,212,210) (S 313,210,211) (S 312,210,209) (S 311,209,208) (S 310,208,207) (D 0,1,1)
 0 1 35 14670 62129  7 (D 0,1,1) (S 308,206,205) (S 306,204,205) (S 309,205,207) (S 315,207,212) (S 321,217,216) (D 0,1,1)
 0 1 36 14679 59108  10 (D 0,1,1) (S 325,216,219) (S 324,219,220) (S 323,219,218) (S 322,218,254) (S 375,254,217) (S 320,216,214) (S 364,215,246) (S 337,229,230) (D 0,1,1)
 0 1 37 14648 39147  12 (D 0,1,1) (S 372,229,250) (S 353,240,241) (S 355,241,242) (S 356,242,192) (S 287,192,193) (S 349,193,238) (S 348,238,236) (S 347,236,237) (S 346,236,235) (S 345,235,230) (D 0,1,1)
 0 1 38 14665 43494  12 (D 0,1,1) (S 338,231,230) (S 336,229,223) (S 334,223,227) (S 335,227,228) (S 327,222,221) (S 329,221,224) (S 332,224,226) (S 331,224,225) (S 330,225,222) (S 373,222,247) (D 0,1,1)
 0 1 39 14683 36921  8 (D 0,1,1) (S 370,250,249) (S 368,249,248) (S 367,248,245) (S 363,245,246) (S 365,246,247) (S 371,247,250) (D 0,1,1)
 0 1 40 14663 48053  9 (D 0,1,1) (S 318,215,213) (S 299,202,200) (S 297,200,199) (S 296,199,196) (S 288,194,190) (S 283,190,189) (S 282,189,188) (D 0,1,1)
 0 1 41 14567 47002  13 (D 0,1,1) (S 265,180,179) (S 278,184,187) (S 292,186,197) (S 293,197,198) (S 294,198,196) (S 290,196,195) (S 289,195,194) (S 362,194,244) (S 359,244,243) (S 360,243,245) (S 366,248,247) (D 0,1,1)
 0 1 42 14663 57128  9 (D 0,1,1) (S 307,206,201) (S 300,201,202) (S 301,202,203) (S 302,203,204) (S 305,204,252) (S 304,252,251) (S 303,251,203) (D 0,1,1)
