1622284
42
1801846
1793407
 0 1 1 12947 14825  14 (D 0,1,1) (S 1,1,5) (S 21,20,22) (S 24,22,24) (S 25,24,23) (S 23,23,21) (S 28,21,26) (S 31,26,27) (S 33,27,28) (S 32,28,23) (S 22,23,22) (S 26,24,25) (S 27,25,1) (D 0,1,1)
 0 1 2 14396 22758  15 (D 0,1,1) (S 52,25,38) (S 53,38,39) (S 54,39,40) (S 55,39,41) (S 56,41,34) (S 45,32,34) (S 46,34,35) (S 47,35,36) (S 49,36,12) (S 8,12,11) (S 7,11,10) (S 6,10,9) (S 37,9,255) (D 0,1,1)
 0 1 3 14644 23450  11 (D 0,1,1) (S 30,7,255) (S 256,255,171) (S 253,171,170) (S 252,170,120) (S 239,120,162) (S 238,162,156) (S 231,156,157) (S 232,157,154) (S 225,153,151) (D 0,1,1)
 0 1 4 13905 24157  11 (D 0,1,1) (S 221,150,151) (S 223,151,152) (S 228,152,155) (S 229,155,121) (S 178,121,122) (S 179,122,123) (S 182,123,124) (S 183,124,125) (S 184,125,126) (D 0,1,1)
 0 1 5 13871 27682  11 (D 0,1,1) (S 219,150,126) (S 186,127,98) (S 145,98,97) (S 141,97,96) (S 146,96,100) (S 191,100,131) (S 190,131,130) (S 199,130,137) (S 201,138,139) (D 0,1,1)
 0 1 6 13878 31099  17 (D 0,1,1) (S 205,141,140) (S 197,136,135) (S 196,135,133) (S 195,133,134) (S 194,133,132) (S 192,132,100) (S 147,100,2) (S 193,132,131) (S 189,130,129) (S 188,129,128) (S 203,128,139) (S 204,139,140) (S 206,140,142) (S 207,142,141) (S 218,141,150) (D 0,1,1)
 0 1 7 14279 32456  13 (D 0,1,1) (S 200,138,137) (S 211,146,145) (S 217,145,148) (S 216,148,149) (S 215,148,147) (S 214,135,147) (S 213,147,146) (S 198,136,137) (S 202,138,129) (S 187,128,127) (S 185,127,126) (D 0,1,1)
 0 1 8 14577 39486  7 (D 0,1,1) (S 255,172,173) (S 254,172,171) (S 176,120,119) (S 174,119,118) (S 173,118,117) (D 0,1,1)
 0 1 9 14561 39618  10 (D 0,1,1) (S 341,233,232) (S 339,231,229) (S 371,250,247) (S 373,247,222) (S 330,222,225) (S 328,222,223) (S 334,223,227) (S 335,227,228) (D 0,1,1)
 0 1 10 14693 40096  11 (D 0,1,1) (S 336,229,223) (S 333,223,225) (S 331,225,224) (S 332,224,226) (S 329,224,221) (S 327,221,222) (S 326,221,215) (S 364,215,246) (S 340,231,232) (D 0,1,1)
 0 1 11 14506 40237  10 (D 0,1,1) (S 282,188,189) (S 284,189,191) (S 285,191,192) (S 356,192,242) (S 357,242,243) (S 360,243,245) (S 363,245,246) (S 365,246,247) (D 0,1,1)
 0 1 12 14515 35261  10 (D 0,1,1) (S 257,170,174) (S 281,174,188) (S 286,191,193) (S 349,193,238) (S 350,238,239) (S 351,239,235) (S 352,235,240) (S 369,240,249) (D 0,1,1)
 0 1 13 14690 36958  11 (D 0,1,1) (S 270,174,182) (S 269,182,181) (S 265,180,179) (S 264,179,178) (S 263,178,166) (S 258,166,175) (S 259,175,176) (S 250,168,163) (S 241,163,157) (D 0,1,1)
 0 1 14 14698 39147  11 (D 0,1,1) (S 338,231,230) (S 345,230,235) (S 346,235,236) (S 347,236,237) (S 348,236,238) (S 287,193,192) (S 355,242,241) (S 353,241,240) (S 370,249,250) (D 0,1,1)
 0 1 15 14594 29781  11 (D 0,1,1) (S 44,11,33) (S 48,33,36) (S 50,35,37) (S 51,37,13) (S 10,13,14) (S 62,14,44) (S 61,44,37) (S 9,13,12) (S 38,30,10) (D 0,1,1)
 0 1 16 14188 45945  13 (D 0,1,1) (S 220,150,125) (S 224,125,152) (S 226,152,153) (S 227,153,154) (S 234,158,159) (S 245,161,165) (S 244,165,164) (S 251,164,169) (S 243,164,161) (S 246,165,166) (S 247,166,167) (D 0,1,1)
 0 1 17 14524 48816  13 (D 0,1,1) (S 172,118,106) (S 153,106,105) (S 158,107,109) (S 159,109,110) (S 157,109,108) (S 156,108,106) (S 155,108,107) (S 154,107,105) (S 152,105,104) (S 166,104,114) (S 164,114,113) (D 0,1,1)
 0 1 18 14647 41463  8 (D 0,1,1) (S 169,115,99) (S 132,91,92) (S 133,92,93) (S 137,94,95) (S 139,95,3) (S 140,3,96) (D 0,1,1)
 0 1 19 14405 36068  6 (D 0,1,1) (S 212,136,146) (S 210,145,143) (S 209,143,144) (S 208,143,142) (D 0,1,1)
 0 1 20 14283 32420  7 (D 0,1,1) (S 181,124,122) (S 177,121,117) (S 175,117,119) (S 171,117,116) (S 180,116,123) (D 0,1,1)
 0 1 21 14524 47191  15 (D 0,1,1) (S 170,116,115) (S 163,113,112) (S 162,112,101) (S 160,102,111) (S 165,111,114) (S 151,104,103) (S 161,111,103) (S 150,103,102) (S 149,102,101) (S 148,101,87) (S 128,88,89) (S 129,89,90) (S 130,89,255) (D 0,1,1)
 0 1 22 13015 20802  17 (D 0,1,1) (S 14,17,18) (S 16,18,19) (S 4,7,8) (S 5,8,9) (S 36,9,29) (S 35,28,29) (S 39,29,31) (S 40,31,30) (S 43,30,33) (S 42,33,32) (S 41,32,31) (S 34,29,27) (S 29,26,8) (S 3,7,6) (S 2,6,5) (D 0,1,1)
 0 1 23 14618 26144  10 (D 0,1,1) (S 12,5,16) (S 18,16,20) (S 19,20,21) (S 20,21,19) (S 17,19,7) (S 343,255,233) (S 342,233,234) (S 344,234,232) (D 0,1,1)
 0 1 24 14471 49543  12 (D 0,1,1) (S 366,247,248) (S 289,194,195) (S 296,196,199) (S 297,199,200) (S 298,200,201) (S 300,201,202) (S 299,202,200) (S 307,201,206) (S 316,206,213) (S 318,213,215) (D 0,1,1)
 0 1 25 14637 31607  9 (D 0,1,1) (S 13,16,17) (S 15,18,6) (S 233,154,158) (S 235,158,160) (S 236,160,159) (S 237,159,161) (S 242,161,157) (D 0,1,1)
 0 1 26 14181 38135  13 (D 0,1,1) (S 240,162,163) (S 248,163,167) (S 249,167,168) (S 260,168,176) (S 261,176,177) (S 268,177,181) (S 267,181,180) (S 266,180,177) (S 262,177,175) (S 230,156,155) (S 222,150,255) (D 0,1,1)
 0 1 27 14521 33957  7 (D 0,1,1) (S 124,86,85) (S 123,85,84) (S 125,84,87) (S 126,87,86) (S 127,86,88) (D 0,1,1)
 0 1 28 14631 58584  9 (D 0,1,1) (S 372,229,250) (S 319,215,214) (S 320,214,216) (S 325,216,219) (S 324,219,220) (S 323,219,218) (S 322,218,254) (D 0,1,1)
 0 1 29 14531 41725  11 (D 0,1,1) (S 368,249,248) (S 367,248,245) (S 361,245,244) (S 362,244,194) (S 291,195,197) (S 292,197,186) (S 276,186,185) (S 273,184,179) (S 271,183,174) (D 0,1,1)
 0 1 30 14329 46009  9 (D 0,1,1) (S 280,188,187) (S 279,186,187) (S 278,187,184) (S 274,184,185) (S 277,185,253) (S 275,185,178) (S 272,179,183) (D 0,1,1)
 0 1 31 14470 49074  12 (D 0,1,1) (S 283,189,190) (S 288,190,194) (S 293,197,198) (S 295,198,199) (S 294,198,196) (S 290,196,195) (S 359,244,243) (S 358,243,241) (S 354,241,239) (S 337,230,229) (D 0,1,1)
 0 1 32 14628 58082  8 (D 0,1,1) (S 317,214,213) (S 301,202,203) (S 302,203,204) (S 305,204,252) (S 304,252,251) (S 303,251,203) (D 0,1,1)
 0 1 33 13977 65050  9 (D 0,1,1) (S 310,207,208) (S 311,208,209) (S 312,209,210) (S 313,210,211) (S 314,210,212) (S 374,212,254) (S 375,254,217) (D 0,1,1)
 0 1 34 14670 62129  7 (D 0,1,1) (S 321,216,217) (S 315,212,207) (S 309,207,205) (S 306,204,205) (S 308,205,206) (D 0,1,1)
 0 1 35 13972 28294  11 (D 0,1,1) (S 112,40,77) (S 111,77,76) (S 110,76,75) (S 107,75,74) (S 105,74,73) (S 108,73,75) (S 109,75,42) (S 58,42,43) (S 59,43,41) (D 0,1,1)
 0 1 36 14680 34433  14 (D 0,1,1) (S 57,39,42) (S 60,43,44) (S 77,44,54) (S 72,53,52) (S 84,59,60) (S 85,60,51) (S 71,51,52) (S 83,52,59) (S 82,59,58) (S 80,58,57) (S 87,61,62) (S 106,62,74) (D 0,1,1)
 0 1 37 14677 40079  10 (D 0,1,1) (S 113,76,78) (S 114,78,79) (S 115,78,80) (S 118,81,82) (S 119,82,71) (S 101,71,70) (S 100,69,71) (S 103,71,72) (D 0,1,1)
 0 1 38 14359 39435  13 (D 0,1,1) (S 142,97,93) (S 134,93,94) (S 138,95,68) (S 98,68,69) (S 99,69,70) (S 102,70,63) (S 88,63,62) (S 86,61,57) (S 79,57,56) (S 78,56,53) (S 76,53,55) (D 0,1,1)
 0 1 39 14604 44269  8 (D 0,1,1) (S 70,51,50) (S 69,49,50) (S 93,50,4) (S 92,4,66) (S 96,66,67) (S 95,67,64) (D 0,1,1)
 0 1 40 14640 41039  10 (D 0,1,1) (S 144,98,99) (S 143,99,91) (S 135,92,94) (S 136,94,68) (S 97,68,67) (S 73,53,54) (S 74,54,55) (S 75,55,42) (D 0,1,1)
 0 1 41 14700 43894  14 (D 0,1,1) (S 11,14,15) (S 63,15,45) (S 64,45,46) (S 68,46,49) (S 67,49,48) (S 65,46,47) (S 66,46,48) (S 94,48,4) (S 91,66,65) (S 90,65,64) (S 89,64,60) (S 81,58,56) (D 0,1,1)
 0 1 42 14592 41086  11 (D 0,1,1) (S 167,115,113) (S 168,112,99) (S 131,91,83) (S 120,82,83) (S 121,83,84) (S 122,84,80) (S 116,80,81) (S 117,81,72) (S 104,72,73) (D 0,1,1)
