1617464
42
3601835
2933922
 0 1 1 14451 27029  13 (D 0,1,1) (S 15,6,18) (S 17,19,7) (S 254,171,172) (S 255,172,173) (S 253,171,170) (S 252,170,120) (S 238,162,156) (S 231,156,157) (S 232,157,154) (S 226,153,152) (S 223,152,151) (D 0,1,1)
 0 1 2 14414 36125  13 (D 0,1,1) (S 225,151,153) (S 241,157,163) (S 248,163,167) (S 249,167,168) (S 259,176,175) (S 258,166,175) (S 262,175,177) (S 268,177,181) (S 265,180,179) (S 272,179,183) (S 271,183,174) (D 0,1,1)
 0 1 3 14291 32215  11 (D 0,1,1) (S 257,170,174) (S 270,174,182) (S 269,182,181) (S 267,181,180) (S 266,180,177) (S 261,177,176) (S 260,176,168) (S 250,168,163) (S 230,156,155) (D 0,1,1)
 0 1 4 14404 32822  11 (D 0,1,1) (S 227,153,154) (S 235,158,160) (S 236,160,159) (S 237,159,161) (S 245,161,165) (S 246,165,166) (S 247,166,167) (S 240,163,162) (S 239,162,120) (D 0,1,1)
 0 1 5 14688 30237  11 (D 0,1,1) (S 37,255,9) (S 48,33,36) (S 51,37,13) (S 10,13,14) (S 62,14,44) (S 61,44,37) (S 50,37,35) (S 45,34,32) (S 44,33,11) (D 0,1,1)
 0 1 6 14657 24909  11 (D 0,1,1) (S 220,150,125) (S 224,125,152) (S 228,152,155) (S 229,155,121) (S 178,121,122) (S 179,122,123) (S 182,123,124) (S 183,124,125) (S 184,125,126) (D 0,1,1)
 0 1 7 14544 30951  14 (D 0,1,1) (S 185,126,127) (S 187,127,128) (S 202,129,138) (S 200,138,137) (S 197,136,135) (S 214,135,147) (S 215,147,148) (S 216,148,149) (S 217,148,145) (S 211,145,146) (S 206,140,142) (S 207,142,141) (D 0,1,1)
 0 1 8 14092 31177  12 (D 0,1,1) (S 204,140,139) (S 199,137,130) (S 193,131,132) (S 192,132,100) (S 147,100,2) (S 146,100,96) (S 141,96,97) (S 145,97,98) (S 186,98,127) (S 219,126,150) (D 0,1,1)
 0 1 9 14619 43519  9 (D 0,1,1) (S 221,150,151) (S 233,154,158) (S 234,158,159) (S 243,161,164) (S 251,164,169) (S 244,164,165) (S 242,161,157) (D 0,1,1)
 0 1 10 14410 43471  8 (D 0,1,1) (S 264,179,178) (S 275,178,185) (S 277,185,253) (S 274,185,184) (S 280,187,188) (S 281,188,174) (D 0,1,1)
 0 1 11 14585 41284  10 (D 0,1,1) (S 282,188,189) (S 283,189,190) (S 288,190,194) (S 291,195,197) (S 292,197,186) (S 279,186,187) (S 278,187,184) (S 273,184,179) (D 0,1,1)
 0 1 12 14351 51679  8 (D 0,1,1) (S 362,244,194) (S 296,196,199) (S 295,199,198) (S 293,198,197) (S 276,186,185) (S 263,178,166) (D 0,1,1)
 0 1 13 14016 29299  8 (D 0,1,1) (S 128,88,89) (S 129,89,90) (S 130,89,255) (S 344,232,234) (S 342,234,233) (S 343,233,255) (D 0,1,1)
 0 1 14 14521 33957  7 (D 0,1,1) (S 127,88,86) (S 126,86,87) (S 125,87,84) (S 123,84,85) (S 124,85,86) (D 0,1,1)
 0 1 15 14641 49741  12 (D 0,1,1) (S 148,87,101) (S 160,102,111) (S 151,103,104) (S 154,105,107) (S 158,107,109) (S 159,109,110) (S 157,109,108) (S 155,107,108) (S 156,108,106) (S 174,118,119) (D 0,1,1)
 0 1 16 14609 34584  7 (D 0,1,1) (S 171,116,117) (S 175,117,119) (S 176,119,120) (S 256,171,255) (S 3,7,6) (D 0,1,1)
 0 1 17 14483 35164  10 (D 0,1,1) (S 2,5,6) (S 30,7,255) (S 341,233,232) (S 340,232,231) (S 337,230,229) (S 335,227,228) (S 334,227,223) (S 336,223,229) (D 0,1,1)
 0 1 18 14473 29109  17 (D 0,1,1) (S 218,150,141) (S 201,139,138) (S 198,137,136) (S 212,136,146) (S 213,146,147) (S 196,135,133) (S 195,133,134) (S 194,133,132) (S 191,100,131) (S 190,131,130) (S 189,130,129) (S 188,129,128) (S 203,128,139) (S 205,140,141) (S 222,150,255) (D 0,1,1)
 0 1 19 14622 22400  20 (D 0,1,1) (S 19,20,21) (S 28,21,26) (S 29,8,26) (S 31,26,27) (S 35,28,29) (S 39,29,31) (S 40,31,30) (S 41,31,32) (S 42,32,33) (S 43,33,30) (S 38,30,10) (S 36,9,29) (S 34,29,27) (S 33,27,28) (S 32,28,23) (S 22,23,22) (S 21,22,20) (S 18,20,16) (D 0,1,1)
 0 1 20 14558 21345  13 (D 0,1,1) (S 53,38,39) (S 55,39,41) (S 56,41,34) (S 46,34,35) (S 47,35,36) (S 49,36,12) (S 8,12,11) (S 7,11,10) (S 6,10,9) (S 5,9,8) (S 4,8,7) (D 0,1,1)
 0 1 21 14691 39301  10 (D 0,1,1) (S 181,124,122) (S 177,121,117) (S 173,117,118) (S 172,118,106) (S 153,106,105) (S 152,105,104) (S 166,104,114) (S 164,114,113) (D 0,1,1)
 0 1 22 14439 40813  12 (D 0,1,1) (S 170,116,115) (S 169,115,99) (S 168,99,112) (S 162,112,101) (S 149,101,102) (S 150,102,103) (S 161,103,111) (S 165,111,114) (S 163,112,113) (S 167,113,115) (D 0,1,1)
 0 1 23 10360 10888  13 (D 0,1,1) (S 27,1,25) (S 26,25,24) (S 24,22,24) (S 25,24,23) (S 23,23,21) (S 20,21,19) (S 16,19,18) (S 14,18,17) (S 13,17,16) (S 12,16,5) (S 1,5,1) (D 0,1,1)
 0 1 24 14592 37414  10 (D 0,1,1) (S 142,97,93) (S 133,93,92) (S 137,94,95) (S 136,68,94) (S 135,94,92) (S 132,92,91) (S 143,91,99) (S 180,116,123) (D 0,1,1)
 0 1 25 14699 45529  6 (D 0,1,1) (S 97,67,68) (S 138,68,95) (S 139,95,3) (S 140,3,96) (D 0,1,1)
 0 1 26 13801 36068  5 (D 0,1,1) (S 210,145,143) (S 209,143,144) (S 208,143,142) (D 0,1,1)
 0 1 27 13720 26586  10 (D 0,1,1) (S 52,25,38) (S 59,41,43) (S 58,43,42) (S 109,42,75) (S 110,75,76) (S 111,76,77) (S 112,77,40) (S 54,40,39) (D 0,1,1)
 0 1 28 14582 39716  11 (D 0,1,1) (S 113,76,78) (S 114,78,79) (S 115,78,80) (S 116,80,81) (S 118,81,82) (S 119,82,71) (S 100,71,69) (S 98,69,68) (S 134,94,93) (D 0,1,1)
 0 1 29 14541 38382  10 (D 0,1,1) (S 108,75,73) (S 104,73,72) (S 117,72,81) (S 122,80,84) (S 121,84,83) (S 120,82,83) (S 131,83,91) (S 144,99,98) (D 0,1,1)
 0 1 30 14692 38547  14 (D 0,1,1) (S 107,75,74) (S 105,74,73) (S 103,72,71) (S 101,71,70) (S 99,69,70) (S 102,70,63) (S 88,63,62) (S 87,62,61) (S 86,61,57) (S 79,57,56) (S 78,56,53) (S 57,42,39) (D 0,1,1)
 0 1 31 14644 40239  13 (D 0,1,1) (S 75,42,55) (S 74,55,54) (S 83,52,59) (S 89,60,64) (S 92,66,4) (S 94,4,48) (S 66,48,46) (S 64,46,45) (S 63,45,15) (S 11,15,14) (S 9,13,12) (D 0,1,1)
 0 1 32 14545 41123  16 (D 0,1,1) (S 60,43,44) (S 77,44,54) (S 73,54,53) (S 82,58,59) (S 85,60,51) (S 70,51,50) (S 93,50,4) (S 67,48,49) (S 68,49,46) (S 65,46,47) (S 69,49,50) (S 71,51,52) (S 72,52,53) (S 76,53,55) (D 0,1,1)
 0 1 33 14597 43125  10 (D 0,1,1) (S 81,56,58) (S 95,64,67) (S 96,67,66) (S 91,66,65) (S 90,65,64) (S 84,60,59) (S 80,58,57) (S 106,62,74) (D 0,1,1)
 0 1 34 14534 40678  10 (D 0,1,1) (S 371,250,247) (S 365,247,246) (S 363,246,245) (S 360,245,243) (S 357,243,242) (S 356,242,192) (S 287,192,193) (S 284,191,189) (D 0,1,1)
 0 1 35 14422 43320  12 (D 0,1,1) (S 367,248,245) (S 361,245,244) (S 359,244,243) (S 358,243,241) (S 355,241,242) (S 285,192,191) (S 286,191,193) (S 349,193,238) (S 351,239,235) (S 352,235,240) (D 0,1,1)
 0 1 36 14373 38482  11 (D 0,1,1) (S 369,249,240) (S 353,240,241) (S 354,241,239) (S 350,239,238) (S 348,238,236) (S 347,236,237) (S 346,236,235) (S 345,235,230) (S 338,230,231) (D 0,1,1)
 0 1 37 14655 39544  15 (D 0,1,1) (S 333,223,225) (S 328,223,222) (S 330,222,225) (S 331,225,224) (S 332,224,226) (S 329,224,221) (S 327,221,222) (S 373,222,247) (S 366,247,248) (S 368,248,249) (S 370,249,250) (S 372,250,229) (S 339,229,231) (D 0,1,1)
 0 1 38 14528 65050  9 (D 0,1,1) (S 364,246,215) (S 310,207,208) (S 311,208,209) (S 312,209,210) (S 313,210,211) (S 314,210,212) (S 375,254,217) (D 0,1,1)
 0 1 39 14617 55338  6 (D 0,1,1) (S 320,214,216) (S 321,216,217) (S 319,214,215) (S 326,215,221) (D 0,1,1)
 0 1 40 14509 56139  13 (D 0,1,1) (S 317,214,213) (S 316,213,206) (S 308,206,205) (S 302,204,203) (S 301,203,202) (S 300,202,201) (S 298,201,200) (S 297,200,199) (S 294,198,196) (S 290,196,195) (S 289,195,194) (D 0,1,1)
 0 1 41 14696 57754  9 (D 0,1,1) (S 306,205,204) (S 305,204,252) (S 304,252,251) (S 303,251,203) (S 299,202,200) (S 307,201,206) (S 318,213,215) (D 0,1,1)
 0 1 42 14562 62411  9 (D 0,1,1) (S 309,205,207) (S 315,207,212) (S 374,212,254) (S 322,254,218) (S 323,218,219) (S 324,219,220) (S 325,219,216) (D 0,1,1)
