1621845
42
1802609
1436202
 0 1 1 14432 58557  8 (D 0,1,1) (S 321,216,217) (S 374,254,212) (S 315,212,207) (S 309,207,205) (S 308,205,206) (S 317,213,214) (D 0,1,1)
 0 1 2 14620 42402  9 (D 0,1,1) (S 363,246,245) (S 360,245,243) (S 358,243,241) (S 353,241,240) (S 369,240,249) (S 368,249,248) (S 366,248,247) (D 0,1,1)
 0 1 3 14686 31876  11 (D 0,1,1) (S 240,162,163) (S 248,163,167) (S 249,167,168) (S 259,176,175) (S 246,166,165) (S 245,165,161) (S 242,161,157) (S 232,157,154) (S 3,7,6) (D 0,1,1)
 0 1 4 14677 27856  9 (D 0,1,1) (S 37,255,9) (S 7,10,11) (S 8,11,12) (S 9,12,13) (S 10,13,14) (S 62,14,44) (S 59,43,41) (D 0,1,1)
 0 1 5 14427 30670  11 (D 0,1,1) (S 12,5,16) (S 13,16,17) (S 14,17,18) (S 17,19,7) (S 341,233,232) (S 340,232,231) (S 345,230,235) (S 352,235,240) (S 370,249,250) (D 0,1,1)
 0 1 6 14503 43940  7 (D 0,1,1) (S 237,159,161) (S 243,161,164) (S 251,164,169) (S 244,164,165) (S 247,166,167) (D 0,1,1)
 0 1 7 14525 33091  5 (D 0,1,1) (S 229,155,121) (S 177,121,117) (S 176,119,120) (D 0,1,1)
 0 1 8 14411 39305  10 (D 0,1,1) (S 167,115,113) (S 164,113,114) (S 165,114,111) (S 160,111,102) (S 149,102,101) (S 162,101,112) (S 168,112,99) (S 169,99,115) (D 0,1,1)
 0 1 9 12268 35438  8 (D 0,1,1) (S 365,247,246) (S 364,246,215) (S 326,215,221) (S 328,222,223) (S 336,223,229) (S 339,229,231) (D 0,1,1)
 0 1 10 14689 39503  14 (D 0,1,1) (S 75,42,55) (S 78,53,56) (S 85,60,51) (S 69,50,49) (S 67,49,48) (S 94,48,4) (S 92,4,66) (S 91,66,65) (S 90,65,64) (S 83,59,52) (S 72,52,53) (S 77,54,44) (D 0,1,1)
 0 1 11 14200 58584  9 (D 0,1,1) (S 319,215,214) (S 320,214,216) (S 375,217,254) (S 322,254,218) (S 323,218,219) (S 324,219,220) (S 325,219,216) (D 0,1,1)
 0 1 12 14232 18435  18 (D 0,1,1) (S 15,6,18) (S 16,18,19) (S 20,19,21) (S 21,20,22) (S 24,22,24) (S 25,24,23) (S 32,23,28) (S 33,27,28) (S 35,28,29) (S 34,29,27) (S 31,27,26) (S 28,26,21) (S 23,21,23) (S 22,23,22) (S 26,24,25) (S 27,25,1) (D 0,1,1)
 0 1 13 14596 46355  14 (D 0,1,1) (S 134,93,94) (S 138,95,68) (S 98,68,69) (S 100,69,71) (S 119,71,82) (S 118,82,81) (S 116,81,80) (S 122,80,84) (S 121,84,83) (S 120,82,83) (S 131,83,91) (S 133,92,93) (D 0,1,1)
 0 1 14 14514 61899  9 (D 0,1,1) (S 307,206,201) (S 300,201,202) (S 303,203,251) (S 304,251,252) (S 305,252,204) (S 299,202,200) (S 295,199,198) (D 0,1,1)
 0 1 15 14600 43125  10 (D 0,1,1) (S 81,56,58) (S 96,66,67) (S 95,67,64) (S 84,60,59) (S 80,58,57) (S 87,61,62) (S 106,62,74) (S 109,75,42) (D 0,1,1)
 0 1 16 14681 31038  7 (D 0,1,1) (S 183,125,124) (S 181,124,122) (S 178,122,121) (S 171,117,116) (S 180,116,123) (D 0,1,1)
 0 1 17 14425 39182  6 (D 0,1,1) (S 142,97,93) (S 137,94,95) (S 139,95,3) (S 140,3,96) (D 0,1,1)
 0 1 18 14644 33634  11 (D 0,1,1) (S 54,39,40) (S 112,40,77) (S 113,76,78) (S 114,78,79) (S 115,78,80) (S 117,81,72) (S 104,72,73) (S 105,73,74) (S 107,74,75) (D 0,1,1)
 0 1 19 14549 41021  11 (D 0,1,1) (S 281,174,188) (S 282,188,189) (S 284,189,191) (S 287,193,192) (S 357,242,243) (S 359,243,244) (S 362,244,194) (S 288,194,190) (S 283,190,189) (D 0,1,1)
 0 1 20 14673 38077  13 (D 0,1,1) (S 76,55,53) (S 79,56,57) (S 86,57,61) (S 88,62,63) (S 102,63,70) (S 99,69,70) (S 101,70,71) (S 103,71,72) (S 108,73,75) (S 110,75,76) (S 111,76,77) (D 0,1,1)
 0 1 21 14175 38810  13 (D 0,1,1) (S 269,182,181) (S 267,181,180) (S 266,180,177) (S 262,177,175) (S 258,175,166) (S 263,166,178) (S 264,178,179) (S 272,179,183) (S 271,183,174) (S 255,172,173) (S 254,172,171) (D 0,1,1)
 0 1 22 14222 47861  14 (D 0,1,1) (S 170,116,115) (S 163,112,113) (S 166,114,104) (S 152,104,105) (S 154,105,107) (S 157,108,109) (S 159,109,110) (S 158,109,107) (S 155,107,108) (S 156,108,106) (S 173,118,117) (S 184,125,126) (D 0,1,1)
 0 1 23 14634 27667  18 (D 0,1,1) (S 18,16,20) (S 19,20,21) (S 29,26,8) (S 4,8,7) (S 220,150,125) (S 224,125,152) (S 226,152,153) (S 235,158,160) (S 236,160,159) (S 234,159,158) (S 233,158,154) (S 227,154,153) (S 225,153,151) (S 222,150,255) (S 130,255,89) (S 129,89,90) (D 0,1,1)
 0 1 24 14677 31099  17 (D 0,1,1) (S 207,141,142) (S 206,142,140) (S 204,140,139) (S 203,139,128) (S 188,128,129) (S 189,129,130) (S 190,130,131) (S 193,131,132) (S 147,100,2) (S 192,100,132) (S 194,132,133) (S 195,133,134) (S 196,133,135) (S 197,135,136) (S 201,138,139) (D 0,1,1)
 0 1 25 14558 47908  9 (D 0,1,1) (S 280,188,187) (S 279,186,187) (S 278,187,184) (S 274,184,185) (S 277,185,253) (S 273,184,179) (S 265,179,180) (D 0,1,1)
 0 1 26 14659 29168  13 (D 0,1,1) (S 185,126,127) (S 186,127,98) (S 145,98,97) (S 141,97,96) (S 146,96,100) (S 191,100,131) (S 199,130,137) (S 200,137,138) (S 202,138,129) (S 187,128,127) (S 219,126,150) (D 0,1,1)
 0 1 27 14487 24539  7 (D 0,1,1) (S 1,1,5) (S 30,7,255) (S 343,255,233) (S 342,233,234) (S 344,234,232) (D 0,1,1)
 0 1 28 14694 54815  9 (D 0,1,1) (S 318,215,213) (S 306,205,204) (S 302,204,203) (S 301,203,202) (S 298,201,200) (S 297,200,199) (S 296,199,196) (D 0,1,1)
 0 1 29 14348 36068  6 (D 0,1,1) (S 210,145,143) (S 209,143,144) (S 208,143,142) (S 218,141,150) (D 0,1,1)
 0 1 30 14263 21750  13 (D 0,1,1) (S 52,25,38) (S 53,38,39) (S 55,39,41) (S 56,41,34) (S 45,34,32) (S 42,32,33) (S 41,32,31) (S 40,31,30) (S 39,31,29) (S 36,29,9) (S 5,9,8) (D 0,1,1)
 0 1 31 14449 43844  13 (D 0,1,1) (S 275,178,185) (S 276,185,186) (S 292,186,197) (S 290,195,196) (S 294,196,198) (S 293,198,197) (S 291,197,195) (S 289,195,194) (S 361,244,245) (S 367,245,248) (S 372,250,229) (D 0,1,1)
 0 1 32 14666 41039  12 (D 0,1,1) (S 144,98,99) (S 143,99,91) (S 132,91,92) (S 135,92,94) (S 136,94,68) (S 97,68,67) (S 89,64,60) (S 82,59,58) (S 73,53,54) (S 74,54,55) (D 0,1,1)
 0 1 33 13889 43313  15 (D 0,1,1) (S 338,231,230) (S 351,235,239) (S 350,238,239) (S 354,239,241) (S 355,241,242) (S 356,242,192) (S 285,192,191) (S 286,191,193) (S 349,193,238) (S 348,238,236) (S 347,236,237) (S 346,236,235) (S 337,230,229) (D 0,1,1)
 0 1 34 14082 33957  7 (D 0,1,1) (S 128,89,88) (S 127,88,86) (S 124,86,85) (S 123,85,84) (S 125,84,87) (D 0,1,1)
 0 1 35 14083 22460  12 (D 0,1,1) (S 221,150,151) (S 223,151,152) (S 228,152,155) (S 230,155,156) (S 238,156,162) (S 239,162,120) (S 252,120,170) (S 253,170,171) (S 256,171,255) (S 2,6,5) (D 0,1,1)
 0 1 36 14161 44276  12 (D 0,1,1) (S 371,250,247) (S 373,247,222) (S 331,225,224) (S 332,224,226) (S 329,224,221) (S 327,221,222) (S 330,222,225) (S 333,225,223) (S 334,223,227) (S 335,227,228) (D 0,1,1)
 0 1 37 14636 41941  13 (D 0,1,1) (S 44,11,33) (S 49,36,12) (S 11,14,15) (S 63,15,45) (S 64,45,46) (S 68,46,49) (S 65,46,47) (S 66,46,48) (S 93,4,50) (S 70,50,51) (S 71,51,52) (D 0,1,1)
 0 1 38 14678 43615  13 (D 0,1,1) (S 126,86,87) (S 148,87,101) (S 150,102,103) (S 161,111,103) (S 151,103,104) (S 153,105,106) (S 172,106,118) (S 174,118,119) (S 175,119,117) (S 179,122,123) (S 182,123,124) (D 0,1,1)
 0 1 39 14521 65050  8 (D 0,1,1) (S 316,213,206) (S 310,207,208) (S 311,208,209) (S 312,209,210) (S 313,210,211) (S 314,210,212) (D 0,1,1)
 0 1 40 14552 25725  14 (D 0,1,1) (S 57,39,42) (S 58,42,43) (S 60,43,44) (S 61,44,37) (S 51,37,13) (S 50,37,35) (S 46,34,35) (S 47,35,36) (S 48,36,33) (S 43,33,30) (S 38,30,10) (S 6,10,9) (D 0,1,1)
 0 1 41 14693 31982  10 (D 0,1,1) (S 231,156,157) (S 241,157,163) (S 250,163,168) (S 260,168,176) (S 261,176,177) (S 268,177,181) (S 270,182,174) (S 257,174,170) (D 0,1,1)
 0 1 42 12749 30970  11 (D 0,1,1) (S 198,137,136) (S 212,136,146) (S 213,146,147) (S 214,135,147) (S 215,147,148) (S 216,148,149) (S 217,148,145) (S 211,145,146) (S 205,140,141) (D 0,1,1)
