1632217
42
1802375
1175907
 0 1 1 14554 31939  8 (D 0,1,1) (S 233,154,158) (S 235,158,160) (S 236,160,159) (S 237,159,161) (S 245,161,165) (S 242,161,157) (D 0,1,1)
 0 1 2 14683 23983  10 (D 0,1,1) (S 224,125,152) (S 228,152,155) (S 229,155,121) (S 178,121,122) (S 181,122,124) (S 183,124,125) (S 220,125,150) (S 30,255,7) (D 0,1,1)
 0 1 3 13952 38236  6 (D 0,1,1) (S 176,120,119) (S 175,119,117) (S 173,117,118) (S 174,118,119) (D 0,1,1)
 0 1 4 14557 19648  16 (D 0,1,1) (S 52,25,38) (S 53,38,39) (S 55,39,41) (S 56,41,34) (S 45,34,32) (S 41,32,31) (S 39,31,29) (S 34,29,27) (S 31,27,26) (S 28,26,21) (S 20,21,19) (S 16,19,18) (S 14,18,17) (S 13,17,16) (D 0,1,1)
 0 1 5 14499 37132  15 (D 0,1,1) (S 72,53,52) (S 71,52,51) (S 70,51,50) (S 69,50,49) (S 68,49,46) (S 64,46,45) (S 63,45,15) (S 11,15,14) (S 51,13,37) (S 50,37,35) (S 46,35,34) (S 42,32,33) (S 44,33,11) (D 0,1,1)
 0 1 6 14489 40484  8 (D 0,1,1) (S 169,115,99) (S 143,99,91) (S 135,92,94) (S 137,94,95) (S 139,95,3) (S 140,3,96) (D 0,1,1)
 0 1 7 14659 43936  15 (D 0,1,1) (S 75,42,55) (S 76,55,53) (S 84,59,60) (S 85,60,51) (S 93,50,4) (S 94,4,48) (S 67,48,49) (S 65,46,47) (S 66,46,48) (S 92,4,66) (S 91,66,65) (S 81,58,56) (S 74,54,55) (D 0,1,1)
 0 1 8 14349 47541  11 (D 0,1,1) (S 266,180,177) (S 262,177,175) (S 258,175,166) (S 246,166,165) (S 244,165,164) (S 251,164,169) (S 243,164,161) (S 234,159,158) (S 225,153,151) (D 0,1,1)
 0 1 9 14698 19317  16 (D 0,1,1) (S 27,1,25) (S 26,25,24) (S 24,22,24) (S 25,24,23) (S 32,23,28) (S 33,27,28) (S 35,28,29) (S 36,29,9) (S 5,9,8) (S 29,8,26) (S 23,21,23) (S 22,23,22) (S 21,22,20) (S 12,16,5) (D 0,1,1)
 0 1 10 14308 33634  10 (D 0,1,1) (S 112,40,77) (S 111,77,76) (S 113,76,78) (S 114,78,79) (S 115,78,80) (S 105,73,74) (S 107,74,75) (S 109,75,42) (D 0,1,1)
 0 1 11 14212 41958  11 (D 0,1,1) (S 365,247,246) (S 364,246,215) (S 326,215,221) (S 327,221,222) (S 330,222,225) (S 329,221,224) (S 332,224,226) (S 331,224,225) (S 333,225,223) (D 0,1,1)
 0 1 12 14529 48616  12 (D 0,1,1) (S 367,248,245) (S 289,194,195) (S 291,195,197) (S 294,198,196) (S 296,196,199) (S 297,199,200) (S 299,200,202) (S 298,200,201) (S 316,206,213) (S 318,213,215) (D 0,1,1)
 0 1 13 14552 46957  11 (D 0,1,1) (S 104,73,72) (S 103,72,71) (S 101,71,70) (S 98,69,68) (S 138,68,95) (S 95,67,64) (S 83,59,52) (S 73,53,54) (S 77,54,44) (D 0,1,1)
 0 1 14 14676 42143  11 (D 0,1,1) (S 283,189,190) (S 288,190,194) (S 362,194,244) (S 359,244,243) (S 357,243,242) (S 355,242,241) (S 354,241,239) (S 351,239,235) (S 338,230,231) (D 0,1,1)
 0 1 15 12352 29094  15 (D 0,1,1) (S 218,150,141) (S 207,141,142) (S 206,142,140) (S 201,139,138) (S 199,137,130) (S 190,130,131) (S 191,131,100) (S 194,132,133) (S 195,133,134) (S 196,133,135) (S 213,147,146) (S 212,146,136) (S 200,137,138) (D 0,1,1)
 0 1 16 14683 49364  12 (D 0,1,1) (S 361,245,244) (S 290,195,196) (S 295,199,198) (S 293,198,197) (S 292,197,186) (S 278,187,184) (S 273,184,179) (S 265,179,180) (S 267,180,181) (S 269,181,182) (D 0,1,1)
 0 1 17 14562 27105  9 (D 0,1,1) (S 4,7,8) (S 7,10,11) (S 8,11,12) (S 10,13,14) (S 62,14,44) (S 58,43,42) (S 57,42,39) (D 0,1,1)
 0 1 18 14524 40118  9 (D 0,1,1) (S 363,246,245) (S 360,245,243) (S 358,243,241) (S 353,241,240) (S 370,249,250) (S 339,229,231) (S 340,231,232) (D 0,1,1)
 0 1 19 13801 36068  5 (D 0,1,1) (S 208,142,143) (S 209,143,144) (S 210,143,145) (D 0,1,1)
 0 1 20 14197 26946  9 (D 0,1,1) (S 18,16,20) (S 19,20,21) (S 17,19,7) (S 344,232,234) (S 342,234,233) (S 343,233,255) (S 15,6,18) (D 0,1,1)
 0 1 21 14654 43673  13 (D 0,1,1) (S 78,53,56) (S 79,56,57) (S 86,57,61) (S 80,57,58) (S 82,58,59) (S 89,60,64) (S 90,64,65) (S 96,66,67) (S 97,67,68) (S 136,68,94) (S 134,94,93) (D 0,1,1)
 0 1 22 14524 48816  13 (D 0,1,1) (S 164,113,114) (S 166,114,104) (S 152,104,105) (S 153,105,106) (S 155,108,107) (S 154,105,107) (S 158,107,109) (S 159,109,110) (S 157,109,108) (S 156,108,106) (S 172,106,118) (D 0,1,1)
 0 1 23 14521 33957  7 (D 0,1,1) (S 126,86,87) (S 125,87,84) (S 123,84,85) (S 124,85,86) (S 127,86,88) (D 0,1,1)
 0 1 24 14663 57128  9 (D 0,1,1) (S 301,202,203) (S 303,203,251) (S 304,251,252) (S 305,252,204) (S 302,204,203) (S 300,202,201) (S 307,201,206) (D 0,1,1)
 0 1 25 14279 36146  12 (D 0,1,1) (S 54,39,40) (S 110,76,75) (S 108,75,73) (S 117,72,81) (S 118,81,82) (S 120,82,83) (S 131,83,91) (S 132,91,92) (S 133,92,93) (S 142,93,97) (D 0,1,1)
 0 1 26 14699 27902  14 (D 0,1,1) (S 37,255,9) (S 6,9,10) (S 38,10,30) (S 40,31,30) (S 43,30,33) (S 48,33,36) (S 47,35,36) (S 49,36,12) (S 9,12,13) (S 61,37,44) (S 60,44,43) (S 59,43,41) (D 0,1,1)
 0 1 27 14660 44511  16 (D 0,1,1) (S 346,235,236) (S 347,236,237) (S 348,236,238) (S 350,238,239) (S 349,238,193) (S 286,191,193) (S 287,193,192) (S 356,242,192) (S 285,192,191) (S 284,191,189) (S 282,189,188) (S 281,188,174) (S 255,172,173) (S 254,172,171) (D 0,1,1)
 0 1 28 14636 23569  13 (D 0,1,1) (S 221,150,151) (S 223,151,152) (S 226,152,153) (S 227,153,154) (S 232,154,157) (S 231,157,156) (S 238,156,162) (S 239,162,120) (S 252,120,170) (S 253,170,171) (S 256,171,255) (D 0,1,1)
 0 1 29 14594 60134  9 (D 0,1,1) (S 319,215,214) (S 374,212,254) (S 322,254,218) (S 323,218,219) (S 324,219,220) (S 325,219,216) (S 320,216,214) (D 0,1,1)
 0 1 30 14557 31964  8 (D 0,1,1) (S 184,126,125) (S 180,123,116) (S 171,116,117) (S 177,117,121) (S 179,122,123) (S 182,123,124) (D 0,1,1)
 0 1 31 14658 37756  8 (D 0,1,1) (S 341,233,232) (S 373,247,222) (S 328,222,223) (S 335,227,228) (S 334,227,223) (S 336,223,229) (D 0,1,1)
 0 1 32 14416 30387  14 (D 0,1,1) (S 3,6,7) (S 222,255,150) (S 219,150,126) (S 187,127,128) (S 202,129,138) (S 198,137,136) (S 197,136,135) (S 214,135,147) (S 215,147,148) (S 216,148,149) (S 217,148,145) (S 211,145,146) (D 0,1,1)
 0 1 33 14452 66004  9 (D 0,1,1) (S 317,214,213) (S 310,207,208) (S 311,208,209) (S 312,209,210) (S 313,210,211) (S 314,210,212) (S 375,254,217) (D 0,1,1)
 0 1 34 13740 32494  11 (D 0,1,1) (S 337,229,230) (S 345,230,235) (S 352,235,240) (S 369,240,249) (S 368,249,248) (S 366,248,247) (S 371,247,250) (S 372,250,229) (S 1,5,1) (D 0,1,1)
 0 1 35 14563 35989  11 (D 0,1,1) (S 230,155,156) (S 241,157,163) (S 248,163,167) (S 249,167,168) (S 247,167,166) (S 263,166,178) (S 264,178,179) (S 272,179,183) (S 271,183,174) (D 0,1,1)
 0 1 36 13920 33078  8 (D 0,1,1) (S 186,127,98) (S 144,98,99) (S 168,99,112) (S 163,112,113) (S 167,113,115) (S 2,6,5) (D 0,1,1)
 0 1 37 14670 62129  7 (D 0,1,1) (S 321,216,217) (S 315,212,207) (S 309,207,205) (S 306,204,205) (S 308,205,206) (D 0,1,1)
 0 1 38 14670 47896  8 (D 0,1,1) (S 280,188,187) (S 279,187,186) (S 276,186,185) (S 274,184,185) (S 277,185,253) (S 275,185,178) (D 0,1,1)
 0 1 39 13944 47191  14 (D 0,1,1) (S 130,255,89) (S 129,89,90) (S 128,89,88) (S 148,87,101) (S 150,102,103) (S 161,103,111) (S 165,111,114) (S 151,104,103) (S 160,111,102) (S 149,102,101) (S 162,101,112) (S 170,115,116) (D 0,1,1)
 0 1 40 13679 31756  14 (D 0,1,1) (S 185,126,127) (S 145,98,97) (S 141,97,96) (S 146,96,100) (S 147,100,2) (S 192,100,132) (S 193,132,131) (S 189,130,129) (S 188,129,128) (S 203,128,139) (S 204,139,140) (S 205,140,141) (D 0,1,1)
 0 1 41 14400 42956  12 (D 0,1,1) (S 116,81,80) (S 122,80,84) (S 121,84,83) (S 119,82,71) (S 100,71,69) (S 99,69,70) (S 102,70,63) (S 88,63,62) (S 87,61,62) (S 106,62,74) (D 0,1,1)
 0 1 42 14493 32562  10 (D 0,1,1) (S 240,162,163) (S 250,163,168) (S 260,168,176) (S 259,175,176) (S 261,176,177) (S 268,177,181) (S 270,182,174) (S 257,174,170) (D 0,1,1)
