1621084
42
1801849
1784985
 0 1 1 14580 28582  20 (D 0,1,1) (S 12,5,16) (S 21,20,22) (S 25,24,23) (S 23,23,21) (S 17,19,7) (S 30,7,255) (S 223,151,152) (S 226,152,153) (S 234,158,159) (S 236,159,160) (S 235,160,158) (S 233,158,154) (S 227,154,153) (S 225,153,151) (S 221,151,150) (S 130,255,89) (S 129,89,90) (S 4,7,8) (D 0,1,1)
 0 1 2 14303 50814  12 (D 0,1,1) (S 71,52,51) (S 69,50,49) (S 68,49,46) (S 66,46,48) (S 92,4,66) (S 97,67,68) (S 138,68,95) (S 135,94,92) (S 132,91,92) (S 133,92,93) (D 0,1,1)
 0 1 3 14358 21103  16 (D 0,1,1) (S 13,16,17) (S 14,17,18) (S 16,18,19) (S 20,19,21) (S 31,26,27) (S 35,28,29) (S 39,29,31) (S 40,31,30) (S 41,31,32) (S 45,32,34) (S 56,34,41) (S 55,41,39) (S 53,39,38) (S 52,38,25) (D 0,1,1)
 0 1 4 14607 45119  7 (D 0,1,1) (S 237,159,161) (S 243,161,164) (S 251,164,169) (S 244,164,165) (S 231,157,156) (D 0,1,1)
 0 1 5 14670 62129  7 (D 0,1,1) (S 321,216,217) (S 315,212,207) (S 309,207,205) (S 306,204,205) (S 308,205,206) (D 0,1,1)
 0 1 6 14533 33976  9 (D 0,1,1) (S 256,255,171) (S 254,171,172) (S 255,172,173) (S 253,171,170) (S 252,170,120) (S 176,120,119) (S 175,119,117) (D 0,1,1)
 0 1 7 14594 60134  9 (D 0,1,1) (S 319,215,214) (S 374,212,254) (S 322,254,218) (S 323,218,219) (S 324,219,220) (S 325,219,216) (S 320,216,214) (D 0,1,1)
 0 1 8 14481 46565  10 (D 0,1,1) (S 281,174,188) (S 282,188,189) (S 284,189,191) (S 280,188,187) (S 274,184,185) (S 277,185,253) (S 264,178,179) (S 271,183,174) (D 0,1,1)
 0 1 9 14674 50062  13 (D 0,1,1) (S 283,189,190) (S 288,190,194) (S 289,194,195) (S 291,195,197) (S 293,197,198) (S 294,198,196) (S 297,199,200) (S 299,200,202) (S 298,200,201) (S 316,206,213) (S 318,213,215) (D 0,1,1)
 0 1 10 14452 66004  9 (D 0,1,1) (S 317,214,213) (S 310,207,208) (S 311,208,209) (S 312,209,210) (S 313,210,211) (S 314,210,212) (S 375,254,217) (D 0,1,1)
 0 1 11 14677 25668  13 (D 0,1,1) (S 57,39,42) (S 58,42,43) (S 60,43,44) (S 61,44,37) (S 50,37,35) (S 47,35,36) (S 46,35,34) (S 42,32,33) (S 43,33,30) (S 38,30,10) (S 37,9,255) (D 0,1,1)
 0 1 12 14576 39764  11 (D 0,1,1) (S 144,98,99) (S 168,99,112) (S 162,112,101) (S 150,102,103) (S 161,103,111) (S 160,111,102) (S 149,102,101) (S 148,101,87) (S 126,87,86) (D 0,1,1)
 0 1 13 14572 36068  7 (D 0,1,1) (S 218,150,141) (S 200,138,137) (S 210,145,143) (S 209,143,144) (S 208,143,142) (D 0,1,1)
 0 1 14 14536 16786  15 (D 0,1,1) (S 27,1,25) (S 26,25,24) (S 24,24,22) (S 22,22,23) (S 32,23,28) (S 33,28,27) (S 34,27,29) (S 36,29,9) (S 5,9,8) (S 29,8,26) (S 28,26,21) (S 19,21,20) (S 18,20,16) (D 0,1,1)
 0 1 15 14666 28426  12 (D 0,1,1) (S 59,41,43) (S 62,44,14) (S 10,14,13) (S 51,37,13) (S 9,13,12) (S 49,12,36) (S 48,36,33) (S 44,33,11) (S 7,11,10) (S 6,10,9) (D 0,1,1)
 0 1 16 14582 40562  13 (D 0,1,1) (S 81,56,58) (S 85,60,51) (S 70,51,50) (S 93,50,4) (S 94,4,48) (S 67,48,49) (S 65,46,47) (S 64,46,45) (S 63,45,15) (S 11,15,14) (S 8,12,11) (D 0,1,1)
 0 1 17 14082 33957  7 (D 0,1,1) (S 128,89,88) (S 127,88,86) (S 124,86,85) (S 123,85,84) (S 125,84,87) (D 0,1,1)
 0 1 18 13816 29585  15 (D 0,1,1) (S 2,5,6) (S 205,141,140) (S 201,139,138) (S 197,136,135) (S 196,135,133) (S 195,133,134) (S 194,133,132) (S 192,132,100) (S 147,100,2) (S 191,100,131) (S 190,131,130) (S 199,130,137) (S 204,139,140) (D 0,1,1)
 0 1 19 14555 40415  9 (D 0,1,1) (S 263,166,178) (S 275,178,185) (S 276,185,186) (S 279,186,187) (S 278,187,184) (S 273,184,179) (S 272,179,183) (D 0,1,1)
 0 1 20 13751 31265  10 (D 0,1,1) (S 232,154,157) (S 242,157,161) (S 245,161,165) (S 246,165,166) (S 258,166,175) (S 247,166,167) (S 248,167,163) (S 241,163,157) (D 0,1,1)
 0 1 21 14696 43040  14 (D 0,1,1) (S 105,74,73) (S 118,81,82) (S 121,83,84) (S 122,84,80) (S 116,80,81) (S 117,81,72) (S 103,72,71) (S 119,71,82) (S 120,82,83) (S 131,83,91) (S 143,91,99) (S 169,99,115) (D 0,1,1)
 0 1 22 14618 24909  11 (D 0,1,1) (S 183,125,124) (S 182,124,123) (S 179,123,122) (S 178,122,121) (S 229,121,155) (S 228,155,152) (S 224,152,125) (S 184,125,126) (S 219,126,150) (D 0,1,1)
 0 1 23 14630 32600  15 (D 0,1,1) (S 211,146,145) (S 217,145,148) (S 216,148,149) (S 215,148,147) (S 214,135,147) (S 213,147,146) (S 212,146,136) (S 198,136,137) (S 202,138,129) (S 188,129,128) (S 203,128,139) (S 206,140,142) (S 207,142,141) (D 0,1,1)
 0 1 24 13927 34061  11 (D 0,1,1) (S 230,155,156) (S 238,156,162) (S 240,162,163) (S 249,167,168) (S 259,176,175) (S 262,175,177) (S 268,177,181) (S 269,181,182) (S 270,182,174) (D 0,1,1)
 0 1 25 14427 29052  12 (D 0,1,1) (S 3,6,7) (S 222,255,150) (S 186,127,98) (S 145,98,97) (S 141,97,96) (S 146,96,100) (S 193,132,131) (S 189,130,129) (S 187,128,127) (S 185,127,126) (D 0,1,1)
 0 1 26 14403 43597  10 (D 0,1,1) (S 167,115,113) (S 163,112,113) (S 166,114,104) (S 152,104,105) (S 153,105,106) (S 172,106,118) (S 174,118,119) (S 15,6,18) (D 0,1,1)
 0 1 27 14435 39629  13 (D 0,1,1) (S 74,55,54) (S 73,54,53) (S 72,53,52) (S 83,52,59) (S 84,59,60) (S 95,64,67) (S 96,67,66) (S 91,66,65) (S 90,65,64) (S 89,64,60) (S 82,59,58) (D 0,1,1)
 0 1 28 14539 33102  8 (D 0,1,1) (S 113,76,78) (S 114,78,79) (S 115,78,80) (S 104,72,73) (S 108,73,75) (S 109,75,42) (D 0,1,1)
 0 1 29 14595 46420  9 (D 0,1,1) (S 368,249,248) (S 367,248,245) (S 362,244,194) (S 290,195,196) (S 296,196,199) (S 295,199,198) (S 292,197,186) (D 0,1,1)
 0 1 30 14425 39182  6 (D 0,1,1) (S 142,97,93) (S 137,94,95) (S 139,95,3) (S 140,3,96) (D 0,1,1)
 0 1 31 14475 30396  9 (D 0,1,1) (S 341,233,232) (S 336,229,223) (S 333,223,225) (S 330,225,222) (S 373,222,247) (S 371,247,250) (S 340,231,232) (D 0,1,1)
 0 1 32 14647 42433  10 (D 0,1,1) (S 366,247,248) (S 360,245,243) (S 359,243,244) (S 361,244,245) (S 363,245,246) (S 365,246,247) (S 337,229,230) (S 338,230,231) (D 0,1,1)
 0 1 33 14542 43057  15 (D 0,1,1) (S 354,239,241) (S 358,241,243) (S 357,243,242) (S 356,242,192) (S 285,192,191) (S 286,191,193) (S 349,238,193) (S 287,193,192) (S 355,242,241) (S 353,241,240) (S 369,240,249) (S 372,250,229) (S 339,229,231) (D 0,1,1)
 0 1 34 14663 57128  9 (D 0,1,1) (S 303,203,251) (S 304,251,252) (S 305,252,204) (S 302,204,203) (S 301,203,202) (S 300,202,201) (S 307,201,206) (D 0,1,1)
 0 1 35 14653 34227  11 (D 0,1,1) (S 1,1,5) (S 239,120,162) (S 250,163,168) (S 260,168,176) (S 261,176,177) (S 266,177,180) (S 267,180,181) (S 265,180,179) (S 257,174,170) (D 0,1,1)
 0 1 36 14370 37841  10 (D 0,1,1) (S 345,230,235) (S 346,235,236) (S 347,236,237) (S 348,236,238) (S 350,238,239) (S 351,239,235) (S 352,235,240) (S 370,249,250) (D 0,1,1)
 0 1 37 11636 24539  5 (D 0,1,1) (S 343,255,233) (S 344,232,234) (S 342,234,233) (D 0,1,1)
 0 1 38 14473 31038  7 (D 0,1,1) (S 220,150,125) (S 181,124,122) (S 177,121,117) (S 171,117,116) (S 180,116,123) (D 0,1,1)
 0 1 39 13876 41065  13 (D 0,1,1) (S 77,44,54) (S 79,56,57) (S 86,57,61) (S 88,62,63) (S 102,63,70) (S 100,69,71) (S 101,71,70) (S 99,70,69) (S 98,69,68) (S 136,68,94) (S 134,94,93) (D 0,1,1)
 0 1 40 14559 49318  11 (D 0,1,1) (S 335,227,228) (S 334,227,223) (S 328,223,222) (S 327,221,222) (S 331,225,224) (S 332,224,226) (S 329,224,221) (S 326,221,215) (S 364,215,246) (D 0,1,1)
 0 1 41 14661 48065  13 (D 0,1,1) (S 173,117,118) (S 156,106,108) (S 157,108,109) (S 159,109,110) (S 158,109,107) (S 155,107,108) (S 154,107,105) (S 151,104,103) (S 165,111,114) (S 164,114,113) (S 170,115,116) (D 0,1,1)
 0 1 42 13913 29401  13 (D 0,1,1) (S 75,42,55) (S 76,55,53) (S 78,53,56) (S 80,58,57) (S 87,61,62) (S 106,62,74) (S 107,74,75) (S 110,75,76) (S 111,76,77) (S 112,77,40) (S 54,40,39) (D 0,1,1)
