1613890
42
1801801
1773230
 0 1 1 12823 14201  16 (D 0,1,1) (S 27,1,25) (S 26,25,24) (S 24,22,24) (S 25,24,23) (S 23,23,21) (S 20,19,21) (S 28,21,26) (S 29,26,8) (S 4,8,7) (S 17,7,19) (S 16,19,18) (S 14,18,17) (S 13,17,16) (S 1,5,1) (D 0,1,1)
 0 1 2 14581 36068  7 (D 0,1,1) (S 2,5,6) (S 208,142,143) (S 209,143,144) (S 210,143,145) (S 200,137,138) (D 0,1,1)
 0 1 3 14489 32218  15 (D 0,1,1) (S 198,137,136) (S 213,146,147) (S 196,135,133) (S 195,133,134) (S 194,133,132) (S 192,132,100) (S 147,100,2) (S 191,100,131) (S 190,131,130) (S 199,130,137) (S 201,138,139) (S 206,140,142) (S 207,142,141) (D 0,1,1)
 0 1 4 13948 29967  15 (D 0,1,1) (S 218,150,141) (S 204,140,139) (S 212,136,146) (S 211,146,145) (S 217,145,148) (S 216,148,149) (S 215,148,147) (S 214,147,135) (S 197,135,136) (S 202,138,129) (S 188,129,128) (S 203,128,139) (S 205,140,141) (D 0,1,1)
 0 1 5 13931 23231  10 (D 0,1,1) (S 221,150,151) (S 223,151,152) (S 228,152,155) (S 229,155,121) (S 178,121,122) (S 181,122,124) (S 183,124,125) (S 30,255,7) (D 0,1,1)
 0 1 6 13843 25295  18 (D 0,1,1) (S 3,6,7) (S 227,153,154) (S 235,158,160) (S 236,160,159) (S 234,159,158) (S 233,158,154) (S 226,153,152) (S 224,152,125) (S 220,125,150) (S 37,255,9) (S 36,9,29) (S 34,29,27) (S 33,27,28) (S 32,28,23) (S 22,23,22) (S 21,22,20) (D 0,1,1)
 0 1 7 12455 25341  7 (D 0,1,1) (S 12,5,16) (S 15,18,6) (S 344,232,234) (S 342,234,233) (S 343,233,255) (D 0,1,1)
 0 1 8 14378 36840  13 (D 0,1,1) (S 341,233,232) (S 337,229,230) (S 354,239,241) (S 355,241,242) (S 287,192,193) (S 349,238,193) (S 286,193,191) (S 284,191,189) (S 282,189,188) (S 281,188,174) (S 253,170,171) (D 0,1,1)
 0 1 9 14448 29052  12 (D 0,1,1) (S 185,126,127) (S 187,127,128) (S 189,129,130) (S 193,131,132) (S 146,100,96) (S 141,96,97) (S 145,97,98) (S 186,98,127) (S 219,126,150) (S 222,150,255) (D 0,1,1)
 0 1 10 14675 46701  13 (D 0,1,1) (S 184,126,125) (S 173,117,118) (S 156,106,108) (S 155,108,107) (S 158,107,109) (S 159,109,110) (S 157,109,108) (S 154,107,105) (S 166,104,114) (S 167,113,115) (S 170,115,116) (D 0,1,1)
 0 1 11 14067 31513  7 (D 0,1,1) (S 180,123,116) (S 171,116,117) (S 177,117,121) (S 179,122,123) (S 182,123,124) (D 0,1,1)
 0 1 12 14347 41909  9 (D 0,1,1) (S 339,231,229) (S 366,247,248) (S 367,248,245) (S 361,245,244) (S 359,244,243) (S 360,243,245) (S 363,245,246) (D 0,1,1)
 0 1 13 14594 60134  9 (D 0,1,1) (S 319,215,214) (S 320,214,216) (S 325,216,219) (S 324,219,220) (S 323,219,218) (S 322,218,254) (S 374,212,254) (D 0,1,1)
 0 1 14 14687 56269  8 (D 0,1,1) (S 308,206,205) (S 306,205,204) (S 305,204,252) (S 304,252,251) (S 303,251,203) (S 307,201,206) (D 0,1,1)
 0 1 15 14564 52317  14 (D 0,1,1) (S 293,197,198) (S 295,198,199) (S 297,199,200) (S 299,200,202) (S 300,202,201) (S 298,201,200) (S 296,199,196) (S 294,196,198) (S 290,196,195) (S 362,194,244) (S 368,248,249) (S 372,250,229) (D 0,1,1)
 0 1 16 14696 37841  11 (D 0,1,1) (S 370,250,249) (S 352,240,235) (S 351,235,239) (S 350,239,238) (S 348,238,236) (S 347,236,237) (S 346,236,235) (S 345,235,230) (S 338,230,231) (D 0,1,1)
 0 1 17 14542 41376  10 (D 0,1,1) (S 371,250,247) (S 365,247,246) (S 364,246,215) (S 317,214,213) (S 318,213,215) (S 326,215,221) (S 330,222,225) (S 328,222,223) (D 0,1,1)
 0 1 18 14478 42414  11 (D 0,1,1) (S 373,247,222) (S 327,222,221) (S 329,221,224) (S 332,224,226) (S 331,224,225) (S 333,225,223) (S 335,227,228) (S 334,227,223) (S 336,223,229) (D 0,1,1)
 0 1 19 14625 62988  8 (D 0,1,1) (S 321,216,217) (S 375,217,254) (S 315,212,207) (S 309,207,205) (S 302,204,203) (S 301,203,202) (D 0,1,1)
 0 1 20 14393 20755  15 (D 0,1,1) (S 18,16,20) (S 19,20,21) (S 31,26,27) (S 35,28,29) (S 39,29,31) (S 40,31,30) (S 43,30,33) (S 42,33,32) (S 45,32,34) (S 56,34,41) (S 55,41,39) (S 53,39,38) (S 52,38,25) (D 0,1,1)
 0 1 21 14633 27633  11 (D 0,1,1) (S 57,39,42) (S 62,44,14) (S 10,14,13) (S 9,13,12) (S 49,12,36) (S 46,35,34) (S 41,32,31) (S 38,30,10) (S 6,10,9) (D 0,1,1)
 0 1 22 14513 35983  10 (D 0,1,1) (S 257,170,174) (S 285,191,192) (S 356,192,242) (S 357,242,243) (S 358,243,241) (S 353,241,240) (S 369,240,249) (S 340,231,232) (D 0,1,1)
 0 1 23 14431 29476  9 (D 0,1,1) (S 230,155,156) (S 238,156,162) (S 240,162,163) (S 241,163,157) (S 231,156,157) (S 232,157,154) (S 225,153,151) (D 0,1,1)
 0 1 24 14503 43940  7 (D 0,1,1) (S 237,159,161) (S 243,161,164) (S 251,164,169) (S 244,164,165) (S 247,166,167) (D 0,1,1)
 0 1 25 14643 37810  11 (D 0,1,1) (S 242,157,161) (S 245,161,165) (S 246,165,166) (S 262,175,177) (S 268,177,181) (S 267,181,180) (S 266,180,177) (S 261,177,176) (S 250,168,163) (D 0,1,1)
 0 1 26 14649 37532  9 (D 0,1,1) (S 176,119,120) (S 252,120,170) (S 255,172,173) (S 254,172,171) (S 256,171,255) (S 130,255,89) (S 129,89,90) (D 0,1,1)
 0 1 27 14649 27443  10 (D 0,1,1) (S 59,41,43) (S 61,44,37) (S 50,37,35) (S 47,35,36) (S 48,36,33) (S 44,33,11) (S 7,11,10) (S 5,9,8) (D 0,1,1)
 0 1 28 14623 41658  10 (D 0,1,1) (S 144,98,99) (S 168,99,112) (S 163,112,113) (S 162,112,101) (S 160,102,111) (S 161,111,103) (S 165,111,114) (S 164,114,113) (D 0,1,1)
 0 1 29 14587 38831  9 (D 0,1,1) (S 131,91,83) (S 121,83,84) (S 122,84,80) (S 116,80,81) (S 115,80,78) (S 114,78,79) (S 113,78,76) (D 0,1,1)
 0 1 30 14634 30166  15 (D 0,1,1) (S 54,39,40) (S 112,40,77) (S 111,77,76) (S 110,76,75) (S 107,75,74) (S 106,74,62) (S 80,57,58) (S 81,58,56) (S 78,56,53) (S 73,53,54) (S 77,54,44) (S 60,44,43) (S 58,43,42) (D 0,1,1)
 0 1 31 14682 37304  13 (D 0,1,1) (S 75,42,55) (S 72,53,52) (S 83,52,59) (S 85,60,51) (S 70,51,50) (S 69,50,49) (S 64,46,45) (S 63,45,15) (S 11,15,14) (S 51,37,13) (S 8,12,11) (D 0,1,1)
 0 1 32 14563 39393  14 (D 0,1,1) (S 109,42,75) (S 108,75,73) (S 104,73,72) (S 103,72,71) (S 100,71,69) (S 99,69,70) (S 101,70,71) (S 119,71,82) (S 120,82,83) (S 118,82,81) (S 117,81,72) (S 105,73,74) (D 0,1,1)
 0 1 33 14432 48217  14 (D 0,1,1) (S 82,58,59) (S 84,59,60) (S 95,64,67) (S 92,66,4) (S 94,4,48) (S 67,48,49) (S 68,49,46) (S 65,46,47) (S 66,46,48) (S 93,4,50) (S 71,51,52) (S 74,54,55) (D 0,1,1)
 0 1 34 14546 40484  8 (D 0,1,1) (S 169,115,99) (S 143,99,91) (S 132,91,92) (S 137,94,95) (S 139,95,3) (S 140,3,96) (D 0,1,1)
 0 1 35 14306 44289  9 (D 0,1,1) (S 134,93,94) (S 138,95,68) (S 97,68,67) (S 96,67,66) (S 91,66,65) (S 90,65,64) (S 89,64,60) (D 0,1,1)
 0 1 36 14516 38399  13 (D 0,1,1) (S 142,97,93) (S 133,93,92) (S 135,92,94) (S 136,94,68) (S 98,68,69) (S 102,70,63) (S 88,63,62) (S 87,62,61) (S 86,61,57) (S 79,57,56) (S 76,53,55) (D 0,1,1)
 0 1 37 14521 33957  7 (D 0,1,1) (S 126,86,87) (S 125,87,84) (S 123,84,85) (S 124,85,86) (S 127,86,88) (D 0,1,1)
 0 1 38 14337 44931  13 (D 0,1,1) (S 271,174,183) (S 272,183,179) (S 274,184,185) (S 277,185,253) (S 263,178,166) (S 258,166,175) (S 259,175,176) (S 260,176,168) (S 249,168,167) (S 248,167,163) (S 239,162,120) (D 0,1,1)
 0 1 39 14655 42716  12 (D 0,1,1) (S 175,117,119) (S 174,119,118) (S 172,118,106) (S 153,106,105) (S 152,105,104) (S 151,104,103) (S 150,103,102) (S 149,102,101) (S 148,101,87) (S 128,88,89) (D 0,1,1)
 0 1 40 14585 40998  10 (D 0,1,1) (S 270,174,182) (S 269,182,181) (S 265,180,179) (S 264,179,178) (S 275,178,185) (S 276,185,186) (S 278,187,184) (S 273,184,179) (D 0,1,1)
 0 1 41 14135 41250  9 (D 0,1,1) (S 283,189,190) (S 288,190,194) (S 289,194,195) (S 291,195,197) (S 292,197,186) (S 279,186,187) (S 280,187,188) (D 0,1,1)
 0 1 42 14521 65050  8 (D 0,1,1) (S 314,212,210) (S 313,210,211) (S 312,210,209) (S 311,209,208) (S 310,208,207) (S 316,206,213) (D 0,1,1)
