1626187
42
1553877
726234
 0 1 1 14388 16776  18 (D 0,1,1) (S 12,5,16) (S 18,16,20) (S 21,20,22) (S 22,22,23) (S 23,23,21) (S 20,21,19) (S 17,19,7) (S 4,7,8) (S 29,8,26) (S 31,26,27) (S 33,27,28) (S 32,28,23) (S 25,23,24) (S 24,22,24) (S 26,24,25) (S 27,25,1) (D 0,1,1)
 0 1 2 14614 29283  15 (D 0,1,1) (S 52,25,38) (S 60,43,44) (S 62,44,14) (S 10,14,13) (S 9,13,12) (S 8,12,11) (S 44,11,33) (S 43,33,30) (S 40,30,31) (S 35,28,29) (S 34,29,27) (S 28,26,21) (S 19,21,20) (D 0,1,1)
 0 1 3 14554 38400  11 (D 0,1,1) (S 328,223,222) (S 327,221,222) (S 330,222,225) (S 333,225,223) (S 334,223,227) (S 335,227,228) (S 336,223,229) (S 339,229,231) (S 341,232,233) (D 0,1,1)
 0 1 4 13062 25206  12 (D 0,1,1) (S 220,150,125) (S 224,125,152) (S 229,155,121) (S 178,121,122) (S 181,122,124) (S 183,124,125) (S 184,125,126) (S 16,19,18) (S 14,18,17) (S 13,17,16) (D 0,1,1)
 0 1 5 14611 20144  11 (D 0,1,1) (S 1,1,5) (S 5,8,9) (S 36,9,29) (S 39,29,31) (S 41,31,32) (S 45,32,34) (S 56,34,41) (S 55,41,39) (S 53,39,38) (D 0,1,1)
 0 1 6 14685 26563  13 (D 0,1,1) (S 15,18,6) (S 37,255,9) (S 6,9,10) (S 7,10,11) (S 42,33,32) (S 46,34,35) (S 47,35,36) (S 50,35,37) (S 61,37,44) (S 58,43,42) (S 57,42,39) (D 0,1,1)
 0 1 7 13448 24539  7 (D 0,1,1) (S 30,7,255) (S 343,255,233) (S 344,232,234) (S 342,234,233) (S 3,7,6) (D 0,1,1)
 0 1 8 13935 32456  14 (D 0,1,1) (S 204,140,139) (S 212,136,146) (S 211,146,145) (S 217,145,148) (S 216,148,149) (S 215,148,147) (S 214,135,147) (S 213,147,146) (S 198,136,137) (S 200,137,138) (S 202,138,129) (S 187,128,127) (D 0,1,1)
 0 1 9 14600 28053  12 (D 0,1,1) (S 205,141,140) (S 199,137,130) (S 193,131,132) (S 146,100,96) (S 141,96,97) (S 145,97,98) (S 186,98,127) (S 185,127,126) (S 219,126,150) (S 2,6,5) (D 0,1,1)
 0 1 10 14513 41056  18 (D 0,1,1) (S 74,55,54) (S 73,54,53) (S 84,59,60) (S 85,60,51) (S 69,50,49) (S 65,46,47) (S 66,46,48) (S 67,48,49) (S 68,49,46) (S 64,46,45) (S 63,45,15) (S 11,15,14) (S 51,37,13) (S 49,12,36) (S 48,36,33) (S 38,30,10) (D 0,1,1)
 0 1 11 14410 40554  10 (D 0,1,1) (S 223,151,152) (S 231,156,157) (S 248,163,167) (S 263,166,178) (S 275,178,185) (S 274,185,184) (S 278,184,187) (S 280,187,188) (D 0,1,1)
 0 1 12 14589 34752  6 (D 0,1,1) (S 127,88,86) (S 126,86,87) (S 162,101,112) (S 167,113,115) (D 0,1,1)
 0 1 13 14194 38511  11 (D 0,1,1) (S 149,101,102) (S 160,102,111) (S 161,111,103) (S 165,111,114) (S 164,114,113) (S 163,113,112) (S 168,112,99) (S 169,99,115) (S 180,116,123) (D 0,1,1)
 0 1 14 13801 36068  5 (D 0,1,1) (S 208,142,143) (S 209,143,144) (S 210,143,145) (D 0,1,1)
 0 1 15 14676 31746  13 (D 0,1,1) (S 270,174,182) (S 269,182,181) (S 266,180,177) (S 262,177,175) (S 259,175,176) (S 260,176,168) (S 250,168,163) (S 241,163,157) (S 232,157,154) (S 227,154,153) (S 225,153,151) (D 0,1,1)
 0 1 16 14340 46928  11 (D 0,1,1) (S 240,162,163) (S 247,167,166) (S 258,166,175) (S 246,166,165) (S 244,165,164) (S 251,164,169) (S 243,164,161) (S 245,161,165) (S 234,159,158) (D 0,1,1)
 0 1 17 14623 30924  8 (D 0,1,1) (S 226,152,153) (S 242,157,161) (S 237,161,159) (S 236,159,160) (S 235,160,158) (S 233,158,154) (D 0,1,1)
 0 1 18 14630 51026  8 (D 0,1,1) (S 264,179,178) (S 277,185,253) (S 276,185,186) (S 291,197,195) (S 288,194,190) (S 283,190,189) (D 0,1,1)
 0 1 19 14653 30728  17 (D 0,1,1) (S 203,139,128) (S 188,128,129) (S 189,129,130) (S 190,130,131) (S 191,131,100) (S 147,100,2) (S 192,100,132) (S 194,132,133) (S 195,133,134) (S 196,133,135) (S 197,135,136) (S 201,138,139) (S 206,140,142) (S 207,142,141) (S 218,141,150) (D 0,1,1)
 0 1 20 14693 36697  11 (D 0,1,1) (S 112,40,77) (S 113,76,78) (S 114,78,79) (S 115,78,80) (S 122,80,84) (S 125,84,87) (S 128,88,89) (S 129,89,90) (S 130,89,255) (D 0,1,1)
 0 1 21 14657 31677  10 (D 0,1,1) (S 54,39,40) (S 111,77,76) (S 110,76,75) (S 107,75,74) (S 106,74,62) (S 79,57,56) (S 77,54,44) (S 59,43,41) (D 0,1,1)
 0 1 22 14686 40579  13 (D 0,1,1) (S 109,42,75) (S 108,75,73) (S 103,72,71) (S 101,71,70) (S 99,70,69) (S 100,69,71) (S 119,71,82) (S 120,82,83) (S 121,83,84) (S 123,84,85) (S 124,85,86) (D 0,1,1)
 0 1 23 13842 37464  10 (D 0,1,1) (S 105,74,73) (S 104,73,72) (S 117,72,81) (S 116,80,81) (S 118,81,82) (S 131,83,91) (S 143,91,99) (S 144,99,98) (D 0,1,1)
 0 1 24 14591 43191  10 (D 0,1,1) (S 182,124,123) (S 179,123,122) (S 177,121,117) (S 174,119,118) (S 153,106,105) (S 151,104,103) (S 150,103,102) (S 148,101,87) (D 0,1,1)
 0 1 25 14584 25092  13 (D 0,1,1) (S 222,255,150) (S 221,150,151) (S 228,152,155) (S 230,155,156) (S 238,156,162) (S 239,162,120) (S 252,120,170) (S 253,170,171) (S 255,172,173) (S 254,172,171) (S 256,171,255) (D 0,1,1)
 0 1 26 13668 40829  8 (D 0,1,1) (S 142,97,93) (S 133,93,92) (S 132,91,92) (S 135,92,94) (S 139,95,3) (S 140,3,96) (D 0,1,1)
 0 1 27 14636 46978  8 (D 0,1,1) (S 134,93,94) (S 136,94,68) (S 97,68,67) (S 96,66,67) (S 95,67,64) (S 82,59,58) (D 0,1,1)
 0 1 28 14696 40018  13 (D 0,1,1) (S 76,55,53) (S 72,53,52) (S 83,52,59) (S 89,60,64) (S 90,64,65) (S 91,65,66) (S 92,66,4) (S 94,4,48) (S 93,4,50) (S 70,50,51) (S 71,51,52) (D 0,1,1)
 0 1 29 14148 39848  13 (D 0,1,1) (S 137,94,95) (S 138,95,68) (S 98,68,69) (S 102,70,63) (S 88,63,62) (S 87,62,61) (S 86,61,57) (S 80,57,58) (S 81,58,56) (S 78,56,53) (S 75,55,42) (D 0,1,1)
 0 1 30 14452 46250  13 (D 0,1,1) (S 170,116,115) (S 166,114,104) (S 152,104,105) (S 154,105,107) (S 158,107,109) (S 159,109,110) (S 157,109,108) (S 155,107,108) (S 156,108,106) (S 172,106,118) (S 173,118,117) (D 0,1,1)
 0 1 31 12747 34584  5 (D 0,1,1) (S 171,116,117) (S 175,117,119) (S 176,119,120) (D 0,1,1)
 0 1 32 14696 37841  11 (D 0,1,1) (S 338,231,230) (S 345,230,235) (S 346,235,236) (S 347,236,237) (S 348,236,238) (S 350,238,239) (S 351,239,235) (S 352,235,240) (S 370,249,250) (D 0,1,1)
 0 1 33 14607 42222  13 (D 0,1,1) (S 368,249,248) (S 367,248,245) (S 359,244,243) (S 358,243,241) (S 354,241,239) (S 349,238,193) (S 287,193,192) (S 356,192,242) (S 355,242,241) (S 353,241,240) (S 369,240,249) (D 0,1,1)
 0 1 34 14700 41314  10 (D 0,1,1) (S 371,250,247) (S 364,246,215) (S 326,215,221) (S 329,221,224) (S 332,224,226) (S 331,224,225) (S 373,222,247) (S 340,231,232) (D 0,1,1)
 0 1 35 14526 48092  11 (D 0,1,1) (S 372,229,250) (S 365,247,246) (S 318,215,213) (S 316,213,206) (S 298,201,200) (S 299,200,202) (S 297,200,199) (S 296,199,196) (S 290,196,195) (D 0,1,1)
 0 1 36 14649 42417  10 (D 0,1,1) (S 363,246,245) (S 360,245,243) (S 357,243,242) (S 285,192,191) (S 286,191,193) (S 284,191,189) (S 282,189,188) (S 281,188,174) (D 0,1,1)
 0 1 37 14249 33602  10 (D 0,1,1) (S 257,170,174) (S 271,174,183) (S 272,183,179) (S 265,179,180) (S 267,180,181) (S 268,181,177) (S 261,177,176) (S 249,168,167) (D 0,1,1)
 0 1 38 14696 48384  13 (D 0,1,1) (S 273,179,184) (S 279,187,186) (S 292,186,197) (S 293,197,198) (S 295,198,199) (S 294,198,196) (S 289,195,194) (S 362,194,244) (S 361,244,245) (S 366,248,247) (S 337,229,230) (D 0,1,1)
 0 1 39 14646 62988  8 (D 0,1,1) (S 300,201,202) (S 301,202,203) (S 302,203,204) (S 309,205,207) (S 315,207,212) (S 321,217,216) (D 0,1,1)
 0 1 40 14594 60134  9 (D 0,1,1) (S 320,214,216) (S 325,216,219) (S 324,219,220) (S 323,219,218) (S 322,218,254) (S 374,212,254) (S 319,214,215) (D 0,1,1)
 0 1 41 14452 66004  9 (D 0,1,1) (S 317,214,213) (S 310,207,208) (S 311,208,209) (S 312,209,210) (S 313,210,211) (S 314,210,212) (S 375,254,217) (D 0,1,1)
 0 1 42 14687 56269  8 (D 0,1,1) (S 308,206,205) (S 306,205,204) (S 305,204,252) (S 304,252,251) (S 303,251,203) (S 307,201,206) (D 0,1,1)
