1624767
42
1801914
1594968
 0 1 1 14478 39514  12 (D 0,1,1) (S 2,5,6) (S 30,7,255) (S 339,231,229) (S 336,229,223) (S 328,223,222) (S 327,222,221) (S 326,221,215) (S 318,215,213) (S 317,213,214) (S 364,215,246) (D 0,1,1)
 0 1 2 14280 38958  11 (D 0,1,1) (S 113,76,78) (S 114,78,79) (S 115,78,80) (S 118,81,82) (S 121,83,84) (S 122,84,80) (S 116,80,81) (S 117,81,72) (S 105,73,74) (D 0,1,1)
 0 1 3 14607 36493  12 (D 0,1,1) (S 109,42,75) (S 108,75,73) (S 104,73,72) (S 103,72,71) (S 100,71,69) (S 99,69,70) (S 102,70,63) (S 88,63,62) (S 86,61,57) (S 79,57,56) (D 0,1,1)
 0 1 4 14541 46123  12 (D 0,1,1) (S 76,55,53) (S 82,58,59) (S 84,59,60) (S 85,60,51) (S 70,51,50) (S 69,50,49) (S 67,49,48) (S 92,4,66) (S 97,67,68) (S 136,68,94) (D 0,1,1)
 0 1 5 14134 33078  7 (D 0,1,1) (S 144,98,99) (S 168,99,112) (S 167,113,115) (S 170,115,116) (S 180,116,123) (D 0,1,1)
 0 1 6 14442 38405  8 (D 0,1,1) (S 171,116,117) (S 174,119,118) (S 173,118,117) (S 179,122,123) (S 182,123,124) (S 1,5,1) (D 0,1,1)
 0 1 7 14591 26916  9 (D 0,1,1) (S 18,16,20) (S 19,20,21) (S 20,21,19) (S 344,232,234) (S 342,234,233) (S 17,7,19) (S 16,19,18) (D 0,1,1)
 0 1 8 14535 33079  14 (D 0,1,1) (S 3,6,7) (S 343,255,233) (S 340,232,231) (S 338,231,230) (S 345,230,235) (S 351,235,239) (S 350,239,238) (S 349,238,193) (S 286,193,191) (S 284,191,189) (S 282,189,188) (S 281,188,174) (D 0,1,1)
 0 1 9 14667 44898  8 (D 0,1,1) (S 280,188,187) (S 276,186,185) (S 277,185,253) (S 275,185,178) (S 264,178,179) (S 271,183,174) (D 0,1,1)
 0 1 10 14577 33601  10 (D 0,1,1) (S 272,183,179) (S 265,179,180) (S 266,180,177) (S 268,177,181) (S 267,180,181) (S 269,181,182) (S 270,182,174) (S 257,174,170) (D 0,1,1)
 0 1 11 14362 31344  6 (D 0,1,1) (S 252,170,120) (S 176,120,119) (S 175,119,117) (S 177,117,121) (D 0,1,1)
 0 1 12 13457 23231  9 (D 0,1,1) (S 220,150,125) (S 183,125,124) (S 181,124,122) (S 178,122,121) (S 229,121,155) (S 228,155,152) (S 223,152,151) (D 0,1,1)
 0 1 13 14351 35736  13 (D 0,1,1) (S 226,152,153) (S 241,157,163) (S 249,167,168) (S 260,168,176) (S 261,176,177) (S 262,177,175) (S 258,166,175) (S 259,175,176) (S 250,168,163) (S 240,163,162) (S 238,162,156) (D 0,1,1)
 0 1 14 14514 44323  9 (D 0,1,1) (S 239,120,162) (S 248,163,167) (S 247,167,166) (S 244,165,164) (S 251,164,169) (S 243,164,161) (S 242,161,157) (D 0,1,1)
 0 1 15 14673 29399  13 (D 0,1,1) (S 184,126,125) (S 224,125,152) (S 230,155,156) (S 231,156,157) (S 232,157,154) (S 233,154,158) (S 235,158,160) (S 236,160,159) (S 227,154,153) (S 225,153,151) (S 221,151,150) (D 0,1,1)
 0 1 16 14068 40829  9 (D 0,1,1) (S 142,97,93) (S 133,93,92) (S 132,91,92) (S 135,92,94) (S 139,95,3) (S 140,3,96) (S 145,97,98) (D 0,1,1)
 0 1 17 14035 29168  11 (D 0,1,1) (S 185,126,127) (S 187,127,128) (S 202,129,138) (S 199,137,130) (S 191,131,100) (S 146,100,96) (S 141,96,97) (S 186,98,127) (S 219,126,150) (D 0,1,1)
 0 1 18 14189 32604  15 (D 0,1,1) (S 204,140,139) (S 203,139,128) (S 188,128,129) (S 189,129,130) (S 190,130,131) (S 193,131,132) (S 192,132,100) (S 147,100,2) (S 194,132,133) (S 195,133,134) (S 196,133,135) (S 214,135,147) (S 213,147,146) (D 0,1,1)
 0 1 19 14405 36068  6 (D 0,1,1) (S 212,136,146) (S 210,145,143) (S 209,143,144) (S 208,143,142) (D 0,1,1)
 0 1 20 14372 30267  17 (D 0,1,1) (S 205,141,140) (S 201,139,138) (S 211,146,145) (S 217,145,148) (S 216,148,149) (S 215,148,147) (S 197,135,136) (S 198,136,137) (S 200,137,138) (S 206,140,142) (S 207,142,141) (S 218,141,150) (S 15,6,18) (S 14,18,17) (S 13,17,16) (D 0,1,1)
 0 1 21 13726 18137  15 (D 0,1,1) (S 12,5,16) (S 21,20,22) (S 22,22,23) (S 32,23,28) (S 35,28,29) (S 36,29,9) (S 5,9,8) (S 28,26,21) (S 23,21,23) (S 25,23,24) (S 24,22,24) (S 26,24,25) (S 27,25,1) (D 0,1,1)
 0 1 22 14594 60134  9 (D 0,1,1) (S 319,215,214) (S 320,214,216) (S 325,216,219) (S 324,219,220) (S 323,219,218) (S 322,218,254) (S 374,212,254) (D 0,1,1)
 0 1 23 14521 65050  8 (D 0,1,1) (S 314,212,210) (S 313,210,211) (S 312,210,209) (S 311,209,208) (S 310,208,207) (S 316,206,213) (D 0,1,1)
 0 1 24 14687 56269  8 (D 0,1,1) (S 307,206,201) (S 303,203,251) (S 304,251,252) (S 305,252,204) (S 306,204,205) (S 308,205,206) (D 0,1,1)
 0 1 25 13629 44276  11 (D 0,1,1) (S 371,250,247) (S 373,247,222) (S 329,221,224) (S 332,224,226) (S 331,224,225) (S 330,222,225) (S 333,225,223) (S 334,223,227) (S 335,227,228) (D 0,1,1)
 0 1 26 13667 37957  7 (D 0,1,1) (S 372,229,250) (S 365,247,246) (S 363,246,245) (S 367,245,248) (S 366,248,247) (D 0,1,1)
 0 1 27 14673 52317  15 (D 0,1,1) (S 368,249,248) (S 361,245,244) (S 362,244,194) (S 291,195,197) (S 293,197,198) (S 295,198,199) (S 297,199,200) (S 298,200,201) (S 300,201,202) (S 299,202,200) (S 296,199,196) (S 294,196,198) (S 290,196,195) (D 0,1,1)
 0 1 28 14411 41329  12 (D 0,1,1) (S 353,240,241) (S 355,241,242) (S 356,242,192) (S 287,192,193) (S 348,238,236) (S 347,236,237) (S 346,236,235) (S 352,235,240) (S 369,240,249) (S 370,249,250) (D 0,1,1)
 0 1 29 14414 40208  11 (D 0,1,1) (S 256,255,171) (S 285,191,192) (S 357,242,243) (S 360,243,245) (S 359,244,243) (S 358,243,241) (S 354,241,239) (S 337,230,229) (S 341,232,233) (D 0,1,1)
 0 1 30 14677 27856  9 (D 0,1,1) (S 37,255,9) (S 7,10,11) (S 8,11,12) (S 9,12,13) (S 10,13,14) (S 62,14,44) (S 59,43,41) (D 0,1,1)
 0 1 31 14281 29437  15 (D 0,1,1) (S 75,42,55) (S 74,55,54) (S 73,54,53) (S 78,53,56) (S 81,56,58) (S 80,58,57) (S 87,61,62) (S 106,62,74) (S 107,74,75) (S 110,75,76) (S 111,76,77) (S 112,77,40) (S 54,40,39) (D 0,1,1)
 0 1 32 14614 40358  10 (D 0,1,1) (S 77,44,54) (S 72,53,52) (S 83,52,59) (S 89,60,64) (S 95,64,67) (S 96,67,66) (S 91,66,65) (S 90,65,64) (D 0,1,1)
 0 1 33 14448 42208  12 (D 0,1,1) (S 169,115,99) (S 143,99,91) (S 131,91,83) (S 120,83,82) (S 119,82,71) (S 101,71,70) (S 98,69,68) (S 138,68,95) (S 137,95,94) (S 134,94,93) (D 0,1,1)
 0 1 34 14524 48816  13 (D 0,1,1) (S 164,113,114) (S 166,114,104) (S 152,104,105) (S 154,105,107) (S 153,105,106) (S 156,106,108) (S 157,108,109) (S 159,109,110) (S 158,109,107) (S 155,107,108) (S 172,106,118) (D 0,1,1)
 0 1 35 14521 33957  7 (D 0,1,1) (S 127,88,86) (S 124,86,85) (S 123,85,84) (S 125,84,87) (S 126,87,86) (D 0,1,1)
 0 1 36 14697 47191  15 (D 0,1,1) (S 222,255,150) (S 163,113,112) (S 162,112,101) (S 149,101,102) (S 160,102,111) (S 165,111,114) (S 151,104,103) (S 161,111,103) (S 150,103,102) (S 148,101,87) (S 128,88,89) (S 129,89,90) (S 130,89,255) (D 0,1,1)
 0 1 37 14532 42393  15 (D 0,1,1) (S 6,9,10) (S 44,11,33) (S 49,36,12) (S 51,37,13) (S 11,14,15) (S 63,15,45) (S 64,45,46) (S 68,46,49) (S 65,46,47) (S 66,46,48) (S 94,48,4) (S 93,4,50) (S 71,51,52) (D 0,1,1)
 0 1 38 14626 25019  13 (D 0,1,1) (S 38,10,30) (S 40,31,30) (S 43,30,33) (S 48,33,36) (S 47,36,35) (S 50,35,37) (S 61,37,44) (S 60,44,43) (S 58,43,42) (S 57,42,39) (S 52,38,25) (D 0,1,1)
 0 1 39 14640 22947  15 (D 0,1,1) (S 4,7,8) (S 29,8,26) (S 31,26,27) (S 33,27,28) (S 34,27,29) (S 39,29,31) (S 41,31,32) (S 42,32,33) (S 45,32,34) (S 46,34,35) (S 56,34,41) (S 55,41,39) (S 53,39,38) (D 0,1,1)
 0 1 40 14461 43916  11 (D 0,1,1) (S 253,171,170) (S 278,184,187) (S 279,187,186) (S 292,186,197) (S 289,195,194) (S 288,194,190) (S 283,190,189) (S 255,172,173) (S 254,172,171) (D 0,1,1)
 0 1 41 13982 37970  9 (D 0,1,1) (S 273,179,184) (S 274,184,185) (S 263,178,166) (S 246,166,165) (S 245,165,161) (S 237,161,159) (S 234,159,158) (D 0,1,1)
 0 1 42 14625 62988  8 (D 0,1,1) (S 321,216,217) (S 375,217,254) (S 315,212,207) (S 309,207,205) (S 302,204,203) (S 301,203,202) (D 0,1,1)
