1621927
42
2398517
1742718
 0 1 1 14599 18414  16 (D 0,1,1) (S 1,1,5) (S 18,16,20) (S 21,20,22) (S 22,22,23) (S 32,23,28) (S 35,28,29) (S 33,28,27) (S 29,26,8) (S 20,19,21) (S 23,21,23) (S 25,23,24) (S 24,22,24) (S 26,24,25) (S 27,25,1) (D 0,1,1)
 0 1 2 14495 20946  13 (D 0,1,1) (S 52,25,38) (S 53,38,39) (S 55,39,41) (S 56,41,34) (S 45,34,32) (S 41,32,31) (S 39,31,29) (S 36,29,9) (S 5,9,8) (S 4,8,7) (S 15,6,18) (D 0,1,1)
 0 1 3 14552 39721  13 (D 0,1,1) (S 2,5,6) (S 130,255,89) (S 129,89,90) (S 128,89,88) (S 124,86,85) (S 123,85,84) (S 121,84,83) (S 119,82,71) (S 103,71,72) (S 108,73,75) (S 109,75,42) (D 0,1,1)
 0 1 4 14032 25311  9 (D 0,1,1) (S 30,7,255) (S 342,233,234) (S 344,234,232) (S 17,7,19) (S 16,19,18) (S 14,18,17) (S 13,17,16) (D 0,1,1)
 0 1 5 14623 30924  8 (D 0,1,1) (S 226,152,153) (S 233,154,158) (S 235,158,160) (S 236,160,159) (S 237,159,161) (S 242,161,157) (D 0,1,1)
 0 1 6 14604 28411  16 (D 0,1,1) (S 12,5,16) (S 19,20,21) (S 28,21,26) (S 31,26,27) (S 34,27,29) (S 40,31,30) (S 43,30,33) (S 42,33,32) (S 46,34,35) (S 50,35,37) (S 51,37,13) (S 10,13,14) (S 62,14,44) (S 58,43,42) (D 0,1,1)
 0 1 7 14668 43243  15 (D 0,1,1) (S 75,42,55) (S 81,56,58) (S 80,58,57) (S 86,57,61) (S 88,62,63) (S 102,63,70) (S 99,69,70) (S 101,70,71) (S 100,71,69) (S 98,69,68) (S 138,68,95) (S 135,94,92) (S 133,92,93) (D 0,1,1)
 0 1 8 14425 39182  6 (D 0,1,1) (S 142,97,93) (S 137,94,95) (S 139,95,3) (S 140,3,96) (D 0,1,1)
 0 1 9 14502 37940  11 (D 0,1,1) (S 144,98,99) (S 143,99,91) (S 132,91,92) (S 131,91,83) (S 120,83,82) (S 118,82,81) (S 117,81,72) (S 104,72,73) (S 105,73,74) (D 0,1,1)
 0 1 10 14684 31677  11 (D 0,1,1) (S 59,41,43) (S 77,44,54) (S 78,53,56) (S 79,56,57) (S 87,61,62) (S 106,62,74) (S 107,74,75) (S 110,75,76) (S 112,77,40) (D 0,1,1)
 0 1 11 14349 40806  8 (D 0,1,1) (S 127,88,86) (S 148,87,101) (S 150,102,103) (S 161,111,103) (S 151,103,104) (S 153,105,106) (D 0,1,1)
 0 1 12 13073 46250  12 (D 0,1,1) (S 172,118,106) (S 156,106,108) (S 155,108,107) (S 158,107,109) (S 159,109,110) (S 157,109,108) (S 154,107,105) (S 152,105,104) (S 166,104,114) (S 164,114,113) (D 0,1,1)
 0 1 13 14091 40465  11 (D 0,1,1) (S 169,115,99) (S 168,99,112) (S 163,112,113) (S 165,114,111) (S 160,111,102) (S 149,102,101) (S 162,101,112) (S 167,113,115) (S 170,115,116) (D 0,1,1)
 0 1 14 14067 31513  7 (D 0,1,1) (S 182,124,123) (S 180,123,116) (S 171,116,117) (S 177,117,121) (S 179,122,123) (D 0,1,1)
 0 1 15 14182 24434  10 (D 0,1,1) (S 220,150,125) (S 183,125,124) (S 181,124,122) (S 178,122,121) (S 229,121,155) (S 228,155,152) (S 224,152,125) (S 184,125,126) (D 0,1,1)
 0 1 16 14181 32036  14 (D 0,1,1) (S 204,140,139) (S 201,139,138) (S 198,137,136) (S 213,146,147) (S 214,135,147) (S 215,147,148) (S 216,148,149) (S 217,148,145) (S 211,145,146) (S 202,138,129) (S 203,128,139) (S 205,140,141) (D 0,1,1)
 0 1 17 14646 45536  12 (D 0,1,1) (S 221,150,151) (S 234,158,159) (S 244,165,164) (S 251,164,169) (S 243,164,161) (S 245,161,165) (S 246,165,166) (S 247,166,167) (S 248,167,163) (S 240,163,162) (D 0,1,1)
 0 1 18 14231 28617  14 (D 0,1,1) (S 219,150,126) (S 186,127,98) (S 145,98,97) (S 141,97,96) (S 146,96,100) (S 192,100,132) (S 193,132,131) (S 199,130,137) (S 200,137,138) (S 206,140,142) (S 207,142,141) (S 218,141,150) (D 0,1,1)
 0 1 19 13952 38236  6 (D 0,1,1) (S 176,120,119) (S 173,117,118) (S 174,118,119) (S 175,119,117) (D 0,1,1)
 0 1 20 14093 30584  14 (D 0,1,1) (S 197,136,135) (S 196,135,133) (S 195,133,134) (S 194,133,132) (S 147,100,2) (S 191,100,131) (S 190,131,130) (S 189,130,129) (S 188,129,128) (S 187,128,127) (S 185,127,126) (S 222,150,255) (D 0,1,1)
 0 1 21 14498 26082  12 (D 0,1,1) (S 256,255,171) (S 255,172,173) (S 254,172,171) (S 252,170,120) (S 239,120,162) (S 238,162,156) (S 231,156,157) (S 232,157,154) (S 227,154,153) (S 225,153,151) (D 0,1,1)
 0 1 22 14468 35158  14 (D 0,1,1) (S 223,151,152) (S 230,155,156) (S 241,157,163) (S 250,163,168) (S 249,167,168) (S 260,168,176) (S 259,176,175) (S 262,175,177) (S 266,177,180) (S 267,180,181) (S 269,181,182) (S 270,182,174) (D 0,1,1)
 0 1 23 14650 39682  11 (D 0,1,1) (S 253,171,170) (S 264,179,178) (S 263,178,166) (S 258,166,175) (S 261,176,177) (S 268,177,181) (S 265,180,179) (S 272,179,183) (S 271,183,174) (D 0,1,1)
 0 1 24 14311 25305  13 (D 0,1,1) (S 57,39,42) (S 60,43,44) (S 61,44,37) (S 9,13,12) (S 49,12,36) (S 47,35,36) (S 48,36,33) (S 44,33,11) (S 7,11,10) (S 6,10,9) (S 37,9,255) (D 0,1,1)
 0 1 25 14405 36068  6 (D 0,1,1) (S 212,136,146) (S 210,145,143) (S 209,143,144) (S 208,143,142) (D 0,1,1)
 0 1 26 14678 32182  11 (D 0,1,1) (S 338,231,230) (S 345,230,235) (S 352,235,240) (S 369,240,249) (S 368,249,248) (S 366,248,247) (S 339,229,231) (S 341,232,233) (S 3,7,6) (D 0,1,1)
 0 1 27 14460 35331  11 (D 0,1,1) (S 54,39,40) (S 111,77,76) (S 113,76,78) (S 114,78,79) (S 115,78,80) (S 116,80,81) (S 122,80,84) (S 125,84,87) (S 126,87,86) (D 0,1,1)
 0 1 28 14525 42506  9 (D 0,1,1) (S 76,55,53) (S 90,64,65) (S 91,65,66) (S 96,66,67) (S 97,67,68) (S 136,68,94) (S 134,94,93) (D 0,1,1)
 0 1 29 14482 48927  14 (D 0,1,1) (S 82,58,59) (S 84,59,60) (S 85,60,51) (S 93,50,4) (S 67,48,49) (S 65,46,47) (S 66,46,48) (S 94,48,4) (S 92,4,66) (S 95,67,64) (S 89,64,60) (S 83,59,52) (D 0,1,1)
 0 1 30 14624 36309  14 (D 0,1,1) (S 74,55,54) (S 73,54,53) (S 72,53,52) (S 71,52,51) (S 70,51,50) (S 69,50,49) (S 68,49,46) (S 64,46,45) (S 63,45,15) (S 11,15,14) (S 8,12,11) (S 38,30,10) (D 0,1,1)
 0 1 31 14083 44972  14 (D 0,1,1) (S 343,255,233) (S 337,229,230) (S 351,235,239) (S 350,238,239) (S 354,239,241) (S 358,241,243) (S 357,243,242) (S 285,192,191) (S 349,193,238) (S 348,238,236) (S 347,236,237) (S 346,236,235) (D 0,1,1)
 0 1 32 14690 34765  11 (D 0,1,1) (S 353,240,241) (S 355,241,242) (S 356,242,192) (S 287,192,193) (S 286,193,191) (S 284,191,189) (S 282,189,188) (S 281,188,174) (S 257,174,170) (D 0,1,1)
 0 1 33 14625 50490  12 (D 0,1,1) (S 273,179,184) (S 278,184,187) (S 292,186,197) (S 293,197,198) (S 294,198,196) (S 297,199,200) (S 299,200,202) (S 298,200,201) (S 316,206,213) (S 318,213,215) (D 0,1,1)
 0 1 34 14594 60134  9 (D 0,1,1) (S 319,215,214) (S 374,212,254) (S 322,254,218) (S 323,218,219) (S 324,219,220) (S 325,219,216) (S 320,216,214) (D 0,1,1)
 0 1 35 14663 57128  9 (D 0,1,1) (S 307,206,201) (S 300,201,202) (S 301,202,203) (S 302,203,204) (S 305,204,252) (S 304,252,251) (S 303,251,203) (D 0,1,1)
 0 1 36 13899 40873  8 (D 0,1,1) (S 363,246,245) (S 360,245,243) (S 359,243,244) (S 361,244,245) (S 367,245,248) (S 370,249,250) (D 0,1,1)
 0 1 37 14066 42970  12 (D 0,1,1) (S 372,229,250) (S 371,250,247) (S 373,247,222) (S 330,222,225) (S 331,225,224) (S 332,224,226) (S 329,224,221) (S 328,222,223) (S 334,223,227) (S 335,227,228) (D 0,1,1)
 0 1 38 14367 36744  9 (D 0,1,1) (S 336,229,223) (S 333,223,225) (S 327,222,221) (S 326,221,215) (S 364,215,246) (S 365,246,247) (S 340,231,232) (D 0,1,1)
 0 1 39 14299 46026  10 (D 0,1,1) (S 283,189,190) (S 288,190,194) (S 290,195,196) (S 296,196,199) (S 295,199,198) (S 291,197,195) (S 289,195,194) (S 362,194,244) (D 0,1,1)
 0 1 40 14670 47896  8 (D 0,1,1) (S 275,178,185) (S 274,184,185) (S 277,185,253) (S 276,185,186) (S 279,186,187) (S 280,187,188) (D 0,1,1)
 0 1 41 14670 62129  7 (D 0,1,1) (S 321,216,217) (S 315,212,207) (S 309,207,205) (S 306,204,205) (S 308,205,206) (D 0,1,1)
 0 1 42 14452 66004  9 (D 0,1,1) (S 375,217,254) (S 314,212,210) (S 313,210,211) (S 312,210,209) (S 311,209,208) (S 310,208,207) (S 317,213,214) (D 0,1,1)
