1625951
42
2821265
1919171
 0 1 1 14199 32645  14 (D 0,1,1) (S 342,233,234) (S 221,150,151) (S 226,152,153) (S 235,158,160) (S 236,160,159) (S 234,159,158) (S 233,158,154) (S 227,154,153) (S 225,153,151) (S 129,89,90) (S 130,89,255) (S 3,7,6) (D 0,1,1)
 0 1 2 14502 20024  15 (D 0,1,1) (S 2,5,6) (S 4,7,8) (S 5,8,9) (S 6,9,10) (S 38,10,30) (S 43,30,33) (S 48,33,36) (S 47,36,35) (S 46,35,34) (S 56,34,41) (S 55,41,39) (S 53,39,38) (S 52,38,25) (D 0,1,1)
 0 1 3 14537 24272  21 (D 0,1,1) (S 21,20,22) (S 25,24,23) (S 32,23,28) (S 33,27,28) (S 35,28,29) (S 39,29,31) (S 40,31,30) (S 41,31,32) (S 45,32,34) (S 42,32,33) (S 44,33,11) (S 7,11,10) (S 36,9,29) (S 34,29,27) (S 31,27,26) (S 29,8,26) (S 28,26,21) (S 20,21,19) (S 15,18,6) (D 0,1,1)
 0 1 4 14574 37860  11 (D 0,1,1) (S 343,255,233) (S 337,230,229) (S 334,223,227) (S 335,227,228) (S 333,223,225) (S 330,225,222) (S 328,222,223) (S 336,223,229) (S 341,232,233) (D 0,1,1)
 0 1 5 14278 36068  6 (D 0,1,1) (S 208,142,143) (S 209,143,144) (S 210,143,145) (S 222,150,255) (D 0,1,1)
 0 1 6 14210 25844  13 (D 0,1,1) (S 30,7,255) (S 256,255,171) (S 255,172,173) (S 254,172,171) (S 253,171,170) (S 252,170,120) (S 239,120,162) (S 238,162,156) (S 230,156,155) (S 224,152,125) (S 220,125,150) (D 0,1,1)
 0 1 7 14624 31489  8 (D 0,1,1) (S 184,126,125) (S 182,124,123) (S 180,123,116) (S 171,116,117) (S 177,117,121) (S 181,122,124) (D 0,1,1)
 0 1 8 14458 29539  13 (D 0,1,1) (S 186,127,98) (S 145,98,97) (S 141,97,96) (S 146,96,100) (S 193,132,131) (S 199,130,137) (S 200,137,138) (S 202,138,129) (S 187,128,127) (S 185,127,126) (S 219,126,150) (D 0,1,1)
 0 1 9 14268 24478  12 (D 0,1,1) (S 13,16,17) (S 14,17,18) (S 16,18,19) (S 17,19,7) (S 183,125,124) (S 179,123,122) (S 178,122,121) (S 229,121,155) (S 228,155,152) (S 223,152,151) (D 0,1,1)
 0 1 10 14669 32233  16 (D 0,1,1) (S 213,146,147) (S 196,135,133) (S 195,133,134) (S 194,133,132) (S 192,132,100) (S 147,100,2) (S 191,100,131) (S 190,131,130) (S 189,130,129) (S 188,129,128) (S 203,128,139) (S 204,139,140) (S 205,140,141) (S 218,141,150) (D 0,1,1)
 0 1 11 14697 29663  9 (D 0,1,1) (S 8,11,12) (S 51,13,37) (S 61,37,44) (S 62,44,14) (S 10,14,13) (S 50,37,35) (S 37,9,255) (D 0,1,1)
 0 1 12 14501 44923  10 (D 0,1,1) (S 360,245,243) (S 358,243,241) (S 355,241,242) (S 357,242,243) (S 359,243,244) (S 362,244,194) (S 288,194,190) (S 283,190,189) (D 0,1,1)
 0 1 13 14643 45461  8 (D 0,1,1) (S 242,157,161) (S 243,161,164) (S 251,164,169) (S 244,164,165) (S 247,166,167) (S 231,157,156) (D 0,1,1)
 0 1 14 14178 34016  11 (D 0,1,1) (S 240,162,163) (S 248,163,167) (S 249,167,168) (S 260,168,176) (S 261,176,177) (S 262,177,175) (S 246,166,165) (S 245,165,161) (S 237,161,159) (D 0,1,1)
 0 1 15 14670 47896  8 (D 0,1,1) (S 275,178,185) (S 277,185,253) (S 274,184,185) (S 276,185,186) (S 279,186,187) (S 280,187,188) (D 0,1,1)
 0 1 16 14647 40664  11 (D 0,1,1) (S 352,240,235) (S 346,235,236) (S 347,236,237) (S 348,236,238) (S 350,238,239) (S 354,239,241) (S 353,241,240) (S 369,240,249) (S 370,249,250) (D 0,1,1)
 0 1 17 13505 29465  13 (D 0,1,1) (S 212,136,146) (S 211,146,145) (S 217,145,148) (S 216,148,149) (S 215,148,147) (S 214,147,135) (S 197,135,136) (S 198,136,137) (S 201,138,139) (S 206,140,142) (S 207,142,141) (D 0,1,1)
 0 1 18 14492 41253  7 (D 0,1,1) (S 144,98,99) (S 143,99,91) (S 135,92,94) (S 139,95,3) (S 140,3,96) (D 0,1,1)
 0 1 19 14632 45401  12 (D 0,1,1) (S 167,115,113) (S 162,112,101) (S 149,101,102) (S 160,102,111) (S 161,111,103) (S 151,103,104) (S 165,114,111) (S 150,103,102) (S 148,101,87) (S 126,87,86) (D 0,1,1)
 0 1 20 14524 48816  13 (D 0,1,1) (S 164,113,114) (S 166,114,104) (S 152,104,105) (S 155,107,108) (S 156,108,106) (S 153,106,105) (S 154,105,107) (S 158,107,109) (S 159,109,110) (S 157,109,108) (S 172,106,118) (D 0,1,1)
 0 1 21 13952 38236  6 (D 0,1,1) (S 175,117,119) (S 173,117,118) (S 174,118,119) (S 176,119,120) (D 0,1,1)
 0 1 22 14570 36005  10 (D 0,1,1) (S 128,89,88) (S 127,88,86) (S 125,87,84) (S 121,84,83) (S 118,82,81) (S 116,80,81) (S 117,81,72) (S 108,73,75) (D 0,1,1)
 0 1 23 14486 37150  11 (D 0,1,1) (S 109,42,75) (S 105,74,73) (S 104,73,72) (S 103,72,71) (S 119,71,82) (S 120,82,83) (S 131,83,91) (S 169,99,115) (S 170,115,116) (D 0,1,1)
 0 1 24 14583 40713  11 (D 0,1,1) (S 142,97,93) (S 136,94,68) (S 98,68,69) (S 100,69,71) (S 101,71,70) (S 99,69,70) (S 102,70,63) (S 88,63,62) (S 80,57,58) (D 0,1,1)
 0 1 25 14499 36788  14 (D 0,1,1) (S 281,174,188) (S 282,188,189) (S 284,189,191) (S 285,191,192) (S 356,242,192) (S 287,192,193) (S 286,191,193) (S 349,193,238) (S 351,239,235) (S 345,235,230) (S 338,230,231) (S 340,231,232) (D 0,1,1)
 0 1 26 14550 36378  9 (D 0,1,1) (S 54,39,40) (S 113,76,78) (S 114,78,79) (S 115,78,80) (S 122,80,84) (S 123,84,85) (S 124,85,86) (D 0,1,1)
 0 1 27 14625 42282  9 (D 0,1,1) (S 75,42,55) (S 95,64,67) (S 96,67,66) (S 90,65,64) (S 83,59,52) (S 60,44,43) (S 59,43,41) (D 0,1,1)
 0 1 28 14564 28988  12 (D 0,1,1) (S 112,40,77) (S 111,77,76) (S 110,76,75) (S 107,75,74) (S 106,74,62) (S 87,62,61) (S 86,61,57) (S 79,57,56) (S 78,56,53) (S 57,42,39) (D 0,1,1)
 0 1 29 14436 42316  15 (D 0,1,1) (S 76,55,53) (S 85,60,51) (S 69,50,49) (S 68,49,46) (S 65,46,47) (S 67,49,48) (S 94,4,48) (S 66,48,46) (S 64,46,45) (S 63,45,15) (S 11,15,14) (S 9,13,12) (S 49,12,36) (D 0,1,1)
 0 1 30 14559 38516  14 (D 0,1,1) (S 74,55,54) (S 73,54,53) (S 72,53,52) (S 71,52,51) (S 70,51,50) (S 93,50,4) (S 92,4,66) (S 91,66,65) (S 84,60,59) (S 82,59,58) (S 77,54,44) (S 58,43,42) (D 0,1,1)
 0 1 31 14595 34048  10 (D 0,1,1) (S 271,174,183) (S 264,179,178) (S 263,178,166) (S 258,166,175) (S 259,175,176) (S 250,168,163) (S 241,163,157) (S 232,157,154) (D 0,1,1)
 0 1 32 14577 33601  10 (D 0,1,1) (S 272,183,179) (S 265,179,180) (S 267,180,181) (S 266,180,177) (S 268,177,181) (S 269,181,182) (S 270,182,174) (S 257,174,170) (D 0,1,1)
 0 1 33 14576 46978  12 (D 0,1,1) (S 368,249,248) (S 289,194,195) (S 291,195,197) (S 294,198,196) (S 296,196,199) (S 295,199,198) (S 293,198,197) (S 292,197,186) (S 278,187,184) (S 273,184,179) (D 0,1,1)
 0 1 34 14482 40937  9 (D 0,1,1) (S 344,234,232) (S 331,225,224) (S 332,224,226) (S 329,224,221) (S 327,221,222) (S 373,222,247) (S 372,250,229) (D 0,1,1)
 0 1 35 14507 37957  8 (D 0,1,1) (S 371,250,247) (S 366,247,248) (S 367,248,245) (S 363,245,246) (S 365,246,247) (S 339,229,231) (D 0,1,1)
 0 1 36 14692 57223  10 (D 0,1,1) (S 318,215,213) (S 307,206,201) (S 300,201,202) (S 301,202,203) (S 303,203,251) (S 304,251,252) (S 305,252,204) (S 317,213,214) (D 0,1,1)
 0 1 37 14617 55338  6 (D 0,1,1) (S 326,221,215) (S 319,215,214) (S 321,216,217) (S 320,216,214) (D 0,1,1)
 0 1 38 14652 46469  12 (D 0,1,1) (S 81,56,58) (S 89,60,64) (S 97,67,68) (S 138,68,95) (S 137,95,94) (S 134,94,93) (S 133,93,92) (S 132,92,91) (S 168,99,112) (S 163,112,113) (D 0,1,1)
 0 1 39 14551 56300  11 (D 0,1,1) (S 361,245,244) (S 290,195,196) (S 297,199,200) (S 298,200,201) (S 299,200,202) (S 302,203,204) (S 306,204,205) (S 308,205,206) (S 316,206,213) (D 0,1,1)
 0 1 40 14562 62411  9 (D 0,1,1) (S 325,216,219) (S 324,219,220) (S 323,219,218) (S 322,218,254) (S 374,254,212) (S 315,212,207) (S 309,207,205) (D 0,1,1)
 0 1 41 14528 65050  9 (D 0,1,1) (S 375,217,254) (S 314,212,210) (S 313,210,211) (S 312,210,209) (S 311,209,208) (S 310,208,207) (S 364,215,246) (D 0,1,1)
 0 1 42 10257 10257  11 (D 0,1,1) (S 27,1,25) (S 26,25,24) (S 24,24,22) (S 22,22,23) (S 23,23,21) (S 19,21,20) (S 18,20,16) (S 12,16,5) (S 1,5,1) (D 0,1,1)
