1628862
42
2400150
2200512
 0 1 1 14649 60134  9 (D 0,1,1) (S 324,219,220) (S 323,219,218) (S 322,218,254) (S 374,212,254) (S 375,254,217) (S 321,217,216) (S 320,216,214) (D 0,1,1)
 0 1 2 14683 36921  8 (D 0,1,1) (S 370,250,249) (S 368,249,248) (S 367,248,245) (S 363,245,246) (S 365,246,247) (S 371,247,250) (D 0,1,1)
 0 1 3 14539 35962  12 (D 0,1,1) (S 248,163,167) (S 260,168,176) (S 259,176,175) (S 262,175,177) (S 266,177,180) (S 265,179,180) (S 267,180,181) (S 269,181,182) (S 270,182,174) (S 257,174,170) (D 0,1,1)
 0 1 4 14653 43664  14 (D 0,1,1) (S 282,188,189) (S 283,189,190) (S 288,190,194) (S 291,195,197) (S 293,197,198) (S 294,198,196) (S 290,196,195) (S 289,195,194) (S 362,194,244) (S 359,244,243) (S 360,243,245) (S 366,248,247) (D 0,1,1)
 0 1 5 14641 44276  13 (D 0,1,1) (S 372,229,250) (S 373,247,222) (S 330,222,225) (S 329,221,224) (S 332,224,226) (S 331,224,225) (S 333,225,223) (S 335,227,228) (S 334,227,223) (S 339,229,231) (S 340,231,232) (D 0,1,1)
 0 1 6 14442 30532  10 (D 0,1,1) (S 223,151,152) (S 230,155,156) (S 241,157,163) (S 240,163,162) (S 239,162,120) (S 238,162,156) (S 231,156,157) (S 232,157,154) (D 0,1,1)
 0 1 7 14602 53745  9 (D 0,1,1) (S 292,186,197) (S 295,198,199) (S 297,199,200) (S 298,200,201) (S 299,202,200) (S 296,199,196) (S 361,244,245) (D 0,1,1)
 0 1 8 14480 42123  9 (D 0,1,1) (S 280,188,187) (S 279,187,186) (S 276,186,185) (S 263,178,166) (S 247,166,167) (S 249,167,168) (S 250,168,163) (D 0,1,1)
 0 1 9 14048 47895  11 (D 0,1,1) (S 268,181,177) (S 261,177,176) (S 258,175,166) (S 246,166,165) (S 244,165,164) (S 251,164,169) (S 243,164,161) (S 234,159,158) (S 227,154,153) (D 0,1,1)
 0 1 10 14653 42370  11 (D 0,1,1) (S 345,230,235) (S 352,235,240) (S 369,249,240) (S 353,240,241) (S 355,241,242) (S 287,192,193) (S 286,191,193) (S 349,193,238) (S 351,239,235) (D 0,1,1)
 0 1 11 14554 31939  8 (D 0,1,1) (S 242,157,161) (S 245,161,165) (S 237,161,159) (S 236,159,160) (S 235,160,158) (S 233,158,154) (D 0,1,1)
 0 1 12 13642 43513  14 (D 0,1,1) (S 145,98,97) (S 134,93,94) (S 138,95,68) (S 98,68,69) (S 99,69,70) (S 100,69,71) (S 119,71,82) (S 120,82,83) (S 121,83,84) (S 122,84,80) (S 117,81,72) (S 104,72,73) (D 0,1,1)
 0 1 13 14641 41035  14 (D 0,1,1) (S 281,174,188) (S 284,189,191) (S 285,191,192) (S 356,192,242) (S 357,242,243) (S 358,243,241) (S 354,241,239) (S 350,239,238) (S 348,238,236) (S 347,236,237) (S 346,236,235) (S 338,230,231) (D 0,1,1)
 0 1 14 14489 40484  8 (D 0,1,1) (S 169,115,99) (S 143,99,91) (S 135,92,94) (S 137,94,95) (S 139,95,3) (S 140,3,96) (D 0,1,1)
 0 1 15 14486 29465  15 (D 0,1,1) (S 222,255,150) (S 207,141,142) (S 206,142,140) (S 204,140,139) (S 212,136,146) (S 211,146,145) (S 217,145,148) (S 216,148,149) (S 215,148,147) (S 197,135,136) (S 198,136,137) (S 201,138,139) (S 205,140,141) (D 0,1,1)
 0 1 16 14386 33140  15 (D 0,1,1) (S 219,150,126) (S 187,127,128) (S 202,129,138) (S 199,137,130) (S 190,130,131) (S 191,131,100) (S 147,100,2) (S 194,132,133) (S 195,133,134) (S 196,133,135) (S 214,135,147) (S 213,147,146) (S 200,137,138) (D 0,1,1)
 0 1 17 14660 38146  10 (D 0,1,1) (S 133,93,92) (S 132,92,91) (S 131,91,83) (S 118,82,81) (S 116,81,80) (S 115,80,78) (S 114,78,79) (S 113,78,76) (D 0,1,1)
 0 1 18 14521 33957  7 (D 0,1,1) (S 126,86,87) (S 125,87,84) (S 123,84,85) (S 124,85,86) (S 127,86,88) (D 0,1,1)
 0 1 19 14348 36068  6 (D 0,1,1) (S 218,150,141) (S 208,142,143) (S 209,143,144) (S 210,143,145) (D 0,1,1)
 0 1 20 14503 62653  8 (D 0,1,1) (S 337,230,229) (S 315,212,207) (S 309,207,205) (S 306,204,205) (S 308,205,206) (S 316,206,213) (D 0,1,1)
 0 1 21 14661 29161  13 (D 0,1,1) (S 220,150,125) (S 184,125,126) (S 185,126,127) (S 186,127,98) (S 141,97,96) (S 146,96,100) (S 192,100,132) (S 193,132,131) (S 189,130,129) (S 188,129,128) (S 203,128,139) (D 0,1,1)
 0 1 22 14656 38726  14 (D 0,1,1) (S 109,42,75) (S 107,75,74) (S 103,72,71) (S 101,71,70) (S 102,70,63) (S 88,63,62) (S 87,62,61) (S 80,57,58) (S 82,58,59) (S 83,59,52) (S 72,52,53) (S 77,54,44) (D 0,1,1)
 0 1 23 14642 31344  6 (D 0,1,1) (S 177,121,117) (S 176,119,120) (S 252,120,170) (S 253,170,171) (D 0,1,1)
 0 1 24 14402 21368  12 (D 0,1,1) (S 1,1,5) (S 16,18,19) (S 29,8,26) (S 31,26,27) (S 33,27,28) (S 41,31,32) (S 45,32,34) (S 56,34,41) (S 55,41,39) (S 53,39,38) (D 0,1,1)
 0 1 25 14656 22028  18 (D 0,1,1) (S 30,7,255) (S 255,172,173) (S 254,172,171) (S 256,171,255) (S 129,89,90) (S 130,89,255) (S 37,255,9) (S 6,9,10) (S 38,10,30) (S 40,30,31) (S 39,31,29) (S 35,29,28) (S 32,28,23) (S 25,23,24) (S 26,24,25) (S 27,25,1) (D 0,1,1)
 0 1 26 14132 28100  10 (D 0,1,1) (S 43,30,33) (S 48,33,36) (S 50,35,37) (S 51,37,13) (S 10,13,14) (S 62,14,44) (S 59,43,41) (S 52,38,25) (D 0,1,1)
 0 1 27 14389 41635  10 (D 0,1,1) (S 175,117,119) (S 174,119,118) (S 172,118,106) (S 153,106,105) (S 152,105,104) (S 166,104,114) (S 167,113,115) (S 170,115,116) (D 0,1,1)
 0 1 28 14446 29610  14 (D 0,1,1) (S 54,39,40) (S 112,40,77) (S 111,77,76) (S 110,76,75) (S 108,75,73) (S 105,73,74) (S 106,74,62) (S 86,61,57) (S 79,57,56) (S 78,56,53) (S 76,53,55) (S 75,55,42) (D 0,1,1)
 0 1 29 14134 33856  10 (D 0,1,1) (S 221,150,151) (S 225,151,153) (S 226,153,152) (S 224,152,125) (S 182,124,123) (S 180,123,116) (S 171,116,117) (S 179,122,123) (D 0,1,1)
 0 1 30 14663 57128  9 (D 0,1,1) (S 301,202,203) (S 303,203,251) (S 304,251,252) (S 305,252,204) (S 302,204,203) (S 300,202,201) (S 307,201,206) (D 0,1,1)
 0 1 31 14663 47755  15 (D 0,1,1) (S 173,117,118) (S 156,106,108) (S 155,107,108) (S 157,108,109) (S 159,109,110) (S 158,109,107) (S 154,107,105) (S 151,104,103) (S 161,111,103) (S 150,103,102) (S 149,102,101) (S 148,101,87) (S 128,88,89) (D 0,1,1)
 0 1 32 14411 41234  9 (D 0,1,1) (S 163,113,112) (S 162,112,101) (S 160,102,111) (S 165,111,114) (S 164,114,113) (S 168,112,99) (S 144,99,98) (D 0,1,1)
 0 1 33 13713 25341  9 (D 0,1,1) (S 2,5,6) (S 344,234,232) (S 341,232,233) (S 3,7,6) (S 15,6,18) (S 14,18,17) (S 13,17,16) (D 0,1,1)
 0 1 34 14461 40579  14 (D 0,1,1) (S 74,55,54) (S 85,60,51) (S 70,51,50) (S 69,50,49) (S 66,46,48) (S 67,48,49) (S 68,49,46) (S 65,46,47) (S 64,46,45) (S 63,45,15) (S 11,15,14) (S 8,12,11) (D 0,1,1)
 0 1 35 14167 67218  8 (D 0,1,1) (S 310,207,208) (S 311,208,209) (S 312,209,210) (S 313,210,211) (S 314,210,212) (S 325,219,216) (D 0,1,1)
 0 1 36 11840 23231  7 (D 0,1,1) (S 228,152,155) (S 229,155,121) (S 178,121,122) (S 181,122,124) (S 183,124,125) (D 0,1,1)
 0 1 37 14444 43505  10 (D 0,1,1) (S 271,174,183) (S 272,183,179) (S 264,179,178) (S 275,178,185) (S 277,185,253) (S 274,185,184) (S 278,184,187) (S 273,184,179) (D 0,1,1)
 0 1 38 14480 27036  17 (D 0,1,1) (S 12,5,16) (S 18,16,20) (S 21,20,22) (S 24,22,24) (S 22,22,23) (S 23,23,21) (S 20,21,19) (S 17,19,7) (S 4,7,8) (S 5,8,9) (S 342,233,234) (S 36,9,29) (S 34,29,27) (S 28,26,21) (S 19,21,20) (D 0,1,1)
 0 1 39 14503 25994  13 (D 0,1,1) (S 57,39,42) (S 58,42,43) (S 60,43,44) (S 61,44,37) (S 9,13,12) (S 49,12,36) (S 47,36,35) (S 46,35,34) (S 42,32,33) (S 44,33,11) (S 7,11,10) (D 0,1,1)
 0 1 40 14323 38932  8 (D 0,1,1) (S 84,59,60) (S 89,60,64) (S 95,64,67) (S 97,67,68) (S 136,68,94) (S 142,93,97) (D 0,1,1)
 0 1 41 14492 47545  11 (D 0,1,1) (S 71,52,51) (S 93,50,4) (S 94,4,48) (S 92,4,66) (S 96,66,67) (S 91,66,65) (S 90,65,64) (S 81,58,56) (S 73,53,54) (D 0,1,1)
 0 1 42 14330 39514  11 (D 0,1,1) (S 336,229,223) (S 328,223,222) (S 327,222,221) (S 326,221,215) (S 319,215,214) (S 317,214,213) (S 318,213,215) (S 364,215,246) (S 343,233,255) (D 0,1,1)
