1624792
42
1801895
1255265
 0 1 1 9867 10257  10 (D 0,1,1) (S 1,1,5) (S 18,16,20) (S 19,20,21) (S 23,21,23) (S 22,23,22) (S 24,22,24) (S 26,24,25) (S 27,25,1) (D 0,1,1)
 0 1 2 14571 47480  13 (D 0,1,1) (S 184,126,125) (S 179,123,122) (S 156,106,108) (S 155,108,107) (S 158,107,109) (S 159,109,110) (S 157,109,108) (S 154,107,105) (S 153,105,106) (S 172,106,118) (S 229,121,155) (D 0,1,1)
 0 1 3 14611 30093  15 (D 0,1,1) (S 219,150,126) (S 187,127,128) (S 189,129,130) (S 190,130,131) (S 191,131,100) (S 192,100,132) (S 194,132,133) (S 195,133,134) (S 196,133,135) (S 214,135,147) (S 213,147,146) (S 206,140,142) (S 207,142,141) (D 0,1,1)
 0 1 4 14555 45209  12 (D 0,1,1) (S 167,115,113) (S 164,113,114) (S 166,114,104) (S 152,104,105) (S 151,104,103) (S 161,111,103) (S 150,103,102) (S 149,101,102) (S 160,102,111) (S 165,111,114) (D 0,1,1)
 0 1 5 14607 47081  14 (D 0,1,1) (S 231,156,157) (S 248,163,167) (S 249,167,168) (S 260,168,176) (S 259,176,175) (S 258,175,166) (S 246,166,165) (S 244,165,164) (S 251,164,169) (S 243,164,161) (S 234,159,158) (S 227,154,153) (D 0,1,1)
 0 1 6 14554 31939  8 (D 0,1,1) (S 233,154,158) (S 235,158,160) (S 236,160,159) (S 237,159,161) (S 245,161,165) (S 242,161,157) (D 0,1,1)
 0 1 7 14606 43939  8 (D 0,1,1) (S 241,157,163) (S 263,166,178) (S 277,185,253) (S 275,185,178) (S 264,178,179) (S 272,179,183) (D 0,1,1)
 0 1 8 14460 39953  10 (D 0,1,1) (S 280,188,187) (S 276,186,185) (S 274,185,184) (S 273,184,179) (S 265,179,180) (S 267,180,181) (S 269,181,182) (S 270,182,174) (D 0,1,1)
 0 1 9 14651 36465  10 (D 0,1,1) (S 240,162,163) (S 247,167,166) (S 262,175,177) (S 268,177,181) (S 266,180,177) (S 261,177,176) (S 250,168,163) (S 232,157,154) (D 0,1,1)
 0 1 10 14590 31895  13 (D 0,1,1) (S 223,151,152) (S 224,152,125) (S 182,124,123) (S 180,123,116) (S 170,116,115) (S 169,115,99) (S 143,99,91) (S 132,91,92) (S 133,92,93) (S 142,93,97) (S 145,97,98) (D 0,1,1)
 0 1 11 14474 37930  8 (D 0,1,1) (S 220,150,125) (S 183,125,124) (S 181,124,122) (S 173,117,118) (S 174,118,119) (S 171,117,116) (D 0,1,1)
 0 1 12 14357 36068  6 (D 0,1,1) (S 2,5,6) (S 210,145,143) (S 209,143,144) (S 208,143,142) (D 0,1,1)
 0 1 13 13668 31344  6 (D 0,1,1) (S 178,122,121) (S 177,121,117) (S 175,117,119) (S 176,119,120) (D 0,1,1)
 0 1 14 14560 40064  10 (D 0,1,1) (S 130,255,89) (S 129,89,90) (S 128,89,88) (S 148,87,101) (S 162,101,112) (S 163,112,113) (S 168,112,99) (S 144,99,98) (D 0,1,1)
 0 1 15 14680 23613  12 (D 0,1,1) (S 221,150,151) (S 225,151,153) (S 226,153,152) (S 228,152,155) (S 230,155,156) (S 238,156,162) (S 239,162,120) (S 252,120,170) (S 253,170,171) (S 256,171,255) (D 0,1,1)
 0 1 16 14692 31177  12 (D 0,1,1) (S 30,7,255) (S 201,139,138) (S 200,138,137) (S 199,137,130) (S 193,131,132) (S 147,100,2) (S 146,100,96) (S 141,96,97) (S 186,98,127) (S 185,127,126) (D 0,1,1)
 0 1 17 14397 29967  16 (D 0,1,1) (S 222,255,150) (S 218,150,141) (S 205,141,140) (S 204,140,139) (S 198,137,136) (S 197,136,135) (S 215,147,148) (S 216,148,149) (S 217,148,145) (S 211,145,146) (S 212,146,136) (S 202,138,129) (S 188,129,128) (S 203,128,139) (D 0,1,1)
 0 1 18 14468 26986  7 (D 0,1,1) (S 5,8,9) (S 37,9,255) (S 342,233,234) (S 344,234,232) (S 343,233,255) (D 0,1,1)
 0 1 19 14637 38010  15 (D 0,1,1) (S 6,9,10) (S 49,36,12) (S 9,12,13) (S 11,14,15) (S 63,15,45) (S 64,45,46) (S 65,46,47) (S 69,49,50) (S 70,50,51) (S 85,51,60) (S 82,59,58) (S 81,58,56) (S 75,55,42) (D 0,1,1)
 0 1 20 13159 20843  13 (D 0,1,1) (S 52,25,38) (S 53,38,39) (S 55,39,41) (S 56,41,34) (S 42,32,33) (S 43,33,30) (S 40,30,31) (S 35,29,28) (S 32,28,23) (S 25,23,24) (S 21,22,20) (D 0,1,1)
 0 1 21 14558 29663  9 (D 0,1,1) (S 8,11,12) (S 61,37,44) (S 62,44,14) (S 10,14,13) (S 51,13,37) (S 50,37,35) (S 38,30,10) (D 0,1,1)
 0 1 22 14411 43317  13 (D 0,1,1) (S 3,6,7) (S 255,172,173) (S 254,172,171) (S 282,188,189) (S 284,189,191) (S 285,191,192) (S 356,192,242) (S 357,242,243) (S 359,243,244) (S 361,244,245) (S 363,245,246) (D 0,1,1)
 0 1 23 14521 33957  7 (D 0,1,1) (S 127,88,86) (S 124,86,85) (S 123,85,84) (S 125,84,87) (S 126,87,86) (D 0,1,1)
 0 1 24 14498 21561  24 (D 0,1,1) (S 12,5,16) (S 13,16,17) (S 14,17,18) (S 17,19,7) (S 4,7,8) (S 29,8,26) (S 31,26,27) (S 34,27,29) (S 36,29,9) (S 7,10,11) (S 44,11,33) (S 48,33,36) (S 47,36,35) (S 46,35,34) (S 45,34,32) (S 41,32,31) (S 39,31,29) (S 33,28,27) (S 28,26,21) (S 20,21,19) (S 16,19,18) (S 15,18,6) (D 0,1,1)
 0 1 25 14612 38198  9 (D 0,1,1) (S 257,170,174) (S 281,174,188) (S 286,191,193) (S 348,238,236) (S 347,236,237) (S 346,236,235) (S 352,235,240) (D 0,1,1)
 0 1 26 14601 36210  12 (D 0,1,1) (S 370,250,249) (S 369,249,240) (S 353,240,241) (S 355,241,242) (S 287,192,193) (S 349,193,238) (S 350,238,239) (S 351,239,235) (S 345,235,230) (S 338,230,231) (D 0,1,1)
 0 1 27 14468 38728  10 (D 0,1,1) (S 337,229,230) (S 354,239,241) (S 358,241,243) (S 360,243,245) (S 367,245,248) (S 368,248,249) (S 366,248,247) (S 341,232,233) (D 0,1,1)
 0 1 28 14347 42550  13 (D 0,1,1) (S 339,231,229) (S 336,229,223) (S 335,227,228) (S 334,227,223) (S 328,223,222) (S 329,221,224) (S 332,224,226) (S 331,224,225) (S 330,222,225) (S 333,225,223) (S 340,231,232) (D 0,1,1)
 0 1 29 14306 37164  9 (D 0,1,1) (S 365,247,246) (S 364,246,215) (S 326,215,221) (S 327,221,222) (S 373,222,247) (S 371,247,250) (S 372,250,229) (D 0,1,1)
 0 1 30 14637 50490  12 (D 0,1,1) (S 318,215,213) (S 316,213,206) (S 298,201,200) (S 299,200,202) (S 297,200,199) (S 294,196,198) (S 292,197,186) (S 279,186,187) (S 278,187,184) (S 271,183,174) (D 0,1,1)
 0 1 31 14608 46026  11 (D 0,1,1) (S 283,189,190) (S 288,190,194) (S 289,194,195) (S 291,195,197) (S 293,197,198) (S 295,198,199) (S 296,199,196) (S 290,196,195) (S 362,194,244) (D 0,1,1)
 0 1 32 14594 60134  9 (D 0,1,1) (S 319,215,214) (S 320,214,216) (S 325,216,219) (S 324,219,220) (S 323,219,218) (S 322,218,254) (S 374,212,254) (D 0,1,1)
 0 1 33 14670 62129  7 (D 0,1,1) (S 321,216,217) (S 315,212,207) (S 309,207,205) (S 306,204,205) (S 308,205,206) (D 0,1,1)
 0 1 34 14663 57128  9 (D 0,1,1) (S 307,206,201) (S 300,201,202) (S 301,202,203) (S 303,203,251) (S 304,251,252) (S 305,252,204) (S 302,204,203) (D 0,1,1)
 0 1 35 14452 66004  9 (D 0,1,1) (S 317,214,213) (S 310,207,208) (S 311,208,209) (S 312,209,210) (S 313,210,211) (S 314,210,212) (S 375,254,217) (D 0,1,1)
 0 1 36 14395 30166  13 (D 0,1,1) (S 57,39,42) (S 58,42,43) (S 60,43,44) (S 73,54,53) (S 80,58,57) (S 86,57,61) (S 87,61,62) (S 106,62,74) (S 107,74,75) (S 110,75,76) (S 54,40,39) (D 0,1,1)
 0 1 37 14651 41727  9 (D 0,1,1) (S 59,41,43) (S 77,44,54) (S 78,53,56) (S 84,59,60) (S 89,60,64) (S 95,64,67) (S 96,67,66) (D 0,1,1)
 0 1 38 14645 42576  14 (D 0,1,1) (S 76,55,53) (S 83,52,59) (S 90,64,65) (S 91,65,66) (S 92,66,4) (S 94,4,48) (S 67,48,49) (S 68,49,46) (S 66,46,48) (S 93,4,50) (S 71,51,52) (S 72,52,53) (D 0,1,1)
 0 1 39 14523 33634  10 (D 0,1,1) (S 105,74,73) (S 104,73,72) (S 117,72,81) (S 115,80,78) (S 114,78,79) (S 113,78,76) (S 111,76,77) (S 112,77,40) (D 0,1,1)
 0 1 40 14563 42326  13 (D 0,1,1) (S 135,94,92) (S 131,91,83) (S 120,82,83) (S 121,83,84) (S 122,84,80) (S 116,80,81) (S 118,81,82) (S 119,82,71) (S 103,71,72) (S 108,73,75) (S 109,75,42) (D 0,1,1)
 0 1 41 14642 45262  13 (D 0,1,1) (S 134,93,94) (S 137,94,95) (S 136,94,68) (S 98,68,69) (S 101,70,71) (S 100,71,69) (S 99,69,70) (S 102,70,63) (S 88,63,62) (S 79,57,56) (S 74,54,55) (D 0,1,1)
 0 1 42 14699 45529  6 (D 0,1,1) (S 140,96,3) (S 139,3,95) (S 138,95,68) (S 97,68,67) (D 0,1,1)
