1622557
42
1915299
1344548
 0 1 1 14664 20043  21 (D 0,1,1) (S 12,5,16) (S 13,16,17) (S 14,17,18) (S 16,18,19) (S 20,19,21) (S 23,21,23) (S 22,23,22) (S 24,22,24) (S 25,24,23) (S 32,23,28) (S 33,28,27) (S 34,27,29) (S 39,29,31) (S 41,31,32) (S 42,32,33) (S 43,33,30) (S 38,30,10) (S 5,9,8) (S 4,8,7) (D 0,1,1)
 0 1 2 14295 33719  17 (D 0,1,1) (S 2,5,6) (S 218,150,141) (S 203,139,128) (S 202,129,138) (S 200,138,137) (S 213,146,147) (S 196,135,133) (S 195,133,134) (S 194,133,132) (S 147,100,2) (S 191,100,131) (S 190,131,130) (S 189,130,129) (S 188,129,128) (S 187,128,127) (D 0,1,1)
 0 1 3 14573 36068  6 (D 0,1,1) (S 204,140,139) (S 210,145,143) (S 209,143,144) (S 208,143,142) (D 0,1,1)
 0 1 4 14643 29465  14 (D 0,1,1) (S 207,141,142) (S 206,142,140) (S 198,137,136) (S 212,136,146) (S 211,146,145) (S 217,145,148) (S 216,148,149) (S 215,148,147) (S 214,147,135) (S 197,135,136) (S 201,138,139) (S 205,140,141) (D 0,1,1)
 0 1 5 14441 24909  11 (D 0,1,1) (S 220,150,125) (S 183,125,124) (S 179,123,122) (S 178,122,121) (S 229,121,155) (S 224,152,125) (S 184,125,126) (S 219,126,150) (S 1,5,1) (D 0,1,1)
 0 1 6 14627 23039  16 (D 0,1,1) (S 18,16,20) (S 19,20,21) (S 28,21,26) (S 31,26,27) (S 35,28,29) (S 36,29,9) (S 6,9,10) (S 7,10,11) (S 8,11,12) (S 49,12,36) (S 47,36,35) (S 46,35,34) (S 56,34,41) (S 55,41,39) (D 0,1,1)
 0 1 7 13563 21566  8 (D 0,1,1) (S 53,38,39) (S 57,39,42) (S 58,42,43) (S 59,43,41) (S 52,38,25) (S 27,25,1) (D 0,1,1)
 0 1 8 14411 42133  14 (D 0,1,1) (S 343,255,233) (S 353,240,241) (S 358,241,243) (S 359,243,244) (S 361,244,245) (S 360,245,243) (S 357,243,242) (S 287,192,193) (S 349,193,238) (S 351,239,235) (S 337,230,229) (S 30,255,7) (D 0,1,1)
 0 1 9 14613 30615  10 (D 0,1,1) (S 225,151,153) (S 241,157,163) (S 250,163,168) (S 261,176,177) (S 266,177,180) (S 267,180,181) (S 270,182,174) (S 257,174,170) (D 0,1,1)
 0 1 10 14405 36378  9 (D 0,1,1) (S 128,89,88) (S 124,86,85) (S 123,85,84) (S 122,84,80) (S 115,80,78) (S 114,78,79) (S 113,78,76) (D 0,1,1)
 0 1 11 14245 30161  9 (D 0,1,1) (S 9,12,13) (S 10,13,14) (S 62,14,44) (S 61,44,37) (S 50,37,35) (S 45,34,32) (S 40,31,30) (D 0,1,1)
 0 1 12 14547 26413  14 (D 0,1,1) (S 226,152,153) (S 227,153,154) (S 232,154,157) (S 231,157,156) (S 238,156,162) (S 230,156,155) (S 228,155,152) (S 223,152,151) (S 221,151,150) (S 222,150,255) (S 17,7,19) (S 15,18,6) (D 0,1,1)
 0 1 13 13592 31038  6 (D 0,1,1) (S 181,124,122) (S 177,121,117) (S 171,117,116) (S 180,116,123) (D 0,1,1)
 0 1 14 14476 42276  11 (D 0,1,1) (S 182,124,123) (S 167,115,113) (S 163,112,113) (S 165,114,111) (S 151,103,104) (S 152,104,105) (S 153,105,106) (S 172,106,118) (S 173,118,117) (D 0,1,1)
 0 1 15 14397 48584  11 (D 0,1,1) (S 174,119,118) (S 156,106,108) (S 157,108,109) (S 159,109,110) (S 158,109,107) (S 155,107,108) (S 154,107,105) (S 166,104,114) (S 164,114,113) (D 0,1,1)
 0 1 16 14533 33976  9 (D 0,1,1) (S 175,117,119) (S 176,119,120) (S 252,120,170) (S 253,170,171) (S 255,172,173) (S 254,172,171) (S 256,171,255) (D 0,1,1)
 0 1 17 14414 31609  12 (D 0,1,1) (S 199,137,130) (S 193,131,132) (S 192,132,100) (S 146,100,96) (S 141,96,97) (S 145,97,98) (S 186,98,127) (S 185,127,126) (S 130,255,89) (S 129,89,90) (D 0,1,1)
 0 1 18 14425 29770  7 (D 0,1,1) (S 344,232,234) (S 342,234,233) (S 29,8,26) (S 21,20,22) (S 26,24,25) (D 0,1,1)
 0 1 19 14659 42550  13 (D 0,1,1) (S 340,232,231) (S 334,223,227) (S 335,227,228) (S 328,223,222) (S 327,222,221) (S 329,221,224) (S 332,224,226) (S 331,224,225) (S 330,222,225) (S 333,225,223) (S 336,223,229) (D 0,1,1)
 0 1 20 13826 29898  10 (D 0,1,1) (S 339,231,229) (S 370,250,249) (S 369,249,240) (S 352,240,235) (S 345,235,230) (S 338,230,231) (S 341,232,233) (S 3,7,6) (D 0,1,1)
 0 1 21 14321 31473  8 (D 0,1,1) (S 242,157,161) (S 237,161,159) (S 234,159,158) (S 235,158,160) (S 236,160,159) (S 233,158,154) (D 0,1,1)
 0 1 22 13668 40829  8 (D 0,1,1) (S 140,96,3) (S 139,3,95) (S 135,94,92) (S 132,91,92) (S 133,92,93) (S 142,93,97) (D 0,1,1)
 0 1 23 13667 37957  7 (D 0,1,1) (S 365,247,246) (S 363,246,245) (S 367,245,248) (S 366,248,247) (S 372,250,229) (D 0,1,1)
 0 1 24 14358 41240  9 (D 0,1,1) (S 371,250,247) (S 373,247,222) (S 326,221,215) (S 318,215,213) (S 317,213,214) (S 319,214,215) (S 364,215,246) (D 0,1,1)
 0 1 25 13710 60134  9 (D 0,1,1) (S 375,217,254) (S 374,212,254) (S 322,254,218) (S 323,218,219) (S 324,219,220) (S 325,219,216) (S 320,216,214) (D 0,1,1)
 0 1 26 14670 62129  7 (D 0,1,1) (S 308,206,205) (S 306,204,205) (S 309,205,207) (S 315,207,212) (S 321,217,216) (D 0,1,1)
 0 1 27 14521 65050  8 (D 0,1,1) (S 316,213,206) (S 310,207,208) (S 311,208,209) (S 312,209,210) (S 313,210,211) (S 314,210,212) (D 0,1,1)
 0 1 28 14261 57128  8 (D 0,1,1) (S 307,206,201) (S 301,202,203) (S 302,203,204) (S 305,204,252) (S 304,252,251) (S 303,251,203) (D 0,1,1)
 0 1 29 14624 40995  14 (D 0,1,1) (S 37,255,9) (S 44,11,33) (S 48,33,36) (S 51,37,13) (S 11,14,15) (S 63,15,45) (S 64,45,46) (S 67,49,48) (S 92,4,66) (S 91,66,65) (S 90,65,64) (S 89,64,60) (D 0,1,1)
 0 1 30 14689 47014  9 (D 0,1,1) (S 74,55,54) (S 81,56,58) (S 82,58,59) (S 95,64,67) (S 96,66,67) (S 97,67,68) (S 136,68,94) (D 0,1,1)
 0 1 31 14394 42083  13 (D 0,1,1) (S 134,93,94) (S 137,94,95) (S 138,95,68) (S 98,68,69) (S 99,69,70) (S 100,69,71) (S 101,71,70) (S 102,70,63) (S 88,63,62) (S 79,57,56) (S 76,53,55) (D 0,1,1)
 0 1 32 14692 39903  15 (D 0,1,1) (S 75,42,55) (S 72,53,52) (S 71,52,51) (S 69,50,49) (S 68,49,46) (S 65,46,47) (S 66,46,48) (S 94,48,4) (S 93,4,50) (S 70,50,51) (S 85,51,60) (S 84,60,59) (S 83,59,52) (D 0,1,1)
 0 1 33 14441 30166  15 (D 0,1,1) (S 54,39,40) (S 112,40,77) (S 111,77,76) (S 110,76,75) (S 107,75,74) (S 106,74,62) (S 87,62,61) (S 86,61,57) (S 80,57,58) (S 78,56,53) (S 73,53,54) (S 77,54,44) (S 60,44,43) (D 0,1,1)
 0 1 34 14635 36460  8 (D 0,1,1) (S 127,88,86) (S 125,87,84) (S 121,84,83) (S 119,82,71) (S 103,71,72) (S 108,73,75) (D 0,1,1)
 0 1 35 14576 39764  11 (D 0,1,1) (S 144,98,99) (S 168,99,112) (S 162,112,101) (S 149,101,102) (S 160,102,111) (S 161,111,103) (S 150,103,102) (S 148,101,87) (S 126,87,86) (D 0,1,1)
 0 1 36 14581 36695  13 (D 0,1,1) (S 170,116,115) (S 169,115,99) (S 143,99,91) (S 131,91,83) (S 120,83,82) (S 118,82,81) (S 116,80,81) (S 117,81,72) (S 104,72,73) (S 105,73,74) (S 109,75,42) (D 0,1,1)
 0 1 37 14564 37490  13 (D 0,1,1) (S 239,120,162) (S 240,162,163) (S 248,163,167) (S 249,167,168) (S 260,168,176) (S 259,176,175) (S 258,175,166) (S 263,166,178) (S 264,178,179) (S 265,179,180) (S 269,181,182) (D 0,1,1)
 0 1 38 14548 48784  10 (D 0,1,1) (S 268,181,177) (S 262,177,175) (S 244,165,164) (S 251,164,169) (S 243,164,161) (S 245,161,165) (S 246,165,166) (S 247,166,167) (D 0,1,1)
 0 1 39 14501 41556  14 (D 0,1,1) (S 281,174,188) (S 282,188,189) (S 284,189,191) (S 286,191,193) (S 285,191,192) (S 356,192,242) (S 355,242,241) (S 354,241,239) (S 350,239,238) (S 348,238,236) (S 347,236,237) (S 346,236,235) (D 0,1,1)
 0 1 40 14660 41284  10 (D 0,1,1) (S 283,189,190) (S 288,190,194) (S 291,195,197) (S 292,197,186) (S 278,187,184) (S 273,184,179) (S 272,179,183) (S 271,183,174) (D 0,1,1)
 0 1 41 14670 47896  8 (D 0,1,1) (S 280,188,187) (S 279,187,186) (S 276,186,185) (S 277,185,253) (S 274,184,185) (S 275,185,178) (D 0,1,1)
 0 1 42 14128 52317  14 (D 0,1,1) (S 290,195,196) (S 295,198,199) (S 299,200,202) (S 300,202,201) (S 298,201,200) (S 297,200,199) (S 296,199,196) (S 294,196,198) (S 293,198,197) (S 289,195,194) (S 362,194,244) (S 368,248,249) (D 0,1,1)
