1615150
42
3601811
2861508
 0 1 1 9601 10129  11 (D 0,1,1) (S 27,1,25) (S 26,25,24) (S 24,22,24) (S 25,24,23) (S 22,23,22) (S 21,22,20) (S 18,20,16) (S 12,16,5) (S 1,5,1) (D 0,1,1)
 0 1 2 14084 20553  14 (D 0,1,1) (S 13,16,17) (S 14,17,18) (S 16,18,19) (S 20,19,21) (S 23,21,23) (S 32,23,28) (S 41,31,32) (S 45,32,34) (S 56,34,41) (S 55,41,39) (S 53,39,38) (S 52,38,25) (D 0,1,1)
 0 1 3 13819 29518  14 (D 0,1,1) (S 3,6,7) (S 184,126,125) (S 224,125,152) (S 226,152,153) (S 227,153,154) (S 234,158,159) (S 236,159,160) (S 235,160,158) (S 232,154,157) (S 231,157,156) (S 230,156,155) (S 223,152,151) (D 0,1,1)
 0 1 4 14417 22379  21 (D 0,1,1) (S 19,20,21) (S 28,21,26) (S 34,27,29) (S 39,29,31) (S 40,31,30) (S 43,30,33) (S 42,33,32) (S 46,34,35) (S 47,35,36) (S 49,36,12) (S 8,12,11) (S 7,11,10) (S 6,10,9) (S 36,9,29) (S 35,29,28) (S 33,28,27) (S 31,27,26) (S 29,26,8) (S 4,8,7) (D 0,1,1)
 0 1 5 14468 26986  7 (D 0,1,1) (S 343,255,233) (S 342,233,234) (S 344,234,232) (S 37,255,9) (S 5,9,8) (D 0,1,1)
 0 1 6 14594 29781  11 (D 0,1,1) (S 38,10,30) (S 9,12,13) (S 61,37,44) (S 62,44,14) (S 10,14,13) (S 51,13,37) (S 50,37,35) (S 48,36,33) (S 44,33,11) (D 0,1,1)
 0 1 7 13907 29224  16 (D 0,1,1) (S 201,139,138) (S 200,138,137) (S 198,137,136) (S 212,136,146) (S 211,146,145) (S 217,145,148) (S 216,148,149) (S 215,148,147) (S 213,147,146) (S 202,138,129) (S 188,129,128) (S 203,128,139) (S 204,139,140) (S 205,140,141) (D 0,1,1)
 0 1 8 14348 36068  6 (D 0,1,1) (S 218,150,141) (S 208,142,143) (S 209,143,144) (S 210,143,145) (D 0,1,1)
 0 1 9 14410 28881  13 (D 0,1,1) (S 15,6,18) (S 17,19,7) (S 219,150,126) (S 185,126,127) (S 186,127,98) (S 145,98,97) (S 141,97,96) (S 146,96,100) (S 192,100,132) (S 193,132,131) (S 199,130,137) (D 0,1,1)
 0 1 10 14700 33960  14 (D 0,1,1) (S 207,141,142) (S 206,142,140) (S 197,136,135) (S 214,135,147) (S 196,135,133) (S 195,133,134) (S 194,133,132) (S 147,100,2) (S 191,100,131) (S 190,131,130) (S 189,130,129) (S 187,128,127) (D 0,1,1)
 0 1 11 14683 27502  13 (D 0,1,1) (S 30,7,255) (S 222,255,150) (S 225,151,153) (S 241,157,163) (S 240,163,162) (S 239,162,120) (S 252,120,170) (S 253,170,171) (S 255,172,173) (S 254,172,171) (S 256,171,255) (D 0,1,1)
 0 1 12 14574 38620  11 (D 0,1,1) (S 180,123,116) (S 143,99,91) (S 131,91,83) (S 120,82,83) (S 121,83,84) (S 125,84,87) (S 126,87,86) (S 129,89,90) (S 130,89,255) (D 0,1,1)
 0 1 13 14424 33320  10 (D 0,1,1) (S 270,174,182) (S 269,182,181) (S 268,181,177) (S 262,177,175) (S 246,166,165) (S 245,165,161) (S 237,161,159) (S 233,158,154) (D 0,1,1)
 0 1 14 14541 40179  7 (D 0,1,1) (S 140,96,3) (S 139,3,95) (S 136,68,94) (S 134,94,93) (S 142,93,97) (D 0,1,1)
 0 1 15 14697 34740  9 (D 0,1,1) (S 128,89,88) (S 127,88,86) (S 124,86,85) (S 123,85,84) (S 122,84,80) (S 116,80,81) (S 108,73,75) (D 0,1,1)
 0 1 16 14672 38795  10 (D 0,1,1) (S 110,76,75) (S 107,75,74) (S 106,74,62) (S 87,61,62) (S 88,62,63) (S 102,63,70) (S 101,70,71) (S 103,71,72) (D 0,1,1)
 0 1 17 14609 42918  13 (D 0,1,1) (S 133,93,92) (S 135,92,94) (S 137,94,95) (S 138,95,68) (S 98,68,69) (S 99,69,70) (S 100,69,71) (S 119,71,82) (S 118,82,81) (S 105,73,74) (S 109,75,42) (D 0,1,1)
 0 1 18 14620 29108  14 (D 0,1,1) (S 59,41,43) (S 60,43,44) (S 77,44,54) (S 73,54,53) (S 79,56,57) (S 86,57,61) (S 80,57,58) (S 81,58,56) (S 78,56,53) (S 76,53,55) (S 75,55,42) (S 57,42,39) (D 0,1,1)
 0 1 19 14693 33102  10 (D 0,1,1) (S 54,39,40) (S 112,40,77) (S 111,77,76) (S 113,76,78) (S 114,78,79) (S 115,78,80) (S 117,81,72) (S 104,72,73) (D 0,1,1)
 0 1 20 14632 41039  10 (D 0,1,1) (S 144,98,99) (S 132,91,92) (S 97,68,67) (S 95,67,64) (S 89,64,60) (S 84,60,59) (S 82,59,58) (S 74,54,55) (D 0,1,1)
 0 1 21 14547 47490  11 (D 0,1,1) (S 90,64,65) (S 91,65,66) (S 96,66,67) (S 92,66,4) (S 94,4,48) (S 66,48,46) (S 68,46,49) (S 69,49,50) (S 71,51,52) (D 0,1,1)
 0 1 22 14628 41882  13 (D 0,1,1) (S 11,14,15) (S 63,15,45) (S 64,45,46) (S 65,46,47) (S 67,49,48) (S 93,4,50) (S 70,50,51) (S 85,51,60) (S 83,59,52) (S 72,52,53) (S 58,43,42) (D 0,1,1)
 0 1 23 14684 37656  6 (D 0,1,1) (S 238,156,162) (S 176,120,119) (S 175,119,117) (S 171,117,116) (D 0,1,1)
 0 1 24 14439 40813  12 (D 0,1,1) (S 167,115,113) (S 165,114,111) (S 161,111,103) (S 150,103,102) (S 149,102,101) (S 162,101,112) (S 163,112,113) (S 168,112,99) (S 169,99,115) (S 170,115,116) (D 0,1,1)
 0 1 25 14691 39301  10 (D 0,1,1) (S 164,113,114) (S 166,114,104) (S 152,104,105) (S 153,105,106) (S 172,106,118) (S 173,118,117) (S 177,117,121) (S 181,122,124) (D 0,1,1)
 0 1 26 14618 45402  9 (D 0,1,1) (S 242,157,161) (S 243,161,164) (S 251,164,169) (S 244,164,165) (S 258,166,175) (S 259,175,176) (S 249,168,167) (D 0,1,1)
 0 1 27 14691 40056  12 (D 0,1,1) (S 250,163,168) (S 260,168,176) (S 261,176,177) (S 266,177,180) (S 267,180,181) (S 265,180,179) (S 264,179,178) (S 263,178,166) (S 247,166,167) (S 248,167,163) (D 0,1,1)
 0 1 28 14116 23706  11 (D 0,1,1) (S 2,5,6) (S 221,150,151) (S 228,152,155) (S 229,155,121) (S 178,121,122) (S 179,122,123) (S 182,123,124) (S 183,124,125) (S 220,125,150) (D 0,1,1)
 0 1 29 14641 49741  12 (D 0,1,1) (S 148,87,101) (S 160,102,111) (S 151,103,104) (S 154,105,107) (S 158,107,109) (S 159,109,110) (S 157,109,108) (S 155,107,108) (S 156,108,106) (S 174,118,119) (D 0,1,1)
 0 1 30 14536 40839  10 (D 0,1,1) (S 337,229,230) (S 351,235,239) (S 354,239,241) (S 358,241,243) (S 359,243,244) (S 361,244,245) (S 363,245,246) (S 365,246,247) (D 0,1,1)
 0 1 31 14596 41240  11 (D 0,1,1) (S 371,250,247) (S 319,215,214) (S 317,214,213) (S 318,213,215) (S 326,215,221) (S 327,221,222) (S 373,222,247) (S 372,250,229) (S 339,229,231) (D 0,1,1)
 0 1 32 14670 47896  8 (D 0,1,1) (S 280,188,187) (S 279,187,186) (S 276,186,185) (S 274,184,185) (S 277,185,253) (S 275,185,178) (D 0,1,1)
 0 1 33 14687 56269  8 (D 0,1,1) (S 308,206,205) (S 306,205,204) (S 305,204,252) (S 304,252,251) (S 303,251,203) (S 307,201,206) (D 0,1,1)
 0 1 34 14655 60134  9 (D 0,1,1) (S 364,246,215) (S 320,214,216) (S 374,212,254) (S 322,254,218) (S 323,218,219) (S 324,219,220) (S 325,219,216) (D 0,1,1)
 0 1 35 14625 62988  8 (D 0,1,1) (S 301,202,203) (S 302,203,204) (S 309,205,207) (S 315,207,212) (S 375,254,217) (S 321,217,216) (D 0,1,1)
 0 1 36 14141 37326  9 (D 0,1,1) (S 341,233,232) (S 366,247,248) (S 367,248,245) (S 360,245,243) (S 357,243,242) (S 356,242,192) (S 285,192,191) (D 0,1,1)
 0 1 37 14660 41284  10 (D 0,1,1) (S 283,189,190) (S 288,190,194) (S 291,195,197) (S 292,197,186) (S 278,187,184) (S 273,184,179) (S 272,179,183) (S 271,183,174) (D 0,1,1)
 0 1 38 14127 42550  12 (D 0,1,1) (S 334,223,227) (S 335,227,228) (S 328,223,222) (S 330,222,225) (S 331,225,224) (S 332,224,226) (S 329,224,221) (S 333,225,223) (S 336,223,229) (S 340,231,232) (D 0,1,1)
 0 1 39 14521 65050  8 (D 0,1,1) (S 316,213,206) (S 310,207,208) (S 311,208,209) (S 312,209,210) (S 313,210,211) (S 314,210,212) (D 0,1,1)
 0 1 40 14128 52317  14 (D 0,1,1) (S 368,249,248) (S 289,194,195) (S 293,197,198) (S 294,196,198) (S 295,198,199) (S 298,200,201) (S 300,201,202) (S 299,202,200) (S 297,200,199) (S 296,199,196) (S 290,196,195) (S 362,194,244) (D 0,1,1)
 0 1 41 14635 39147  12 (D 0,1,1) (S 338,231,230) (S 345,230,235) (S 346,235,236) (S 347,236,237) (S 348,236,238) (S 349,238,193) (S 287,193,192) (S 355,242,241) (S 353,241,240) (S 369,240,249) (D 0,1,1)
 0 1 42 14699 35261  10 (D 0,1,1) (S 257,170,174) (S 281,174,188) (S 282,188,189) (S 284,189,191) (S 286,191,193) (S 350,238,239) (S 352,235,240) (S 370,249,250) (D 0,1,1)
