1622076
42
1586744
1027460
 0 1 1 14594 60134  9 (D 0,1,1) (S 319,215,214) (S 320,214,216) (S 325,216,219) (S 324,219,220) (S 323,219,218) (S 322,218,254) (S 374,212,254) (D 0,1,1)
 0 1 2 14210 33520  10 (D 0,1,1) (S 220,150,125) (S 182,124,123) (S 169,115,99) (S 168,99,112) (S 163,112,113) (S 167,113,115) (S 180,116,123) (S 179,123,122) (D 0,1,1)
 0 1 3 13301 24434  9 (D 0,1,1) (S 224,125,152) (S 228,152,155) (S 229,155,121) (S 178,121,122) (S 181,122,124) (S 183,124,125) (S 184,125,126) (D 0,1,1)
 0 1 4 13172 28196  12 (D 0,1,1) (S 222,255,150) (S 221,150,151) (S 223,151,152) (S 230,155,156) (S 231,156,157) (S 232,157,154) (S 233,154,158) (S 236,159,160) (S 235,160,158) (S 227,154,153) (D 0,1,1)
 0 1 5 13439 26192  13 (D 0,1,1) (S 3,6,7) (S 37,255,9) (S 6,9,10) (S 7,10,11) (S 44,33,11) (S 8,11,12) (S 9,12,13) (S 10,13,14) (S 62,14,44) (S 60,44,43) (S 58,43,42) (D 0,1,1)
 0 1 6 14406 31612  13 (D 0,1,1) (S 30,7,255) (S 225,151,153) (S 241,157,163) (S 248,163,167) (S 249,167,168) (S 259,176,175) (S 258,175,166) (S 245,165,161) (S 237,161,159) (S 234,159,158) (S 226,153,152) (D 0,1,1)
 0 1 7 14318 35758  10 (D 0,1,1) (S 127,88,86) (S 148,87,101) (S 149,101,102) (S 160,102,111) (S 161,111,103) (S 165,111,114) (S 164,114,113) (S 170,115,116) (D 0,1,1)
 0 1 8 14684 37656  6 (D 0,1,1) (S 171,116,117) (S 175,117,119) (S 176,119,120) (S 238,162,156) (D 0,1,1)
 0 1 9 14491 48584  11 (D 0,1,1) (S 174,119,118) (S 156,106,108) (S 158,107,109) (S 159,109,110) (S 157,109,108) (S 155,108,107) (S 154,107,105) (S 152,105,104) (S 166,104,114) (D 0,1,1)
 0 1 10 14492 41253  7 (D 0,1,1) (S 144,98,99) (S 143,99,91) (S 135,92,94) (S 139,95,3) (S 140,3,96) (D 0,1,1)
 0 1 11 14234 38646  11 (D 0,1,1) (S 142,97,93) (S 133,93,92) (S 132,92,91) (S 131,91,83) (S 120,82,83) (S 121,83,84) (S 123,84,85) (S 124,85,86) (S 130,89,255) (D 0,1,1)
 0 1 12 14295 28053  12 (D 0,1,1) (S 205,141,140) (S 201,139,138) (S 199,137,130) (S 193,131,132) (S 146,100,96) (S 141,96,97) (S 145,97,98) (S 186,98,127) (S 185,127,126) (S 219,126,150) (D 0,1,1)
 0 1 13 13801 36068  5 (D 0,1,1) (S 208,142,143) (S 209,143,144) (S 210,143,145) (D 0,1,1)
 0 1 14 14390 32233  15 (D 0,1,1) (S 203,139,128) (S 188,128,129) (S 189,129,130) (S 190,130,131) (S 191,131,100) (S 147,100,2) (S 192,100,132) (S 194,132,133) (S 195,133,134) (S 196,133,135) (S 214,135,147) (S 213,147,146) (S 204,139,140) (D 0,1,1)
 0 1 15 13947 30951  15 (D 0,1,1) (S 218,150,141) (S 207,141,142) (S 206,142,140) (S 200,138,137) (S 212,136,146) (S 211,146,145) (S 217,145,148) (S 216,148,149) (S 215,148,147) (S 197,135,136) (S 198,136,137) (S 202,138,129) (S 187,128,127) (D 0,1,1)
 0 1 16 14663 28012  13 (D 0,1,1) (S 29,8,26) (S 34,27,29) (S 40,31,30) (S 43,30,33) (S 42,33,32) (S 46,34,35) (S 47,35,36) (S 50,35,37) (S 51,37,13) (S 61,37,44) (S 57,42,39) (D 0,1,1)
 0 1 17 14680 32090  11 (D 0,1,1) (S 59,41,43) (S 77,44,54) (S 73,54,53) (S 80,58,57) (S 86,57,61) (S 106,62,74) (S 107,74,75) (S 110,75,76) (S 112,77,40) (D 0,1,1)
 0 1 18 14412 46454  10 (D 0,1,1) (S 278,184,187) (S 279,187,186) (S 292,186,197) (S 295,198,199) (S 296,199,196) (S 290,196,195) (S 362,194,244) (S 368,248,249) (D 0,1,1)
 0 1 19 14680 18418  17 (D 0,1,1) (S 19,20,21) (S 20,21,19) (S 17,19,7) (S 4,7,8) (S 5,8,9) (S 36,9,29) (S 35,29,28) (S 33,28,27) (S 31,27,26) (S 28,26,21) (S 23,21,23) (S 25,23,24) (S 24,22,24) (S 26,24,25) (S 27,25,1) (D 0,1,1)
 0 1 20 14462 43861  8 (D 0,1,1) (S 242,157,161) (S 243,161,164) (S 251,164,169) (S 244,164,165) (S 246,165,166) (S 247,166,167) (D 0,1,1)
 0 1 21 14689 39452  10 (D 0,1,1) (S 268,181,177) (S 262,177,175) (S 263,166,178) (S 275,178,185) (S 274,185,184) (S 273,184,179) (S 272,179,183) (S 271,183,174) (D 0,1,1)
 0 1 22 13877 31077  12 (D 0,1,1) (S 256,255,171) (S 270,174,182) (S 269,182,181) (S 266,180,177) (S 261,177,176) (S 260,176,168) (S 250,168,163) (S 240,163,162) (S 239,162,120) (S 252,120,170) (D 0,1,1)
 0 1 23 14647 42760  9 (D 0,1,1) (S 177,121,117) (S 173,117,118) (S 172,118,106) (S 153,106,105) (S 151,104,103) (S 150,103,102) (S 162,101,112) (D 0,1,1)
 0 1 24 14662 39471  13 (D 0,1,1) (S 134,93,94) (S 137,94,95) (S 138,95,68) (S 98,68,69) (S 99,69,70) (S 102,70,63) (S 88,63,62) (S 87,62,61) (S 79,57,56) (S 74,54,55) (S 75,55,42) (D 0,1,1)
 0 1 25 14482 43916  13 (D 0,1,1) (S 78,53,56) (S 81,56,58) (S 89,60,64) (S 95,64,67) (S 92,66,4) (S 94,4,48) (S 66,48,46) (S 69,49,50) (S 70,50,51) (S 71,51,52) (S 72,52,53) (D 0,1,1)
 0 1 26 14109 41142  14 (D 0,1,1) (S 83,52,59) (S 85,60,51) (S 93,50,4) (S 67,48,49) (S 68,49,46) (S 65,46,47) (S 64,46,45) (S 63,45,15) (S 11,15,14) (S 49,12,36) (S 48,36,33) (S 38,30,10) (D 0,1,1)
 0 1 27 14655 47808  8 (D 0,1,1) (S 267,181,180) (S 265,180,179) (S 264,179,178) (S 277,185,253) (S 276,185,186) (S 280,187,188) (D 0,1,1)
 0 1 28 14578 36791  13 (D 0,1,1) (S 285,191,192) (S 287,192,193) (S 349,238,193) (S 286,193,191) (S 284,191,189) (S 282,189,188) (S 281,188,174) (S 257,174,170) (S 253,170,171) (S 255,172,173) (S 254,172,171) (D 0,1,1)
 0 1 29 14698 42506  10 (D 0,1,1) (S 136,94,68) (S 97,68,67) (S 96,67,66) (S 91,66,65) (S 90,65,64) (S 84,60,59) (S 82,59,58) (S 76,53,55) (D 0,1,1)
 0 1 30 14460 33634  11 (D 0,1,1) (S 105,74,73) (S 104,73,72) (S 117,72,81) (S 116,81,80) (S 115,80,78) (S 114,78,79) (S 113,78,76) (S 111,76,77) (S 54,40,39) (D 0,1,1)
 0 1 31 14663 57128  9 (D 0,1,1) (S 307,206,201) (S 300,201,202) (S 301,202,203) (S 302,203,204) (S 305,204,252) (S 304,252,251) (S 303,251,203) (D 0,1,1)
 0 1 32 14452 66004  9 (D 0,1,1) (S 317,214,213) (S 310,207,208) (S 311,208,209) (S 312,209,210) (S 313,210,211) (S 314,210,212) (S 375,254,217) (D 0,1,1)
 0 1 33 14311 37164  8 (D 0,1,1) (S 373,247,222) (S 326,221,215) (S 364,215,246) (S 372,250,229) (S 341,232,233) (S 2,6,5) (D 0,1,1)
 0 1 34 14531 25311  8 (D 0,1,1) (S 14,17,18) (S 16,18,19) (S 344,232,234) (S 342,234,233) (S 343,233,255) (S 1,5,1) (D 0,1,1)
 0 1 35 14274 19794  14 (D 0,1,1) (S 52,25,38) (S 53,38,39) (S 55,39,41) (S 56,41,34) (S 45,34,32) (S 41,32,31) (S 39,31,29) (S 32,28,23) (S 22,23,22) (S 21,22,20) (S 18,20,16) (S 12,16,5) (D 0,1,1)
 0 1 36 14691 40536  13 (D 0,1,1) (S 13,16,17) (S 15,18,6) (S 369,249,240) (S 353,240,241) (S 355,241,242) (S 356,242,192) (S 357,242,243) (S 360,243,245) (S 367,245,248) (S 366,248,247) (S 339,229,231) (D 0,1,1)
 0 1 37 14659 42550  13 (D 0,1,1) (S 340,232,231) (S 333,223,225) (S 331,225,224) (S 332,224,226) (S 329,224,221) (S 327,221,222) (S 330,222,225) (S 328,222,223) (S 335,227,228) (S 334,227,223) (S 336,223,229) (D 0,1,1)
 0 1 38 14537 42036  14 (D 0,1,1) (S 109,42,75) (S 108,75,73) (S 103,72,71) (S 101,71,70) (S 100,69,71) (S 119,71,82) (S 118,82,81) (S 122,80,84) (S 125,84,87) (S 126,87,86) (S 128,88,89) (S 129,89,90) (D 0,1,1)
 0 1 39 14696 37841  11 (D 0,1,1) (S 370,250,249) (S 352,240,235) (S 351,235,239) (S 350,239,238) (S 348,238,236) (S 347,236,237) (S 346,236,235) (S 345,235,230) (S 338,230,231) (D 0,1,1)
 0 1 40 14542 40839  10 (D 0,1,1) (S 371,250,247) (S 365,247,246) (S 363,246,245) (S 361,245,244) (S 359,244,243) (S 358,243,241) (S 354,241,239) (S 337,230,229) (D 0,1,1)
 0 1 41 14674 50062  13 (D 0,1,1) (S 283,189,190) (S 288,190,194) (S 289,194,195) (S 291,195,197) (S 293,197,198) (S 294,198,196) (S 297,199,200) (S 299,200,202) (S 298,200,201) (S 316,206,213) (S 318,213,215) (D 0,1,1)
 0 1 42 14670 62129  7 (D 0,1,1) (S 308,206,205) (S 306,204,205) (S 309,205,207) (S 315,207,212) (S 321,217,216) (D 0,1,1)
