1623446
42
1802022
1641093
 0 1 1 13698 24539  6 (D 0,1,1) (S 1,1,5) (S 2,5,6) (S 344,232,234) (S 342,234,233) (D 0,1,1)
 0 1 2 14267 38301  9 (D 0,1,1) (S 124,86,85) (S 123,85,84) (S 121,84,83) (S 120,82,83) (S 131,83,91) (S 143,91,99) (S 180,116,123) (D 0,1,1)
 0 1 3 14690 46701  13 (D 0,1,1) (S 184,126,125) (S 172,118,106) (S 156,106,108) (S 155,108,107) (S 158,107,109) (S 159,109,110) (S 157,109,108) (S 154,107,105) (S 152,105,104) (S 166,104,114) (S 167,113,115) (D 0,1,1)
 0 1 4 14543 29052  12 (D 0,1,1) (S 219,150,126) (S 185,126,127) (S 186,127,98) (S 145,98,97) (S 141,97,96) (S 146,96,100) (S 192,100,132) (S 193,132,131) (S 189,130,129) (S 187,128,127) (D 0,1,1)
 0 1 5 14641 32720  17 (D 0,1,1) (S 212,136,146) (S 213,146,147) (S 196,135,133) (S 195,133,134) (S 194,133,132) (S 147,100,2) (S 191,100,131) (S 190,131,130) (S 199,130,137) (S 200,137,138) (S 202,138,129) (S 188,129,128) (S 203,128,139) (S 204,139,140) (S 205,140,141) (D 0,1,1)
 0 1 6 14645 18292  18 (D 0,1,1) (S 12,5,16) (S 18,16,20) (S 28,21,26) (S 31,26,27) (S 33,27,28) (S 35,28,29) (S 34,29,27) (S 32,28,23) (S 23,23,21) (S 19,21,20) (S 21,20,22) (S 24,22,24) (S 25,24,23) (S 22,23,22) (S 26,24,25) (S 27,25,1) (D 0,1,1)
 0 1 7 12902 25026  18 (D 0,1,1) (S 13,16,17) (S 14,17,18) (S 17,19,7) (S 30,7,255) (S 225,151,153) (S 235,158,160) (S 236,160,159) (S 234,159,158) (S 233,158,154) (S 227,154,153) (S 226,153,152) (S 224,152,125) (S 29,8,26) (S 20,21,19) (S 16,19,18) (S 15,18,6) (D 0,1,1)
 0 1 8 14402 33976  9 (D 0,1,1) (S 181,124,122) (S 175,117,119) (S 176,119,120) (S 252,120,170) (S 253,170,171) (S 254,171,172) (S 255,172,173) (D 0,1,1)
 0 1 9 14377 33474  11 (D 0,1,1) (S 232,154,157) (S 242,157,161) (S 245,161,165) (S 246,165,166) (S 258,166,175) (S 262,175,177) (S 266,177,180) (S 267,180,181) (S 269,181,182) (D 0,1,1)
 0 1 10 14673 46519  14 (D 0,1,1) (S 170,116,115) (S 169,115,99) (S 168,99,112) (S 163,112,113) (S 164,113,114) (S 165,114,111) (S 161,111,103) (S 160,111,102) (S 149,101,102) (S 150,102,103) (S 151,103,104) (S 153,105,106) (D 0,1,1)
 0 1 11 14180 41253  7 (D 0,1,1) (S 144,98,99) (S 132,91,92) (S 135,92,94) (S 139,95,3) (S 140,3,96) (D 0,1,1)
 0 1 12 14354 37930  6 (D 0,1,1) (S 177,121,117) (S 173,117,118) (S 174,118,119) (S 171,117,116) (D 0,1,1)
 0 1 13 14185 33102  13 (D 0,1,1) (S 230,155,156) (S 231,156,157) (S 241,157,163) (S 248,163,167) (S 249,167,168) (S 260,168,176) (S 250,168,163) (S 240,163,162) (S 239,162,120) (S 238,162,156) (S 221,151,150) (D 0,1,1)
 0 1 14 14409 23706  11 (D 0,1,1) (S 222,255,150) (S 220,150,125) (S 183,125,124) (S 182,124,123) (S 179,123,122) (S 178,122,121) (S 229,121,155) (S 228,155,152) (S 223,152,151) (D 0,1,1)
 0 1 15 14217 43253  8 (D 0,1,1) (S 90,64,65) (S 91,65,66) (S 96,66,67) (S 97,67,68) (S 136,68,94) (S 133,92,93) (D 0,1,1)
 0 1 16 14554 58584  10 (D 0,1,1) (S 343,255,233) (S 319,215,214) (S 320,214,216) (S 325,216,219) (S 324,219,220) (S 323,219,218) (S 322,218,254) (S 375,254,217) (D 0,1,1)
 0 1 17 14670 62129  7 (D 0,1,1) (S 321,216,217) (S 315,212,207) (S 309,207,205) (S 306,204,205) (S 308,205,206) (D 0,1,1)
 0 1 18 14628 58082  8 (D 0,1,1) (S 301,202,203) (S 303,203,251) (S 304,251,252) (S 305,252,204) (S 302,204,203) (S 317,213,214) (D 0,1,1)
 0 1 19 14690 42480  10 (D 0,1,1) (S 365,247,246) (S 363,246,245) (S 360,245,243) (S 357,243,242) (S 287,192,193) (S 349,238,193) (S 286,193,191) (S 284,191,189) (D 0,1,1)
 0 1 20 14630 50873  14 (D 0,1,1) (S 354,239,241) (S 358,241,243) (S 359,243,244) (S 362,244,194) (S 290,195,196) (S 297,199,200) (S 298,200,201) (S 299,200,202) (S 300,202,201) (S 307,201,206) (S 316,206,213) (S 318,213,215) (D 0,1,1)
 0 1 21 14694 36608  13 (D 0,1,1) (S 371,250,247) (S 366,247,248) (S 368,248,249) (S 369,249,240) (S 353,240,241) (S 355,241,242) (S 356,242,192) (S 285,192,191) (S 282,189,188) (S 281,188,174) (S 256,171,255) (D 0,1,1)
 0 1 22 14575 37164  8 (D 0,1,1) (S 341,233,232) (S 340,232,231) (S 339,231,229) (S 364,246,215) (S 326,215,221) (S 373,222,247) (D 0,1,1)
 0 1 23 14408 65050  9 (D 0,1,1) (S 372,229,250) (S 310,207,208) (S 311,208,209) (S 312,209,210) (S 313,210,211) (S 314,210,212) (S 374,212,254) (D 0,1,1)
 0 1 24 14370 37841  10 (D 0,1,1) (S 370,250,249) (S 352,240,235) (S 351,235,239) (S 350,239,238) (S 348,238,236) (S 347,236,237) (S 346,236,235) (S 345,235,230) (D 0,1,1)
 0 1 25 13991 43074  14 (D 0,1,1) (S 338,231,230) (S 337,230,229) (S 336,229,223) (S 333,223,225) (S 327,222,221) (S 329,221,224) (S 332,224,226) (S 331,224,225) (S 330,225,222) (S 328,222,223) (S 335,227,228) (S 334,227,223) (D 0,1,1)
 0 1 26 14474 36532  8 (D 0,1,1) (S 257,170,174) (S 264,179,178) (S 263,178,166) (S 259,175,176) (S 261,176,177) (S 268,177,181) (D 0,1,1)
 0 1 27 14314 43511  10 (D 0,1,1) (S 270,174,182) (S 265,180,179) (S 273,179,184) (S 274,184,185) (S 277,185,253) (S 275,185,178) (S 272,179,183) (S 271,183,174) (D 0,1,1)
 0 1 28 14529 46547  10 (D 0,1,1) (S 278,187,184) (S 276,185,186) (S 292,186,197) (S 293,197,198) (S 294,198,196) (S 289,195,194) (S 288,194,190) (S 283,190,189) (D 0,1,1)
 0 1 29 14522 46910  9 (D 0,1,1) (S 367,248,245) (S 361,245,244) (S 295,198,199) (S 296,199,196) (S 291,195,197) (S 279,186,187) (S 280,187,188) (D 0,1,1)
 0 1 30 14503 43940  7 (D 0,1,1) (S 237,159,161) (S 243,161,164) (S 251,164,169) (S 244,164,165) (S 247,166,167) (D 0,1,1)
 0 1 31 13801 36068  5 (D 0,1,1) (S 208,142,143) (S 209,143,144) (S 210,143,145) (D 0,1,1)
 0 1 32 14269 29465  14 (D 0,1,1) (S 198,137,136) (S 211,146,145) (S 217,145,148) (S 216,148,149) (S 215,148,147) (S 214,147,135) (S 197,135,136) (S 201,138,139) (S 206,140,142) (S 207,142,141) (S 218,141,150) (S 3,7,6) (D 0,1,1)
 0 1 33 14140 30640  15 (D 0,1,1) (S 54,39,40) (S 112,40,77) (S 110,76,75) (S 106,74,62) (S 87,62,61) (S 86,61,57) (S 80,57,58) (S 82,58,59) (S 83,59,52) (S 72,52,53) (S 73,53,54) (S 74,54,55) (S 75,55,42) (D 0,1,1)
 0 1 34 14684 38549  14 (D 0,1,1) (S 109,42,75) (S 107,75,74) (S 105,74,73) (S 104,73,72) (S 117,72,81) (S 118,81,82) (S 119,82,71) (S 100,71,69) (S 99,69,70) (S 101,70,71) (S 103,71,72) (S 108,73,75) (D 0,1,1)
 0 1 35 14192 25203  11 (D 0,1,1) (S 57,39,42) (S 58,42,43) (S 60,43,44) (S 61,44,37) (S 50,37,35) (S 46,35,34) (S 41,32,31) (S 38,30,10) (S 37,9,255) (D 0,1,1)
 0 1 36 14564 34752  7 (D 0,1,1) (S 130,255,89) (S 127,88,86) (S 126,86,87) (S 148,87,101) (S 162,101,112) (D 0,1,1)
 0 1 37 14691 39435  11 (D 0,1,1) (S 142,97,93) (S 134,93,94) (S 137,94,95) (S 138,95,68) (S 98,68,69) (S 102,70,63) (S 88,63,62) (S 79,57,56) (S 78,56,53) (D 0,1,1)
 0 1 38 14650 48372  14 (D 0,1,1) (S 85,60,51) (S 93,50,4) (S 66,48,46) (S 65,46,47) (S 67,49,48) (S 94,48,4) (S 92,4,66) (S 95,67,64) (S 89,64,60) (S 84,60,59) (S 81,58,56) (S 76,53,55) (D 0,1,1)
 0 1 39 14440 38167  15 (D 0,1,1) (S 44,11,33) (S 48,33,36) (S 47,35,36) (S 49,36,12) (S 51,37,13) (S 11,14,15) (S 63,15,45) (S 64,45,46) (S 68,46,49) (S 69,49,50) (S 70,50,51) (S 71,51,52) (S 77,54,44) (D 0,1,1)
 0 1 40 14322 27856  9 (D 0,1,1) (S 6,9,10) (S 7,10,11) (S 8,11,12) (S 9,12,13) (S 10,13,14) (S 62,14,44) (S 59,43,41) (D 0,1,1)
 0 1 41 14169 37121  11 (D 0,1,1) (S 129,89,90) (S 128,89,88) (S 125,87,84) (S 122,84,80) (S 116,80,81) (S 115,80,78) (S 114,78,79) (S 113,78,76) (S 111,76,77) (D 0,1,1)
 0 1 42 14571 20649  14 (D 0,1,1) (S 4,7,8) (S 5,8,9) (S 36,9,29) (S 39,29,31) (S 40,31,30) (S 43,30,33) (S 42,33,32) (S 45,32,34) (S 56,34,41) (S 55,41,39) (S 53,39,38) (S 52,38,25) (D 0,1,1)
