1626324
42
3602367
2817176
 0 1 1 14449 24859  10 (D 0,1,1) (S 225,151,153) (S 228,152,155) (S 229,155,121) (S 178,121,122) (S 179,122,123) (S 182,123,124) (S 183,124,125) (S 220,125,150) (D 0,1,1)
 0 1 2 14015 39070  9 (D 0,1,1) (S 144,98,99) (S 131,91,83) (S 120,82,83) (S 121,83,84) (S 123,84,85) (S 124,85,86) (S 128,88,89) (D 0,1,1)
 0 1 3 14508 33634  10 (D 0,1,1) (S 54,39,40) (S 111,77,76) (S 113,76,78) (S 114,78,79) (S 115,78,80) (S 104,72,73) (S 105,73,74) (S 107,74,75) (D 0,1,1)
 0 1 4 14608 43340  13 (D 0,1,1) (S 108,75,73) (S 117,72,81) (S 118,81,82) (S 119,82,71) (S 101,71,70) (S 99,69,70) (S 102,70,63) (S 88,63,62) (S 87,62,61) (S 86,57,61) (S 106,62,74) (D 0,1,1)
 0 1 5 14659 42550  13 (D 0,1,1) (S 336,229,223) (S 333,223,225) (S 327,222,221) (S 329,221,224) (S 332,224,226) (S 331,224,225) (S 330,225,222) (S 328,222,223) (S 334,223,227) (S 335,227,228) (S 340,231,232) (D 0,1,1)
 0 1 6 14246 45370  9 (D 0,1,1) (S 267,181,180) (S 265,180,179) (S 273,179,184) (S 274,184,185) (S 277,185,253) (S 278,184,187) (S 280,187,188) (D 0,1,1)
 0 1 7 14345 30535  15 (D 0,1,1) (S 203,139,128) (S 189,129,130) (S 190,130,131) (S 193,131,132) (S 147,100,2) (S 192,100,132) (S 194,132,133) (S 195,133,134) (S 196,133,135) (S 197,135,136) (S 198,136,137) (S 204,139,140) (S 218,141,150) (D 0,1,1)
 0 1 8 14656 36068  7 (D 0,1,1) (S 208,142,143) (S 209,143,144) (S 210,143,145) (S 212,146,136) (S 201,138,139) (D 0,1,1)
 0 1 9 14622 40580  10 (D 0,1,1) (S 285,191,192) (S 357,242,243) (S 359,243,244) (S 362,244,194) (S 288,194,190) (S 283,190,189) (S 281,188,174) (S 253,170,171) (D 0,1,1)
 0 1 10 14677 43623  7 (D 0,1,1) (S 373,247,222) (S 326,221,215) (S 364,215,246) (S 363,246,245) (S 368,248,249) (D 0,1,1)
 0 1 11 14630 20085  20 (D 0,1,1) (S 2,5,6) (S 3,6,7) (S 4,7,8) (S 5,8,9) (S 7,10,11) (S 44,11,33) (S 42,33,32) (S 41,32,31) (S 39,31,29) (S 35,29,28) (S 33,28,27) (S 31,27,26) (S 29,8,26) (S 28,26,21) (S 20,21,19) (S 16,19,18) (S 14,18,17) (S 13,17,16) (D 0,1,1)
 0 1 12 14678 39999  15 (D 0,1,1) (S 76,55,53) (S 72,53,52) (S 83,52,59) (S 84,59,60) (S 89,60,64) (S 90,64,65) (S 91,65,66) (S 92,66,4) (S 94,4,48) (S 66,48,46) (S 69,49,50) (S 70,50,51) (S 71,51,52) (D 0,1,1)
 0 1 13 14659 51794  11 (D 0,1,1) (S 279,187,186) (S 293,197,198) (S 296,199,196) (S 290,196,195) (S 291,195,197) (S 292,197,186) (S 276,186,185) (S 275,185,178) (S 271,183,174) (D 0,1,1)
 0 1 14 14599 41018  16 (D 0,1,1) (S 78,53,56) (S 79,56,57) (S 80,57,58) (S 82,58,59) (S 85,60,51) (S 93,50,4) (S 67,48,49) (S 68,49,46) (S 65,46,47) (S 64,46,45) (S 63,45,15) (S 11,15,14) (S 49,12,36) (S 6,10,9) (D 0,1,1)
 0 1 15 14656 58584  9 (D 0,1,1) (S 325,216,219) (S 324,219,220) (S 323,219,218) (S 375,254,217) (S 321,217,216) (S 320,216,214) (S 319,214,215) (D 0,1,1)
 0 1 16 14520 49017  11 (D 0,1,1) (S 247,167,166) (S 246,166,165) (S 244,165,164) (S 251,164,169) (S 243,164,161) (S 245,161,165) (S 258,166,175) (S 262,175,177) (S 266,177,180) (D 0,1,1)
 0 1 17 14594 42031  11 (D 0,1,1) (S 164,113,114) (S 166,114,104) (S 151,104,103) (S 161,111,103) (S 150,103,102) (S 149,102,101) (S 162,101,112) (S 163,112,113) (S 167,113,115) (D 0,1,1)
 0 1 18 14689 43957  8 (D 0,1,1) (S 145,98,97) (S 140,96,3) (S 139,3,95) (S 137,95,94) (S 135,94,92) (S 168,99,112) (D 0,1,1)
 0 1 19 10257 10257  11 (D 0,1,1) (S 27,1,25) (S 26,25,24) (S 24,24,22) (S 22,22,23) (S 23,23,21) (S 19,21,20) (S 18,20,16) (S 12,16,5) (S 1,5,1) (D 0,1,1)
 0 1 20 14515 33269  8 (D 0,1,1) (S 109,42,75) (S 116,81,80) (S 122,80,84) (S 125,84,87) (S 126,87,86) (S 127,86,88) (D 0,1,1)
 0 1 21 14646 38328  13 (D 0,1,1) (S 112,40,77) (S 110,76,75) (S 103,72,71) (S 100,71,69) (S 98,69,68) (S 136,68,94) (S 133,93,92) (S 132,92,91) (S 143,91,99) (S 169,99,115) (S 170,115,116) (D 0,1,1)
 0 1 22 14101 52186  14 (D 0,1,1) (S 148,87,101) (S 160,102,111) (S 165,111,114) (S 152,104,105) (S 158,107,109) (S 159,109,110) (S 157,109,108) (S 156,108,106) (S 155,108,107) (S 154,107,105) (S 153,105,106) (S 172,106,118) (D 0,1,1)
 0 1 23 14683 33020  14 (D 0,1,1) (S 185,126,127) (S 187,127,128) (S 188,128,129) (S 202,129,138) (S 213,146,147) (S 214,135,147) (S 215,147,148) (S 216,148,149) (S 217,148,145) (S 211,145,146) (S 206,140,142) (S 207,142,141) (D 0,1,1)
 0 1 24 14418 33062  9 (D 0,1,1) (S 341,233,232) (S 370,250,249) (S 352,240,235) (S 351,239,235) (S 345,235,230) (S 337,230,229) (S 30,255,7) (D 0,1,1)
 0 1 25 14338 41619  17 (D 0,1,1) (S 256,255,171) (S 282,188,189) (S 284,189,191) (S 286,191,193) (S 350,238,239) (S 354,239,241) (S 355,241,242) (S 356,242,192) (S 287,192,193) (S 349,193,238) (S 348,238,236) (S 347,236,237) (S 346,236,235) (S 338,230,231) (S 343,233,255) (D 0,1,1)
 0 1 26 13992 28923  8 (D 0,1,1) (S 15,6,18) (S 17,19,7) (S 129,89,90) (S 130,89,255) (S 344,232,234) (S 342,234,233) (D 0,1,1)
 0 1 27 14697 62988  9 (D 0,1,1) (S 374,254,212) (S 315,212,207) (S 309,207,205) (S 302,204,203) (S 301,203,202) (S 300,202,201) (S 318,213,215) (D 0,1,1)
 0 1 28 14455 35718  12 (D 0,1,1) (S 223,151,152) (S 230,155,156) (S 241,157,163) (S 248,163,167) (S 249,167,168) (S 260,168,176) (S 259,176,175) (S 263,166,178) (S 264,178,179) (S 272,179,183) (D 0,1,1)
 0 1 29 14685 31473  9 (D 0,1,1) (S 242,157,161) (S 237,161,159) (S 236,159,160) (S 235,160,158) (S 234,158,159) (S 233,158,154) (S 221,151,150) (D 0,1,1)
 0 1 30 14662 48797  10 (D 0,1,1) (S 74,55,54) (S 73,54,53) (S 81,56,58) (S 95,64,67) (S 96,66,67) (S 97,67,68) (S 138,68,95) (S 134,94,93) (D 0,1,1)
 0 1 31 14650 67218  8 (D 0,1,1) (S 310,207,208) (S 311,208,209) (S 312,209,210) (S 313,210,211) (S 314,210,212) (S 322,254,218) (D 0,1,1)
 0 1 32 14569 33806  10 (D 0,1,1) (S 186,127,98) (S 142,93,97) (S 141,97,96) (S 146,96,100) (S 191,100,131) (S 199,130,137) (S 200,137,138) (S 205,140,141) (D 0,1,1)
 0 1 33 14577 39486  7 (D 0,1,1) (S 173,117,118) (S 174,118,119) (S 176,119,120) (S 254,171,172) (S 255,172,173) (D 0,1,1)
 0 1 34 13941 37207  10 (D 0,1,1) (S 369,249,240) (S 353,240,241) (S 358,241,243) (S 360,243,245) (S 367,245,248) (S 366,248,247) (S 371,247,250) (S 372,250,229) (D 0,1,1)
 0 1 35 14283 32420  7 (D 0,1,1) (S 181,124,122) (S 177,121,117) (S 175,117,119) (S 171,117,116) (S 180,116,123) (D 0,1,1)
 0 1 36 14697 49416  13 (D 0,1,1) (S 339,231,229) (S 365,247,246) (S 317,214,213) (S 316,213,206) (S 298,201,200) (S 299,200,202) (S 297,200,199) (S 295,199,198) (S 294,198,196) (S 289,195,194) (S 361,244,245) (D 0,1,1)
 0 1 37 14639 30844  10 (D 0,1,1) (S 257,170,174) (S 270,174,182) (S 269,182,181) (S 268,181,177) (S 261,177,176) (S 250,168,163) (S 240,163,162) (S 239,162,120) (D 0,1,1)
 0 1 38 14663 30151  10 (D 0,1,1) (S 38,10,30) (S 8,11,12) (S 9,12,13) (S 51,13,37) (S 61,37,44) (S 77,44,54) (S 75,55,42) (S 59,43,41) (D 0,1,1)
 0 1 39 13937 21665  15 (D 0,1,1) (S 21,20,22) (S 25,24,23) (S 32,23,28) (S 34,27,29) (S 40,31,30) (S 43,30,33) (S 48,33,36) (S 47,36,35) (S 46,35,34) (S 56,34,41) (S 55,41,39) (S 53,39,38) (S 52,38,25) (D 0,1,1)
 0 1 40 14550 27316  11 (D 0,1,1) (S 37,255,9) (S 36,9,29) (S 45,32,34) (S 50,35,37) (S 10,13,14) (S 62,14,44) (S 60,44,43) (S 58,43,42) (S 57,42,39) (D 0,1,1)
 0 1 41 14687 56269  8 (D 0,1,1) (S 308,206,205) (S 306,205,204) (S 305,204,252) (S 304,252,251) (S 303,251,203) (S 307,201,206) (D 0,1,1)
 0 1 42 13776 24772  12 (D 0,1,1) (S 252,170,120) (S 238,162,156) (S 231,156,157) (S 232,157,154) (S 227,154,153) (S 226,153,152) (S 224,152,125) (S 184,125,126) (S 219,126,150) (S 222,150,255) (D 0,1,1)
