1616973
42
1801879
1077597
 0 1 1 10257 10257  11 (D 0,1,1) (S 27,1,25) (S 26,25,24) (S 24,24,22) (S 22,22,23) (S 23,23,21) (S 19,21,20) (S 18,20,16) (S 12,16,5) (S 1,5,1) (D 0,1,1)
 0 1 2 14547 30970  14 (D 0,1,1) (S 2,5,6) (S 30,7,255) (S 205,141,140) (S 201,139,138) (S 198,137,136) (S 212,136,146) (S 213,146,147) (S 214,135,147) (S 215,147,148) (S 216,148,149) (S 217,148,145) (S 211,145,146) (D 0,1,1)
 0 1 3 14572 36068  7 (D 0,1,1) (S 200,138,137) (S 210,145,143) (S 209,143,144) (S 208,143,142) (S 218,141,150) (D 0,1,1)
 0 1 4 14687 28897  17 (D 0,1,1) (S 204,140,139) (S 203,139,128) (S 202,129,138) (S 197,136,135) (S 196,135,133) (S 195,133,134) (S 194,133,132) (S 192,132,100) (S 193,132,131) (S 190,131,130) (S 189,130,129) (S 188,129,128) (S 187,128,127) (S 185,127,126) (S 222,150,255) (D 0,1,1)
 0 1 5 14484 26910  13 (D 0,1,1) (S 221,150,151) (S 232,154,157) (S 231,157,156) (S 238,156,162) (S 252,120,170) (S 253,170,171) (S 255,172,173) (S 254,172,171) (S 256,171,255) (S 17,7,19) (S 15,18,6) (D 0,1,1)
 0 1 6 13433 21633  20 (D 0,1,1) (S 13,16,17) (S 14,17,18) (S 16,18,19) (S 20,19,21) (S 28,21,26) (S 29,8,26) (S 31,26,27) (S 34,27,29) (S 39,29,31) (S 40,31,30) (S 43,30,33) (S 42,33,32) (S 41,32,31) (S 35,29,28) (S 33,27,28) (S 32,28,23) (S 25,23,24) (S 21,22,20) (D 0,1,1)
 0 1 7 14594 21345  13 (D 0,1,1) (S 4,7,8) (S 5,8,9) (S 6,9,10) (S 7,10,11) (S 8,11,12) (S 47,36,35) (S 46,35,34) (S 56,34,41) (S 55,41,39) (S 53,39,38) (S 52,38,25) (D 0,1,1)
 0 1 8 14557 26875  11 (D 0,1,1) (S 57,39,42) (S 75,42,55) (S 74,55,54) (S 77,54,44) (S 61,44,37) (S 9,13,12) (S 49,12,36) (S 48,36,33) (S 38,30,10) (D 0,1,1)
 0 1 9 14269 29240  11 (D 0,1,1) (S 37,255,9) (S 36,9,29) (S 45,32,34) (S 50,35,37) (S 51,37,13) (S 10,13,14) (S 62,14,44) (S 60,44,43) (S 59,43,41) (D 0,1,1)
 0 1 10 14654 31991  16 (D 0,1,1) (S 58,42,43) (S 73,54,53) (S 72,53,52) (S 83,52,59) (S 80,58,57) (S 86,57,61) (S 87,61,62) (S 106,62,74) (S 105,74,73) (S 108,73,75) (S 110,75,76) (S 111,76,77) (S 112,77,40) (S 54,40,39) (D 0,1,1)
 0 1 11 14671 38185  11 (D 0,1,1) (S 113,76,78) (S 114,78,79) (S 115,78,80) (S 116,80,81) (S 118,81,82) (S 120,82,83) (S 131,83,91) (S 135,92,94) (S 134,94,93) (D 0,1,1)
 0 1 12 14494 46334  12 (D 0,1,1) (S 137,94,95) (S 138,95,68) (S 98,68,69) (S 100,69,71) (S 119,71,82) (S 121,83,84) (S 125,84,87) (S 148,87,101) (S 160,102,111) (S 165,111,114) (D 0,1,1)
 0 1 13 14640 44777  11 (D 0,1,1) (S 169,115,99) (S 168,99,112) (S 162,112,101) (S 149,101,102) (S 150,102,103) (S 161,111,103) (S 151,103,104) (S 152,104,105) (S 153,105,106) (D 0,1,1)
 0 1 14 13261 36854  5 (D 0,1,1) (S 173,117,118) (S 174,118,119) (S 176,119,120) (D 0,1,1)
 0 1 15 14587 33028  8 (D 0,1,1) (S 180,123,116) (S 170,115,116) (S 171,116,117) (S 175,117,119) (S 177,117,121) (S 181,122,124) (D 0,1,1)
 0 1 16 14657 24909  11 (D 0,1,1) (S 184,126,125) (S 183,125,124) (S 182,124,123) (S 179,123,122) (S 178,122,121) (S 229,121,155) (S 228,155,152) (S 224,152,125) (S 220,125,150) (D 0,1,1)
 0 1 17 14671 42409  15 (D 0,1,1) (S 44,11,33) (S 11,14,15) (S 63,15,45) (S 64,45,46) (S 65,46,47) (S 68,46,49) (S 67,49,48) (S 94,4,48) (S 66,48,46) (S 69,49,50) (S 70,50,51) (S 85,51,60) (S 78,56,53) (D 0,1,1)
 0 1 18 14691 39679  9 (D 0,1,1) (S 76,55,53) (S 82,58,59) (S 95,64,67) (S 97,67,68) (S 136,68,94) (S 133,92,93) (S 142,93,97) (D 0,1,1)
 0 1 19 14615 38547  11 (D 0,1,1) (S 109,42,75) (S 107,75,74) (S 104,73,72) (S 103,72,71) (S 101,71,70) (S 99,69,70) (S 102,70,63) (S 88,63,62) (S 79,57,56) (D 0,1,1)
 0 1 20 14631 45761  11 (D 0,1,1) (S 71,52,51) (S 93,50,4) (S 92,4,66) (S 96,66,67) (S 91,66,65) (S 90,65,64) (S 89,64,60) (S 84,60,59) (S 81,58,56) (D 0,1,1)
 0 1 21 13732 32714  12 (D 0,1,1) (S 340,232,231) (S 338,231,230) (S 337,230,229) (S 372,229,250) (S 370,250,249) (S 368,249,248) (S 366,248,247) (S 373,247,222) (S 328,222,223) (S 336,223,229) (D 0,1,1)
 0 1 22 14683 56670  13 (D 0,1,1) (S 339,231,229) (S 364,246,215) (S 318,215,213) (S 306,205,204) (S 302,204,203) (S 301,203,202) (S 299,202,200) (S 298,200,201) (S 297,200,199) (S 294,198,196) (S 289,195,194) (D 0,1,1)
 0 1 23 14608 40118  8 (D 0,1,1) (S 369,249,240) (S 353,240,241) (S 358,241,243) (S 360,243,245) (S 363,245,246) (S 365,246,247) (D 0,1,1)
 0 1 24 14617 55338  6 (D 0,1,1) (S 326,221,215) (S 320,214,216) (S 321,216,217) (S 319,214,215) (D 0,1,1)
 0 1 25 14452 66004  9 (D 0,1,1) (S 317,214,213) (S 310,207,208) (S 311,208,209) (S 312,209,210) (S 313,210,211) (S 314,210,212) (S 375,254,217) (D 0,1,1)
 0 1 26 14526 56269  9 (D 0,1,1) (S 316,213,206) (S 307,206,201) (S 300,201,202) (S 303,203,251) (S 304,251,252) (S 305,252,204) (S 308,205,206) (D 0,1,1)
 0 1 27 14562 62411  9 (D 0,1,1) (S 325,216,219) (S 324,219,220) (S 323,219,218) (S 322,218,254) (S 374,254,212) (S 315,212,207) (S 309,207,205) (D 0,1,1)
 0 1 28 14457 35195  14 (D 0,1,1) (S 239,120,162) (S 240,162,163) (S 248,163,167) (S 249,167,168) (S 260,168,176) (S 259,176,175) (S 262,175,177) (S 268,177,181) (S 267,181,180) (S 265,180,179) (S 272,179,183) (S 271,183,174) (D 0,1,1)
 0 1 29 14630 51026  8 (D 0,1,1) (S 264,179,178) (S 277,185,253) (S 276,185,186) (S 291,197,195) (S 288,194,190) (S 283,190,189) (D 0,1,1)
 0 1 30 14573 40346  9 (D 0,1,1) (S 258,166,175) (S 263,166,178) (S 275,178,185) (S 274,185,184) (S 278,184,187) (S 280,187,188) (S 281,188,174) (D 0,1,1)
 0 1 31 14651 31370  12 (D 0,1,1) (S 219,150,126) (S 186,127,98) (S 145,98,97) (S 141,97,96) (S 146,96,100) (S 147,100,2) (S 191,100,131) (S 199,130,137) (S 206,140,142) (S 207,142,141) (D 0,1,1)
 0 1 32 14523 30734  11 (D 0,1,1) (S 223,151,152) (S 226,152,153) (S 241,157,163) (S 250,163,168) (S 261,176,177) (S 266,177,180) (S 269,181,182) (S 270,182,174) (S 257,174,170) (D 0,1,1)
 0 1 33 14319 41994  12 (D 0,1,1) (S 343,255,233) (S 341,233,232) (S 330,225,222) (S 327,222,221) (S 329,221,224) (S 332,224,226) (S 331,224,225) (S 333,225,223) (S 334,223,227) (S 335,227,228) (D 0,1,1)
 0 1 34 14487 30805  8 (D 0,1,1) (S 227,153,154) (S 242,157,161) (S 237,161,159) (S 236,159,160) (S 235,160,158) (S 233,158,154) (D 0,1,1)
 0 1 35 14619 36822  8 (D 0,1,1) (S 127,88,86) (S 126,86,87) (S 124,86,85) (S 123,85,84) (S 122,84,80) (S 117,81,72) (D 0,1,1)
 0 1 36 14549 41253  7 (D 0,1,1) (S 140,96,3) (S 139,3,95) (S 132,92,91) (S 143,91,99) (S 144,99,98) (D 0,1,1)
 0 1 37 14483 29299  8 (D 0,1,1) (S 128,88,89) (S 129,89,90) (S 130,89,255) (S 342,233,234) (S 344,234,232) (S 3,7,6) (D 0,1,1)
 0 1 38 14573 46674  11 (D 0,1,1) (S 230,155,156) (S 247,167,166) (S 246,166,165) (S 244,165,164) (S 251,164,169) (S 243,164,161) (S 245,161,165) (S 234,159,158) (S 225,153,151) (D 0,1,1)
 0 1 39 14376 46454  10 (D 0,1,1) (S 362,244,194) (S 290,195,196) (S 296,196,199) (S 295,199,198) (S 293,198,197) (S 292,197,186) (S 279,186,187) (S 273,184,179) (D 0,1,1)
 0 1 40 14686 47410  13 (D 0,1,1) (S 172,118,106) (S 156,106,108) (S 155,107,108) (S 157,108,109) (S 159,109,110) (S 158,109,107) (S 154,107,105) (S 166,104,114) (S 164,114,113) (S 163,112,113) (S 167,113,115) (D 0,1,1)
 0 1 41 14653 41879  14 (D 0,1,1) (S 282,188,189) (S 284,189,191) (S 286,191,193) (S 285,191,192) (S 356,242,192) (S 287,192,193) (S 349,193,238) (S 350,238,239) (S 348,238,236) (S 347,236,237) (S 346,236,235) (S 345,235,230) (D 0,1,1)
 0 1 42 14497 41519  11 (D 0,1,1) (S 352,240,235) (S 351,235,239) (S 354,239,241) (S 355,241,242) (S 357,242,243) (S 359,243,244) (S 361,244,245) (S 367,245,248) (S 371,247,250) (D 0,1,1)
