1620413
42
1801841
1189889
 0 1 1 14501 41098  14 (D 0,1,1) (S 8,11,12) (S 11,14,15) (S 63,15,45) (S 64,45,46) (S 68,46,49) (S 65,46,47) (S 66,46,48) (S 67,48,49) (S 69,49,50) (S 85,51,60) (S 83,59,52) (S 72,52,53) (D 0,1,1)
 0 1 2 14629 28261  12 (D 0,1,1) (S 204,140,139) (S 203,139,128) (S 189,129,130) (S 191,131,100) (S 146,100,96) (S 141,96,97) (S 145,97,98) (S 186,98,127) (S 185,127,126) (S 219,126,150) (D 0,1,1)
 0 1 3 14506 30951  15 (D 0,1,1) (S 207,141,142) (S 206,142,140) (S 211,146,145) (S 217,145,148) (S 216,148,149) (S 215,148,147) (S 214,147,135) (S 197,135,136) (S 198,136,137) (S 200,137,138) (S 202,138,129) (S 188,129,128) (S 187,128,127) (D 0,1,1)
 0 1 4 12935 36879  11 (D 0,1,1) (S 248,163,167) (S 247,167,166) (S 258,166,175) (S 263,166,178) (S 264,178,179) (S 265,179,180) (S 267,180,181) (S 269,181,182) (S 270,182,174) (D 0,1,1)
 0 1 5 14613 23569  13 (D 0,1,1) (S 222,255,150) (S 221,150,151) (S 223,151,152) (S 226,152,153) (S 232,154,157) (S 231,157,156) (S 238,156,162) (S 239,162,120) (S 252,120,170) (S 253,170,171) (S 256,171,255) (D 0,1,1)
 0 1 6 14063 37216  7 (D 0,1,1) (S 254,171,172) (S 255,172,173) (S 176,120,119) (S 175,119,117) (S 171,117,116) (D 0,1,1)
 0 1 7 14657 24909  11 (D 0,1,1) (S 220,150,125) (S 183,125,124) (S 182,124,123) (S 179,123,122) (S 178,122,121) (S 229,121,155) (S 228,155,152) (S 224,152,125) (S 184,125,126) (D 0,1,1)
 0 1 8 14004 24539  8 (D 0,1,1) (S 343,255,233) (S 342,233,234) (S 344,234,232) (S 30,255,7) (S 3,7,6) (S 2,6,5) (D 0,1,1)
 0 1 9 14165 32315  13 (D 0,1,1) (S 12,5,16) (S 13,16,17) (S 14,17,18) (S 16,18,19) (S 20,19,21) (S 29,26,8) (S 4,8,7) (S 130,255,89) (S 127,86,88) (S 128,88,89) (S 129,89,90) (D 0,1,1)
 0 1 10 14255 18292  17 (D 0,1,1) (S 18,16,20) (S 23,21,23) (S 22,23,22) (S 24,22,24) (S 21,22,20) (S 19,20,21) (S 28,21,26) (S 31,26,27) (S 33,27,28) (S 35,28,29) (S 34,29,27) (S 32,28,23) (S 25,23,24) (S 26,24,25) (S 27,25,1) (D 0,1,1)
 0 1 11 14359 41284  9 (D 0,1,1) (S 283,189,190) (S 288,190,194) (S 292,197,186) (S 278,187,184) (S 273,184,179) (S 272,179,183) (S 271,183,174) (D 0,1,1)
 0 1 12 13803 20649  13 (D 0,1,1) (S 52,25,38) (S 55,39,41) (S 56,41,34) (S 45,34,32) (S 42,32,33) (S 43,33,30) (S 40,30,31) (S 39,31,29) (S 36,29,9) (S 5,9,8) (S 1,5,1) (D 0,1,1)
 0 1 13 14637 37773  11 (D 0,1,1) (S 341,233,232) (S 338,231,230) (S 346,235,236) (S 347,236,237) (S 348,236,238) (S 349,238,193) (S 350,238,239) (S 345,235,230) (S 337,230,229) (D 0,1,1)
 0 1 14 14659 42550  13 (D 0,1,1) (S 328,223,222) (S 330,222,225) (S 331,225,224) (S 332,224,226) (S 329,224,221) (S 327,221,222) (S 333,225,223) (S 334,223,227) (S 335,227,228) (S 336,223,229) (S 340,231,232) (D 0,1,1)
 0 1 15 14394 34765  11 (D 0,1,1) (S 370,250,249) (S 353,240,241) (S 355,241,242) (S 356,242,192) (S 287,192,193) (S 286,193,191) (S 284,191,189) (S 282,189,188) (S 257,174,170) (D 0,1,1)
 0 1 16 14425 39182  6 (D 0,1,1) (S 140,96,3) (S 139,3,95) (S 137,95,94) (S 142,93,97) (D 0,1,1)
 0 1 17 14521 65050  8 (D 0,1,1) (S 316,213,206) (S 310,207,208) (S 311,208,209) (S 312,209,210) (S 313,210,211) (S 314,210,212) (D 0,1,1)
 0 1 18 14429 52317  15 (D 0,1,1) (S 368,249,248) (S 362,244,194) (S 289,194,195) (S 291,195,197) (S 293,197,198) (S 296,196,199) (S 298,200,201) (S 300,201,202) (S 299,202,200) (S 297,200,199) (S 295,199,198) (S 294,198,196) (S 290,196,195) (D 0,1,1)
 0 1 19 14522 60134  10 (D 0,1,1) (S 325,216,219) (S 324,219,220) (S 323,219,218) (S 322,218,254) (S 374,212,254) (S 375,254,217) (S 320,216,214) (S 372,250,229) (D 0,1,1)
 0 1 20 14670 47896  8 (D 0,1,1) (S 280,188,187) (S 279,187,186) (S 276,186,185) (S 274,184,185) (S 277,185,253) (S 275,185,178) (D 0,1,1)
 0 1 21 14508 39798  12 (D 0,1,1) (S 369,249,240) (S 352,240,235) (S 351,235,239) (S 354,239,241) (S 358,241,243) (S 359,243,244) (S 361,244,245) (S 367,245,248) (S 366,248,247) (S 339,229,231) (D 0,1,1)
 0 1 22 14330 23452  9 (D 0,1,1) (S 57,39,42) (S 109,42,75) (S 110,75,76) (S 111,76,77) (S 112,77,40) (S 54,40,39) (S 53,39,38) (D 0,1,1)
 0 1 23 14015 36802  9 (D 0,1,1) (S 124,86,85) (S 123,85,84) (S 122,84,80) (S 116,80,81) (S 115,80,78) (S 114,78,79) (S 113,78,76) (D 0,1,1)
 0 1 24 13399 29531  8 (D 0,1,1) (S 225,151,153) (S 242,157,161) (S 245,161,165) (S 237,161,159) (S 234,159,158) (S 233,158,154) (D 0,1,1)
 0 1 25 14556 28305  13 (D 0,1,1) (S 59,41,43) (S 60,43,44) (S 61,44,37) (S 51,37,13) (S 50,37,35) (S 47,35,36) (S 46,35,34) (S 41,32,31) (S 38,30,10) (S 6,10,9) (S 37,9,255) (D 0,1,1)
 0 1 26 14358 41240  9 (D 0,1,1) (S 371,250,247) (S 364,246,215) (S 318,215,213) (S 317,213,214) (S 319,214,215) (S 326,215,221) (S 373,222,247) (D 0,1,1)
 0 1 27 14687 56269  8 (D 0,1,1) (S 308,206,205) (S 306,205,204) (S 305,204,252) (S 304,252,251) (S 303,251,203) (S 307,201,206) (D 0,1,1)
 0 1 28 14244 62988  7 (D 0,1,1) (S 301,202,203) (S 302,203,204) (S 309,205,207) (S 315,207,212) (S 321,217,216) (D 0,1,1)
 0 1 29 14699 45467  12 (D 0,1,1) (S 135,92,94) (S 138,95,68) (S 97,68,67) (S 96,67,66) (S 91,66,65) (S 90,65,64) (S 82,59,58) (S 80,58,57) (S 79,57,56) (S 78,56,53) (D 0,1,1)
 0 1 30 14681 42909  12 (D 0,1,1) (S 106,74,62) (S 87,62,61) (S 86,57,61) (S 88,62,63) (S 102,63,70) (S 100,69,71) (S 119,71,82) (S 121,83,84) (S 125,84,87) (S 126,87,86) (D 0,1,1)
 0 1 31 14052 36068  6 (D 0,1,1) (S 201,139,138) (S 210,145,143) (S 209,143,144) (S 208,143,142) (D 0,1,1)
 0 1 32 14547 43971  13 (D 0,1,1) (S 76,55,53) (S 81,56,58) (S 84,59,60) (S 89,60,64) (S 95,64,67) (S 92,66,4) (S 94,4,48) (S 93,4,50) (S 70,50,51) (S 71,51,52) (S 73,53,54) (D 0,1,1)
 0 1 33 14698 40806  12 (D 0,1,1) (S 181,124,122) (S 177,121,117) (S 173,117,118) (S 153,106,105) (S 152,105,104) (S 151,104,103) (S 161,111,103) (S 150,103,102) (S 149,102,101) (S 148,101,87) (D 0,1,1)
 0 1 34 14493 48584  11 (D 0,1,1) (S 166,114,104) (S 154,105,107) (S 158,107,109) (S 159,109,110) (S 157,109,108) (S 155,107,108) (S 156,108,106) (S 172,106,118) (S 174,118,119) (D 0,1,1)
 0 1 35 14580 40465  11 (D 0,1,1) (S 170,116,115) (S 169,115,99) (S 168,99,112) (S 162,112,101) (S 160,102,111) (S 165,111,114) (S 164,114,113) (S 163,112,113) (S 167,113,115) (D 0,1,1)
 0 1 36 14396 40557  12 (D 0,1,1) (S 108,75,73) (S 103,72,71) (S 101,71,70) (S 99,70,69) (S 98,69,68) (S 136,68,94) (S 134,94,93) (S 133,93,92) (S 132,92,91) (S 144,99,98) (D 0,1,1)
 0 1 37 14687 36271  11 (D 0,1,1) (S 107,75,74) (S 105,74,73) (S 104,73,72) (S 117,72,81) (S 118,81,82) (S 120,82,83) (S 131,83,91) (S 143,91,99) (S 180,116,123) (D 0,1,1)
 0 1 38 14178 32853  16 (D 0,1,1) (S 199,137,130) (S 190,130,131) (S 193,131,132) (S 147,100,2) (S 192,100,132) (S 194,132,133) (S 195,133,134) (S 196,133,135) (S 213,147,146) (S 212,146,136) (S 205,140,141) (S 218,141,150) (S 17,7,19) (S 15,18,6) (D 0,1,1)
 0 1 39 14442 38214  12 (D 0,1,1) (S 240,162,163) (S 250,163,168) (S 261,176,177) (S 268,177,181) (S 266,180,177) (S 262,177,175) (S 259,175,176) (S 260,176,168) (S 249,168,167) (S 230,156,155) (D 0,1,1)
 0 1 40 14558 46348  10 (D 0,1,1) (S 241,157,163) (S 246,166,165) (S 244,165,164) (S 251,164,169) (S 243,164,161) (S 236,159,160) (S 235,160,158) (S 227,154,153) (D 0,1,1)
 0 1 41 14681 29649  13 (D 0,1,1) (S 7,10,11) (S 44,11,33) (S 48,33,36) (S 49,36,12) (S 9,12,13) (S 10,13,14) (S 62,14,44) (S 77,44,54) (S 74,54,55) (S 75,55,42) (S 58,42,43) (D 0,1,1)
 0 1 42 14692 40237  8 (D 0,1,1) (S 281,174,188) (S 285,191,192) (S 357,242,243) (S 360,243,245) (S 363,245,246) (S 365,246,247) (D 0,1,1)
