1620487
42
1801851
1739593
 0 1 1 14599 30982  13 (D 0,1,1) (S 12,5,16) (S 13,16,17) (S 14,17,18) (S 17,19,7) (S 341,233,232) (S 372,229,250) (S 370,250,249) (S 352,240,235) (S 345,235,230) (S 337,230,229) (S 343,233,255) (D 0,1,1)
 0 1 2 13973 30806  12 (D 0,1,1) (S 222,255,150) (S 205,141,140) (S 201,139,138) (S 199,137,130) (S 191,131,100) (S 147,100,2) (S 146,100,96) (S 141,96,97) (S 145,97,98) (S 186,98,127) (D 0,1,1)
 0 1 3 14220 29788  16 (D 0,1,1) (S 203,139,128) (S 188,128,129) (S 202,129,138) (S 198,137,136) (S 212,136,146) (S 211,146,145) (S 217,145,148) (S 216,148,149) (S 215,148,147) (S 213,147,146) (S 200,137,138) (S 204,139,140) (S 206,140,142) (S 207,142,141) (D 0,1,1)
 0 1 4 13884 35648  12 (D 0,1,1) (S 221,150,151) (S 231,156,157) (S 241,157,163) (S 250,163,168) (S 260,168,176) (S 259,176,175) (S 258,175,166) (S 263,166,178) (S 264,178,179) (S 272,179,183) (D 0,1,1)
 0 1 5 14679 33241  10 (D 0,1,1) (S 270,174,182) (S 269,182,181) (S 268,181,177) (S 262,177,175) (S 246,166,165) (S 245,165,161) (S 242,161,157) (S 232,157,154) (D 0,1,1)
 0 1 6 14479 25092  12 (D 0,1,1) (S 223,151,152) (S 228,152,155) (S 230,155,156) (S 238,156,162) (S 239,162,120) (S 252,120,170) (S 253,170,171) (S 255,172,173) (S 254,172,171) (S 256,171,255) (D 0,1,1)
 0 1 7 14594 22081  14 (D 0,1,1) (S 5,8,9) (S 36,9,29) (S 39,29,31) (S 40,31,30) (S 41,31,32) (S 48,33,36) (S 47,36,35) (S 46,35,34) (S 56,34,41) (S 55,41,39) (S 53,39,38) (S 52,38,25) (D 0,1,1)
 0 1 8 14255 18292  17 (D 0,1,1) (S 18,16,20) (S 21,20,22) (S 24,22,24) (S 22,22,23) (S 32,23,28) (S 35,28,29) (S 34,29,27) (S 33,27,28) (S 31,27,26) (S 28,26,21) (S 19,20,21) (S 23,21,23) (S 25,23,24) (S 26,24,25) (S 27,25,1) (D 0,1,1)
 0 1 9 14316 43481  15 (D 0,1,1) (S 2,5,6) (S 338,231,230) (S 346,235,236) (S 347,236,237) (S 348,236,238) (S 350,238,239) (S 349,238,193) (S 286,191,193) (S 287,193,192) (S 356,192,242) (S 355,242,241) (S 353,241,240) (S 369,240,249) (D 0,1,1)
 0 1 10 14287 37957  7 (D 0,1,1) (S 371,250,247) (S 365,247,246) (S 363,246,245) (S 367,245,248) (S 366,248,247) (D 0,1,1)
 0 1 11 14347 42550  13 (D 0,1,1) (S 340,232,231) (S 328,223,222) (S 331,225,224) (S 332,224,226) (S 329,224,221) (S 330,222,225) (S 333,225,223) (S 335,227,228) (S 334,227,223) (S 336,223,229) (S 339,229,231) (D 0,1,1)
 0 1 12 14531 24675  16 (D 0,1,1) (S 3,6,7) (S 225,151,153) (S 233,154,158) (S 234,158,159) (S 236,159,160) (S 235,160,158) (S 227,154,153) (S 226,153,152) (S 224,152,125) (S 220,125,150) (S 129,89,90) (S 130,89,255) (S 30,255,7) (S 1,5,1) (D 0,1,1)
 0 1 13 14557 27674  9 (D 0,1,1) (S 15,6,18) (S 16,18,19) (S 20,19,21) (S 29,26,8) (S 4,8,7) (S 342,233,234) (S 344,234,232) (D 0,1,1)
 0 1 14 14508 34297  10 (D 0,1,1) (S 257,170,174) (S 265,179,180) (S 267,180,181) (S 266,180,177) (S 261,177,176) (S 249,168,167) (S 248,167,163) (S 240,163,162) (D 0,1,1)
 0 1 15 14525 33091  5 (D 0,1,1) (S 176,120,119) (S 177,117,121) (S 229,121,155) (D 0,1,1)
 0 1 16 14681 31038  7 (D 0,1,1) (S 180,123,116) (S 171,116,117) (S 178,121,122) (S 181,122,124) (S 183,124,125) (D 0,1,1)
 0 1 17 14369 30643  14 (D 0,1,1) (S 197,136,135) (S 214,135,147) (S 196,135,133) (S 195,133,134) (S 194,133,132) (S 192,132,100) (S 193,132,131) (S 190,131,130) (S 189,130,129) (S 187,128,127) (S 185,127,126) (S 219,126,150) (D 0,1,1)
 0 1 18 14503 43940  7 (D 0,1,1) (S 247,167,166) (S 244,165,164) (S 251,164,169) (S 243,164,161) (S 237,161,159) (D 0,1,1)
 0 1 19 14348 36068  6 (D 0,1,1) (S 210,145,143) (S 209,143,144) (S 208,143,142) (S 218,141,150) (D 0,1,1)
 0 1 20 14082 33957  7 (D 0,1,1) (S 125,87,84) (S 123,84,85) (S 124,85,86) (S 127,86,88) (S 128,88,89) (D 0,1,1)
 0 1 21 14632 24942  13 (D 0,1,1) (S 37,255,9) (S 6,9,10) (S 38,10,30) (S 43,30,33) (S 42,33,32) (S 45,32,34) (S 50,35,37) (S 61,37,44) (S 60,44,43) (S 58,43,42) (S 57,42,39) (D 0,1,1)
 0 1 22 14523 33102  10 (D 0,1,1) (S 54,39,40) (S 112,40,77) (S 111,77,76) (S 113,76,78) (S 114,78,79) (S 115,78,80) (S 108,73,75) (S 109,75,42) (D 0,1,1)
 0 1 23 14679 40098  13 (D 0,1,1) (S 110,76,75) (S 116,81,80) (S 122,80,84) (S 121,84,83) (S 119,82,71) (S 100,71,69) (S 99,69,70) (S 102,70,63) (S 88,63,62) (S 87,62,61) (S 79,57,56) (D 0,1,1)
 0 1 24 14686 41941  14 (D 0,1,1) (S 76,55,53) (S 71,52,51) (S 93,50,4) (S 94,4,48) (S 66,48,46) (S 65,46,47) (S 68,46,49) (S 64,46,45) (S 63,45,15) (S 11,15,14) (S 49,12,36) (S 44,33,11) (D 0,1,1)
 0 1 25 14266 28308  9 (D 0,1,1) (S 7,10,11) (S 8,11,12) (S 9,12,13) (S 51,37,13) (S 10,13,14) (S 62,14,44) (S 59,43,41) (D 0,1,1)
 0 1 26 14652 43590  14 (D 0,1,1) (S 106,74,62) (S 86,61,57) (S 80,57,58) (S 85,60,51) (S 70,51,50) (S 69,50,49) (S 67,49,48) (S 92,4,66) (S 90,65,64) (S 83,59,52) (S 72,52,53) (S 77,54,44) (D 0,1,1)
 0 1 27 14613 44289  9 (D 0,1,1) (S 134,93,94) (S 137,94,95) (S 97,68,67) (S 96,67,66) (S 91,66,65) (S 81,58,56) (S 78,56,53) (D 0,1,1)
 0 1 28 14513 40615  14 (D 0,1,1) (S 142,97,93) (S 133,93,92) (S 132,91,92) (S 135,92,94) (S 136,94,68) (S 95,67,64) (S 89,64,60) (S 84,60,59) (S 82,59,58) (S 73,53,54) (S 74,54,55) (S 75,55,42) (D 0,1,1)
 0 1 29 14498 43591  13 (D 0,1,1) (S 184,126,125) (S 175,117,119) (S 174,119,118) (S 172,118,106) (S 153,106,105) (S 151,104,103) (S 161,111,103) (S 150,103,102) (S 149,102,101) (S 148,101,87) (S 126,87,86) (D 0,1,1)
 0 1 30 14580 40465  11 (D 0,1,1) (S 170,116,115) (S 167,115,113) (S 162,112,101) (S 160,102,111) (S 165,111,114) (S 164,114,113) (S 163,113,112) (S 168,112,99) (S 169,99,115) (D 0,1,1)
 0 1 31 14595 37040  11 (D 0,1,1) (S 144,98,99) (S 143,99,91) (S 131,91,83) (S 120,83,82) (S 118,82,81) (S 117,81,72) (S 104,72,73) (S 105,73,74) (S 107,74,75) (D 0,1,1)
 0 1 32 14668 44104  8 (D 0,1,1) (S 140,96,3) (S 139,3,95) (S 138,95,68) (S 98,68,69) (S 101,70,71) (S 103,71,72) (D 0,1,1)
 0 1 33 14233 46725  13 (D 0,1,1) (S 182,124,123) (S 179,123,122) (S 173,117,118) (S 156,106,108) (S 158,107,109) (S 159,109,110) (S 157,109,108) (S 155,108,107) (S 154,107,105) (S 152,105,104) (S 166,104,114) (D 0,1,1)
 0 1 34 12527 43471  8 (D 0,1,1) (S 271,174,183) (S 275,178,185) (S 277,185,253) (S 274,185,184) (S 278,184,187) (S 280,187,188) (D 0,1,1)
 0 1 35 14594 43171  9 (D 0,1,1) (S 273,179,184) (S 276,185,186) (S 292,186,197) (S 291,197,195) (S 289,195,194) (S 288,194,190) (S 283,190,189) (D 0,1,1)
 0 1 36 14591 39896  13 (D 0,1,1) (S 351,235,239) (S 354,239,241) (S 358,241,243) (S 359,243,244) (S 361,244,245) (S 360,245,243) (S 357,243,242) (S 285,192,191) (S 284,191,189) (S 282,189,188) (S 281,188,174) (D 0,1,1)
 0 1 37 14619 54157  13 (D 0,1,1) (S 368,249,248) (S 362,244,194) (S 290,195,196) (S 294,196,198) (S 295,198,199) (S 299,200,202) (S 298,201,200) (S 297,200,199) (S 296,199,196) (S 293,198,197) (S 279,186,187) (D 0,1,1)
 0 1 38 13458 41240  9 (D 0,1,1) (S 364,246,215) (S 318,215,213) (S 317,213,214) (S 319,214,215) (S 326,215,221) (S 327,221,222) (S 373,222,247) (D 0,1,1)
 0 1 39 13710 60134  9 (D 0,1,1) (S 320,214,216) (S 375,217,254) (S 374,212,254) (S 322,254,218) (S 323,218,219) (S 324,219,220) (S 325,219,216) (D 0,1,1)
 0 1 40 14670 62129  7 (D 0,1,1) (S 321,216,217) (S 315,212,207) (S 309,207,205) (S 306,204,205) (S 308,205,206) (D 0,1,1)
 0 1 41 14521 65050  8 (D 0,1,1) (S 316,213,206) (S 310,207,208) (S 311,208,209) (S 312,209,210) (S 313,210,211) (S 314,210,212) (D 0,1,1)
 0 1 42 14663 57128  9 (D 0,1,1) (S 307,206,201) (S 300,201,202) (S 301,202,203) (S 303,203,251) (S 304,251,252) (S 305,252,204) (S 302,204,203) (D 0,1,1)
