1623183
42
1909888
1224348
 0 1 1 14598 40209  14 (D 0,1,1) (S 52,25,38) (S 78,53,56) (S 82,58,59) (S 85,60,51) (S 93,50,4) (S 94,4,48) (S 92,4,66) (S 91,66,65) (S 84,60,59) (S 83,59,52) (S 72,52,53) (S 75,55,42) (D 0,1,1)
 0 1 2 13749 26097  10 (D 0,1,1) (S 37,255,9) (S 7,10,11) (S 44,11,33) (S 42,33,32) (S 56,34,41) (S 59,41,43) (S 55,41,39) (S 53,39,38) (D 0,1,1)
 0 1 3 13857 24508  14 (D 0,1,1) (S 220,150,125) (S 183,125,124) (S 182,124,123) (S 178,122,121) (S 229,121,155) (S 223,152,151) (S 221,151,150) (S 30,255,7) (S 3,7,6) (S 15,6,18) (S 14,18,17) (S 13,17,16) (D 0,1,1)
 0 1 4 14513 30164  17 (D 0,1,1) (S 204,140,139) (S 203,139,128) (S 188,128,129) (S 189,129,130) (S 190,130,131) (S 191,131,100) (S 147,100,2) (S 194,132,133) (S 195,133,134) (S 196,133,135) (S 197,135,136) (S 200,137,138) (S 201,138,139) (S 205,140,141) (S 218,141,150) (D 0,1,1)
 0 1 5 14406 29539  12 (D 0,1,1) (S 185,126,127) (S 187,127,128) (S 202,129,138) (S 199,137,130) (S 193,131,132) (S 192,132,100) (S 146,100,96) (S 141,96,97) (S 186,98,127) (S 219,126,150) (D 0,1,1)
 0 1 6 14501 40044  13 (D 0,1,1) (S 76,55,53) (S 79,56,57) (S 87,61,62) (S 88,62,63) (S 102,63,70) (S 101,70,71) (S 119,71,82) (S 121,83,84) (S 123,84,85) (S 124,85,86) (S 128,88,89) (D 0,1,1)
 0 1 7 14410 33078  7 (D 0,1,1) (S 180,123,116) (S 167,115,113) (S 163,113,112) (S 168,112,99) (S 144,99,98) (D 0,1,1)
 0 1 8 14159 26099  11 (D 0,1,1) (S 6,9,10) (S 38,10,30) (S 8,11,12) (S 9,12,13) (S 10,13,14) (S 62,14,44) (S 60,44,43) (S 58,43,42) (S 57,42,39) (D 0,1,1)
 0 1 9 14566 49103  7 (D 0,1,1) (S 89,60,64) (S 90,64,65) (S 96,66,67) (S 139,95,3) (S 140,3,96) (D 0,1,1)
 0 1 10 14654 32524  9 (D 0,1,1) (S 231,156,157) (S 242,157,161) (S 237,161,159) (S 236,159,160) (S 235,160,158) (S 227,154,153) (S 226,153,152) (D 0,1,1)
 0 1 11 14689 42017  9 (D 0,1,1) (S 169,115,99) (S 143,99,91) (S 135,92,94) (S 137,94,95) (S 138,95,68) (S 97,68,67) (S 95,67,64) (D 0,1,1)
 0 1 12 14241 38187  11 (D 0,1,1) (S 142,97,93) (S 134,93,94) (S 136,94,68) (S 98,68,69) (S 99,69,70) (S 100,69,71) (S 103,71,72) (S 104,72,73) (S 108,73,75) (D 0,1,1)
 0 1 13 14397 48584  11 (D 0,1,1) (S 164,113,114) (S 166,114,104) (S 154,105,107) (S 155,107,108) (S 158,107,109) (S 159,109,110) (S 157,109,108) (S 156,108,106) (S 174,118,119) (D 0,1,1)
 0 1 14 14110 36697  10 (D 0,1,1) (S 130,255,89) (S 129,89,90) (S 126,86,87) (S 125,87,84) (S 122,84,80) (S 115,80,78) (S 114,78,79) (S 113,78,76) (D 0,1,1)
 0 1 15 14575 37402  9 (D 0,1,1) (S 127,88,86) (S 148,87,101) (S 149,101,102) (S 160,102,111) (S 161,111,103) (S 150,103,102) (S 162,101,112) (D 0,1,1)
 0 1 16 14500 35795  7 (D 0,1,1) (S 181,124,122) (S 179,122,123) (S 171,116,117) (S 175,117,119) (S 176,119,120) (D 0,1,1)
 0 1 17 14484 41116  10 (D 0,1,1) (S 170,116,115) (S 165,114,111) (S 151,103,104) (S 152,104,105) (S 153,105,106) (S 172,106,118) (S 173,118,117) (S 177,117,121) (D 0,1,1)
 0 1 18 14467 32209  13 (D 0,1,1) (S 239,120,162) (S 240,162,163) (S 248,163,167) (S 249,167,168) (S 260,168,176) (S 259,176,175) (S 262,175,177) (S 261,177,176) (S 250,168,163) (S 232,157,154) (S 225,153,151) (D 0,1,1)
 0 1 19 14676 26295  12 (D 0,1,1) (S 184,126,125) (S 224,125,152) (S 228,152,155) (S 230,155,156) (S 238,156,162) (S 252,120,170) (S 253,170,171) (S 254,171,172) (S 255,172,173) (S 256,171,255) (D 0,1,1)
 0 1 20 13757 16463  15 (D 0,1,1) (S 27,1,25) (S 26,25,24) (S 24,24,22) (S 22,22,23) (S 23,23,21) (S 28,21,26) (S 33,27,28) (S 35,28,29) (S 32,28,23) (S 25,23,24) (S 21,22,20) (S 18,20,16) (S 1,5,1) (D 0,1,1)
 0 1 21 14342 20587  20 (D 0,1,1) (S 2,5,6) (S 29,8,26) (S 31,26,27) (S 34,27,29) (S 39,29,31) (S 41,31,32) (S 45,32,34) (S 46,34,35) (S 47,35,36) (S 48,36,33) (S 43,33,30) (S 40,30,31) (S 36,29,9) (S 5,9,8) (S 4,8,7) (S 17,7,19) (S 16,19,18) (S 12,16,5) (D 0,1,1)
 0 1 22 14677 33616  11 (D 0,1,1) (S 49,36,12) (S 61,37,44) (S 77,44,54) (S 73,54,53) (S 81,56,58) (S 80,58,57) (S 86,57,61) (S 106,62,74) (S 109,75,42) (D 0,1,1)
 0 1 23 12765 26144  7 (D 0,1,1) (S 343,255,233) (S 344,232,234) (S 342,234,233) (S 20,19,21) (S 19,21,20) (D 0,1,1)
 0 1 24 14552 37102  16 (D 0,1,1) (S 145,98,97) (S 133,93,92) (S 132,92,91) (S 131,91,83) (S 120,83,82) (S 118,82,81) (S 116,80,81) (S 117,81,72) (S 105,73,74) (S 107,74,75) (S 110,75,76) (S 111,76,77) (S 112,77,40) (S 54,40,39) (D 0,1,1)
 0 1 25 13801 36068  5 (D 0,1,1) (S 210,145,143) (S 209,143,144) (S 208,143,142) (D 0,1,1)
 0 1 26 14586 40632  15 (D 0,1,1) (S 50,35,37) (S 51,37,13) (S 11,14,15) (S 63,15,45) (S 64,45,46) (S 65,46,47) (S 67,49,48) (S 66,48,46) (S 68,46,49) (S 69,49,50) (S 70,50,51) (S 71,51,52) (S 74,54,55) (D 0,1,1)
 0 1 27 14677 46466  11 (D 0,1,1) (S 241,157,163) (S 258,166,175) (S 246,166,165) (S 244,165,164) (S 251,164,169) (S 243,164,161) (S 245,161,165) (S 234,159,158) (S 233,158,154) (D 0,1,1)
 0 1 28 14577 33601  10 (D 0,1,1) (S 257,170,174) (S 270,174,182) (S 269,182,181) (S 266,180,177) (S 268,177,181) (S 267,181,180) (S 265,180,179) (S 272,179,183) (D 0,1,1)
 0 1 29 14304 42928  9 (D 0,1,1) (S 271,174,183) (S 273,179,184) (S 274,184,185) (S 277,185,253) (S 275,185,178) (S 263,178,166) (S 247,166,167) (D 0,1,1)
 0 1 30 14683 36921  8 (D 0,1,1) (S 370,250,249) (S 368,249,248) (S 367,248,245) (S 363,245,246) (S 365,246,247) (S 371,247,250) (D 0,1,1)
 0 1 31 14560 52317  14 (D 0,1,1) (S 372,229,250) (S 361,245,244) (S 362,244,194) (S 290,195,196) (S 294,196,198) (S 296,196,199) (S 297,199,200) (S 298,200,201) (S 300,201,202) (S 299,202,200) (S 295,199,198) (S 293,198,197) (D 0,1,1)
 0 1 32 14354 46018  9 (D 0,1,1) (S 353,240,241) (S 355,241,242) (S 285,192,191) (S 284,191,189) (S 280,188,187) (S 276,186,185) (S 264,178,179) (D 0,1,1)
 0 1 33 14659 42550  13 (D 0,1,1) (S 335,227,228) (S 334,227,223) (S 328,223,222) (S 330,222,225) (S 331,225,224) (S 332,224,226) (S 329,224,221) (S 327,221,222) (S 333,225,223) (S 336,223,229) (S 340,231,232) (D 0,1,1)
 0 1 34 14200 43964  13 (D 0,1,1) (S 350,239,238) (S 287,193,192) (S 356,192,242) (S 357,242,243) (S 360,243,245) (S 359,244,243) (S 358,243,241) (S 354,241,239) (S 351,239,235) (S 352,235,240) (S 369,240,249) (D 0,1,1)
 0 1 35 14611 41284  10 (D 0,1,1) (S 278,184,187) (S 279,187,186) (S 292,186,197) (S 291,197,195) (S 289,195,194) (S 288,194,190) (S 283,190,189) (S 281,188,174) (D 0,1,1)
 0 1 36 14687 56269  8 (D 0,1,1) (S 307,206,201) (S 303,203,251) (S 304,251,252) (S 305,252,204) (S 306,204,205) (S 308,205,206) (D 0,1,1)
 0 1 37 14693 44864  11 (D 0,1,1) (S 338,231,230) (S 337,230,229) (S 366,248,247) (S 364,246,215) (S 317,214,213) (S 318,213,215) (S 326,215,221) (S 373,222,247) (S 339,229,231) (D 0,1,1)
 0 1 38 14521 65050  8 (D 0,1,1) (S 314,212,210) (S 313,210,211) (S 312,210,209) (S 311,209,208) (S 310,208,207) (S 316,206,213) (D 0,1,1)
 0 1 39 14625 62988  8 (D 0,1,1) (S 321,216,217) (S 375,217,254) (S 315,212,207) (S 309,207,205) (S 302,204,203) (S 301,203,202) (D 0,1,1)
 0 1 40 14661 36016  10 (D 0,1,1) (S 282,188,189) (S 286,191,193) (S 349,193,238) (S 348,238,236) (S 347,236,237) (S 346,236,235) (S 345,235,230) (S 341,232,233) (D 0,1,1)
 0 1 41 14594 60134  9 (D 0,1,1) (S 320,214,216) (S 325,216,219) (S 324,219,220) (S 323,219,218) (S 322,218,254) (S 374,212,254) (S 319,214,215) (D 0,1,1)
 0 1 42 13790 31534  13 (D 0,1,1) (S 222,255,150) (S 213,146,147) (S 214,135,147) (S 215,147,148) (S 216,148,149) (S 217,148,145) (S 211,145,146) (S 212,146,136) (S 198,136,137) (S 206,140,142) (S 207,142,141) (D 0,1,1)
