1640204
42
61620
56414
 0 1 1 10400 10400  12 (D 0,1,1) (S 1,1,5) (S 2,5,6) (S 15,6,18) (S 16,18,19) (S 20,19,21) (S 23,21,23) (S 22,23,22) (S 24,22,24) (S 26,24,25) (S 27,25,1) (D 0,1,1)
 0 1 2 14530 22944  20 (D 0,1,1) (S 21,20,22) (S 25,24,23) (S 32,23,28) (S 34,27,29) (S 36,29,9) (S 41,31,32) (S 42,32,33) (S 43,33,30) (S 40,30,31) (S 39,31,29) (S 35,29,28) (S 33,28,27) (S 31,27,26) (S 29,8,26) (S 28,26,21) (S 19,21,20) (S 18,20,16) (S 12,16,5) (D 0,1,1)
 0 1 3 14643 43322  16 (D 0,1,1) (S 13,16,17) (S 14,17,18) (S 17,19,7) (S 335,227,228) (S 334,227,223) (S 328,223,222) (S 330,222,225) (S 327,222,221) (S 329,221,224) (S 332,224,226) (S 331,224,225) (S 333,225,223) (S 336,223,229) (S 343,233,255) (D 0,1,1)
 0 1 4 14551 33020  14 (D 0,1,1) (S 187,127,128) (S 188,128,129) (S 202,129,138) (S 198,137,136) (S 213,146,147) (S 214,135,147) (S 215,147,148) (S 216,148,149) (S 217,148,145) (S 211,145,146) (S 212,146,136) (S 207,142,141) (D 0,1,1)
 0 1 5 14510 30382  11 (D 0,1,1) (S 221,150,151) (S 241,157,163) (S 250,163,168) (S 260,168,176) (S 261,176,177) (S 268,177,181) (S 269,181,182) (S 270,182,174) (S 257,174,170) (D 0,1,1)
 0 1 6 14429 30164  15 (D 0,1,1) (S 30,7,255) (S 205,141,140) (S 203,139,128) (S 189,129,130) (S 190,130,131) (S 191,131,100) (S 147,100,2) (S 194,132,133) (S 195,133,134) (S 196,133,135) (S 197,135,136) (S 201,138,139) (S 204,139,140) (D 0,1,1)
 0 1 7 14569 32785  6 (D 0,1,1) (S 180,123,116) (S 171,116,117) (S 229,121,155) (S 223,152,151) (D 0,1,1)
 0 1 8 14601 42110  11 (D 0,1,1) (S 220,150,125) (S 170,116,115) (S 167,115,113) (S 166,114,104) (S 153,105,106) (S 172,106,118) (S 174,118,119) (S 179,122,123) (S 222,150,255) (D 0,1,1)
 0 1 9 14622 35428  11 (D 0,1,1) (S 253,171,170) (S 252,170,120) (S 240,162,163) (S 249,167,168) (S 259,176,175) (S 262,175,177) (S 266,177,180) (S 267,180,181) (S 265,180,179) (D 0,1,1)
 0 1 10 14299 41807  10 (D 0,1,1) (S 272,183,179) (S 273,179,184) (S 279,187,186) (S 276,186,185) (S 275,185,178) (S 263,178,166) (S 258,166,175) (S 227,154,153) (D 0,1,1)
 0 1 11 14607 29518  12 (D 0,1,1) (S 228,152,155) (S 230,155,156) (S 232,157,154) (S 235,158,160) (S 236,160,159) (S 234,159,158) (S 233,158,154) (S 226,153,152) (S 224,152,125) (S 184,125,126) (D 0,1,1)
 0 1 12 14195 36292  6 (D 0,1,1) (S 210,145,143) (S 209,143,144) (S 208,143,142) (S 206,142,140) (D 0,1,1)
 0 1 13 14249 28053  13 (D 0,1,1) (S 219,150,126) (S 185,126,127) (S 186,127,98) (S 145,98,97) (S 141,97,96) (S 146,96,100) (S 192,100,132) (S 193,132,131) (S 199,130,137) (S 200,137,138) (S 218,141,150) (D 0,1,1)
 0 1 14 13790 35963  13 (D 0,1,1) (S 256,255,171) (S 255,172,173) (S 254,172,171) (S 239,120,162) (S 238,162,156) (S 231,156,157) (S 242,157,161) (S 245,161,165) (S 246,165,166) (S 247,166,167) (S 248,167,163) (D 0,1,1)
 0 1 15 14565 43519  7 (D 0,1,1) (S 237,159,161) (S 243,161,164) (S 251,164,169) (S 244,164,165) (S 225,153,151) (D 0,1,1)
 0 1 16 14688 40465  12 (D 0,1,1) (S 183,125,124) (S 182,124,123) (S 163,112,113) (S 164,113,114) (S 165,114,111) (S 160,111,102) (S 149,102,101) (S 162,101,112) (S 168,112,99) (S 169,99,115) (D 0,1,1)
 0 1 17 14696 41909  7 (D 0,1,1) (S 341,233,232) (S 366,247,248) (S 360,245,243) (S 359,243,244) (S 363,245,246) (D 0,1,1)
 0 1 18 14496 27197  11 (D 0,1,1) (S 6,9,10) (S 38,10,30) (S 47,36,35) (S 46,34,35) (S 50,35,37) (S 61,37,44) (S 59,43,41) (S 55,41,39) (S 52,38,25) (D 0,1,1)
 0 1 19 14649 31683  10 (D 0,1,1) (S 3,6,7) (S 4,7,8) (S 5,8,9) (S 37,9,255) (S 129,89,90) (S 128,89,88) (S 127,86,88) (S 130,89,255) (D 0,1,1)
 0 1 20 14399 30915  12 (D 0,1,1) (S 44,11,33) (S 45,32,34) (S 56,34,41) (S 60,43,44) (S 62,44,14) (S 10,14,13) (S 51,37,13) (S 9,13,12) (S 8,12,11) (S 7,11,10) (D 0,1,1)
 0 1 21 14486 39916  14 (D 0,1,1) (S 283,189,190) (S 288,190,194) (S 290,195,196) (S 294,196,198) (S 293,198,197) (S 291,197,195) (S 289,195,194) (S 362,194,244) (S 361,244,245) (S 367,245,248) (S 368,248,249) (S 370,249,250) (D 0,1,1)
 0 1 22 14544 32815  7 (D 0,1,1) (S 340,232,231) (S 337,230,229) (S 371,247,250) (S 344,232,234) (S 342,234,233) (D 0,1,1)
 0 1 23 14582 41823  12 (D 0,1,1) (S 372,229,250) (S 352,240,235) (S 351,235,239) (S 286,191,193) (S 349,193,238) (S 348,238,236) (S 347,236,237) (S 346,236,235) (S 345,235,230) (S 338,230,231) (D 0,1,1)
 0 1 24 14386 43471  9 (D 0,1,1) (S 271,174,183) (S 264,179,178) (S 277,185,253) (S 274,185,184) (S 278,184,187) (S 280,187,188) (S 281,188,174) (D 0,1,1)
 0 1 25 14578 31344  7 (D 0,1,1) (S 176,120,119) (S 175,119,117) (S 177,117,121) (S 178,121,122) (S 181,122,124) (D 0,1,1)
 0 1 26 14541 40179  7 (D 0,1,1) (S 142,97,93) (S 134,93,94) (S 136,94,68) (S 139,95,3) (S 140,3,96) (D 0,1,1)
 0 1 27 14236 40677  13 (D 0,1,1) (S 58,42,43) (S 82,58,59) (S 83,59,52) (S 71,52,51) (S 93,50,4) (S 94,4,48) (S 92,4,66) (S 91,66,65) (S 89,64,60) (S 76,53,55) (S 75,55,42) (D 0,1,1)
 0 1 28 14644 47755  14 (D 0,1,1) (S 148,87,101) (S 150,102,103) (S 161,111,103) (S 151,103,104) (S 152,104,105) (S 154,105,107) (S 157,108,109) (S 159,109,110) (S 158,109,107) (S 155,107,108) (S 156,108,106) (S 173,118,117) (D 0,1,1)
 0 1 29 14330 23452  9 (D 0,1,1) (S 54,39,40) (S 112,40,77) (S 111,77,76) (S 110,76,75) (S 109,75,42) (S 57,42,39) (S 53,39,38) (D 0,1,1)
 0 1 30 13803 36378  8 (D 0,1,1) (S 113,76,78) (S 114,78,79) (S 115,78,80) (S 122,80,84) (S 123,84,85) (S 124,85,86) (D 0,1,1)
 0 1 31 14591 43783  14 (D 0,1,1) (S 108,75,73) (S 105,73,74) (S 106,74,62) (S 87,62,61) (S 86,61,57) (S 80,57,58) (S 95,64,67) (S 96,67,66) (S 90,65,64) (S 81,58,56) (S 78,56,53) (S 74,54,55) (D 0,1,1)
 0 1 32 14577 40568  15 (D 0,1,1) (S 84,59,60) (S 85,60,51) (S 70,51,50) (S 69,50,49) (S 68,49,46) (S 65,46,47) (S 67,49,48) (S 66,48,46) (S 64,46,45) (S 63,45,15) (S 11,15,14) (S 49,12,36) (S 48,36,33) (D 0,1,1)
 0 1 33 14580 46344  11 (D 0,1,1) (S 133,93,92) (S 135,92,94) (S 137,94,95) (S 138,95,68) (S 98,68,69) (S 97,68,67) (S 72,52,53) (S 73,53,54) (S 77,54,44) (D 0,1,1)
 0 1 34 14667 44447  13 (D 0,1,1) (S 126,86,87) (S 125,87,84) (S 121,84,83) (S 119,82,71) (S 103,71,72) (S 101,71,70) (S 99,70,69) (S 100,69,71) (S 102,70,63) (S 88,63,62) (S 79,57,56) (D 0,1,1)
 0 1 35 14680 38364  12 (D 0,1,1) (S 107,75,74) (S 104,73,72) (S 117,72,81) (S 116,80,81) (S 118,81,82) (S 120,82,83) (S 131,83,91) (S 132,91,92) (S 143,91,99) (S 144,99,98) (D 0,1,1)
 0 1 36 14561 41240  9 (D 0,1,1) (S 365,247,246) (S 364,246,215) (S 317,214,213) (S 318,213,215) (S 326,215,221) (S 373,222,247) (S 339,229,231) (D 0,1,1)
 0 1 37 14594 60134  9 (D 0,1,1) (S 320,214,216) (S 374,212,254) (S 322,254,218) (S 323,218,219) (S 324,219,220) (S 325,219,216) (S 319,214,215) (D 0,1,1)
 0 1 38 14521 65050  8 (D 0,1,1) (S 316,213,206) (S 310,207,208) (S 311,208,209) (S 312,209,210) (S 313,210,211) (S 314,210,212) (D 0,1,1)
 0 1 39 14625 62988  8 (D 0,1,1) (S 321,216,217) (S 375,217,254) (S 315,212,207) (S 309,207,205) (S 302,204,203) (S 301,203,202) (D 0,1,1)
 0 1 40 14687 56269  8 (D 0,1,1) (S 308,206,205) (S 306,205,204) (S 305,204,252) (S 304,252,251) (S 303,251,203) (S 307,201,206) (D 0,1,1)
 0 1 41 14384 53745  9 (D 0,1,1) (S 292,186,197) (S 295,198,199) (S 297,199,200) (S 299,200,202) (S 300,202,201) (S 298,201,200) (S 296,199,196) (D 0,1,1)
 0 1 42 14143 41586  14 (D 0,1,1) (S 369,249,240) (S 353,240,241) (S 354,241,239) (S 350,239,238) (S 287,193,192) (S 357,242,243) (S 358,243,241) (S 355,241,242) (S 356,242,192) (S 285,192,191) (S 284,191,189) (S 282,189,188) (D 0,1,1)
