1612530
42
1801864
1756488
 0 1 1 8131 8659  8 (D 0,1,1) (S 27,1,25) (S 26,25,24) (S 21,22,20) (S 18,20,16) (S 12,16,5) (S 1,5,1) (D 0,1,1)
 0 1 2 13762 20454  20 (D 0,1,1) (S 2,5,6) (S 3,6,7) (S 5,8,9) (S 36,9,29) (S 35,29,28) (S 33,27,28) (S 32,28,23) (S 25,23,24) (S 24,24,22) (S 22,22,23) (S 23,23,21) (S 19,20,21) (S 28,21,26) (S 29,26,8) (S 4,8,7) (S 17,7,19) (S 14,18,17) (S 13,17,16) (D 0,1,1)
 0 1 3 14572 36068  7 (D 0,1,1) (S 218,150,141) (S 200,138,137) (S 210,145,143) (S 209,143,144) (S 208,143,142) (D 0,1,1)
 0 1 4 14207 30387  15 (D 0,1,1) (S 187,127,128) (S 188,128,129) (S 202,129,138) (S 212,136,146) (S 211,146,145) (S 217,145,148) (S 216,148,149) (S 215,148,147) (S 214,147,135) (S 197,135,136) (S 198,136,137) (S 201,138,139) (S 204,139,140) (D 0,1,1)
 0 1 5 14468 31177  11 (D 0,1,1) (S 219,150,126) (S 185,126,127) (S 186,127,98) (S 145,98,97) (S 141,97,96) (S 146,96,100) (S 147,100,2) (S 193,132,131) (S 199,130,137) (D 0,1,1)
 0 1 6 14654 29673  16 (D 0,1,1) (S 207,141,142) (S 206,142,140) (S 213,146,147) (S 196,135,133) (S 195,133,134) (S 194,133,132) (S 192,132,100) (S 191,100,131) (S 190,131,130) (S 189,130,129) (S 203,128,139) (S 205,140,141) (S 222,150,255) (S 30,255,7) (D 0,1,1)
 0 1 7 14080 29427  8 (D 0,1,1) (S 343,255,233) (S 342,233,234) (S 344,234,232) (S 339,231,229) (S 372,250,229) (S 340,231,232) (D 0,1,1)
 0 1 8 14658 37756  8 (D 0,1,1) (S 336,229,223) (S 335,227,228) (S 334,227,223) (S 328,223,222) (S 373,222,247) (S 341,232,233) (D 0,1,1)
 0 1 9 14423 27967  12 (D 0,1,1) (S 59,41,43) (S 60,43,44) (S 61,44,37) (S 50,37,35) (S 45,34,32) (S 42,32,33) (S 41,32,31) (S 38,30,10) (S 6,10,9) (S 37,9,255) (D 0,1,1)
 0 1 10 14547 25932  9 (D 0,1,1) (S 7,10,11) (S 8,11,12) (S 9,12,13) (S 10,13,14) (S 62,14,44) (S 58,43,42) (S 57,42,39) (D 0,1,1)
 0 1 11 14685 31473  9 (D 0,1,1) (S 221,150,151) (S 233,154,158) (S 236,159,160) (S 235,160,158) (S 234,158,159) (S 237,159,161) (S 242,161,157) (D 0,1,1)
 0 1 12 14414 29476  10 (D 0,1,1) (S 227,153,154) (S 232,154,157) (S 238,156,162) (S 240,162,163) (S 241,163,157) (S 231,157,156) (S 230,156,155) (S 223,152,151) (D 0,1,1)
 0 1 13 14700 25574  10 (D 0,1,1) (S 225,151,153) (S 226,153,152) (S 224,152,125) (S 183,125,124) (S 181,124,122) (S 178,122,121) (S 229,121,155) (S 228,155,152) (D 0,1,1)
 0 1 14 14602 20540  17 (D 0,1,1) (S 52,25,38) (S 53,38,39) (S 55,39,41) (S 56,41,34) (S 46,34,35) (S 47,35,36) (S 48,36,33) (S 43,33,30) (S 40,30,31) (S 39,31,29) (S 34,29,27) (S 31,27,26) (S 20,21,19) (S 16,19,18) (S 15,18,6) (D 0,1,1)
 0 1 15 14524 47191  15 (D 0,1,1) (S 130,255,89) (S 129,89,90) (S 128,89,88) (S 148,87,101) (S 160,102,111) (S 161,111,103) (S 151,103,104) (S 165,114,111) (S 150,103,102) (S 149,102,101) (S 162,101,112) (S 163,112,113) (S 170,115,116) (D 0,1,1)
 0 1 16 14524 48816  13 (D 0,1,1) (S 164,113,114) (S 166,114,104) (S 152,104,105) (S 155,107,108) (S 156,108,106) (S 157,108,109) (S 159,109,110) (S 158,109,107) (S 154,107,105) (S 153,105,106) (S 172,106,118) (D 0,1,1)
 0 1 17 14354 37930  6 (D 0,1,1) (S 177,121,117) (S 174,119,118) (S 173,118,117) (S 171,117,116) (D 0,1,1)
 0 1 18 14597 41586  13 (D 0,1,1) (S 134,93,94) (S 137,94,95) (S 138,95,68) (S 98,68,69) (S 100,69,71) (S 119,71,82) (S 131,83,91) (S 132,91,92) (S 143,91,99) (S 169,99,115) (S 182,123,124) (D 0,1,1)
 0 1 19 14673 34289  7 (D 0,1,1) (S 179,122,123) (S 180,123,116) (S 167,115,113) (S 168,112,99) (S 144,99,98) (D 0,1,1)
 0 1 20 14589 40458  9 (D 0,1,1) (S 220,150,125) (S 184,125,126) (S 142,97,93) (S 133,93,92) (S 135,92,94) (S 139,95,3) (S 140,3,96) (D 0,1,1)
 0 1 21 14533 33976  9 (D 0,1,1) (S 256,255,171) (S 254,171,172) (S 255,172,173) (S 253,171,170) (S 252,170,120) (S 176,120,119) (S 175,119,117) (D 0,1,1)
 0 1 22 14521 33957  7 (D 0,1,1) (S 127,88,86) (S 126,86,87) (S 125,87,84) (S 123,84,85) (S 124,85,86) (D 0,1,1)
 0 1 23 14647 30023  15 (D 0,1,1) (S 54,39,40) (S 112,40,77) (S 111,77,76) (S 110,76,75) (S 105,73,74) (S 106,74,62) (S 87,62,61) (S 86,61,57) (S 80,57,58) (S 81,58,56) (S 78,56,53) (S 76,53,55) (S 75,55,42) (D 0,1,1)
 0 1 24 14660 38015  11 (D 0,1,1) (S 109,42,75) (S 108,75,73) (S 104,73,72) (S 103,72,71) (S 101,71,70) (S 99,69,70) (S 102,70,63) (S 88,63,62) (S 79,57,56) (D 0,1,1)
 0 1 25 14686 40252  10 (D 0,1,1) (S 77,44,54) (S 73,54,53) (S 72,53,52) (S 83,52,59) (S 89,60,64) (S 95,64,67) (S 97,67,68) (S 136,68,94) (D 0,1,1)
 0 1 26 14084 49405  13 (D 0,1,1) (S 85,60,51) (S 69,50,49) (S 65,46,47) (S 66,46,48) (S 92,4,66) (S 96,66,67) (S 91,66,65) (S 90,65,64) (S 84,60,59) (S 82,59,58) (S 74,54,55) (D 0,1,1)
 0 1 27 14671 39253  14 (D 0,1,1) (S 71,52,51) (S 70,51,50) (S 93,50,4) (S 94,4,48) (S 67,48,49) (S 68,49,46) (S 64,46,45) (S 63,45,15) (S 11,15,14) (S 51,37,13) (S 49,12,36) (S 44,33,11) (D 0,1,1)
 0 1 28 14668 38958  12 (D 0,1,1) (S 113,76,78) (S 114,78,79) (S 115,78,80) (S 116,80,81) (S 122,80,84) (S 121,84,83) (S 120,83,82) (S 118,82,81) (S 117,81,72) (S 107,74,75) (D 0,1,1)
 0 1 29 14696 37841  11 (D 0,1,1) (S 338,231,230) (S 345,230,235) (S 346,235,236) (S 347,236,237) (S 348,236,238) (S 350,238,239) (S 351,239,235) (S 352,235,240) (S 370,249,250) (D 0,1,1)
 0 1 30 14500 43093  10 (D 0,1,1) (S 369,249,240) (S 353,240,241) (S 355,241,242) (S 356,242,192) (S 357,242,243) (S 359,243,244) (S 361,244,245) (S 363,245,246) (D 0,1,1)
 0 1 31 14630 42482  12 (D 0,1,1) (S 365,247,246) (S 364,246,215) (S 326,215,221) (S 330,222,225) (S 331,225,224) (S 332,224,226) (S 329,224,221) (S 327,221,222) (S 333,225,223) (S 337,229,230) (D 0,1,1)
 0 1 32 14634 65050  9 (D 0,1,1) (S 371,250,247) (S 310,207,208) (S 311,208,209) (S 312,209,210) (S 313,210,211) (S 314,210,212) (S 375,254,217) (D 0,1,1)
 0 1 33 14594 60134  9 (D 0,1,1) (S 320,214,216) (S 325,216,219) (S 324,219,220) (S 323,219,218) (S 322,218,254) (S 374,212,254) (S 319,214,215) (D 0,1,1)
 0 1 34 14628 58082  8 (D 0,1,1) (S 317,214,213) (S 303,203,251) (S 304,251,252) (S 305,252,204) (S 302,204,203) (S 301,203,202) (D 0,1,1)
 0 1 35 14670 62129  7 (D 0,1,1) (S 308,206,205) (S 306,204,205) (S 309,205,207) (S 315,207,212) (S 321,217,216) (D 0,1,1)
 0 1 36 14517 48507  14 (D 0,1,1) (S 318,215,213) (S 316,213,206) (S 307,206,201) (S 298,200,201) (S 300,201,202) (S 299,202,200) (S 297,200,199) (S 296,199,196) (S 290,196,195) (S 289,195,194) (S 362,194,244) (S 368,248,249) (D 0,1,1)
 0 1 37 14650 38054  9 (D 0,1,1) (S 271,174,183) (S 264,179,178) (S 275,178,185) (S 276,185,186) (S 279,186,187) (S 280,187,188) (S 281,188,174) (D 0,1,1)
 0 1 38 14577 33601  10 (D 0,1,1) (S 272,183,179) (S 265,179,180) (S 267,180,181) (S 266,180,177) (S 268,177,181) (S 269,181,182) (S 270,182,174) (S 257,174,170) (D 0,1,1)
 0 1 39 14585 48424  10 (D 0,1,1) (S 278,184,187) (S 292,186,197) (S 294,198,196) (S 295,199,198) (S 293,198,197) (S 291,197,195) (S 288,194,190) (S 283,190,189) (D 0,1,1)
 0 1 40 14684 42582  13 (D 0,1,1) (S 366,247,248) (S 367,248,245) (S 360,245,243) (S 358,243,241) (S 354,241,239) (S 349,238,193) (S 286,193,191) (S 285,191,192) (S 287,192,193) (S 284,191,189) (S 282,189,188) (D 0,1,1)
 0 1 41 14593 46530  10 (D 0,1,1) (S 249,167,168) (S 261,176,177) (S 262,177,175) (S 258,175,166) (S 263,166,178) (S 277,185,253) (S 274,185,184) (S 273,184,179) (D 0,1,1)
 0 1 42 14636 47349  13 (D 0,1,1) (S 248,163,167) (S 247,167,166) (S 245,165,161) (S 243,161,164) (S 251,164,169) (S 244,164,165) (S 246,165,166) (S 259,175,176) (S 260,176,168) (S 250,168,163) (S 239,162,120) (D 0,1,1)
