1618639
42
2400769
2319951
 0 1 1 14468 26986  7 (D 0,1,1) (S 5,8,9) (S 37,9,255) (S 342,233,234) (S 344,234,232) (S 343,233,255) (D 0,1,1)
 0 1 2 13625 49316  7 (D 0,1,1) (S 83,52,59) (S 95,64,67) (S 96,66,67) (S 97,67,68) (S 138,68,95) (D 0,1,1)
 0 1 3 14617 21051  15 (D 0,1,1) (S 52,25,38) (S 53,38,39) (S 55,39,41) (S 56,41,34) (S 45,34,32) (S 41,32,31) (S 40,31,30) (S 39,31,29) (S 34,29,27) (S 33,27,28) (S 32,28,23) (S 22,23,22) (S 21,22,20) (D 0,1,1)
 0 1 4 14503 43940  7 (D 0,1,1) (S 237,159,161) (S 243,161,164) (S 251,164,169) (S 244,164,165) (S 247,166,167) (D 0,1,1)
 0 1 5 13586 14114  16 (D 0,1,1) (S 1,1,5) (S 12,5,16) (S 18,16,20) (S 19,20,21) (S 20,21,19) (S 17,19,7) (S 4,7,8) (S 29,8,26) (S 28,26,21) (S 23,21,23) (S 25,23,24) (S 24,22,24) (S 26,24,25) (S 27,25,1) (D 0,1,1)
 0 1 6 14405 30149  15 (D 0,1,1) (S 198,137,136) (S 197,136,135) (S 196,135,133) (S 195,133,134) (S 194,133,132) (S 147,100,2) (S 191,100,131) (S 190,131,130) (S 199,130,137) (S 201,138,139) (S 206,140,142) (S 207,142,141) (S 218,141,150) (D 0,1,1)
 0 1 7 14677 39574  14 (D 0,1,1) (S 15,18,6) (S 272,183,179) (S 265,179,180) (S 267,180,181) (S 268,181,177) (S 261,177,176) (S 259,176,175) (S 258,166,175) (S 262,175,177) (S 266,177,180) (S 269,181,182) (S 270,182,174) (D 0,1,1)
 0 1 8 14347 32456  14 (D 0,1,1) (S 211,146,145) (S 217,145,148) (S 216,148,149) (S 215,148,147) (S 214,135,147) (S 213,147,146) (S 212,146,136) (S 200,137,138) (S 202,138,129) (S 187,128,127) (S 185,127,126) (S 219,126,150) (D 0,1,1)
 0 1 9 13880 28632  13 (D 0,1,1) (S 205,141,140) (S 204,140,139) (S 203,139,128) (S 188,128,129) (S 189,129,130) (S 193,131,132) (S 192,132,100) (S 146,100,96) (S 141,96,97) (S 145,97,98) (S 186,98,127) (D 0,1,1)
 0 1 10 14021 24595  20 (D 0,1,1) (S 13,16,17) (S 14,17,18) (S 16,18,19) (S 31,26,27) (S 35,28,29) (S 36,29,9) (S 223,151,152) (S 226,152,153) (S 227,153,154) (S 233,154,158) (S 235,158,160) (S 236,160,159) (S 234,159,158) (S 225,153,151) (S 221,151,150) (S 222,150,255) (S 3,7,6) (S 2,6,5) (D 0,1,1)
 0 1 11 14569 28430  10 (D 0,1,1) (S 252,170,120) (S 240,162,163) (S 248,163,167) (S 249,167,168) (S 260,168,176) (S 250,168,163) (S 241,163,157) (S 232,157,154) (D 0,1,1)
 0 1 12 13801 36068  5 (D 0,1,1) (S 208,142,143) (S 209,143,144) (S 210,143,145) (D 0,1,1)
 0 1 13 14689 41790  12 (D 0,1,1) (S 282,188,189) (S 283,189,190) (S 288,190,194) (S 289,194,195) (S 294,196,198) (S 293,198,197) (S 292,197,186) (S 278,187,184) (S 273,184,179) (S 271,183,174) (D 0,1,1)
 0 1 14 14660 35984  9 (D 0,1,1) (S 264,179,178) (S 263,178,166) (S 246,166,165) (S 245,165,161) (S 242,161,157) (S 231,157,156) (S 230,156,155) (D 0,1,1)
 0 1 15 14283 34416  8 (D 0,1,1) (S 238,156,162) (S 239,162,120) (S 176,120,119) (S 175,119,117) (S 177,117,121) (S 181,122,124) (D 0,1,1)
 0 1 16 14657 24909  11 (D 0,1,1) (S 220,150,125) (S 224,125,152) (S 228,152,155) (S 229,155,121) (S 178,121,122) (S 179,122,123) (S 182,123,124) (S 183,124,125) (S 184,125,126) (D 0,1,1)
 0 1 17 13738 33950  10 (D 0,1,1) (S 30,7,255) (S 254,171,172) (S 255,172,173) (S 256,171,255) (S 128,89,88) (S 127,86,88) (S 129,89,90) (S 130,89,255) (D 0,1,1)
 0 1 18 14428 26176  11 (D 0,1,1) (S 57,39,42) (S 58,42,43) (S 62,44,14) (S 10,14,13) (S 51,13,37) (S 50,37,35) (S 48,36,33) (S 43,33,30) (S 38,30,10) (D 0,1,1)
 0 1 19 14489 40484  8 (D 0,1,1) (S 140,96,3) (S 139,3,95) (S 137,95,94) (S 135,94,92) (S 143,91,99) (S 169,99,115) (D 0,1,1)
 0 1 20 14410 33078  7 (D 0,1,1) (S 180,123,116) (S 167,115,113) (S 163,113,112) (S 168,112,99) (S 144,99,98) (D 0,1,1)
 0 1 21 14626 42541  9 (D 0,1,1) (S 171,116,117) (S 173,117,118) (S 172,118,106) (S 153,106,105) (S 166,104,114) (S 164,114,113) (S 170,115,116) (D 0,1,1)
 0 1 22 14654 45307  12 (D 0,1,1) (S 124,86,85) (S 123,85,84) (S 125,84,87) (S 148,87,101) (S 162,101,112) (S 165,114,111) (S 161,111,103) (S 150,103,102) (S 149,102,101) (S 126,87,86) (D 0,1,1)
 0 1 23 14515 40820  11 (D 0,1,1) (S 340,232,231) (S 371,250,247) (S 364,246,215) (S 319,215,214) (S 317,214,213) (S 318,213,215) (S 326,215,221) (S 327,221,222) (S 333,225,223) (D 0,1,1)
 0 1 24 14502 42970  11 (D 0,1,1) (S 336,229,223) (S 334,223,227) (S 335,227,228) (S 328,223,222) (S 330,222,225) (S 331,225,224) (S 332,224,226) (S 329,224,221) (S 373,222,247) (D 0,1,1)
 0 1 25 14580 52941  11 (D 0,1,1) (S 366,247,248) (S 291,195,197) (S 295,198,199) (S 297,199,200) (S 298,200,201) (S 299,202,200) (S 296,199,196) (S 290,196,195) (S 362,194,244) (D 0,1,1)
 0 1 26 14692 40237  8 (D 0,1,1) (S 281,174,188) (S 285,191,192) (S 357,242,243) (S 360,243,245) (S 363,245,246) (S 365,246,247) (D 0,1,1)
 0 1 27 14522 60134  10 (D 0,1,1) (S 372,229,250) (S 320,214,216) (S 375,217,254) (S 374,212,254) (S 322,254,218) (S 323,218,219) (S 324,219,220) (S 325,219,216) (D 0,1,1)
 0 1 28 14521 65050  8 (D 0,1,1) (S 316,213,206) (S 310,207,208) (S 311,208,209) (S 312,209,210) (S 313,210,211) (S 314,210,212) (D 0,1,1)
 0 1 29 14670 62129  7 (D 0,1,1) (S 308,206,205) (S 306,204,205) (S 309,205,207) (S 315,207,212) (S 321,217,216) (D 0,1,1)
 0 1 30 14663 57128  9 (D 0,1,1) (S 307,206,201) (S 300,201,202) (S 301,202,203) (S 303,203,251) (S 304,251,252) (S 305,252,204) (S 302,204,203) (D 0,1,1)
 0 1 31 14596 36580  11 (D 0,1,1) (S 370,250,249) (S 368,249,248) (S 367,248,245) (S 361,245,244) (S 359,244,243) (S 358,243,241) (S 354,241,239) (S 338,230,231) (S 341,232,233) (D 0,1,1)
 0 1 32 13646 34765  11 (D 0,1,1) (S 253,171,170) (S 257,170,174) (S 284,189,191) (S 286,191,193) (S 287,193,192) (S 356,192,242) (S 355,242,241) (S 353,241,240) (S 369,240,249) (D 0,1,1)
 0 1 33 14069 39955  12 (D 0,1,1) (S 339,231,229) (S 352,240,235) (S 351,235,239) (S 350,239,238) (S 349,238,193) (S 348,238,236) (S 347,236,237) (S 346,236,235) (S 345,235,230) (S 337,230,229) (D 0,1,1)
 0 1 34 14516 49741  12 (D 0,1,1) (S 160,102,111) (S 151,103,104) (S 152,104,105) (S 154,105,107) (S 158,107,109) (S 159,109,110) (S 157,109,108) (S 155,107,108) (S 156,108,106) (S 174,118,119) (D 0,1,1)
 0 1 35 14239 36493  11 (D 0,1,1) (S 79,56,57) (S 88,62,63) (S 102,63,70) (S 99,70,69) (S 100,69,71) (S 103,71,72) (S 104,72,73) (S 108,73,75) (S 109,75,42) (D 0,1,1)
 0 1 36 14670 47896  8 (D 0,1,1) (S 280,188,187) (S 279,187,186) (S 276,186,185) (S 274,184,185) (S 277,185,253) (S 275,185,178) (D 0,1,1)
 0 1 37 14613 29401  15 (D 0,1,1) (S 54,39,40) (S 112,40,77) (S 111,77,76) (S 110,76,75) (S 107,75,74) (S 106,74,62) (S 87,62,61) (S 86,61,57) (S 80,57,58) (S 81,58,56) (S 78,56,53) (S 76,53,55) (S 75,55,42) (D 0,1,1)
 0 1 38 14544 40317  12 (D 0,1,1) (S 8,11,12) (S 11,14,15) (S 63,15,45) (S 64,45,46) (S 65,46,47) (S 66,46,48) (S 94,48,4) (S 93,4,50) (S 85,51,60) (S 77,54,44) (D 0,1,1)
 0 1 39 14278 27918  13 (D 0,1,1) (S 59,41,43) (S 60,43,44) (S 61,44,37) (S 9,13,12) (S 49,12,36) (S 47,36,35) (S 46,35,34) (S 42,32,33) (S 44,33,11) (S 7,11,10) (S 6,10,9) (D 0,1,1)
 0 1 40 14448 38146  9 (D 0,1,1) (S 133,93,92) (S 132,92,91) (S 131,91,83) (S 118,82,81) (S 115,80,78) (S 114,78,79) (S 113,78,76) (D 0,1,1)
 0 1 41 14139 41582  14 (D 0,1,1) (S 105,74,73) (S 117,72,81) (S 116,81,80) (S 122,80,84) (S 121,84,83) (S 120,83,82) (S 119,82,71) (S 101,71,70) (S 98,69,68) (S 136,68,94) (S 134,94,93) (S 142,93,97) (D 0,1,1)
 0 1 42 14672 40490  16 (D 0,1,1) (S 74,55,54) (S 73,54,53) (S 72,53,52) (S 71,52,51) (S 70,51,50) (S 69,50,49) (S 68,46,49) (S 67,49,48) (S 92,4,66) (S 91,66,65) (S 90,65,64) (S 89,64,60) (S 84,60,59) (S 82,59,58) (D 0,1,1)
