1614874
42
1801825
1588643
 0 1 1 14519 24539  7 (D 0,1,1) (S 1,1,5) (S 2,5,6) (S 3,6,7) (S 342,233,234) (S 344,234,232) (D 0,1,1)
 0 1 2 14347 42550  13 (D 0,1,1) (S 339,231,229) (S 336,229,223) (S 335,227,228) (S 334,227,223) (S 333,223,225) (S 331,225,224) (S 332,224,226) (S 329,224,221) (S 330,222,225) (S 328,222,223) (S 340,231,232) (D 0,1,1)
 0 1 3 14526 33391  8 (D 0,1,1) (S 370,250,249) (S 369,249,240) (S 353,240,241) (S 354,241,239) (S 345,235,230) (S 341,232,233) (D 0,1,1)
 0 1 4 14425 39182  6 (D 0,1,1) (S 140,96,3) (S 139,3,95) (S 137,95,94) (S 142,93,97) (D 0,1,1)
 0 1 5 14700 45652  14 (D 0,1,1) (S 285,191,192) (S 356,192,242) (S 355,242,241) (S 358,241,243) (S 360,243,245) (S 361,245,244) (S 359,244,243) (S 357,243,242) (S 287,192,193) (S 348,238,236) (S 347,236,237) (S 346,236,235) (D 0,1,1)
 0 1 6 14213 41250  8 (D 0,1,1) (S 280,188,187) (S 279,187,186) (S 292,186,197) (S 288,194,190) (S 283,190,189) (S 282,189,188) (D 0,1,1)
 0 1 7 14431 35261  10 (D 0,1,1) (S 257,170,174) (S 281,174,188) (S 284,189,191) (S 286,191,193) (S 349,193,238) (S 350,238,239) (S 351,239,235) (S 352,235,240) (D 0,1,1)
 0 1 8 14671 41886  10 (D 0,1,1) (S 271,174,183) (S 272,183,179) (S 278,184,187) (S 276,186,185) (S 275,185,178) (S 263,178,166) (S 259,175,176) (S 250,168,163) (D 0,1,1)
 0 1 9 14570 46236  11 (D 0,1,1) (S 249,167,168) (S 260,168,176) (S 261,176,177) (S 266,177,180) (S 265,180,179) (S 264,179,178) (S 277,185,253) (S 274,185,184) (S 273,184,179) (D 0,1,1)
 0 1 10 14313 35234  11 (D 0,1,1) (S 237,159,161) (S 245,161,165) (S 246,165,166) (S 258,166,175) (S 262,175,177) (S 268,177,181) (S 267,180,181) (S 269,181,182) (S 270,182,174) (D 0,1,1)
 0 1 11 14533 33976  9 (D 0,1,1) (S 256,255,171) (S 254,171,172) (S 255,172,173) (S 253,171,170) (S 252,170,120) (S 176,120,119) (S 175,119,117) (D 0,1,1)
 0 1 12 14598 41635  9 (D 0,1,1) (S 167,115,113) (S 164,113,114) (S 166,114,104) (S 152,104,105) (S 153,105,106) (S 172,106,118) (S 174,118,119) (D 0,1,1)
 0 1 13 14175 47331  13 (D 0,1,1) (S 173,117,118) (S 156,106,108) (S 155,107,108) (S 157,108,109) (S 159,109,110) (S 158,109,107) (S 154,107,105) (S 151,104,103) (S 150,103,102) (S 148,101,87) (S 126,87,86) (D 0,1,1)
 0 1 14 14134 41658  10 (D 0,1,1) (S 144,98,99) (S 168,99,112) (S 163,112,113) (S 162,112,101) (S 149,101,102) (S 160,102,111) (S 161,111,103) (S 165,111,114) (D 0,1,1)
 0 1 15 14557 31964  8 (D 0,1,1) (S 184,126,125) (S 180,123,116) (S 171,116,117) (S 177,117,121) (S 179,122,123) (S 182,123,124) (D 0,1,1)
 0 1 16 14479 25659  10 (D 0,1,1) (S 5,8,9) (S 38,10,30) (S 43,30,33) (S 48,33,36) (S 49,36,12) (S 61,37,44) (S 58,43,42) (S 57,42,39) (D 0,1,1)
 0 1 17 14683 23983  10 (D 0,1,1) (S 30,7,255) (S 220,150,125) (S 224,125,152) (S 228,152,155) (S 229,155,121) (S 178,121,122) (S 181,122,124) (S 183,124,125) (D 0,1,1)
 0 1 18 14042 41764  12 (D 0,1,1) (S 343,255,233) (S 338,231,230) (S 337,230,229) (S 372,229,250) (S 373,247,222) (S 327,222,221) (S 326,221,215) (S 319,215,214) (S 317,214,213) (S 318,213,215) (D 0,1,1)
 0 1 19 14282 30951  14 (D 0,1,1) (S 207,141,142) (S 206,142,140) (S 198,137,136) (S 197,136,135) (S 214,135,147) (S 215,147,148) (S 216,148,149) (S 217,148,145) (S 211,145,146) (S 202,138,129) (S 188,129,128) (S 187,128,127) (D 0,1,1)
 0 1 20 14696 32604  17 (D 0,1,1) (S 204,140,139) (S 201,139,138) (S 200,138,137) (S 212,136,146) (S 213,146,147) (S 196,135,133) (S 195,133,134) (S 194,133,132) (S 147,100,2) (S 192,100,132) (S 193,132,131) (S 190,131,130) (S 189,130,129) (S 203,128,139) (S 205,140,141) (D 0,1,1)
 0 1 21 14348 36068  6 (D 0,1,1) (S 210,145,143) (S 209,143,144) (S 208,143,142) (S 218,141,150) (D 0,1,1)
 0 1 22 14082 33957  7 (D 0,1,1) (S 125,87,84) (S 123,84,85) (S 124,85,86) (S 127,86,88) (S 128,88,89) (D 0,1,1)
 0 1 23 13275 27489  18 (D 0,1,1) (S 12,5,16) (S 18,16,20) (S 22,22,23) (S 35,28,29) (S 36,29,9) (S 37,9,255) (S 129,89,90) (S 130,89,255) (S 222,255,150) (S 221,150,151) (S 225,151,153) (S 227,153,154) (S 235,158,160) (S 236,160,159) (S 234,159,158) (S 233,158,154) (D 0,1,1)
 0 1 24 14039 28510  12 (D 0,1,1) (S 15,6,18) (S 17,19,7) (S 219,150,126) (S 185,126,127) (S 186,127,98) (S 145,98,97) (S 141,97,96) (S 146,96,100) (S 191,100,131) (S 199,130,137) (D 0,1,1)
 0 1 25 14550 29595  10 (D 0,1,1) (S 223,151,152) (S 230,155,156) (S 238,156,162) (S 240,162,163) (S 241,163,157) (S 231,156,157) (S 232,157,154) (S 226,153,152) (D 0,1,1)
 0 1 26 14514 44323  9 (D 0,1,1) (S 242,157,161) (S 243,161,164) (S 251,164,169) (S 244,164,165) (S 247,166,167) (S 248,167,163) (S 239,162,120) (D 0,1,1)
 0 1 27 14173 22533  15 (D 0,1,1) (S 52,25,38) (S 53,38,39) (S 55,39,41) (S 56,41,34) (S 46,34,35) (S 45,34,32) (S 42,32,33) (S 41,32,31) (S 40,31,30) (S 39,31,29) (S 34,29,27) (S 29,26,8) (S 4,8,7) (D 0,1,1)
 0 1 28 14619 28193  11 (D 0,1,1) (S 7,10,11) (S 44,11,33) (S 47,36,35) (S 50,35,37) (S 51,37,13) (S 10,13,14) (S 62,14,44) (S 60,44,43) (S 59,43,41) (D 0,1,1)
 0 1 29 13009 15738  17 (D 0,1,1) (S 13,16,17) (S 14,17,18) (S 16,18,19) (S 20,19,21) (S 28,21,26) (S 31,26,27) (S 33,27,28) (S 32,28,23) (S 23,23,21) (S 19,21,20) (S 21,20,22) (S 24,22,24) (S 25,23,24) (S 26,24,25) (S 27,25,1) (D 0,1,1)
 0 1 30 14561 42542  10 (D 0,1,1) (S 74,55,54) (S 73,54,53) (S 90,64,65) (S 91,65,66) (S 96,66,67) (S 97,67,68) (S 136,68,94) (S 134,94,93) (D 0,1,1)
 0 1 31 14281 29401  14 (D 0,1,1) (S 54,39,40) (S 112,40,77) (S 111,77,76) (S 110,76,75) (S 107,75,74) (S 106,74,62) (S 87,62,61) (S 86,61,57) (S 80,57,58) (S 78,56,53) (S 76,53,55) (S 75,55,42) (D 0,1,1)
 0 1 32 14606 42100  15 (D 0,1,1) (S 71,52,51) (S 69,50,49) (S 68,49,46) (S 65,46,47) (S 67,49,48) (S 94,4,48) (S 66,48,46) (S 64,46,45) (S 63,45,15) (S 11,15,14) (S 9,13,12) (S 8,12,11) (S 6,10,9) (D 0,1,1)
 0 1 33 14688 40176  13 (D 0,1,1) (S 170,116,115) (S 169,115,99) (S 143,99,91) (S 131,91,83) (S 120,83,82) (S 119,82,71) (S 100,71,69) (S 102,70,63) (S 88,63,62) (S 79,57,56) (S 77,54,44) (D 0,1,1)
 0 1 34 14596 40937  13 (D 0,1,1) (S 133,93,92) (S 132,91,92) (S 135,92,94) (S 138,95,68) (S 98,68,69) (S 99,69,70) (S 101,70,71) (S 103,71,72) (S 104,72,73) (S 108,73,75) (S 109,75,42) (D 0,1,1)
 0 1 35 14280 38958  11 (D 0,1,1) (S 105,74,73) (S 117,72,81) (S 118,81,82) (S 121,83,84) (S 122,84,80) (S 116,80,81) (S 115,80,78) (S 114,78,79) (S 113,78,76) (D 0,1,1)
 0 1 36 14509 42933  13 (D 0,1,1) (S 72,53,52) (S 83,52,59) (S 89,60,64) (S 95,64,67) (S 92,66,4) (S 93,4,50) (S 70,50,51) (S 85,51,60) (S 84,60,59) (S 82,59,58) (S 81,58,56) (D 0,1,1)
 0 1 37 14287 37957  7 (D 0,1,1) (S 371,250,247) (S 365,247,246) (S 363,246,245) (S 367,245,248) (S 366,248,247) (D 0,1,1)
 0 1 38 14429 52317  15 (D 0,1,1) (S 362,244,194) (S 289,194,195) (S 291,195,197) (S 293,197,198) (S 296,196,199) (S 299,200,202) (S 300,202,201) (S 298,201,200) (S 297,200,199) (S 295,199,198) (S 294,198,196) (S 290,196,195) (S 368,248,249) (D 0,1,1)
 0 1 39 14687 56269  8 (D 0,1,1) (S 308,206,205) (S 306,205,204) (S 305,204,252) (S 304,252,251) (S 303,251,203) (S 307,201,206) (D 0,1,1)
 0 1 40 14625 62988  8 (D 0,1,1) (S 301,202,203) (S 302,203,204) (S 309,205,207) (S 315,207,212) (S 375,254,217) (S 321,217,216) (D 0,1,1)
 0 1 41 14655 60134  9 (D 0,1,1) (S 374,212,254) (S 322,254,218) (S 323,218,219) (S 324,219,220) (S 325,219,216) (S 320,216,214) (S 364,215,246) (D 0,1,1)
 0 1 42 14521 65050  8 (D 0,1,1) (S 314,212,210) (S 313,210,211) (S 312,210,209) (S 311,209,208) (S 310,208,207) (S 316,206,213) (D 0,1,1)
