1626329
42
1590687
1006500
 0 1 1 10273 10801  11 (D 0,1,1) (S 1,1,5) (S 12,5,16) (S 18,16,20) (S 19,20,21) (S 23,21,23) (S 25,23,24) (S 24,22,24) (S 26,24,25) (S 27,25,1) (D 0,1,1)
 0 1 2 13882 29501  15 (D 0,1,1) (S 21,20,22) (S 22,22,23) (S 32,23,28) (S 36,29,9) (S 37,9,255) (S 185,126,127) (S 187,127,128) (S 188,128,129) (S 203,128,139) (S 204,139,140) (S 206,140,142) (S 207,142,141) (S 342,233,234) (D 0,1,1)
 0 1 3 14156 46250  14 (D 0,1,1) (S 2,5,6) (S 173,117,118) (S 156,106,108) (S 157,108,109) (S 159,109,110) (S 158,109,107) (S 155,107,108) (S 154,107,105) (S 166,104,114) (S 164,114,113) (S 170,115,116) (S 182,123,124) (D 0,1,1)
 0 1 4 14677 41039  8 (D 0,1,1) (S 134,93,94) (S 137,94,95) (S 139,95,3) (S 140,3,96) (S 192,100,132) (S 190,131,130) (D 0,1,1)
 0 1 5 14285 35660  13 (D 0,1,1) (S 200,138,137) (S 197,136,135) (S 196,135,133) (S 195,133,134) (S 194,133,132) (S 193,132,131) (S 191,131,100) (S 147,100,2) (S 146,100,96) (S 141,96,97) (S 145,97,98) (D 0,1,1)
 0 1 6 14696 33529  9 (D 0,1,1) (S 184,126,125) (S 167,115,113) (S 163,113,112) (S 168,112,99) (S 144,99,98) (S 186,98,127) (S 219,126,150) (D 0,1,1)
 0 1 7 14679 32425  15 (D 0,1,1) (S 205,141,140) (S 201,139,138) (S 198,137,136) (S 212,136,146) (S 213,146,147) (S 214,135,147) (S 215,147,148) (S 216,148,149) (S 217,148,145) (S 211,145,146) (S 199,137,130) (S 189,130,129) (S 202,129,138) (D 0,1,1)
 0 1 8 14685 28241  13 (D 0,1,1) (S 15,6,18) (S 20,19,21) (S 28,21,26) (S 34,27,29) (S 40,31,30) (S 43,30,33) (S 44,33,11) (S 8,11,12) (S 9,12,13) (S 61,37,44) (S 59,43,41) (D 0,1,1)
 0 1 9 14472 25311  10 (D 0,1,1) (S 13,16,17) (S 14,17,18) (S 16,18,19) (S 17,19,7) (S 343,255,233) (S 341,233,232) (S 344,232,234) (S 30,255,7) (D 0,1,1)
 0 1 10 14533 33976  9 (D 0,1,1) (S 256,255,171) (S 254,171,172) (S 255,172,173) (S 253,171,170) (S 252,170,120) (S 176,120,119) (S 175,119,117) (D 0,1,1)
 0 1 11 14601 46100  12 (D 0,1,1) (S 174,119,118) (S 172,118,106) (S 153,106,105) (S 152,105,104) (S 151,104,103) (S 150,103,102) (S 149,101,102) (S 160,102,111) (S 161,111,103) (S 165,111,114) (D 0,1,1)
 0 1 12 14516 45334  14 (D 0,1,1) (S 126,86,87) (S 125,87,84) (S 122,84,80) (S 118,81,82) (S 120,82,83) (S 119,82,71) (S 101,71,70) (S 98,69,68) (S 138,68,95) (S 135,94,92) (S 143,91,99) (S 169,99,115) (D 0,1,1)
 0 1 13 14496 32703  7 (D 0,1,1) (S 224,152,125) (S 180,123,116) (S 171,116,117) (S 177,117,121) (S 179,122,123) (D 0,1,1)
 0 1 14 14238 23231  11 (D 0,1,1) (S 222,255,150) (S 183,125,124) (S 181,124,122) (S 178,122,121) (S 229,121,155) (S 228,155,152) (S 223,152,151) (S 221,151,150) (S 3,7,6) (D 0,1,1)
 0 1 15 14680 33831  11 (D 0,1,1) (S 233,154,158) (S 235,158,160) (S 236,160,159) (S 237,159,161) (S 245,161,165) (S 246,165,166) (S 258,166,175) (S 260,176,168) (S 241,163,157) (D 0,1,1)
 0 1 16 14422 45238  9 (D 0,1,1) (S 231,156,157) (S 242,157,161) (S 244,165,164) (S 251,164,169) (S 243,164,161) (S 234,159,158) (S 226,153,152) (D 0,1,1)
 0 1 17 14446 29904  11 (D 0,1,1) (S 230,155,156) (S 238,156,162) (S 240,162,163) (S 248,163,167) (S 249,167,168) (S 250,168,163) (S 232,157,154) (S 227,154,153) (S 225,153,151) (D 0,1,1)
 0 1 18 14416 36542  7 (D 0,1,1) (S 129,89,90) (S 127,88,86) (S 148,87,101) (S 162,101,112) (S 220,125,150) (D 0,1,1)
 0 1 19 13972 20596  13 (D 0,1,1) (S 4,7,8) (S 29,8,26) (S 31,26,27) (S 33,27,28) (S 35,28,29) (S 39,29,31) (S 41,31,32) (S 56,34,41) (S 55,41,39) (S 53,39,38) (S 52,38,25) (D 0,1,1)
 0 1 20 14611 46300  10 (D 0,1,1) (S 239,120,162) (S 247,167,166) (S 263,166,178) (S 277,185,253) (S 274,185,184) (S 273,184,179) (S 265,179,180) (S 269,181,182) (D 0,1,1)
 0 1 21 14219 34230  10 (D 0,1,1) (S 268,181,177) (S 262,177,175) (S 259,175,176) (S 261,176,177) (S 266,177,180) (S 267,180,181) (S 270,182,174) (S 257,174,170) (D 0,1,1)
 0 1 22 14348 36068  6 (D 0,1,1) (S 210,145,143) (S 209,143,144) (S 208,143,142) (S 218,141,150) (D 0,1,1)
 0 1 23 14414 37802  11 (D 0,1,1) (S 130,255,89) (S 128,89,88) (S 124,86,85) (S 123,85,84) (S 121,84,83) (S 131,83,91) (S 132,91,92) (S 133,92,93) (S 142,93,97) (D 0,1,1)
 0 1 24 14659 42550  13 (D 0,1,1) (S 340,232,231) (S 334,223,227) (S 335,227,228) (S 333,223,225) (S 330,222,225) (S 331,225,224) (S 332,224,226) (S 329,224,221) (S 327,221,222) (S 328,222,223) (S 336,223,229) (D 0,1,1)
 0 1 25 14628 46044  10 (D 0,1,1) (S 339,231,229) (S 352,240,235) (S 351,235,239) (S 349,238,193) (S 285,191,192) (S 357,242,243) (S 360,243,245) (S 363,245,246) (D 0,1,1)
 0 1 26 14688 46978  12 (D 0,1,1) (S 362,244,194) (S 289,194,195) (S 291,195,197) (S 293,197,198) (S 294,198,196) (S 296,196,199) (S 295,199,198) (S 292,197,186) (S 279,186,187) (S 278,187,184) (D 0,1,1)
 0 1 27 14697 38054  9 (D 0,1,1) (S 271,174,183) (S 272,183,179) (S 264,179,178) (S 275,178,185) (S 276,185,186) (S 280,187,188) (S 281,188,174) (D 0,1,1)
 0 1 28 14406 39817  13 (D 0,1,1) (S 284,189,191) (S 286,191,193) (S 287,193,192) (S 356,192,242) (S 355,242,241) (S 354,241,239) (S 350,239,238) (S 348,238,236) (S 347,236,237) (S 346,236,235) (S 345,235,230) (D 0,1,1)
 0 1 29 14518 37688  10 (D 0,1,1) (S 338,231,230) (S 337,230,229) (S 372,229,250) (S 371,250,247) (S 373,247,222) (S 326,221,215) (S 364,215,246) (S 365,246,247) (D 0,1,1)
 0 1 30 14609 38903  11 (D 0,1,1) (S 366,247,248) (S 368,248,249) (S 367,248,245) (S 361,245,244) (S 359,244,243) (S 358,243,241) (S 353,241,240) (S 369,240,249) (S 370,249,250) (D 0,1,1)
 0 1 31 14529 49538  11 (D 0,1,1) (S 318,215,213) (S 316,213,206) (S 298,201,200) (S 299,200,202) (S 297,200,199) (S 290,196,195) (S 288,194,190) (S 283,190,189) (S 282,189,188) (D 0,1,1)
 0 1 32 14452 66004  9 (D 0,1,1) (S 317,214,213) (S 310,207,208) (S 311,208,209) (S 312,209,210) (S 313,210,211) (S 314,210,212) (S 375,254,217) (D 0,1,1)
 0 1 33 14594 60134  9 (D 0,1,1) (S 374,212,254) (S 322,254,218) (S 323,218,219) (S 324,219,220) (S 325,219,216) (S 320,216,214) (S 319,214,215) (D 0,1,1)
 0 1 34 14663 57128  9 (D 0,1,1) (S 307,206,201) (S 300,201,202) (S 301,202,203) (S 303,203,251) (S 304,251,252) (S 305,252,204) (S 302,204,203) (D 0,1,1)
 0 1 35 14670 62129  7 (D 0,1,1) (S 321,216,217) (S 315,212,207) (S 309,207,205) (S 306,204,205) (S 308,205,206) (D 0,1,1)
 0 1 36 14549 28988  10 (D 0,1,1) (S 57,39,42) (S 75,42,55) (S 79,56,57) (S 86,57,61) (S 106,62,74) (S 110,75,76) (S 112,77,40) (S 54,40,39) (D 0,1,1)
 0 1 37 14256 33634  11 (D 0,1,1) (S 111,77,76) (S 113,76,78) (S 114,78,79) (S 115,78,80) (S 116,80,81) (S 117,81,72) (S 104,72,73) (S 105,73,74) (S 107,74,75) (D 0,1,1)
 0 1 38 14314 37671  14 (D 0,1,1) (S 109,42,75) (S 108,75,73) (S 103,72,71) (S 100,71,69) (S 99,69,70) (S 102,70,63) (S 88,63,62) (S 87,62,61) (S 80,57,58) (S 78,56,53) (S 73,53,54) (S 77,54,44) (D 0,1,1)
 0 1 39 14460 40148  16 (D 0,1,1) (S 74,55,54) (S 71,52,51) (S 93,50,4) (S 94,4,48) (S 66,48,46) (S 65,46,47) (S 64,46,45) (S 63,45,15) (S 11,15,14) (S 49,12,36) (S 47,35,36) (S 48,36,33) (S 38,30,10) (S 6,10,9) (D 0,1,1)
 0 1 40 14465 46978  7 (D 0,1,1) (S 76,55,53) (S 95,64,67) (S 96,66,67) (S 97,67,68) (S 136,68,94) (D 0,1,1)
 0 1 41 14694 41200  16 (D 0,1,1) (S 72,53,52) (S 83,52,59) (S 89,60,64) (S 90,64,65) (S 91,65,66) (S 92,66,4) (S 67,48,49) (S 68,46,49) (S 69,49,50) (S 70,50,51) (S 85,51,60) (S 84,60,59) (S 82,59,58) (S 81,58,56) (D 0,1,1)
 0 1 42 14660 28131  13 (D 0,1,1) (S 58,42,43) (S 60,43,44) (S 62,44,14) (S 10,14,13) (S 51,13,37) (S 50,37,35) (S 46,35,34) (S 45,34,32) (S 42,32,33) (S 7,11,10) (S 5,9,8) (D 0,1,1)
