1623601
42
1801772
1391814
 0 1 1 13698 24539  6 (D 0,1,1) (S 1,1,5) (S 2,5,6) (S 342,233,234) (S 344,234,232) (D 0,1,1)
 0 1 2 14197 29898  9 (D 0,1,1) (S 340,232,231) (S 338,231,230) (S 345,230,235) (S 352,235,240) (S 369,240,249) (S 370,249,250) (S 341,232,233) (D 0,1,1)
 0 1 3 14271 42545  11 (D 0,1,1) (S 343,255,233) (S 371,250,247) (S 363,246,245) (S 360,245,243) (S 358,243,241) (S 354,241,239) (S 350,238,239) (S 351,239,235) (S 337,230,229) (D 0,1,1)
 0 1 4 14683 23983  10 (D 0,1,1) (S 30,7,255) (S 220,150,125) (S 224,125,152) (S 228,152,155) (S 229,155,121) (S 178,121,122) (S 181,122,124) (S 183,124,125) (D 0,1,1)
 0 1 5 14557 31964  8 (D 0,1,1) (S 184,126,125) (S 179,123,122) (S 177,121,117) (S 171,117,116) (S 180,116,123) (S 182,123,124) (D 0,1,1)
 0 1 6 14172 28681  11 (D 0,1,1) (S 219,150,126) (S 185,126,127) (S 186,127,98) (S 145,98,97) (S 141,97,96) (S 146,96,100) (S 191,100,131) (S 189,130,129) (S 187,128,127) (D 0,1,1)
 0 1 7 14052 29465  14 (D 0,1,1) (S 198,137,136) (S 197,136,135) (S 214,135,147) (S 215,147,148) (S 216,148,149) (S 217,148,145) (S 211,145,146) (S 212,146,136) (S 201,138,139) (S 206,140,142) (S 207,142,141) (S 218,141,150) (D 0,1,1)
 0 1 8 14408 33091  17 (D 0,1,1) (S 205,141,140) (S 200,138,137) (S 199,137,130) (S 190,130,131) (S 193,131,132) (S 147,100,2) (S 192,100,132) (S 194,132,133) (S 195,133,134) (S 196,133,135) (S 213,147,146) (S 202,138,129) (S 188,129,128) (S 203,128,139) (S 204,139,140) (D 0,1,1)
 0 1 9 14344 45536  11 (D 0,1,1) (S 225,151,153) (S 234,158,159) (S 245,161,165) (S 243,161,164) (S 251,164,169) (S 244,164,165) (S 246,165,166) (S 248,167,163) (S 240,163,162) (D 0,1,1)
 0 1 10 14487 30805  8 (D 0,1,1) (S 227,153,154) (S 233,154,158) (S 235,158,160) (S 236,160,159) (S 237,159,161) (S 242,161,157) (D 0,1,1)
 0 1 11 13632 40116  14 (D 0,1,1) (S 15,18,6) (S 265,179,180) (S 268,181,177) (S 261,177,176) (S 260,168,176) (S 259,176,175) (S 258,166,175) (S 262,175,177) (S 266,177,180) (S 267,180,181) (S 269,181,182) (S 270,182,174) (D 0,1,1)
 0 1 12 14457 23376  16 (D 0,1,1) (S 52,25,38) (S 55,39,41) (S 56,41,34) (S 45,34,32) (S 42,32,33) (S 44,33,11) (S 7,11,10) (S 38,10,30) (S 40,30,31) (S 39,31,29) (S 35,28,29) (S 36,29,9) (S 5,9,8) (S 4,8,7) (D 0,1,1)
 0 1 13 14620 27907  11 (D 0,1,1) (S 19,20,21) (S 28,21,26) (S 34,27,29) (S 41,31,32) (S 46,34,35) (S 50,35,37) (S 61,37,44) (S 60,44,43) (S 59,43,41) (D 0,1,1)
 0 1 14 14569 41117  15 (D 0,1,1) (S 58,42,43) (S 73,54,53) (S 71,52,51) (S 69,50,49) (S 68,49,46) (S 66,46,48) (S 67,48,49) (S 65,46,47) (S 64,46,45) (S 63,45,15) (S 11,15,14) (S 8,12,11) (S 37,9,255) (D 0,1,1)
 0 1 15 14261 26201  13 (D 0,1,1) (S 255,172,173) (S 254,172,171) (S 252,170,120) (S 239,120,162) (S 238,162,156) (S 231,156,157) (S 232,157,154) (S 226,153,152) (S 223,152,151) (S 221,151,150) (S 3,7,6) (D 0,1,1)
 0 1 16 12889 16776  15 (D 0,1,1) (S 18,16,20) (S 21,20,22) (S 24,22,24) (S 22,22,23) (S 32,23,28) (S 33,28,27) (S 31,27,26) (S 29,26,8) (S 20,19,21) (S 23,21,23) (S 25,23,24) (S 26,24,25) (S 27,25,1) (D 0,1,1)
 0 1 17 14616 35919  10 (D 0,1,1) (S 272,183,179) (S 264,179,178) (S 263,178,166) (S 247,166,167) (S 249,167,168) (S 250,168,163) (S 241,163,157) (S 230,156,155) (D 0,1,1)
 0 1 18 14292 36876  14 (D 0,1,1) (S 12,5,16) (S 13,16,17) (S 14,17,18) (S 16,18,19) (S 17,19,7) (S 130,255,89) (S 129,89,90) (S 128,88,89) (S 256,255,171) (S 253,171,170) (S 176,120,119) (S 175,119,117) (D 0,1,1)
 0 1 19 14662 43264  10 (D 0,1,1) (S 170,116,115) (S 143,99,91) (S 132,91,92) (S 135,92,94) (S 137,94,95) (S 138,68,95) (S 139,95,3) (S 140,3,96) (D 0,1,1)
 0 1 20 14685 38039  11 (D 0,1,1) (S 142,97,93) (S 136,94,68) (S 98,68,69) (S 99,69,70) (S 101,70,71) (S 103,71,72) (S 104,72,73) (S 105,73,74) (S 107,74,75) (D 0,1,1)
 0 1 21 14356 29524  14 (D 0,1,1) (S 75,42,55) (S 74,55,54) (S 77,54,44) (S 62,44,14) (S 10,14,13) (S 51,37,13) (S 9,13,12) (S 49,12,36) (S 47,35,36) (S 48,36,33) (S 43,33,30) (S 6,10,9) (D 0,1,1)
 0 1 22 14330 23452  9 (D 0,1,1) (S 54,39,40) (S 112,40,77) (S 111,77,76) (S 110,76,75) (S 109,75,42) (S 57,42,39) (S 53,39,38) (D 0,1,1)
 0 1 23 14291 38426  11 (D 0,1,1) (S 113,76,78) (S 114,78,79) (S 115,78,80) (S 116,80,81) (S 118,81,82) (S 121,83,84) (S 122,84,80) (S 117,81,72) (S 108,73,75) (D 0,1,1)
 0 1 24 14641 49741  12 (D 0,1,1) (S 148,87,101) (S 160,102,111) (S 151,103,104) (S 154,105,107) (S 155,107,108) (S 158,107,109) (S 159,109,110) (S 157,109,108) (S 156,108,106) (S 174,118,119) (D 0,1,1)
 0 1 25 14521 33957  7 (D 0,1,1) (S 126,86,87) (S 125,87,84) (S 123,84,85) (S 124,85,86) (S 127,86,88) (D 0,1,1)
 0 1 26 14504 42054  10 (D 0,1,1) (S 169,115,99) (S 168,99,112) (S 163,112,113) (S 166,114,104) (S 152,104,105) (S 153,105,106) (S 172,106,118) (S 173,118,117) (D 0,1,1)
 0 1 27 14692 40422  10 (D 0,1,1) (S 167,115,113) (S 164,113,114) (S 165,114,111) (S 161,111,103) (S 150,103,102) (S 149,102,101) (S 162,101,112) (S 144,99,98) (D 0,1,1)
 0 1 28 14667 43412  12 (D 0,1,1) (S 133,93,92) (S 131,91,83) (S 120,83,82) (S 119,82,71) (S 100,71,69) (S 102,70,63) (S 88,63,62) (S 86,57,61) (S 87,61,62) (S 106,62,74) (D 0,1,1)
 0 1 29 14598 44681  13 (D 0,1,1) (S 76,55,53) (S 72,53,52) (S 83,52,59) (S 95,64,67) (S 92,66,4) (S 94,4,48) (S 93,4,50) (S 70,50,51) (S 85,51,60) (S 84,60,59) (S 81,58,56) (D 0,1,1)
 0 1 30 14548 42937  12 (D 0,1,1) (S 78,53,56) (S 79,56,57) (S 80,57,58) (S 82,58,59) (S 89,60,64) (S 90,64,65) (S 91,65,66) (S 96,66,67) (S 97,67,68) (S 134,94,93) (D 0,1,1)
 0 1 31 14278 36068  6 (D 0,1,1) (S 210,145,143) (S 209,143,144) (S 208,143,142) (S 222,150,255) (D 0,1,1)
 0 1 32 14100 36016  10 (D 0,1,1) (S 257,170,174) (S 281,174,188) (S 284,189,191) (S 286,191,193) (S 349,193,238) (S 348,238,236) (S 347,236,237) (S 346,236,235) (D 0,1,1)
 0 1 33 14586 43085  11 (D 0,1,1) (S 353,240,241) (S 355,241,242) (S 356,242,192) (S 285,192,191) (S 287,193,192) (S 357,242,243) (S 359,243,244) (S 367,245,248) (S 366,248,247) (D 0,1,1)
 0 1 34 14571 40820  11 (D 0,1,1) (S 365,247,246) (S 364,246,215) (S 318,215,213) (S 317,213,214) (S 319,214,215) (S 326,215,221) (S 327,221,222) (S 333,225,223) (S 339,229,231) (D 0,1,1)
 0 1 35 14522 60134  10 (D 0,1,1) (S 372,229,250) (S 320,214,216) (S 375,217,254) (S 374,212,254) (S 322,254,218) (S 323,218,219) (S 324,219,220) (S 325,219,216) (D 0,1,1)
 0 1 36 14521 65050  8 (D 0,1,1) (S 314,212,210) (S 313,210,211) (S 312,210,209) (S 311,209,208) (S 310,208,207) (S 316,206,213) (D 0,1,1)
 0 1 37 14687 56269  8 (D 0,1,1) (S 308,206,205) (S 306,205,204) (S 305,204,252) (S 304,252,251) (S 303,251,203) (S 307,201,206) (D 0,1,1)
 0 1 38 14646 62988  8 (D 0,1,1) (S 300,201,202) (S 301,202,203) (S 302,203,204) (S 309,205,207) (S 315,207,212) (S 321,217,216) (D 0,1,1)
 0 1 39 14502 42970  11 (D 0,1,1) (S 373,247,222) (S 329,221,224) (S 332,224,226) (S 331,224,225) (S 330,225,222) (S 328,222,223) (S 335,227,228) (S 334,227,223) (S 336,223,229) (D 0,1,1)
 0 1 40 14346 52317  14 (D 0,1,1) (S 368,249,248) (S 289,194,195) (S 290,195,196) (S 294,196,198) (S 295,198,199) (S 297,199,200) (S 298,200,201) (S 299,202,200) (S 296,199,196) (S 293,198,197) (S 362,194,244) (S 361,244,245) (D 0,1,1)
 0 1 41 14514 41250  9 (D 0,1,1) (S 282,188,189) (S 283,189,190) (S 288,190,194) (S 291,195,197) (S 292,197,186) (S 279,186,187) (S 280,187,188) (D 0,1,1)
 0 1 42 14255 47930  9 (D 0,1,1) (S 271,174,183) (S 273,179,184) (S 274,184,185) (S 276,185,186) (S 278,187,184) (S 277,185,253) (S 275,185,178) (D 0,1,1)
