1618095
42
2400144
2314256
 0 1 1 14604 39622  14 (D 0,1,1) (S 15,6,18) (S 17,19,7) (S 372,229,250) (S 370,250,249) (S 369,249,240) (S 353,240,241) (S 354,241,239) (S 350,239,238) (S 348,238,236) (S 347,236,237) (S 346,236,235) (S 337,230,229) (D 0,1,1)
 0 1 2 14613 29401  15 (D 0,1,1) (S 75,42,55) (S 76,55,53) (S 78,53,56) (S 81,56,58) (S 80,58,57) (S 86,57,61) (S 87,61,62) (S 106,62,74) (S 107,74,75) (S 110,75,76) (S 111,76,77) (S 112,77,40) (S 54,40,39) (D 0,1,1)
 0 1 3 14382 27825  14 (D 0,1,1) (S 59,41,43) (S 61,44,37) (S 51,37,13) (S 9,13,12) (S 49,12,36) (S 47,36,35) (S 46,35,34) (S 42,32,33) (S 43,33,30) (S 38,30,10) (S 6,10,9) (S 37,9,255) (D 0,1,1)
 0 1 4 14625 62988  8 (D 0,1,1) (S 301,202,203) (S 302,203,204) (S 309,205,207) (S 315,207,212) (S 375,254,217) (S 321,217,216) (D 0,1,1)
 0 1 5 14659 42550  13 (D 0,1,1) (S 336,229,223) (S 328,223,222) (S 330,222,225) (S 327,222,221) (S 329,221,224) (S 332,224,226) (S 331,224,225) (S 333,225,223) (S 335,227,228) (S 334,227,223) (S 340,231,232) (D 0,1,1)
 0 1 6 14561 41240  9 (D 0,1,1) (S 339,231,229) (S 373,247,222) (S 326,221,215) (S 317,214,213) (S 318,213,215) (S 364,215,246) (S 365,246,247) (D 0,1,1)
 0 1 7 14676 33996  6 (D 0,1,1) (S 179,122,123) (S 180,123,116) (S 171,116,117) (S 229,121,155) (D 0,1,1)
 0 1 8 14595 39280  12 (D 0,1,1) (S 126,86,87) (S 148,87,101) (S 149,101,102) (S 160,102,111) (S 161,111,103) (S 165,111,114) (S 164,114,113) (S 163,113,112) (S 168,112,99) (S 144,99,98) (D 0,1,1)
 0 1 9 14594 60134  9 (D 0,1,1) (S 319,215,214) (S 320,214,216) (S 325,216,219) (S 324,219,220) (S 323,219,218) (S 322,218,254) (S 374,212,254) (D 0,1,1)
 0 1 10 14184 20327  14 (D 0,1,1) (S 52,25,38) (S 53,38,39) (S 55,39,41) (S 56,41,34) (S 45,34,32) (S 41,32,31) (S 40,31,30) (S 39,31,29) (S 34,29,27) (S 31,27,26) (S 28,26,21) (S 18,20,16) (D 0,1,1)
 0 1 11 14632 33588  16 (D 0,1,1) (S 207,141,142) (S 206,142,140) (S 212,136,146) (S 213,146,147) (S 196,135,133) (S 195,133,134) (S 194,133,132) (S 147,100,2) (S 192,100,132) (S 193,132,131) (S 190,131,130) (S 189,130,129) (S 188,129,128) (S 187,128,127) (D 0,1,1)
 0 1 12 14520 18875  16 (D 0,1,1) (S 4,7,8) (S 5,8,9) (S 36,9,29) (S 35,29,28) (S 33,27,28) (S 32,28,23) (S 23,23,21) (S 19,21,20) (S 21,20,22) (S 25,24,23) (S 22,23,22) (S 24,22,24) (S 26,24,25) (S 27,25,1) (D 0,1,1)
 0 1 13 13552 28901  13 (D 0,1,1) (S 30,7,255) (S 205,141,140) (S 200,138,137) (S 198,137,136) (S 197,136,135) (S 214,135,147) (S 215,147,148) (S 216,148,149) (S 217,148,145) (S 211,145,146) (S 201,138,139) (D 0,1,1)
 0 1 14 14578 31344  7 (D 0,1,1) (S 181,124,122) (S 178,122,121) (S 177,121,117) (S 175,117,119) (S 176,119,120) (D 0,1,1)
 0 1 15 14600 43108  13 (D 0,1,1) (S 134,93,94) (S 138,95,68) (S 98,68,69) (S 99,69,70) (S 101,70,71) (S 119,71,82) (S 131,83,91) (S 132,91,92) (S 143,91,99) (S 169,99,115) (S 183,124,125) (D 0,1,1)
 0 1 16 14667 28748  13 (D 0,1,1) (S 219,150,126) (S 185,126,127) (S 186,127,98) (S 145,98,97) (S 141,97,96) (S 146,96,100) (S 191,100,131) (S 199,130,137) (S 202,138,129) (S 203,128,139) (S 218,141,150) (D 0,1,1)
 0 1 17 13887 43440  8 (D 0,1,1) (S 244,165,164) (S 251,164,169) (S 243,164,161) (S 242,161,157) (S 225,153,151) (S 222,150,255) (D 0,1,1)
 0 1 18 13890 25178  18 (D 0,1,1) (S 1,1,5) (S 2,5,6) (S 3,6,7) (S 235,158,160) (S 236,160,159) (S 233,158,154) (S 226,153,152) (S 224,152,125) (S 184,125,126) (S 220,125,150) (S 29,8,26) (S 20,21,19) (S 16,19,18) (S 14,18,17) (S 13,17,16) (S 12,16,5) (D 0,1,1)
 0 1 19 14167 36113  9 (D 0,1,1) (S 127,88,86) (S 125,87,84) (S 121,84,83) (S 120,83,82) (S 118,82,81) (S 117,81,72) (S 105,73,74) (D 0,1,1)
 0 1 20 14400 31423  12 (D 0,1,1) (S 221,150,151) (S 227,153,154) (S 232,154,157) (S 250,163,168) (S 259,176,175) (S 258,175,166) (S 246,166,165) (S 245,165,161) (S 237,161,159) (S 234,159,158) (D 0,1,1)
 0 1 21 12800 39987  10 (D 0,1,1) (S 270,174,182) (S 269,182,181) (S 267,181,180) (S 265,180,179) (S 273,179,184) (S 274,184,185) (S 276,185,186) (S 278,187,184) (D 0,1,1)
 0 1 22 13060 28095  6 (D 0,1,1) (S 344,232,234) (S 342,234,233) (S 130,255,89) (S 129,89,90) (D 0,1,1)
 0 1 23 13771 43703  12 (D 0,1,1) (S 282,188,189) (S 284,189,191) (S 286,191,193) (S 349,238,193) (S 287,193,192) (S 356,192,242) (S 355,242,241) (S 358,241,243) (S 359,243,244) (S 363,245,246) (D 0,1,1)
 0 1 24 14468 45094  9 (D 0,1,1) (S 174,119,118) (S 153,106,105) (S 151,104,103) (S 150,103,102) (S 162,101,112) (S 167,113,115) (S 170,115,116) (D 0,1,1)
 0 1 25 14622 25932  9 (D 0,1,1) (S 57,39,42) (S 58,42,43) (S 60,43,44) (S 62,44,14) (S 10,14,13) (S 8,12,11) (S 7,11,10) (D 0,1,1)
 0 1 26 14697 37258  11 (D 0,1,1) (S 77,44,54) (S 79,56,57) (S 88,62,63) (S 102,63,70) (S 100,69,71) (S 103,71,72) (S 104,72,73) (S 108,73,75) (S 109,75,42) (D 0,1,1)
 0 1 27 14573 36068  6 (D 0,1,1) (S 204,140,139) (S 210,145,143) (S 209,143,144) (S 208,143,142) (D 0,1,1)
 0 1 28 14690 46250  13 (D 0,1,1) (S 182,124,123) (S 166,114,104) (S 152,104,105) (S 154,105,107) (S 158,107,109) (S 159,109,110) (S 157,109,108) (S 155,107,108) (S 156,108,106) (S 172,106,118) (S 173,118,117) (D 0,1,1)
 0 1 29 14476 45539  9 (D 0,1,1) (S 231,156,157) (S 263,166,178) (S 275,178,185) (S 277,185,253) (S 264,178,179) (S 272,179,183) (S 271,183,174) (D 0,1,1)
 0 1 30 14682 47048  13 (D 0,1,1) (S 72,53,52) (S 71,52,51) (S 93,50,4) (S 67,48,49) (S 66,46,48) (S 94,48,4) (S 92,4,66) (S 95,67,64) (S 89,64,60) (S 84,60,59) (S 83,59,52) (D 0,1,1)
 0 1 31 14547 32182  10 (D 0,1,1) (S 343,255,233) (S 341,233,232) (S 338,231,230) (S 345,230,235) (S 352,235,240) (S 368,249,248) (S 366,248,247) (S 371,247,250) (D 0,1,1)
 0 1 32 14641 41756  11 (D 0,1,1) (S 280,188,187) (S 279,187,186) (S 292,186,197) (S 293,197,198) (S 294,198,196) (S 290,196,195) (S 289,195,194) (S 288,194,190) (S 283,190,189) (D 0,1,1)
 0 1 33 14479 25092  12 (D 0,1,1) (S 256,255,171) (S 254,171,172) (S 255,172,173) (S 253,171,170) (S 252,170,120) (S 239,120,162) (S 238,162,156) (S 230,156,155) (S 228,155,152) (S 223,152,151) (D 0,1,1)
 0 1 34 14265 38358  16 (D 0,1,1) (S 74,55,54) (S 73,54,53) (S 82,58,59) (S 85,60,51) (S 70,51,50) (S 69,50,49) (S 68,49,46) (S 65,46,47) (S 64,46,45) (S 63,45,15) (S 11,15,14) (S 50,37,35) (S 48,36,33) (S 44,33,11) (D 0,1,1)
 0 1 35 14610 43253  9 (D 0,1,1) (S 133,93,92) (S 135,92,94) (S 136,94,68) (S 97,68,67) (S 96,67,66) (S 91,66,65) (S 90,65,64) (D 0,1,1)
 0 1 36 14517 36290  8 (D 0,1,1) (S 257,170,174) (S 281,174,188) (S 285,191,192) (S 357,242,243) (S 360,243,245) (S 367,245,248) (D 0,1,1)
 0 1 37 14425 39182  6 (D 0,1,1) (S 142,97,93) (S 137,94,95) (S 139,95,3) (S 140,3,96) (D 0,1,1)
 0 1 38 14521 65050  8 (D 0,1,1) (S 314,212,210) (S 313,210,211) (S 312,210,209) (S 311,209,208) (S 310,208,207) (S 316,206,213) (D 0,1,1)
 0 1 39 14687 56269  8 (D 0,1,1) (S 307,206,201) (S 303,203,251) (S 304,251,252) (S 305,252,204) (S 306,204,205) (S 308,205,206) (D 0,1,1)
 0 1 40 14617 36802  10 (D 0,1,1) (S 128,89,88) (S 124,86,85) (S 123,85,84) (S 122,84,80) (S 116,80,81) (S 115,80,78) (S 114,78,79) (S 113,78,76) (D 0,1,1)
 0 1 41 14026 36535  12 (D 0,1,1) (S 240,162,163) (S 247,167,166) (S 262,175,177) (S 268,177,181) (S 266,180,177) (S 261,177,176) (S 260,176,168) (S 249,168,167) (S 248,167,163) (S 241,163,157) (D 0,1,1)
 0 1 42 14668 54271  12 (D 0,1,1) (S 351,235,239) (S 362,244,194) (S 296,196,199) (S 297,199,200) (S 298,200,201) (S 300,201,202) (S 299,202,200) (S 295,199,198) (S 291,197,195) (S 361,244,245) (D 0,1,1)
