1628650
42
1801875
1398609
 0 1 1 11974 14313  14 (D 0,1,1) (S 12,5,16) (S 18,16,20) (S 21,20,22) (S 24,22,24) (S 25,24,23) (S 23,23,21) (S 28,21,26) (S 31,26,27) (S 33,27,28) (S 32,28,23) (S 26,24,25) (S 27,25,1) (D 0,1,1)
 0 1 2 14030 39593  10 (D 0,1,1) (S 75,42,55) (S 83,52,59) (S 89,60,64) (S 90,64,65) (S 91,65,66) (S 96,66,67) (S 95,67,64) (S 84,60,59) (D 0,1,1)
 0 1 3 14664 45664  19 (D 0,1,1) (S 74,55,54) (S 73,54,53) (S 72,53,52) (S 71,52,51) (S 93,50,4) (S 67,48,49) (S 68,49,46) (S 65,46,47) (S 66,46,48) (S 94,48,4) (S 92,4,66) (S 82,59,58) (S 80,58,57) (S 86,57,61) (S 87,61,62) (S 79,57,56) (S 76,53,55) (D 0,1,1)
 0 1 4 14265 37241  14 (D 0,1,1) (S 145,98,97) (S 142,97,93) (S 134,93,94) (S 137,94,95) (S 135,94,92) (S 132,92,91) (S 143,91,99) (S 144,99,98) (S 3,7,6) (S 15,6,18) (S 14,18,17) (S 13,17,16) (D 0,1,1)
 0 1 5 14467 37399  16 (D 0,1,1) (S 37,255,9) (S 44,11,33) (S 48,33,36) (S 50,35,37) (S 51,37,13) (S 11,14,15) (S 63,15,45) (S 64,45,46) (S 69,49,50) (S 70,50,51) (S 85,51,60) (S 81,58,56) (S 78,56,53) (S 77,54,44) (D 0,1,1)
 0 1 6 14580 38513  10 (D 0,1,1) (S 105,74,73) (S 104,73,72) (S 103,72,71) (S 101,71,70) (S 102,70,63) (S 88,63,62) (S 106,62,74) (S 107,74,75) (D 0,1,1)
 0 1 7 14641 49741  12 (D 0,1,1) (S 148,87,101) (S 160,102,111) (S 151,103,104) (S 154,105,107) (S 155,107,108) (S 157,108,109) (S 159,109,110) (S 158,109,107) (S 156,108,106) (S 174,118,119) (D 0,1,1)
 0 1 8 14578 31344  7 (D 0,1,1) (S 181,124,122) (S 178,122,121) (S 177,121,117) (S 175,117,119) (S 176,119,120) (D 0,1,1)
 0 1 9 14569 32785  6 (D 0,1,1) (S 223,151,152) (S 229,155,121) (S 171,117,116) (S 180,116,123) (D 0,1,1)
 0 1 10 14622 39776  11 (D 0,1,1) (S 183,125,124) (S 182,124,123) (S 179,123,122) (S 173,117,118) (S 172,118,106) (S 153,106,105) (S 152,105,104) (S 166,104,114) (S 167,113,115) (D 0,1,1)
 0 1 11 14632 38146  10 (D 0,1,1) (S 133,93,92) (S 131,91,83) (S 120,83,82) (S 118,82,81) (S 116,81,80) (S 115,80,78) (S 114,78,79) (S 113,78,76) (D 0,1,1)
 0 1 12 14689 24539  7 (D 0,1,1) (S 1,1,5) (S 2,5,6) (S 344,232,234) (S 342,234,233) (S 30,255,7) (D 0,1,1)
 0 1 13 14556 31442  17 (D 0,1,1) (S 187,127,128) (S 202,129,138) (S 200,138,137) (S 199,137,130) (S 190,130,131) (S 193,131,132) (S 147,100,2) (S 192,100,132) (S 194,132,133) (S 195,133,134) (S 196,133,135) (S 197,135,136) (S 198,136,137) (S 201,138,139) (S 222,150,255) (D 0,1,1)
 0 1 14 12497 21559  13 (D 0,1,1) (S 19,20,21) (S 20,21,19) (S 17,19,7) (S 5,8,9) (S 6,9,10) (S 38,10,30) (S 41,31,32) (S 45,32,34) (S 56,34,41) (S 55,41,39) (S 52,38,25) (D 0,1,1)
 0 1 15 14494 28796  10 (D 0,1,1) (S 22,22,23) (S 35,28,29) (S 36,29,9) (S 7,10,11) (S 8,11,12) (S 61,37,44) (S 60,44,43) (S 59,43,41) (D 0,1,1)
 0 1 16 12707 31534  12 (D 0,1,1) (S 204,140,139) (S 212,136,146) (S 213,146,147) (S 214,135,147) (S 215,147,148) (S 216,148,149) (S 217,148,145) (S 211,145,146) (S 206,140,142) (S 207,142,141) (D 0,1,1)
 0 1 17 14330 23452  9 (D 0,1,1) (S 57,39,42) (S 109,42,75) (S 110,75,76) (S 111,76,77) (S 112,77,40) (S 54,40,39) (S 53,39,38) (D 0,1,1)
 0 1 18 14630 29264  16 (D 0,1,1) (S 4,7,8) (S 29,8,26) (S 34,27,29) (S 39,29,31) (S 40,31,30) (S 43,30,33) (S 42,33,32) (S 46,34,35) (S 47,35,36) (S 49,36,12) (S 9,12,13) (S 10,13,14) (S 62,14,44) (S 58,43,42) (D 0,1,1)
 0 1 19 14687 26953  12 (D 0,1,1) (S 256,255,171) (S 255,172,173) (S 254,172,171) (S 253,171,170) (S 252,170,120) (S 239,120,162) (S 238,162,156) (S 231,156,157) (S 232,157,154) (S 224,152,125) (D 0,1,1)
 0 1 20 14683 41264  14 (D 0,1,1) (S 220,150,125) (S 169,115,99) (S 168,99,112) (S 163,112,113) (S 162,112,101) (S 149,101,102) (S 150,102,103) (S 161,103,111) (S 165,111,114) (S 164,114,113) (S 170,115,116) (S 184,125,126) (D 0,1,1)
 0 1 21 14604 28261  12 (D 0,1,1) (S 218,150,141) (S 205,141,140) (S 203,139,128) (S 188,128,129) (S 189,129,130) (S 191,131,100) (S 146,100,96) (S 141,96,97) (S 186,98,127) (S 185,127,126) (D 0,1,1)
 0 1 22 14671 37663  14 (D 0,1,1) (S 225,151,153) (S 249,167,168) (S 260,168,176) (S 259,176,175) (S 258,166,175) (S 262,175,177) (S 266,177,180) (S 268,181,177) (S 261,177,176) (S 250,168,163) (S 241,163,157) (S 226,153,152) (D 0,1,1)
 0 1 23 14670 47896  8 (D 0,1,1) (S 275,178,185) (S 274,184,185) (S 277,185,253) (S 276,185,186) (S 279,186,187) (S 280,187,188) (D 0,1,1)
 0 1 24 14535 40352  11 (D 0,1,1) (S 284,189,191) (S 286,191,193) (S 349,193,238) (S 350,238,239) (S 348,238,236) (S 347,236,237) (S 346,236,235) (S 352,235,240) (S 341,232,233) (D 0,1,1)
 0 1 25 14473 35059  10 (D 0,1,1) (S 130,255,89) (S 129,89,90) (S 127,88,86) (S 126,86,87) (S 125,87,84) (S 122,84,80) (S 117,81,72) (S 108,73,75) (D 0,1,1)
 0 1 26 13801 36068  5 (D 0,1,1) (S 210,145,143) (S 209,143,144) (S 208,143,142) (D 0,1,1)
 0 1 27 14699 45529  6 (D 0,1,1) (S 140,96,3) (S 139,3,95) (S 138,95,68) (S 97,68,67) (D 0,1,1)
 0 1 28 14681 47482  11 (D 0,1,1) (S 227,153,154) (S 233,154,158) (S 235,158,160) (S 236,160,159) (S 245,161,165) (S 243,161,164) (S 251,164,169) (S 244,164,165) (S 246,165,166) (D 0,1,1)
 0 1 29 14675 29997  8 (D 0,1,1) (S 234,158,159) (S 237,159,161) (S 242,161,157) (S 230,156,155) (S 228,155,152) (S 221,151,150) (D 0,1,1)
 0 1 30 14612 43190  13 (D 0,1,1) (S 128,89,88) (S 124,86,85) (S 123,85,84) (S 121,84,83) (S 119,82,71) (S 100,71,69) (S 99,69,70) (S 98,69,68) (S 136,68,94) (S 219,126,150) (S 16,19,18) (D 0,1,1)
 0 1 31 14683 35949  11 (D 0,1,1) (S 270,174,182) (S 269,182,181) (S 267,181,180) (S 265,180,179) (S 264,179,178) (S 263,178,166) (S 247,166,167) (S 248,167,163) (S 240,163,162) (D 0,1,1)
 0 1 32 14689 39062  12 (D 0,1,1) (S 343,255,233) (S 339,231,229) (S 336,229,223) (S 335,227,228) (S 334,227,223) (S 333,223,225) (S 330,225,222) (S 373,222,247) (S 371,247,250) (S 372,250,229) (D 0,1,1)
 0 1 33 14600 36132  10 (D 0,1,1) (S 345,230,235) (S 351,235,239) (S 354,239,241) (S 358,241,243) (S 360,243,245) (S 367,245,248) (S 368,248,249) (S 370,249,250) (D 0,1,1)
 0 1 34 14667 48014  12 (D 0,1,1) (S 366,247,248) (S 291,195,197) (S 293,197,198) (S 294,198,196) (S 295,199,198) (S 292,197,186) (S 278,187,184) (S 273,184,179) (S 272,179,183) (S 271,183,174) (D 0,1,1)
 0 1 35 14160 35488  10 (D 0,1,1) (S 257,170,174) (S 281,174,188) (S 285,191,192) (S 287,192,193) (S 356,192,242) (S 355,242,241) (S 353,241,240) (S 369,240,249) (D 0,1,1)
 0 1 36 14680 50616  12 (D 0,1,1) (S 357,242,243) (S 359,243,244) (S 289,194,195) (S 290,195,196) (S 296,196,199) (S 297,199,200) (S 299,200,202) (S 298,200,201) (S 316,206,213) (S 318,213,215) (D 0,1,1)
 0 1 37 14663 57128  9 (D 0,1,1) (S 307,206,201) (S 300,201,202) (S 301,202,203) (S 302,203,204) (S 305,204,252) (S 304,252,251) (S 303,251,203) (D 0,1,1)
 0 1 38 14318 40652  11 (D 0,1,1) (S 328,223,222) (S 327,222,221) (S 329,221,224) (S 332,224,226) (S 331,224,225) (S 326,221,215) (S 364,215,246) (S 365,246,247) (S 340,231,232) (D 0,1,1)
 0 1 39 14336 42527  10 (D 0,1,1) (S 282,188,189) (S 283,189,190) (S 288,190,194) (S 362,194,244) (S 361,244,245) (S 363,245,246) (S 337,229,230) (S 338,230,231) (D 0,1,1)
 0 1 40 14670 62129  7 (D 0,1,1) (S 321,216,217) (S 315,212,207) (S 309,207,205) (S 306,204,205) (S 308,205,206) (D 0,1,1)
 0 1 41 14594 60134  9 (D 0,1,1) (S 374,212,254) (S 322,254,218) (S 323,218,219) (S 324,219,220) (S 325,219,216) (S 320,216,214) (S 319,214,215) (D 0,1,1)
 0 1 42 14452 66004  9 (D 0,1,1) (S 375,217,254) (S 314,212,210) (S 313,210,211) (S 312,210,209) (S 311,209,208) (S 310,208,207) (S 317,213,214) (D 0,1,1)
