1621322
42
1801734
1772767
 0 1 1 14452 66004  9 (D 0,1,1) (S 317,214,213) (S 310,207,208) (S 311,208,209) (S 312,209,210) (S 313,210,211) (S 314,210,212) (S 375,254,217) (D 0,1,1)
 0 1 2 14357 20833  18 (D 0,1,1) (S 18,16,20) (S 21,20,22) (S 22,22,23) (S 32,23,28) (S 35,28,29) (S 39,29,31) (S 40,31,30) (S 41,31,32) (S 45,32,34) (S 46,34,35) (S 47,35,36) (S 49,36,12) (S 8,12,11) (S 7,11,10) (S 6,10,9) (S 5,9,8) (D 0,1,1)
 0 1 3 14603 29663  10 (D 0,1,1) (S 37,255,9) (S 48,33,36) (S 50,35,37) (S 51,37,13) (S 10,13,14) (S 62,14,44) (S 61,44,37) (S 9,13,12) (D 0,1,1)
 0 1 4 13182 37164  8 (D 0,1,1) (S 365,247,246) (S 364,246,215) (S 326,215,221) (S 373,222,247) (S 371,247,250) (S 339,229,231) (D 0,1,1)
 0 1 5 14531 40461  9 (D 0,1,1) (S 370,250,249) (S 353,240,241) (S 358,241,243) (S 359,243,244) (S 362,244,194) (S 288,194,190) (S 283,190,189) (D 0,1,1)
 0 1 6 14125 40678  11 (D 0,1,1) (S 281,174,188) (S 282,188,189) (S 284,189,191) (S 287,193,192) (S 356,192,242) (S 357,242,243) (S 360,243,245) (S 363,245,246) (S 372,250,229) (D 0,1,1)
 0 1 7 14693 43454  13 (D 0,1,1) (S 367,248,245) (S 361,245,244) (S 289,194,195) (S 291,195,197) (S 293,197,198) (S 292,197,186) (S 279,186,187) (S 278,187,184) (S 274,184,185) (S 273,184,179) (S 253,170,171) (D 0,1,1)
 0 1 8 14498 26082  12 (D 0,1,1) (S 256,255,171) (S 254,171,172) (S 255,172,173) (S 252,170,120) (S 239,120,162) (S 238,162,156) (S 231,156,157) (S 232,157,154) (S 227,154,153) (S 225,153,151) (D 0,1,1)
 0 1 9 14685 31473  9 (D 0,1,1) (S 221,150,151) (S 242,157,161) (S 237,161,159) (S 235,158,160) (S 236,160,159) (S 234,159,158) (S 233,158,154) (D 0,1,1)
 0 1 10 14658 26049  11 (D 0,1,1) (S 226,153,152) (S 224,152,125) (S 183,125,124) (S 182,124,123) (S 179,123,122) (S 178,122,121) (S 229,121,155) (S 228,155,152) (S 223,152,151) (D 0,1,1)
 0 1 11 14475 29585  16 (D 0,1,1) (S 30,7,255) (S 201,139,138) (S 200,138,137) (S 199,137,130) (S 190,130,131) (S 191,131,100) (S 147,100,2) (S 192,100,132) (S 194,132,133) (S 195,133,134) (S 196,133,135) (S 197,135,136) (S 204,139,140) (S 205,140,141) (D 0,1,1)
 0 1 12 13991 32182  10 (D 0,1,1) (S 343,255,233) (S 341,233,232) (S 338,231,230) (S 345,230,235) (S 352,235,240) (S 369,240,249) (S 368,249,248) (S 366,248,247) (D 0,1,1)
 0 1 13 14405 36068  6 (D 0,1,1) (S 208,142,143) (S 209,143,144) (S 210,143,145) (S 212,146,136) (D 0,1,1)
 0 1 14 14680 28632  13 (D 0,1,1) (S 222,255,150) (S 219,150,126) (S 185,126,127) (S 186,127,98) (S 145,98,97) (S 141,97,96) (S 146,96,100) (S 193,132,131) (S 189,130,129) (S 203,128,139) (S 218,141,150) (D 0,1,1)
 0 1 15 14419 38904  9 (D 0,1,1) (S 130,255,89) (S 129,89,90) (S 126,86,87) (S 148,87,101) (S 162,101,112) (S 168,112,99) (S 144,99,98) (D 0,1,1)
 0 1 16 14587 43855  15 (D 0,1,1) (S 133,93,92) (S 135,92,94) (S 138,95,68) (S 98,68,69) (S 99,69,70) (S 101,70,71) (S 119,71,82) (S 120,82,83) (S 131,83,91) (S 132,91,92) (S 143,91,99) (S 169,99,115) (S 170,115,116) (D 0,1,1)
 0 1 17 14473 31038  7 (D 0,1,1) (S 180,123,116) (S 171,116,117) (S 177,117,121) (S 181,122,124) (S 220,125,150) (D 0,1,1)
 0 1 18 14341 33020  14 (D 0,1,1) (S 207,141,142) (S 206,142,140) (S 213,146,147) (S 214,135,147) (S 215,147,148) (S 216,148,149) (S 217,148,145) (S 211,145,146) (S 198,136,137) (S 202,138,129) (S 188,129,128) (S 187,128,127) (D 0,1,1)
 0 1 19 14697 34740  9 (D 0,1,1) (S 128,89,88) (S 127,88,86) (S 124,86,85) (S 123,85,84) (S 122,84,80) (S 116,80,81) (S 108,73,75) (D 0,1,1)
 0 1 20 14659 38203  14 (D 0,1,1) (S 57,39,42) (S 58,42,43) (S 77,44,54) (S 81,56,58) (S 80,58,57) (S 86,57,61) (S 87,61,62) (S 88,62,63) (S 102,63,70) (S 100,69,71) (S 103,71,72) (S 105,73,74) (D 0,1,1)
 0 1 21 14627 38932  11 (D 0,1,1) (S 75,42,55) (S 76,55,53) (S 82,58,59) (S 84,59,60) (S 89,60,64) (S 95,64,67) (S 97,67,68) (S 136,68,94) (S 134,94,93) (D 0,1,1)
 0 1 22 14549 45282  11 (D 0,1,1) (S 167,115,113) (S 166,114,104) (S 151,104,103) (S 150,103,102) (S 149,102,101) (S 125,87,84) (S 121,84,83) (S 118,82,81) (S 117,81,72) (D 0,1,1)
 0 1 23 14425 39182  6 (D 0,1,1) (S 140,96,3) (S 139,3,95) (S 137,95,94) (S 142,93,97) (D 0,1,1)
 0 1 24 14674 52663  16 (D 0,1,1) (S 172,118,106) (S 153,106,105) (S 154,105,107) (S 155,107,108) (S 156,108,106) (S 157,108,109) (S 159,109,110) (S 158,109,107) (S 152,105,104) (S 161,103,111) (S 160,102,111) (S 165,111,114) (S 164,114,113) (S 163,112,113) (D 0,1,1)
 0 1 25 14442 38687  7 (D 0,1,1) (S 176,120,119) (S 173,117,118) (S 174,118,119) (S 175,119,117) (S 184,125,126) (D 0,1,1)
 0 1 26 14078 22281  16 (D 0,1,1) (S 15,6,18) (S 20,19,21) (S 31,26,27) (S 33,27,28) (S 34,27,29) (S 36,29,9) (S 38,10,30) (S 43,30,33) (S 44,33,11) (S 42,33,32) (S 56,34,41) (S 55,41,39) (S 53,39,38) (S 52,38,25) (D 0,1,1)
 0 1 27 14698 33102  8 (D 0,1,1) (S 54,39,40) (S 113,76,78) (S 114,78,79) (S 115,78,80) (S 104,72,73) (S 109,75,42) (D 0,1,1)
 0 1 28 14584 31677  11 (D 0,1,1) (S 59,41,43) (S 60,43,44) (S 78,53,56) (S 79,56,57) (S 106,62,74) (S 107,74,75) (S 110,75,76) (S 111,76,77) (S 112,77,40) (D 0,1,1)
 0 1 29 14639 40503  13 (D 0,1,1) (S 74,55,54) (S 72,53,52) (S 71,52,51) (S 70,51,50) (S 93,50,4) (S 67,48,49) (S 66,48,46) (S 65,46,47) (S 64,46,45) (S 63,45,15) (S 11,15,14) (D 0,1,1)
 0 1 30 14629 48272  12 (D 0,1,1) (S 85,60,51) (S 69,50,49) (S 68,49,46) (S 94,48,4) (S 92,4,66) (S 96,66,67) (S 91,66,65) (S 90,65,64) (S 83,59,52) (S 73,53,54) (D 0,1,1)
 0 1 31 14577 33601  10 (D 0,1,1) (S 257,170,174) (S 272,183,179) (S 265,179,180) (S 266,180,177) (S 268,177,181) (S 267,180,181) (S 269,181,182) (S 270,182,174) (D 0,1,1)
 0 1 32 14667 44898  8 (D 0,1,1) (S 271,174,183) (S 264,179,178) (S 275,178,185) (S 277,185,253) (S 276,185,186) (S 280,187,188) (D 0,1,1)
 0 1 33 13160 43313  13 (D 0,1,1) (S 351,235,239) (S 349,238,193) (S 286,193,191) (S 285,191,192) (S 355,242,241) (S 354,241,239) (S 350,239,238) (S 348,238,236) (S 347,236,237) (S 346,236,235) (S 337,230,229) (D 0,1,1)
 0 1 34 14659 42550  13 (D 0,1,1) (S 340,232,231) (S 333,223,225) (S 330,222,225) (S 331,225,224) (S 332,224,226) (S 329,224,221) (S 327,221,222) (S 328,222,223) (S 335,227,228) (S 334,227,223) (S 336,223,229) (D 0,1,1)
 0 1 35 14536 35201  13 (D 0,1,1) (S 240,162,163) (S 248,163,167) (S 249,167,168) (S 260,168,176) (S 259,176,175) (S 258,166,175) (S 262,175,177) (S 261,177,176) (S 250,168,163) (S 241,163,157) (S 230,156,155) (D 0,1,1)
 0 1 36 11562 14619  16 (D 0,1,1) (S 27,1,25) (S 26,25,24) (S 24,22,24) (S 25,24,23) (S 23,23,21) (S 19,20,21) (S 28,21,26) (S 29,26,8) (S 4,8,7) (S 17,7,19) (S 16,19,18) (S 14,18,17) (S 13,17,16) (S 12,16,5) (D 0,1,1)
 0 1 37 14285 49927  9 (D 0,1,1) (S 263,178,166) (S 246,166,165) (S 245,165,161) (S 243,161,164) (S 251,164,169) (S 244,164,165) (S 247,166,167) (D 0,1,1)
 0 1 38 14480 54614  11 (D 0,1,1) (S 290,195,196) (S 295,199,198) (S 294,198,196) (S 296,196,199) (S 297,199,200) (S 299,200,202) (S 298,200,201) (S 316,206,213) (S 318,213,215) (D 0,1,1)
 0 1 39 14519 24539  7 (D 0,1,1) (S 1,1,5) (S 2,5,6) (S 344,232,234) (S 342,234,233) (S 3,7,6) (D 0,1,1)
 0 1 40 14670 62129  7 (D 0,1,1) (S 308,206,205) (S 306,204,205) (S 309,205,207) (S 315,207,212) (S 321,217,216) (D 0,1,1)
 0 1 41 14594 60134  9 (D 0,1,1) (S 374,212,254) (S 322,254,218) (S 323,218,219) (S 324,219,220) (S 325,219,216) (S 320,216,214) (S 319,214,215) (D 0,1,1)
 0 1 42 14663 57128  9 (D 0,1,1) (S 307,206,201) (S 301,202,203) (S 303,203,251) (S 304,251,252) (S 305,252,204) (S 302,204,203) (S 300,202,201) (D 0,1,1)
