1628240
42
1802414
1402954
 0 1 1 13946 42414  10 (D 0,1,1) (S 336,229,223) (S 335,227,228) (S 334,227,223) (S 333,223,225) (S 331,225,224) (S 332,224,226) (S 329,224,221) (S 373,222,247) (D 0,1,1)
 0 1 2 14614 40528  12 (D 0,1,1) (S 142,97,93) (S 134,93,94) (S 137,94,95) (S 138,95,68) (S 98,68,69) (S 100,69,71) (S 119,71,82) (S 120,82,83) (S 121,83,84) (S 125,84,87) (D 0,1,1)
 0 1 3 14584 27126  11 (D 0,1,1) (S 57,39,42) (S 58,42,43) (S 60,43,44) (S 62,44,14) (S 10,14,13) (S 51,13,37) (S 46,35,34) (S 41,32,31) (S 38,30,10) (D 0,1,1)
 0 1 4 14658 43925  10 (D 0,1,1) (S 167,115,113) (S 164,113,114) (S 165,114,111) (S 161,111,103) (S 151,103,104) (S 153,105,106) (S 174,118,119) (S 179,122,123) (D 0,1,1)
 0 1 5 14684 41009  13 (D 0,1,1) (S 76,55,53) (S 71,52,51) (S 70,51,50) (S 69,50,49) (S 68,46,49) (S 67,49,48) (S 92,4,66) (S 91,66,65) (S 83,59,52) (S 72,52,53) (S 75,55,42) (D 0,1,1)
 0 1 6 14521 65050  8 (D 0,1,1) (S 316,213,206) (S 310,207,208) (S 311,208,209) (S 312,209,210) (S 313,210,211) (S 314,210,212) (D 0,1,1)
 0 1 7 14624 31489  8 (D 0,1,1) (S 184,126,125) (S 182,124,123) (S 180,123,116) (S 171,116,117) (S 177,117,121) (S 181,122,124) (D 0,1,1)
 0 1 8 14522 60134  10 (D 0,1,1) (S 372,229,250) (S 320,214,216) (S 325,216,219) (S 324,219,220) (S 323,219,218) (S 322,218,254) (S 374,212,254) (S 375,254,217) (D 0,1,1)
 0 1 9 14395 28196  13 (D 0,1,1) (S 225,151,153) (S 227,153,154) (S 234,158,159) (S 236,159,160) (S 235,160,158) (S 233,158,154) (S 232,154,157) (S 231,157,156) (S 230,156,155) (S 223,152,151) (S 222,150,255) (D 0,1,1)
 0 1 10 14422 25311  10 (D 0,1,1) (S 12,5,16) (S 13,16,17) (S 14,17,18) (S 16,18,19) (S 17,19,7) (S 30,7,255) (S 342,233,234) (S 344,234,232) (D 0,1,1)
 0 1 11 14412 35855  9 (D 0,1,1) (S 272,183,179) (S 264,179,178) (S 263,178,166) (S 258,166,175) (S 246,166,165) (S 245,165,161) (S 237,161,159) (D 0,1,1)
 0 1 12 14383 33976  9 (D 0,1,1) (S 175,117,119) (S 176,119,120) (S 252,120,170) (S 255,172,173) (S 254,172,171) (S 256,171,255) (S 3,7,6) (D 0,1,1)
 0 1 13 14688 45172  14 (D 0,1,1) (S 133,93,92) (S 135,92,94) (S 136,94,68) (S 97,68,67) (S 96,67,66) (S 90,65,64) (S 84,60,59) (S 80,58,57) (S 86,57,61) (S 87,61,62) (S 79,57,56) (S 78,56,53) (D 0,1,1)
 0 1 14 14697 34740  9 (D 0,1,1) (S 128,89,88) (S 127,88,86) (S 124,86,85) (S 123,85,84) (S 122,84,80) (S 116,80,81) (S 108,73,75) (D 0,1,1)
 0 1 15 14678 45565  10 (D 0,1,1) (S 140,96,3) (S 139,3,95) (S 95,67,64) (S 89,64,60) (S 82,59,58) (S 81,58,56) (S 73,53,54) (S 74,54,55) (D 0,1,1)
 0 1 16 14637 37773  11 (D 0,1,1) (S 337,229,230) (S 345,230,235) (S 346,235,236) (S 347,236,237) (S 348,236,238) (S 349,238,193) (S 350,238,239) (S 338,230,231) (S 341,232,233) (D 0,1,1)
 0 1 17 14184 18435  18 (D 0,1,1) (S 15,6,18) (S 20,19,21) (S 28,21,26) (S 31,26,27) (S 33,27,28) (S 34,27,29) (S 35,29,28) (S 32,28,23) (S 23,23,21) (S 19,21,20) (S 21,20,22) (S 25,24,23) (S 22,23,22) (S 24,22,24) (S 26,24,25) (S 27,25,1) (D 0,1,1)
 0 1 18 13540 29967  15 (D 0,1,1) (S 204,140,139) (S 198,137,136) (S 197,136,135) (S 215,147,148) (S 216,148,149) (S 217,148,145) (S 211,145,146) (S 200,137,138) (S 202,138,129) (S 188,129,128) (S 203,128,139) (S 205,140,141) (S 218,141,150) (D 0,1,1)
 0 1 19 14521 20649  14 (D 0,1,1) (S 2,5,6) (S 5,8,9) (S 36,9,29) (S 39,29,31) (S 40,31,30) (S 43,30,33) (S 42,33,32) (S 45,32,34) (S 56,34,41) (S 55,41,39) (S 53,39,38) (S 52,38,25) (D 0,1,1)
 0 1 20 13602 38565  12 (D 0,1,1) (S 18,16,20) (S 29,26,8) (S 4,8,7) (S 343,255,233) (S 370,250,249) (S 369,249,240) (S 352,240,235) (S 351,235,239) (S 354,239,241) (S 353,241,240) (D 0,1,1)
 0 1 21 14442 29320  15 (D 0,1,1) (S 207,141,142) (S 206,142,140) (S 212,136,146) (S 213,146,147) (S 214,147,135) (S 196,135,133) (S 195,133,134) (S 194,133,132) (S 193,132,131) (S 190,131,130) (S 189,130,129) (S 187,128,127) (S 219,126,150) (D 0,1,1)
 0 1 22 14476 41270  14 (D 0,1,1) (S 281,174,188) (S 284,189,191) (S 286,191,193) (S 287,193,192) (S 356,192,242) (S 355,242,241) (S 358,241,243) (S 359,243,244) (S 360,245,243) (S 357,243,242) (S 285,192,191) (S 282,189,188) (D 0,1,1)
 0 1 23 14232 33601  10 (D 0,1,1) (S 265,179,180) (S 267,180,181) (S 266,180,177) (S 268,177,181) (S 269,181,182) (S 270,182,174) (S 257,174,170) (S 253,170,171) (D 0,1,1)
 0 1 24 14507 37957  8 (D 0,1,1) (S 365,247,246) (S 363,246,245) (S 367,245,248) (S 366,248,247) (S 371,247,250) (S 339,229,231) (D 0,1,1)
 0 1 25 14682 37470  9 (D 0,1,1) (S 144,98,99) (S 143,99,91) (S 132,91,92) (S 131,91,83) (S 118,82,81) (S 110,75,76) (S 111,76,77) (D 0,1,1)
 0 1 26 13801 36068  5 (D 0,1,1) (S 208,142,143) (S 209,143,144) (S 210,143,145) (D 0,1,1)
 0 1 27 14647 52317  15 (D 0,1,1) (S 362,244,194) (S 289,194,195) (S 291,195,197) (S 293,197,198) (S 296,196,199) (S 299,200,202) (S 298,201,200) (S 297,200,199) (S 295,199,198) (S 294,198,196) (S 290,196,195) (S 361,244,245) (S 368,248,249) (D 0,1,1)
 0 1 28 13458 41250  7 (D 0,1,1) (S 283,189,190) (S 288,190,194) (S 292,197,186) (S 279,186,187) (S 280,187,188) (D 0,1,1)
 0 1 29 14650 31950  12 (D 0,1,1) (S 201,139,138) (S 199,137,130) (S 191,131,100) (S 192,132,100) (S 147,100,2) (S 146,100,96) (S 141,96,97) (S 145,97,98) (S 186,98,127) (S 185,127,126) (D 0,1,1)
 0 1 30 14601 27498  11 (D 0,1,1) (S 59,41,43) (S 61,44,37) (S 50,37,35) (S 47,35,36) (S 49,36,12) (S 8,12,11) (S 7,11,10) (S 6,10,9) (S 37,9,255) (D 0,1,1)
 0 1 31 14663 57128  9 (D 0,1,1) (S 307,206,201) (S 300,201,202) (S 301,202,203) (S 303,203,251) (S 304,251,252) (S 305,252,204) (S 302,204,203) (D 0,1,1)
 0 1 32 14255 47930  9 (D 0,1,1) (S 275,178,185) (S 276,185,186) (S 278,187,184) (S 274,184,185) (S 277,185,253) (S 273,184,179) (S 271,183,174) (D 0,1,1)
 0 1 33 14256 41945  13 (D 0,1,1) (S 130,255,89) (S 129,89,90) (S 126,86,87) (S 148,87,101) (S 160,102,111) (S 150,103,102) (S 149,102,101) (S 162,101,112) (S 163,112,113) (S 168,112,99) (S 169,99,115) (D 0,1,1)
 0 1 34 14512 44442  9 (D 0,1,1) (S 226,152,153) (S 242,157,161) (S 243,161,164) (S 251,164,169) (S 244,164,165) (S 247,166,167) (S 239,162,120) (D 0,1,1)
 0 1 35 14670 62129  7 (D 0,1,1) (S 308,206,205) (S 306,204,205) (S 309,205,207) (S 315,207,212) (S 321,217,216) (D 0,1,1)
 0 1 36 14580 40435  14 (D 0,1,1) (S 44,11,33) (S 48,33,36) (S 9,12,13) (S 11,14,15) (S 63,15,45) (S 64,45,46) (S 65,46,47) (S 66,46,48) (S 94,48,4) (S 93,4,50) (S 85,51,60) (S 77,54,44) (D 0,1,1)
 0 1 37 14021 34225  13 (D 0,1,1) (S 238,156,162) (S 240,162,163) (S 248,163,167) (S 249,167,168) (S 260,168,176) (S 259,176,175) (S 262,175,177) (S 261,177,176) (S 250,168,163) (S 241,163,157) (S 221,151,150) (D 0,1,1)
 0 1 38 14101 33634  10 (D 0,1,1) (S 54,39,40) (S 112,40,77) (S 113,76,78) (S 114,78,79) (S 115,78,80) (S 117,81,72) (S 104,72,73) (S 105,73,74) (D 0,1,1)
 0 1 39 14629 40183  10 (D 0,1,1) (S 107,75,74) (S 106,74,62) (S 88,62,63) (S 102,63,70) (S 99,69,70) (S 101,70,71) (S 103,71,72) (S 109,75,42) (D 0,1,1)
 0 1 40 14642 23983  9 (D 0,1,1) (S 183,125,124) (S 178,122,121) (S 229,121,155) (S 228,155,152) (S 224,152,125) (S 220,125,150) (S 1,5,1) (D 0,1,1)
 0 1 41 13639 41376  11 (D 0,1,1) (S 340,232,231) (S 364,246,215) (S 319,215,214) (S 317,214,213) (S 318,213,215) (S 326,215,221) (S 327,221,222) (S 330,222,225) (S 328,222,223) (D 0,1,1)
 0 1 42 14452 46250  13 (D 0,1,1) (S 173,117,118) (S 172,118,106) (S 156,106,108) (S 158,107,109) (S 159,109,110) (S 157,109,108) (S 155,108,107) (S 154,107,105) (S 152,105,104) (S 166,104,114) (S 170,115,116) (D 0,1,1)
