1613966
42
1801866
1668890
 0 1 1 14430 16769  19 (D 0,1,1) (S 12,5,16) (S 13,16,17) (S 14,17,18) (S 16,18,19) (S 17,19,7) (S 4,7,8) (S 29,8,26) (S 31,26,27) (S 33,27,28) (S 32,28,23) (S 25,23,24) (S 23,23,21) (S 19,21,20) (S 21,20,22) (S 24,22,24) (S 26,24,25) (S 27,25,1) (D 0,1,1)
 0 1 2 14286 25165  20 (D 0,1,1) (S 2,5,6) (S 15,6,18) (S 20,19,21) (S 28,21,26) (S 34,27,29) (S 36,29,9) (S 37,9,255) (S 222,255,150) (S 219,150,126) (S 184,126,125) (S 224,125,152) (S 226,152,153) (S 227,153,154) (S 233,154,158) (S 235,158,160) (S 236,160,159) (S 234,159,158) (S 225,153,151) (D 0,1,1)
 0 1 3 14296 23706  11 (D 0,1,1) (S 220,150,125) (S 183,125,124) (S 182,124,123) (S 179,123,122) (S 178,122,121) (S 229,121,155) (S 228,155,152) (S 223,152,151) (S 221,151,150) (D 0,1,1)
 0 1 4 14608 27502  10 (D 0,1,1) (S 256,255,171) (S 255,172,173) (S 254,172,171) (S 253,171,170) (S 252,170,120) (S 240,162,163) (S 241,163,157) (S 232,157,154) (D 0,1,1)
 0 1 5 12336 34416  7 (D 0,1,1) (S 230,155,156) (S 238,156,162) (S 239,162,120) (S 176,120,119) (S 175,119,117) (D 0,1,1)
 0 1 6 14495 49197  14 (D 0,1,1) (S 173,117,118) (S 156,106,108) (S 157,108,109) (S 159,109,110) (S 158,109,107) (S 155,107,108) (S 154,107,105) (S 151,104,103) (S 160,111,102) (S 148,101,87) (S 128,88,89) (S 129,89,90) (D 0,1,1)
 0 1 7 14583 31038  7 (D 0,1,1) (S 30,7,255) (S 181,124,122) (S 177,121,117) (S 171,117,116) (S 180,116,123) (D 0,1,1)
 0 1 8 14457 28261  12 (D 0,1,1) (S 185,126,127) (S 186,127,98) (S 145,98,97) (S 141,97,96) (S 146,96,100) (S 191,100,131) (S 189,130,129) (S 188,129,128) (S 203,128,139) (S 205,140,141) (D 0,1,1)
 0 1 9 13635 29465  14 (D 0,1,1) (S 3,6,7) (S 218,150,141) (S 207,141,142) (S 206,142,140) (S 197,136,135) (S 215,147,148) (S 216,148,149) (S 217,148,145) (S 211,145,146) (S 198,136,137) (S 201,138,139) (S 204,139,140) (D 0,1,1)
 0 1 10 14405 36068  6 (D 0,1,1) (S 208,142,143) (S 209,143,144) (S 210,143,145) (S 212,146,136) (D 0,1,1)
 0 1 11 14606 40676  12 (D 0,1,1) (S 372,229,250) (S 371,250,247) (S 366,247,248) (S 353,240,241) (S 355,241,242) (S 287,192,193) (S 350,238,239) (S 351,239,235) (S 352,235,240) (S 369,240,249) (D 0,1,1)
 0 1 12 14439 28349  11 (D 0,1,1) (S 5,8,9) (S 6,9,10) (S 38,10,30) (S 40,31,30) (S 43,30,33) (S 49,36,12) (S 51,13,37) (S 61,37,44) (S 59,43,41) (D 0,1,1)
 0 1 13 13915 33511  15 (D 0,1,1) (S 200,138,137) (S 199,137,130) (S 190,130,131) (S 193,131,132) (S 147,100,2) (S 192,100,132) (S 194,132,133) (S 195,133,134) (S 196,133,135) (S 214,135,147) (S 213,147,146) (S 202,138,129) (S 187,128,127) (D 0,1,1)
 0 1 14 14667 42730  13 (D 0,1,1) (S 142,97,93) (S 138,95,68) (S 98,68,69) (S 99,69,70) (S 100,69,71) (S 119,71,82) (S 120,82,83) (S 121,83,84) (S 125,84,87) (S 126,87,86) (S 130,89,255) (D 0,1,1)
 0 1 15 14430 22057  16 (D 0,1,1) (S 18,16,20) (S 22,22,23) (S 35,28,29) (S 39,29,31) (S 41,31,32) (S 42,32,33) (S 48,33,36) (S 47,36,35) (S 46,35,34) (S 45,32,34) (S 56,34,41) (S 55,41,39) (S 53,39,38) (S 52,38,25) (D 0,1,1)
 0 1 16 14479 36016  12 (D 0,1,1) (S 340,232,231) (S 338,231,230) (S 345,230,235) (S 346,235,236) (S 347,236,237) (S 348,236,238) (S 349,238,193) (S 286,193,191) (S 284,191,189) (S 281,188,174) (D 0,1,1)
 0 1 17 14482 34304  11 (D 0,1,1) (S 336,229,223) (S 328,223,222) (S 330,222,225) (S 331,225,224) (S 332,224,226) (S 329,224,221) (S 373,222,247) (S 339,229,231) (S 341,232,233) (D 0,1,1)
 0 1 18 14523 40873  9 (D 0,1,1) (S 370,250,249) (S 368,249,248) (S 367,248,245) (S 360,245,243) (S 359,243,244) (S 361,244,245) (S 363,245,246) (D 0,1,1)
 0 1 19 14608 45410  9 (D 0,1,1) (S 365,247,246) (S 364,246,215) (S 326,215,221) (S 327,221,222) (S 333,225,223) (S 334,223,227) (S 335,227,228) (D 0,1,1)
 0 1 20 14529 49538  11 (D 0,1,1) (S 282,188,189) (S 283,189,190) (S 288,190,194) (S 290,195,196) (S 297,199,200) (S 299,200,202) (S 298,200,201) (S 316,206,213) (S 318,213,215) (D 0,1,1)
 0 1 21 13496 24539  6 (D 0,1,1) (S 344,232,234) (S 342,234,233) (S 343,233,255) (S 1,5,1) (D 0,1,1)
 0 1 22 14452 66004  9 (D 0,1,1) (S 375,217,254) (S 314,212,210) (S 313,210,211) (S 312,210,209) (S 311,209,208) (S 310,208,207) (S 317,213,214) (D 0,1,1)
 0 1 23 14594 60134  9 (D 0,1,1) (S 319,215,214) (S 320,214,216) (S 325,216,219) (S 324,219,220) (S 323,219,218) (S 322,218,254) (S 374,212,254) (D 0,1,1)
 0 1 24 14670 62129  7 (D 0,1,1) (S 308,206,205) (S 306,204,205) (S 309,205,207) (S 315,207,212) (S 321,217,216) (D 0,1,1)
 0 1 25 14663 57128  9 (D 0,1,1) (S 307,206,201) (S 300,201,202) (S 301,202,203) (S 302,203,204) (S 305,204,252) (S 304,252,251) (S 303,251,203) (D 0,1,1)
 0 1 26 14608 25932  9 (D 0,1,1) (S 7,10,11) (S 8,11,12) (S 9,12,13) (S 10,13,14) (S 62,14,44) (S 60,44,43) (S 57,42,39) (D 0,1,1)
 0 1 27 14210 36345  11 (D 0,1,1) (S 109,42,75) (S 105,74,73) (S 104,73,72) (S 103,72,71) (S 101,71,70) (S 102,70,63) (S 88,63,62) (S 79,57,56) (S 76,53,55) (D 0,1,1)
 0 1 28 14649 29437  16 (D 0,1,1) (S 75,42,55) (S 74,55,54) (S 73,54,53) (S 78,53,56) (S 81,56,58) (S 80,58,57) (S 86,57,61) (S 87,61,62) (S 106,62,74) (S 107,74,75) (S 110,75,76) (S 111,76,77) (S 112,77,40) (S 54,40,39) (D 0,1,1)
 0 1 29 14647 40358  12 (D 0,1,1) (S 58,42,43) (S 77,44,54) (S 82,58,59) (S 89,60,64) (S 95,64,67) (S 96,67,66) (S 91,66,65) (S 90,65,64) (S 84,60,59) (S 83,59,52) (D 0,1,1)
 0 1 30 14684 42447  14 (D 0,1,1) (S 85,60,51) (S 93,50,4) (S 94,4,48) (S 65,46,47) (S 66,46,48) (S 67,48,49) (S 68,49,46) (S 64,46,45) (S 63,45,15) (S 11,15,14) (S 50,37,35) (S 44,33,11) (D 0,1,1)
 0 1 31 14166 34740  8 (D 0,1,1) (S 127,88,86) (S 124,86,85) (S 123,85,84) (S 122,84,80) (S 117,81,72) (S 108,73,75) (D 0,1,1)
 0 1 32 14521 45932  10 (D 0,1,1) (S 134,93,94) (S 136,94,68) (S 97,68,67) (S 92,66,4) (S 69,49,50) (S 70,50,51) (S 71,51,52) (S 72,52,53) (D 0,1,1)
 0 1 33 14660 38146  10 (D 0,1,1) (S 113,76,78) (S 114,78,79) (S 115,78,80) (S 116,80,81) (S 118,81,82) (S 131,83,91) (S 132,91,92) (S 133,92,93) (D 0,1,1)
 0 1 34 14489 40484  8 (D 0,1,1) (S 169,115,99) (S 143,99,91) (S 135,92,94) (S 137,94,95) (S 139,95,3) (S 140,3,96) (D 0,1,1)
 0 1 35 14574 41582  11 (D 0,1,1) (S 170,116,115) (S 162,112,101) (S 149,101,102) (S 150,102,103) (S 161,103,111) (S 165,111,114) (S 163,113,112) (S 168,112,99) (S 144,99,98) (D 0,1,1)
 0 1 36 14598 41635  9 (D 0,1,1) (S 174,119,118) (S 172,118,106) (S 153,106,105) (S 152,105,104) (S 166,104,114) (S 164,114,113) (S 167,113,115) (D 0,1,1)
 0 1 37 14313 35234  11 (D 0,1,1) (S 237,159,161) (S 245,161,165) (S 246,165,166) (S 258,166,175) (S 262,175,177) (S 268,177,181) (S 267,180,181) (S 269,181,182) (S 270,182,174) (D 0,1,1)
 0 1 38 14663 44399  9 (D 0,1,1) (S 273,179,184) (S 274,184,185) (S 277,185,253) (S 275,185,178) (S 263,178,166) (S 259,175,176) (S 250,168,163) (D 0,1,1)
 0 1 39 13477 31921  11 (D 0,1,1) (S 248,163,167) (S 249,167,168) (S 260,168,176) (S 261,176,177) (S 266,177,180) (S 265,180,179) (S 272,179,183) (S 271,183,174) (S 257,174,170) (D 0,1,1)
 0 1 40 14554 47950  11 (D 0,1,1) (S 264,179,178) (S 276,185,186) (S 280,187,188) (S 285,191,192) (S 356,192,242) (S 357,242,243) (S 358,243,241) (S 354,241,239) (S 337,230,229) (D 0,1,1)
 0 1 41 14688 46978  12 (D 0,1,1) (S 362,244,194) (S 289,194,195) (S 291,195,197) (S 293,197,198) (S 295,198,199) (S 296,199,196) (S 294,196,198) (S 292,197,186) (S 279,186,187) (S 278,187,184) (D 0,1,1)
 0 1 42 14643 45461  8 (D 0,1,1) (S 231,156,157) (S 247,167,166) (S 244,165,164) (S 251,164,169) (S 243,164,161) (S 242,161,157) (D 0,1,1)
