1627700
42
2400317
2341572
 0 1 1 14689 40468  11 (D 0,1,1) (S 367,248,245) (S 360,245,243) (S 358,243,241) (S 354,241,239) (S 350,238,239) (S 351,239,235) (S 352,235,240) (S 369,240,249) (S 370,249,250) (D 0,1,1)
 0 1 2 11808 19080  16 (D 0,1,1) (S 18,16,20) (S 21,20,22) (S 25,24,23) (S 32,23,28) (S 34,27,29) (S 35,29,28) (S 33,28,27) (S 31,27,26) (S 29,8,26) (S 28,26,21) (S 23,21,23) (S 22,23,22) (S 24,22,24) (S 26,24,25) (D 0,1,1)
 0 1 3 14575 23231  11 (D 0,1,1) (S 228,152,155) (S 229,155,121) (S 178,121,122) (S 181,122,124) (S 183,124,125) (S 220,125,150) (S 222,150,255) (S 3,7,6) (S 2,6,5) (D 0,1,1)
 0 1 4 14079 18944  13 (D 0,1,1) (S 27,1,25) (S 52,25,38) (S 53,38,39) (S 55,39,41) (S 56,41,34) (S 46,34,35) (S 47,35,36) (S 48,36,33) (S 44,33,11) (S 7,11,10) (S 6,10,9) (D 0,1,1)
 0 1 5 14563 65156  8 (D 0,1,1) (S 322,218,254) (S 374,254,212) (S 315,212,207) (S 309,207,205) (S 302,204,203) (S 301,203,202) (D 0,1,1)
 0 1 6 14466 39234  13 (D 0,1,1) (S 336,229,223) (S 333,223,225) (S 330,222,225) (S 331,225,224) (S 332,224,226) (S 329,224,221) (S 373,222,247) (S 366,247,248) (S 368,248,249) (S 372,250,229) (S 337,229,230) (D 0,1,1)
 0 1 7 14495 58584  9 (D 0,1,1) (S 339,231,229) (S 325,216,219) (S 324,219,220) (S 323,219,218) (S 321,217,216) (S 320,216,214) (S 319,214,215) (D 0,1,1)
 0 1 8 14475 45968  12 (D 0,1,1) (S 219,150,126) (S 166,114,104) (S 152,104,105) (S 155,107,108) (S 151,104,103) (S 161,103,111) (S 165,111,114) (S 164,114,113) (S 167,113,115) (S 170,115,116) (D 0,1,1)
 0 1 9 14446 27881  10 (D 0,1,1) (S 37,255,9) (S 43,30,33) (S 49,36,12) (S 9,12,13) (S 10,13,14) (S 62,14,44) (S 60,44,43) (S 59,43,41) (D 0,1,1)
 0 1 10 14650 38054  9 (D 0,1,1) (S 281,174,188) (S 280,188,187) (S 279,187,186) (S 276,186,185) (S 275,185,178) (S 264,178,179) (S 271,183,174) (D 0,1,1)
 0 1 11 14622 47373  11 (D 0,1,1) (S 248,163,167) (S 249,167,168) (S 259,176,175) (S 258,175,166) (S 263,166,178) (S 277,185,253) (S 274,185,184) (S 278,184,187) (S 273,184,179) (D 0,1,1)
 0 1 12 14577 33601  10 (D 0,1,1) (S 272,183,179) (S 265,179,180) (S 268,181,177) (S 266,177,180) (S 267,180,181) (S 269,181,182) (S 270,182,174) (S 257,174,170) (D 0,1,1)
 0 1 13 14569 50829  10 (D 0,1,1) (S 292,186,197) (S 295,198,199) (S 297,199,200) (S 298,200,201) (S 300,201,202) (S 299,202,200) (S 316,206,213) (S 318,213,215) (D 0,1,1)
 0 1 14 14599 36068  7 (D 0,1,1) (S 218,150,141) (S 208,142,143) (S 209,143,144) (S 210,143,145) (S 201,138,139) (D 0,1,1)
 0 1 15 14462 43861  8 (D 0,1,1) (S 247,167,166) (S 246,166,165) (S 244,165,164) (S 251,164,169) (S 243,164,161) (S 242,161,157) (D 0,1,1)
 0 1 16 14511 28053  12 (D 0,1,1) (S 186,127,98) (S 145,98,97) (S 141,97,96) (S 146,96,100) (S 192,100,132) (S 193,132,131) (S 190,131,130) (S 199,130,137) (S 200,137,138) (S 205,140,141) (D 0,1,1)
 0 1 17 14653 42287  9 (D 0,1,1) (S 371,250,247) (S 363,246,245) (S 361,245,244) (S 359,244,243) (S 357,243,242) (S 355,242,241) (S 353,241,240) (D 0,1,1)
 0 1 18 14545 49756  15 (D 0,1,1) (S 282,188,189) (S 285,191,192) (S 287,192,193) (S 356,192,242) (S 362,244,194) (S 289,194,195) (S 291,195,197) (S 293,197,198) (S 294,198,196) (S 296,196,199) (S 290,196,195) (S 288,194,190) (S 283,190,189) (D 0,1,1)
 0 1 19 14687 56269  8 (D 0,1,1) (S 307,206,201) (S 303,203,251) (S 304,251,252) (S 305,252,204) (S 306,204,205) (S 308,205,206) (D 0,1,1)
 0 1 20 14452 66004  9 (D 0,1,1) (S 317,214,213) (S 310,207,208) (S 311,208,209) (S 312,209,210) (S 313,210,211) (S 314,210,212) (S 375,254,217) (D 0,1,1)
 0 1 21 14489 40484  8 (D 0,1,1) (S 169,115,99) (S 143,99,91) (S 135,92,94) (S 137,94,95) (S 139,95,3) (S 140,3,96) (D 0,1,1)
 0 1 22 14472 41540  13 (D 0,1,1) (S 77,44,54) (S 79,56,57) (S 88,62,63) (S 102,63,70) (S 99,69,70) (S 101,70,71) (S 119,71,82) (S 120,82,83) (S 121,83,84) (S 125,84,87) (S 126,87,86) (D 0,1,1)
 0 1 23 13682 30728  15 (D 0,1,1) (S 197,136,135) (S 196,135,133) (S 195,133,134) (S 194,133,132) (S 147,100,2) (S 191,100,131) (S 189,130,129) (S 188,129,128) (S 203,128,139) (S 204,139,140) (S 206,140,142) (S 207,142,141) (S 1,5,1) (D 0,1,1)
 0 1 24 14291 26842  11 (D 0,1,1) (S 57,39,42) (S 58,42,43) (S 61,44,37) (S 50,37,35) (S 8,12,11) (S 42,33,32) (S 41,32,31) (S 40,31,30) (S 38,30,10) (D 0,1,1)
 0 1 25 14576 40726  15 (D 0,1,1) (S 72,53,52) (S 71,52,51) (S 69,50,49) (S 68,49,46) (S 65,46,47) (S 66,46,48) (S 64,46,45) (S 63,45,15) (S 11,15,14) (S 51,13,37) (S 45,34,32) (S 39,31,29) (S 36,29,9) (D 0,1,1)
 0 1 26 14627 35272  9 (D 0,1,1) (S 107,75,74) (S 105,74,73) (S 116,81,80) (S 122,80,84) (S 123,84,85) (S 124,85,86) (S 127,86,88) (D 0,1,1)
 0 1 27 14639 30679  10 (D 0,1,1) (S 184,126,125) (S 224,125,152) (S 230,155,156) (S 231,156,157) (S 238,156,162) (S 240,162,163) (S 241,163,157) (S 232,157,154) (D 0,1,1)
 0 1 28 13544 34718  13 (D 0,1,1) (S 12,5,16) (S 14,17,18) (S 16,18,19) (S 237,159,161) (S 245,161,165) (S 262,175,177) (S 261,177,176) (S 260,176,168) (S 250,168,163) (S 239,162,120) (S 256,171,255) (D 0,1,1)
 0 1 29 14483 33976  9 (D 0,1,1) (S 30,7,255) (S 254,171,172) (S 255,172,173) (S 253,171,170) (S 252,170,120) (S 176,120,119) (S 175,119,117) (D 0,1,1)
 0 1 30 14698 36016  10 (D 0,1,1) (S 341,233,232) (S 345,230,235) (S 346,235,236) (S 347,236,237) (S 348,236,238) (S 349,238,193) (S 286,193,191) (S 284,191,189) (D 0,1,1)
 0 1 31 14659 32456  13 (D 0,1,1) (S 211,146,145) (S 217,145,148) (S 216,148,149) (S 215,148,147) (S 214,135,147) (S 213,147,146) (S 212,146,136) (S 198,136,137) (S 202,138,129) (S 187,128,127) (S 185,127,126) (D 0,1,1)
 0 1 32 14599 41351  16 (D 0,1,1) (S 82,58,59) (S 85,60,51) (S 70,51,50) (S 93,50,4) (S 94,4,48) (S 67,48,49) (S 92,4,66) (S 91,66,65) (S 90,65,64) (S 89,64,60) (S 84,60,59) (S 83,59,52) (S 73,53,54) (S 74,54,55) (D 0,1,1)
 0 1 33 14559 44628  10 (D 0,1,1) (S 365,247,246) (S 364,246,215) (S 326,215,221) (S 327,221,222) (S 328,222,223) (S 334,223,227) (S 335,227,228) (S 338,230,231) (D 0,1,1)
 0 1 34 13698 28165  8 (D 0,1,1) (S 343,255,233) (S 340,231,232) (S 344,232,234) (S 342,234,233) (S 15,6,18) (S 13,17,16) (D 0,1,1)
 0 1 35 14505 40924  11 (D 0,1,1) (S 144,98,99) (S 168,99,112) (S 163,112,113) (S 162,112,101) (S 160,102,111) (S 150,103,102) (S 149,102,101) (S 148,101,87) (S 128,88,89) (D 0,1,1)
 0 1 36 14539 33102  8 (D 0,1,1) (S 113,76,78) (S 114,78,79) (S 115,78,80) (S 104,72,73) (S 108,73,75) (S 109,75,42) (D 0,1,1)
 0 1 37 13738 29401  13 (D 0,1,1) (S 54,39,40) (S 112,40,77) (S 111,77,76) (S 110,76,75) (S 106,74,62) (S 87,62,61) (S 86,61,57) (S 80,57,58) (S 78,56,53) (S 76,53,55) (S 75,55,42) (D 0,1,1)
 0 1 38 14622 43378  12 (D 0,1,1) (S 133,93,92) (S 132,92,91) (S 131,91,83) (S 118,82,81) (S 117,81,72) (S 103,72,71) (S 100,71,69) (S 98,69,68) (S 138,68,95) (S 142,93,97) (D 0,1,1)
 0 1 39 14067 31513  7 (D 0,1,1) (S 179,123,122) (S 177,121,117) (S 171,117,116) (S 180,116,123) (S 182,123,124) (D 0,1,1)
 0 1 40 14634 46147  11 (D 0,1,1) (S 174,119,118) (S 156,106,108) (S 157,108,109) (S 159,109,110) (S 158,109,107) (S 154,107,105) (S 153,105,106) (S 172,106,118) (S 173,118,117) (D 0,1,1)
 0 1 41 14644 46978  8 (D 0,1,1) (S 81,56,58) (S 95,64,67) (S 96,66,67) (S 97,67,68) (S 136,68,94) (S 134,94,93) (D 0,1,1)
 0 1 42 14540 27975  18 (D 0,1,1) (S 19,20,21) (S 20,21,19) (S 17,19,7) (S 4,7,8) (S 5,8,9) (S 129,89,90) (S 130,89,255) (S 223,151,152) (S 226,152,153) (S 227,153,154) (S 233,154,158) (S 235,158,160) (S 236,160,159) (S 234,159,158) (S 225,153,151) (S 221,151,150) (D 0,1,1)
