1614241
42
2400171
1993438
 0 1 1 14617 40125  11 (D 0,1,1) (S 339,231,229) (S 366,247,248) (S 369,249,240) (S 352,240,235) (S 351,235,239) (S 348,238,236) (S 347,236,237) (S 346,236,235) (S 345,235,230) (D 0,1,1)
 0 1 2 14660 38146  10 (D 0,1,1) (S 113,76,78) (S 114,78,79) (S 115,78,80) (S 116,80,81) (S 118,81,82) (S 131,83,91) (S 132,91,92) (S 133,92,93) (D 0,1,1)
 0 1 3 13856 26720  16 (D 0,1,1) (S 4,7,8) (S 5,8,9) (S 129,89,90) (S 130,89,255) (S 342,233,234) (S 36,9,29) (S 34,29,27) (S 31,27,26) (S 28,26,21) (S 20,21,19) (S 16,19,18) (S 14,18,17) (S 13,17,16) (S 12,16,5) (D 0,1,1)
 0 1 4 14642 23231  11 (D 0,1,1) (S 220,150,125) (S 183,125,124) (S 181,124,122) (S 178,122,121) (S 229,121,155) (S 228,155,152) (S 223,152,151) (S 221,151,150) (S 3,7,6) (D 0,1,1)
 0 1 5 14698 41764  9 (D 0,1,1) (S 337,230,229) (S 373,247,222) (S 326,221,215) (S 318,215,213) (S 317,213,214) (S 319,214,215) (S 365,246,247) (D 0,1,1)
 0 1 6 14697 50586  14 (D 0,1,1) (S 338,231,230) (S 372,229,250) (S 316,213,206) (S 298,201,200) (S 299,200,202) (S 297,200,199) (S 294,196,198) (S 291,197,195) (S 289,195,194) (S 288,194,190) (S 283,190,189) (S 282,189,188) (D 0,1,1)
 0 1 7 14559 46454  10 (D 0,1,1) (S 273,179,184) (S 278,184,187) (S 292,186,197) (S 293,197,198) (S 295,198,199) (S 296,199,196) (S 290,196,195) (S 362,194,244) (D 0,1,1)
 0 1 8 14521 33957  7 (D 0,1,1) (S 124,86,85) (S 123,85,84) (S 125,84,87) (S 126,87,86) (S 127,86,88) (D 0,1,1)
 0 1 9 14452 46250  13 (D 0,1,1) (S 173,117,118) (S 172,118,106) (S 156,106,108) (S 155,108,107) (S 158,107,109) (S 159,109,110) (S 157,109,108) (S 154,107,105) (S 152,105,104) (S 166,104,114) (S 170,115,116) (D 0,1,1)
 0 1 10 14357 43450  10 (D 0,1,1) (S 182,124,123) (S 167,115,113) (S 164,113,114) (S 165,114,111) (S 161,111,103) (S 151,103,104) (S 153,105,106) (S 174,118,119) (D 0,1,1)
 0 1 11 13801 36068  5 (D 0,1,1) (S 210,145,143) (S 209,143,144) (S 208,143,142) (D 0,1,1)
 0 1 12 14646 62988  8 (D 0,1,1) (S 321,216,217) (S 315,212,207) (S 309,207,205) (S 302,204,203) (S 301,203,202) (S 300,202,201) (D 0,1,1)
 0 1 13 14032 32456  14 (D 0,1,1) (S 219,150,126) (S 187,127,128) (S 202,129,138) (S 212,136,146) (S 211,146,145) (S 217,145,148) (S 216,148,149) (S 215,148,147) (S 214,135,147) (S 213,147,146) (S 198,136,137) (S 201,138,139) (D 0,1,1)
 0 1 14 14462 43861  8 (D 0,1,1) (S 242,157,161) (S 243,161,164) (S 251,164,169) (S 244,164,165) (S 246,165,166) (S 247,166,167) (D 0,1,1)
 0 1 15 14664 34425  12 (D 0,1,1) (S 224,125,152) (S 226,152,153) (S 227,153,154) (S 237,159,161) (S 245,161,165) (S 262,175,177) (S 261,177,176) (S 249,168,167) (S 248,167,163) (S 241,163,157) (D 0,1,1)
 0 1 16 14519 41582  13 (D 0,1,1) (S 142,97,93) (S 136,94,68) (S 98,68,69) (S 99,69,70) (S 101,70,71) (S 119,71,82) (S 120,82,83) (S 121,83,84) (S 122,84,80) (S 117,81,72) (S 105,73,74) (D 0,1,1)
 0 1 17 14650 38054  9 (D 0,1,1) (S 271,174,183) (S 264,179,178) (S 275,178,185) (S 276,185,186) (S 279,186,187) (S 280,187,188) (S 281,188,174) (D 0,1,1)
 0 1 18 14619 32070  11 (D 0,1,1) (S 225,151,153) (S 234,158,159) (S 236,159,160) (S 235,160,158) (S 233,158,154) (S 232,154,157) (S 231,157,156) (S 238,156,162) (S 230,156,155) (D 0,1,1)
 0 1 19 14489 40484  8 (D 0,1,1) (S 169,115,99) (S 143,99,91) (S 135,92,94) (S 137,94,95) (S 139,95,3) (S 140,3,96) (D 0,1,1)
 0 1 20 14612 44861  11 (D 0,1,1) (S 274,184,185) (S 277,185,253) (S 263,178,166) (S 258,166,175) (S 259,175,176) (S 260,176,168) (S 250,168,163) (S 240,163,162) (S 239,162,120) (D 0,1,1)
 0 1 21 14655 60134  9 (D 0,1,1) (S 364,246,215) (S 325,216,219) (S 324,219,220) (S 323,219,218) (S 322,218,254) (S 374,212,254) (S 320,216,214) (D 0,1,1)
 0 1 22 14503 43766  14 (D 0,1,1) (S 353,240,241) (S 355,241,242) (S 356,242,192) (S 357,242,243) (S 358,243,241) (S 354,241,239) (S 350,239,238) (S 349,238,193) (S 287,193,192) (S 285,192,191) (S 286,191,193) (S 284,191,189) (D 0,1,1)
 0 1 23 14523 40873  9 (D 0,1,1) (S 363,246,245) (S 361,245,244) (S 359,244,243) (S 360,243,245) (S 367,245,248) (S 368,248,249) (S 370,249,250) (D 0,1,1)
 0 1 24 14630 44289  10 (D 0,1,1) (S 134,93,94) (S 138,95,68) (S 97,68,67) (S 96,67,66) (S 91,66,65) (S 90,65,64) (S 89,64,60) (S 82,59,58) (D 0,1,1)
 0 1 25 14697 37258  11 (D 0,1,1) (S 77,44,54) (S 79,56,57) (S 88,62,63) (S 102,63,70) (S 100,69,71) (S 103,71,72) (S 104,72,73) (S 108,73,75) (S 109,75,42) (D 0,1,1)
 0 1 26 14505 40924  11 (D 0,1,1) (S 128,89,88) (S 148,87,101) (S 149,101,102) (S 160,102,111) (S 150,103,102) (S 162,101,112) (S 163,112,113) (S 168,112,99) (S 144,99,98) (D 0,1,1)
 0 1 27 14649 29437  16 (D 0,1,1) (S 75,42,55) (S 74,55,54) (S 73,54,53) (S 78,53,56) (S 81,56,58) (S 80,58,57) (S 86,57,61) (S 87,61,62) (S 106,62,74) (S 107,74,75) (S 110,75,76) (S 111,76,77) (S 112,77,40) (S 54,40,39) (D 0,1,1)
 0 1 28 14541 28085  15 (D 0,1,1) (S 59,41,43) (S 60,43,44) (S 61,44,37) (S 51,37,13) (S 9,13,12) (S 49,12,36) (S 47,36,35) (S 46,35,34) (S 42,32,33) (S 44,33,11) (S 43,33,30) (S 38,30,10) (S 6,10,9) (D 0,1,1)
 0 1 29 14687 47048  12 (D 0,1,1) (S 71,52,51) (S 70,51,50) (S 93,50,4) (S 67,48,49) (S 66,46,48) (S 94,48,4) (S 92,4,66) (S 95,67,64) (S 83,59,52) (S 72,52,53) (D 0,1,1)
 0 1 30 14454 26831  17 (D 0,1,1) (S 207,141,142) (S 206,142,140) (S 197,136,135) (S 196,135,133) (S 195,133,134) (S 194,133,132) (S 193,132,131) (S 190,131,130) (S 189,130,129) (S 188,129,128) (S 203,128,139) (S 204,139,140) (S 205,140,141) (S 218,141,150) (S 222,150,255) (D 0,1,1)
 0 1 31 14533 33976  9 (D 0,1,1) (S 256,255,171) (S 255,172,173) (S 254,172,171) (S 253,171,170) (S 252,170,120) (S 176,120,119) (S 175,119,117) (D 0,1,1)
 0 1 32 13759 20338  13 (D 0,1,1) (S 52,25,38) (S 53,38,39) (S 55,39,41) (S 56,41,34) (S 45,34,32) (S 41,32,31) (S 39,31,29) (S 35,29,28) (S 32,28,23) (S 25,23,24) (S 21,22,20) (D 0,1,1)
 0 1 33 14623 31950  12 (D 0,1,1) (S 200,138,137) (S 199,137,130) (S 191,131,100) (S 192,132,100) (S 147,100,2) (S 146,100,96) (S 141,96,97) (S 145,97,98) (S 186,98,127) (S 185,127,126) (D 0,1,1)
 0 1 34 14577 33601  10 (D 0,1,1) (S 272,183,179) (S 265,179,180) (S 267,180,181) (S 266,180,177) (S 268,177,181) (S 269,181,182) (S 270,182,174) (S 257,174,170) (D 0,1,1)
 0 1 35 13645 25367  8 (D 0,1,1) (S 15,6,18) (S 17,19,7) (S 30,7,255) (S 343,255,233) (S 341,233,232) (S 344,232,234) (D 0,1,1)
 0 1 36 14593 25932  9 (D 0,1,1) (S 57,39,42) (S 58,42,43) (S 62,44,14) (S 10,14,13) (S 8,12,11) (S 7,11,10) (S 37,9,255) (D 0,1,1)
 0 1 37 9867 10257  10 (D 0,1,1) (S 27,1,25) (S 26,25,24) (S 24,24,22) (S 22,22,23) (S 23,23,21) (S 19,21,20) (S 18,20,16) (S 1,5,1) (D 0,1,1)
 0 1 38 14683 40810  16 (D 0,1,1) (S 29,8,26) (S 33,27,28) (S 40,31,30) (S 48,33,36) (S 50,35,37) (S 11,14,15) (S 63,15,45) (S 64,45,46) (S 65,46,47) (S 68,46,49) (S 69,49,50) (S 85,51,60) (S 84,60,59) (S 76,53,55) (D 0,1,1)
 0 1 39 14634 65050  9 (D 0,1,1) (S 310,207,208) (S 311,208,209) (S 312,209,210) (S 313,210,211) (S 314,210,212) (S 375,254,217) (S 371,247,250) (D 0,1,1)
 0 1 40 14571 31964  8 (D 0,1,1) (S 2,5,6) (S 179,123,122) (S 177,121,117) (S 171,117,116) (S 180,116,123) (S 184,125,126) (D 0,1,1)
 0 1 41 14687 56269  8 (D 0,1,1) (S 308,206,205) (S 306,205,204) (S 305,204,252) (S 304,252,251) (S 303,251,203) (S 307,201,206) (D 0,1,1)
 0 1 42 14659 42550  13 (D 0,1,1) (S 340,232,231) (S 333,223,225) (S 327,222,221) (S 329,221,224) (S 332,224,226) (S 331,224,225) (S 330,225,222) (S 328,222,223) (S 334,223,227) (S 335,227,228) (S 336,223,229) (D 0,1,1)
