1624145
42
1801925
1470174
 0 1 1 10257 10257  11 (D 0,1,1) (S 27,1,25) (S 26,25,24) (S 24,24,22) (S 22,22,23) (S 23,23,21) (S 19,21,20) (S 18,20,16) (S 12,16,5) (S 1,5,1) (D 0,1,1)
 0 1 2 14348 21930  20 (D 0,1,1) (S 2,5,6) (S 15,6,18) (S 16,18,19) (S 17,19,7) (S 5,8,9) (S 6,9,10) (S 7,10,11) (S 8,11,12) (S 9,12,13) (S 51,13,37) (S 50,37,35) (S 47,35,36) (S 48,36,33) (S 43,33,30) (S 40,30,31) (S 32,28,23) (S 25,23,24) (S 21,22,20) (D 0,1,1)
 0 1 3 14529 20337  16 (D 0,1,1) (S 13,16,17) (S 14,17,18) (S 20,19,21) (S 28,21,26) (S 31,26,27) (S 33,27,28) (S 35,28,29) (S 39,29,31) (S 41,31,32) (S 45,32,34) (S 56,34,41) (S 55,41,39) (S 53,39,38) (S 52,38,25) (D 0,1,1)
 0 1 4 14692 31677  11 (D 0,1,1) (S 54,39,40) (S 112,40,77) (S 111,77,76) (S 110,76,75) (S 107,75,74) (S 106,74,62) (S 86,61,57) (S 78,56,53) (S 59,43,41) (D 0,1,1)
 0 1 5 14579 40358  11 (D 0,1,1) (S 58,42,43) (S 60,43,44) (S 77,44,54) (S 73,54,53) (S 83,52,59) (S 91,65,66) (S 96,66,67) (S 95,67,64) (S 89,64,60) (D 0,1,1)
 0 1 6 14613 39815  16 (D 0,1,1) (S 75,42,55) (S 74,55,54) (S 79,56,57) (S 80,57,58) (S 85,60,51) (S 70,51,50) (S 69,50,49) (S 68,49,46) (S 65,46,47) (S 66,46,48) (S 93,4,50) (S 71,51,52) (S 72,52,53) (S 76,53,55) (D 0,1,1)
 0 1 7 14504 45650  12 (D 0,1,1) (S 87,61,62) (S 88,62,63) (S 102,63,70) (S 99,69,70) (S 101,70,71) (S 100,71,69) (S 98,69,68) (S 97,68,67) (S 84,60,59) (S 81,58,56) (D 0,1,1)
 0 1 8 14594 40658  11 (D 0,1,1) (S 57,39,42) (S 82,58,59) (S 90,64,65) (S 92,66,4) (S 94,4,48) (S 67,48,49) (S 64,46,45) (S 63,45,15) (S 11,15,14) (D 0,1,1)
 0 1 9 14539 33102  8 (D 0,1,1) (S 113,76,78) (S 114,78,79) (S 115,78,80) (S 104,72,73) (S 108,73,75) (S 109,75,42) (D 0,1,1)
 0 1 10 14521 33957  7 (D 0,1,1) (S 124,86,85) (S 123,85,84) (S 125,84,87) (S 126,87,86) (S 127,86,88) (D 0,1,1)
 0 1 11 14647 34225  15 (D 0,1,1) (S 130,255,89) (S 129,89,90) (S 128,88,89) (S 207,141,142) (S 206,142,140) (S 204,140,139) (S 201,139,138) (S 198,137,136) (S 197,136,135) (S 215,147,148) (S 216,148,149) (S 217,148,145) (S 211,145,146) (D 0,1,1)
 0 1 12 14405 36068  6 (D 0,1,1) (S 208,142,143) (S 209,143,144) (S 210,143,145) (S 212,146,136) (D 0,1,1)
 0 1 13 14653 28748  14 (D 0,1,1) (S 3,6,7) (S 218,150,141) (S 205,141,140) (S 203,139,128) (S 188,128,129) (S 202,129,138) (S 199,137,130) (S 190,130,131) (S 191,131,100) (S 146,100,96) (S 145,97,98) (S 186,98,127) (D 0,1,1)
 0 1 14 14458 33024  16 (D 0,1,1) (S 222,255,150) (S 200,138,137) (S 213,146,147) (S 214,147,135) (S 196,135,133) (S 195,133,134) (S 194,133,132) (S 147,100,2) (S 192,100,132) (S 193,132,131) (S 189,130,129) (S 187,128,127) (S 185,127,126) (S 219,126,150) (D 0,1,1)
 0 1 15 14699 30018  11 (D 0,1,1) (S 37,255,9) (S 38,10,30) (S 42,33,32) (S 46,34,35) (S 61,37,44) (S 62,44,14) (S 10,14,13) (S 49,12,36) (S 44,33,11) (D 0,1,1)
 0 1 16 14526 33391  12 (D 0,1,1) (S 343,255,233) (S 341,233,232) (S 339,231,229) (S 337,229,230) (S 345,230,235) (S 350,239,238) (S 349,238,193) (S 286,193,191) (S 284,191,189) (S 281,188,174) (D 0,1,1)
 0 1 17 14530 43511  10 (D 0,1,1) (S 270,174,182) (S 269,182,181) (S 265,180,179) (S 264,179,178) (S 275,178,185) (S 277,185,253) (S 274,185,184) (S 272,179,183) (D 0,1,1)
 0 1 18 14680 40237  7 (D 0,1,1) (S 257,170,174) (S 285,191,192) (S 357,242,243) (S 360,243,245) (S 363,245,246) (D 0,1,1)
 0 1 19 14306 37164  9 (D 0,1,1) (S 365,247,246) (S 364,246,215) (S 326,215,221) (S 327,221,222) (S 373,222,247) (S 371,247,250) (S 372,250,229) (D 0,1,1)
 0 1 20 14675 41290  14 (D 0,1,1) (S 370,250,249) (S 369,249,240) (S 352,240,235) (S 346,235,236) (S 347,236,237) (S 348,236,238) (S 287,193,192) (S 356,192,242) (S 355,242,241) (S 354,241,239) (S 351,239,235) (S 338,230,231) (D 0,1,1)
 0 1 21 14287 46454  10 (D 0,1,1) (S 368,249,248) (S 367,248,245) (S 290,195,196) (S 295,199,198) (S 292,197,186) (S 278,187,184) (S 273,184,179) (S 271,183,174) (D 0,1,1)
 0 1 22 13446 40461  9 (D 0,1,1) (S 282,188,189) (S 283,189,190) (S 288,190,194) (S 362,194,244) (S 359,244,243) (S 358,243,241) (S 353,241,240) (D 0,1,1)
 0 1 23 14127 42550  12 (D 0,1,1) (S 335,227,228) (S 334,227,223) (S 333,223,225) (S 331,225,224) (S 332,224,226) (S 329,224,221) (S 330,222,225) (S 328,222,223) (S 336,223,229) (S 340,231,232) (D 0,1,1)
 0 1 24 14498 26082  12 (D 0,1,1) (S 225,151,153) (S 227,153,154) (S 232,154,157) (S 231,157,156) (S 238,156,162) (S 239,162,120) (S 252,120,170) (S 254,171,172) (S 255,172,173) (S 256,171,255) (D 0,1,1)
 0 1 25 14232 36854  6 (D 0,1,1) (S 253,171,170) (S 176,120,119) (S 174,119,118) (S 173,118,117) (D 0,1,1)
 0 1 26 14313 52610  15 (D 0,1,1) (S 172,118,106) (S 156,108,106) (S 153,106,105) (S 154,105,107) (S 158,107,109) (S 159,109,110) (S 157,109,108) (S 155,108,107) (S 152,105,104) (S 165,114,111) (S 161,111,103) (S 160,111,102) (S 148,101,87) (D 0,1,1)
 0 1 27 14599 43190  10 (D 0,1,1) (S 168,112,99) (S 135,92,94) (S 137,94,95) (S 138,95,68) (S 136,68,94) (S 133,93,92) (S 132,92,91) (S 144,99,98) (D 0,1,1)
 0 1 28 14696 43040  14 (D 0,1,1) (S 169,115,99) (S 143,99,91) (S 131,91,83) (S 120,83,82) (S 119,82,71) (S 103,71,72) (S 117,72,81) (S 118,81,82) (S 121,83,84) (S 122,84,80) (S 116,80,81) (S 105,73,74) (D 0,1,1)
 0 1 29 14686 41607  11 (D 0,1,1) (S 167,115,113) (S 163,113,112) (S 162,112,101) (S 149,101,102) (S 150,102,103) (S 151,103,104) (S 166,104,114) (S 164,114,113) (S 170,115,116) (D 0,1,1)
 0 1 30 14283 32420  7 (D 0,1,1) (S 181,124,122) (S 177,121,117) (S 175,117,119) (S 171,117,116) (S 180,116,123) (D 0,1,1)
 0 1 31 14657 24909  11 (D 0,1,1) (S 184,126,125) (S 224,125,152) (S 228,152,155) (S 229,155,121) (S 178,121,122) (S 179,122,123) (S 182,123,124) (S 183,124,125) (S 220,125,150) (D 0,1,1)
 0 1 32 14465 28337  8 (D 0,1,1) (S 4,7,8) (S 29,8,26) (S 34,27,29) (S 36,29,9) (S 342,233,234) (S 344,234,232) (D 0,1,1)
 0 1 33 14365 40500  10 (D 0,1,1) (S 30,7,255) (S 226,152,153) (S 248,163,167) (S 247,167,166) (S 263,166,178) (S 276,185,186) (S 279,186,187) (S 280,187,188) (D 0,1,1)
 0 1 34 14166 38135  13 (D 0,1,1) (S 240,162,163) (S 249,167,168) (S 260,168,176) (S 261,176,177) (S 266,177,180) (S 267,180,181) (S 268,181,177) (S 262,177,175) (S 230,156,155) (S 223,152,151) (S 221,151,150) (D 0,1,1)
 0 1 35 14679 45411  11 (D 0,1,1) (S 234,158,159) (S 243,161,164) (S 251,164,169) (S 244,164,165) (S 246,165,166) (S 258,166,175) (S 259,175,176) (S 250,168,163) (S 241,163,157) (D 0,1,1)
 0 1 36 14554 31939  8 (D 0,1,1) (S 242,157,161) (S 245,161,165) (S 237,161,159) (S 236,159,160) (S 235,160,158) (S 233,158,154) (D 0,1,1)
 0 1 37 14419 39182  7 (D 0,1,1) (S 141,97,96) (S 140,96,3) (S 139,3,95) (S 134,94,93) (S 142,93,97) (D 0,1,1)
 0 1 38 14622 49652  14 (D 0,1,1) (S 318,215,213) (S 316,213,206) (S 298,201,200) (S 299,200,202) (S 297,200,199) (S 296,199,196) (S 294,196,198) (S 293,198,197) (S 291,197,195) (S 289,195,194) (S 361,244,245) (S 366,248,247) (D 0,1,1)
 0 1 39 14594 60134  9 (D 0,1,1) (S 319,215,214) (S 320,214,216) (S 325,216,219) (S 324,219,220) (S 323,219,218) (S 322,218,254) (S 374,212,254) (D 0,1,1)
 0 1 40 14452 66004  9 (D 0,1,1) (S 375,217,254) (S 314,212,210) (S 313,210,211) (S 312,210,209) (S 311,209,208) (S 310,208,207) (S 317,213,214) (D 0,1,1)
 0 1 41 14670 62129  7 (D 0,1,1) (S 308,206,205) (S 306,204,205) (S 309,205,207) (S 315,207,212) (S 321,217,216) (D 0,1,1)
 0 1 42 14663 57128  9 (D 0,1,1) (S 300,201,202) (S 301,202,203) (S 303,203,251) (S 304,251,252) (S 305,252,204) (S 302,204,203) (S 307,201,206) (D 0,1,1)
