1621235
42
1801881
1656774
 0 1 1 12912 33439  10 (D 0,1,1) (S 221,150,151) (S 226,152,153) (S 237,159,161) (S 245,161,165) (S 246,165,166) (S 262,175,177) (S 268,177,181) (S 270,182,174) (D 0,1,1)
 0 1 2 14513 34951  12 (D 0,1,1) (S 253,171,170) (S 269,182,181) (S 266,180,177) (S 261,177,176) (S 260,176,168) (S 250,168,163) (S 240,163,162) (S 238,156,162) (S 239,162,120) (S 252,120,170) (D 0,1,1)
 0 1 3 14395 28196  13 (D 0,1,1) (S 222,255,150) (S 225,151,153) (S 227,153,154) (S 234,158,159) (S 236,159,160) (S 235,160,158) (S 233,158,154) (S 232,154,157) (S 231,157,156) (S 230,156,155) (S 223,152,151) (D 0,1,1)
 0 1 4 14567 29644  14 (D 0,1,1) (S 219,150,126) (S 185,126,127) (S 187,127,128) (S 188,128,129) (S 202,129,138) (S 198,137,136) (S 213,146,147) (S 215,147,148) (S 216,148,149) (S 217,148,145) (S 211,145,146) (S 204,139,140) (D 0,1,1)
 0 1 5 14657 24909  11 (D 0,1,1) (S 184,126,125) (S 183,125,124) (S 182,124,123) (S 179,123,122) (S 178,122,121) (S 229,121,155) (S 228,155,152) (S 224,152,125) (S 220,125,150) (D 0,1,1)
 0 1 6 14193 20790  15 (D 0,1,1) (S 21,20,22) (S 22,22,23) (S 32,23,28) (S 33,28,27) (S 34,27,29) (S 39,29,31) (S 40,31,30) (S 43,30,33) (S 42,33,32) (S 56,34,41) (S 55,41,39) (S 53,39,38) (S 52,38,25) (D 0,1,1)
 0 1 7 14696 36381  13 (D 0,1,1) (S 105,74,73) (S 103,72,71) (S 101,71,70) (S 102,70,63) (S 88,63,62) (S 86,61,57) (S 79,57,56) (S 73,53,54) (S 74,54,55) (S 75,55,42) (S 57,42,39) (D 0,1,1)
 0 1 8 14687 39549  14 (D 0,1,1) (S 58,42,43) (S 77,44,54) (S 83,52,59) (S 85,60,51) (S 70,51,50) (S 69,50,49) (S 68,49,46) (S 65,46,47) (S 64,46,45) (S 63,45,15) (S 11,15,14) (S 51,13,37) (D 0,1,1)
 0 1 9 14592 37795  14 (D 0,1,1) (S 109,42,75) (S 108,75,73) (S 104,73,72) (S 117,72,81) (S 116,80,81) (S 118,81,82) (S 121,83,84) (S 125,84,87) (S 128,88,89) (S 129,89,90) (S 130,89,255) (S 3,7,6) (D 0,1,1)
 0 1 10 14618 45402  9 (D 0,1,1) (S 242,157,161) (S 243,161,164) (S 251,164,169) (S 244,164,165) (S 258,166,175) (S 259,175,176) (S 249,168,167) (D 0,1,1)
 0 1 11 14636 42928  9 (D 0,1,1) (S 241,157,163) (S 248,163,167) (S 247,167,166) (S 263,166,178) (S 275,178,185) (S 277,185,253) (S 274,185,184) (D 0,1,1)
 0 1 12 14672 40998  11 (D 0,1,1) (S 271,174,183) (S 272,183,179) (S 264,179,178) (S 276,185,186) (S 279,186,187) (S 278,187,184) (S 273,184,179) (S 265,179,180) (S 267,180,181) (D 0,1,1)
 0 1 13 14496 32090  11 (D 0,1,1) (S 112,40,77) (S 111,77,76) (S 110,76,75) (S 107,75,74) (S 106,74,62) (S 87,62,61) (S 80,57,58) (S 60,44,43) (S 59,43,41) (D 0,1,1)
 0 1 14 14405 36068  6 (D 0,1,1) (S 212,136,146) (S 210,145,143) (S 209,143,144) (S 208,143,142) (D 0,1,1)
 0 1 15 14283 32420  7 (D 0,1,1) (S 181,124,122) (S 177,121,117) (S 175,117,119) (S 171,117,116) (S 180,116,123) (D 0,1,1)
 0 1 16 14432 34752  7 (D 0,1,1) (S 170,116,115) (S 167,115,113) (S 163,113,112) (S 162,112,101) (S 127,86,88) (D 0,1,1)
 0 1 17 14587 40076  12 (D 0,1,1) (S 126,86,87) (S 148,87,101) (S 149,101,102) (S 150,102,103) (S 161,103,111) (S 160,102,111) (S 165,111,114) (S 164,114,113) (S 168,112,99) (S 144,99,98) (D 0,1,1)
 0 1 18 14542 42752  14 (D 0,1,1) (S 169,115,99) (S 143,99,91) (S 135,92,94) (S 136,94,68) (S 98,68,69) (S 99,69,70) (S 100,69,71) (S 119,71,82) (S 120,82,83) (S 131,83,91) (S 132,91,92) (S 133,92,93) (D 0,1,1)
 0 1 19 14646 48761  10 (D 0,1,1) (S 134,93,94) (S 138,95,68) (S 97,68,67) (S 96,66,67) (S 95,67,64) (S 84,60,59) (S 82,59,58) (S 81,58,56) (D 0,1,1)
 0 1 20 14580 42021  14 (D 0,1,1) (S 72,53,52) (S 71,52,51) (S 93,50,4) (S 67,48,49) (S 66,46,48) (S 94,48,4) (S 92,4,66) (S 91,66,65) (S 90,65,64) (S 89,64,60) (S 78,56,53) (S 76,53,55) (D 0,1,1)
 0 1 21 14645 45538  6 (D 0,1,1) (S 176,120,119) (S 174,119,118) (S 154,107,105) (S 151,104,103) (D 0,1,1)
 0 1 22 14425 39182  6 (D 0,1,1) (S 140,96,3) (S 139,3,95) (S 137,95,94) (S 142,93,97) (D 0,1,1)
 0 1 23 14617 46852  12 (D 0,1,1) (S 173,117,118) (S 172,118,106) (S 156,106,108) (S 157,108,109) (S 159,109,110) (S 158,109,107) (S 155,107,108) (S 153,106,105) (S 152,105,104) (S 166,104,114) (D 0,1,1)
 0 1 24 14616 33079  11 (D 0,1,1) (S 338,231,230) (S 345,230,235) (S 351,235,239) (S 350,239,238) (S 349,238,193) (S 286,193,191) (S 284,191,189) (S 282,189,188) (S 257,174,170) (D 0,1,1)
 0 1 25 14542 40839  10 (D 0,1,1) (S 371,250,247) (S 365,247,246) (S 363,246,245) (S 361,245,244) (S 359,244,243) (S 358,243,241) (S 354,241,239) (S 337,230,229) (D 0,1,1)
 0 1 26 14429 52317  15 (D 0,1,1) (S 291,195,197) (S 293,197,198) (S 296,196,199) (S 298,200,201) (S 300,201,202) (S 299,202,200) (S 297,200,199) (S 295,199,198) (S 294,198,196) (S 290,196,195) (S 289,195,194) (S 362,194,244) (S 368,248,249) (D 0,1,1)
 0 1 27 12273 24539  5 (D 0,1,1) (S 30,7,255) (S 342,233,234) (S 344,234,232) (D 0,1,1)
 0 1 28 14008 41329  11 (D 0,1,1) (S 370,250,249) (S 369,249,240) (S 353,240,241) (S 355,241,242) (S 287,192,193) (S 348,238,236) (S 347,236,237) (S 346,236,235) (S 352,235,240) (D 0,1,1)
 0 1 29 14625 62988  8 (D 0,1,1) (S 321,216,217) (S 375,217,254) (S 315,212,207) (S 309,207,205) (S 302,204,203) (S 301,203,202) (D 0,1,1)
 0 1 30 14594 60134  9 (D 0,1,1) (S 319,215,214) (S 320,214,216) (S 325,216,219) (S 324,219,220) (S 323,219,218) (S 322,218,254) (S 374,212,254) (D 0,1,1)
 0 1 31 14628 37326  12 (D 0,1,1) (S 281,174,188) (S 285,191,192) (S 356,192,242) (S 357,242,243) (S 360,243,245) (S 367,245,248) (S 366,248,247) (S 372,250,229) (S 339,229,231) (S 340,231,232) (D 0,1,1)
 0 1 32 14658 37756  8 (D 0,1,1) (S 336,229,223) (S 335,227,228) (S 334,227,223) (S 328,223,222) (S 373,222,247) (S 341,232,233) (D 0,1,1)
 0 1 33 14697 46034  13 (D 0,1,1) (S 343,255,233) (S 333,223,225) (S 330,225,222) (S 327,222,221) (S 329,221,224) (S 332,224,226) (S 331,224,225) (S 326,221,215) (S 317,214,213) (S 318,213,215) (S 364,215,246) (D 0,1,1)
 0 1 34 14521 65050  8 (D 0,1,1) (S 316,213,206) (S 310,207,208) (S 311,208,209) (S 312,209,210) (S 313,210,211) (S 314,210,212) (D 0,1,1)
 0 1 35 14550 36378  9 (D 0,1,1) (S 54,39,40) (S 113,76,78) (S 114,78,79) (S 115,78,80) (S 122,80,84) (S 123,84,85) (S 124,85,86) (D 0,1,1)
 0 1 36 14546 43882  9 (D 0,1,1) (S 280,188,187) (S 292,186,197) (S 288,194,190) (S 283,190,189) (S 254,171,172) (S 255,172,173) (S 256,171,255) (D 0,1,1)
 0 1 37 14687 56269  8 (D 0,1,1) (S 308,206,205) (S 306,205,204) (S 305,204,252) (S 304,252,251) (S 303,251,203) (S 307,201,206) (D 0,1,1)
 0 1 38 13586 14114  16 (D 0,1,1) (S 27,1,25) (S 26,25,24) (S 24,22,24) (S 25,24,23) (S 23,23,21) (S 20,21,19) (S 17,19,7) (S 4,7,8) (S 29,8,26) (S 28,26,21) (S 19,21,20) (S 18,20,16) (S 12,16,5) (S 1,5,1) (D 0,1,1)
 0 1 39 14075 22008  19 (D 0,1,1) (S 13,16,17) (S 14,17,18) (S 16,18,19) (S 31,26,27) (S 35,28,29) (S 36,29,9) (S 38,10,30) (S 41,31,32) (S 45,32,34) (S 46,34,35) (S 47,35,36) (S 49,36,12) (S 8,12,11) (S 7,11,10) (S 6,10,9) (S 5,9,8) (S 2,6,5) (D 0,1,1)
 0 1 40 14507 29304  10 (D 0,1,1) (S 37,255,9) (S 9,12,13) (S 10,13,14) (S 62,14,44) (S 61,44,37) (S 50,37,35) (S 48,36,33) (S 44,33,11) (D 0,1,1)
 0 1 41 14204 32558  13 (D 0,1,1) (S 15,18,6) (S 218,150,141) (S 203,139,128) (S 189,129,130) (S 193,131,132) (S 192,132,100) (S 147,100,2) (S 146,100,96) (S 141,96,97) (S 145,97,98) (S 186,98,127) (D 0,1,1)
 0 1 42 13686 29837  15 (D 0,1,1) (S 207,141,142) (S 206,142,140) (S 197,136,135) (S 214,135,147) (S 196,135,133) (S 195,133,134) (S 194,133,132) (S 191,100,131) (S 190,131,130) (S 199,130,137) (S 200,137,138) (S 201,138,139) (S 205,140,141) (D 0,1,1)
