1616604
42
1801827
1552593
 0 1 1 13060 28095  6 (D 0,1,1) (S 129,89,90) (S 130,89,255) (S 342,233,234) (S 344,234,232) (D 0,1,1)
 0 1 2 14525 33091  5 (D 0,1,1) (S 229,155,121) (S 177,121,117) (S 176,119,120) (D 0,1,1)
 0 1 3 14581 43921  10 (D 0,1,1) (S 273,179,184) (S 274,184,185) (S 277,185,253) (S 276,185,186) (S 279,186,187) (S 278,187,184) (S 272,179,183) (S 271,183,174) (D 0,1,1)
 0 1 4 14617 44341  9 (D 0,1,1) (S 263,166,178) (S 275,178,185) (S 264,178,179) (S 265,179,180) (S 268,181,177) (S 261,177,176) (S 250,168,163) (D 0,1,1)
 0 1 5 14572 34214  11 (D 0,1,1) (S 240,162,163) (S 247,167,166) (S 258,166,175) (S 246,166,165) (S 245,165,161) (S 237,161,159) (S 236,159,160) (S 235,160,158) (S 227,154,153) (D 0,1,1)
 0 1 6 14580 31991  14 (D 0,1,1) (S 203,139,128) (S 202,129,138) (S 200,138,137) (S 199,137,130) (S 190,130,131) (S 193,131,132) (S 146,100,96) (S 145,97,98) (S 186,98,127) (S 184,126,125) (S 224,125,152) (S 225,153,151) (D 0,1,1)
 0 1 7 14330 23452  9 (D 0,1,1) (S 53,38,39) (S 57,39,42) (S 109,42,75) (S 110,75,76) (S 111,76,77) (S 112,77,40) (S 54,40,39) (D 0,1,1)
 0 1 8 14497 22493  17 (D 0,1,1) (S 52,25,38) (S 55,39,41) (S 56,41,34) (S 46,34,35) (S 47,35,36) (S 49,36,12) (S 8,12,11) (S 7,11,10) (S 6,10,9) (S 36,9,29) (S 34,29,27) (S 31,27,26) (S 28,26,21) (S 20,21,19) (S 15,18,6) (D 0,1,1)
 0 1 9 14322 40237  9 (D 0,1,1) (S 343,255,233) (S 340,232,231) (S 365,247,246) (S 363,246,245) (S 360,245,243) (S 357,243,242) (S 285,192,191) (D 0,1,1)
 0 1 10 14632 42378  11 (D 0,1,1) (S 364,246,215) (S 326,215,221) (S 331,225,224) (S 332,224,226) (S 329,224,221) (S 327,221,222) (S 373,222,247) (S 371,247,250) (S 372,250,229) (D 0,1,1)
 0 1 11 14268 39176  11 (D 0,1,1) (S 337,229,230) (S 345,230,235) (S 354,239,241) (S 358,241,243) (S 359,243,244) (S 361,244,245) (S 367,245,248) (S 368,248,249) (S 366,248,247) (D 0,1,1)
 0 1 12 14474 28193  12 (D 0,1,1) (S 59,41,43) (S 60,43,44) (S 62,44,14) (S 10,14,13) (S 51,13,37) (S 50,37,35) (S 48,36,33) (S 44,33,11) (S 37,9,255) (S 30,255,7) (D 0,1,1)
 0 1 13 14623 37336  10 (D 0,1,1) (S 3,6,7) (S 341,233,232) (S 336,229,223) (S 333,223,225) (S 330,225,222) (S 328,222,223) (S 335,227,228) (S 334,227,223) (D 0,1,1)
 0 1 14 14294 28722  14 (D 0,1,1) (S 222,255,150) (S 205,141,140) (S 198,137,136) (S 212,136,146) (S 213,146,147) (S 215,147,148) (S 216,148,149) (S 217,148,145) (S 211,145,146) (S 204,139,140) (S 206,140,142) (S 207,142,141) (D 0,1,1)
 0 1 15 14631 41329  13 (D 0,1,1) (S 369,249,240) (S 353,240,241) (S 355,241,242) (S 356,242,192) (S 287,192,193) (S 348,238,236) (S 347,236,237) (S 346,236,235) (S 352,235,240) (S 370,249,250) (S 339,229,231) (D 0,1,1)
 0 1 16 14599 36068  7 (D 0,1,1) (S 201,139,138) (S 210,145,143) (S 209,143,144) (S 208,143,142) (S 218,141,150) (D 0,1,1)
 0 1 17 14458 25050  11 (D 0,1,1) (S 256,255,171) (S 253,171,170) (S 252,170,120) (S 239,120,162) (S 238,162,156) (S 231,156,157) (S 230,156,155) (S 228,155,152) (S 223,152,151) (D 0,1,1)
 0 1 18 14545 46250  13 (D 0,1,1) (S 164,113,114) (S 166,114,104) (S 154,105,107) (S 157,108,109) (S 159,109,110) (S 158,109,107) (S 155,107,108) (S 156,108,106) (S 173,118,117) (S 181,122,124) (S 220,125,150) (D 0,1,1)
 0 1 19 14614 31513  7 (D 0,1,1) (S 183,125,124) (S 180,123,116) (S 171,116,117) (S 178,121,122) (S 179,122,123) (D 0,1,1)
 0 1 20 14203 33396  15 (D 0,1,1) (S 219,150,126) (S 185,126,127) (S 187,127,128) (S 188,128,129) (S 189,129,130) (S 191,131,100) (S 147,100,2) (S 192,100,132) (S 194,132,133) (S 195,133,134) (S 196,133,135) (S 214,135,147) (S 197,135,136) (D 0,1,1)
 0 1 21 14534 22457  20 (D 0,1,1) (S 13,16,17) (S 14,17,18) (S 16,18,19) (S 17,19,7) (S 4,7,8) (S 29,8,26) (S 5,8,9) (S 38,10,30) (S 43,30,33) (S 42,33,32) (S 41,32,31) (S 39,31,29) (S 35,29,28) (S 33,27,28) (S 32,28,23) (S 22,23,22) (S 24,22,24) (S 21,22,20) (D 0,1,1)
 0 1 22 14540 34955  15 (D 0,1,1) (S 40,30,31) (S 45,32,34) (S 61,37,44) (S 77,44,54) (S 73,54,53) (S 78,53,56) (S 81,56,58) (S 80,58,57) (S 86,57,61) (S 87,61,62) (S 106,62,74) (S 105,74,73) (S 108,73,75) (D 0,1,1)
 0 1 23 14619 43519  9 (D 0,1,1) (S 242,157,161) (S 244,165,164) (S 251,164,169) (S 243,164,161) (S 234,159,158) (S 233,158,154) (S 221,151,150) (D 0,1,1)
 0 1 24 14649 38461  13 (D 0,1,1) (S 76,55,53) (S 83,52,59) (S 89,60,64) (S 90,64,65) (S 91,65,66) (S 92,66,4) (S 93,4,50) (S 70,50,51) (S 85,51,60) (S 82,59,58) (S 75,55,42) (D 0,1,1)
 0 1 25 14502 40300  11 (D 0,1,1) (S 79,56,57) (S 88,62,63) (S 102,63,70) (S 101,70,71) (S 100,71,69) (S 99,69,70) (S 98,69,68) (S 136,68,94) (S 142,93,97) (D 0,1,1)
 0 1 26 14595 49526  9 (D 0,1,1) (S 58,42,43) (S 84,59,60) (S 95,64,67) (S 96,66,67) (S 97,67,68) (S 138,68,95) (S 134,94,93) (D 0,1,1)
 0 1 27 14567 39929  8 (D 0,1,1) (S 141,97,96) (S 140,96,3) (S 139,3,95) (S 137,95,94) (S 135,94,92) (S 133,92,93) (D 0,1,1)
 0 1 28 14594 60134  9 (D 0,1,1) (S 319,215,214) (S 320,214,216) (S 374,212,254) (S 322,254,218) (S 323,218,219) (S 324,219,220) (S 325,219,216) (D 0,1,1)
 0 1 29 14452 66004  9 (D 0,1,1) (S 375,217,254) (S 314,212,210) (S 313,210,211) (S 312,210,209) (S 311,209,208) (S 310,208,207) (S 317,213,214) (D 0,1,1)
 0 1 30 14663 57128  9 (D 0,1,1) (S 307,206,201) (S 300,201,202) (S 301,202,203) (S 303,203,251) (S 304,251,252) (S 305,252,204) (S 302,204,203) (D 0,1,1)
 0 1 31 14670 62129  7 (D 0,1,1) (S 308,206,205) (S 306,204,205) (S 309,205,207) (S 315,207,212) (S 321,217,216) (D 0,1,1)
 0 1 32 14638 33957  8 (D 0,1,1) (S 2,5,6) (S 128,89,88) (S 127,88,86) (S 124,86,85) (S 123,85,84) (S 125,84,87) (D 0,1,1)
 0 1 33 14586 31935  14 (D 0,1,1) (S 226,152,153) (S 232,154,157) (S 241,157,163) (S 248,163,167) (S 249,167,168) (S 260,168,176) (S 259,176,175) (S 262,175,177) (S 266,177,180) (S 267,180,181) (S 269,181,182) (S 270,182,174) (D 0,1,1)
 0 1 34 14245 50456  10 (D 0,1,1) (S 280,188,187) (S 292,186,197) (S 294,198,196) (S 297,199,200) (S 299,200,202) (S 298,200,201) (S 316,206,213) (S 318,213,215) (D 0,1,1)
 0 1 35 14633 40465  12 (D 0,1,1) (S 182,124,123) (S 167,115,113) (S 162,112,101) (S 149,101,102) (S 160,102,111) (S 165,111,114) (S 163,113,112) (S 168,112,99) (S 169,99,115) (S 170,115,116) (D 0,1,1)
 0 1 36 14608 46026  11 (D 0,1,1) (S 283,189,190) (S 288,190,194) (S 291,195,197) (S 293,197,198) (S 295,198,199) (S 296,199,196) (S 290,196,195) (S 289,195,194) (S 362,194,244) (D 0,1,1)
 0 1 37 14623 35711  13 (D 0,1,1) (S 338,231,230) (S 351,235,239) (S 350,239,238) (S 349,238,193) (S 286,193,191) (S 284,191,189) (S 282,189,188) (S 281,188,174) (S 257,174,170) (S 255,172,173) (S 254,172,171) (D 0,1,1)
 0 1 38 14382 38287  9 (D 0,1,1) (S 144,98,99) (S 143,99,91) (S 132,91,92) (S 131,91,83) (S 119,82,71) (S 103,71,72) (S 104,72,73) (D 0,1,1)
 0 1 39 14668 38958  12 (D 0,1,1) (S 107,75,74) (S 117,72,81) (S 116,80,81) (S 118,81,82) (S 120,82,83) (S 121,83,84) (S 122,84,80) (S 115,80,78) (S 114,78,79) (S 113,78,76) (D 0,1,1)
 0 1 40 14591 43140  12 (D 0,1,1) (S 126,86,87) (S 148,87,101) (S 150,102,103) (S 161,111,103) (S 151,103,104) (S 152,104,105) (S 153,105,106) (S 172,106,118) (S 174,118,119) (S 175,119,117) (D 0,1,1)
 0 1 41 14699 42136  15 (D 0,1,1) (S 9,12,13) (S 11,14,15) (S 63,15,45) (S 64,45,46) (S 68,46,49) (S 67,49,48) (S 94,4,48) (S 66,48,46) (S 65,46,47) (S 69,49,50) (S 71,51,52) (S 72,52,53) (S 74,54,55) (D 0,1,1)
 0 1 42 9745 9745  10 (D 0,1,1) (S 1,1,5) (S 12,5,16) (S 18,16,20) (S 19,20,21) (S 23,21,23) (S 25,23,24) (S 26,24,25) (S 27,25,1) (D 0,1,1)
