1604598
42
2400246
2395396
 0 1 1 14637 37773  11 (D 0,1,1) (S 337,229,230) (S 346,235,236) (S 347,236,237) (S 348,236,238) (S 349,238,193) (S 350,238,239) (S 345,235,230) (S 338,230,231) (S 341,232,233) (D 0,1,1)
 0 1 2 14348 36068  6 (D 0,1,1) (S 210,145,143) (S 209,143,144) (S 208,143,142) (S 218,141,150) (D 0,1,1)
 0 1 3 13926 21862  11 (D 0,1,1) (S 52,25,38) (S 53,38,39) (S 55,39,41) (S 56,41,34) (S 42,32,33) (S 49,36,12) (S 8,12,11) (S 7,11,10) (S 5,9,8) (D 0,1,1)
 0 1 4 14213 17180  22 (D 0,1,1) (S 1,1,5) (S 13,16,17) (S 14,17,18) (S 17,19,7) (S 4,7,8) (S 29,8,26) (S 31,26,27) (S 34,27,29) (S 36,29,9) (S 6,9,10) (S 38,10,30) (S 40,30,31) (S 39,31,29) (S 35,29,28) (S 32,28,23) (S 23,23,21) (S 20,21,19) (S 16,19,18) (S 15,18,6) (S 2,6,5) (D 0,1,1)
 0 1 5 14684 40685  10 (D 0,1,1) (S 281,174,188) (S 284,189,191) (S 285,191,192) (S 357,242,243) (S 359,243,244) (S 361,244,245) (S 363,245,246) (S 371,247,250) (D 0,1,1)
 0 1 6 14674 47740  11 (D 0,1,1) (S 258,166,175) (S 246,166,165) (S 244,165,164) (S 251,164,169) (S 243,164,161) (S 236,159,160) (S 235,160,158) (S 233,158,154) (S 221,151,150) (D 0,1,1)
 0 1 7 14341 41240  8 (D 0,1,1) (S 373,247,222) (S 326,221,215) (S 317,214,213) (S 318,213,215) (S 364,215,246) (S 365,246,247) (D 0,1,1)
 0 1 8 14554 25844  12 (D 0,1,1) (S 255,172,173) (S 254,172,171) (S 253,171,170) (S 252,170,120) (S 239,120,162) (S 238,162,156) (S 230,156,155) (S 228,155,152) (S 224,152,125) (S 220,125,150) (D 0,1,1)
 0 1 9 7741 10129  10 (D 0,1,1) (S 12,5,16) (S 18,16,20) (S 21,20,22) (S 24,22,24) (S 22,22,23) (S 25,23,24) (S 26,24,25) (S 27,25,1) (D 0,1,1)
 0 1 10 14683 35949  11 (D 0,1,1) (S 270,174,182) (S 269,182,181) (S 267,181,180) (S 265,180,179) (S 264,179,178) (S 263,178,166) (S 247,166,167) (S 248,167,163) (S 240,163,162) (D 0,1,1)
 0 1 11 14659 42550  13 (D 0,1,1) (S 335,227,228) (S 334,227,223) (S 333,223,225) (S 327,222,221) (S 329,221,224) (S 332,224,226) (S 331,224,225) (S 330,225,222) (S 328,222,223) (S 336,223,229) (S 340,231,232) (D 0,1,1)
 0 1 12 14445 44182  7 (D 0,1,1) (S 275,178,185) (S 276,185,186) (S 292,186,197) (S 288,194,190) (S 283,190,189) (D 0,1,1)
 0 1 13 14652 39350  11 (D 0,1,1) (S 369,249,240) (S 352,240,235) (S 351,235,239) (S 354,239,241) (S 358,241,243) (S 360,243,245) (S 367,245,248) (S 366,248,247) (S 372,250,229) (D 0,1,1)
 0 1 14 14649 52317  16 (D 0,1,1) (S 339,231,229) (S 368,249,248) (S 362,244,194) (S 291,195,197) (S 293,197,198) (S 294,196,198) (S 295,198,199) (S 298,200,201) (S 300,201,202) (S 299,202,200) (S 297,200,199) (S 296,199,196) (S 290,196,195) (S 289,195,194) (D 0,1,1)
 0 1 15 14584 44998  10 (D 0,1,1) (S 280,188,187) (S 279,186,187) (S 278,187,184) (S 274,184,185) (S 277,185,253) (S 273,184,179) (S 272,179,183) (S 271,183,174) (D 0,1,1)
 0 1 16 14319 40606  14 (D 0,1,1) (S 128,89,88) (S 148,87,101) (S 149,101,102) (S 160,102,111) (S 150,103,102) (S 162,101,112) (S 163,112,113) (S 168,112,99) (S 169,99,115) (S 170,115,116) (S 183,124,125) (S 184,125,126) (D 0,1,1)
 0 1 17 14578 31344  7 (D 0,1,1) (S 181,124,122) (S 178,122,121) (S 177,121,117) (S 175,117,119) (S 176,119,120) (D 0,1,1)
 0 1 18 14690 46250  13 (D 0,1,1) (S 182,124,123) (S 166,114,104) (S 152,104,105) (S 154,105,107) (S 158,107,109) (S 159,109,110) (S 157,109,108) (S 155,107,108) (S 156,108,106) (S 172,106,118) (S 173,118,117) (D 0,1,1)
 0 1 19 14643 34765  11 (D 0,1,1) (S 256,255,171) (S 257,170,174) (S 282,188,189) (S 286,191,193) (S 287,193,192) (S 356,192,242) (S 355,242,241) (S 353,241,240) (S 370,249,250) (D 0,1,1)
 0 1 20 14625 62988  8 (D 0,1,1) (S 301,202,203) (S 302,203,204) (S 309,205,207) (S 315,207,212) (S 375,254,217) (S 321,217,216) (D 0,1,1)
 0 1 21 14521 65050  8 (D 0,1,1) (S 314,212,210) (S 313,210,211) (S 312,210,209) (S 311,209,208) (S 310,208,207) (S 316,206,213) (D 0,1,1)
 0 1 22 14613 29401  15 (D 0,1,1) (S 75,42,55) (S 76,55,53) (S 78,53,56) (S 81,56,58) (S 80,58,57) (S 86,57,61) (S 87,61,62) (S 106,62,74) (S 107,74,75) (S 110,75,76) (S 111,76,77) (S 112,77,40) (S 54,40,39) (D 0,1,1)
 0 1 23 14594 60134  9 (D 0,1,1) (S 319,215,214) (S 320,214,216) (S 374,212,254) (S 322,254,218) (S 323,218,219) (S 324,219,220) (S 325,219,216) (D 0,1,1)
 0 1 24 14634 37752  13 (D 0,1,1) (S 225,151,153) (S 241,157,163) (S 250,163,168) (S 261,176,177) (S 266,177,180) (S 268,181,177) (S 262,177,175) (S 259,175,176) (S 260,176,168) (S 249,168,167) (S 231,157,156) (D 0,1,1)
 0 1 25 14692 29650  9 (D 0,1,1) (S 226,152,153) (S 227,153,154) (S 234,158,159) (S 237,159,161) (S 245,161,165) (S 242,161,157) (S 232,157,154) (D 0,1,1)
 0 1 26 14492 41253  7 (D 0,1,1) (S 144,98,99) (S 143,99,91) (S 135,92,94) (S 139,95,3) (S 140,3,96) (D 0,1,1)
 0 1 27 14669 40697  16 (D 0,1,1) (S 44,11,33) (S 9,12,13) (S 11,14,15) (S 63,15,45) (S 64,45,46) (S 65,46,47) (S 67,49,48) (S 66,48,46) (S 68,46,49) (S 69,49,50) (S 70,50,51) (S 85,51,60) (S 84,60,59) (S 73,53,54) (D 0,1,1)
 0 1 28 14521 33957  7 (D 0,1,1) (S 127,88,86) (S 124,86,85) (S 123,85,84) (S 125,84,87) (S 126,87,86) (D 0,1,1)
 0 1 29 14658 43925  10 (D 0,1,1) (S 167,115,113) (S 164,113,114) (S 165,114,111) (S 161,111,103) (S 151,103,104) (S 153,105,106) (S 174,118,119) (S 179,122,123) (D 0,1,1)
 0 1 30 14569 32785  6 (D 0,1,1) (S 180,123,116) (S 171,116,117) (S 229,121,155) (S 223,152,151) (D 0,1,1)
 0 1 31 14294 30272  13 (D 0,1,1) (S 185,126,127) (S 187,127,128) (S 189,129,130) (S 190,130,131) (S 191,131,100) (S 194,132,133) (S 195,133,134) (S 196,133,135) (S 214,135,147) (S 197,135,136) (S 205,140,141) (D 0,1,1)
 0 1 32 14690 29788  17 (D 0,1,1) (S 207,141,142) (S 206,142,140) (S 203,139,128) (S 188,128,129) (S 202,129,138) (S 198,137,136) (S 211,146,145) (S 217,145,148) (S 216,148,149) (S 215,148,147) (S 213,147,146) (S 212,146,136) (S 200,137,138) (S 201,138,139) (S 30,255,7) (D 0,1,1)
 0 1 33 14235 28095  8 (D 0,1,1) (S 3,6,7) (S 129,89,90) (S 130,89,255) (S 344,232,234) (S 342,234,233) (S 343,233,255) (D 0,1,1)
 0 1 34 14687 56269  8 (D 0,1,1) (S 308,206,205) (S 306,205,204) (S 305,204,252) (S 304,252,251) (S 303,251,203) (S 307,201,206) (D 0,1,1)
 0 1 35 14649 26672  12 (D 0,1,1) (S 57,39,42) (S 58,42,43) (S 60,43,44) (S 61,44,37) (S 46,35,34) (S 45,34,32) (S 41,32,31) (S 33,28,27) (S 28,26,21) (S 19,21,20) (D 0,1,1)
 0 1 36 14569 31177  13 (D 0,1,1) (S 204,140,139) (S 199,137,130) (S 193,131,132) (S 192,132,100) (S 147,100,2) (S 146,100,96) (S 141,96,97) (S 145,97,98) (S 186,98,127) (S 219,126,150) (S 222,150,255) (D 0,1,1)
 0 1 37 14695 43971  10 (D 0,1,1) (S 74,55,54) (S 82,58,59) (S 95,64,67) (S 96,67,66) (S 92,66,4) (S 94,4,48) (S 93,4,50) (S 71,51,52) (D 0,1,1)
 0 1 38 14697 37258  11 (D 0,1,1) (S 77,44,54) (S 79,56,57) (S 88,62,63) (S 102,63,70) (S 100,69,71) (S 103,71,72) (S 104,72,73) (S 108,73,75) (S 109,75,42) (D 0,1,1)
 0 1 39 14660 38146  10 (D 0,1,1) (S 113,76,78) (S 114,78,79) (S 115,78,80) (S 116,80,81) (S 118,81,82) (S 131,83,91) (S 132,91,92) (S 133,92,93) (D 0,1,1)
 0 1 40 14519 41582  13 (D 0,1,1) (S 142,97,93) (S 136,94,68) (S 98,68,69) (S 99,69,70) (S 101,70,71) (S 119,71,82) (S 120,82,83) (S 121,83,84) (S 122,84,80) (S 117,81,72) (S 105,73,74) (D 0,1,1)
 0 1 41 14423 28100  11 (D 0,1,1) (S 59,41,43) (S 62,44,14) (S 10,14,13) (S 51,13,37) (S 50,37,35) (S 47,35,36) (S 48,36,33) (S 43,33,30) (S 37,9,255) (D 0,1,1)
 0 1 42 14502 44844  11 (D 0,1,1) (S 134,93,94) (S 137,94,95) (S 138,95,68) (S 97,68,67) (S 91,66,65) (S 90,65,64) (S 89,64,60) (S 83,59,52) (S 72,52,53) (D 0,1,1)
