1547007
18
1869892
1833562
 0 1 1 24408 74107  56 (D 0,0,0) (S 606,1,2075) (S 605,2075,438) (S 95,438,439) (S 622,265,2122) (S 425,155,1654) (S 849,700,2557) (S 942,2557,699) (S 737,2214,2385) (S 736,1600,2384) (S 764,2006,2091) (S 853,2518,2267) (S 686,2267,2268) (S 1003,2268,737) (S 689,2281,1796) (S 705,2322,1681) (S 598,2059,2060) (S 881,2261,2617) (S 29,149,150) (S 672,1626,2222) (S 998,1627,2743) (S 984,2269,2221) (S 983,2221,2731) (S 982,2731,151) (S 30,151,150) (S 370,1478,150) (S 189,150,862) (S 698,862,2313) (S 753,737,2092) (S 763,2091,1204) (S 208,940,941) (S 875,1790,1539) (S 381,1539,1540) (S 871,2296,2593) (S 230,998,999) (S 930,2681,2682) (S 839,2539,2540) (S 880,1638,2612) (S 1072,2612,2747) (S 232,1006,1005) (S 148,627,688) (S 541,1926,941) (S 475,941,1769) (S 821,1769,2516) (S 1060,2550,2516) (S 936,2516,1769) (S 820,2514,1276) (S 304,1276,1275) (S 545,1275,1938) (S 935,1769,956) (S 619,763,2098) (S 319,1334,1281) (S 1020,1281,2124) (S 94,437,436) (S 476,436,1770) (D 0,0,0)
 0 1 2 24983 95932  59 (D 0,0,0) (S 532,267,15) (S 70,355,356) (S 706,2325,1198) (S 283,1197,1198) (S 707,1198,226) (S 45,226,225) (S 780,225,351) (S 75,377,251) (S 50,251,252) (S 506,1536,363) (S 505,1815,363) (S 89,414,413) (S 793,2452,413) (S 277,412,915) (S 792,2173,1171) (S 656,917,1173) (S 653,2078,2174) (S 644,2161,478) (S 106,478,477) (S 107,480,481) (S 687,2132,1108) (S 260,1108,1109) (S 273,1109,1158) (S 1036,1109,980) (S 884,1109,1856) (S 883,1715,1856) (S 889,1856,258) (S 890,258,1669) (S 303,979,1270) (S 302,979,851) (S 891,852,1669) (S 451,1714,1670) (S 335,256,934) (S 207,934,924) (S 203,924,377) (S 380,377,861) (S 68,351,317) (S 60,317,318) (S 69,317,352) (S 288,1224,1225) (S 287,1223,522) (S 299,1263,1262) (S 1034,1780,1045) (S 176,794,793) (S 315,631,1325) (S 481,1782,1707) (S 721,1146,2352) (S 239,1033,1032) (S 597,2055,2058) (S 700,2315,2061) (S 599,2061,2062) (S 617,621,1744) (S 616,1744,2093) (S 787,2093,2333) (S 708,2333,519) (S 118,519,520) (S 618,1091,791) (D 0,0,0)
 0 1 3 24994 90584  66 (D 0,0,0) (S 744,2,2399) (S 508,1831,1832) (S 1051,2438,997) (S 244,1054,519) (S 364,831,832) (S 292,832,1244) (S 293,460,1186) (S 280,1186,1187) (S 1027,1187,1234) (S 1018,1436,1939) (S 357,1234,263) (S 682,2254,1397) (S 1028,1234,2038) (S 589,2038,448) (S 688,448,2037) (S 592,1243,269) (S 854,269,2565) (S 199,899,896) (S 517,1606,1860) (S 1054,2799,1860) (S 902,1861,584) (S 1048,2795,584) (S 1045,2793,2101) (S 713,2340,2100) (S 714,722,2341) (S 161,723,724) (S 627,724,704) (S 151,704,705) (S 152,705,706) (S 922,704,724) (S 626,2126,2127) (S 1019,2765,2771) (S 691,326,2289) (S 469,1760,1761) (S 712,1760,2339) (S 1047,2003,2794) (S 574,2003,974) (S 223,974,975) (S 41,200,199) (S 372,214,1483) (S 373,1483,281) (S 56,281,280) (S 908,2649,280) (S 434,305,1690) (S 494,1690,1509) (S 368,1472,1473) (S 40,196,197) (S 42,198,216) (S 673,2225,216) (S 348,217,1324) (S 462,1217,1619) (S 718,1740,747) (S 165,747,742) (S 205,470,926) (S 1004,926,2750) (S 1074,2750,2818) (S 1017,1272,927) (S 665,2210,1709) (S 108,482,483) (S 109,483,484) (S 110,484,485) (S 919,758,714) (S 157,714,715) (S 363,833,832) (D 0,0,0)
 0 1 4 24982 86918  57 (D 0,0,0) (S 559,1735,1972) (S 996,1972,421) (S 43,218,219) (S 901,1876,1631) (S 946,1850,1535) (S 224,978,977) (S 552,977,1696) (S 438,1696,542) (S 1066,812,2811) (S 337,1359,654) (S 338,654,1360) (S 937,903,2690) (S 200,903,160) (S 33,160,161) (S 560,549,566) (S 870,2589,1877) (S 258,1099,1100) (S 408,1597,1597) (S 123,553,554) (S 759,554,2418) (S 235,1013,1014) (S 809,2418,501) (S 114,499,500) (S 730,500,2115) (S 210,943,944) (S 209,943,942) (S 219,942,965) (S 725,1798,2361) (S 229,468,591) (S 679,591,1008) (S 355,1433,1401) (S 347,1401,1402) (S 904,2607,2645) (S 677,168,2243) (S 35,168,166) (S 641,1423,166) (S 34,166,167) (S 48,238,239) (S 378,1499,1510) (S 367,1468,238) (S 509,238,1833) (S 245,167,1057) (S 761,1923,2421) (S 760,1923,639) (S 138,639,638) (S 899,638,1924) (S 900,1924,638) (S 866,2497,2532) (S 704,1980,2311) (S 703,2311,2119) (S 575,2004,2005) (S 719,2026,1535) (S 846,1631,1082) (S 253,1082,1083) (S 1015,1084,795) (D 0,0,0)
 0 1 5 16427 57325  51 (D 0,0,0) (S 1021,2118,1250) (S 306,1289,814) (S 307,1281,1290) (S 384,557,1474) (S 385,1474,1546) (S 499,1302,1119) (S 1013,2758,1119) (S 453,1119,1720) (S 1014,1720,2480) (S 263,1134,763) (S 308,763,1297) (S 711,2291,2184) (S 400,1162,1577) (S 314,1326,1327) (S 693,2089,2183) (S 471,1762,797) (S 950,797,2703) (S 952,2703,2634) (S 893,2634,2508) (S 127,563,562) (S 702,562,105) (S 24,105,104) (S 407,1593,193) (S 976,192,2631) (S 975,2631,2714) (S 313,1317,60) (S 13,60,61) (S 953,2403,1594) (S 748,2403,66) (S 924,987,1900) (S 990,2737,513) (S 911,1246,1245) (S 944,2697,1245) (S 945,1308,2698) (S 993,2698,1642) (S 39,187,188) (S 87,364,408) (S 445,304,418) (S 419,1640,1641) (S 420,1641,1642) (S 421,1642,1643) (S 977,1643,2725) (S 991,2725,1649) (S 423,1649,1309) (S 18,82,83) (S 630,9,599) (S 132,593,598) (S 959,514,1616) (S 117,514,194) (D 0,0,0)
 0 1 6 24932 95581  37 (D 0,0,0) (S 27,139,140) (S 838,568,2443) (S 441,431,1085) (S 254,1085,1086) (S 572,283,1994) (S 1058,2803,2587) (S 1059,2804,1471) (S 1055,2803,1143) (S 1056,1143,1613) (S 416,1613,1142) (S 417,1142,1614) (S 969,1614,1105) (S 446,1712,1614) (S 447,1614,1142) (S 1057,1613,284) (S 188,855,853) (S 817,854,2512) (S 824,2520,319) (S 818,2513,866) (S 191,867,849) (S 186,849,848) (S 790,1817,2448) (S 501,1811,1812) (S 659,2192,1812) (S 660,2191,765) (S 195,873,765) (S 173,472,776) (S 167,764,472) (S 104,472,473) (S 168,472,765) (S 194,765,869) (S 192,869,849) (S 187,849,850) (S 185,843,842) (S 1041,731,2769) (D 0,0,0)
 0 1 7 24973 100157  46 (D 0,0,0) (S 291,1234,450) (S 399,450,449) (S 590,2039,2040) (S 397,1574,1575) (S 758,2415,2416) (S 859,2571,2370) (S 921,741,724) (S 430,1674,707) (S 156,707,645) (S 757,2094,1030) (S 885,2621,1675) (S 886,1675,2622) (S 142,656,657) (S 755,2413,2113) (S 756,2414,440) (S 429,1665,1664) (S 1007,1152,1699) (S 1006,2751,1699) (S 440,526,1700) (S 119,526,525) (S 115,507,506) (S 797,2460,506) (S 798,1783,2461) (S 483,1783,1768) (S 1008,1767,1663) (S 428,1663,1664) (S 795,1664,1788) (S 487,1788,1789) (S 486,1788,1787) (S 275,783,314) (S 915,2656,2657) (S 59,315,316) (S 276,261,1165) (S 77,382,383) (S 269,383,1150) (S 360,1150,381) (S 76,381,380) (S 692,380,326) (S 1046,1385,1417) (S 500,746,1809) (S 1005,813,537) (S 240,1034,897) (S 198,898,895) (S 116,512,511) (D 0,0,0)
 0 1 8 24256 69001  68 (D 0,0,0) (S 623,275,1517) (S 12,56,57) (S 182,816,817) (S 536,1534,617) (S 136,617,618) (S 492,1803,617) (S 540,1922,865) (S 202,922,921) (S 675,1567,1111) (S 391,1557,1111) (S 558,1970,1969) (S 305,1273,1209) (S 383,1544,1213) (S 923,2082,2663) (S 1030,2500,1312) (S 334,1214,1228) (S 929,1228,1227) (S 289,1227,1228) (S 333,1228,834) (S 369,835,1475) (S 595,2048,2049) (S 25,109,110) (S 15,67,68) (S 971,2721,1128) (S 972,1128,2722) (S 978,2726,2328) (S 1033,1129,68) (S 584,2023,2024) (S 583,2023,2022) (S 857,2568,808) (S 957,2022,2010) (S 578,2010,2011) (S 585,2011,718) (S 120,290,530) (S 676,2238,528) (S 143,676,675) (S 958,68,756) (S 1032,221,96) (S 22,96,97) (S 342,1368,810) (S 180,810,811) (S 331,811,37) (S 7,37,38) (S 332,37,892) (S 557,893,834) (S 323,651,205) (S 324,205,1338) (S 1,5,6) (S 144,650,677) (S 566,650,204) (S 567,204,1759) (S 474,659,655) (S 261,1117,1116) (S 556,1966,1116) (S 470,1114,245) (S 97,245,445) (S 139,445,451) (S 86,404,405) (S 542,1897,1930) (S 529,1897,1896) (S 534,1896,653) (S 495,1804,1805) (S 1049,2796,937) (S 134,212,606) (S 55,274,275) (S 531,1905,1904) (D 0,0,0)
 0 1 9 24987 84031  75 (D 0,0,0) (S 424,1651,1624) (S 674,2235,2233) (S 515,1852,1851) (S 346,1396,1395) (S 608,1395,78) (S 393,79,1375) (S 17,79,78) (S 226,983,78) (S 227,984,154) (S 563,824,1980) (S 301,1266,978) (S 635,223,2142) (S 437,1453,612) (S 330,31,1353) (S 847,2556,31) (S 5,32,33) (S 723,1358,768) (S 170,768,767) (S 169,759,767) (S 791,767,685) (S 603,2067,2068) (S 1044,2613,354) (S 786,684,2445) (S 145,684,353) (S 554,768,32) (S 171,210,773) (S 162,729,730) (S 600,729,771) (S 206,770,932) (S 215,932,954) (S 804,954,2425) (S 765,2426,2427) (S 561,1973,566) (S 353,566,211) (S 569,1986,211) (S 128,211,566) (S 328,548,545) (S 502,545,1452) (S 503,1452,546) (S 361,546,1462) (S 720,1462,1315) (S 312,1315,1316) (S 844,2142,1265) (S 300,1264,1265) (S 749,1266,1837) (S 812,1837,2490) (S 892,1886,1418) (S 352,1418,717) (S 158,717,203) (S 511,1837,1836) (S 510,1835,1139) (S 112,488,487) (S 111,487,486) (S 769,486,462) (S 243,1052,401) (S 1039,2783,2784) (S 553,1956,1957) (S 810,2488,2128) (S 51,253,254) (S 146,629,686) (S 1001,2592,398) (S 83,399,400) (S 84,400,401) (S 218,335,964) (S 526,1113,964) (S 85,335,403) (S 484,403,1112) (S 652,536,2172) (S 728,2364,2027) (S 96,443,444) (S 1050,2364,2797) (S 295,1253,1252) (S 1031,1561,213) (D 0,0,0)
 0 1 10 24788 92773  71 (D 0,0,0) (S 782,1832,2310) (S 149,519,689) (S 648,874,1749) (S 465,1749,1743) (S 464,1743,778) (S 259,1101,1102) (S 537,1102,1914) (S 781,2344,1155) (S 270,1155,1154) (S 882,2422,2080) (S 272,1157,1146) (S 845,1189,250) (S 281,1189,299) (S 762,1188,242) (S 828,2423,2351) (S 827,2423,1340) (S 325,1340,1149) (S 268,1149,1145) (S 49,247,248) (S 826,248,1782) (S 551,206,1879) (S 491,1800,320) (S 628,1342,1946) (S 241,1042,1043) (S 548,1042,1947) (S 326,206,807) (S 179,806,807) (S 80,206,390) (S 286,390,1221) (S 285,1221,1220) (S 964,1220,70) (S 525,1826,635) (S 906,636,69) (S 907,69,2648) (S 228,640,185) (S 140,641,642) (S 316,1322,1329) (S 1011,1321,2748) (S 684,2258,1932) (S 543,1932,1931) (S 294,1038,1248) (S 10,49,48) (S 610,1226,2079) (S 811,2079,2489) (S 11,50,51) (S 296,1205,391) (S 297,391,1254) (S 609,1708,1147) (S 267,1147,1148) (S 669,1196,1148) (S 694,1153,1722) (S 454,1722,1719) (S 452,1719,1154) (S 271,1154,1155) (S 1026,2778,1387) (S 463,1743,1744) (S 887,2093,689) (S 651,689,2169) (S 222,973,972) (S 279,972,1183) (S 632,2135,2136) (S 278,1183,1182) (S 327,1182,1345) (S 527,1344,1884) (S 841,1343,430) (S 92,429,430) (S 498,751,25) (S 482,25,1774) (S 478,1777,1776) (D 0,0,0)
 0 1 11 24954 85795  80 (D 0,0,0) (S 175,792,791) (S 615,796,1090) (S 697,2309,23) (S 4,23,22) (S 681,663,329) (S 533,329,1910) (S 62,329,330) (S 588,1661,395) (S 82,395,396) (S 480,1144,1779) (S 479,1144,970) (S 340,1366,1365) (S 377,1498,1365) (S 613,969,1885) (S 612,2085,1885) (S 233,1009,1010) (S 647,1015,2165) (S 8,45,44) (S 594,2043,2044) (S 184,837,836) (S 1067,836,1522) (S 794,1521,2456) (S 379,1522,1523) (S 789,1523,2446) (S 587,1523,890) (S 743,2394,394) (S 739,393,1548) (S 81,393,392) (S 78,385,307) (S 160,158,727) (S 2,7,8) (S 32,8,158) (S 636,162,2145) (S 265,1136,1141) (S 9,47,29) (S 802,30,1488) (S 6,36,35) (S 1053,46,35) (S 568,1982,1983) (S 490,1794,1793) (S 896,2640,2411) (S 564,1528,1981) (S 832,1981,901) (S 201,907,901) (S 657,2171,298) (S 825,332,950) (S 214,950,297) (S 155,712,298) (S 197,298,891) (S 341,910,1367) (S 898,1367,1370) (S 754,1370,2412) (S 816,2502,2412) (S 436,1693,1694) (S 586,2032,1523) (S 788,2343,395) (S 64,339,329) (S 766,2428,662) (S 1052,2753,1075) (S 249,1075,1074) (S 252,1079,1074) (S 547,1943,1944) (S 611,2081,1090) (S 596,2052,1830) (S 507,1829,1830) (S 570,1988,1987) (S 79,386,387) (S 905,2646,93) (S 21,93,94) (S 91,424,423) (S 90,423,422) (S 729,2366,422) (S 741,1062,2392) (S 1042,81,2730) (S 683,1062,1634) (S 1043,1635,1545) (S 23,100,101) (S 386,101,1519) (D 0,0,0)
 0 1 12 24954 90407  74 (D 0,0,0) (S 745,2399,2400) (S 680,1671,1751) (S 310,1306,1305) (S 767,1372,2429) (S 362,1464,1465) (S 427,1464,665) (S 856,2140,1295) (S 633,664,293) (S 57,293,294) (S 727,540,182) (S 38,182,183) (S 979,2566,539) (S 122,539,538) (S 925,2667,2668) (S 988,2732,2707) (S 954,2707,1563) (S 955,2708,2623) (S 888,2623,2624) (S 961,2625,1705) (S 858,1705,1485) (S 842,2546,2547) (S 860,2572,667) (S 678,1484,2245) (S 962,1122,1121) (S 262,1121,1120) (S 862,1120,1278) (S 963,1121,1120) (S 861,1120,2577) (S 956,2618,2624) (S 960,2624,2711) (S 256,1093,1092) (S 621,2108,273) (S 54,272,273) (S 973,2711,2723) (S 667,1844,2215) (S 513,1843,1844) (S 970,1958,2511) (S 514,1847,1848) (S 309,1298,1299) (S 46,230,228) (S 320,229,1335) (S 620,911,2099) (S 624,2099,2064) (S 733,2378,556) (S 602,556,2065) (S 771,1392,2301) (S 695,2302,1459) (S 359,1459,1460) (S 343,1373,1374) (S 318,1332,157) (S 426,1655,156) (S 806,2479,2468) (S 125,556,230) (S 775,230,556) (S 601,556,2064) (S 934,2064,1335) (S 321,1335,911) (S 496,912,1806) (S 497,1806,935) (S 576,2007,1806) (S 577,1806,710) (S 154,710,711) (S 455,938,1723) (S 460,1723,1736) (S 848,1736,560) (S 126,560,561) (S 133,602,601) (S 614,2087,2086) (S 31,144,152) (S 799,2466,2465) (S 634,1203,2141) (S 93,433,265) (D 0,0,0)
 0 1 13 24989 92944  40 (D 0,0,0) (S 658,2185,2186) (S 835,2157,2534) (S 642,2157,181) (S 388,180,1553) (S 389,1552,179) (S 250,179,1077) (S 928,1077,1551) (S 398,504,731) (S 396,1573,42) (S 411,42,41) (S 987,845,2736) (S 981,84,692) (S 980,2728,692) (S 19,87,88) (S 20,89,85) (S 1040,85,844) (S 528,844,107) (S 71,107,359) (S 282,343,1191) (S 852,2563,1191) (S 66,121,342) (S 1069,2650,342) (S 365,1466,120) (S 843,350,775) (S 172,775,696) (S 150,696,350) (S 863,2578,2372) (S 571,1993,1481) (S 371,1481,1480) (S 985,1480,693) (S 796,2458,693) (S 986,1480,1541) (S 382,279,1541) (S 141,648,649) (S 1024,649,2406) (S 1025,2406,2777) (S 752,2406,2407) (S 1029,2494,1242) (D 0,0,0)
 0 1 14 24920 90173  62 (D 0,0,0) (S 917,2660,918) (S 414,1610,800) (S 178,800,801) (S 317,1331,1080) (S 819,536,2362) (S 504,545,1718) (S 855,1106,1426) (S 354,1426,1425) (S 768,1952,1424) (S 777,1424,1286) (S 867,1285,1337) (S 872,1337,2517) (S 822,458,2517) (S 873,2595,1337) (S 322,1337,1336) (S 431,1336,1601) (S 410,1601,1602) (S 412,1602,952) (S 217,953,961) (S 47,236,235) (S 211,946,945) (S 212,945,947) (S 213,947,603) (S 699,2314,960) (S 103,465,466) (S 774,466,2436) (S 772,2434,1504) (S 1063,1504,2808) (S 236,1017,1016) (S 366,1016,1012) (S 234,1011,1012) (S 1064,2420,2809) (S 1065,2809,1633) (S 473,1765,1764) (S 472,1731,1763) (S 851,1977,2111) (S 833,2282,2324) (S 3,13,14) (S 834,2323,2273) (S 726,2363,2324) (S 840,860,2541) (S 916,1838,2658) (S 512,1839,1840) (S 850,2558,2279) (S 562,1840,1978) (S 931,2684,1842) (S 913,1842,2653) (S 932,1765,2685) (S 912,2652,1765) (S 926,2677,1430) (S 351,1411,1412) (S 350,1411,1031) (S 965,884,883) (S 966,883,2603) (S 967,2603,882) (S 538,882,1467) (S 225,981,982) (S 124,555,554) (S 813,2493,2492) (S 1009,2675,2755) (D 0,0,0)
 0 1 15 24947 85539  77 (D 0,0,0) (S 783,1831,520) (S 183,832,833) (S 593,833,1247) (S 100,450,449) (S 99,449,448) (S 98,447,446) (S 349,1023,1386) (S 444,1023,446) (S 591,269,2031) (S 394,1565,1566) (S 402,1582,1581) (S 401,1581,1580) (S 174,129,348) (S 920,2505,2506) (S 413,1608,1609) (S 403,1582,1583) (S 518,1862,1863) (S 903,1862,2416) (S 1062,1861,2219) (S 663,2196,2203) (S 1071,2212,2219) (S 662,2201,2202) (S 661,2199,2200) (S 664,2200,2207) (S 666,2207,2211) (S 671,2198,1772) (S 477,1772,1738) (S 461,1738,1739) (S 631,1739,2134) (S 650,2134,2167) (S 418,1628,1629) (S 1068,1845,2812) (S 668,2197,2219) (S 770,2219,1861) (S 113,495,496) (S 181,495,813) (S 204,813,537) (S 105,474,470) (S 519,1866,928) (S 433,1689,1688) (S 573,1995,928) (S 432,1686,1687) (S 831,1687,1070) (S 247,1069,1070) (S 521,880,1867) (S 520,1866,1867) (S 785,2319,1271) (S 1016,2088,1457) (S 914,2427,2012) (S 579,2012,749) (S 166,749,750) (S 909,2651,2382) (S 735,2348,2116) (S 696,2116,1874) (S 523,1874,551) (S 716,2346,1874) (S 1035,1874,2163) (S 645,2162,2164) (S 1075,2669,1912) (S 535,1912,1571) (S 864,1918,534) (S 629,2131,533) (S 717,2306,2348) (S 910,2382,2651) (S 943,2654,1973) (S 897,1352,613) (S 336,613,545) (S 311,1314,1315) (S 443,1315,1257) (S 298,1257,224) (S 44,224,223) (S 876,2321,1361) (S 339,1361,1362) (S 392,1559,536) (S 121,536,535) (D 0,0,0)
 0 1 16 24985 96842  63 (D 0,0,0) (S 216,263,264) (S 948,2700,1021) (S 808,1021,1771) (S 807,271,2013) (S 947,2505,1607) (S 404,1580,129) (S 67,130,344) (S 488,1791,1493) (S 374,1490,1489) (S 345,1383,1384) (S 489,1791,1184) (S 933,1586,126) (S 565,502,179) (S 406,1589,1590) (S 830,1178,2528) (S 877,2528,2600) (S 874,2600,2601) (S 878,2608,2591) (S 894,360,425) (S 395,1568,1569) (S 895,360,2635) (S 544,1933,179) (S 37,179,178) (S 390,178,1556) (S 387,178,1551) (S 927,1551,2630) (S 415,1612,118) (S 251,114,1078) (S 643,1175,2158) (S 837,2443,568) (S 129,567,568) (S 375,1492,1491) (S 405,1587,1588) (S 701,2316,1588) (S 376,1445,1497) (S 655,2180,2181) (S 918,2180,2535) (S 836,2157,1564) (S 36,171,172) (S 815,2499,323) (S 734,323,341) (S 65,341,323) (S 1061,1201,2017) (S 974,2018,2155) (S 640,2150,2151) (S 329,1200,1347) (S 435,1347,1447) (S 356,1427,1434) (S 61,323,324) (S 582,2020,2016) (S 581,324,139) (S 28,139,142) (S 670,142,1196) (S 1012,16,2700) (S 829,1503,2527) (S 638,777,1754) (S 468,1754,1757) (S 1022,1757,1754) (S 466,1754,709) (S 153,709,708) (S 193,708,716) (D 0,0,0)
 0 1 17 23764 78418  63 (D 0,0,0) (S 949,2332,2702) (S 992,2702,2636) (S 130,563,576) (S 409,1599,1598) (S 779,2308,967) (S 220,967,966) (S 242,1051,966) (S 137,620,619) (S 989,1364,1047) (S 784,1390,1389) (S 539,1389,1919) (S 722,2355,1919) (S 74,374,373) (S 1002,2440,301) (S 58,301,300) (S 221,971,276) (S 52,260,259) (S 995,691,702) (S 550,376,703) (S 778,2337,2263) (S 732,2264,1104) (S 649,1104,1095) (S 257,1095,1001) (S 231,1001,1002) (S 580,1001,1000) (S 266,1000,1068) (S 284,1068,1071) (S 246,1064,1063) (S 654,1063,2152) (S 740,2391,2179) (S 742,1073,2393) (S 248,1072,1073) (S 73,371,372) (S 738,2386,2387) (S 750,1310,1068) (S 751,1000,1103) (S 646,1103,1403) (S 710,1403,2335) (S 709,1403,2331) (S 805,1394,2345) (S 344,1381,1382) (S 422,1645,1646) (S 530,1899,367) (S 72,367,368) (S 458,1729,1728) (S 467,1755,1756) (S 803,2475,2474) (S 724,2357,1591) (S 459,1729,517) (S 999,1048,2744) (S 456,1726,1727) (S 457,1727,1364) (S 290,1231,1232) (S 1023,1232,2776) (S 164,745,744) (S 177,798,797) (S 776,1194,797) (S 439,1697,1698) (S 997,2742,265) (S 53,265,266) (S 951,2704,265) (D 0,0,0)
 0 1 18 24951 80480  66 (D 0,0,0) (S 625,2124,2125) (S 823,2518,2519) (S 690,2266,456) (S 237,1019,1020) (S 448,1514,1026) (S 238,1026,1025) (S 102,454,453) (S 101,452,453) (S 450,453,1713) (S 449,1026,1713) (S 637,564,2146) (S 1038,20,123) (S 26,123,124) (S 522,123,1873) (S 639,2138,123) (S 968,123,2694) (S 938,2694,76) (S 549,76,1920) (S 939,76,1140) (S 264,1140,409) (S 255,595,409) (S 88,409,77) (S 16,77,76) (S 865,2583,1942) (S 546,1942,1941) (S 516,1857,1858) (S 135,609,616) (S 190,76,21) (S 274,1159,21) (S 604,2056,2073) (S 555,1963,864) (S 14,63,64) (S 442,64,1702) (S 493,1704,1702) (S 607,63,1512) (S 715,1442,2342) (S 731,2342,2375) (S 358,1439,1443) (S 1000,2739,878) (S 196,877,878) (S 800,2470,2471) (S 801,1512,2472) (S 879,2472,302) (S 994,596,585) (S 131,585,586) (S 147,586,687) (S 159,725,726) (S 1037,687,586) (S 1073,597,2779) (S 485,1785,1786) (S 940,2695,1785) (S 941,75,1875) (S 524,1875,571) (S 685,1520,1506) (S 1010,1506,1507) (S 163,738,739) (S 773,2435,1202) (S 747,2402,1355) (S 814,2398,1887) (S 868,2409,2141) (S 869,2141,2424) (S 63,337,338) (S 746,338,2401) (S 1070,2760,1429) (D 0,0,0)
