1489711
37
60719
59047
 0 1 1 15401 18379  21 (D 0,1,1) (S 12,5,16) (S 13,16,17) (S 14,17,18) (S 16,18,19) (S 20,19,21) (S 19,21,20) (S 21,20,22) (S 22,22,23) (S 32,23,28) (S 33,27,28) (S 35,28,29) (S 34,29,27) (S 31,27,26) (S 28,26,21) (S 23,21,23) (S 25,23,24) (S 24,22,24) (S 26,24,25) (S 27,25,1) (D 0,1,1)
 0 1 2 15346 27748  17 (D 0,1,1) (S 3,6,7) (S 4,7,8) (S 29,8,26) (S 5,8,9) (S 225,151,153) (S 233,154,158) (S 235,158,160) (S 236,160,159) (S 227,154,153) (S 226,153,152) (S 224,152,125) (S 184,125,126) (S 219,126,150) (S 17,7,19) (S 18,20,16) (D 0,1,1)
 0 1 3 16273 31147  10 (D 0,1,1) (S 257,170,174) (S 270,174,182) (S 269,182,181) (S 266,180,177) (S 261,177,176) (S 249,168,167) (S 240,163,162) (S 252,120,170) (D 0,1,1)
 0 1 4 16285 24539  7 (D 0,1,1) (S 2,5,6) (S 342,233,234) (S 344,234,232) (S 341,232,233) (S 343,233,255) (D 0,1,1)
 0 1 5 16137 41487  13 (D 0,1,1) (S 256,255,171) (S 255,172,173) (S 254,172,171) (S 253,171,170) (S 268,181,177) (S 262,177,175) (S 258,175,166) (S 263,166,178) (S 264,178,179) (S 265,179,180) (S 267,180,181) (D 0,1,1)
 0 1 6 15212 37656  7 (D 0,1,1) (S 238,156,162) (S 239,162,120) (S 176,120,119) (S 175,119,117) (S 171,117,116) (D 0,1,1)
 0 1 7 16479 46250  13 (D 0,1,1) (S 173,117,118) (S 172,118,106) (S 156,106,108) (S 157,108,109) (S 159,109,110) (S 158,109,107) (S 155,107,108) (S 154,107,105) (S 152,105,104) (S 166,104,114) (S 167,113,115) (D 0,1,1)
 0 1 8 16686 40889  11 (D 0,1,1) (S 169,115,99) (S 168,99,112) (S 164,113,114) (S 165,114,111) (S 161,111,103) (S 160,111,102) (S 162,101,112) (S 163,112,113) (S 180,116,123) (D 0,1,1)
 0 1 9 16525 40575  13 (D 0,1,1) (S 170,116,115) (S 143,99,91) (S 132,91,92) (S 131,91,83) (S 120,82,83) (S 121,83,84) (S 122,84,80) (S 116,80,81) (S 115,80,78) (S 114,78,79) (S 113,78,76) (D 0,1,1)
 0 1 10 16604 32090  13 (D 0,1,1) (S 54,39,40) (S 112,40,77) (S 111,77,76) (S 110,76,75) (S 107,75,74) (S 106,74,62) (S 87,62,61) (S 80,57,58) (S 73,53,54) (S 77,54,44) (S 59,43,41) (D 0,1,1)
 0 1 11 16431 40444  11 (D 0,1,1) (S 58,42,43) (S 60,43,44) (S 81,56,58) (S 89,60,64) (S 95,64,67) (S 97,67,68) (S 136,68,94) (S 133,92,93) (S 142,93,97) (D 0,1,1)
 0 1 12 16687 42207  14 (D 0,1,1) (S 76,55,53) (S 83,59,52) (S 71,52,51) (S 70,51,50) (S 69,49,50) (S 93,50,4) (S 92,4,66) (S 91,66,65) (S 90,65,64) (S 85,60,51) (S 72,52,53) (S 75,55,42) (D 0,1,1)
 0 1 13 16684 38549  13 (D 0,1,1) (S 57,39,42) (S 109,42,75) (S 108,75,73) (S 104,73,72) (S 103,72,71) (S 101,71,70) (S 100,69,71) (S 119,71,82) (S 118,82,81) (S 117,81,72) (S 105,73,74) (D 0,1,1)
 0 1 14 15687 36549  9 (D 0,1,1) (S 125,87,84) (S 123,84,85) (S 124,85,86) (S 127,86,88) (S 129,89,90) (S 130,89,255) (S 15,6,18) (D 0,1,1)
 0 1 15 16565 23572  16 (D 0,1,1) (S 30,7,255) (S 37,255,9) (S 36,9,29) (S 39,29,31) (S 40,31,30) (S 43,30,33) (S 44,33,11) (S 7,11,10) (S 38,10,30) (S 41,31,32) (S 56,34,41) (S 55,41,39) (S 53,39,38) (S 52,38,25) (D 0,1,1)
 0 1 16 16160 36824  7 (D 0,1,1) (S 218,150,141) (S 208,142,143) (S 209,143,144) (S 210,143,145) (S 213,147,146) (D 0,1,1)
 0 1 17 16401 30531  17 (D 0,1,1) (S 207,141,142) (S 206,142,140) (S 203,139,128) (S 202,129,138) (S 200,138,137) (S 197,136,135) (S 214,135,147) (S 215,147,148) (S 216,148,149) (S 217,148,145) (S 211,145,146) (S 212,146,136) (S 198,136,137) (S 204,139,140) (S 205,140,141) (D 0,1,1)
 0 1 18 16507 33639  14 (D 0,1,1) (S 199,137,130) (S 190,130,131) (S 191,131,100) (S 147,100,2) (S 146,100,96) (S 141,96,97) (S 145,97,98) (S 186,98,127) (S 187,127,128) (S 188,128,129) (S 189,129,130) (S 201,138,139) (D 0,1,1)
 0 1 19 16676 41506  13 (D 0,1,1) (S 185,126,127) (S 144,98,99) (S 135,92,94) (S 138,95,68) (S 98,68,69) (S 99,69,70) (S 102,70,63) (S 88,63,62) (S 86,61,57) (S 79,57,56) (S 78,56,53) (D 0,1,1)
 0 1 20 16675 45893  11 (D 0,1,1) (S 134,93,94) (S 137,94,95) (S 139,95,3) (S 140,3,96) (S 192,100,132) (S 193,132,131) (S 194,132,133) (S 195,133,134) (S 196,133,135) (D 0,1,1)
 0 1 21 16633 23706  13 (D 0,1,1) (S 221,150,151) (S 223,151,152) (S 228,152,155) (S 229,155,121) (S 178,121,122) (S 179,122,123) (S 182,123,124) (S 183,124,125) (S 220,125,150) (S 222,150,255) (S 1,5,1) (D 0,1,1)
 0 1 22 16470 31473  11 (D 0,1,1) (S 230,155,156) (S 231,156,157) (S 242,157,161) (S 245,161,165) (S 246,165,166) (S 247,166,167) (S 248,167,163) (S 241,163,157) (S 232,157,154) (D 0,1,1)
 0 1 23 16250 45411  10 (D 0,1,1) (S 234,158,159) (S 237,159,161) (S 243,161,164) (S 251,164,169) (S 244,164,165) (S 259,175,176) (S 260,176,168) (S 250,168,163) (D 0,1,1)
 0 1 24 15571 47930  10 (D 0,1,1) (S 275,178,185) (S 277,185,253) (S 274,184,185) (S 276,185,186) (S 278,187,184) (S 273,184,179) (S 272,179,183) (S 271,183,174) (D 0,1,1)
 0 1 25 16698 61194  12 (D 0,1,1) (S 362,244,194) (S 289,194,195) (S 293,197,198) (S 294,198,196) (S 296,196,199) (S 299,200,202) (S 301,202,203) (S 303,203,251) (S 304,251,252) (S 305,252,204) (D 0,1,1)
 0 1 26 16299 62988  10 (D 0,1,1) (S 318,215,213) (S 307,206,201) (S 300,201,202) (S 302,203,204) (S 306,204,205) (S 309,205,207) (S 315,207,212) (S 374,212,254) (D 0,1,1)
 0 1 27 16219 37445  11 (D 0,1,1) (S 340,232,231) (S 338,231,230) (S 337,230,229) (S 365,247,246) (S 363,246,245) (S 367,245,248) (S 368,248,249) (S 370,249,250) (S 372,250,229) (D 0,1,1)
 0 1 28 16686 42970  14 (D 0,1,1) (S 339,231,229) (S 371,250,247) (S 373,247,222) (S 330,222,225) (S 331,225,224) (S 332,224,226) (S 329,224,221) (S 327,221,222) (S 328,222,223) (S 334,223,227) (S 335,227,228) (S 336,223,229) (D 0,1,1)
 0 1 29 16551 30859  14 (D 0,1,1) (S 8,11,12) (S 9,12,13) (S 10,13,14) (S 62,14,44) (S 61,44,37) (S 51,37,13) (S 49,12,36) (S 47,36,35) (S 46,35,34) (S 45,34,32) (S 42,32,33) (S 6,10,9) (D 0,1,1)
 0 1 30 16646 48646  16 (D 0,1,1) (S 48,33,36) (S 50,35,37) (S 11,14,15) (S 63,15,45) (S 64,45,46) (S 65,46,47) (S 66,46,48) (S 67,48,49) (S 68,49,46) (S 94,48,4) (S 96,66,67) (S 84,60,59) (S 82,59,58) (S 74,54,55) (D 0,1,1)
 0 1 31 16474 42716  12 (D 0,1,1) (S 181,124,122) (S 177,121,117) (S 174,119,118) (S 153,106,105) (S 151,104,103) (S 150,103,102) (S 149,102,101) (S 148,101,87) (S 126,87,86) (S 128,88,89) (D 0,1,1)
 0 1 32 15579 44399  13 (D 0,1,1) (S 366,247,248) (S 369,249,240) (S 353,240,241) (S 358,241,243) (S 360,243,245) (S 359,244,243) (S 357,243,242) (S 356,242,192) (S 285,192,191) (S 286,191,193) (S 284,191,189) (D 0,1,1)
 0 1 33 16653 43444  13 (D 0,1,1) (S 352,240,235) (S 351,235,239) (S 350,239,238) (S 349,238,193) (S 287,193,192) (S 355,242,241) (S 354,241,239) (S 348,238,236) (S 347,236,237) (S 346,236,235) (S 345,235,230) (D 0,1,1)
 0 1 34 16636 65050  9 (D 0,1,1) (S 364,246,215) (S 308,206,205) (S 310,207,208) (S 311,208,209) (S 312,209,210) (S 313,210,211) (S 314,210,212) (D 0,1,1)
 0 1 35 16485 58584  10 (D 0,1,1) (S 321,216,217) (S 375,217,254) (S 322,254,218) (S 323,218,219) (S 324,219,220) (S 325,219,216) (S 320,216,214) (S 319,214,215) (D 0,1,1)
 0 1 36 16307 51172  11 (D 0,1,1) (S 333,223,225) (S 326,221,215) (S 317,214,213) (S 316,213,206) (S 298,201,200) (S 297,200,199) (S 295,199,198) (S 290,196,195) (S 361,244,245) (D 0,1,1)
 0 1 37 16650 41250  10 (D 0,1,1) (S 281,174,188) (S 282,188,189) (S 283,189,190) (S 288,190,194) (S 291,195,197) (S 292,197,186) (S 279,186,187) (S 280,187,188) (D 0,1,1)
