526
8
44593
3578
 0 1 1 34 22  8 (D 0,1,1) (S 1,1,2) (S 2,2,4) (S 3,4,3) (S 17,3,9) (S 21,9,3) (S 16,3,1) (D 0,1,1)
 0 1 2 40 39  6 (D 0,1,1) (S 15,1,3) (S 8,9,10) (S 5,10,5) (S 4,5,4) (D 0,1,1)
 0 1 3 40 86  8 (D 0,1,1) (S 13,19,22) (S 44,22,23) (S 47,23,24) (S 48,24,21) (S 9,15,11) (S 26,11,10) (D 0,1,1)
 0 1 4 40 83  10 (D 0,1,1) (S 18,5,11) (S 33,15,21) (S 43,21,24) (S 49,24,23) (S 45,23,20) (S 40,20,10) (S 23,10,11) (S 25,11,5) (D 0,1,1)
 0 1 5 40 66  8 (D 0,1,1) (S 24,10,20) (S 14,20,21) (S 42,21,15) (S 32,15,16) (S 34,16,12) (S 28,12,11) (D 0,1,1)
 0 1 6 37 92  8 (D 0,1,1) (S 27,12,6) (S 6,6,7) (S 19,7,8) (S 20,8,7) (S 7,8,14) (S 35,16,15) (D 0,1,1)
 0 1 7 39 63  7 (D 0,1,1) (S 22,9,19) (S 39,19,20) (S 41,20,23) (S 46,23,22) (S 38,19,9) (D 0,1,1)
 0 1 8 40 75  10 (D 0,1,1) (S 11,16,17) (S 12,17,18) (S 37,18,14) (S 31,14,18) (S 30,14,13) (S 29,13,17) (S 36,17,13) (S 10,13,12) (D 0,1,1)
