309
8
87828
37422
 0 1 1 45 35  8 (D 0,1,1) (S 19,1,11) (S 8,11,6) (S 34,12,17) (S 41,17,12) (S 33,12,11) (S 7,11,5) (D 0,1,1)
 0 1 2 44 38  9 (D 0,1,1) (S 18,1,9) (S 5,9,3) (S 21,2,4) (S 23,4,5) (S 25,5,6) (S 9,6,12) (S 32,11,1) (D 0,1,1)
 0 1 3 45 34  7 (D 0,1,1) (S 48,19,22) (S 16,22,23) (S 17,23,24) (S 15,23,21) (S 51,21,15) (D 0,1,1)
 0 1 4 45 42  7 (D 0,1,1) (S 2,1,20) (S 50,20,21) (S 38,15,21) (S 52,21,24) (S 53,24,21) (D 0,1,1)
 0 1 5 45 50  9 (D 0,1,1) (S 12,12,16) (S 40,16,17) (S 44,17,18) (S 14,18,14) (S 10,8,7) (S 28,7,6) (S 26,6,5) (D 0,1,1)
 0 1 6 45 30  7 (D 0,1,1) (S 20,1,19) (S 46,19,9) (S 30,9,19) (S 47,19,20) (S 49,20,15) (D 0,1,1)
 0 1 7 44 27  9 (D 0,1,1) (S 24,5,4) (S 4,4,3) (S 6,3,10) (S 31,10,2) (S 22,2,10) (S 3,2,5) (S 1,5,1) (D 0,1,1)
 0 1 8 45 53  13 (D 0,1,1) (S 27,6,7) (S 11,7,13) (S 13,13,14) (S 36,14,8) (S 29,8,14) (S 45,18,17) (S 42,17,13) (S 35,13,17) (S 43,17,16) (S 39,16,15) (S 37,15,20) (D 0,1,1)
