111428
10
3600171
3202782
 0 1 1 9988 11680  37 (D 0,1,1) (S 243,6,18) (S 28,19,28) (S 42,29,48) (S 74,48,49) (S 78,49,73) (S 112,73,84) (S 113,85,73) (S 114,74,75) (S 117,75,86) (S 133,86,100) (S 158,101,102) (S 161,102,116) (S 177,116,132) (S 176,116,117) (S 285,117,134) (S 208,134,147) (S 229,147,163) (S 241,163,162) (S 226,161,145) (S 224,145,144) (S 222,144,143) (S 221,143,142) (S 295,142,158) (S 302,158,142) (S 294,142,141) (S 220,141,157) (S 301,156,155) (S 216,155,139) (S 214,138,154) (S 187,153,123) (S 290,123,108) (S 280,108,107) (S 279,107,122) (S 289,121,120) (S 278,106,105) (D 0,1,1)
 0 1 2 9953 11272  36 (D 0,1,1) (S 250,14,15) (S 33,23,24) (S 36,25,38) (S 58,38,44) (S 67,44,58) (S 103,67,79) (S 123,79,92) (S 143,92,121) (S 182,121,122) (S 185,122,152) (S 232,152,153) (S 233,153,154) (S 234,154,155) (S 300,155,156) (S 219,156,141) (S 217,141,140) (S 192,126,127) (S 194,127,128) (S 196,128,129) (S 200,129,143) (S 199,129,130) (S 291,130,114) (S 173,114,113) (S 171,113,112) (S 169,112,111) (S 151,111,97) (S 128,97,83) (S 127,83,82) (S 108,82,71) (S 59,46,39) (S 39,39,27) (S 24,26,17) (S 9,17,5) (S 5,4,3) (D 0,1,1)
 0 1 3 9992 11361  35 (D 0,1,1) (S 242,3,24) (S 254,24,25) (S 255,25,16) (S 23,16,17) (S 251,17,18) (S 26,18,27) (S 38,27,28) (S 40,28,29) (S 15,29,9) (S 245,9,30) (S 43,30,49) (S 77,49,50) (S 265,50,51) (S 81,51,62) (S 93,62,61) (S 94,61,75) (S 130,86,85) (S 272,85,84) (S 271,84,85) (S 132,85,100) (S 154,100,99) (S 131,99,85) (S 115,85,74) (S 111,74,73) (S 109,73,72) (S 107,72,71) (S 105,71,70) (S 269,70,69) (S 92,69,60) (S 90,60,59) (S 69,59,45) (S 64,44,43) (S 31,23,22) (D 0,1,1)
 0 1 4 9975 11090  30 (D 0,1,1) (S 29,21,22) (S 32,22,36) (S 53,36,37) (S 55,37,38) (S 66,44,45) (S 68,45,46) (S 264,46,60) (S 104,69,80) (S 144,93,107) (S 184,122,123) (S 281,108,123) (S 186,123,124) (S 189,124,138) (S 213,138,139) (S 215,139,140) (S 193,140,126) (S 170,126,111) (S 167,111,110) (S 149,110,96) (S 275,96,82) (S 125,82,81) (S 106,81,70) (S 73,70,47) (S 70,47,46) (S 37,27,26) (S 35,26,25) (S 256,25,24) (S 253,24,3) (D 0,1,1)
 0 1 5 9983 11405  28 (D 0,1,1) (S 3,2,3) (S 6,4,5) (S 12,7,19) (S 13,20,8) (S 14,9,10) (S 247,10,32) (S 46,32,33) (S 19,33,12) (S 17,11,12) (S 249,13,12) (S 248,12,13) (S 20,13,34) (S 49,33,52) (S 266,52,53) (S 50,53,34) (S 48,34,33) (S 44,32,31) (S 259,31,10) (S 246,10,31) (S 260,31,30) (S 41,30,29) (S 257,29,20) (S 27,20,19) (S 25,19,18) (S 252,18,17) (S 7,16,4) (D 0,1,1)
 0 1 6 9991 11625  33 (D 0,1,1) (S 57,38,39) (S 72,47,48) (S 75,48,70) (S 126,81,95) (S 147,95,96) (S 277,97,96) (S 276,96,97) (S 150,97,98) (S 153,98,112) (S 172,112,128) (S 198,128,142) (S 223,143,159) (S 239,160,161) (S 240,161,162) (S 228,162,146) (S 296,146,145) (S 205,145,132) (S 204,132,133) (S 206,133,134) (S 227,147,146) (S 207,146,133) (S 292,134,117) (S 163,117,104) (S 136,89,88) (S 134,88,87) (S 118,87,76) (S 95,76,62) (S 80,51,52) (S 47,51,32) (S 18,32,11) (S 16,11,10) (D 0,1,1)
 0 1 7 8213 8963  24 (D 0,1,1) (S 2,1,14) (S 21,14,21) (S 30,21,35) (S 51,35,36) (S 54,36,41) (S 61,41,42) (S 63,42,43) (S 65,43,57) (S 87,57,66) (S 101,66,67) (S 102,67,68) (S 268,68,59) (S 91,59,67) (S 89,67,58) (S 86,58,57) (S 84,57,56) (S 267,56,42) (S 56,42,37) (S 34,37,23) (S 22,23,15) (S 4,15,2) (S 1,2,1) (D 0,1,1)
 0 1 8 9994 11468  36 (D 0,1,1) (S 263,42,56) (S 85,56,65) (S 99,65,66) (S 122,79,80) (S 124,80,93) (S 274,93,94) (S 145,94,95) (S 148,95,109) (S 166,109,110) (S 168,110,125) (S 190,125,126) (S 195,127,141) (S 197,141,128) (S 174,128,113) (S 156,113,100) (S 155,100,101) (S 159,101,115) (S 283,115,102) (S 162,103,104) (S 138,104,89) (S 121,89,78) (S 119,78,77) (S 120,77,88) (S 137,88,103) (S 160,103,102) (S 135,102,87) (S 116,76,75) (S 79,61,50) (S 45,50,31) (S 258,30,9) (S 244,9,8) (S 11,8,7) (S 10,7,6) (S 8,6,5) (D 0,1,1)
 0 1 9 9982 11441  33 (D 0,1,1) (S 261,40,41) (S 62,41,55) (S 98,64,65) (S 100,65,91) (S 140,91,92) (S 142,92,93) (S 146,94,108) (S 165,108,109) (S 282,109,124) (S 188,124,125) (S 191,125,139) (S 218,140,156) (S 235,156,157) (S 236,157,158) (S 237,158,159) (S 238,159,160) (S 225,160,144) (S 202,144,130) (S 175,130,115) (S 284,115,131) (S 203,131,132) (S 201,131,130) (S 157,114,100) (S 152,99,98) (S 129,98,84) (S 270,84,83) (S 110,83,72) (S 76,72,48) (S 71,46,59) (S 88,59,58) (S 82,56,55) (D 0,1,1)
 0 1 10 9875 11123  30 (D 0,1,1) (S 60,40,54) (S 139,90,105) (S 164,105,118) (S 179,118,135) (S 293,135,136) (S 211,136,149) (S 209,135,148) (S 297,148,149) (S 230,149,150) (S 212,150,137) (S 210,137,136) (S 180,136,119) (S 178,118,119) (S 286,119,120) (S 288,120,121) (S 183,121,151) (S 298,151,152) (S 299,152,151) (S 231,151,150) (S 181,137,120) (S 287,120,106) (S 141,106,91) (S 273,91,90) (S 97,90,63) (S 96,63,64) (S 83,64,55) (S 262,41,40) (S 52,40,35) (D 0,1,1)
