111447
10
2209599
1326067
 0 1 1 9985 11724  31 (D 0,1,1) (S 251,17,18) (S 38,27,28) (S 15,29,9) (S 245,9,30) (S 258,30,9) (S 14,9,10) (S 247,10,32) (S 18,11,32) (S 47,32,51) (S 49,52,33) (S 19,33,12) (S 248,12,13) (S 48,34,33) (S 46,33,32) (S 44,32,31) (S 45,31,50) (S 265,50,51) (S 80,51,52) (S 266,52,53) (S 50,53,34) (S 20,34,13) (S 249,13,12) (S 17,12,11) (S 16,11,10) (S 246,10,31) (S 259,31,10) (S 260,31,30) (S 41,30,29) (S 13,20,8) (D 0,1,1)
 0 1 2 8585 9349  24 (D 0,1,1) (S 2,1,14) (S 21,14,21) (S 30,21,35) (S 51,35,36) (S 53,36,37) (S 56,37,42) (S 63,42,43) (S 64,43,44) (S 58,44,38) (S 36,38,25) (S 255,25,16) (S 7,16,4) (S 6,4,5) (S 9,5,17) (S 24,17,26) (S 37,26,27) (S 35,26,25) (S 256,25,24) (S 33,24,23) (S 22,23,15) (S 4,15,2) (S 1,2,1) (D 0,1,1)
 0 1 3 9985 11549  38 (D 0,1,1) (S 12,7,19) (S 28,19,28) (S 40,28,29) (S 42,29,48) (S 74,48,49) (S 77,49,50) (S 79,50,61) (S 93,61,62) (S 81,51,62) (S 95,62,76) (S 118,76,87) (S 135,87,102) (S 162,103,104) (S 163,104,117) (S 176,117,116) (S 177,116,132) (S 201,131,130) (S 173,114,113) (S 156,113,100) (S 154,100,99) (S 152,99,98) (S 153,98,112) (S 171,112,113) (S 174,113,128) (S 192,127,126) (S 190,126,125) (S 168,125,110) (S 149,110,96) (S 276,96,97) (S 277,97,96) (S 275,96,82) (S 125,82,81) (S 73,70,47) (S 70,47,46) (S 66,45,44) (S 253,24,3) (D 0,1,1)
 0 1 4 9993 11608  35 (D 0,1,1) (S 31,22,23) (S 55,37,38) (S 57,38,39) (S 107,71,72) (S 109,72,73) (S 112,73,84) (S 271,84,85) (S 131,85,99) (S 158,101,102) (S 161,102,116) (S 205,132,145) (S 226,145,161) (S 240,161,162) (S 241,162,163) (S 229,163,147) (S 292,134,117) (S 285,117,134) (S 207,133,146) (S 228,146,162) (S 239,161,160) (S 238,160,159) (S 223,159,143) (S 221,143,142) (S 294,142,141) (S 219,141,156) (S 233,154,153) (S 187,153,123) (S 280,108,107) (S 182,122,121) (S 143,121,92) (S 123,92,79) (S 99,66,65) (S 98,65,64) (D 0,1,1)
 0 1 5 9981 11401  33 (D 0,1,1) (S 242,3,24) (S 254,24,25) (S 72,47,48) (S 76,48,72) (S 110,72,83) (S 128,83,97) (S 151,97,111) (S 169,111,112) (S 172,112,128) (S 196,128,129) (S 199,129,130) (S 175,130,115) (S 284,115,131) (S 203,131,132) (S 204,132,133) (S 206,133,134) (S 208,134,147) (S 227,147,146) (S 296,146,145) (S 224,145,144) (S 202,144,130) (S 291,130,114) (S 157,114,100) (S 132,100,85) (S 113,85,73) (S 111,73,74) (S 78,73,49) (S 43,49,30) (S 244,9,8) (S 11,8,7) (S 10,7,6) (D 0,1,1)
 0 1 6 9546 10445  27 (D 0,1,1) (S 3,2,3) (S 5,3,4) (S 8,5,6) (S 243,6,18) (S 26,18,27) (S 39,27,39) (S 59,39,46) (S 68,46,45) (S 69,45,59) (S 91,59,67) (S 102,67,68) (S 268,68,59) (S 71,59,46) (S 264,46,60) (S 90,60,59) (S 88,59,58) (S 89,58,67) (S 101,67,66) (S 87,66,57) (S 84,57,56) (S 267,56,42) (S 61,42,41) (S 54,41,36) (S 32,36,22) (S 29,22,21) (D 0,1,1)
 0 1 7 9930 11178  30 (D 0,1,1) (S 60,40,54) (S 97,63,90) (S 139,90,105) (S 164,105,118) (S 179,118,135) (S 209,135,148) (S 293,135,136) (S 180,136,119) (S 178,118,119) (S 286,119,120) (S 288,120,121) (S 183,121,151) (S 298,151,152) (S 299,152,151) (S 231,151,150) (S 230,150,149) (S 297,148,149) (S 211,149,136) (S 210,136,137) (S 212,137,150) (S 181,137,120) (S 287,120,106) (S 141,106,91) (S 273,91,90) (S 96,63,64) (S 83,64,55) (S 62,55,41) (S 262,41,40) (D 0,1,1)
 0 1 8 9952 11226  34 (D 0,1,1) (S 52,35,40) (S 261,40,41) (S 65,43,57) (S 86,57,58) (S 103,67,79) (S 122,79,80) (S 124,80,93) (S 144,93,107) (S 279,107,122) (S 184,122,123) (S 290,123,108) (S 281,108,123) (S 186,123,124) (S 189,124,138) (S 214,138,154) (S 213,138,139) (S 216,139,155) (S 300,155,156) (S 218,156,140) (S 193,140,126) (S 170,126,111) (S 167,111,110) (S 166,110,109) (S 148,109,95) (S 126,95,81) (S 106,81,70) (S 75,70,48) (S 257,29,20) (S 27,20,19) (S 25,19,18) (S 252,18,17) (S 23,17,16) (D 0,1,1)
 0 1 9 9989 11503  35 (D 0,1,1) (S 67,44,58) (S 92,60,69) (S 104,69,80) (S 274,93,94) (S 145,94,95) (S 147,95,96) (S 150,97,98) (S 129,98,84) (S 130,85,86) (S 117,75,86) (S 133,86,100) (S 155,100,101) (S 159,101,115) (S 283,115,102) (S 160,102,103) (S 137,103,88) (S 136,88,89) (S 138,89,104) (S 121,89,78) (S 119,78,77) (S 120,77,88) (S 134,88,87) (S 116,76,75) (S 94,61,75) (S 114,75,74) (S 115,74,85) (S 272,85,84) (S 270,84,83) (S 127,83,82) (S 108,82,71) (S 105,71,70) (S 269,70,69) (S 82,56,55) (D 0,1,1)
 0 1 10 10000 11464  35 (D 0,1,1) (S 250,14,15) (S 34,23,37) (S 263,42,56) (S 85,56,65) (S 100,65,91) (S 140,91,92) (S 142,92,93) (S 146,94,108) (S 165,108,109) (S 282,109,124) (S 188,124,125) (S 191,125,139) (S 215,139,140) (S 217,140,141) (S 195,141,127) (S 194,127,128) (S 198,128,142) (S 295,142,158) (S 302,158,142) (S 236,157,158) (S 237,158,159) (S 225,160,144) (S 222,144,143) (S 200,143,129) (S 197,128,141) (S 220,141,157) (S 235,157,156) (S 301,156,155) (S 234,155,154) (S 232,153,152) (S 185,152,122) (S 289,121,120) (S 278,106,105) (D 0,1,1)
