258891
23
3600547
3329483
 0 1 1 9974 11180  33 (D 0,1,1) (S 175,195,161) (S 568,161,160) (S 171,159,158) (S 565,158,177) (S 192,177,178) (S 586,178,158) (S 151,142,141) (S 525,122,121) (S 127,121,120) (S 128,120,140) (S 561,155,121) (S 114,121,105) (S 508,105,104) (S 506,104,105) (S 113,105,106) (S 115,106,122) (S 509,106,107) (S 94,107,84) (S 75,84,66) (S 49,66,44) (S 438,44,45) (S 51,45,67) (S 464,67,85) (S 95,85,108) (S 116,108,124) (S 529,124,143) (S 153,143,144) (S 154,144,145) (S 156,145,160) (S 567,160,161) (S 610,195,1) (D 0,1,1)
 0 1 2 9953 11577  43 (D 0,1,1) (S 240,233,232) (S 225,232,214) (S 205,214,192) (S 603,192,178) (S 563,158,143) (S 152,143,142) (S 131,142,123) (S 528,123,122) (S 129,122,141) (S 551,141,156) (S 582,176,156) (S 562,156,176) (S 190,176,175) (S 581,175,189) (S 580,175,174) (S 578,174,188) (S 601,188,211) (S 629,211,188) (S 202,188,187) (S 627,210,209) (S 628,210,227) (S 651,227,226) (S 236,226,262) (S 687,262,263) (S 689,263,262) (S 277,262,286) (S 302,286,287) (S 714,287,263) (S 688,263,227) (S 237,227,228) (S 654,229,265) (S 653,229,230) (S 658,231,230) (S 656,230,231) (S 239,231,232) (S 659,232,250) (S 677,250,251) (S 679,251,252) (S 243,252,234) (S 660,234,194) (S 608,194,195) (D 0,1,1)
 0 1 3 9424 10617  32 (D 0,1,1) (S 611,1,162) (S 139,162,129) (S 489,93,94) (S 103,94,95) (S 491,95,75) (S 474,75,74) (S 60,74,54) (S 450,54,53) (S 59,54,55) (S 451,55,33) (S 425,33,34) (S 18,34,14) (S 403,15,16) (S 404,16,15) (S 19,15,56) (S 477,76,96) (S 106,96,97) (S 496,98,113) (S 517,113,132) (S 539,132,113) (S 107,113,97) (S 495,97,112) (S 516,112,131) (S 143,131,147) (S 538,131,132) (S 537,131,130) (S 142,130,165) (S 178,165,164) (S 179,164,199) (S 207,197,1) (D 0,1,1)
 0 1 4 9978 11613  40 (D 0,1,1) (S 552,145,126) (S 485,87,88) (S 466,69,48) (S 442,48,27) (S 416,27,26) (S 411,25,6) (S 6,6,5) (S 7,5,24) (S 29,24,44) (S 437,44,43) (S 436,43,65) (S 463,66,67) (S 73,66,65) (S 71,65,64) (S 48,64,42) (S 432,42,43) (S 433,43,23) (S 27,23,24) (S 28,24,25) (S 413,25,45) (S 50,45,46) (S 439,46,86) (S 484,86,85) (S 511,108,107) (S 527,123,107) (S 510,107,106) (S 92,106,83) (S 74,83,65) (S 462,65,43) (S 435,43,44) (S 434,43,42) (S 4,42,3) (S 389,3,4) (S 5,4,5) (S 8,6,7) (S 10,8,27) (S 441,47,48) (S 54,49,50) (D 0,1,1)
 0 1 5 9812 11089  37 (D 0,1,1) (S 613,1,216) (S 663,237,256) (S 269,256,255) (S 290,273,291) (S 308,291,314) (S 719,290,289) (S 718,289,312) (S 747,312,334) (S 767,334,312) (S 286,311,269) (S 283,269,268) (S 284,268,310) (S 745,310,353) (S 375,353,352) (S 791,352,351) (S 360,351,333) (S 359,332,333) (S 331,333,308) (S 742,308,309) (S 332,309,310) (S 744,310,311) (S 334,311,312) (S 746,312,313) (S 748,313,314) (S 335,314,315) (S 337,315,316) (S 749,315,291) (S 291,291,274) (S 697,275,274) (S 698,275,276) (S 702,277,276) (S 700,276,256) (S 683,256,237) (S 248,237,238) (S 664,238,217) (D 0,1,1)
 0 1 6 9838 11344  41 (D 0,1,1) (S 117,111,112) (S 119,112,113) (S 518,113,133) (S 541,133,149) (S 555,149,133) (S 144,133,132) (S 519,114,99) (S 499,99,114) (S 520,114,133) (S 542,134,169) (S 570,169,170) (S 573,170,183) (S 594,183,170) (S 571,170,150) (S 147,150,135) (S 146,135,136) (S 544,136,137) (S 545,137,136) (S 123,136,116) (S 120,116,115) (S 121,115,135) (S 543,135,134) (S 145,134,133) (S 540,132,148) (S 160,148,167) (S 183,166,179) (S 591,180,202) (S 194,202,179) (S 589,180,179) (S 587,179,180) (S 590,180,181) (S 592,181,204) (S 621,204,181) (S 195,181,182) (S 593,182,169) (S 184,169,168) (S 182,167,166) (S 180,166,165) (S 177,164,163) (D 0,1,1)
 0 1 7 9906 11184  41 (D 0,1,1) (S 226,216,215) (S 633,215,236) (S 244,236,235) (S 245,235,253) (S 265,253,252) (S 266,252,270) (S 695,270,271) (S 287,271,272) (S 696,272,273) (S 289,273,274) (S 292,274,292) (S 309,292,293) (S 311,293,294) (S 722,294,318) (S 341,317,318) (S 750,318,319) (S 752,319,318) (S 751,318,338) (S 774,338,339) (S 777,339,338) (S 775,338,359) (S 379,358,357) (S 338,357,315) (S 771,336,356) (S 792,356,357) (S 793,357,356) (S 378,356,355) (S 377,355,354) (S 362,354,334) (S 361,334,335) (S 769,335,336) (S 770,336,335) (S 336,336,314) (S 307,314,290) (S 288,290,272) (S 268,272,254) (S 247,254,236) (S 662,236,215) (S 206,215,195) (D 0,1,1)
 0 1 8 9951 11102  33 (D 0,1,1) (S 100,110,91) (S 99,91,92) (S 80,92,72) (S 470,72,71) (S 469,71,51) (S 57,51,52) (S 446,52,53) (S 447,53,32) (S 16,32,12) (S 397,12,11) (S 395,11,12) (S 398,12,13) (S 17,13,14) (S 401,14,15) (S 402,15,14) (S 426,34,55) (S 61,55,75) (S 475,75,95) (S 104,95,96) (S 492,96,76) (S 63,76,56) (S 453,56,55) (S 452,55,56) (S 62,56,57) (S 64,57,58) (S 66,57,77) (S 82,77,76) (S 83,76,95) (S 118,111,130) (S 141,130,163) (S 176,163,162) (D 0,1,1)
 0 1 9 9724 11051  34 (D 0,1,1) (S 181,165,200) (S 615,200,201) (S 617,202,180) (S 588,180,168) (S 158,166,147) (S 554,147,148) (S 159,148,149) (S 161,149,168) (S 185,168,181) (S 198,183,184) (S 596,184,207) (S 625,207,184) (S 595,184,171) (S 186,171,172) (S 187,172,185) (S 200,185,208) (S 220,208,225) (S 649,225,224) (S 646,224,206) (S 216,206,205) (S 217,205,223) (S 673,246,245) (S 272,258,259) (S 274,259,282) (S 709,281,258) (S 257,258,245) (S 256,245,244) (S 671,244,221) (S 215,203,221) (S 641,220,202) (S 213,202,201) (S 211,200,199) (D 0,1,1)
 0 1 10 9746 10872  35 (D 0,1,1) (S 636,216,237) (S 249,237,255) (S 270,255,274) (S 310,292,316) (S 340,316,337) (S 772,337,358) (S 380,358,359) (S 381,360,361) (S 368,362,341) (S 779,341,321) (S 345,321,322) (S 346,322,342) (S 780,342,363) (S 384,363,364) (S 796,363,342) (S 367,342,341) (S 365,341,340) (S 778,340,339) (S 364,339,360) (S 795,360,359) (S 794,359,338) (S 773,338,337) (S 339,316,317) (S 312,317,293) (S 720,293,275) (S 699,275,293) (S 721,294,276) (S 271,276,257) (S 685,257,256) (S 684,256,257) (S 228,239,218) (S 227,218,217) (S 637,217,1) (D 0,1,1)
 0 1 11 9887 11398  37 (D 0,1,1) (S 105,111,95) (S 494,97,98) (S 108,98,99) (S 497,99,59) (S 43,59,37) (S 405,18,37) (S 22,17,36) (S 41,36,58) (S 454,58,59) (S 67,59,60) (S 457,61,60) (S 458,61,78) (S 480,78,100) (S 501,100,101) (S 110,101,115) (S 109,101,102) (S 111,102,116) (S 122,116,117) (S 124,117,137) (S 148,137,151) (S 163,151,172) (S 162,151,150) (S 556,150,170) (S 572,170,171) (S 199,184,185) (S 219,208,207) (S 218,207,206) (S 624,206,183) (S 196,183,182) (S 197,182,205) (S 623,205,204) (S 622,204,222) (S 642,221,244) (S 670,243,242) (S 668,242,241) (D 0,1,1)
 0 1 12 9988 11456  36 (D 0,1,1) (S 564,158,157) (S 168,156,155) (S 166,155,154) (S 165,154,153) (S 558,153,173) (S 576,173,186) (S 598,186,187) (S 599,187,186) (S 201,186,209) (S 221,209,226) (S 650,226,227) (S 238,228,229) (S 657,230,266) (S 694,266,265) (S 279,265,307) (S 327,307,306) (S 328,306,330) (S 357,330,347) (S 372,347,348) (S 358,348,330) (S 356,330,331) (S 763,331,306) (S 740,306,331) (S 764,331,332) (S 330,307,332) (S 766,332,350) (S 374,350,351) (S 376,353,354) (S 363,355,335) (S 768,335,313) (S 717,289,270) (S 267,271,253) (S 681,253,254) (S 634,216,1) (D 0,1,1)
 0 1 13 9928 11205  32 (D 0,1,1) (S 533,128,127) (S 135,127,126) (S 96,87,86) (S 483,85,67) (S 93,85,84) (S 91,84,83) (S 89,83,82) (S 72,82,64) (S 70,63,81) (S 85,81,80) (S 86,80,119) (S 126,119,139) (S 549,139,153) (S 557,153,152) (S 149,152,138) (S 546,138,118) (S 125,118,119) (S 522,119,120) (S 523,120,104) (S 88,104,81) (S 87,81,82) (S 90,82,105) (S 507,104,120) (S 524,121,122) (S 526,122,123) (S 130,123,124) (S 132,124,125) (S 530,126,145) (S 553,145,146) (S 531,127,128) (D 0,1,1)
 0 1 14 9920 11535  40 (D 0,1,1) (S 532,128,110) (S 78,91,71) (S 34,51,30) (S 393,10,29) (S 418,29,28) (S 13,28,9) (S 9,9,8) (S 392,8,7) (S 391,7,26) (S 410,23,4) (S 390,4,3) (S 388,3,2) (S 3,2,22) (S 1,2,196) (S 2,196,21) (S 409,21,22) (S 26,22,41) (S 46,41,42) (S 461,64,63) (S 47,63,41) (S 44,41,40) (S 25,21,40) (S 45,40,79) (S 481,79,80) (S 482,80,79) (S 84,79,118) (S 521,118,138) (S 548,139,138) (S 547,138,139) (S 150,139,140) (S 167,154,174) (S 577,174,175) (S 579,175,155) (S 169,156,157) (S 170,157,177) (S 191,177,176) (S 583,176,190) (S 602,190,191) (D 0,1,1)
 0 1 15 9983 11358  40 (D 0,1,1) (S 98,91,90) (S 56,90,50) (S 55,50,51) (S 445,51,31) (S 35,31,32) (S 36,32,33) (S 423,33,12) (S 15,12,31) (S 33,31,30) (S 420,30,29) (S 32,29,49) (S 443,49,28) (S 30,28,27) (S 12,27,9) (S 11,9,10) (S 394,10,30) (S 419,30,10) (S 14,10,11) (S 396,11,31) (S 421,31,52) (S 58,52,72) (S 472,73,74) (S 81,74,94) (S 490,94,93) (S 101,93,92) (S 79,72,73) (S 471,73,53) (S 448,53,54) (S 37,54,33) (S 424,33,13) (S 400,13,12) (S 399,12,33) (S 422,32,53) (S 449,53,73) (S 473,73,93) (S 102,93,129) (S 534,129,128) (S 137,128,162) (D 0,1,1)
 0 1 16 9978 11486  42 (D 0,1,1) (S 246,237,236) (S 680,252,251) (S 678,251,250) (S 676,250,232) (S 224,231,213) (S 631,213,191) (S 193,191,177) (S 585,177,190) (S 630,212,211) (S 222,211,228) (S 652,228,264) (S 691,264,263) (S 690,263,287) (S 716,287,304) (S 324,304,329) (S 762,329,347) (S 787,347,329) (S 355,329,330) (S 326,330,305) (S 323,305,304) (S 303,286,304) (S 739,304,287) (S 715,287,264) (S 278,264,288) (S 304,288,287) (S 305,287,305) (S 325,305,306) (S 765,331,349) (S 789,349,348) (S 788,348,349) (S 373,349,350) (S 790,351,352) (S 333,352,309) (S 743,309,308) (S 741,308,266) (S 280,266,267) (S 264,269,251) (S 242,251,233) (S 241,233,234) (S 661,234,235) (D 0,1,1)
 0 1 17 9960 11251  33 (D 0,1,1) (S 212,219,200) (S 619,202,220) (S 231,220,243) (S 254,243,279) (S 294,279,297) (S 705,279,280) (S 295,280,281) (S 710,281,282) (S 298,282,283) (S 299,283,284) (S 301,284,302) (S 319,300,325) (S 760,325,326) (S 761,326,346) (S 786,346,345) (S 370,345,344) (S 783,344,365) (S 799,365,345) (S 349,345,325) (S 348,325,324) (S 758,324,323) (S 347,323,343) (S 781,343,364) (S 385,364,365) (S 797,364,343) (S 317,323,298) (S 727,298,280) (S 707,280,279) (S 706,279,296) (S 724,296,278) (S 701,277,240) (D 0,1,1)
 0 1 18 9862 11032  32 (D 0,1,1) (S 209,197,217) (S 638,217,216) (S 635,216,217) (S 639,217,238) (S 250,238,239) (S 251,239,257) (S 293,277,278) (S 704,278,296) (S 314,296,320) (S 344,320,340) (S 776,339,319) (S 342,319,320) (S 343,320,321) (S 754,322,323) (S 755,323,324) (S 756,324,298) (S 318,299,300) (S 731,300,301) (S 734,301,300) (S 730,300,282) (S 711,282,281) (S 296,281,299) (S 729,299,324) (S 759,324,343) (S 369,343,363) (S 383,363,362) (S 382,362,361) (S 366,361,340) (S 753,320,295) (S 313,295,294) (D 0,1,1)
 0 1 19 9989 11672  43 (D 0,1,1) (S 535,130,131) (S 536,131,112) (S 515,112,97) (S 493,97,77) (S 427,35,16) (S 20,16,17) (S 21,17,18) (S 23,18,19) (S 406,19,20) (S 408,20,19) (S 407,19,38) (S 429,38,39) (S 431,39,62) (S 68,62,61) (S 479,78,61) (S 69,61,101) (S 502,101,100) (S 500,100,99) (S 498,99,78) (S 478,78,60) (S 455,60,61) (S 456,61,38) (S 428,38,19) (S 24,20,39) (S 460,62,103) (S 505,103,102) (S 503,102,103) (S 112,103,117) (S 504,103,62) (S 459,62,39) (S 430,39,38) (S 42,38,37) (S 40,37,36) (S 38,36,35) (S 39,35,57) (S 65,57,76) (S 476,76,75) (S 138,130,129) (S 140,129,163) (S 569,163,198) (S 208,198,197) (D 0,1,1)
 0 1 20 9942 11328  38 (D 0,1,1) (S 210,198,218) (S 640,218,219) (S 669,242,243) (S 255,243,281) (S 297,281,300) (S 732,300,326) (S 351,326,345) (S 784,345,366) (S 387,366,367) (S 371,367,346) (S 785,346,326) (S 321,327,302) (S 736,302,303) (S 737,303,285) (S 300,285,284) (S 712,284,261) (S 261,247,260) (S 273,260,259) (S 259,259,246) (S 233,246,223) (S 645,223,224) (S 648,224,225) (S 235,225,249) (S 262,248,249) (S 263,249,285) (S 738,303,302) (S 320,302,301) (S 733,301,283) (S 275,283,260) (S 234,247,224) (S 647,224,223) (S 644,223,222) (S 232,222,221) (S 230,221,220) (S 616,201,200) (S 614,199,198) (D 0,1,1)
 0 1 21 9942 11445  42 (D 0,1,1) (S 229,219,241) (S 667,241,242) (S 214,242,201) (S 618,202,203) (S 620,203,204) (S 643,222,245) (S 672,245,246) (S 258,246,247) (S 674,247,261) (S 686,261,247) (S 260,247,248) (S 675,248,261) (S 276,261,285) (S 713,285,303) (S 322,303,328) (S 803,369,368) (S 802,368,369) (S 354,369,328) (S 352,328,327) (S 735,301,326) (S 350,326,327) (S 353,327,368) (S 801,368,367) (S 800,367,368) (S 386,366,365) (S 798,365,344) (S 782,344,324) (S 757,324,299) (S 316,299,298) (S 726,298,279) (S 708,280,298) (S 728,298,297) (S 725,297,322) (S 315,322,296) (S 703,278,295) (S 723,295,278) (S 253,278,241) (S 252,241,240) (S 666,240,239) (S 665,239,217) (D 0,1,1)
 0 1 22 9505 10594  33 (D 0,1,1) (S 612,1,195) (S 609,195,194) (S 173,194,160) (S 566,160,159) (S 155,159,144) (S 134,144,125) (S 133,125,126) (S 97,126,87) (S 76,87,68) (S 465,68,47) (S 440,47,26) (S 414,26,25) (S 412,25,26) (S 415,26,47) (S 52,46,47) (S 31,47,27) (S 417,27,48) (S 53,48,49) (S 444,49,70) (S 467,70,69) (S 77,69,88) (S 486,88,89) (S 487,89,70) (S 468,70,89) (S 488,89,109) (S 512,109,110) (S 514,110,109) (S 513,109,127) (S 136,127,146) (S 157,146,161) (S 174,161,162) (D 0,1,1)
 0 1 23 9996 11502  32 (D 0,1,1) (S 682,254,253) (S 285,270,269) (S 281,268,267) (S 282,267,309) (S 329,308,307) (S 306,306,288) (S 692,264,265) (S 693,265,229) (S 655,230,212) (S 626,210,187) (S 188,187,173) (S 574,173,152) (S 164,152,186) (S 597,186,173) (S 575,173,154) (S 559,154,140) (S 550,140,154) (S 560,154,173) (S 189,173,188) (S 600,188,189) (S 203,189,190) (S 223,213,214) (S 604,192,191) (S 632,213,212) (S 204,212,190) (S 584,177,158) (S 172,159,193) (S 606,193,192) (S 605,192,193) (S 607,193,194) (D 0,1,1)
