3504360
53
3608756
3226303
 0 1 1 24894 93413  35 (D 0,0,0) (S 471,731,732) (S 1194,731,42) (S 22,42,41) (S 554,845,846) (S 551,842,843) (S 578,843,849) (S 559,849,850) (S 574,849,867) (S 2465,866,2513) (S 2471,2513,2515) (S 2900,2515,473) (S 2484,473,2523) (S 292,473,472) (S 496,764,472) (S 497,472,765) (S 1924,2190,2191) (S 1928,2191,765) (S 1927,765,2191) (S 1926,2191,1812) (S 1925,2192,1812) (S 1929,1812,2193) (S 1447,1812,1811) (S 2433,2448,1811) (S 1446,1811,1810) (S 2424,1810,2487) (S 2369,1811,1811) (S 2432,1811,2448) (S 2370,2448,1817) (S 2328,1818,2433) (S 2327,1818,2432) (S 2326,2431,2432) (S 2368,2432,847) (S 555,842,846) (D 0,0,0)
 0 1 2 24942 80828  27 (D 0,0,0) (S 1580,179,1933) (S 2696,360,425) (S 1574,426,1927) (S 262,426,425) (S 446,425,698) (S 1190,698,1569) (S 1189,1568,1569) (S 2074,1569,1827) (S 1649,1989,1990) (S 2073,1990,1827) (S 1463,1827,1828) (S 2075,1569,695) (S 443,695,696) (S 444,696,350) (S 445,350,697) (S 1638,350,120) (S 1104,1466,120) (S 69,120,121) (S 210,342,350) (S 506,775,696) (S 2671,360,107) (S 216,107,359) (S 203,343,103) (S 2380,102,107) (S 217,107,360) (D 0,0,0)
 0 1 3 25000 79412  67 (D 0,0,0) (S 817,1155,1154) (S 821,1153,1146) (S 810,1145,247) (S 154,247,248) (S 2488,248,1782) (S 117,206,207) (S 981,1341,206) (S 1827,1342,1946) (S 1590,1946,1042) (S 711,1042,1043) (S 1591,1042,1947) (S 2595,1342,2582) (S 983,1342,206) (S 1601,206,1879) (S 1517,1879,1880) (S 527,806,807) (S 982,807,206) (S 1427,1800,320) (S 186,320,206) (S 2905,206,390) (S 240,390,391) (S 1762,1254,870) (S 580,870,871) (S 1325,1708,1707) (S 1409,1707,1148) (S 1765,1147,142) (S 79,142,139) (S 844,139,1181) (S 2804,1181,172) (S 2805,172,201) (S 114,201,202) (S 2608,1933,2591) (S 2101,2317,1177) (S 840,1177,1178) (S 2493,1178,2528) (S 2638,2528,2600) (S 2625,2600,2601) (S 2810,2601,1590) (S 1212,1589,1590) (S 2639,2608,2591) (S 2624,2591,2599) (S 2648,2599,1933) (S 745,179,1077) (S 1235,1612,176) (S 1252,176,615) (S 383,614,615) (S 1253,615,118) (S 1082,118,1168) (S 834,1168,1169) (S 3222,2819,1448) (S 1081,1448,1168) (S 1083,118,117) (S 65,116,115) (S 64,115,114) (S 2511,1175,2158) (S 2354,2158,2443) (S 2517,568,2535) (S 2510,2534,2157) (S 2449,172,2499) (S 2928,2499,2720) (S 2444,2499,323) (S 2767,2545,778) (S 1372,1743,1749) (S 1889,1749,874) (S 584,874,689) (D 0,0,0)
 0 1 4 24868 59494  56 (D 0,0,0) (S 928,1281,1280) (S 447,700,699) (S 3207,1429,2760) (S 535,818,789) (S 2281,2409,1202) (S 2999,737,2268) (S 2036,2268,2267) (S 2403,2471,1512) (S 1756,63,1515) (S 1270,1657,1656) (S 570,864,21) (S 11,21,20) (S 1512,123,1873) (S 187,321,322) (S 1852,322,2137) (S 1842,2137,2138) (S 1861,2138,123) (S 1511,1872,123) (S 2529,2544,821) (S 537,821,822) (S 2530,821,123) (S 70,122,123) (S 2834,123,1140) (S 2835,1140,76) (S 1566,1920,1921) (S 1593,1920,76) (S 2913,76,2717) (S 2916,76,2583) (S 2596,2583,1942) (S 1587,1942,1941) (S 1594,1941,1948) (S 1597,1948,609) (S 1753,609,1858) (S 1497,1857,1858) (S 1605,1955,609) (S 379,609,610) (S 1596,1949,609) (S 384,609,616) (S 1592,616,76) (S 571,76,21) (S 825,1159,21) (S 1611,864,1963) (S 1735,1963,2056) (S 1751,2056,2073) (S 3069,2775,864) (S 1140,1515,1514) (S 1312,1513,1020) (S 695,1019,1020) (S 1313,1020,455) (S 283,455,456) (S 475,739,738) (S 2061,738,737) (S 2487,737,2287) (S 2486,2525,2287) (D 0,0,0)
 0 1 5 24920 52096  55 (D 0,0,0) (S 863,939,700) (S 3035,2760,818) (S 1221,790,1600) (S 2239,2384,2383) (S 2311,2424,1204) (S 861,1204,1203) (S 860,1203,1202) (S 2282,2092,737) (S 569,737,862) (S 2095,862,2313) (S 567,862,150) (S 83,149,150) (S 568,150,863) (S 2023,150,2259) (S 2042,2277,2259) (S 2080,2259,2299) (S 2983,2299,2731) (S 2981,2731,2299) (S 2022,2259,1626) (S 1962,1626,2221) (S 2953,2221,2269) (S 2037,2269,2270) (S 2989,2270,1627) (S 2990,1627,2743) (S 1247,1627,1626) (S 1963,1626,2222) (S 2028,1626,1627) (S 2952,2731,151) (S 84,151,150) (S 2284,150,2410) (S 1113,1478,150) (S 2024,150,2260) (S 2052,2260,1795) (S 1422,1795,1796) (S 2051,1796,2281) (S 2312,2424,2396) (S 2342,1600,790) (S 1731,1429,1133) (S 794,1133,940) (S 654,940,959) (S 795,959,956) (S 656,956,955) (S 941,763,1297) (S 1833,2098,1280) (S 927,1280,1281) (S 935,1281,1290) (S 1175,1290,557) (S 1431,557,815) (S 1533,815,407) (S 533,815,814) (S 1626,1975,814) (S 973,1334,1281) (S 3064,2124,1250) (D 0,0,0)
 0 1 6 24890 76368  60 (D 0,0,0) (S 2667,689,2093) (S 1366,1744,1743) (S 1371,1743,778) (S 1874,2158,1175) (S 838,1175,1176) (S 1913,2176,2182) (S 3050,2182,1701) (S 1317,1701,1078) (S 746,1078,1077) (S 2801,1077,1551) (S 2723,1551,178) (S 1178,178,1556) (S 1640,178,179) (S 1320,179,1077) (S 2803,988,1078) (S 676,989,988) (S 2802,988,1077) (S 1319,1077,989) (S 1318,989,1078) (S 747,1078,114) (S 1331,1711,115) (S 1906,432,2177) (S 1903,2175,2078) (S 1185,666,1170) (S 841,1170,1179) (S 842,1179,1180) (S 1901,1179,916) (S 616,916,915) (S 1923,915,2189) (S 2375,2173,2189) (S 2376,2189,411) (S 251,411,412) (S 839,412,915) (S 1922,2188,915) (S 252,412,413) (S 2377,2452,413) (S 253,413,414) (S 254,414,415) (S 575,414,666) (S 423,666,358) (S 219,357,363) (S 211,351,317) (S 214,317,356) (S 526,356,804) (S 2130,804,1198) (S 3180,1198,2807) (S 2124,1198,2325) (S 2123,2325,51) (S 2352,2187,520) (S 2227,520,2377) (S 3022,2096,1944) (S 743,1075,1074) (S 748,1079,1074) (S 3147,1075,2753) (S 3018,2753,1943) (S 1588,1943,1944) (S 3020,1944,2096) (S 1785,2096,2081) (D 0,0,0)
 0 1 7 23427 63316  63 (D 0,0,0) (S 1056,1387,1420) (S 544,831,832) (S 1100,832,833) (S 1720,833,1247) (S 1710,1235,2039) (S 1718,2039,1235) (S 1698,2029,1235) (S 1709,1235,1820) (S 1459,1820,1821) (S 1708,1820,1604) (S 1224,1603,1604) (S 1225,1604,1605) (S 2185,1605,2040) (S 2186,2040,2047) (S 1724,2047,269) (S 3223,2565,899) (S 605,895,898) (S 2324,898,1861) (S 3179,1861,2219) (S 1953,2218,2219) (S 3210,2219,2212) (S 1935,2203,2196) (S 1931,2195,2196) (S 1944,2203,2212) (S 3211,2219,1449) (S 1085,1449,1450) (S 3138,1450,584) (S 2774,584,2661) (S 3137,2795,584) (S 1838,584,583) (S 2582,2576,1034) (S 1839,1034,583) (S 2181,2353,582) (S 362,582,583) (S 1894,583,537) (S 291,471,470) (S 2104,470,2319) (S 2359,2319,1271) (S 922,1271,1272) (S 3041,1272,927) (S 3017,2752,927) (S 627,927,926) (S 3005,926,1271) (S 3006,1271,1984) (S 1646,1984,1985) (S 1775,1985,803) (S 525,803,802) (S 3007,802,1984) (S 1776,1985,2088) (S 631,927,770) (S 649,932,954) (S 632,932,770) (S 502,770,771) (S 1740,771,729) (S 470,729,730) (S 2345,730,1935) (S 1583,1935,1934) (S 2344,1934,773) (S 1674,773,2012) (S 2745,2012,2427) (S 1058,211,566) (D 0,0,0)
 0 1 8 24992 45961  79 (D 0,0,0) (S 1818,608,275) (S 1815,275,1517) (S 1143,1517,1518) (S 377,606,212) (S 3113,212,937) (S 3139,937,2796) (S 3155,2796,1804) (S 1437,1804,1805) (S 637,937,936) (S 1556,936,634) (S 1555,634,920) (S 619,920,511) (S 1557,653,1896) (S 1536,1896,405) (S 249,404,405) (S 279,405,451) (S 1535,1895,451) (S 400,451,445) (S 2233,219,1454) (S 1749,2070,2071) (S 1747,2069,1454) (S 1103,1454,1333) (S 972,1333,792) (S 1460,1091,1822) (S 1784,1091,791) (S 517,791,792) (S 2747,792,219) (S 408,644,643) (S 415,644,655) (S 1390,655,659) (S 417,659,658) (S 1380,658,1759) (S 1644,1759,204) (S 116,204,205) (S 978,205,651) (S 1167,651,1543) (S 2815,1543,1273) (S 923,1273,1274) (S 2943,2727,1274) (S 1633,1274,650) (S 1628,1339,5) (S 3,5,6) (S 993,6,1356) (S 980,1339,1338) (S 979,1338,205) (S 410,651,650) (S 429,650,677) (S 409,650,643) (S 403,643,644) (S 1629,644,1759) (S 1582,1759,1542) (S 1164,1542,1117) (S 782,1117,1116) (S 1615,1966,1116) (S 1584,1116,1936) (S 781,1116,1114) (S 780,1114,1115) (S 1382,1114,245) (S 139,245,244) (S 258,244,421) (S 1359,1735,1734) (S 1358,1734,908) (S 613,908,909) (S 813,909,1151) (S 1578,1151,1803) (S 1432,1803,617) (S 1156,1534,817) (S 534,817,816) (S 1568,816,57) (S 939,56,213) (S 120,213,212) (S 1791,606,274) (S 158,274,275) (S 378,608,607) (S 1809,2118,2117) (S 1808,2117,437) (S 270,437,438) (D 0,0,0)
 0 1 9 24980 50991  58 (D 0,0,0) (S 266,265,433) (S 267,433,155) (S 2694,155,2637) (S 1267,155,1654) (S 2440,762,939) (S 640,939,940) (S 2314,2006,2091) (S 1780,2091,2092) (S 3024,2092,2756) (S 2118,862,2281) (S 2117,2281,1681) (S 2116,2322,1681) (S 1295,1681,1680) (S 2026,1680,2261) (S 2651,2261,2059) (S 1738,2059,2060) (S 2657,2616,2261) (S 2650,2614,2261) (S 2658,2261,2617) (S 2027,2261,1747) (S 1915,1747,1748) (S 1369,1748,1747) (S 1368,1747,1746) (S 1916,1746,1747) (S 1294,1679,1680) (S 2025,1680,2260) (S 1114,150,862) (S 2283,862,737) (S 1849,1203,2141) (S 2600,2141,2409) (S 2437,1887,2398) (S 2680,2627,2397) (S 2257,2397,2398) (S 1525,1887,1354) (S 991,1354,1355) (S 2261,1355,2402) (S 2280,2402,2409) (S 2601,2141,2424) (S 2256,2396,2383) (S 2756,2384,2213) (S 2749,2213,1124) (S 2750,1124,170) (S 96,170,145) (S 81,145,146) (S 787,1124,1125) (S 788,1125,1126) (S 2873,1126,337) (S 2260,338,2401) (S 2448,2401,2501) (S 198,338,337) (S 1947,1125,2213) (S 1946,2213,790) (S 2842,699,2557) (S 2014,763,819) (S 904,819,1250) (S 903,1250,1249) (D 0,0,0)
 0 1 10 24857 66461  70 (D 0,0,0) (S 2720,1776,689) (S 2499,874,2530) (S 2841,2223,2696) (S 1966,2223,2224) (S 1965,2223,2185) (S 3154,2185,2802) (S 1920,2185,2186) (S 2503,2186,1503) (S 2764,1503,2061) (S 2098,2315,2061) (S 1739,2061,2062) (S 2532,2061,2275) (S 2040,2275,2276) (S 2531,2275,1503) (S 1055,1419,1387) (S 1022,1387,828) (S 2017,1397,2254) (S 3106,2254,1408) (S 1040,1406,993) (S 678,992,993) (S 3038,1406,1407) (S 1041,1407,1408) (S 1033,1397,263) (S 1071,263,1234) (S 278,450,449) (S 2049,2280,449) (S 277,449,448) (S 1706,448,2037) (S 1717,2037,2039) (S 1721,833,753) (S 486,753,715) (S 458,715,714) (S 611,758,484) (S 301,484,485) (S 2852,485,1962) (S 1609,1962,768) (S 2783,768,353) (S 434,353,684) (S 2361,684,2445) (S 435,684,685) (S 2540,685,2067) (S 1745,2067,2066) (S 2649,2066,2613) (S 3125,2613,354) (S 212,354,353) (S 1746,2067,2068) (S 1748,2068,759) (S 499,759,767) (S 500,767,768) (S 119,210,211) (S 2297,211,210) (S 1610,32,768) (S 501,768,769) (S 2187,768,1358) (S 958,1318,1319) (S 3176,1318,2790) (S 3126,2790,1255) (S 909,1255,1256) (S 3186,1256,1358) (S 998,1358,33) (S 917,1267,33) (S 2373,1268,2451) (S 918,1268,33) (S 18,33,32) (S 1621,31,566) (S 382,613,545) (S 2158,1852,1692) (S 1305,1692,1631) (D 0,0,0)
 0 1 11 13735 24625  39 (D 0,0,0) (S 2,1,2) (S 1790,1905,1249) (S 1540,1250,819) (S 536,819,820) (S 828,820,1162) (S 1201,1162,1577) (S 964,1326,1327) (S 969,1327,1330) (S 1542,1902,1903) (S 1914,1902,2183) (S 1777,2089,1330) (S 263,427,428) (S 968,428,1327) (S 965,1327,1328) (S 1384,1327,797) (S 1383,1762,797) (S 521,797,798) (S 1806,798,744) (S 479,744,745) (S 3072,745,2776) (S 3071,2776,1232) (S 895,1232,1241) (S 890,1231,1232) (S 2109,1232,1301) (S 944,1301,1291) (S 936,1291,1292) (S 2690,2508,2634) (S 2864,2634,2703) (S 2295,265,2417) (S 152,265,266) (S 2863,2704,265) (S 2988,265,2742) (S 1311,1697,1698) (S 3002,1698,2742) (S 1754,438,2075) (S 1755,2075,1) (S 1,1,0) (D 0,0,0)
 0 1 12 23993 49395  66 (D 0,0,0) (S 19,34,0) (S 2162,439,265) (S 1792,2102,581) (S 361,581,580) (S 1796,580,579) (S 360,579,578) (S 359,578,577) (S 2097,577,1599) (S 1220,1599,1598) (S 2892,1598,1595) (S 2090,1595,2308) (S 2341,2308,967) (S 662,967,966) (S 716,1051,966) (S 952,1049,1311) (S 1005,1311,619) (S 393,619,620) (S 598,620,887) (S 386,620,619) (S 1475,1727,1726) (S 1350,1725,1726) (S 1351,1726,1727) (S 1352,1727,1364) (S 729,1050,966) (S 1150,1526,1527) (S 3037,1527,1525) (S 1149,1525,82) (S 45,82,83) (S 2641,1526,10) (S 5,10,9) (S 1831,9,599) (S 371,599,593) (S 367,593,594) (S 376,605,592) (S 855,593,1192) (S 370,593,598) (S 375,598,604) (S 1274,604,1660) (S 2975,1660,191) (S 107,191,190) (S 1666,190,514) (S 365,587,588) (S 2893,587,231) (S 133,231,195) (S 109,195,194) (S 318,194,514) (S 317,514,513) (S 1121,513,66) (S 2262,66,2403) (S 35,62,61) (S 34,61,60) (S 957,60,1317) (S 1161,1538,1530) (S 1153,1530,1531) (S 1853,1531,1317) (S 2881,62,2404) (S 2263,2404,2403) (S 2865,2403,1594) (S 1215,1594,1595) (S 2935,1595,2714) (S 2936,2631,192) (S 2692,562,2636) (S 2861,2702,2332) (S 2136,2332,797) (D 0,0,0)
 0 1 13 24818 83153  56 (D 0,0,0) (S 971,1331,1080) (S 333,535,536) (S 1483,1841,1732) (S 1357,1732,1733) (S 1482,1732,1840) (S 2182,1840,2354) (S 1481,1840,1839) (S 2046,2278,1839) (S 1480,1839,1838) (S 2698,1838,2282) (S 2121,2324,2273) (S 2039,2273,2274) (S 2507,2273,2323) (S 2674,2323,14) (S 7,14,13) (S 2622,13,2597) (S 2673,2626,2323) (S 2119,2323,1717) (S 1340,1716,1717) (S 2120,1717,2273) (S 2200,2324,2271) (S 2201,2271,859) (S 564,858,859) (S 2525,860,2541) (S 565,860,859) (S 2038,2271,1838) (S 2708,1838,2642) (S 2697,2639,1838) (S 2757,1838,2658) (S 2760,2659,1838) (S 2707,1838,2282) (S 2108,2282,1977) (S 1631,1977,1840) (S 1632,1840,1978) (S 2562,2560,2279) (S 2557,2558,2279) (S 2558,2279,1840) (S 2559,1840,1977) (S 2560,1977,2111) (S 2561,2111,2559) (S 1802,2111,2110) (S 1801,2109,2110) (S 2053,2110,2282) (S 2506,2282,2324) (S 2199,2363,2324) (S 2122,2324,2282) (S 2519,2282,1977) (S 1630,1977,1763) (S 1385,1763,1731) (S 1356,1730,1731) (S 1386,1731,1764) (S 2644,2610,1764) (S 2814,1765,2685) (S 472,733,734) (D 0,0,0)
 0 1 14 24908 44647  84 (D 0,0,0) (S 1120,66,1486) (S 1152,1486,1529) (S 1276,1529,1662) (S 2180,1662,1533) (S 1155,1533,40) (S 21,40,39) (S 1144,39,1519) (S 1172,1519,101) (S 62,100,112) (S 1169,112,1545) (S 3119,1545,1635) (S 1254,1635,1634) (S 2019,1634,1062) (S 260,424,423) (S 259,423,422) (S 2005,422,1892) (S 1531,1892,1893) (S 1272,1659,1647) (S 1262,1647,1648) (S 1836,1648,515) (S 319,515,516) (S 2011,1648,1893) (S 1532,1893,1062) (S 44,81,80) (S 61,111,80) (S 3114,81,2730) (S 2951,2730,2392) (S 2251,2392,1062) (S 732,1062,424) (S 2041,424,94) (S 53,93,94) (S 54,94,95) (S 237,386,387) (S 582,386,872) (S 1956,872,1987) (S 1648,1987,1988) (S 1967,1988,287) (S 1968,287,1333) (S 165,287,288) (S 1465,288,1830) (S 1730,2052,1830) (S 1464,1829,1830) (S 1466,288,1823) (S 1461,1823,1824) (S 1467,1824,1091) (S 756,1091,1090) (S 1778,1090,2090) (S 1470,1831,1832) (S 2334,1832,2438) (S 3146,2438,997) (S 180,308,309) (S 2335,309,2439) (S 680,997,996) (S 2429,996,1054) (S 1053,624,1138) (S 799,1138,1139) (S 2285,1836,1980) (S 2093,2311,825) (S 540,825,388) (S 238,388,389) (S 2127,389,1535) (S 2115,1850,2321) (S 2634,2321,1361) (S 1002,1361,1362) (S 1182,1559,536) (S 1181,535,1081) (S 2843,1287,2364) (S 2844,2364,2524) (S 2845,2524,2074) (S 1752,2074,444) (S 273,443,442) (S 2205,442,2027) (S 2204,2027,2364) (S 2556,2364,442) (S 2781,442,463) (S 287,463,464) (S 1694,2027,1252) (S 2234,1283,219) (S 1231,219,800) (S 1233,1610,1611) (S 3065,1250,2118) (S 2462,2117,437) (D 0,0,0)
 0 1 15 24951 54835  64 (D 0,0,0) (S 1222,1560,633) (S 1505,512,1734) (S 1620,1735,1972) (S 2987,1972,421) (S 1619,1969,1971) (S 1625,1971,1968) (S 1627,1967,1274) (S 997,1214,1357) (S 2811,1357,2664) (S 2400,835,2467) (S 2406,2473,2467) (S 2002,1475,2241) (S 1725,2048,2049) (S 3120,2049,2240) (S 1987,2240,2241) (S 1110,1475,835) (S 1111,835,1476) (S 37,67,68) (S 3104,68,67) (S 3091,67,58) (S 2940,2726,2328) (S 2133,2328,2329) (S 3101,2329,2782) (S 3089,2329,2722) (S 3088,2722,2780) (S 2931,2722,1128) (S 792,1132,1128) (S 1986,2239,1127) (S 789,1128,1129) (S 3087,1129,68) (S 3099,68,2721) (S 2930,2721,1128) (S 3098,2722,2726) (S 2939,2726,59) (S 33,59,58) (S 1882,67,1476) (S 546,835,834) (S 1617,834,893) (S 602,893,892) (S 992,892,37) (S 20,37,38) (S 529,811,810) (S 1008,810,1368) (S 2006,805,1368) (S 887,1228,1227) (S 2807,1227,1228) (S 995,1228,1214) (S 1548,1214,1313) (S 1598,1313,1950) (S 954,1313,1312) (S 3084,1312,2500) (S 2447,2500,4) (S 2469,3,2083) (S 1976,2232,2083) (S 1770,2083,2082) (S 2776,2082,2663) (S 2000,2246,1214) (S 2816,1543,2486) (S 1426,1799,1274) (S 1618,1969,1970) (S 1179,1557,1111) (S 1982,1111,1567) (D 0,0,0)
 0 1 16 22903 47882  64 (D 0,0,0) (S 1668,1204,2006) (S 1779,2006,2091) (S 2310,2091,2287) (S 2063,2287,2288) (S 2062,2287,737) (S 3000,737,1508) (S 2875,2691,570) (S 355,570,571) (S 2840,1875,75) (S 2839,75,1785) (S 1414,1785,1786) (S 2838,2695,1785) (S 41,75,74) (S 3216,74,2087) (S 3217,2779,597) (S 3122,597,590) (S 2751,589,2086) (S 80,144,143) (S 95,169,143) (S 85,144,152) (S 2250,152,2086) (S 1774,2086,2087) (S 3215,2087,2779) (S 3083,2779,2709) (S 2876,2709,2605) (S 2632,2605,303) (S 177,303,302) (S 2643,302,2472) (S 2404,2472,1512) (S 1757,1512,63) (S 36,63,64) (S 1440,1703,1807) (S 1322,1703,64) (S 1321,64,1702) (S 1433,1702,1704) (S 989,1350,1349) (S 1003,1349,573) (S 356,573,572) (S 2405,2472,572) (S 1134,1506,1507) (S 2277,2405,127) (S 3021,2405,1508) (S 1135,1508,1507) (S 3025,1507,1508) (S 3001,1508,2465) (S 2399,2465,2466) (S 2922,2466,2691) (S 2422,2483,2482) (S 1514,1875,571) (S 1145,571,1520) (S 2029,1520,1506) (S 3026,1506,1507) (S 2568,1507,738) (S 474,738,737) (S 2313,2092,2091) (S 2240,1600,2214) (S 2241,2214,2385) (S 2734,2385,1463) (S 1098,1463,787) (S 515,787,788) (S 1945,788,790) (S 516,790,789) (D 0,0,0)
 0 1 17 24887 85514  48 (D 0,0,0) (S 1528,1387,1891) (S 3044,2249,1101) (S 3043,1101,2764) (S 3196,1914,2764) (S 2384,1101,1102) (S 766,1102,1101) (S 2009,2249,2250) (S 2055,2250,1891) (S 2132,2327,2112) (S 2291,2112,1030) (S 702,1030,678) (S 430,678,679) (S 2828,679,1029) (S 700,1029,1028) (S 699,1028,1027) (S 2960,1027,1541) (S 160,278,279) (S 1163,279,1541) (S 2959,1541,1480) (S 2958,1480,693) (S 1489,1849,694) (S 442,694,693) (S 2385,2458,693) (S 1115,1480,1481) (S 1663,1993,2001) (S 1653,1993,1481) (S 1661,1992,1998) (S 1660,1997,1992) (S 1652,1992,1481) (S 1116,1481,1482) (S 2219,1482,2216) (S 2539,775,350) (S 1949,775,2216) (S 2218,1482,2000) (S 2217,2000,2372) (S 2586,2372,2578) (S 2808,2680,2569) (S 2576,2569,2570) (S 2585,2569,2578) (S 2809,2578,905) (S 697,1024,904) (S 610,904,906) (S 725,1056,906) (S 724,906,1027) (S 2851,648,2219) (S 3178,1861,898) (D 0,0,0)
 0 1 18 25000 76538  71 (D 0,0,0) (S 1021,828,263) (S 650,263,264) (S 145,255,246) (S 140,246,247) (S 141,247,248) (S 2489,248,1340) (S 2490,1340,2423) (S 2308,2423,242) (S 2170,243,249) (S 849,299,1188) (S 2307,1188,242) (S 138,242,243) (S 2169,243,2351) (S 2491,2351,2526) (S 2902,70,2715) (S 2904,2715,2489) (S 901,1248,1038) (S 710,1039,1041) (S 2012,2077,2251) (S 1579,1931,1932) (S 2021,1932,2258) (S 3032,2258,2255) (S 2018,2255,1059) (S 728,1059,766) (S 3028,2748,1321) (S 967,1322,1329) (S 961,1322,1321) (S 498,490,766) (S 2010,1931,2251) (S 1759,2077,1041) (S 708,1039,1038) (S 902,1248,49) (S 27,49,48) (S 882,48,1222) (S 886,1222,1226) (S 1766,1226,2079) (S 2427,2079,2489) (S 2428,2489,50) (S 864,1206,51) (S 773,51,70) (S 38,70,69) (S 1284,1672,69) (S 2731,69,636) (S 397,636,635) (S 1462,1825,1826) (S 2732,69,2648) (S 1285,69,640) (S 679,640,185) (S 668,186,976) (S 2729,2647,2035) (S 2730,2647,640) (S 2015,2252,640) (S 401,640,641) (S 402,641,642) (S 2901,641,2715) (S 774,70,69) (S 2903,70,1220) (S 880,1220,1221) (S 881,1221,390) (S 1407,390,1782) (S 2394,1782,870) (S 1763,871,1708) (S 1764,1708,1147) (S 808,1147,1148) (S 809,1148,247) (S 806,1145,1146) (S 2179,1146,2352) (S 2303,2352,1154) (S 2349,1155,2344) (D 0,0,0)
 0 1 19 24921 63751  61 (D 0,0,0) (S 630,930,660) (S 420,662,663) (S 1428,1801,663) (S 2007,663,329) (S 1361,330,1737) (S 192,330,329) (S 191,328,329) (S 199,329,339) (S 601,339,395) (S 242,395,394) (S 2254,2394,394) (S 2631,392,385) (S 236,385,307) (S 179,306,307) (S 2255,394,1233) (S 1490,1233,1549) (S 1173,1548,1549) (S 2381,1550,2455) (S 2382,1521,2456) (S 1146,1521,1522) (S 547,836,165) (S 231,378,379) (S 1613,1964,378) (S 1614,378,1965) (S 3094,1965,158) (S 466,158,727) (S 587,727,420) (S 257,419,420) (S 469,727,158) (S 1856,158,163) (S 801,1141,1136) (S 797,1135,1136) (S 91,163,162) (S 1858,162,2145) (S 1857,162,2144) (S 2979,2144,99) (S 56,98,99) (S 1855,158,47) (S 1854,47,1965) (S 2409,1965,30) (S 1122,1488,36) (S 1112,36,1477) (S 2407,1477,1488) (S 2408,1488,30) (S 15,29,28) (S 6,11,12) (S 3149,12,46) (S 25,46,29) (S 31,29,30) (S 16,30,29) (S 32,29,28) (S 428,28,158) (S 88,158,8) (S 4,7,8) (S 489,158,307) (S 235,307,384) (S 1841,384,1548) (S 2245,1548,393) (S 241,393,394) (D 0,0,0)
 0 1 20 24966 71560  61 (D 0,0,0) (S 1647,211,1986) (S 2740,1986,750) (S 2741,750,2651) (S 2739,2651,2382) (S 2742,2382,2651) (S 2238,2348,2116) (S 2135,2116,1882) (S 1521,1882,1883) (S 1807,1882,2116) (S 344,550,551) (S 1513,551,1874) (S 1878,2163,2162) (S 1880,2162,2164) (S 3033,2672,2670) (S 2545,2131,2227) (S 1176,1555,1554) (S 1266,1653,1554) (S 1972,1555,2227) (S 1830,2131,533) (S 332,533,534) (S 2592,534,1918) (S 1562,1918,1570) (S 1191,1570,1571) (S 1558,1571,1912) (S 3220,1912,2669) (S 2787,2669,2670) (S 2790,2672,2076) (S 1758,2076,1620) (S 1243,1620,1621) (S 2175,1621,2164) (S 1879,2163,1066) (S 75,136,137) (S 2623,136,1076) (S 744,1076,1067) (S 735,1067,1066) (S 3093,2163,1874) (S 2163,1874,2347) (S 2084,1874,2116) (S 2164,2348,2306) (S 2235,2306,2381) (S 2236,2381,748) (S 482,748,749) (S 483,749,750) (S 2837,2654,1973) (S 2846,1973,2654) (S 2738,750,2427) (S 2316,2427,2426) (S 2315,2425,2426) (S 2332,2426,2063) (S 1741,2063,774) (S 1217,774,729) (S 505,774,773) (S 504,773,210) (S 503,772,210) (S 2343,210,32) (S 17,32,31) (S 2553,2556,31) (S 2701,1352,613) (S 999,613,545) (D 0,0,0)
 0 1 21 24762 69410  55 (D 0,0,0) (S 657,953,961) (S 2759,236,591) (S 681,591,468) (S 290,468,469) (S 1999,468,591) (S 1998,591,1008) (S 1004,1363,1008) (S 2725,884,1401) (S 1057,1401,1421) (S 1060,1401,1400) (S 1989,1400,168) (S 94,168,166) (S 1864,166,2149) (S 2973,2334,1865) (S 1504,1865,239) (S 136,239,238) (S 1434,238,1500) (S 1130,1500,1499) (S 1137,1510,1511) (S 2914,1869,1468) (S 1472,238,1833) (S 3209,1833,1058) (S 727,1058,167) (S 93,167,166) (S 1866,166,1423) (S 1036,1400,1401) (S 1037,1401,1402) (S 2724,884,1008) (S 688,1008,1007) (S 703,1007,591) (S 366,591,236) (S 720,236,736) (S 473,736,735) (S 2209,2365,735) (S 593,883,882) (S 1563,882,1467) (S 1105,982,1467) (S 2910,882,2603) (S 2628,2603,1399) (S 1035,1399,555) (S 347,555,554) (S 346,554,553) (S 2605,2533,2589) (S 1516,1877,1878) (S 2606,1877,2589) (S 1623,1973,566) (S 343,549,548) (S 1087,1452,1453) (S 2177,1462,1315) (S 956,1315,1316) (S 1851,2142,223) (S 916,978,1266) (S 2112,2311,2119) (D 0,0,0)
 0 1 22 24955 57437  70 (D 0,0,0) (S 2971,817,1735) (S 777,421,1111) (S 1973,1110,2228) (S 1166,1543,1214) (S 1367,1214,1745) (S 3090,2781,2683) (S 2812,2683,1745) (S 60,109,110) (S 1994,110,416) (S 295,417,476) (S 255,417,416) (S 2401,1479,835) (S 2309,835,221) (S 3086,221,96) (S 55,96,97) (S 1141,96,781) (S 510,781,222) (S 127,222,221) (S 960,68,290) (S 959,1320,290) (S 329,290,530) (S 328,530,529) (S 2188,2356,529) (S 327,529,528) (S 1984,2238,528) (S 331,531,532) (S 330,531,528) (S 790,528,676) (S 491,676,757) (S 490,756,757) (S 2189,757,529) (S 168,290,291) (S 169,291,292) (S 461,291,718) (S 462,718,719) (S 1695,2028,718) (S 1696,718,2011) (S 1673,2011,2010) (S 2880,68,675) (S 166,68,289) (S 167,289,290) (S 1690,289,2011) (S 1691,2011,2023) (S 1689,2023,2024) (S 1688,2023,2022) (S 2877,2022,780) (S 509,780,779) (S 3171,779,809) (S 528,809,808) (S 2574,2568,808) (S 3150,809,2388) (S 2243,2388,2389) (S 2886,2710,2022) (S 2878,2022,2010) (S 2879,2010,68) (S 126,68,221) (S 994,834,1228) (S 1168,1544,1213) (S 874,1213,1208) (S 867,1208,1209) (S 931,1209,1273) (S 1995,1970,2228) (S 776,1110,1111) (S 1188,1567,921) (S 2872,921,923) (S 622,923,618) (S 385,618,617) (S 1445,1534,633) (D 0,0,0)
 0 1 23 24987 85016  72 (D 0,0,0) (S 39,70,51) (S 885,1207,1223) (S 706,1036,1035) (S 914,1263,1262) (S 1406,1781,1780) (S 659,963,799) (S 522,799,794) (S 518,794,793) (S 658,793,962) (S 963,962,1325) (S 966,1325,631) (S 394,630,631) (S 712,1044,1045) (S 3092,1045,1780) (S 3121,1781,2257) (S 707,1036,1037) (S 2944,1037,1230) (S 889,1230,521) (S 322,521,522) (S 883,522,1223) (S 3226,1207,1224) (S 1575,1225,1928) (S 884,1225,1224) (S 866,1207,352) (S 865,352,51) (S 2386,2459,2325) (S 2125,1198,226) (S 130,226,227) (S 129,226,225) (S 2348,225,351) (S 2347,351,857) (S 731,856,1061) (S 730,1060,856) (S 563,856,857) (S 623,377,924) (S 996,934,256) (S 1339,256,1715) (S 2661,1496,1715) (S 2663,1856,1109) (S 1493,1109,1855) (S 1492,1854,1855) (S 2635,1855,1158) (S 921,979,1270) (S 824,979,1158) (S 823,1158,1109) (S 3095,1109,980) (S 3096,980,258) (S 541,258,826) (S 2664,1109,2619) (S 1494,1109,1856) (S 2678,1856,258) (S 148,258,257) (S 1280,257,1668) (S 1282,1668,1670) (S 1337,1714,1670) (S 1338,1670,256) (S 146,256,252) (S 143,252,251) (S 1159,377,861) (S 566,861,232) (S 134,232,233) (S 1154,1532,233) (S 634,351,317) (S 633,317,352) (S 862,52,1205) (S 908,391,1254) (S 1955,1148,1196) (S 857,1195,1196) (S 2176,255,15) (S 131,15,17) (D 0,0,0)
 0 1 24 24902 46576  64 (D 0,0,0) (S 271,438,439) (S 520,265,797) (S 2688,745,2633) (S 2862,2633,2702) (S 1218,1593,193) (S 2899,2714,2403) (S 677,990,991) (S 2275,991,66) (S 675,65,987) (S 1539,1900,1901) (S 543,829,830) (S 1655,829,1901) (S 2779,1900,987) (S 2974,987,2738) (S 2978,2738,2737) (S 2970,2737,513) (S 2961,1309,1246) (S 2962,1246,2734) (S 899,1246,1245) (S 2848,2697,1245) (S 2849,1245,1308) (S 118,208,209) (S 178,208,304) (S 220,364,189) (S 105,187,188) (S 106,188,189) (S 2758,408,304) (S 1329,304,418) (S 256,418,208) (S 1257,208,1640) (S 1258,1640,1641) (S 74,135,134) (S 2976,134,2698) (S 1545,1308,133) (S 948,1307,133) (S 1546,133,1906) (S 949,133,1308) (S 2850,1308,2698) (S 2977,2698,1642) (S 1259,1642,1643) (S 2938,1643,2725) (S 2972,2725,1649) (S 1263,1649,1309) (S 2929,1309,513) (S 1086,513,1309) (S 1544,1309,1308) (S 950,1308,1309) (S 2957,513,2209) (S 2956,2733,2209) (S 1941,2209,1616) (S 1240,1616,1617) (S 2888,1616,514) (S 2684,195,192) (S 108,192,193) (S 1214,1593,104) (S 57,104,105) (S 351,562,563) (S 358,563,576) (S 2689,2508,1292) (S 937,1292,1193) (S 856,1193,1194) (S 2336,1194,797) (D 0,0,0)
 0 1 25 24228 75159  63 (D 0,0,0) (S 519,795,796) (S 1782,1744,621) (S 2617,2340,2571) (S 2577,2571,2370) (S 2215,2370,723) (S 464,723,724) (S 2225,2376,724) (S 451,704,707) (S 1287,1674,707) (S 457,707,645) (S 2288,2095,645) (S 404,645,646) (S 2106,646,1960) (S 2105,2320,1960) (S 1607,1960,1416) (S 1608,1416,1961) (S 1051,1415,1416) (S 1052,1416,647) (S 3073,649,2406) (S 3074,2406,2777) (S 2278,2406,2407) (S 407,649,648) (S 2294,648,2219) (S 1958,2219,2211) (S 1938,2207,2200) (S 1933,2199,2200) (S 1943,2207,2211) (S 1954,2219,2197) (S 1932,2197,2198) (S 1396,1772,1738) (S 1726,2050,1629) (S 1248,1628,1629) (S 1863,2148,1845) (S 1486,1845,1846) (S 3198,1845,2812) (S 2442,2148,1629) (S 1893,2050,2167) (S 1835,2134,1739) (S 3188,1772,2810) (S 1961,1772,2198) (S 1934,2201,2202) (S 3212,2202,2817) (S 1959,2201,2219) (S 2323,2219,1861) (S 2718,1861,2416) (S 2293,2415,2416) (S 1502,1862,1863) (S 1503,1862,1864) (S 3189,1871,1583) (S 1713,2042,1583) (S 3151,1583,1582) (S 3185,1582,1609) (S 2768,2507,2506) (S 2459,2506,2507) (S 3049,2507,1409) (S 1045,1409,1410) (S 1676,1410,2013) (S 156,270,269) (S 275,446,447) (S 896,447,1242) (S 3075,459,831) (D 0,0,0)
 0 1 26 24979 67525  65 (D 0,0,0) (S 2722,2644,178) (S 1641,178,177) (S 2685,177,2630) (S 2686,2630,2629) (S 2681,2629,2628) (S 2687,2628,2632) (S 2800,1551,2630) (S 2799,2630,1612) (S 1234,1612,118) (S 3168,119,2805) (S 68,119,118) (S 67,118,117) (S 2088,2305,117) (S 1084,117,431) (S 265,431,432) (S 1904,2177,2178) (S 1905,2178,2175) (S 1911,2175,917) (S 835,917,1171) (S 2374,1171,2173) (S 1900,2173,916) (S 617,916,917) (S 1912,917,1173) (S 837,1173,1174) (S 1761,1174,2078) (S 1902,2078,2174) (S 2171,2174,2161) (S 1877,2161,478) (S 1192,478,1572) (S 296,478,477) (S 597,477,886) (S 2676,886,2133) (S 2677,2133,1856) (S 2662,1856,1715) (S 1496,1715,295) (S 172,295,285) (S 164,285,286) (S 1820,286,1495) (S 422,286,358) (S 215,358,357) (S 2110,357,363) (S 1454,1815,363) (S 1455,363,1536) (S 1158,1536,377) (S 722,377,351) (S 2128,226,310) (S 181,310,311) (S 2129,311,804) (S 1277,1198,355) (S 28,51,52) (S 907,1205,391) (S 2478,391,390) (S 239,390,206) (S 2003,206,2247) (S 2395,2247,1782) (S 1408,1782,1707) (S 155,247,268) (S 2546,268,1146) (S 818,1153,1154) (S 816,1154,1155) (S 2887,2344,1387) (S 615,913,914) (S 1550,1753,1502) (D 0,0,0)
 0 1 27 24994 59694  85 (D 0,0,0) (S 2350,1832,2310) (S 2092,2310,996) (S 390,624,625) (S 389,624,623) (S 2178,623,1137) (S 1077,1137,716) (S 459,716,708) (S 579,708,716) (S 1881,716,2121) (S 1812,2121,1816) (S 1456,1816,777) (S 2945,777,777) (S 508,777,778) (S 2771,778,2545) (S 1132,1503,1502) (S 1549,1753,1907) (S 1551,913,1437) (S 1023,1387,1388) (S 1736,2057,2058) (S 1737,2058,2055) (S 1734,2055,1032) (S 704,1032,1033) (S 2292,1033,1719) (S 1343,1719,1154) (S 1346,1719,1722) (S 2078,1722,1153) (S 815,1153,1154) (S 2304,2352,2422) (S 2660,2422,2080) (S 822,1157,1146) (S 811,1145,1149) (S 820,1149,299) (S 175,299,249) (S 173,249,296) (S 2068,2285,2293) (S 2057,2285,2054) (S 1733,2054,296) (S 1732,2053,296) (S 819,1156,249) (S 142,249,250) (S 2549,250,2553) (S 2548,250,1189) (S 851,1189,299) (S 850,299,1189) (S 2547,1189,1146) (S 1767,1157,2080) (S 1768,2080,264) (S 2859,264,2700) (S 2858,2700,1021) (S 2417,1021,2013) (S 2416,2013,271) (S 2571,271,2030) (S 1699,2030,2031) (S 1204,1582,1581) (S 1203,1581,1580) (S 1209,1580,129) (S 512,129,782) (S 2817,782,2686) (S 206,129,346) (S 2806,2678,346) (S 511,129,348) (S 2770,348,2505) (S 2856,2505,1607) (S 2855,1607,1580) (S 2885,1580,1607) (S 1229,1607,1608) (S 2921,1608,2506) (S 2769,2506,2505) (S 2458,2505,2506) (S 1230,1608,1609) (S 1727,1582,2051) (S 1207,1582,1581) (S 1208,1581,1580) (S 2884,1607,2505) (S 2883,2505,1021) (S 2857,1021,2505) (S 208,348,347) (S 1395,347,1771) (S 2418,1771,1021) (S 2882,1021,264) (S 2153,264,827) (S 2154,827,2344) (S 1073,1387,1437) (D 0,0,0)
 0 1 28 24973 65118  72 (D 0,0,0) (S 1814,265,2122) (S 1813,2122,1652) (S 86,155,148) (S 82,148,147) (S 1843,147,819) (S 1206,1584,1579) (S 1202,1579,1578) (S 2144,2184,2291) (S 2067,2290,2291) (S 1918,2184,1578) (S 2013,1584,819) (S 932,1286,1285) (S 2598,1285,1337) (S 2621,1337,2596) (S 2620,2595,1337) (S 977,1337,1336) (S 1293,1336,1601) (S 1223,1601,1602) (S 1228,1602,952) (S 648,952,953) (S 2193,2358,236) (S 721,236,1055) (S 1389,1055,1766) (S 1424,1797,1798) (S 1804,2115,2114) (S 691,1013,1014) (S 2296,2114,2418) (S 2425,2418,501) (S 310,501,500) (S 308,499,498) (S 307,497,498) (S 1010,499,1369) (S 1612,1258,1261) (S 913,1261,1260) (S 2587,2579,1260) (S 912,1258,1259) (S 1009,1259,1369) (S 309,499,500) (S 1624,1974,1973) (S 1622,566,549) (S 990,1351,1352) (S 1837,613,1286) (S 2589,1286,2581) (S 2711,2581,1306) (S 2712,1306,1678) (S 1292,1678,1336) (S 2796,1336,1337) (S 2618,1337,2517) (S 2475,2517,458) (S 284,457,458) (S 2619,1336,2594) (S 1012,1336,1372) (S 2330,2429,1304) (S 946,1304,1305) (S 947,1305,1306) (S 2337,1286,1424) (S 1063,1424,1425) (S 2573,1426,1106) (S 771,1106,1107) (S 2159,1107,1718) (S 1452,1718,545) (S 1449,1813,545) (S 1453,545,1814) (S 1088,1453,1314) (S 955,1314,1315) (S 1323,1315,1257) (S 910,1257,224) (S 669,978,977) (S 2754,977,1266) (S 2113,1980,2311) (D 0,0,0)
 0 1 29 24864 67373  69 (D 0,0,0) (S 2030,739,1506) (S 3097,586,687) (S 465,725,726) (S 2483,726,2522) (S 2485,2522,687) (S 436,687,586) (S 373,601,602) (S 3031,2759,561) (S 636,711,935) (S 718,935,1053) (S 1438,1806,912) (S 976,911,1335) (S 2822,1335,2064) (S 1742,2064,556) (S 1744,2065,156) (S 1269,1655,156) (S 2413,156,2479) (S 2402,2468,2469) (S 2415,2468,2479) (S 87,156,157) (S 1026,157,1391) (S 2412,2476,2478) (S 2528,1460,2543) (S 1094,1460,1459) (S 1013,1373,1374) (S 2087,2123,2304) (S 1819,2123,1373) (S 2207,1373,1459) (S 2367,2447,1459) (S 2083,1459,2302) (S 2713,2643,2302) (S 2082,2302,2301) (S 2325,2301,1392) (S 1027,1392,1391) (S 323,156,523) (S 2460,523,556) (S 1743,556,2065) (S 2788,2065,2671) (S 2789,2671,1299) (S 942,1299,1298) (S 1487,1847,1848) (S 1520,1848,1298) (S 943,1299,1300) (S 2950,2729,2510) (S 2925,2511,1958) (S 1485,1843,1844) (S 1948,1844,1959) (S 1606,1959,1958) (S 2463,2511,2510) (S 2072,1300,230) (S 2331,230,556) (S 1816,2099,1916) (S 1561,1916,1917) (S 1573,1917,1916) (S 3003,2749,2007) (S 1669,2007,1806) (S 1439,1806,935) (S 638,711,938) (S 1348,938,1723) (S 1360,1723,1736) (S 2554,1736,560) (S 3048,2759,602) (S 364,586,585) (S 2980,585,596) (S 2923,152,2691) (S 3023,1508,2754) (S 3019,2754,737) (D 0,0,0)
 0 1 30 21803 85748  28 (D 0,0,0) (S 1677,2014,446) (S 3192,269,2615) (S 1216,1596,1574) (S 1195,1574,1575) (S 2653,1596,2033) (S 1783,2095,2094) (S 1803,2112,2113) (S 2289,2113,2413) (S 3118,2413,657) (S 416,656,657) (S 3117,657,1676) (S 3116,1676,2622) (S 3115,2786,2622) (S 2666,2622,1675) (S 2665,2621,1675) (S 1288,1675,1676) (S 1289,1676,680) (S 432,680,508) (S 433,508,681) (S 314,508,509) (S 315,509,510) (S 836,509,1172) (S 1291,1172,1677) (S 1290,1172,680) (S 431,680,679) (S 701,678,1029) (D 0,0,0)
 0 1 31 24729 53475  74 (D 0,0,0) (S 2693,2636,563) (S 714,1050,1049) (S 2969,1364,1047) (S 713,1047,1046) (S 1581,1046,517) (S 1354,517,1729) (S 2357,1729,1389) (S 2356,1389,1919) (S 2183,2355,1919) (S 2155,1919,374) (S 2393,365,2330) (S 2140,2331,1403) (S 1038,1403,1103) (S 767,1103,1095) (S 870,1095,1001) (S 683,1001,1000) (S 805,1000,1068) (S 951,1068,1310) (S 2268,1310,1068) (S 2276,1068,1103) (S 1884,1103,1403) (S 2141,1403,2335) (S 2267,2335,1103) (S 2270,1103,1000) (S 1681,1000,1001) (S 760,1001,1064) (S 736,1064,1068) (S 868,1068,1071) (S 740,1071,1064) (S 733,1064,1063) (S 741,1072,1073) (S 2253,1073,2393) (S 2272,1073,2152) (S 2271,2152,370) (S 226,371,372) (S 761,372,1064) (S 2269,1068,1000) (S 804,1000,1103) (S 1867,1103,1218) (S 2338,2337,2263) (S 2032,2263,2262) (S 2985,2262,2442) (S 2340,2442,300) (S 176,300,301) (S 2244,785,373) (S 228,374,365) (S 2156,365,2345) (S 2414,2345,1394) (S 2398,2464,1393) (S 1028,1393,1394) (S 221,365,366) (S 2184,366,1919) (S 1565,1919,1389) (S 1564,1389,1729) (S 1795,2103,2104) (S 1662,1999,575) (S 357,575,574) (S 2102,2318,1592) (S 1213,1592,1591) (S 2798,1591,2475) (S 2411,2474,2408) (S 2279,2408,2359) (S 2192,2359,2357) (S 2190,2357,1591) (S 2818,2318,574) (S 2704,1999,2104) (S 1793,2103,1756) (S 1376,1756,1755) (S 2339,2441,2390) (S 1794,1756,1728) (S 1353,1728,1729) (S 1006,1364,1311) (D 0,0,0)
 0 1 32 24975 67624  44 (D 0,0,0) (S 1642,177,176) (S 1643,176,503) (S 311,503,504) (S 1196,504,731) (S 1197,731,844) (S 552,844,41) (S 553,41,845) (S 3200,845,2736) (S 2965,2736,845) (S 2963,2735,1573) (S 3202,1573,2813) (S 2964,1573,845) (S 3201,845,1573) (S 1193,1573,42) (S 1227,42,41) (S 441,41,692) (S 440,692,88) (S 48,87,88) (S 49,88,86) (S 2949,84,692) (S 1379,692,1758) (S 1378,692,84) (S 47,84,86) (S 50,86,89) (S 51,89,85) (S 46,84,85) (S 3108,85,844) (S 3109,844,731) (S 3110,731,2769) (S 3053,2769,2770) (S 3054,2770,541) (S 338,541,175) (S 99,175,176) (S 100,176,177) (S 101,177,178) (S 1639,179,502) (S 97,172,138) (S 77,139,140) (S 3193,142,1196) (S 8,15,16) (S 3029,16,2700) (S 1964,2185,874) (D 0,0,0)
 0 1 33 24950 62875  81 (D 0,0,0) (S 1560,1611,1915) (S 2748,1610,2655) (S 125,219,220) (S 2566,1083,1624) (S 1264,1650,1625) (S 1249,1625,1630) (S 2165,1630,2233) (S 1892,1718,1286) (S 1370,1305,1372) (S 1341,1372,1678) (S 1347,1678,1372) (S 2319,1372,2429) (S 2320,2429,2430) (S 2656,2430,1464) (S 1474,1465,1834) (S 2543,1834,1166) (S 2392,1167,2463) (S 1099,1465,1464) (S 1131,1501,362) (S 218,362,361) (S 2599,2584,361) (S 1473,362,1464) (S 1273,1464,665) (S 421,665,664) (S 1847,664,2140) (S 1848,2140,1293) (S 938,1293,1294) (S 1846,664,293) (S 137,240,241) (S 170,241,293) (S 337,293,540) (S 103,182,183) (S 2588,183,2580) (S 2941,2580,2566) (S 2948,2566,2705) (S 2866,2705,2706) (S 2898,2706,2667) (S 2782,2666,2567) (S 2784,2567,2666) (S 2785,2666,2667) (S 2786,2667,2668) (S 2968,2707,2732) (S 2955,2732,2711) (S 1324,1705,1706) (S 2954,1706,2711) (S 2933,2711,2723) (S 2966,2723,2707) (S 2911,2707,2668) (S 2912,2668,538) (S 335,538,539) (S 2942,539,2566) (S 2947,2566,539) (S 336,539,540) (S 2203,540,182) (S 3111,182,2693) (S 2832,2693,2692) (S 2831,2692,294) (S 171,294,293) (S 2655,2430,1303) (S 1602,1303,1952) (S 2321,1952,1424) (S 1064,1425,1426) (S 1342,1426,1718) (S 2924,1718,1346) (S 987,1346,545) (S 340,544,545) (S 341,545,546) (S 2541,2142,1265) (S 915,1264,1265) (S 2114,1266,1980) (S 1636,1980,824) (S 539,824,825) (S 1250,1625,1631) (S 2550,1631,1082) (S 2157,1082,1080) (S 1985,1080,2236) (S 1980,2236,1288) (S 933,1288,1287) (S 3145,1249,437) (D 0,0,0)
 0 1 34 24989 72806  78 (D 0,0,0) (S 2259,2399,2400) (S 2642,2400,1904) (S 2266,978,223) (S 2004,1316,1671) (S 1283,1671,1558) (S 1180,1558,1462) (S 1308,1462,1453) (S 1307,1453,612) (S 381,612,545) (S 1000,1359,654) (S 1001,654,1360) (S 89,159,160) (S 609,160,903) (S 2830,903,2690) (S 2593,903,1359) (S 414,654,160) (S 90,160,161) (S 342,161,548) (S 2509,1973,2533) (S 2508,2533,2532) (S 2597,2532,2497) (S 755,1089,1088) (S 753,1088,1087) (S 764,1098,1087) (S 2222,553,500) (S 2223,500,2115) (S 1805,2115,1798) (S 1436,1798,943) (S 2094,944,2312) (S 643,944,943) (S 642,943,942) (S 661,942,965) (S 1425,965,1798) (S 2195,1798,2361) (S 2194,1798,2360) (S 2196,2360,1432) (S 1068,1432,236) (S 1067,236,1431) (S 1066,1431,1430) (S 2794,2677,1430) (S 1048,1411,1412) (S 1047,1411,1031) (S 135,236,235) (S 1423,235,1682) (S 1296,1682,946) (S 644,945,947) (S 646,947,603) (S 645,603,948) (S 655,948,960) (S 2096,960,2314) (S 2992,2745,2314) (S 374,603,465) (S 288,465,466) (S 289,466,467) (S 2353,2436,1505) (S 1133,1505,1504) (S 3181,2808,1017) (S 693,1017,1016) (S 690,1011,1012) (S 3182,2808,1504) (S 2329,2434,1504) (S 2300,1504,2420) (S 3183,2420,2809) (S 3190,2809,1633) (S 1251,1633,1632) (S 2174,1632,237) (S 1387,1765,1764) (S 2645,1764,1841) (S 2646,1841,2611) (S 1484,1841,1842) (S 2744,1842,2653) (S 2813,1842,1765) (S 1388,1765,733) (S 723,733,237) (S 2191,2358,961) (S 2467,2362,536) (D 0,0,0)
 0 1 35 24965 71611  60 (D 0,0,0) (S 2258,2,2399) (S 396,633,634) (S 2702,1352,549) (S 2391,566,1973) (S 2792,2674,2675) (S 2793,2675,2676) (S 2797,2676,2588) (S 2604,2588,1974) (S 2847,1974,2492) (S 2436,2492,2493) (S 3034,2493,2491) (S 2435,2491,553) (S 345,553,552) (S 1421,552,1597) (S 1219,1597,1597) (S 1469,552,1088) (S 765,1099,1100) (S 2537,1099,1088) (S 1034,1088,1398) (S 2056,1398,1469) (S 1107,1469,670) (S 425,669,670) (S 1106,670,639) (S 399,639,638) (S 398,637,638) (S 2709,1924,638) (S 2710,638,1924) (S 1569,1924,1923) (S 2302,1923,2421) (S 2538,2548,1923) (S 2301,1923,639) (S 734,639,1065) (S 763,1065,1097) (S 1091,1455,1065) (S 762,1096,1065) (S 726,1057,167) (S 2142,1058,2149) (S 2139,2149,2334) (S 3036,2334,2243) (S 1990,2243,168) (S 2636,168,2607) (S 2727,2607,2645) (S 2726,2607,1401) (S 1059,1422,1401) (S 2909,2603,883) (S 594,883,884) (S 2907,2716,884) (S 595,884,885) (S 2908,884,883) (S 1448,883,1400) (S 1061,1400,1423) (S 1062,1423,1057) (S 1468,1057,1398) (S 1450,1452,546) (S 1373,547,1751) (S 2524,1080,2242) (S 1988,2242,2237) (S 1981,2237,1283) (D 0,0,0)
 0 1 36 24965 78836  35 (D 0,0,0) (S 2607,1933,2590) (S 2640,2590,2609) (S 2626,2590,2602) (S 2206,1933,360) (S 2627,360,2454) (S 2379,2454,107) (S 58,107,106) (S 2173,106,343) (S 854,343,1191) (S 2552,350,342) (S 3205,342,2555) (S 2551,2555,2554) (S 2736,2554,2650) (S 3206,2650,342) (S 202,342,121) (S 2378,121,2453) (S 3061,121,2773) (S 853,121,1191) (S 2565,2563,1191) (S 1420,1792,1191) (S 3082,343,359) (S 2672,103,107) (S 59,107,108) (S 3055,108,360) (S 2691,360,2635) (S 2695,2638,360) (S 2609,360,1933) (S 1177,179,1552) (S 1174,1552,1553) (S 102,180,181) (S 2820,126,2504) (S 2457,2504,1181) (S 542,827,828) (D 0,0,0)
 0 1 37 24942 55448  83 (D 0,0,0) (S 1530,1610,1892) (S 2210,2366,422) (S 261,423,424) (S 1102,424,1454) (S 1090,1454,219) (S 1089,219,1283) (S 930,1283,1284) (S 1983,1284,1252) (S 929,1252,1282) (S 905,1251,1252) (S 906,1252,1253) (S 2001,1253,1287) (S 3142,1287,2797) (S 3141,2797,2364) (S 3140,2364,2172) (S 778,536,1112) (S 779,1112,1113) (S 1518,1113,964) (S 1519,964,1881) (S 2533,1881,402) (S 286,461,462) (S 297,462,479) (S 2534,461,402) (S 248,402,335) (S 196,334,335) (S 660,335,964) (S 1413,1112,403) (S 1412,403,1784) (S 2237,1784,487) (S 304,462,489) (S 3070,489,1052) (S 247,401,400) (S 3156,2746,2129) (S 2426,2128,2488) (S 3161,2665,1957) (S 2232,2380,2379) (S 3105,2783,2784) (S 2897,2712,2379) (S 2474,2380,1956) (S 2780,2665,2488) (S 1823,2128,2129) (S 2995,2746,398) (S 2996,398,2592) (S 2611,2592,1636) (S 392,628,629) (S 1271,686,1658) (S 2795,628,1894) (S 1534,1894,254) (S 144,254,253) (S 2198,253,1637) (S 1255,1637,1636) (S 245,398,399) (S 246,399,400) (S 717,401,1052) (S 2322,462,486) (S 302,486,487) (S 303,487,488) (S 1896,488,536) (S 1515,1081,1876) (S 2714,1876,1631) (S 750,1082,1083) (S 2202,1083,1331) (S 970,1331,220) (S 1232,800,1610) (S 2761,2660,918) (S 618,918,919) (S 620,919,445) (S 411,445,652) (S 412,652,653) (S 413,653,512) (S 316,512,511) (S 1355,511,634) (S 1488,937,1237) (S 892,1236,1237) (S 3066,2118,2122) (S 3143,266,2704) (S 3144,2704,437) (S 269,437,436) (S 1394,436,1770) (S 1789,1770,1905) (S 1543,1905,1904) (D 0,0,0)
 0 1 38 24873 52901  60 (D 0,0,0) (S 1541,1250,607) (S 1996,274,213) (S 3085,213,1561) (S 1183,1561,1560) (S 1559,1534,617) (S 3112,617,922) (S 572,865,682) (S 1567,865,1922) (S 621,922,921) (S 274,245,445) (S 2502,2377,930) (S 629,660,929) (S 1723,2046,929) (S 1921,2187,1776) (S 1429,1777,1775) (S 10,18,19) (S 1430,19,1802) (S 2089,1802,24) (S 13,24,25) (S 1410,25,1774) (S 2535,1343,430) (S 264,429,430) (S 484,430,751) (S 1441,25,751) (S 1442,751,1808) (S 2208,751,430) (S 1397,1773,1343) (S 984,1343,1344) (S 985,1344,1182) (S 986,1182,1345) (S 845,1182,1183) (S 2544,2326,2551) (S 1840,2135,2136) (S 2590,2136,2551) (S 2131,2326,1183) (S 846,1183,972) (S 666,972,973) (S 1939,973,2205) (S 2160,2205,2294) (S 2161,2294,2205) (S 1936,2204,2205) (S 1940,2205,2169) (S 1919,2169,1773) (S 1400,1773,1775) (S 1399,1775,1774) (S 1398,1774,1343) (S 1522,1344,1884) (S 2069,1884,2294) (S 1937,2205,2206) (S 3159,2206,2169) (S 438,689,519) (S 321,519,520) (S 2351,520,1831) (S 1401,1090,1650) (S 2567,1624,2564) (S 1265,1624,1651) (S 807,795,220) (S 124,218,219) (D 0,0,0)
 0 1 39 24719 46038  76 (D 0,0,0) (S 934,1281,1289) (S 1786,1289,1281) (S 1170,557,1474) (S 1171,1474,1546) (S 1571,1546,1889) (S 1527,1889,407) (S 1109,407,1474) (S 2580,1547,2574) (S 2791,2673,2573) (S 2579,2573,1547) (S 1572,1546,1302) (S 1443,1302,1119) (S 945,1119,1302) (S 783,1118,1119) (S 1344,1119,1720) (S 3030,1720,2480) (S 1345,1720,1721) (S 2420,1721,1134) (S 796,1134,763) (S 2419,763,559) (S 349,558,557) (S 639,557,559) (S 350,559,558) (S 1828,558,1280) (S 2824,762,956) (S 2825,956,1769) (S 2826,1769,2516) (S 3169,2516,2550) (S 2542,2549,2550) (S 3170,2516,1790) (S 1417,1790,941) (S 641,941,940) (S 793,940,957) (S 652,957,956) (S 2473,956,1769) (S 2472,1769,2516) (S 2633,1790,1539) (S 2647,1638,2612) (S 3213,2612,2747) (S 687,1006,1005) (S 494,626,761) (S 1576,1929,761) (S 391,626,627) (S 437,627,688) (S 2997,1006,2747) (S 1256,1638,1639) (S 2612,1639,2296) (S 2613,2296,2593) (S 682,998,999) (S 1829,999,2130) (S 2998,2130,2681) (S 3160,2682,2373) (S 2778,2374,2539) (S 2523,2539,2540) (S 2221,2374,2373) (S 2993,998,2593) (S 2076,2296,1540) (S 653,940,958) (S 3208,2816,1926) (S 1570,1926,941) (S 1393,941,1769) (S 1392,1769,1277) (S 925,1277,1276) (S 2470,2514,1276) (S 924,1276,1275) (S 1585,1275,1938) (S 1845,1275,2139) (S 1844,1275,955) (S 651,955,956) (S 2456,956,762) (S 495,762,763) (S 1832,763,2098) (S 3063,1281,2124) (S 1821,2124,2125) (D 0,0,0)
 0 1 40 24932 61356  53 (D 0,0,0) (S 2569,738,2518) (S 2476,2518,2519) (S 2570,2518,2267) (S 2035,2267,2266) (S 2721,456,2471) (S 2728,2470,1440) (S 2151,1442,2342) (S 2224,2342,2375) (S 1076,1442,1441) (S 1075,1441,1440) (S 2994,2739,878) (S 2034,2265,877) (S 586,877,878) (S 2982,2739,2350) (S 2168,2350,1443) (S 1078,1443,1439) (S 1074,1439,1440) (S 1138,1512,1513) (S 1139,1513,1514) (S 1334,1514,1026) (S 1335,1026,1713) (S 1336,1713,453) (S 280,452,453) (S 281,453,454) (S 1349,1025,1724) (S 698,1025,1026) (S 3107,1656,864) (S 2915,864,76) (S 42,76,77) (S 250,77,409) (S 372,409,600) (S 1498,600,1859) (S 1798,2106,409) (S 1799,409,2107) (S 754,409,595) (S 770,595,1094) (S 758,1094,595) (S 368,595,409) (S 800,409,1140) (S 2833,76,2694) (S 71,123,124) (S 1862,123,2147) (S 3102,123,20) (S 3103,20,2146) (S 1859,2146,564) (S 352,564,565) (S 1787,1515,1713) (S 752,1025,454) (S 282,454,455) (S 2031,456,739) (S 2060,739,738) (D 0,0,0)
 0 1 41 24834 76810  72 (D 0,0,0) (S 478,742,743) (S 673,888,985) (S 588,743,879) (S 590,742,747) (S 591,747,746) (S 1019,746,1385) (S 3131,1385,1417) (S 3130,1417,2101) (S 2149,2100,2340) (S 2148,2340,2289) (S 3081,326,2771) (S 3059,2771,933) (S 3058,1461,933) (S 1826,933,1461) (S 1096,1461,381) (S 233,381,382) (S 1093,1458,382) (S 234,382,383) (S 812,383,1150) (S 1095,1150,381) (S 232,381,380) (S 2065,380,326) (S 1824,327,2127) (S 1822,2127,2126) (S 2616,2369,2571) (S 2214,2370,2369) (S 2615,2369,741) (S 477,741,740) (S 476,740,724) (S 450,705,706) (S 3046,706,2762) (S 3127,2791,2761) (S 3039,2761,2762) (S 1697,706,1666) (S 1279,1666,1667) (S 1286,1667,1673) (S 2212,2367,705) (S 449,705,704) (S 2773,704,724) (S 3052,724,2766) (S 3045,2766,2765) (S 2066,380,2072) (S 1750,2072,1165) (S 832,1165,261) (S 829,1163,316) (S 183,316,315) (S 2753,315,2657) (S 2752,2656,2657) (S 833,316,1163) (S 830,1163,1164) (S 831,1164,261) (S 2614,2072,741) (S 2772,741,724) (S 467,724,723) (S 2216,723,2371) (S 468,723,728) (S 3123,728,2788) (S 2150,722,2341) (S 3129,2101,2793) (S 3128,2792,2793) (S 3187,2793,584) (S 2719,2416,1862) (S 1510,1864,1871) (S 3153,2800,2801) (S 1714,2031,269) (S 1715,269,1243) (S 897,1243,447) (S 276,447,448) (S 2047,448,2038) (S 3078,2038,1234) (D 0,0,0)
 0 1 42 24823 58625  58 (D 0,0,0) (S 1769,1090,2081) (S 418,660,661) (S 2317,662,2428) (S 2318,2428,329) (S 2008,329,2248) (S 1275,329,1661) (S 1703,1661,395) (S 243,395,396) (S 244,396,397) (S 803,397,1144) (S 1405,1144,1779) (S 1404,1144,970) (S 664,970,969) (S 1772,969,1885) (S 1771,2085,1885) (S 3175,1885,2806) (S 3174,1885,969) (S 1886,969,2165) (S 1888,2165,1015) (S 692,1015,1009) (S 689,1009,1010) (S 1523,1009,1885) (S 1885,969,970) (S 1526,1888,1413) (S 1049,1413,970) (S 1634,1979,1366) (S 1128,1498,1365) (S 1635,1366,970) (S 1402,970,1438) (S 1403,1438,1778) (S 23,43,44) (S 3172,44,2043) (S 2763,2044,55) (S 30,55,53) (S 29,53,54) (S 1722,2044,2043) (S 1773,2043,44) (S 24,44,45) (S 694,1018,45) (S 1883,45,968) (S 663,968,969) (S 3173,969,44) (S 1671,2009,2008) (S 1692,2008,2025) (S 1728,2025,868) (S 576,868,837) (S 548,837,836) (S 3195,836,1522) (S 1702,1523,890) (S 775,995,889) (S 599,889,890) (S 600,890,395) (S 888,396,1229) (S 2152,1229,2343) (S 2363,395,336) (S 197,336,329) (D 0,0,0)
 0 1 43 24985 70033  71 (D 0,0,0) (S 1471,930,22) (S 1142,1516,22) (S 12,22,23) (S 2091,23,2309) (S 2226,2309,520) (S 1374,1752,1753) (S 1529,1387,831) (S 285,459,460) (S 3077,1187,1234) (S 1586,1939,1940) (S 1589,1940,1945) (S 3047,1939,1436) (S 1072,1436,1234) (S 151,263,264) (S 153,264,267) (S 1547,267,15) (S 1712,15,2041) (S 2629,2041,2220) (S 1957,2220,1190) (S 852,1190,142) (S 3221,325,2256) (S 2020,2256,2020) (S 1686,2020,2016) (S 1687,2016,2021) (S 1080,1446,1447) (S 2451,1447,323) (S 2231,323,341) (S 200,340,341) (S 201,341,323) (S 188,323,324) (S 189,324,325) (S 1960,142,1196) (S 3194,1196,255) (S 9,16,17) (S 696,1022,1023) (S 1716,1243,2037) (S 2048,2037,448) (S 1707,448,2038) (S 848,1187,1186) (S 898,1186,460) (S 900,1244,1247) (S 1719,1247,1235) (S 1711,2039,2040) (S 2654,2047,2615) (S 2652,2615,2033) (S 1704,2033,1583) (S 1705,1583,2034) (S 1187,1565,1566) (S 3184,1566,1582) (S 1205,1582,1583) (S 485,269,752) (S 488,752,755) (S 603,755,894) (S 305,492,482) (S 1327,482,1709) (S 1942,2210,1709) (S 2346,730,482) (S 299,482,483) (S 300,483,484) (S 492,758,759) (S 2766,758,714) (S 487,753,754) (S 545,833,832) (S 1101,832,831) (S 1070,831,1435) (S 2594,914,1907) (S 1781,1744,2093) (S 2362,2093,2333) (S 2138,2333,519) (D 0,0,0)
 0 1 44 24688 77786  69 (D 0,0,0) (S 3076,459,1187) (S 1199,448,447) (S 1200,447,446) (S 606,899,896) (S 705,897,1034) (S 2716,584,495) (S 2715,495,813) (S 480,746,747) (S 1242,742,1619) (S 1241,1619,1618) (S 2495,2529,1618) (S 2496,1618,1819) (S 1457,1819,1741) (S 3214,1819,1239) (S 893,1238,1239) (S 894,1239,1240) (S 113,200,199) (S 112,199,198) (S 1117,214,1483) (S 161,281,280) (S 2735,2649,280) (S 1119,281,1483) (S 121,215,198) (S 111,198,197) (S 110,197,196) (S 1303,305,1690) (S 1435,1690,1509) (S 1136,1509,1473) (S 1108,1472,1473) (S 122,198,216) (S 1970,216,199) (S 791,1130,1131) (S 1969,199,216) (S 1975,216,2231) (S 1978,2231,2234) (S 123,216,217) (S 1044,217,1324) (S 962,1323,1324) (S 1297,1324,1683) (S 1298,1683,1684) (S 2494,1683,2529) (S 2610,2529,217) (S 1043,217,200) (S 1042,200,1240) (S 1160,1240,1537) (S 1664,2002,974) (S 667,974,975) (S 1665,974,2003) (S 3136,2003,2794) (S 3135,2003,2641) (S 2705,2002,2641) (S 3134,2641,2120) (S 2166,1740,747) (S 481,747,742) (S 2737,742,537) (S 2167,2349,471) (S 625,925,470) (S 626,470,926) (S 3004,926,2750) (S 3219,2750,2818) (S 3218,2750,2763) (S 3042,2763,927) (S 1328,931,1709) (S 3199,492,894) (S 2438,2014,2494) (S 3080,2494,1242) (S 3079,1242,2038) (D 0,0,0)
 0 1 45 24945 79187  53 (D 0,0,0) (S 1278,51,355) (S 213,355,356) (S 184,317,318) (S 230,377,251) (S 147,256,257) (S 1281,1668,1669) (S 2679,1669,852) (S 560,852,851) (S 919,1269,851) (S 1476,852,851) (S 920,851,979) (S 670,979,980) (S 772,1109,1108) (S 2045,1108,2132) (S 2044,2132,480) (S 298,480,481) (S 596,480,886) (S 2675,886,1210) (S 871,1210,1211) (S 872,1211,71) (S 561,854,853) (S 562,853,855) (S 1650,855,284) (S 3164,284,1613) (S 1333,1613,1142) (S 1238,1142,1614) (S 1239,1614,1615) (S 2919,2719,1614) (S 2920,1614,1105) (S 769,1105,867) (S 573,867,866) (S 2479,319,2520) (S 2555,2520,2521) (S 2480,2521,2512) (S 2464,854,1216) (S 1657,1215,283) (S 1654,283,1994) (S 1651,1991,283) (S 162,283,282) (S 875,282,1086) (S 751,1086,1085) (S 1316,1085,431) (S 66,117,116) (S 2229,1175,2160) (S 1876,2160,2159) (S 1951,569,568) (S 2515,568,2443) (S 2516,2443,568) (S 2514,568,2535) (S 104,184,171) (S 1616,1196,255) (D 0,0,0)
 0 1 46 24997 70764  82 (D 0,0,0) (S 453,711,710) (S 1670,710,1806) (S 1788,2099,911) (S 3051,2768,1335) (S 975,1335,229) (S 132,229,228) (S 2070,228,230) (S 348,230,556) (S 2230,556,2378) (S 2836,2604,2284) (S 2054,2283,2284) (S 2630,2604,2378) (S 2333,230,1300) (S 2637,1300,671) (S 426,671,312) (S 2926,672,1485) (S 2575,1485,1705) (S 2891,1705,2625) (S 2670,2625,2245) (S 2860,2701,1122) (S 2211,1122,1279) (S 2481,1279,2244) (S 1991,2244,1123) (S 2894,1123,1122) (S 784,1121,1120) (S 2583,1120,2577) (S 2659,2577,2618) (S 2889,2624,1121) (S 2895,1121,1122) (S 926,1279,1278) (S 2584,1278,1120) (S 2896,1120,1121) (S 785,1121,1122) (S 786,1122,1123) (S 1992,1123,2245) (S 2669,2625,2624) (S 2668,2624,2623) (S 2869,2623,2708) (S 2868,2708,1563) (S 2867,1563,2707) (S 2461,2509,2108) (S 157,273,272) (S 1797,2105,1954) (S 1604,1953,1954) (S 1817,1954,272) (S 1800,273,2108) (S 2946,2509,1092) (S 757,1092,1093) (S 2932,1093,2711) (S 2890,2711,2624) (S 2871,2624,2701) (S 2870,2701,2245) (S 1993,2245,1484) (S 1118,1484,1485) (S 2906,2572,493) (S 306,493,494) (S 2520,494,2154) (S 1872,2153,2154) (S 2521,2154,2536) (S 2522,2537,2538) (S 2527,2537,113) (S 2526,2542,113) (S 63,113,90) (S 52,90,91) (S 3100,2562,2546) (S 2536,2546,2547) (S 2564,2562,92) (S 2563,2561,92) (S 2927,493,2572) (S 2578,2572,667) (S 424,667,668) (S 2874,2572,1485) (S 427,672,312) (S 182,312,313) (S 974,313,229) (S 709,911,1040) (S 715,711,561) (S 1050,601,1414) (S 2743,601,586) (S 369,596,597) (D 0,0,0)
 0 1 47 25000 89713  39 (D 0,0,0) (S 1495,1715,1856) (S 1834,2133,2132) (S 2043,480,1210) (S 2085,1211,2300) (S 2086,2300,2303) (S 2081,2300,72) (S 40,72,71) (S 873,71,1212) (S 878,1212,1216) (S 877,1216,1215) (S 876,1215,282) (S 163,283,284) (S 185,284,319) (S 2466,319,1105) (S 2917,1105,1614) (S 2918,1614,2718) (S 1332,1614,1142) (S 802,1142,1143) (S 3162,1143,2803) (S 2602,2585,2586) (S 2603,2586,2587) (S 3165,2587,2803) (S 3167,1471,2803) (S 3163,1143,1613) (S 1237,1613,1142) (S 507,472,776) (S 583,873,765) (S 581,765,869) (S 577,869,849) (S 558,849,848) (S 557,848,847) (S 556,847,842) (S 3197,843,1470) (S 3166,1471,2804) (S 3203,2804,2814) (S 3204,2814,846) (S 2501,1503,2531) (D 0,0,0)
 0 1 48 24921 59520  82 (D 0,0,0) (S 1147,1523,1522) (S 92,165,164) (S 1672,164,435) (S 268,435,434) (S 2410,434,1965) (S 26,47,29) (S 3152,46,35) (S 1997,35,27) (S 14,27,26) (S 1162,26,1405) (S 2821,1405,2575) (S 2581,2575,26) (S 1039,1405,1404) (S 2775,1404,2662) (S 3057,2662,2419) (S 2305,2419,1983) (S 1645,1982,1983) (S 2298,1983,2419) (S 3056,2419,378) (S 2777,378,1794) (S 1729,2045,841) (S 550,841,840) (S 1032,840,839) (S 549,838,839) (S 2733,840,1370) (S 1011,1370,1371) (S 193,331,298) (S 1898,298,902) (S 608,902,901) (S 607,900,901) (S 612,907,901) (S 1899,901,2171) (S 1917,2171,298) (S 454,298,712) (S 456,712,297) (S 1950,297,298) (S 194,298,332) (S 2482,332,950) (S 2505,950,332) (S 195,332,333) (S 1930,332,2194) (S 647,950,297) (S 174,297,298) (S 614,298,910) (S 1007,910,1367) (S 2703,1367,1370) (S 2286,1370,2411) (S 2699,2640,2411) (S 2700,2411,713) (S 1165,713,298) (S 2071,1528,2295) (S 1637,1528,1981) (S 2500,1981,901) (S 2497,901,1528) (S 1151,1528,713) (S 455,713,298) (S 2706,331,1371) (S 2287,1370,2412) (S 2452,2502,2412) (S 2372,2412,2450) (S 2371,2449,2412) (S 2453,2412,2484) (S 2423,2484,2485) (S 2454,2484,1693) (S 1306,1693,1694) (S 1700,1694,2032) (S 2441,2498,2032) (S 1701,2032,1523) (S 2421,2462,2481) (S 2390,2462,1908) (S 2455,2496,2503) (S 2439,2495,2496) (S 1552,1909,1908) (S 2366,1523,2446) (S 1148,1523,1524) (S 2365,1523,2343) (S 2364,2343,395) (S 1553,1910,329) (S 419,662,661) (S 2504,2377,2081) (D 0,0,0)
 0 1 49 24883 82853  67 (D 0,0,0) (S 798,1138,1137) (S 452,708,709) (S 1375,709,1754) (S 3067,1754,1757) (S 3060,2772,1757) (S 1377,1757,1754) (S 1860,1754,777) (S 2683,777,1380) (S 1016,1380,1379) (S 2591,1379,2527) (S 2492,2527,1503) (S 891,450,1235) (S 1895,583,2168) (S 363,583,584) (S 3132,1385,2757) (S 2147,2339,2289) (S 2064,2289,326) (S 190,326,327) (S 1825,327,933) (S 635,933,262) (S 150,262,261) (S 826,314,1160) (S 827,314,783) (S 513,783,784) (S 3016,1161,1787) (S 3014,1767,1663) (S 3013,1663,507) (S 814,1152,525) (S 324,524,525) (S 325,525,526) (S 1315,526,1700) (S 326,526,527) (S 1314,526,1699) (S 3010,2751,1699) (S 3011,1699,1152) (S 3012,1152,507) (S 313,507,506) (S 2387,2460,506) (S 312,505,506) (S 2388,506,1783) (S 2389,1783,2461) (S 1411,1783,1768) (S 1391,1768,1767) (S 3015,1767,1787) (S 1415,1787,1788) (S 1416,1788,1789) (S 2383,1788,1664) (S 2290,2414,440) (S 272,440,441) (S 2299,1665,2113) (S 3124,2787,2688) (S 2827,2688,679) (S 2107,2298,646) (S 405,646,647) (S 406,647,648) (S 1500,1861,1606) (S 1499,1606,1860) (S 3158,1860,2799) (S 3148,2798,2799) (S 1509,1868,1860) (S 1226,1606,895) (S 604,895,896) (S 2572,2565,269) (S 2050,2039,449) (S 1198,449,450) (D 0,0,0)
 0 1 50 24917 54087  67 (D 0,0,0) (S 2197,1631,2362) (S 2468,2362,1851) (S 538,824,823) (S 2265,823,153) (S 2430,153,1396) (S 1029,1395,1396) (S 2431,1396,1376) (S 2126,1376,389) (S 1014,1376,1375) (S 1184,1375,79) (S 43,79,78) (S 1760,78,1395) (S 1030,1395,78) (S 2059,78,2286) (S 671,983,78) (S 2058,78,984) (S 672,154,984) (S 674,984,986) (S 1850,986,153) (S 2264,823,1266) (S 128,223,224) (S 911,1257,611) (S 380,611,612) (S 1097,1462,546) (S 1451,547,1695) (S 1309,1695,542) (S 3191,812,2811) (S 530,812,542) (S 339,542,543) (S 2854,1750,542) (S 1310,542,1696) (S 1603,1696,977) (S 2755,1266,2490) (S 2434,2490,1837) (S 98,174,173) (S 1524,173,1886) (S 2682,1886,1418) (S 1054,1418,717) (S 460,717,203) (S 115,203,173) (S 1015,1378,1377) (S 1477,1377,174) (S 2220,174,1837) (S 1479,1837,1836) (S 1478,1836,1835) (S 1810,1835,2119) (S 2172,1535,2026) (S 1693,2026,2005) (S 1667,2005,2004) (S 2143,2336,2004) (S 2111,1535,1139) (S 1157,1139,1535) (S 2853,1535,1850) (S 1491,1851,1852) (S 1977,1852,2233) (S 1979,2235,2233) (S 1246,1625,1624) (S 1245,1624,796) (S 523,800,801) (S 2762,1611,918) (S 1268,652,405) (S 1537,1896,1897) (S 1577,1897,1930) (S 3157,1930,2226) (S 1971,2226,511) (D 0,0,0)
 0 1 51 23406 67594  63 (D 0,0,0) (S 719,1054,519) (S 2137,2333,623) (S 388,623,622) (S 1365,622,1742) (S 387,622,621) (S 1554,621,1911) (S 3062,1911,2774) (S 3068,2774,2689) (S 2829,2689,778) (S 1020,263,1386) (S 1046,1386,1023) (S 1326,1023,446) (S 2717,1861,584) (S 1501,584,495) (S 531,495,813) (S 532,813,746) (S 1444,746,1809) (S 2213,2368,746) (S 1458,746,1741) (S 1811,1741,2120) (S 3133,2120,2757) (S 2146,2339,1760) (S 2145,2338,1760) (S 1381,1760,1761) (S 3027,2339,2757) (S 1364,1741,1740) (S 1363,1740,1619) (S 1362,1619,1217) (S 879,1217,879) (S 589,879,742) (S 624,537,813) (S 3009,813,537) (S 334,537,475) (S 294,475,474) (S 293,474,470) (S 2103,720,2319) (S 2358,2319,1867) (S 1507,1867,1866) (S 1506,1866,928) (S 628,928,881) (S 1595,881,1686) (S 1299,1685,1686) (S 1300,1686,1687) (S 2498,1687,1070) (S 737,1069,1070) (S 738,1070,880) (S 592,880,881) (S 1658,1995,928) (S 1302,1688,1689) (S 1301,1689,1688) (S 1659,1688,928) (S 1508,1867,880) (S 739,880,720) (S 463,720,721) (S 524,721,802) (S 3040,2088,1457) (S 1092,1457,1456) (S 2306,1623,748) (S 1244,1623,1622) (S 2746,1622,2012) (S 1675,2012,749) (D 0,0,0)
 0 1 52 24706 64436  71 (D 0,0,0) (S 320,517,518) (S 2477,518,1390) (S 2355,1390,1389) (S 1024,1389,367) (S 1031,1296,1381) (S 1017,1381,1382) (S 1656,1382,1644) (S 1261,1645,1646) (S 585,875,876) (S 1330,875,1646) (S 1260,1645,1644) (S 940,1296,367) (S 1538,1898,1899) (S 2967,367,2444) (S 2360,2444,2229) (S 1974,2229,2230) (S 223,367,368) (S 222,367,366) (S 2134,2330,2331) (S 1891,1103,1095) (S 759,1095,1001) (S 684,1001,1002) (S 1909,1002,1063) (S 742,1063,1073) (S 1868,1003,1104) (S 768,1104,1095) (S 1890,1095,1104) (S 1887,1104,2166) (S 2273,1003,1073) (S 2252,1073,1063) (S 2247,1063,2152) (S 1908,2152,1063) (S 2249,1063,1002) (S 1680,1002,1001) (S 869,1001,1064) (S 749,1064,372) (S 953,760,1310) (S 3008,1310,2386) (S 2242,2386,2387) (S 493,760,372) (S 225,371,370) (S 224,369,370) (S 1871,370,2152) (S 1907,2152,2179) (S 2246,2391,2179) (S 2248,2179,2152) (S 1870,2152,1073) (S 1869,1073,1003) (S 1678,2015,1003) (S 686,1003,1004) (S 685,1003,1002) (S 1679,1002,1003) (S 2274,1003,1104) (S 2033,2264,2263) (S 229,376,375) (S 2986,2740,375) (S 1599,376,703) (S 448,701,702) (S 149,259,260) (S 159,276,277) (S 665,276,971) (S 439,690,691) (S 2984,691,702) (S 1600,703,1951) (S 514,785,786) (S 227,373,374) (S 1025,1389,1390) (S 2016,2253,1390) (S 2991,1048,2744) (D 0,0,0)
 0 1 53 24944 80686  67 (D 0,0,0) (S 204,130,344) (S 205,344,345) (S 2077,345,1184) (S 1419,1184,1791) (S 1418,1791,1493) (S 1125,1493,1490) (S 1124,1489,1384) (S 1018,1384,1383) (S 1126,1494,1383) (S 2823,1184,2687) (S 847,1184,1185) (S 2079,1185,349) (S 209,349,125) (S 72,125,126) (S 207,126,131) (S 73,131,132) (S 78,132,141) (S 3224,2504,141) (S 395,141,632) (S 843,632,139) (S 1683,139,324) (S 1682,324,2016) (S 2397,2021,1447) (S 1304,1447,1347) (S 1897,2170,1200) (S 858,1199,1200) (S 1684,2017,2018) (S 2937,2155,2724) (S 1865,2150,2151) (S 1873,2150,2155) (S 2934,2155,2018) (S 1685,2018,2019) (S 3225,2019,2017) (S 3177,2017,1201) (S 859,1201,1200) (S 988,1200,1347) (S 2396,1447,1427) (S 1065,1427,1428) (S 1069,1427,1434) (S 2443,1447,323) (S 2450,323,2499) (S 2445,2499,172) (S 1186,184,1564) (S 2518,2534,2535) (S 2765,2535,2180) (S 1910,2180,2181) (S 1875,2159,2160) (S 2228,2160,1497) (S 1127,1497,1445) (S 1079,1445,1444) (S 1211,1587,1588) (S 2099,2316,1588) (S 2100,1588,1491) (S 1123,1491,1492) (S 1129,1492,1444) (S 354,569,568) (S 353,567,568) (S 1952,568,2217) (S 2513,2535,2534) (S 2512,2157,1564) (S 2446,172,126) (S 2819,126,1586) (S 1210,1585,1586) (S 1236,126,172) (S 76,138,139) (D 0,0,0)
