4210
9
10212
3496
 0 1 1 300 400  17 (D 0,13,13) (S 23,13,61) (S 33,61,17) (S 31,17,84) (S 106,84,75) (S 101,75,69) (S 99,69,70) (S 96,70,67) (S 95,67,68) (S 94,68,66) (S 93,65,71) (S 97,71,68) (S 98,68,70) (S 80,69,50) (S 79,50,49) (S 78,49,63) (D 0,13,13)
 0 1 2 295 555  9 (D 0,13,13) (S 53,55,32) (S 54,32,33) (S 63,41,40) (S 64,42,41) (S 56,41,33) (S 55,33,43) (S 66,43,56) (D 0,13,13)
 0 1 3 235 245  23 (D 0,13,13) (S 21,13,16) (S 30,16,53) (S 48,53,30) (S 47,30,52) (S 84,52,61) (S 20,61,12) (S 15,12,11) (S 16,11,17) (S 32,17,51) (S 83,51,63) (S 91,63,62) (S 90,62,60) (S 88,60,58) (S 89,58,59) (S 70,59,46) (S 72,46,47) (S 71,46,48) (S 76,48,49) (S 77,49,62) (S 18,62,11) (S 19,12,13) (D 0,13,13)
 0 1 4 290 470  16 (D 0,13,13) (S 67,59,44) (S 68,44,45) (S 42,45,27) (S 43,27,64) (S 14,27,9) (S 2,9,1) (S 1,1,2) (S 5,2,43) (S 65,43,55) (S 27,55,14) (S 35,18,22) (S 28,18,15) (S 26,14,57) (S 87,57,58) (D 0,13,13)
 0 1 5 300 460  12 (D 0,13,13) (S 24,14,15) (S 37,54,19) (S 34,18,19) (S 36,19,23) (S 39,23,20) (S 41,21,24) (S 38,21,20) (S 40,20,54) (S 29,54,15) (S 25,14,16) (D 0,13,13)
 0 1 6 295 370  14 (D 0,13,13) (S 85,53,52) (S 49,30,74) (S 105,74,84) (S 107,84,85) (S 46,29,28) (S 44,28,76) (S 100,76,69) (S 92,69,64) (S 73,64,47) (S 74,47,48) (S 75,48,60) (S 22,60,13) (D 0,13,13)
 0 1 7 300 540  9 (D 0,13,13) (S 102,70,71) (S 103,71,72) (S 104,73,76) (S 45,28,75) (S 81,75,50) (S 82,50,51) (S 17,63,11) (D 0,13,13)
 0 1 8 300 645  11 (D 0,13,13) (S 50,32,31) (S 51,31,34) (S 57,34,35) (S 58,35,36) (S 60,36,38) (S 62,38,39) (S 61,38,37) (S 59,37,36) (S 52,35,31) (D 0,13,13)
 0 1 9 300 525  14 (D 0,13,13) (S 69,46,45) (S 3,44,1) (S 8,3,6) (S 11,6,5) (S 10,4,5) (S 12,5,42) (S 9,42,3) (S 7,3,7) (S 13,7,8) (S 4,8,2) (S 6,2,56) (S 86,56,57) (D 0,13,13)
