750
9
139467
22151
 0 1 1 74 66  15 (D 0,1,1) (S 22,1,2) (S 24,2,3) (S 5,9,10) (S 35,10,15) (S 10,15,14) (S 42,13,23) (S 60,23,24) (S 63,24,23) (S 58,23,13) (S 41,13,14) (S 43,14,13) (S 40,13,7) (S 31,7,1) (D 0,1,1)
 0 1 2 29 36  7 (D 0,1,1) (S 23,1,7) (S 32,7,8) (S 33,8,2) (S 26,3,2) (S 25,2,8) (D 0,1,1)
 0 1 3 75 67  13 (D 0,1,1) (S 7,10,11) (S 13,17,18) (S 50,18,22) (S 57,22,28) (S 72,28,22) (S 14,21,20) (S 54,20,17) (S 9,17,11) (S 36,11,5) (S 28,4,3) (S 4,9,8) (D 0,1,1)
 0 1 4 75 81  14 (D 0,1,1) (S 46,15,16) (S 52,19,20) (S 56,20,27) (S 69,27,21) (S 15,21,22) (S 73,28,27) (S 71,27,33) (S 70,27,26) (S 16,25,24) (S 62,24,14) (S 6,14,9) (S 34,8,7) (D 0,1,1)
 0 1 5 74 87  13 (D 0,1,1) (S 44,14,24) (S 17,24,30) (S 77,30,29) (S 75,29,30) (S 20,30,31) (S 78,31,32) (S 80,32,26) (S 66,26,25) (S 64,25,26) (S 65,26,19) (S 51,19,16) (D 0,1,1)
 0 1 6 75 75  13 (D 0,1,1) (S 27,3,4) (S 2,4,5) (S 30,6,12) (S 39,12,11) (S 49,17,20) (S 12,17,16) (S 8,16,11) (S 37,11,12) (S 38,12,6) (S 3,6,5) (S 29,4,10) (D 0,1,1)
 0 1 7 75 105  13 (D 0,1,1) (S 1,3,9) (S 11,15,25) (S 18,25,31) (S 79,31,35) (S 93,37,36) (S 90,36,35) (S 87,35,36) (S 89,36,32) (S 19,32,27) (S 55,20,19) (S 45,15,10) (D 0,1,1)
 0 1 8 75 125  18 (D 0,1,1) (S 48,16,19) (S 53,19,26) (S 67,26,32) (S 81,32,36) (S 91,36,37) (S 94,37,41) (S 104,41,40) (S 99,39,38) (S 96,38,39) (S 100,39,40) (S 101,40,39) (S 97,39,35) (S 86,35,34) (S 83,34,29) (S 74,29,23) (S 59,23,14) (D 0,1,1)
 0 1 9 75 108  16 (D 0,1,1) (S 61,23,29) (S 76,29,34) (S 85,34,38) (S 95,38,34) (S 84,34,35) (S 88,35,39) (S 98,39,36) (S 21,36,40) (S 102,40,41) (S 103,41,37) (S 92,37,33) (S 82,33,27) (S 68,27,20) (S 47,16,15) (D 0,1,1)
