2683695
37
129366
126673
 0 1 1 24086 61662  66 (D 0,0,0) (S 1500,2399,2400) (S 945,633,1534) (S 527,1151,909) (S 1878,1273,1543) (S 364,834,835) (S 1141,2048,2049) (S 2085,2049,2240) (S 1313,2240,2241) (S 727,1475,835) (S 179,416,417) (S 1600,2473,2467) (S 1535,835,221) (S 90,221,222) (S 343,222,781) (S 1246,1476,67) (S 2071,2726,2722) (S 1958,1128,2721) (S 513,1132,1128) (S 512,1128,1129) (S 511,1127,1128) (S 1959,1128,2722) (S 2065,2722,2329) (S 1413,2329,2328) (S 1964,2328,2726) (S 23,59,58) (S 2067,58,67) (S 2073,67,68) (S 1919,2010,2022) (S 342,780,779) (S 1712,2568,808) (S 1488,2388,2389) (S 1115,2023,2024) (S 1116,2023,2011) (S 1121,2011,718) (S 1120,2028,718) (S 314,718,291) (S 627,1320,290) (S 221,290,530) (S 1770,2620,530) (S 628,290,68) (S 331,756,757) (S 1446,757,529) (S 1312,2238,528) (S 292,676,675) (S 1920,675,68) (S 2064,221,96) (S 1324,805,1368) (S 657,1368,810) (S 355,810,811) (S 649,37,892) (S 402,892,893) (S 762,1543,651) (S 2,5,6) (S 640,1338,205) (S 81,205,204) (S 1080,650,1274) (S 1074,1274,1967) (S 1066,1967,1968) (S 1072,1968,1971) (S 1068,1971,1969) (S 1067,1969,1970) (S 773,1557,1111) (S 2042,2767,56) (S 612,56,213) (D 0,0,0)
 0 1 2 16321 42375  47 (D 0,0,0) (S 2100,437,1249) (S 993,512,1734) (S 893,1734,1735) (S 1069,1735,1972) (S 1993,1972,421) (S 763,1544,1213) (S 567,1213,1208) (S 562,1208,1209) (S 568,1209,1214) (S 1024,1214,1313) (S 622,1313,1312) (S 2062,1312,2500) (S 1,4,3) (S 1169,2083,2084) (S 1308,2232,2083) (S 1850,2082,2663) (S 1849,2082,2246) (S 1318,2246,1214) (S 1875,1745,2683) (S 2066,2781,2683) (S 578,1228,1227) (S 1852,1227,2664) (S 1874,1357,2664) (S 1871,1227,1228) (S 1879,1543,2486) (S 1615,2486,1799) (S 1075,644,1759) (S 284,658,659) (S 907,658,1759) (S 760,1542,1117) (S 508,1117,1116) (S 507,1114,1115) (S 103,245,244) (S 182,244,421) (S 506,421,1111) (S 1311,1111,1567) (S 776,1567,921) (S 412,921,922) (S 2109,922,1922) (S 382,865,682) (S 2078,922,617) (S 413,617,618) (S 262,618,617) (S 1030,617,1534) (S 2063,1561,213) (D 0,0,0)
 0 1 3 24446 71271  67 (D 0,0,0) (S 1028,634,920) (S 1635,2496,2503) (S 1624,2495,2496) (S 1589,1908,2462) (S 1588,2462,1523) (S 1573,1523,2446) (S 1123,1523,2032) (S 1122,2032,1694) (S 1634,1693,2484) (S 1614,2484,2485) (S 1633,2484,2412) (S 1518,2412,1370) (S 1802,1371,331) (S 134,331,298) (S 407,298,910) (S 124,298,297) (S 1290,297,298) (S 135,298,332) (S 136,332,333) (S 1666,332,950) (S 1994,2741,950) (S 427,950,297) (S 309,297,712) (S 308,712,298) (S 1257,2171,901) (S 404,900,901) (S 1374,1528,2295) (S 405,901,902) (S 761,298,713) (S 1799,713,2411) (S 673,839,840) (S 366,840,841) (S 1145,841,2045) (S 930,1793,1794) (S 1851,1794,378) (S 1063,1964,378) (S 162,378,379) (S 1064,378,1965) (S 1603,1965,434) (S 1532,2419,1983) (S 1085,1982,1983) (S 1525,1983,2419) (S 2047,2419,2662) (S 676,1404,1405) (S 1371,27,2292) (S 2103,46,35) (S 11,35,36) (S 1601,1488,30) (S 1602,30,1965) (S 1230,1965,47) (S 16,29,47) (S 1231,47,158) (S 33,98,99) (S 1990,99,2144) (S 1234,162,2145) (S 61,162,163) (S 1233,163,1141) (S 517,1135,1136) (S 1232,163,158) (S 22,28,29) (S 21,29,30) (S 10,30,29) (S 15,29,46) (S 293,11,28) (S 3,7,8) (D 0,0,0)
 0 1 4 18844 59011  46 (D 0,0,0) (S 1473,520,2309) (S 749,1516,22) (S 1542,2428,329) (S 138,329,336) (S 1571,336,395) (S 1124,890,1523) (S 1572,1523,2343) (S 1425,2343,1229) (S 579,1229,396) (S 170,396,397) (S 520,397,1144) (S 922,1144,1779) (S 1003,1885,1009) (S 452,1009,1010) (S 1170,2085,1885) (S 2117,1885,2806) (S 1171,969,44) (S 698,43,1438) (S 921,1438,1778) (S 920,1438,970) (S 1006,1888,1413) (S 1082,970,1366) (S 1081,1979,1366) (S 738,1498,1365) (S 1248,970,969) (S 434,969,968) (S 454,1018,45) (S 14,45,44) (S 1172,44,2043) (S 19,53,54) (S 20,53,55) (S 1139,2044,2043) (S 1138,2043,2009) (S 1117,2008,2025) (S 1144,2025,868) (S 1108,435,164) (S 62,164,165) (S 365,165,836) (S 2129,836,1522) (S 1583,1521,2456) (S 2069,1521,2455) (S 1582,2455,1550) (S 768,1550,1549) (S 767,1549,1548) (D 0,0,0)
 0 1 5 24489 85063  60 (D 0,0,0) (S 217,520,519) (S 1180,1744,621) (S 1027,621,1911) (S 1682,2545,1503) (S 1679,2275,2061) (S 1351,2275,2276) (S 1266,2180,569) (S 1291,569,568) (S 1671,568,2443) (S 1670,2443,568) (S 1292,568,2217) (S 237,568,569) (S 1265,569,2159) (S 1242,2159,2160) (S 1476,2160,1175) (S 1241,1175,2158) (S 1564,2443,2158) (S 1475,2160,1497) (S 702,1445,1444) (S 739,1444,1492) (S 736,1492,1491) (S 1393,1491,1588) (S 1392,2316,1588) (S 1260,1176,2176) (S 1269,2176,2182) (S 2041,2182,1701) (S 868,1701,114) (S 39,114,115) (S 40,115,116) (S 41,116,117) (S 42,117,118) (S 822,118,615) (S 260,614,615) (S 821,615,176) (S 68,176,177) (S 1787,177,2630) (S 1788,2630,2629) (S 1791,2628,2632) (S 1790,2628,1551) (S 1868,1551,1077) (S 1869,1077,988) (S 869,989,1077) (S 870,1077,179) (S 1740,1933,360) (S 151,360,107) (S 28,85,84) (S 29,84,86) (S 30,87,88) (S 905,84,692) (S 906,692,1758) (S 1969,2728,692) (S 300,692,41) (S 1980,845,1573) (S 2135,1573,2813) (S 1979,2735,1573) (S 13,42,41) (S 226,541,175) (S 79,202,201) (D 0,0,0)
 0 1 6 24929 95566  36 (D 0,0,0) (S 2045,2770,2769) (S 371,847,848) (S 372,848,849) (S 1575,848,1817) (S 954,1817,1818) (S 1547,1818,2433) (S 1546,2432,1818) (S 1621,2448,1811) (S 946,1811,1812) (S 1275,1812,2193) (S 334,765,472) (S 340,472,776) (S 388,765,869) (S 385,869,849) (S 373,849,850) (S 383,849,867) (S 1645,866,2513) (S 1935,473,2515) (S 1643,866,319) (S 1646,319,1105) (S 1951,1105,1614) (S 1950,2719,1614) (S 1949,1614,2718) (S 877,1614,1142) (S 810,1142,1613) (S 2110,1143,2803) (S 1734,2587,2586) (S 1733,2585,2586) (S 2113,2587,2803) (S 2114,2803,1471) (S 2136,2804,2814) (S 2130,1470,843) (S 367,843,842) (S 370,842,846) (D 0,0,0)
 0 1 7 24917 80922  47 (D 0,0,0) (S 186,431,432) (S 1261,2177,2178) (S 1262,2178,2175) (S 1267,2175,917) (S 543,917,1170) (S 547,1170,1179) (S 548,1179,1180) (S 1259,1179,916) (S 410,915,916) (S 1577,1171,2173) (S 1578,2189,411) (S 177,412,413) (S 178,413,414) (S 384,414,666) (S 289,358,666) (S 774,666,1170) (S 1268,917,1173) (S 545,1173,1174) (S 1436,2174,2161) (S 779,478,1572) (S 200,478,477) (S 398,477,886) (S 1780,886,2133) (S 1218,2133,2132) (S 202,480,481) (S 1353,480,1210) (S 565,1210,1211) (S 1767,1715,1856) (S 1768,1856,1109) (S 1769,1109,2619) (S 502,1108,1109) (S 533,1109,1158) (S 534,1158,979) (S 602,1269,851) (S 969,852,851) (S 374,851,852) (S 1782,852,1669) (S 419,934,924) (S 561,352,51) (S 503,51,70) (S 105,248,247) (S 104,247,246) (S 109,246,255) (S 114,267,264) (S 428,264,263) (D 0,0,0)
 0 1 8 24495 75056  63 (D 0,0,0) (S 1134,1235,2039) (S 1444,2040,2047) (S 1761,2047,2615) (S 1760,2033,1596) (S 781,1574,1575) (S 2125,1583,1871) (S 992,1864,1862) (S 991,1862,1863) (S 1811,1862,2416) (S 1810,2416,1861) (S 1521,2219,648) (S 2055,2406,2777) (S 1510,2406,2407) (S 2054,2406,649) (S 1902,648,2219) (S 2143,2202,2817) (S 1278,2202,2201) (S 1276,2195,2196) (S 1279,2196,2203) (S 1284,2203,2212) (S 1281,2200,2207) (S 2058,1234,1187) (S 586,1186,460) (S 585,460,1244) (S 584,1244,832) (S 718,832,831) (S 695,831,1435) (S 1008,831,1387) (S 686,1387,1420) (S 685,1419,1387) (S 668,1387,1388) (S 1026,1437,913) (S 409,913,914) (S 1025,1907,1753) (S 1662,1503,2531) (S 389,874,689) (S 1273,2169,1773) (S 1002,1344,1884) (S 1432,2294,2205) (S 1282,2205,2169) (S 1280,2206,2205) (S 436,973,972) (S 550,972,1183) (S 1691,2326,2551) (S 1222,2135,2136) (S 1723,2136,2551) (S 549,1183,1182) (S 644,1182,1345) (S 1683,1343,430) (S 326,430,751) (S 942,751,1808) (S 1458,751,430) (S 916,1343,1774) (S 917,1774,1775) (S 1647,1775,18) (S 7,18,19) (S 9,24,25) (S 936,1775,1777) (S 918,1777,1776) (S 1563,2187,520) (S 1316,213,274) (D 0,0,0)
 0 1 9 24687 72180  71 (D 0,0,0) (S 805,800,219) (S 494,1091,1090) (S 1274,2185,2186) (S 1664,2186,1503) (S 696,263,1234) (S 115,270,271) (S 1709,271,2030) (S 1710,2030,1582) (S 1143,1582,2051) (S 2122,1582,1609) (S 1953,1581,1608) (S 804,1608,1609) (S 2039,1609,2507) (S 679,1409,1410) (S 2040,1409,2507) (S 1844,2507,2506) (S 1952,2506,1608) (S 803,1608,1607) (S 1923,1607,2505) (S 1904,2505,1021) (S 1609,2013,1021) (S 1610,1021,1771) (S 144,347,348) (S 1636,348,2505) (S 1846,2505,348) (S 1637,2505,2506) (S 1845,2506,2505) (S 1922,2505,1021) (S 1659,1503,2527) (S 1724,2527,1379) (S 663,1379,1380) (S 1785,1380,777) (S 1202,1816,2121) (S 1967,777,777) (S 341,777,778) (S 902,778,1743) (S 899,1743,1744) (S 1179,1744,2093) (S 1773,2093,689) (S 1812,689,1776) (S 1474,520,2377) (S 1140,2046,929) (S 1541,662,2428) (S 400,395,890) (S 505,889,995) (S 446,994,995) (S 167,393,392) (S 127,306,307) (S 330,307,158) (S 319,158,727) (S 391,727,420) (S 181,419,420) (S 317,727,158) (S 1223,384,1548) (S 1490,1548,393) (S 168,393,394) (S 169,394,395) (S 401,395,339) (S 140,339,329) (S 895,330,1737) (S 133,328,329) (S 1325,329,2248) (S 286,663,662) (S 285,661,660) (S 1663,930,2377) (S 1665,2377,2081) (S 490,1079,1074) (S 1044,1943,1944) (S 2019,1944,2096) (D 0,0,0)
 0 1 10 24802 74276  25 (D 0,0,0) (S 1084,179,178) (S 772,178,1556) (S 67,176,175) (S 2134,1573,845) (S 1981,845,2736) (S 2133,2736,845) (S 369,845,41) (S 368,41,844) (S 782,844,731) (S 320,731,732) (S 780,731,42) (S 802,42,41) (S 1013,844,107) (S 1776,107,360) (S 1793,360,2635) (S 1580,2454,107) (S 1581,107,102) (S 35,102,103) (S 1777,103,107) (S 37,107,108) (S 2046,108,360) (S 771,179,1552) (S 769,1552,1553) (D 0,0,0)
 0 1 11 24480 69523  63 (D 0,0,0) (S 411,919,918) (S 1183,2090,1831) (S 587,1244,1247) (S 1136,1247,833) (S 1137,833,753) (S 329,753,754) (S 328,753,715) (S 311,715,714) (S 875,482,1709) (S 876,1709,931) (S 2016,2752,927) (S 2035,927,2763) (S 2146,2763,2750) (S 415,925,470) (S 1567,2319,1867) (S 994,1867,1866) (S 1099,1688,1996) (S 856,1688,1689) (S 855,1689,1688) (S 1098,1688,928) (S 1097,1995,928) (S 1049,881,1686) (S 854,1686,1687) (S 484,1069,1070) (S 485,1070,880) (S 486,880,720) (S 1395,720,2319) (S 1568,2319,1271) (S 2008,1271,926) (S 416,926,470) (S 198,470,474) (S 199,474,475) (S 223,475,537) (S 414,537,813) (S 1806,813,746) (S 944,746,1809) (S 2091,1385,2757) (S 2093,2120,2641) (S 2094,2641,2003) (S 1104,2003,974) (S 437,974,975) (S 758,1537,1240) (S 582,1239,1240) (S 678,1240,200) (S 1741,217,2529) (S 1661,2529,1683) (S 572,1217,879) (S 393,879,742) (S 1823,742,537) (S 243,583,582) (S 1441,2353,582) (S 244,583,584) (S 990,584,1861) (S 989,1861,1606) (S 2102,2798,2799) (S 995,1868,1860) (S 988,1860,1606) (S 801,1606,895) (S 192,446,447) (S 193,447,448) (S 1127,448,2038) (D 0,0,0)
 0 1 12 24873 79345  59 (D 0,0,0) (S 1045,1940,1945) (S 697,1436,1234) (S 1355,2038,448) (S 1356,448,2037) (S 1133,2037,1243) (S 1711,269,2565) (S 403,899,896) (S 2119,898,1861) (S 1809,1861,584) (S 1808,584,495) (S 357,495,813) (S 358,813,746) (S 683,746,1417) (S 1424,2100,722) (S 315,722,723) (S 1472,2376,724) (S 2044,724,2766) (S 418,933,262) (S 714,1164,1150) (S 715,1150,381) (S 526,1150,383) (S 713,1458,382) (S 163,382,381) (S 2048,1461,933) (S 1213,933,327) (S 1367,326,2289) (S 1422,2289,2339) (S 908,1760,1761) (S 1421,1760,2339) (S 2092,2757,2120) (S 1201,2120,1741) (S 955,1741,746) (S 1807,813,495) (S 1848,584,2661) (S 2095,2795,584) (S 2096,584,1450) (S 708,1450,1451) (S 707,1450,1449) (S 1293,2218,2219) (S 1294,2219,2197) (S 1277,2197,2198) (S 2124,1772,2810) (S 896,1738,1739) (S 1255,2134,2167) (S 1253,2167,2050) (S 1142,2050,1629) (S 1627,1629,2148) (S 978,1845,1846) (S 2131,1845,2812) (S 1220,584,583) (S 1221,583,1034) (S 1443,2040,1605) (S 800,1605,1604) (S 799,1603,1604) (S 1128,1604,1820) (S 956,1820,1821) (S 1129,1820,1235) (D 0,0,0)
 0 1 13 22772 81235  47 (D 0,0,0) (S 1199,437,2117) (S 89,219,220) (S 210,202,502) (S 1083,502,179) (S 69,179,178) (S 1867,1551,2630) (S 808,1612,118) (S 2115,119,2805) (S 703,1448,1168) (S 704,1168,118) (S 705,118,117) (S 706,117,431) (S 867,431,1085) (S 569,1086,282) (S 118,282,283) (S 119,283,284) (S 1089,284,855) (S 376,855,853) (S 375,853,854) (S 1644,854,1216) (S 1096,1215,283) (S 1090,1991,283) (S 1093,283,1994) (S 2112,284,1613) (S 2111,1613,1143) (S 519,1143,1142) (S 811,1142,1614) (S 812,1614,1615) (S 1701,2520,2521) (S 2137,2815,2512) (S 571,1216,1212) (S 566,71,1211) (S 1385,1211,2300) (S 1386,2300,2303) (S 1382,2300,72) (S 570,1216,1215) (S 1388,2305,117) (S 1270,114,2182) (S 489,1078,1077) (S 70,179,180) (S 71,180,181) (S 72,184,171) (S 1870,172,1181) (S 5,15,16) (S 6,16,17) (D 0,0,0)
 0 1 14 24856 104230  59 (D 0,0,0) (S 1545,898,1861) (S 279,647,646) (S 1397,646,2298) (S 1976,1027,1541) (S 730,1480,1481) (S 1103,1993,2001) (S 1092,1993,1481) (S 1100,1997,1992) (S 1101,1992,1998) (S 1091,1992,1481) (S 731,1481,1482) (S 1975,1480,693) (S 301,693,694) (S 1585,2458,693) (S 116,278,279) (S 475,1027,906) (S 476,1056,906) (S 1873,905,2578) (S 1714,2569,2570) (S 1872,2680,2569) (S 1465,2372,2000) (S 1466,2000,1482) (S 1467,1482,2216) (S 1289,2216,775) (S 1687,775,350) (S 302,350,697) (S 720,1466,120) (S 43,120,121) (S 2061,343,359) (S 36,107,106) (S 1437,106,343) (S 555,343,1191) (S 1706,2563,1191) (S 554,1191,121) (S 1579,121,2453) (S 2139,342,2650) (S 1822,2650,2554) (S 1697,2554,2555) (S 2138,2555,342) (S 1698,342,350) (S 1088,1989,1990) (S 1377,1990,1827) (S 959,1827,1828) (S 777,1569,698) (S 303,698,425) (S 184,425,426) (S 1797,425,360) (S 1456,360,1933) (S 791,1589,1590) (S 1394,2317,1177) (S 546,1177,1178) (S 1660,1178,2528) (S 1756,2528,2600) (S 1757,2608,2591) (S 1739,2591,1933) (S 1750,2602,2590) (S 1738,2590,1933) (D 0,0,0)
 0 1 15 24580 70780  71 (D 0,0,0) (S 1059,32,768) (S 297,353,684) (S 1570,684,2445) (S 298,684,685) (S 1688,685,2067) (S 1154,2067,2066) (S 1759,2066,2613) (S 2087,2613,354) (S 148,354,353) (S 1857,353,768) (S 1058,1962,768) (S 1445,768,1358) (S 650,1358,33) (S 600,1267,33) (S 601,33,1268) (S 1576,1268,2451) (S 626,1318,1319) (S 2118,1318,2790) (S 2088,2790,1255) (S 593,1255,1256) (S 2123,1256,1358) (S 336,768,769) (S 1524,210,211) (S 1827,2651,2382) (S 1484,2382,2348) (S 1481,2306,2381) (S 1482,2381,748) (S 1533,748,1623) (S 817,1623,1622) (S 712,1456,1457) (S 2033,1457,2088) (S 1175,2088,1985) (S 1174,1985,803) (S 352,803,802) (S 351,721,802) (S 2009,802,1984) (S 2034,1272,927) (S 417,770,932) (S 1604,954,2425) (S 1540,2425,2426) (S 1551,2426,2063) (S 1152,2063,774) (S 339,774,773) (S 338,773,210) (S 337,772,210) (S 84,210,211) (S 1086,211,1986) (S 1826,1986,750) (S 1824,750,2427) (S 1831,2427,2012) (S 1109,2012,749) (S 324,748,749) (S 325,749,750) (S 1893,2654,1973) (S 1862,2675,2676) (S 1866,2676,2588) (S 1735,2588,1974) (S 1898,1974,2492) (S 2028,2493,2491) (S 230,553,554) (S 229,553,552) (S 794,1597,1597) (S 963,552,1088) (S 497,1098,1087) (S 493,1087,1088) (S 1626,1089,2497) (S 1729,2497,2532) (S 1668,2532,2533) (S 1669,2533,1973) (D 0,0,0)
 0 1 16 24949 70171  50 (D 0,0,0) (S 747,1513,1514) (S 748,1514,1515) (S 1185,1515,1657) (S 836,1657,1656) (S 2075,1656,864) (S 1060,864,1963) (S 1148,1963,2056) (S 1158,2056,2073) (S 1947,864,76) (S 1048,76,1920) (S 1892,76,1140) (S 518,1140,409) (S 250,409,600) (S 987,600,1859) (S 1196,409,2107) (S 501,1094,595) (S 175,409,77) (S 1891,1140,123) (S 997,123,1873) (S 1678,2544,821) (S 1236,123,2138) (S 1228,322,2137) (S 44,122,123) (S 2072,123,20) (S 1948,123,2694) (S 1890,2694,76) (S 1945,76,2717) (S 261,616,609) (S 257,609,610) (S 1050,1949,609) (S 1160,609,1858) (S 986,1857,1858) (S 1728,1942,2583) (S 1933,2713,2583) (S 381,76,21) (S 535,1159,21) (S 8,21,20) (S 1235,2146,564) (S 236,564,565) (S 1187,1515,1713) (S 1162,1515,63) (S 1360,456,2266) (S 1513,1202,2409) (S 1005,1354,1887) (S 1499,2398,2397) (S 1783,2627,2397) (S 1512,2402,2409) (S 1732,2141,2424) (D 0,0,0)
 0 1 17 24895 71892  78 (D 0,0,0) (S 304,700,699) (S 1917,2691,570) (S 238,570,571) (S 1894,2695,1785) (S 1895,1785,75) (S 2145,74,2087) (S 1655,2522,687) (S 2070,687,586) (S 682,601,1414) (S 2038,602,2759) (S 420,711,935) (S 470,935,1053) (S 940,935,1806) (S 939,1806,912) (S 408,912,911) (S 638,911,1335) (S 637,1335,229) (S 636,229,313) (S 129,313,312) (S 291,312,672) (S 733,1485,1484) (S 1315,1484,2245) (S 1913,2245,2701) (S 1907,2701,1122) (S 510,1122,1123) (S 1461,1122,1279) (S 1654,1279,2244) (S 604,1279,1278) (S 1720,1278,1120) (S 1932,1120,1121) (S 1927,1121,2624) (S 1774,2624,2623) (S 1912,2708,2623) (S 1931,1122,1121) (S 509,1121,1120) (S 1719,1120,2577) (S 1915,2618,2624) (S 1914,2624,2701) (S 1775,2245,2625) (S 1928,2625,1705) (S 1755,671,1300) (S 1376,1300,230) (S 1477,556,2378) (S 1358,2283,2284) (S 1752,2604,2378) (S 1638,556,523) (S 218,523,156) (S 1596,2468,2469) (S 1608,2468,2479) (S 634,1332,157) (S 1605,1391,2476) (S 1606,2476,2478) (S 670,1391,1392) (S 1677,1460,2543) (S 1574,2447,1459) (S 1387,2123,2304) (S 1207,2123,1373) (S 660,1373,1374) (S 1457,1373,1459) (S 1383,1459,2302) (S 1153,2065,556) (S 1373,230,228) (S 1188,911,2099) (S 1204,2099,1916) (S 1038,1916,1917) (S 1032,1917,1916) (S 2007,1916,2007) (S 1107,2007,1806) (S 234,561,560) (S 1700,560,1736) (S 894,1736,1723) (S 886,1723,938) (S 468,711,561) (S 2024,561,2759) (S 251,602,601) (S 1835,589,2086) (D 0,0,0)
 0 1 18 24862 59793  59 (D 0,0,0) (S 1537,1204,2091) (S 1536,2091,2287) (S 1366,2287,2288) (S 1365,2287,737) (S 2005,1508,2465) (S 1954,2466,2691) (S 1955,2691,152) (S 65,169,143) (S 51,143,144) (S 56,144,152) (S 1493,152,2086) (S 1173,2086,2087) (S 1918,2709,2605) (S 1753,2605,303) (S 1597,2471,2470) (S 1816,2470,1440) (S 700,1441,1442) (S 1434,1443,2350) (S 1347,2265,877) (S 2000,878,2739) (S 699,1439,1440) (S 878,1514,1026) (S 457,1026,1025) (S 887,1025,1724) (S 492,1025,454) (S 194,454,455) (S 865,455,1020) (S 455,1019,1020) (S 864,1020,1513) (S 746,1513,1512) (S 1598,1512,2472) (S 1599,2472,572) (S 872,1350,1704) (S 871,1702,64) (S 941,1703,1807) (S 239,572,571) (S 751,571,1520) (S 1363,739,738) (S 1653,2518,2519) (S 1348,2267,2268) (S 2004,2268,737) (S 1364,737,738) (S 321,738,739) (S 1344,739,456) (S 743,1506,1507) (S 2021,1507,1508) (S 46,127,128) (S 2020,1508,2754) (S 2017,2754,737) (S 2018,737,2756) (S 422,940,939) (S 1625,939,762) (S 1215,1280,558) (S 232,558,557) (S 937,557,815) (S 359,815,814) (S 1073,1975,814) (D 0,0,0)
 0 1 19 24991 81407  82 (D 0,0,0) (S 845,1671,1558) (S 1219,613,1286) (S 616,1306,1305) (S 615,1304,1305) (S 901,1305,1372) (S 659,1372,1336) (S 1865,1336,1337) (S 1747,2595,1337) (S 1651,458,2517) (S 639,1337,1336) (S 849,1336,1678) (S 885,1678,1372) (S 1543,1372,2429) (S 1762,2430,1464) (S 717,1464,1465) (S 1590,1167,2463) (S 542,1167,1166) (S 1690,1166,1834) (S 967,1834,1465) (S 152,361,362) (S 966,362,1464) (S 839,1464,665) (S 1062,665,1464) (S 287,665,664) (S 1225,664,2140) (S 611,1293,1294) (S 613,1294,1295) (S 121,293,241) (S 101,240,241) (S 1888,294,2692) (S 1889,2692,2693) (S 2077,2693,182) (S 225,540,539) (S 224,539,538) (S 1944,2668,2707) (S 1911,2707,1563) (S 1858,2666,2567) (S 1968,2566,539) (S 1966,539,2566) (S 1965,2580,2566) (S 1856,2567,2666) (S 1859,2666,2667) (S 1910,2706,2707) (S 1982,2707,2732) (S 1974,2732,2711) (S 1960,2711,1093) (S 1195,2105,1954) (S 1205,1954,272) (S 1640,2108,2509) (S 495,1092,1093) (S 1973,2711,1706) (S 1713,1705,1485) (S 1916,1485,2572) (S 1716,2572,667) (S 1672,494,2154) (S 1673,2154,2536) (S 1674,2537,2538) (S 31,91,92) (S 1684,2546,2547) (S 206,494,493) (S 1480,674,493) (S 1940,493,2572) (S 1860,2671,1299) (S 1000,1298,1848) (S 1552,2437,1847) (S 979,1847,1848) (S 1288,1844,2215) (S 977,1843,1844) (S 1287,1844,1959) (S 1055,1959,1958) (S 1642,2511,2510) (S 1970,2510,2729) (S 1983,2729,1300) (S 1553,1300,230) (S 95,228,229) (S 2043,2768,1335) (S 307,710,711) (S 1702,2557,700) (S 1186,763,2098) (S 605,1280,1281) (D 0,0,0)
 0 1 20 20620 57492  67 (D 0,0,0) (S 589,1250,819) (S 1883,762,956) (S 429,959,940) (S 515,940,1133) (S 2029,2760,818) (S 360,818,789) (S 1226,2141,1203) (S 1514,1202,2092) (S 1178,2092,2091) (S 1177,2091,2006) (S 1105,2006,1204) (S 1485,2384,1600) (S 1558,1600,790) (S 796,790,1600) (S 1486,1600,2214) (S 1286,2214,788) (S 345,788,787) (S 1821,1463,2385) (S 1285,790,2213) (S 1630,2401,2501) (S 1501,2401,338) (S 139,338,337) (S 52,145,146) (S 66,145,170) (S 2140,2760,1429) (S 514,940,957) (S 1884,1769,2516) (S 1689,2549,2550) (S 1649,2516,1769) (S 2116,2516,1790) (S 1999,2593,998) (S 1469,2373,2374) (S 2076,2540,2785) (S 1744,2593,2296) (S 1743,2296,1639) (S 333,761,626) (S 267,626,627) (S 450,1005,1006) (S 2144,2747,2612) (S 825,1638,1639) (S 1754,1539,1790) (S 2141,2816,1926) (S 1035,1926,941) (S 915,941,1769) (S 914,1769,1277) (S 603,1277,1276) (S 1042,1937,1275) (S 1043,1275,1938) (S 609,1290,1281) (S 1184,1281,1289) (S 608,1289,1281) (S 1209,2124,2125) (S 2050,2124,1250) (S 1019,1250,819) (S 1224,819,147) (S 53,147,148) (S 58,148,155) (S 1796,155,2637) (S 834,155,1652) (S 1522,265,2417) (S 1995,265,2742) (S 2006,2742,1698) (S 863,1697,1698) (S 2099,266,2704) (S 113,266,265) (D 0,0,0)
 0 1 21 24175 56965  70 (D 0,0,0) (S 1161,2075,438) (S 350,797,798) (S 1198,798,744) (S 2053,745,2776) (S 2052,2776,1232) (S 580,1231,1232) (S 583,1232,1241) (S 1398,1232,1301) (S 1639,2508,576) (S 235,563,562) (S 793,1593,193) (S 76,193,192) (S 1786,192,195) (S 96,195,231) (S 245,587,588) (S 1930,587,231) (S 249,593,599) (S 1217,599,9) (S 4,9,10) (S 752,1526,1527) (S 2030,1527,1525) (S 27,82,83) (S 254,605,592) (S 247,592,593) (S 248,593,598) (S 253,598,604) (S 840,604,1660) (S 1988,1660,191) (S 75,191,190) (S 1926,514,1616) (S 813,1616,1617) (S 1283,1616,2209) (S 709,513,1309) (S 619,1309,1308) (S 618,1308,133) (S 1023,133,1906) (S 48,133,134) (S 617,1307,133) (S 1022,133,1308) (S 1021,1308,1309) (S 1977,1309,1246) (S 1978,1246,2734) (S 1828,1246,1245) (S 1899,2697,1245) (S 1900,1245,1308) (S 1901,1308,2698) (S 1989,2698,134) (S 1722,135,1641) (S 827,1641,1640) (S 826,1640,208) (S 83,208,209) (S 180,208,418) (S 1840,304,408) (S 176,408,410) (S 174,408,364) (S 74,188,189) (S 126,304,208) (S 828,1641,1642) (S 1963,1643,2725) (S 830,1649,1309) (S 1957,1309,513) (S 1503,2403,2404) (S 1921,2404,62) (S 625,60,1317) (S 1229,1317,1531) (S 759,1538,1530) (S 1961,2714,2631) (S 1794,562,2636) (D 0,0,0)
 0 1 22 24555 62052  82 (D 0,0,0) (S 1190,1905,1249) (S 280,652,445) (S 1834,1610,2655) (S 1323,1892,422) (S 1460,2366,422) (S 183,423,424) (S 1159,2069,2070) (S 1156,2070,2071) (S 1155,2069,1454) (S 719,1454,1333) (S 1303,1333,287) (S 120,287,288) (S 961,288,1830) (S 960,1829,1830) (S 1146,2052,1830) (S 962,288,1823) (S 958,1823,1824) (S 957,1091,1822) (S 1182,1091,791) (S 346,791,792) (S 1833,792,219) (S 2031,795,1084) (S 491,1084,1083) (S 1707,1083,1624) (S 1708,1624,2564) (S 832,1624,1651) (S 833,1651,796) (S 818,796,1624) (S 1450,1631,2362) (S 1648,2362,536) (S 1254,536,488) (S 204,488,487) (S 203,486,487) (S 1483,487,1784) (S 927,1784,403) (S 928,403,1112) (S 998,1113,964) (S 432,964,335) (S 137,334,335) (S 172,335,402) (S 1681,402,461) (S 201,462,479) (S 469,1052,401) (S 171,399,398) (S 2001,398,2746) (S 2074,2783,2784) (S 1478,2379,2380) (S 1650,2380,1956) (S 1054,1956,1957) (S 2108,1957,2665) (S 1854,2665,2488) (S 1616,2488,2128) (S 1210,2128,2129) (S 837,686,1658) (S 299,686,629) (S 268,629,628) (S 1864,628,1894) (S 1011,1894,254) (S 108,254,253) (S 1451,253,1637) (S 824,1637,1636) (S 1742,1636,2592) (S 2002,2592,398) (S 1680,402,1881) (S 999,1881,964) (S 1258,536,2172) (S 1454,2364,2027) (S 1119,2027,1252) (S 590,1251,1252) (S 591,1252,1253) (S 1319,1253,1287) (S 1896,1287,2364) (S 1897,2524,2074) (S 191,443,442) (S 195,463,464) (S 1855,463,442) (S 1455,442,2027) (S 2098,2797,1287) (S 607,1287,1288) (S 1310,1288,2236) (D 0,0,0)
 0 1 23 24533 91971  55 (D 0,0,0) (S 1805,1876,1631) (S 258,611,612) (S 651,545,613) (S 1800,613,1352) (S 274,639,638) (S 273,637,638) (S 1804,638,1924) (S 1034,1924,1923) (S 1686,2548,1923) (S 1529,1923,639) (S 711,1455,1065) (S 496,1096,1065) (S 724,639,670) (S 290,669,670) (S 1419,1058,2149) (S 1986,2334,1865) (S 740,1500,1499) (S 745,1510,1511) (S 996,1510,1869) (S 1946,1869,1468) (S 723,1468,238) (S 965,238,1833) (S 2142,1833,1058) (S 478,1058,167) (S 477,167,1057) (S 498,1099,1100) (S 1685,1099,1088) (S 1737,2589,1877) (S 1736,2589,2533) (S 1245,2162,2164) (S 816,1621,1620) (S 1163,1620,2076) (S 1029,1912,1571) (S 778,1571,1570) (S 1033,1570,1918) (S 222,534,533) (S 1216,533,2131) (S 1692,2131,2227) (S 770,1555,1554) (S 835,1653,1554) (S 2027,2670,2672) (S 1243,2162,2163) (S 1244,2163,1066) (S 483,1066,1067) (S 488,1067,1076) (S 1749,137,2598) (S 228,550,551) (S 1384,1874,2116) (S 1414,2116,1882) (S 1001,1882,1883) (S 1825,2382,2651) (S 1699,2556,31) (S 1071,31,566) (D 0,0,0)
 0 1 24 24813 81122  64 (D 0,0,0) (S 1730,1285,1337) (S 100,236,237) (S 1829,2652,1765) (S 1877,1765,1842) (S 976,1842,1841) (S 975,1841,1732) (S 892,1732,1733) (S 1079,1840,1978) (S 1078,1840,1977) (S 1077,1977,1763) (S 1076,1976,1763) (S 910,1763,1731) (S 891,1730,1731) (S 1667,2273,2323) (S 1778,2626,2323) (S 1748,13,2597) (S 1779,14,2323) (S 1405,2323,1717) (S 1406,1717,2273) (S 1350,2273,2274) (S 1803,2282,1838) (S 1798,2639,1838) (S 1676,860,2541) (S 378,858,859) (S 1452,2271,2324) (S 1407,2324,2282) (S 1357,2282,2110) (S 1197,2110,2111) (S 1705,2111,1977) (S 1704,1977,1840) (S 973,1840,1839) (S 1354,1839,2279) (S 1703,2558,2279) (S 974,1840,1732) (S 1876,2684,1842) (S 1830,1842,1765) (S 911,1765,1764) (S 1758,2610,1764) (S 912,1765,733) (S 820,1632,1633) (S 2126,1633,2809) (S 2121,2809,2420) (S 1528,2420,1504) (S 722,1012,1016) (S 453,1016,1017) (S 2120,2808,1504) (S 1548,2434,1504) (S 742,1504,1505) (S 1549,2436,466) (S 197,466,467) (S 196,466,465) (S 252,465,603) (S 430,948,960) (S 1998,2745,2314) (S 426,603,947) (S 425,947,945) (S 424,945,946) (S 931,1682,235) (S 99,235,236) (S 1448,2358,961) (S 798,1602,1601) (S 880,1372,1678) (D 0,0,0)
 0 1 25 24960 87097  61 (D 0,0,0) (S 165,389,388) (S 361,824,825) (S 1390,825,2311) (S 624,1316,1315) (S 623,1315,1314) (S 1832,2654,750) (S 1464,723,2371) (S 318,723,724) (S 1211,724,704) (S 305,704,705) (S 306,705,706) (S 2032,2762,2761) (S 2089,2791,2761) (S 843,1666,1667) (S 1462,2367,705) (S 310,707,645) (S 1412,2327,2112) (S 1658,2112,2113) (S 1527,2113,1665) (S 1526,1665,441) (S 190,441,440) (S 1519,2414,440) (S 841,1665,1664) (S 1584,1664,1788) (S 929,1788,1789) (S 2015,1787,1767) (S 2014,1767,1663) (S 2013,1663,507) (S 2012,1152,1699) (S 2011,2751,1699) (S 866,1699,526) (S 220,526,525) (S 219,524,525) (S 528,525,1152) (S 1586,2460,506) (S 211,505,506) (S 1587,506,1783) (S 913,1768,1767) (S 537,1161,783) (S 536,314,1160) (S 130,315,316) (S 539,316,1163) (S 541,1163,316) (S 1837,315,2657) (S 1836,2656,2657) (S 540,1164,261) (S 1157,1165,2072) (S 1369,2072,380) (S 1368,380,326) (S 1212,327,2127) (S 322,740,741) (S 1745,741,2369) (S 1847,741,724) (S 316,724,723) (S 1463,723,2370) (S 1715,2370,2571) (S 1746,2571,2340) (S 1423,2340,2100) (S 2090,2792,2793) (D 0,0,0)
 0 1 26 24832 87560  29 (D 0,0,0) (S 797,1560,633) (S 903,1752,1753) (S 1057,1416,1961) (S 1056,1416,1960) (S 1396,2320,1960) (S 278,646,645) (S 1181,2095,2094) (S 1520,2094,1030) (S 1885,679,2688) (S 2083,2787,2413) (S 2082,2413,657) (S 283,656,657) (S 2081,657,1676) (S 2080,2786,2622) (S 1772,2622,1675) (S 1771,2621,1675) (S 847,1676,680) (S 848,680,1172) (S 544,1172,509) (S 213,509,510) (S 212,509,508) (S 296,508,681) (S 295,508,680) (S 294,680,679) (S 459,678,1029) (S 458,1029,1028) (S 1380,1028,2298) (D 0,0,0)
 0 1 27 23748 55754  68 (D 0,0,0) (S 1118,2026,2005) (S 1420,2336,2004) (S 1411,389,1376) (S 661,1376,1375) (S 25,79,78) (S 440,983,78) (S 1362,78,2286) (S 441,984,154) (S 57,154,153) (S 443,986,984) (S 1361,984,78) (S 1164,78,1395) (S 671,1395,1396) (S 1620,1396,153) (S 1505,153,823) (S 599,1266,978) (S 91,223,224) (S 594,224,1257) (S 873,1257,1315) (S 1438,1315,1462) (S 710,1453,1452) (S 949,1452,545) (S 951,545,1718) (S 881,1718,1426) (S 688,1426,1425) (S 1544,1424,1952) (S 1053,1952,1303) (S 1555,1424,1286) (S 1431,1107,1718) (S 1956,1718,1346) (S 645,1346,545) (S 652,545,1359) (S 1725,1359,903) (S 1887,903,2690) (S 406,903,160) (S 282,160,654) (S 653,1359,654) (S 654,654,1360) (S 59,159,160) (S 60,160,161) (S 227,161,548) (S 646,548,545) (S 948,1813,545) (S 259,545,612) (S 859,612,1453) (S 860,1453,1462) (S 716,1462,546) (S 862,542,1696) (S 356,542,812) (S 2127,812,2811) (S 861,542,1695) (S 950,1695,547) (S 1321,1751,1671) (S 1322,1671,1316) (S 598,1264,1265) (S 1227,2142,223) (S 439,978,977) (S 1838,977,1266) (S 1400,2311,2119) (S 1550,2119,1535) (S 981,1850,1851) (S 982,1851,1852) (S 1309,1852,2233) (S 819,1630,1625) (S 831,1625,1650) (S 1453,1083,1331) (D 0,0,0)
 0 1 28 24295 75122  73 (D 0,0,0) (S 271,633,634) (S 1619,996,1054) (S 1843,1054,624) (S 1439,623,1137) (S 701,1137,716) (S 312,716,708) (S 386,708,716) (S 684,1138,624) (S 266,624,623) (S 265,623,622) (S 898,622,1742) (S 264,622,621) (S 1886,2689,778) (S 1326,2250,2249) (S 2037,2249,1101) (S 499,1101,1102) (S 1031,1102,1914) (S 2036,2764,1101) (S 2056,831,459) (S 2057,459,1187) (S 2059,2038,1242) (S 2060,1242,2494) (S 1623,2494,2014) (S 327,269,752) (S 2132,894,492) (S 205,492,482) (S 392,879,743) (S 442,888,985) (S 853,743,1684) (S 852,1684,1683) (S 87,198,215) (S 86,215,214) (S 732,214,1483) (S 734,1483,281) (S 117,281,280) (S 735,280,1487) (S 88,198,216) (S 1304,216,199) (S 1305,1130,199) (S 858,305,1691) (S 938,1690,1509) (S 744,1509,1473) (S 725,1472,1473) (S 857,1690,305) (S 77,196,197) (S 78,198,199) (S 1306,199,216) (S 814,1618,1619) (S 815,1619,742) (S 323,742,747) (S 394,747,742) (S 897,1619,1740) (S 1433,1740,747) (S 395,747,746) (S 462,1034,897) (S 2148,899,2565) (S 784,447,448) (S 783,449,450) (S 581,450,1235) (S 1135,1235,1247) (S 1302,2185,2223) (S 2105,2185,2802) (S 1301,2185,874) (S 1250,874,1749) (S 1252,1749,2093) (S 1416,2333,519) (S 471,519,1054) (S 447,996,997) (S 2101,997,2438) (S 1554,2438,1832) (S 964,1832,1831) (D 0,0,0)
 0 1 29 24204 93470  67 (D 0,0,0) (S 807,1611,1610) (S 806,1610,800) (S 1479,219,1283) (S 606,1283,1284) (S 1314,2237,2242) (S 1675,2242,1080) (S 1430,1080,1082) (S 919,1650,1090) (S 1561,1832,2310) (S 1389,2310,996) (S 1937,70,2715) (S 277,641,642) (S 276,640,641) (S 1936,641,2715) (S 1939,2715,2489) (S 629,1321,1322) (S 2022,1321,2748) (S 335,490,766) (S 479,766,1059) (S 1334,1059,2255) (S 2026,2255,2258) (S 1337,2258,1932) (S 1040,1932,1931) (S 1327,1931,2251) (S 1329,2251,2077) (S 588,1038,1248) (S 17,49,48) (S 575,48,1222) (S 1166,1226,2079) (S 1617,2079,2489) (S 1618,2489,50) (S 842,355,1198) (S 557,1197,1198) (S 2151,1207,1224) (S 576,1223,522) (S 463,1036,1035) (S 597,1263,1262) (S 2086,2257,1781) (S 923,1781,1780) (S 465,1045,1044) (S 2025,1044,963) (S 347,794,793) (S 630,962,1325) (S 632,631,1325) (S 577,1223,1207) (S 504,70,69) (S 846,69,640) (S 445,640,185) (S 73,185,186) (S 438,186,976) (S 1331,2252,640) (S 1818,640,2647) (S 1126,2035,2036) (S 1819,69,636) (S 272,635,636) (S 1820,69,2648) (S 24,69,70) (S 1938,70,1220) (S 574,1221,390) (S 1693,268,1146) (S 1440,1146,2352) (S 1531,2352,2422) (S 1765,2422,2080) (S 348,796,795) (S 522,795,220) (D 0,0,0)
 0 1 30 24437 80549  71 (D 0,0,0) (S 655,1361,1362) (S 755,1535,1139) (S 971,1139,1835) (S 972,1835,1836) (S 1517,1836,1980) (S 1839,1266,2490) (S 1622,2490,1837) (S 1004,173,1886) (S 1784,1886,1418) (S 313,717,203) (S 80,203,173) (S 662,1378,1377) (S 970,1377,174) (S 1468,174,1837) (S 1504,1837,1266) (S 1402,1266,1980) (S 1401,1980,2311) (S 904,1754,1757) (S 2049,2772,1757) (S 1530,1154,2352) (S 643,206,1342) (S 1214,1342,1946) (S 1047,1042,1947) (S 464,1042,1043) (S 1046,1042,1946) (S 1727,1342,2582) (S 1408,51,2325) (S 1409,2325,1198) (S 1410,1198,226) (S 93,226,227) (S 1559,225,351) (S 757,377,861) (S 97,232,233) (S 98,233,234) (S 107,251,252) (S 110,252,256) (S 879,1714,1670) (S 844,1668,257) (S 111,257,258) (S 362,258,826) (S 984,1854,1855) (S 2068,980,258) (S 1781,258,1856) (S 985,1856,1715) (S 1766,1715,1496) (S 737,1496,1495) (S 1208,1495,286) (S 122,295,285) (S 288,286,358) (S 150,358,357) (S 153,357,363) (S 952,1815,363) (S 1399,357,363) (S 953,363,1536) (S 756,1536,377) (S 474,377,351) (S 92,225,226) (S 128,310,311) (S 353,804,356) (S 149,356,317) (S 146,317,351) (S 377,857,856) (S 481,856,1061) (S 131,317,318) (S 147,317,352) (S 18,51,52) (S 560,52,1205) (S 592,1205,391) (S 1165,871,1708) (D 0,0,0)
 0 1 31 24268 77086  48 (D 0,0,0) (S 63,167,166) (S 64,166,168) (S 1815,2607,2645) (S 1814,2607,1401) (S 693,1433,1401) (S 687,1401,1400) (S 947,1400,883) (S 1459,2365,735) (S 1070,735,883) (S 1942,883,2603) (S 1943,2603,882) (S 721,982,1467) (S 396,882,883) (S 397,883,884) (S 1941,2716,884) (S 1813,884,1401) (S 675,1399,555) (S 231,555,554) (S 1523,554,2418) (S 209,501,500) (S 208,500,499) (S 207,497,498) (S 1721,2579,1260) (S 596,1260,1261) (S 1061,1261,1258) (S 595,1258,1259) (S 658,1369,499) (S 1470,500,2115) (S 423,943,942) (S 433,942,965) (S 934,965,1798) (S 933,1798,1797) (S 932,1797,1766) (S 473,1055,236) (S 681,1031,1411) (S 460,1031,236) (S 472,736,236) (S 692,236,1431) (S 691,1431,1430) (S 1863,2677,1430) (S 1841,236,591) (S 461,591,1007) (S 451,1007,1008) (S 1317,1008,591) (S 246,591,236) (S 431,961,953) (D 0,0,0)
 0 1 32 24578 69773  73 (D 0,0,0) (S 1562,1831,520) (S 363,828,827) (S 1168,264,2080) (S 1167,2080,1157) (S 532,1157,1146) (S 531,1146,1153) (S 529,1153,1154) (S 882,1154,1719) (S 884,1719,1722) (S 1378,2297,1722) (S 1694,1146,1189) (S 553,1189,299) (S 125,299,249) (S 106,249,250) (S 1696,250,2553) (S 1695,1189,250) (S 123,249,296) (S 1359,2054,2285) (S 1372,2285,2293) (S 1534,242,2423) (S 1656,2423,2351) (S 1657,2351,2526) (S 1435,2351,243) (S 102,243,242) (S 552,1188,299) (S 525,1149,1145) (S 524,1145,247) (S 523,247,1148) (S 925,1707,1782) (S 1593,1782,2247) (S 1320,2247,206) (S 1052,206,1879) (S 935,1800,320) (S 354,806,807) (S 642,807,206) (S 641,1341,206) (S 82,206,207) (S 166,206,390) (S 924,390,1782) (S 1592,1782,870) (S 387,870,871) (S 926,1707,1148) (S 1295,1148,1196) (S 1298,1196,142) (S 270,632,141) (S 2149,141,2504) (S 1882,2504,126) (S 143,126,131) (S 47,131,132) (S 50,132,141) (S 49,139,140) (S 1112,139,324) (S 132,324,323) (S 1628,323,1447) (S 1594,1447,1427) (S 689,1427,1428) (S 694,1427,1434) (S 1632,1447,323) (S 1297,1190,2220) (S 1751,2220,2041) (S 94,15,17) (S 456,17,1021) (S 1905,1021,2700) (S 1906,2700,264) (S 112,264,263) (S 444,992,993) (S 677,1407,1408) (S 1333,2254,1397) (S 674,1397,263) (S 667,263,828) (S 1726,914,1907) (D 0,0,0)
 0 1 33 17428 33345  48 (D 0,0,0) (S 1189,1905,1770) (S 189,436,437) (S 1641,437,2117) (S 1200,2117,2118) (S 2051,2118,2122) (S 1203,2122,265) (S 556,1194,1193) (S 610,1193,1292) (S 1792,1292,2508) (S 1909,2634,2703) (S 1908,2703,797) (S 909,1762,797) (S 349,797,265) (S 187,265,433) (S 188,433,155) (S 1652,1654,763) (S 516,763,1134) (S 1613,1134,1721) (S 883,1721,1720) (S 943,1119,1302) (S 1037,1302,1546) (S 1718,1547,2574) (S 1861,2673,2573) (S 1717,2573,1547) (S 1036,1546,1889) (S 1007,1889,1890) (S 765,1546,1474) (S 764,1474,557) (S 1010,815,407) (S 726,407,1474) (S 1731,1474,1720) (S 1611,2480,559) (S 233,558,559) (S 1612,559,763) (S 1370,2290,2291) (S 1272,2184,1578) (S 785,1578,1579) (S 789,1579,1584) (S 1330,1584,819) (S 538,820,1162) (S 631,1326,1327) (S 633,1327,428) (S 185,427,428) (S 1375,2089,2183) (S 1176,2089,1330) (S 1415,265,438) (D 0,0,0)
 0 1 34 24878 60343  40 (D 0,0,0) (S 690,699,1429) (S 1498,2383,2396) (S 1106,1204,2006) (S 1539,2006,2091) (S 1538,2091,2092) (S 1515,2092,737) (S 380,737,862) (S 379,862,150) (S 728,1478,150) (S 729,150,862) (S 1391,862,2313) (S 1404,862,2281) (S 1403,2322,1681) (S 851,1681,1680) (S 1341,1680,2261) (S 1271,1747,1746) (S 900,1746,1747) (S 1764,2261,2617) (S 1763,2616,2261) (S 1151,2059,2060) (S 850,1679,1680) (S 1340,1680,2260) (S 1339,2260,150) (S 1516,150,2410) (S 54,149,150) (S 1338,2259,1626) (S 1300,1626,2222) (S 1342,1626,1627) (S 1997,1627,2743) (S 1996,1627,2270) (S 1349,2270,2269) (S 1972,2269,2221) (S 1971,2221,2731) (S 1991,2731,2299) (S 1381,2299,2259) (S 1352,2277,2259) (S 1299,1626,2221) (S 55,151,150) (D 0,0,0)
 0 1 35 24979 73963  68 (D 0,0,0) (S 1020,1904,1905) (S 256,607,608) (S 1206,608,275) (S 85,212,213) (S 741,1503,1502) (S 1925,1387,2344) (S 1428,2344,2058) (S 1149,2057,2058) (S 1150,2058,2055) (S 1147,2055,1032) (S 530,1154,1155) (S 1560,1155,2344) (S 1427,2344,827) (S 1426,827,264) (S 2023,2700,16) (S 1065,255,1196) (S 2128,1196,142) (S 2147,142,325) (S 1336,2256,2020) (S 1114,2020,2016) (S 1595,2021,1447) (S 1240,2150,2156) (S 1237,2150,2151) (S 1962,2155,2724) (S 1113,2018,2019) (S 2150,2019,2017) (S 559,1201,1200) (S 648,1200,1348) (S 1256,2170,1200) (S 558,1199,1200) (S 647,1200,1347) (S 1629,323,2499) (S 1631,2499,172) (S 809,172,126) (S 790,1585,1586) (S 1881,1586,126) (S 45,126,125) (S 145,125,349) (S 1379,349,1185) (S 551,1185,1184) (S 665,1383,1384) (S 141,344,130) (S 1924,1580,1607) (S 1903,1607,1580) (S 344,129,782) (S 142,346,129) (S 786,129,1580) (S 787,1580,1581) (S 788,1581,1582) (S 775,1565,1566) (S 2104,1583,2800) (S 1130,2042,1583) (S 1125,1583,2034) (S 1131,1583,2031) (S 1132,2031,269) (S 874,446,1023) (S 680,1023,1386) (S 666,1386,263) (S 1842,1611,918) (S 275,445,451) (S 1012,1895,451) (S 173,404,405) (S 1014,405,1896) (S 1015,1896,1897) (S 1039,1897,1930) (S 2107,1930,2226) (D 0,0,0)
 0 1 36 23707 67687  74 (D 0,0,0) (S 255,606,212) (S 2079,212,937) (S 980,1237,937) (S 2106,2796,1804) (S 2097,2796,937) (S 421,937,936) (S 281,512,653) (S 635,792,1333) (S 1087,1988,1987) (S 1296,1987,872) (S 164,386,387) (S 32,94,93) (S 1817,2646,93) (S 482,424,1062) (S 26,80,81) (S 1494,2392,1062) (S 1328,1893,1648) (S 215,515,516) (S 829,1648,1647) (S 838,1659,1647) (S 1009,1892,1893) (S 1335,1062,1634) (S 823,1634,1635) (S 2084,1635,1545) (S 38,112,100) (S 34,100,101) (S 766,101,1519) (S 750,1519,39) (S 12,39,40) (S 754,40,1533) (S 753,1529,1486) (S 1934,2403,2714) (S 1557,2308,967) (S 480,966,1050) (S 467,1050,1049) (S 621,1049,1311) (S 656,1311,1364) (S 889,1364,1727) (S 968,1727,1726) (S 888,1725,1726) (S 466,1047,1046) (S 1192,1728,1756) (S 1193,2103,2104) (S 1801,2104,1999) (S 1102,1999,575) (S 1880,574,2318) (S 1447,1591,2357) (S 1449,2357,2359) (S 1511,2408,2359) (S 1489,2390,1755) (S 269,619,620) (S 399,620,887) (S 263,620,619) (S 1789,2631,231) (S 214,194,514) (S 1984,513,2737) (S 1987,2738,987) (S 1853,987,1900) (S 1018,1900,1901) (S 1094,1901,829) (S 1509,66,991) (S 1502,66,2403) (S 792,1594,1595) (S 1929,1595,1598) (S 795,1598,1599) (S 1191,2102,581) (S 242,581,580) (S 1194,580,579) (S 241,579,578) (S 240,576,563) (S 1795,563,2636) (S 1985,2636,2702) (D 0,0,0)
 0 1 37 24977 66586  71 (D 0,0,0) (S 890,517,1729) (S 1566,1729,1389) (S 669,1389,367) (S 1591,365,2330) (S 1418,1403,2335) (S 1506,2335,1103) (S 521,1103,1000) (S 1507,1068,1310) (S 2010,1310,2386) (S 1487,2386,2387) (S 620,1310,1068) (S 563,1068,1071) (S 487,1071,1064) (S 1495,1064,1063) (S 1264,1063,1002) (S 1492,1002,1063) (S 332,372,760) (S 158,372,371) (S 157,371,370) (S 156,369,370) (S 983,1853,370) (S 1239,370,2152) (S 1491,2391,2179) (S 1263,2152,1063) (S 1496,1063,1073) (S 1238,1003,1073) (S 1497,1073,2393) (S 1508,1073,1003) (S 1110,2015,1003) (S 449,1003,1004) (S 1111,1003,1002) (S 448,1002,1001) (S 564,1001,1095) (S 500,1095,1104) (S 1249,1104,2166) (S 1471,1104,2264) (S 1346,2264,2263) (S 1345,2263,2262) (S 1556,2442,300) (S 1051,703,376) (S 161,375,376) (S 1992,702,259) (S 435,971,276) (S 1343,1951,2262) (S 573,1219,1218) (S 1251,1095,1103) (S 1247,1103,1403) (S 1417,1403,2331) (S 1607,1394,2345) (S 1429,2345,365) (S 160,365,374) (S 2003,301,2440) (S 159,373,374) (S 1442,2355,1919) (S 154,366,367) (S 1016,1898,1899) (S 1017,1899,367) (S 390,875,876) (S 1095,1644,1382) (S 664,1382,1381) (S 672,1381,1296) (S 614,1296,367) (S 155,367,368) (S 1569,2444,2229) (S 1307,2229,2230) (S 1565,367,1389) (S 1332,2253,1390) (S 216,518,517) (S 1041,517,1046) (D 0,0,0)
