1420057
56
3600601
3586781
 0 1 1 8387 10974  11 (D 0,0,0) (S 649,2,695) (S 884,695,205) (S 134,205,151) (S 96,151,150) (S 404,150,533) (S 403,150,532) (S 476,532,80) (S 51,80,81) (S 883,81,695) (D 0,0,0)
 0 1 2 8699 17916  26 (D 0,0,0) (S 650,695,696) (S 426,81,190) (S 124,190,82) (S 670,82,654) (S 874,656,818) (S 587,656,657) (S 744,657,746) (S 588,657,84) (S 52,83,84) (S 589,84,373) (S 590,373,658) (S 262,373,374) (S 261,373,40) (S 862,39,815) (S 522,616,39) (S 260,40,372) (S 259,372,371) (S 689,371,715) (S 381,512,375) (S 264,375,86) (S 263,86,263) (S 174,263,264) (S 176,267,268) (S 177,268,63) (D 0,0,0)
 0 1 3 8972 19026  18 (D 0,0,0) (S 708,733,621) (S 333,458,459) (S 531,353,584) (S 466,584,504) (S 371,504,505) (S 543,505,632) (S 931,632,829) (S 901,829,71) (S 47,71,72) (S 900,71,407) (S 899,828,407) (S 292,407,408) (S 822,406,70) (S 43,67,66) (S 42,66,65) (S 816,787,3) (D 0,0,0)
 0 1 4 8833 19618  14 (D 0,0,0) (S 861,4,728) (S 745,747,727) (S 704,727,728) (S 707,732,731) (S 19,28,27) (S 18,26,27) (S 593,663,664) (S 634,663,686) (S 776,686,27) (S 875,732,3) (S 2,3,2) (S 648,2,0) (D 0,0,0)
 0 1 5 8990 16444  13 (D 0,0,0) (S 125,191,192) (S 128,195,196) (S 613,196,589) (S 895,588,208) (S 137,208,209) (S 434,209,559) (S 474,589,590) (S 475,590,585) (S 467,194,585) (S 468,585,206) (S 135,206,151) (D 0,0,0)
 0 1 6 8844 23211  13 (D 0,0,0) (S 896,205,557) (S 140,215,214) (S 171,258,259) (S 437,258,561) (S 897,557,301) (S 898,301,827) (S 433,558,209) (S 136,208,207) (S 540,207,590) (S 126,193,192) (S 876,191,3) (D 0,0,0)
 0 1 7 8995 16726  20 (D 0,0,0) (S 709,734,621) (S 528,620,621) (S 529,621,459) (S 334,459,355) (S 241,355,354) (S 246,354,193) (S 127,194,195) (S 541,195,622) (S 542,622,505) (S 611,505,623) (S 903,624,830) (S 534,624,625) (S 902,624,829) (S 46,71,70) (S 45,70,69) (S 544,69,632) (S 932,632,583) (S 933,583,737) (D 0,0,0)
 0 1 8 8940 17403  13 (D 0,0,0) (S 530,459,353) (S 532,584,622) (S 533,622,623) (S 612,623,196) (S 473,589,588) (S 472,588,559) (S 471,559,587) (S 470,586,587) (S 779,587,300) (S 205,306,151) (S 402,532,191) (D 0,0,0)
 0 1 9 8735 12908  24 (D 0,0,0) (S 819,520,325) (S 820,325,495) (S 238,350,349) (S 237,349,169) (S 106,168,169) (S 316,349,434) (S 317,434,415) (S 297,415,327) (S 298,327,416) (S 299,417,418) (S 300,418,419) (S 330,419,450) (S 329,450,449) (S 711,449,170) (S 712,170,67) (S 713,67,737) (S 714,737,738) (S 934,738,816) (S 865,816,733) (S 866,733,734) (S 867,734,4) (S 3,4,3) (D 0,0,0)
 0 1 10 6589 10078  17 (D 0,0,0) (S 628,677,521) (S 392,521,520) (S 818,520,64) (S 41,64,65) (S 864,65,451) (S 863,451,352) (S 240,352,351) (S 239,351,326) (S 219,326,325) (S 218,325,324) (S 538,631,324) (S 681,433,708) (S 775,708,673) (S 394,524,523) (S 605,523,17) (D 0,0,0)
 0 1 11 8859 14320  32 (D 0,0,0) (S 606,674,17) (S 11,17,16) (S 604,16,524) (S 395,524,525) (S 396,525,526) (S 912,526,347) (S 235,347,346) (S 234,345,344) (S 233,344,265) (S 232,265,343) (S 231,343,342) (S 230,341,342) (S 599,342,261) (S 598,261,670) (S 872,670,745) (S 871,745,85) (S 870,85,512) (S 380,41,512) (S 869,512,715) (S 868,817,715) (S 690,715,372) (S 258,371,370) (S 257,370,369) (S 256,369,368) (S 268,368,379) (S 383,379,345) (S 619,346,506) (S 618,431,672) (S 616,674,653) (S 1,0,1) (D 0,0,0)
 0 1 12 8792 16175  30 (D 0,0,0) (S 615,677,653) (S 617,674,672) (S 603,672,179) (S 313,178,431) (S 314,431,15) (S 10,15,14) (S 372,14,506) (S 373,506,177) (S 695,507,344) (S 694,344,380) (S 269,380,379) (S 382,379,513) (S 469,513,369) (S 597,370,669) (S 265,370,375) (S 54,86,85) (S 53,85,42) (S 26,42,43) (S 947,43,822) (S 881,821,822) (S 904,823,831) (S 882,823,822) (S 743,43,745) (S 693,86,380) (S 270,380,264) (S 175,264,265) (S 602,267,179) (S 110,179,180) (D 0,0,0)
 0 1 13 8851 14829  28 (D 0,0,0) (S 607,674,180) (S 608,180,268) (S 609,268,675) (S 610,675,7) (S 5,7,6) (S 4,5,6) (S 600,6,671) (S 739,675,671) (S 601,671,267) (S 374,266,508) (S 740,508,343) (S 741,343,260) (S 742,260,745) (S 873,670,656) (S 586,656,655) (S 691,716,655) (S 173,262,261) (S 172,261,260) (S 375,508,5) (S 376,5,509) (S 377,509,510) (S 428,509,555) (S 427,190,555) (S 584,555,8) (S 585,8,63) (S 614,676,677) (D 0,0,0)
 0 1 14 8885 15206  25 (D 0,0,0) (S 539,521,324) (S 682,324,433) (S 315,433,432) (S 909,432,443) (S 324,443,444) (S 517,443,319) (S 516,319,534) (S 515,448,612) (S 797,773,774) (S 804,774,612) (S 514,612,611) (S 513,610,611) (S 798,611,647) (S 576,647,648) (S 803,647,612) (S 405,445,535) (S 406,535,527) (S 772,535,761) (S 773,761,762) (S 857,762,718) (S 692,718,719) (S 923,719,708) (S 922,708,522) (D 0,0,0)
 0 1 15 8955 20340  19 (D 0,0,0) (S 391,520,351) (S 799,740,735) (S 800,735,776) (S 547,627,634) (S 537,629,630) (S 758,629,634) (S 548,634,515) (S 549,515,422) (S 303,422,423) (S 550,422,439) (S 552,635,636) (S 553,636,58) (S 39,58,59) (S 224,333,332) (S 223,332,331) (S 222,331,330) (S 221,329,328) (D 0,0,0)
 0 1 16 8829 17690  24 (D 0,0,0) (S 390,351,416) (S 738,418,739) (S 737,739,736) (S 710,735,736) (S 736,736,313) (S 734,582,633) (S 733,744,633) (S 546,633,627) (S 535,627,626) (S 830,626,581) (S 463,581,516) (S 386,516,517) (S 502,602,604) (S 536,605,628) (S 503,605,604) (S 569,645,604) (S 570,604,603) (S 500,603,602) (S 501,602,517) (S 387,517,518) (S 388,518,519) (S 389,519,416) (D 0,0,0)
 0 1 17 8939 15164  23 (D 0,0,0) (S 935,63,787) (S 817,787,64) (S 715,66,171) (S 107,171,170) (S 328,449,312) (S 208,312,310) (S 735,313,582) (S 464,582,404) (S 465,404,68) (S 44,68,69) (S 545,69,405) (S 291,405,404) (S 290,404,403) (S 518,403,613) (S 289,403,170) (S 716,171,450) (S 717,450,739) (S 718,739,740) (S 719,740,519) (S 720,519,328) (S 220,328,327) (D 0,0,0)
 0 1 18 8946 20413  18 (D 0,0,0) (S 821,788,789) (S 860,788,814) (S 217,322,323) (S 449,359,574) (S 450,574,497) (S 336,461,460) (S 498,460,99) (S 64,99,100) (S 65,100,101) (S 66,101,102) (S 573,101,575) (S 574,575,646) (S 629,646,447) (S 911,832,718) (S 774,762,673) (S 393,523,522) (D 0,0,0)
 0 1 19 8928 18619  20 (D 0,0,0) (S 859,14,525) (S 858,525,762) (S 913,761,316) (S 212,316,317) (S 213,318,319) (S 327,448,447) (S 326,447,446) (S 812,446,601) (S 227,337,338) (S 813,337,601) (S 496,601,574) (S 497,574,460) (S 335,460,361) (S 731,360,691) (S 905,335,357) (S 906,357,814) (S 907,814,494) (S 908,494,443) (D 0,0,0)
 0 1 20 8956 25126  20 (D 0,0,0) (S 643,471,691) (S 642,691,690) (S 494,599,362) (S 495,362,600) (S 523,600,502) (S 14,21,22) (S 15,22,23) (S 705,23,729) (S 16,23,24) (S 17,24,25) (S 571,24,501) (S 572,501,101) (S 366,100,461) (S 367,461,497) (S 451,497,575) (S 575,646,647) (S 325,445,318) (S 925,317,832) (D 0,0,0)
 0 1 21 8903 20544  21 (D 0,0,0) (S 680,518,329) (S 319,436,437) (S 814,784,649) (S 577,649,650) (S 815,784,785) (S 826,792,793) (S 827,793,660) (S 591,659,660) (S 828,660,790) (S 824,790,701) (S 825,701,56) (S 36,56,55) (S 829,55,794) (S 878,794,819) (S 877,794,51) (S 32,51,52) (S 33,52,53) (S 723,53,704) (S 722,704,435) (D 0,0,0)
 0 1 22 8801 21004  15 (D 0,0,0) (S 318,415,435) (S 679,436,703) (S 666,702,703) (S 676,455,592) (S 477,592,593) (S 556,93,562) (S 438,562,563) (S 555,562,456) (S 332,456,455) (S 677,455,54) (S 678,54,703) (S 667,703,704) (S 721,435,328) (D 0,0,0)
 0 1 23 8904 23386  18 (D 0,0,0) (S 34,53,54) (S 675,592,94) (S 58,94,93) (S 57,93,92) (S 351,92,478) (S 795,478,771) (S 352,478,479) (S 796,479,772) (S 353,480,59) (S 40,59,60) (S 354,59,481) (S 663,481,700) (S 766,635,758) (S 551,635,439) (S 321,439,438) (S 320,438,437) (D 0,0,0)
 0 1 24 8973 19150  16 (D 0,0,0) (S 462,516,332) (S 461,332,580) (S 460,580,438) (S 459,438,579) (S 665,701,702) (S 823,702,166) (S 105,166,165) (S 104,164,165) (S 660,165,700) (S 355,481,482) (S 662,481,333) (S 661,333,514) (S 384,514,515) (S 385,515,516) (D 0,0,0)
 0 1 25 8928 31275  27 (D 0,0,0) (S 35,54,55) (S 37,56,57) (S 38,57,58) (S 554,58,456) (S 696,91,282) (S 188,282,283) (S 186,279,280) (S 698,280,723) (S 187,280,281) (S 732,281,477) (S 350,477,199) (S 349,199,79) (S 633,476,685) (S 348,476,142) (S 91,142,143) (S 130,199,198) (S 129,197,198) (S 930,837,639) (S 560,639,200) (S 559,200,638) (S 558,638,637) (S 749,637,749) (S 557,637,93) (S 458,57,579) (S 664,579,701) (D 0,0,0)
 0 1 26 8610 23846  20 (D 0,0,0) (S 724,53,454) (S 725,454,591) (S 726,591,95) (S 59,95,94) (S 674,94,707) (S 673,707,201) (S 672,201,146) (S 95,147,148) (S 94,147,146) (S 671,706,146) (S 93,146,145) (S 92,145,144) (S 226,336,144) (S 729,145,742) (S 728,145,202) (S 768,741,606) (S 506,96,472) (S 346,472,471) (D 0,0,0)
 0 1 27 8865 18101  23 (D 0,0,0) (S 493,169,62) (S 492,62,167) (S 669,167,705) (S 668,705,607) (S 508,607,52) (S 507,453,571) (S 447,571,572) (S 688,572,714) (S 448,572,573) (S 685,573,554) (S 683,709,139) (S 89,138,139) (S 684,139,554) (S 425,554,358) (S 243,358,322) (S 216,322,321) (S 242,321,356) (S 215,321,320) (S 214,320,319) (S 910,432,832) (S 924,832,719) (D 0,0,0)
 0 1 28 8899 22972  14 (D 0,0,0) (S 244,361,98) (S 62,98,97) (S 61,97,96) (S 60,96,95) (S 727,95,741) (S 769,707,638) (S 131,200,201) (S 132,201,202) (S 133,202,203) (S 767,689,606) (S 505,606,96) (S 730,97,690) (D 0,0,0)
 0 1 29 8911 25946  21 (D 0,0,0) (S 639,689,203) (S 638,503,20) (S 356,485,484) (S 361,484,490) (S 362,491,492) (S 363,492,490) (S 364,490,493) (S 893,825,440) (S 322,440,441) (S 938,840,441) (S 323,441,442) (S 596,442,668) (S 595,442,667) (S 894,667,688) (S 637,485,20) (S 640,689,599) (S 641,599,690) (S 644,471,334) (S 225,334,335) (D 0,0,0)
 0 1 30 8933 32985  15 (D 0,0,0) (S 63,98,99) (S 499,99,600) (S 524,22,483) (S 525,492,617) (S 706,617,730) (S 526,617,618) (S 527,618,619) (S 770,618,488) (S 686,710,711) (S 771,710,488) (S 360,488,489) (S 365,489,496) (S 635,496,493) (D 0,0,0)
 0 1 31 8925 33794  19 (D 0,0,0) (S 636,485,688) (S 940,825,464) (S 339,464,465) (S 340,465,466) (S 645,692,466) (S 632,467,684) (S 342,467,468) (S 343,468,469) (S 429,469,556) (S 889,641,683) (S 630,682,683) (S 631,683,467) (S 341,467,466) (S 646,466,693) (S 647,693,694) (S 891,693,662) (S 478,594,440) (D 0,0,0)
 0 1 32 8961 40026  15 (D 0,0,0) (S 594,665,666) (S 892,665,662) (S 592,661,662) (S 888,641,556) (S 887,556,303) (S 203,302,303) (S 885,824,308) (S 207,308,309) (S 206,307,308) (S 886,308,303) (S 204,304,305) (S 344,304,469) (S 229,340,18) (D 0,0,0)
 0 1 33 8919 36197  14 (D 0,0,0) (S 13,20,19) (S 794,19,769) (S 12,19,18) (S 228,339,340) (S 431,340,473) (S 936,474,839) (S 347,474,475) (S 430,473,469) (S 562,468,641) (S 561,640,641) (S 890,683,693) (S 939,441,825) (D 0,0,0)
 0 1 34 8878 26943  16 (D 0,0,0) (S 811,446,452) (S 306,427,426) (S 810,426,779) (S 805,779,239) (S 158,239,240) (S 806,239,780) (S 157,239,238) (S 156,237,236) (S 782,236,424) (S 781,424,722) (S 697,721,722) (S 304,424,425) (S 807,425,781) (S 305,425,426) (D 0,0,0)
 0 1 35 8990 33900  17 (D 0,0,0) (S 809,778,781) (S 808,781,237) (S 783,236,152) (S 784,152,140) (S 90,140,141) (S 307,392,428) (S 308,428,386) (S 309,386,377) (S 296,412,413) (S 312,412,430) (S 311,412,429) (S 275,388,387) (S 369,398,499) (S 370,500,89) (S 97,155,154) (D 0,0,0)
 0 1 36 8779 27983  14 (D 0,0,0) (S 583,427,137) (S 194,154,291) (S 399,291,155) (S 504,155,363) (S 98,156,157) (S 519,156,363) (S 245,363,242) (S 195,242,291) (S 620,528,678) (S 397,528,241) (S 398,241,291) (S 331,427,452) (D 0,0,0)
 0 1 37 8768 29394  21 (D 0,0,0) (S 282,395,396) (S 378,511,396) (S 283,396,397) (S 400,397,529) (S 948,529,614) (S 520,614,88) (S 55,87,88) (S 56,88,89) (S 401,89,530) (S 835,530,390) (S 834,390,652) (S 833,652,399) (S 832,399,429) (S 310,429,377) (S 266,377,376) (S 786,376,385) (S 785,385,391) (S 278,391,392) (S 279,392,393) (D 0,0,0)
 0 1 38 8839 34239  19 (D 0,0,0) (S 284,394,398) (S 285,398,387) (S 267,378,377) (S 831,429,766) (S 787,766,73) (S 48,73,74) (S 847,74,806) (S 788,767,73) (S 49,74,75) (S 111,181,75) (S 112,75,182) (S 113,182,46) (S 29,46,47) (S 964,47,848) (S 30,47,48) (S 952,48,105) (S 949,104,841) (D 0,0,0)
 0 1 39 8998 32117  18 (D 0,0,0) (S 581,499,388) (S 580,388,652) (S 579,652,414) (S 578,651,414) (S 288,401,402) (S 295,410,411) (S 294,410,400) (S 293,409,400) (S 287,400,399) (S 286,399,378) (S 368,398,498) (S 802,498,393) (S 801,777,393) (S 280,393,394) (S 281,394,395) (S 582,395,290) (D 0,0,0)
 0 1 40 8979 32547  23 (D 0,0,0) (S 379,396,500) (S 276,388,389) (S 277,389,390) (S 490,530,597) (S 491,597,598) (S 521,597,615) (S 959,615,844) (S 960,844,135) (S 199,135,276) (S 183,275,276) (S 184,276,277) (S 192,288,278) (S 193,278,289) (S 185,278,277) (S 481,570,277) (S 482,277,217) (S 141,217,216) (S 180,216,271) (S 179,270,216) (S 483,217,463) (S 200,297,296) (D 0,0,0)
 0 1 41 8987 34919  23 (D 0,0,0) (S 197,294,293) (S 76,115,118) (S 839,798,122) (S 916,121,33) (S 22,32,33) (S 23,33,34) (S 658,11,188) (S 123,188,189) (S 656,189,698) (S 657,699,188) (S 122,188,12) (S 9,12,13) (S 8,12,11) (S 7,11,10) (S 6,9,10) (S 655,10,35) (S 25,35,36) (S 24,35,34) (S 659,34,120) (S 78,120,119) (S 77,119,118) (D 0,0,0)
 0 1 42 8991 35301  23 (D 0,0,0) (S 838,798,797) (S 845,797,805) (S 844,797,804) (S 914,804,799) (S 841,799,798) (S 842,800,187) (S 843,187,801) (S 920,801,124) (S 919,124,765) (S 918,765,834) (S 917,833,834) (S 941,834,764) (S 777,763,764) (S 942,764,125) (S 778,764,765) (S 121,32,12) (S 120,32,123) (S 80,123,122) (S 79,122,121) (S 915,121,799) (S 840,799,118) (D 0,0,0)
 0 1 43 8959 31406  19 (D 0,0,0) (S 255,174,115) (S 755,115,755) (S 856,754,810) (S 855,810,813) (S 956,813,113) (S 73,113,112) (S 921,111,808) (S 851,808,809) (S 944,809,110) (S 943,110,125) (S 81,124,123) (S 119,123,187) (S 958,800,805) (S 846,805,186) (S 957,805,113) (S 74,113,114) (S 75,114,115) (D 0,0,0)
 0 1 44 8995 36053  14 (D 0,0,0) (S 970,755,811) (S 852,811,810) (S 955,813,543) (S 416,544,184) (S 417,184,545) (S 945,109,45) (S 27,44,45) (S 28,45,46) (S 114,46,108) (S 70,108,107) (S 961,107,845) (S 962,847,544) (D 0,0,0)
 0 1 45 8999 33142  21 (D 0,0,0) (S 253,367,293) (S 849,114,185) (S 117,185,112) (S 118,112,186) (S 72,112,111) (S 850,808,185) (S 116,185,184) (S 115,184,183) (S 965,849,183) (S 966,183,845) (S 967,845,847) (S 963,847,106) (S 68,106,105) (S 953,105,843) (S 954,843,543) (S 415,543,542) (S 414,542,541) (S 753,541,754) (S 754,754,755) (D 0,0,0)
 0 1 46 8982 32671  9 (D 0,0,0) (S 251,366,226) (S 236,292,348) (S 848,175,807) (S 109,175,174) (S 108,173,174) (S 254,174,293) (S 435,560,294) (D 0,0,0)
 0 1 47 8976 24457  10 (D 0,0,0) (S 432,306,557) (S 249,365,257) (S 169,257,256) (S 178,256,227) (S 150,227,226) (S 149,226,225) (S 568,566,644) (S 443,547,249) (D 0,0,0)
 0 1 48 8960 30415  31 (D 0,0,0) (S 444,567,249) (S 442,566,225) (S 148,225,224) (S 198,295,296) (S 144,219,212) (S 439,486,275) (S 182,275,274) (S 357,274,246) (S 211,246,315) (S 99,159,160) (S 764,160,757) (S 759,757,127) (S 760,127,756) (S 750,750,751) (S 751,751,752) (S 757,751,725) (S 756,725,756) (S 761,756,420) (S 101,161,128) (S 83,128,127) (S 82,127,126) (S 702,126,724) (S 765,757,724) (S 701,724,314) (S 699,470,540) (S 413,540,158) (S 412,158,539) (S 147,224,223) (S 162,247,248) (D 0,0,0)
 0 1 49 8989 31046  28 (D 0,0,0) (S 567,566,548) (S 142,217,218) (S 143,218,219) (S 440,219,211) (S 359,486,487) (S 358,486,274) (S 161,246,245) (S 762,245,748) (S 747,748,129) (S 84,129,128) (S 100,128,160) (S 763,160,748) (S 748,748,315) (S 210,315,159) (S 209,159,314) (S 700,314,470) (S 345,470,213) (S 139,213,212) (S 138,212,211) (S 441,219,462) (S 338,462,463) (S 484,463,297) (S 201,297,298) (S 485,297,538) (S 486,538,596) (S 487,596,565) (D 0,0,0)
 0 1 50 8981 32613  24 (D 0,0,0) (S 456,567,577) (S 453,286,576) (S 626,576,681) (S 625,681,222) (S 624,222,595) (S 480,595,570) (S 446,564,131) (S 445,569,131) (S 155,132,235) (S 563,642,234) (S 421,233,549) (S 419,549,550) (S 420,551,549) (S 153,232,233) (S 154,233,234) (S 87,132,133) (S 88,133,134) (S 793,134,38) (S 792,38,712) (S 687,712,713) (S 791,712,221) (S 145,221,222) (D 0,0,0)
 0 1 51 8995 42953  18 (D 0,0,0) (S 479,595,38) (S 950,615,842) (S 951,842,680) (S 166,252,231) (S 165,251,231) (S 168,254,255) (S 202,254,229) (S 422,552,299) (S 151,229,230) (S 181,272,230) (S 152,230,231) (S 879,820,796) (S 159,243,244) (S 746,244,129) (S 85,129,130) (S 86,131,132) (D 0,0,0)
 0 1 52 8896 31496  22 (D 0,0,0) (S 623,595,133) (S 622,133,680) (S 621,680,679) (S 929,679,252) (S 167,252,253) (S 928,252,802) (S 927,802,726) (S 926,836,726) (S 703,726,421) (S 302,421,420) (S 301,420,161) (S 102,161,162) (S 103,162,163) (S 836,162,795) (S 837,795,796) (S 880,796,243) (S 160,244,130) (S 337,213,462) (S 410,295,538) (S 409,224,537) (D 0,0,0)
 0 1 53 8961 23143  9 (D 0,0,0) (S 436,258,294) (S 196,293,292) (S 489,292,269) (S 488,269,367) (S 252,367,226) (S 250,366,257) (S 170,257,258) (D 0,0,0)
 0 1 54 8998 24878  23 (D 0,0,0) (S 511,561,609) (S 510,609,608) (S 509,608,29) (S 247,29,364) (S 454,364,286) (S 190,285,286) (S 191,286,287) (S 423,553,383) (S 424,383,287) (S 627,287,576) (S 452,576,382) (S 271,382,381) (S 790,381,221) (S 146,222,223) (S 564,643,223) (S 565,223,247) (S 566,247,537) (S 408,537,248) (S 163,248,249) (S 164,249,250) (S 457,567,578) (D 0,0,0)
 0 1 55 8967 25596  18 (D 0,0,0) (S 780,300,116) (S 248,117,365) (S 512,365,561) (S 937,608,577) (S 455,577,364) (S 407,364,536) (S 654,536,285) (S 189,284,285) (S 653,285,681) (S 652,681,381) (S 651,697,381) (S 272,382,383) (S 273,383,30) (S 21,30,31) (S 274,30,384) (S 20,30,29) (D 0,0,0)
 0 1 56 8988 41433  16 (D 0,0,0) (S 969,841,843) (S 968,843,847) (S 69,106,107) (S 71,108,109) (S 946,45,812) (S 50,76,77) (S 854,812,182) (S 853,806,767) (S 789,767,49) (S 31,49,48) (S 67,104,103) (S 752,753,541) (S 411,539,295) (S 418,548,547) (D 0,0,0)
