1420878
56
3600672
3563876
 0 1 1 7123 16466  11 (D 0,0,0) (S 2,2,3) (S 593,663,664) (S 634,663,686) (S 776,686,27) (S 18,26,27) (S 19,27,28) (S 707,731,732) (S 875,732,3) (S 1,0,1) (D 0,0,0)
 0 1 2 8984 15836  20 (D 0,0,0) (S 614,676,677) (S 628,677,521) (S 539,521,324) (S 315,433,432) (S 324,443,444) (S 517,443,319) (S 214,319,320) (S 215,320,321) (S 242,321,356) (S 216,321,322) (S 217,322,323) (S 860,814,788) (S 821,788,789) (S 238,350,349) (S 316,349,434) (S 317,434,415) (S 297,415,327) (S 219,326,325) (D 0,0,0)
 0 1 3 8932 16979  18 (D 0,0,0) (S 392,521,520) (S 820,325,495) (S 243,322,358) (S 425,358,554) (S 683,709,139) (S 89,138,139) (S 684,139,554) (S 685,554,573) (S 448,573,572) (S 688,572,714) (S 447,572,571) (S 507,571,453) (S 33,52,53) (S 723,53,704) (S 722,704,435) (S 721,435,328) (D 0,0,0)
 0 1 4 8999 21921  24 (D 0,0,0) (S 318,415,435) (S 577,649,650) (S 814,649,784) (S 815,784,785) (S 826,792,793) (S 827,793,660) (S 591,659,660) (S 828,660,790) (S 824,790,701) (S 665,701,702) (S 823,702,166) (S 105,166,165) (S 104,164,165) (S 660,165,700) (S 663,700,481) (S 354,481,59) (S 40,59,60) (S 39,59,58) (S 38,58,57) (S 37,57,56) (S 36,56,55) (S 35,55,54) (D 0,0,0)
 0 1 5 8933 18892  22 (D 0,0,0) (S 237,349,169) (S 106,168,169) (S 493,169,62) (S 492,62,167) (S 669,167,705) (S 668,705,607) (S 508,607,52) (S 32,52,51) (S 877,51,794) (S 878,794,819) (S 829,794,55) (S 825,56,701) (S 664,701,579) (S 458,57,579) (S 459,579,438) (S 460,438,580) (S 461,580,332) (S 223,332,331) (S 222,331,330) (S 221,329,328) (D 0,0,0)
 0 1 6 8987 18361  13 (D 0,0,0) (S 719,740,519) (S 387,518,517) (S 462,516,332) (S 224,332,333) (S 355,481,482) (S 662,481,333) (S 661,333,514) (S 384,514,515) (S 548,515,634) (S 800,776,735) (S 390,416,351) (D 0,0,0)
 0 1 7 8778 21029  21 (D 0,0,0) (S 738,418,739) (S 737,739,736) (S 734,582,633) (S 733,744,633) (S 546,633,627) (S 537,629,630) (S 758,629,634) (S 547,634,627) (S 535,627,626) (S 830,626,581) (S 463,581,516) (S 502,602,604) (S 569,645,604) (S 503,604,605) (S 536,605,628) (S 570,604,603) (S 500,603,602) (S 501,602,517) (S 388,518,519) (D 0,0,0)
 0 1 8 8962 21900  16 (D 0,0,0) (S 393,522,523) (S 326,447,446) (S 812,446,601) (S 813,601,337) (S 227,337,338) (S 496,601,574) (S 497,574,460) (S 336,460,461) (S 64,100,99) (S 63,99,98) (S 62,98,97) (S 60,96,95) (S 720,328,519) (S 389,519,416) (D 0,0,0)
 0 1 9 8032 12137  24 (D 0,0,0) (S 615,677,653) (S 314,431,15) (S 10,15,14) (S 372,14,506) (S 619,506,346) (S 235,346,347) (S 912,347,526) (S 396,526,525) (S 858,525,762) (S 913,761,316) (S 212,316,317) (S 925,317,832) (S 911,832,718) (S 774,762,673) (S 775,673,708) (S 681,708,433) (S 682,433,324) (S 538,631,324) (S 218,324,325) (S 818,520,64) (S 817,64,787) (S 816,787,3) (D 0,0,0)
 0 1 10 8832 22801  13 (D 0,0,0) (S 876,3,191) (S 432,306,557) (S 897,557,301) (S 898,301,827) (S 780,300,116) (S 248,117,365) (S 249,365,257) (S 170,257,258) (S 171,258,259) (S 437,258,561) (S 896,557,205) (D 0,0,0)
 0 1 11 8947 15626  26 (D 0,0,0) (S 3,3,4) (S 861,4,728) (S 704,728,727) (S 745,747,727) (S 866,734,733) (S 865,733,816) (S 934,816,738) (S 714,738,737) (S 713,737,67) (S 712,67,170) (S 711,170,449) (S 329,449,450) (S 328,449,312) (S 208,312,310) (S 710,736,735) (S 799,735,740) (S 718,740,739) (S 717,739,450) (S 716,450,171) (S 715,171,66) (S 864,65,451) (S 863,451,352) (S 240,352,351) (S 391,351,520) (D 0,0,0)
 0 1 12 8635 15810  30 (D 0,0,0) (S 616,653,674) (S 617,674,672) (S 618,672,431) (S 313,431,178) (S 694,344,380) (S 693,380,86) (S 54,86,85) (S 870,85,512) (S 690,715,372) (S 260,372,40) (S 862,39,815) (S 522,616,39) (S 259,372,371) (S 258,371,370) (S 597,370,669) (S 689,371,715) (S 868,817,715) (S 869,715,512) (S 265,375,370) (S 257,370,369) (S 256,369,368) (S 406,527,535) (S 772,535,761) (S 773,761,762) (S 857,762,718) (S 692,718,719) (S 923,719,708) (S 922,708,522) (D 0,0,0)
 0 1 13 8248 11518  26 (D 0,0,0) (S 606,674,17) (S 605,17,523) (S 394,523,524) (S 395,524,525) (S 859,525,14) (S 373,506,177) (S 695,507,344) (S 234,344,345) (S 383,345,379) (S 268,379,368) (S 469,369,513) (S 382,513,379) (S 269,379,380) (S 270,380,264) (S 175,264,265) (S 232,265,343) (S 172,260,261) (S 173,261,262) (S 670,654,82) (S 124,82,190) (S 426,190,81) (S 883,81,695) (S 650,695,696) (S 649,695,2) (D 0,0,0)
 0 1 14 8997 15056  18 (D 0,0,0) (S 867,4,734) (S 708,733,621) (S 528,620,621) (S 529,621,459) (S 333,458,459) (S 530,459,353) (S 531,353,584) (S 532,584,622) (S 533,622,623) (S 612,623,196) (S 128,196,195) (S 541,195,622) (S 542,622,505) (S 371,505,504) (S 466,504,584) (S 709,621,734) (D 0,0,0)
 0 1 15 8855 18242  13 (D 0,0,0) (S 334,459,355) (S 241,355,354) (S 246,354,193) (S 127,194,195) (S 474,590,589) (S 613,196,589) (S 473,589,588) (S 471,559,587) (S 470,586,587) (S 779,587,300) (S 205,306,151) (D 0,0,0)
 0 1 16 8956 16728  16 (D 0,0,0) (S 125,191,192) (S 126,192,193) (S 467,194,585) (S 895,208,588) (S 472,588,559) (S 434,559,209) (S 433,558,209) (S 137,209,208) (S 136,208,207) (S 540,207,590) (S 475,590,585) (S 468,585,206) (S 135,206,151) (S 402,532,191) (D 0,0,0)
 0 1 17 8921 15940  20 (D 0,0,0) (S 935,63,787) (S 933,737,583) (S 932,583,632) (S 543,632,505) (S 611,505,623) (S 534,624,625) (S 903,624,830) (S 902,624,829) (S 931,829,632) (S 544,632,69) (S 545,69,405) (S 291,405,404) (S 464,404,582) (S 735,582,313) (S 736,313,736) (S 299,418,417) (S 298,416,327) (S 819,325,520) (D 0,0,0)
 0 1 18 8926 19545  21 (D 0,0,0) (S 41,64,65) (S 42,65,66) (S 43,66,67) (S 822,70,406) (S 292,407,408) (S 899,828,407) (S 900,407,71) (S 901,71,829) (S 47,71,72) (S 46,71,70) (S 45,70,69) (S 44,69,68) (S 465,68,404) (S 290,404,403) (S 518,403,613) (S 289,403,170) (S 107,170,171) (S 330,450,419) (S 300,419,418) (D 0,0,0)
 0 1 19 8974 21226  17 (D 0,0,0) (S 680,518,329) (S 679,436,703) (S 666,702,703) (S 676,455,592) (S 477,592,593) (S 58,94,93) (S 556,93,562) (S 438,562,563) (S 555,562,456) (S 554,456,58) (S 766,635,758) (S 551,635,439) (S 321,439,438) (S 320,438,437) (S 319,437,436) (D 0,0,0)
 0 1 20 8930 20073  22 (D 0,0,0) (S 11,17,16) (S 604,16,524) (S 405,535,445) (S 327,448,447) (S 629,447,646) (S 574,646,575) (S 367,497,461) (S 366,461,100) (S 65,100,101) (S 66,101,102) (S 575,646,647) (S 513,610,611) (S 514,611,612) (S 803,612,647) (S 576,647,648) (S 798,647,611) (S 797,773,774) (S 804,774,612) (S 515,612,448) (S 325,445,318) (D 0,0,0)
 0 1 21 8836 12352  13 (D 0,0,0) (S 585,63,8) (S 584,8,555) (S 427,555,190) (S 51,81,80) (S 476,80,532) (S 403,532,150) (S 404,150,533) (S 96,150,151) (S 134,151,205) (S 884,205,695) (S 648,2,0) (D 0,0,0)
 0 1 22 8934 16105  25 (D 0,0,0) (S 177,63,268) (S 176,268,267) (S 374,266,508) (S 231,343,342) (S 230,341,342) (S 599,342,261) (S 598,261,670) (S 873,670,656) (S 587,656,657) (S 744,657,746) (S 588,657,84) (S 52,83,84) (S 589,84,373) (S 590,373,658) (S 262,373,374) (S 261,373,40) (S 380,41,512) (S 381,512,375) (S 264,375,86) (S 263,86,263) (S 174,263,264) (S 233,265,344) (S 603,179,672) (D 0,0,0)
 0 1 23 8996 16983  32 (D 0,0,0) (S 608,180,268) (S 609,268,675) (S 610,675,7) (S 5,7,6) (S 4,6,5) (S 376,5,509) (S 428,555,509) (S 377,509,510) (S 691,716,655) (S 586,655,656) (S 874,656,818) (S 872,670,745) (S 743,745,43) (S 947,43,822) (S 881,821,822) (S 882,822,823) (S 904,823,831) (S 26,43,42) (S 53,42,85) (S 871,85,745) (S 742,745,260) (S 741,260,343) (S 740,343,508) (S 375,508,5) (S 600,6,671) (S 739,675,671) (S 601,671,267) (S 602,267,179) (S 110,179,180) (S 607,180,674) (D 0,0,0)
 0 1 24 8978 27777  15 (D 0,0,0) (S 924,719,832) (S 910,832,432) (S 583,427,137) (S 194,154,291) (S 397,241,528) (S 620,528,678) (S 398,241,291) (S 195,291,242) (S 245,242,363) (S 519,363,156) (S 98,156,157) (S 504,363,155) (S 97,155,154) (D 0,0,0)
 0 1 25 8982 28819  20 (D 0,0,0) (S 399,291,155) (S 400,529,397) (S 283,397,396) (S 282,396,395) (S 281,395,394) (S 280,394,393) (S 801,777,393) (S 802,393,498) (S 307,428,392) (S 278,392,391) (S 90,140,141) (S 784,140,152) (S 783,152,236) (S 157,238,239) (S 158,239,240) (S 806,239,780) (S 805,239,779) (S 331,427,452) (D 0,0,0)
 0 1 26 8958 26171  15 (D 0,0,0) (S 306,427,426) (S 305,426,425) (S 808,781,237) (S 156,237,236) (S 782,236,424) (S 781,424,722) (S 697,721,722) (S 304,424,425) (S 807,425,781) (S 809,781,778) (S 810,779,426) (S 811,452,446) (S 516,534,319) (D 0,0,0)
 0 1 27 8960 36142  20 (D 0,0,0) (S 213,318,319) (S 581,499,388) (S 580,388,652) (S 579,652,414) (S 578,651,414) (S 288,401,402) (S 295,410,411) (S 294,410,400) (S 293,409,400) (S 287,400,399) (S 832,399,429) (S 311,429,412) (S 296,412,413) (S 312,412,430) (S 309,377,386) (S 308,386,428) (S 368,498,398) (S 369,398,499) (D 0,0,0)
 0 1 28 8914 29191  17 (D 0,0,0) (S 582,290,395) (S 378,511,396) (S 379,396,500) (S 370,500,89) (S 55,87,88) (S 56,88,89) (S 401,89,530) (S 834,390,652) (S 833,652,399) (S 286,399,378) (S 267,378,377) (S 266,377,376) (S 786,376,385) (S 785,385,391) (S 279,392,393) (D 0,0,0)
 0 1 29 8956 24112  16 (D 0,0,0) (S 449,359,574) (S 450,574,497) (S 451,497,575) (S 573,575,101) (S 572,101,501) (S 571,501,24) (S 17,24,25) (S 16,24,23) (S 705,23,729) (S 15,23,22) (S 499,600,99) (S 498,99,460) (S 335,460,361) (S 731,360,691) (D 0,0,0)
 0 1 30 8952 32566  16 (D 0,0,0) (S 244,361,98) (S 495,362,600) (S 523,600,502) (S 525,492,617) (S 706,617,730) (S 526,617,618) (S 527,618,619) (S 770,618,488) (S 686,710,711) (S 771,710,488) (S 360,488,489) (S 638,20,503) (S 905,335,357) (S 906,357,814) (D 0,0,0)
 0 1 31 8983 24089  21 (D 0,0,0) (S 239,351,326) (S 220,327,328) (S 724,53,454) (S 725,454,591) (S 726,591,95) (S 59,95,94) (S 674,94,707) (S 672,201,146) (S 671,706,146) (S 94,146,147) (S 95,147,148) (S 93,146,145) (S 729,145,742) (S 226,336,144) (S 92,144,145) (S 728,145,202) (S 768,741,606) (S 506,96,472) (S 346,472,471) (D 0,0,0)
 0 1 32 8994 29473  22 (D 0,0,0) (S 641,690,599) (S 640,599,689) (S 639,689,203) (S 14,21,22) (S 524,22,483) (S 362,491,492) (S 363,492,490) (S 365,489,496) (S 635,496,493) (S 364,493,490) (S 361,490,484) (S 356,484,485) (S 595,667,442) (S 596,442,668) (S 323,442,441) (S 478,594,440) (S 893,440,825) (S 894,667,688) (S 637,485,20) (S 494,599,362) (D 0,0,0)
 0 1 33 8833 33362  21 (D 0,0,0) (S 636,485,688) (S 940,825,464) (S 339,464,465) (S 340,465,466) (S 645,692,466) (S 341,466,467) (S 632,467,684) (S 631,467,683) (S 630,682,683) (S 890,683,693) (S 646,466,693) (S 647,693,694) (S 891,693,662) (S 592,661,662) (S 892,662,665) (S 594,665,666) (S 322,440,441) (S 938,840,441) (S 939,441,825) (D 0,0,0)
 0 1 34 8940 36037  14 (D 0,0,0) (S 889,683,641) (S 561,640,641) (S 429,556,469) (S 430,469,473) (S 347,474,475) (S 936,474,839) (S 431,473,340) (S 228,339,340) (S 229,340,18) (S 12,18,19) (S 794,19,769) (S 13,19,20) (D 0,0,0)
 0 1 35 8950 38986  14 (D 0,0,0) (S 562,468,641) (S 888,641,556) (S 887,556,303) (S 886,303,308) (S 206,307,308) (S 885,824,308) (S 207,308,309) (S 203,302,303) (S 204,304,305) (S 344,304,469) (S 343,469,468) (S 342,468,467) (D 0,0,0)
 0 1 36 8892 19673  18 (D 0,0,0) (S 34,53,54) (S 675,592,94) (S 673,707,201) (S 132,201,202) (S 133,202,203) (S 767,689,606) (S 505,606,96) (S 61,96,97) (S 730,97,690) (S 642,690,691) (S 643,691,471) (S 644,471,334) (S 225,334,335) (S 907,814,494) (S 908,494,443) (S 909,443,432) (D 0,0,0)
 0 1 37 8519 27529  22 (D 0,0,0) (S 667,704,703) (S 677,54,455) (S 769,707,638) (S 559,638,200) (S 129,197,198) (S 130,198,199) (S 633,476,685) (S 91,143,142) (S 348,142,476) (S 349,79,199) (S 350,199,477) (S 732,477,281) (S 186,279,280) (S 698,280,723) (S 187,280,281) (S 188,282,283) (S 696,282,91) (S 57,92,93) (S 332,456,455) (S 678,54,703) (D 0,0,0)
 0 1 38 8995 26829  21 (D 0,0,0) (S 386,517,516) (S 385,516,515) (S 549,515,422) (S 303,422,423) (S 550,422,439) (S 552,635,636) (S 553,636,58) (S 353,59,480) (S 796,479,772) (S 352,479,478) (S 795,478,771) (S 351,478,92) (S 557,93,637) (S 749,637,749) (S 558,637,638) (S 930,837,639) (S 560,639,200) (S 131,200,201) (S 727,741,95) (D 0,0,0)
 0 1 39 8776 26090  18 (D 0,0,0) (S 511,561,609) (S 509,608,29) (S 20,29,30) (S 274,30,384) (S 21,30,31) (S 273,30,383) (S 423,553,383) (S 627,287,576) (S 452,576,382) (S 651,697,381) (S 271,381,382) (S 272,382,383) (S 424,383,287) (S 191,287,286) (S 454,286,364) (S 455,364,577) (D 0,0,0)
 0 1 40 8914 26693  10 (D 0,0,0) (S 250,257,366) (S 251,366,226) (S 488,367,269) (S 236,292,348) (S 848,175,807) (S 109,175,174) (S 254,174,293) (S 197,293,294) (D 0,0,0)
 0 1 41 8965 27353  9 (D 0,0,0) (S 140,215,214) (S 436,258,294) (S 435,560,294) (S 196,293,292) (S 489,292,269) (S 252,367,226) (S 512,365,561) (D 0,0,0)
 0 1 42 8861 31380  36 (D 0,0,0) (S 418,547,548) (S 567,548,566) (S 487,565,596) (S 486,596,538) (S 485,538,297) (S 484,297,463) (S 142,217,218) (S 143,218,219) (S 440,219,211) (S 138,211,212) (S 139,212,213) (S 748,315,748) (S 763,748,160) (S 764,160,757) (S 209,314,159) (S 210,159,315) (S 211,315,246) (S 357,246,274) (S 182,274,275) (S 358,274,486) (S 359,486,487) (S 439,486,275) (S 183,275,276) (S 193,278,289) (S 192,288,278) (S 185,278,277) (S 481,277,570) (S 479,595,38) (S 790,221,381) (S 652,381,681) (S 626,681,576) (S 453,576,286) (S 190,286,285) (S 189,284,285) (D 0,0,0)
 0 1 43 8982 31324  25 (D 0,0,0) (S 162,248,247) (S 565,247,223) (S 564,643,223) (S 147,223,224) (S 201,297,298) (S 338,463,462) (S 441,462,219) (S 144,219,212) (S 345,213,470) (S 700,470,314) (S 701,314,724) (S 702,724,126) (S 82,126,127) (S 83,127,128) (S 84,128,129) (S 85,129,130) (S 746,244,129) (S 747,129,748) (S 762,748,245) (S 161,245,246) (S 337,213,462) (S 411,539,295) (S 409,224,537) (D 0,0,0)
 0 1 44 8887 34258  25 (D 0,0,0) (S 412,539,158) (S 99,159,160) (S 100,160,128) (S 101,128,161) (S 102,161,162) (S 103,162,163) (S 836,162,795) (S 879,820,796) (S 837,796,795) (S 927,802,726) (S 926,836,726) (S 703,726,421) (S 302,421,420) (S 301,161,420) (S 761,420,756) (S 757,725,751) (S 751,751,752) (S 750,750,751) (S 756,725,756) (S 760,756,127) (S 759,127,757) (S 765,757,724) (S 699,470,540) (D 0,0,0)
 0 1 45 8886 34837  19 (D 0,0,0) (S 480,595,570) (S 446,564,131) (S 445,569,131) (S 153,232,233) (S 421,233,549) (S 420,551,549) (S 419,549,550) (S 154,233,234) (S 563,642,234) (S 155,132,235) (S 87,132,133) (S 622,133,680) (S 951,680,842) (S 950,842,615) (S 521,615,597) (S 520,88,614) (S 948,614,529) (D 0,0,0)
 0 1 46 8932 30128  22 (D 0,0,0) (S 148,225,224) (S 198,295,296) (S 200,296,297) (S 483,463,217) (S 180,216,271) (S 179,270,216) (S 141,216,217) (S 482,217,277) (S 184,277,276) (S 199,276,135) (S 960,135,844) (S 959,844,615) (S 491,597,598) (S 490,597,530) (S 835,530,390) (S 277,390,389) (S 276,389,388) (S 275,388,387) (S 285,387,398) (S 284,398,394) (D 0,0,0)
 0 1 47 8988 24151  23 (D 0,0,0) (S 510,609,608) (S 937,608,577) (S 456,577,567) (S 444,567,249) (S 163,249,248) (S 408,248,537) (S 566,537,247) (S 146,223,222) (S 624,222,595) (S 623,595,133) (S 88,133,134) (S 793,134,38) (S 792,38,712) (S 687,712,713) (S 791,712,221) (S 145,221,222) (S 625,222,681) (S 653,681,285) (S 654,285,536) (S 407,536,364) (S 247,364,29) (D 0,0,0)
 0 1 48 8939 24574  11 (D 0,0,0) (S 169,257,256) (S 178,256,227) (S 150,227,226) (S 149,226,225) (S 442,225,566) (S 568,566,644) (S 443,547,249) (S 164,249,250) (S 457,567,578) (D 0,0,0)
 0 1 49 8983 40487  18 (D 0,0,0) (S 621,680,679) (S 929,679,252) (S 152,231,230) (S 181,272,230) (S 168,254,255) (S 202,254,229) (S 422,552,299) (S 151,229,230) (S 165,251,231) (S 166,231,252) (S 167,252,253) (S 928,252,802) (S 880,796,243) (S 159,243,244) (S 160,244,130) (S 86,131,132) (D 0,0,0)
 0 1 50 8997 42472  12 (D 0,0,0) (S 310,377,429) (S 831,429,766) (S 787,766,73) (S 788,73,767) (S 854,182,812) (S 50,76,77) (S 946,812,45) (S 27,44,45) (S 417,545,184) (S 410,295,538) (D 0,0,0)
 0 1 51 8914 30915  19 (D 0,0,0) (S 255,174,115) (S 75,115,114) (S 849,114,185) (S 116,185,184) (S 416,184,544) (S 962,544,847) (S 967,847,845) (S 966,183,845) (S 961,845,107) (S 963,106,847) (S 968,847,843) (S 954,843,543) (S 955,543,813) (S 852,810,811) (S 970,811,755) (S 754,754,755) (S 755,755,115) (D 0,0,0)
 0 1 52 8943 32291  22 (D 0,0,0) (S 76,115,118) (S 77,118,119) (S 78,119,120) (S 659,120,34) (S 8,11,12) (S 120,32,123) (S 81,123,124) (S 920,124,801) (S 843,801,187) (S 119,187,123) (S 842,187,800) (S 958,800,805) (S 845,797,805) (S 957,805,113) (S 956,113,813) (S 855,813,810) (S 856,810,754) (S 753,754,541) (S 108,173,174) (S 253,293,367) (D 0,0,0)
 0 1 53 8929 34828  18 (D 0,0,0) (S 74,114,113) (S 846,805,186) (S 118,186,112) (S 72,112,111) (S 921,111,808) (S 851,808,809) (S 944,809,110) (S 943,110,125) (S 942,125,764) (S 941,764,834) (S 917,833,834) (S 918,834,765) (S 777,763,764) (S 778,764,765) (S 919,765,124) (S 80,123,122) (D 0,0,0)
 0 1 54 8970 35726  25 (D 0,0,0) (S 841,799,798) (S 839,798,122) (S 79,122,121) (S 22,33,32) (S 121,32,12) (S 9,12,13) (S 122,12,188) (S 656,189,698) (S 123,189,188) (S 657,699,188) (S 658,188,11) (S 7,11,10) (S 6,9,10) (S 655,10,35) (S 25,35,36) (S 24,35,34) (S 23,34,33) (S 916,33,121) (S 915,121,799) (S 914,799,804) (S 844,804,797) (S 838,797,798) (S 840,799,118) (D 0,0,0)
 0 1 55 8930 35510  21 (D 0,0,0) (S 752,541,753) (S 969,841,843) (S 952,105,48) (S 789,49,767) (S 853,767,806) (S 847,806,74) (S 48,73,74) (S 49,74,75) (S 111,181,75) (S 112,75,182) (S 113,182,46) (S 29,46,47) (S 964,47,848) (S 30,47,48) (S 31,48,49) (S 67,103,104) (S 949,104,841) (S 414,542,541) (S 413,540,158) (D 0,0,0)
 0 1 56 8992 35579  16 (D 0,0,0) (S 415,542,543) (S 953,843,105) (S 68,105,106) (S 69,106,107) (S 70,107,108) (S 114,108,46) (S 28,46,45) (S 945,45,109) (S 71,109,108) (S 965,849,183) (S 115,183,184) (S 850,185,808) (S 117,185,112) (S 73,112,113) (D 0,0,0)
