1418550
56
3600656
3505390
 0 1 1 8868 14016  20 (D 0,0,0) (S 1,0,1) (S 648,0,2) (S 876,3,191) (S 125,191,192) (S 126,192,193) (S 246,193,354) (S 241,354,355) (S 334,355,459) (S 333,458,459) (S 531,353,584) (S 466,584,504) (S 371,504,505) (S 611,505,623) (S 533,623,622) (S 532,622,584) (S 530,353,459) (S 529,459,621) (S 866,733,734) (D 0,0,0)
 0 1 2 8699 19618  14 (D 0,0,0) (S 861,4,728) (S 745,747,727) (S 704,727,728) (S 3,4,3) (S 875,3,732) (S 776,27,686) (S 593,663,664) (S 634,663,686) (S 18,26,27) (S 19,27,28) (S 707,731,732) (S 2,3,2) (D 0,0,0)
 0 1 3 8820 14274  26 (D 0,0,0) (S 649,2,695) (S 883,695,81) (S 426,81,190) (S 427,190,555) (S 124,190,82) (S 670,82,654) (S 173,262,261) (S 172,260,261) (S 872,670,745) (S 743,745,43) (S 881,821,822) (S 904,823,831) (S 882,823,822) (S 947,822,43) (S 26,43,42) (S 53,42,85) (S 54,85,86) (S 263,86,263) (S 174,263,264) (S 233,265,344) (S 695,344,507) (S 373,177,506) (S 313,431,178) (S 603,179,672) (D 0,0,0)
 0 1 4 8689 14553  34 (D 0,0,0) (S 617,674,672) (S 618,672,431) (S 314,431,15) (S 10,15,14) (S 372,14,506) (S 619,506,346) (S 383,345,379) (S 268,379,368) (S 256,368,369) (S 469,369,513) (S 868,817,715) (S 689,715,371) (S 258,371,370) (S 597,370,669) (S 265,370,375) (S 382,513,379) (S 269,379,380) (S 270,380,264) (S 175,264,265) (S 232,265,343) (S 740,343,508) (S 600,671,6) (S 4,5,6) (S 5,6,7) (S 610,7,675) (S 609,268,675) (S 739,675,671) (S 601,671,267) (S 602,267,179) (S 110,179,180) (S 608,180,268) (S 607,180,674) (D 0,0,0)
 0 1 5 8851 18000  23 (D 0,0,0) (S 615,677,653) (S 922,522,708) (S 681,708,433) (S 682,433,324) (S 218,324,325) (S 820,325,495) (S 821,788,789) (S 860,788,814) (S 243,322,358) (S 425,358,554) (S 683,709,139) (S 89,138,139) (S 684,139,554) (S 685,554,573) (S 448,573,572) (S 688,572,714) (S 447,572,571) (S 507,571,453) (S 508,52,607) (S 668,607,705) (S 317,434,415) (D 0,0,0)
 0 1 6 8293 13309  19 (D 0,0,0) (S 392,521,520) (S 818,520,64) (S 41,64,65) (S 42,65,66) (S 715,66,171) (S 289,170,403) (S 518,403,613) (S 290,403,404) (S 291,404,405) (S 545,405,69) (S 44,69,68) (S 465,68,404) (S 464,404,582) (S 735,582,313) (S 736,313,736) (S 710,736,735) (S 799,735,740) (D 0,0,0)
 0 1 7 8786 17534  20 (D 0,0,0) (S 391,520,351) (S 239,351,326) (S 238,350,349) (S 237,349,169) (S 106,168,169) (S 493,169,62) (S 492,62,167) (S 669,167,705) (S 32,52,51) (S 877,51,794) (S 878,794,819) (S 829,794,55) (S 35,55,54) (S 34,54,53) (S 723,53,704) (S 722,704,435) (S 220,328,327) (S 298,327,416) (D 0,0,0)
 0 1 8 8956 25013  17 (D 0,0,0) (S 316,349,434) (S 33,52,53) (S 59,95,94) (S 58,94,93) (S 557,93,637) (S 749,637,749) (S 558,637,638) (S 559,638,200) (S 560,200,639) (S 930,837,639) (S 769,638,707) (S 675,94,592) (S 477,592,593) (S 676,592,455) (S 677,455,54) (D 0,0,0)
 0 1 9 8901 22243  19 (D 0,0,0) (S 680,518,329) (S 320,437,438) (S 459,438,579) (S 38,57,58) (S 353,59,480) (S 796,479,772) (S 352,479,478) (S 795,478,771) (S 351,478,92) (S 556,93,562) (S 555,562,456) (S 554,456,58) (S 553,58,636) (S 550,439,422) (S 303,422,423) (S 549,422,515) (S 385,515,516) (D 0,0,0)
 0 1 10 8953 28646  22 (D 0,0,0) (S 678,703,54) (S 332,455,456) (S 438,562,563) (S 57,93,92) (S 696,91,282) (S 188,282,283) (S 186,279,280) (S 698,280,723) (S 187,280,281) (S 732,281,477) (S 350,477,199) (S 130,199,198) (S 129,197,198) (S 633,476,685) (S 348,476,142) (S 91,142,143) (S 349,79,199) (S 131,200,201) (S 673,201,707) (S 674,707,94) (D 0,0,0)
 0 1 11 8871 18012  15 (D 0,0,0) (S 819,520,325) (S 221,328,329) (S 222,330,331) (S 223,331,332) (S 224,332,333) (S 661,333,514) (S 384,514,515) (S 758,634,629) (S 537,629,630) (S 535,627,626) (S 830,626,581) (S 800,776,735) (S 390,416,351) (D 0,0,0)
 0 1 12 8495 14474  22 (D 0,0,0) (S 539,521,324) (S 538,631,324) (S 315,433,432) (S 909,432,443) (S 324,443,444) (S 908,443,494) (S 907,494,814) (S 906,814,357) (S 217,322,323) (S 216,322,321) (S 242,321,356) (S 215,321,320) (S 214,320,319) (S 213,319,318) (S 212,317,316) (S 913,316,761) (S 772,535,761) (S 773,761,762) (S 774,762,673) (S 775,673,708) (D 0,0,0)
 0 1 13 8888 20985  17 (D 0,0,0) (S 393,522,523) (S 406,527,535) (S 405,535,445) (S 451,575,497) (S 366,461,100) (S 64,100,99) (S 498,99,460) (S 336,460,461) (S 367,461,497) (S 450,497,574) (S 496,574,601) (S 813,601,337) (S 227,337,338) (S 812,601,446) (S 326,446,447) (D 0,0,0)
 0 1 14 8923 27983  15 (D 0,0,0) (S 910,832,432) (S 331,452,427) (S 583,427,137) (S 194,154,291) (S 195,291,242) (S 245,242,363) (S 519,363,156) (S 98,156,157) (S 504,363,155) (S 399,155,291) (S 398,291,241) (S 397,241,528) (S 620,528,678) (D 0,0,0)
 0 1 15 8926 17477  24 (D 0,0,0) (S 859,14,525) (S 257,369,370) (S 259,371,372) (S 261,40,373) (S 262,373,374) (S 590,373,658) (S 589,373,84) (S 52,83,84) (S 588,84,657) (S 744,657,746) (S 587,657,656) (S 874,656,818) (S 586,656,655) (S 691,716,655) (S 873,656,670) (S 598,670,261) (S 599,261,342) (S 230,341,342) (S 231,342,343) (S 374,508,266) (S 176,267,268) (S 177,268,63) (D 0,0,0)
 0 1 16 8832 18516  16 (D 0,0,0) (S 935,63,787) (S 714,738,737) (S 933,737,583) (S 932,583,632) (S 931,632,829) (S 47,71,72) (S 900,71,407) (S 292,407,408) (S 899,828,407) (S 822,406,70) (S 544,69,632) (S 543,632,505) (S 542,505,622) (S 541,622,195) (D 0,0,0)
 0 1 17 8819 18948  14 (D 0,0,0) (S 127,194,195) (S 128,195,196) (S 613,196,589) (S 473,589,588) (S 472,588,559) (S 434,559,209) (S 137,208,209) (S 433,209,558) (S 898,301,827) (S 897,301,557) (S 896,557,205) (S 134,205,151) (D 0,0,0)
 0 1 18 8843 18811  11 (D 0,0,0) (S 404,150,533) (S 205,151,306) (S 779,300,587) (S 470,586,587) (S 471,587,559) (S 895,588,208) (S 136,208,207) (S 540,207,590) (S 467,585,194) (D 0,0,0)
 0 1 19 8898 17040  16 (D 0,0,0) (S 402,191,532) (S 96,150,151) (S 135,151,206) (S 468,206,585) (S 475,585,590) (S 474,590,589) (S 612,196,623) (S 534,624,625) (S 903,624,830) (S 902,624,829) (S 901,829,71) (S 46,71,70) (S 45,70,69) (S 43,67,66) (D 0,0,0)
 0 1 20 8380 13273  26 (D 0,0,0) (S 816,3,787) (S 817,787,64) (S 864,65,451) (S 863,451,352) (S 240,352,351) (S 299,417,418) (S 300,418,419) (S 330,419,450) (S 716,450,171) (S 107,171,170) (S 711,170,449) (S 328,449,312) (S 208,312,310) (S 737,736,739) (S 717,739,450) (S 329,450,449) (S 712,170,67) (S 713,67,737) (S 934,738,816) (S 865,816,733) (S 708,733,621) (S 528,620,621) (S 709,621,734) (S 867,734,4) (D 0,0,0)
 0 1 21 8829 20559  13 (D 0,0,0) (S 51,81,80) (S 476,80,532) (S 403,532,150) (S 780,300,116) (S 248,117,365) (S 249,365,257) (S 170,257,258) (S 171,258,259) (S 140,214,215) (S 884,205,695) (S 650,695,696) (D 0,0,0)
 0 1 22 8939 18708  21 (D 0,0,0) (S 614,676,677) (S 628,677,521) (S 389,416,519) (S 388,519,518) (S 387,518,517) (S 502,602,604) (S 569,645,604) (S 536,605,628) (S 503,605,604) (S 570,604,603) (S 500,603,602) (S 501,602,517) (S 386,517,516) (S 463,516,581) (S 734,582,633) (S 733,744,633) (S 546,633,627) (S 547,627,634) (S 548,634,515) (D 0,0,0)
 0 1 23 8756 14487  26 (D 0,0,0) (S 616,653,674) (S 606,674,17) (S 11,17,16) (S 604,16,524) (S 395,524,525) (S 858,525,762) (S 857,762,718) (S 911,718,832) (S 517,443,319) (S 516,319,534) (S 327,448,447) (S 629,447,646) (S 575,646,647) (S 576,647,648) (S 798,647,611) (S 513,610,611) (S 514,611,612) (S 797,773,774) (S 804,774,612) (S 515,612,448) (S 325,445,318) (S 925,317,832) (S 692,718,719) (S 923,719,708) (D 0,0,0)
 0 1 24 8573 15068  28 (D 0,0,0) (S 605,17,523) (S 394,523,524) (S 396,525,526) (S 912,526,347) (S 235,347,346) (S 234,345,344) (S 694,344,380) (S 693,380,86) (S 264,86,375) (S 381,375,512) (S 380,512,41) (S 862,39,815) (S 522,616,39) (S 260,40,372) (S 690,372,715) (S 869,715,512) (S 870,512,85) (S 871,85,745) (S 742,745,260) (S 741,260,343) (S 375,508,5) (S 376,5,509) (S 377,509,510) (S 428,509,555) (S 584,555,8) (S 585,8,63) (D 0,0,0)
 0 1 25 8960 21156  21 (D 0,0,0) (S 462,516,332) (S 461,332,580) (S 460,580,438) (S 321,438,439) (S 551,439,635) (S 766,635,758) (S 552,635,636) (S 39,58,59) (S 40,59,60) (S 354,59,481) (S 662,333,481) (S 355,481,482) (S 663,481,700) (S 660,700,165) (S 104,164,165) (S 105,165,166) (S 823,166,702) (S 667,703,704) (S 219,326,325) (D 0,0,0)
 0 1 26 8998 32653  21 (D 0,0,0) (S 639,689,203) (S 939,825,441) (S 938,840,441) (S 322,441,440) (S 478,594,440) (S 647,693,694) (S 646,693,466) (S 645,692,466) (S 340,466,465) (S 339,465,464) (S 940,464,825) (S 364,493,490) (S 363,490,492) (S 362,491,492) (S 524,483,22) (S 523,502,600) (S 495,600,362) (S 494,362,599) (S 643,691,471) (D 0,0,0)
 0 1 27 8895 24959  18 (D 0,0,0) (S 731,360,691) (S 641,690,599) (S 133,203,202) (S 132,202,201) (S 672,201,146) (S 94,146,147) (S 95,147,148) (S 671,706,146) (S 93,146,145) (S 729,145,742) (S 226,336,144) (S 92,144,145) (S 728,145,202) (S 726,95,591) (S 725,591,454) (S 724,454,53) (D 0,0,0)
 0 1 28 8945 33369  15 (D 0,0,0) (S 642,691,690) (S 356,485,484) (S 361,484,490) (S 525,492,617) (S 706,617,730) (S 526,617,618) (S 527,618,619) (S 770,618,488) (S 771,488,710) (S 686,710,711) (S 360,488,489) (S 365,489,496) (S 635,496,493) (D 0,0,0)
 0 1 29 8979 32404  22 (D 0,0,0) (S 640,599,689) (S 637,20,485) (S 636,485,688) (S 894,688,667) (S 893,825,440) (S 892,665,662) (S 891,662,693) (S 890,693,683) (S 630,682,683) (S 631,683,467) (S 342,467,468) (S 562,468,641) (S 888,556,641) (S 561,640,641) (S 889,641,683) (S 592,661,662) (S 594,665,666) (S 323,441,442) (S 596,442,668) (S 595,442,667) (D 0,0,0)
 0 1 30 8975 39207  15 (D 0,0,0) (S 341,466,467) (S 632,467,684) (S 343,468,469) (S 344,469,304) (S 204,304,305) (S 207,308,309) (S 206,307,308) (S 885,824,308) (S 886,308,303) (S 203,302,303) (S 887,303,556) (S 429,556,469) (S 430,469,473) (D 0,0,0)
 0 1 31 8952 34143  13 (D 0,0,0) (S 12,19,18) (S 229,18,340) (S 431,340,473) (S 347,474,475) (S 936,474,839) (S 228,339,340) (S 794,19,769) (S 13,19,20) (S 638,20,503) (S 767,689,606) (S 730,97,690) (D 0,0,0)
 0 1 32 8978 19197  17 (D 0,0,0) (S 449,359,574) (S 497,574,460) (S 335,460,361) (S 244,361,98) (S 62,98,97) (S 61,97,96) (S 505,96,606) (S 768,606,741) (S 727,741,95) (S 60,95,96) (S 506,96,472) (S 346,472,471) (S 644,471,334) (S 225,334,335) (S 905,335,357) (D 0,0,0)
 0 1 33 8885 24957  16 (D 0,0,0) (S 803,612,647) (S 574,646,575) (S 573,575,101) (S 65,100,101) (S 66,101,102) (S 572,101,501) (S 571,501,24) (S 17,24,25) (S 16,24,23) (S 705,23,729) (S 15,23,22) (S 14,21,22) (S 499,600,99) (S 63,99,98) (D 0,0,0)
 0 1 34 8963 33377  23 (D 0,0,0) (S 191,287,286) (S 190,286,285) (S 625,681,222) (S 623,595,133) (S 155,132,235) (S 563,642,234) (S 154,234,233) (S 153,232,233) (S 419,549,550) (S 420,551,549) (S 421,549,233) (S 86,132,131) (S 445,569,131) (S 446,131,564) (S 192,288,278) (S 193,278,289) (S 185,278,277) (S 481,277,570) (S 480,570,595) (S 626,681,576) (S 627,576,287) (D 0,0,0)
 0 1 35 8897 26317  19 (D 0,0,0) (S 511,561,609) (S 247,29,364) (S 407,364,536) (S 654,536,285) (S 189,284,285) (S 653,285,681) (S 652,681,381) (S 651,697,381) (S 271,381,382) (S 272,382,383) (S 424,383,287) (S 423,553,383) (S 273,383,30) (S 274,30,384) (S 21,30,31) (S 20,30,29) (S 509,29,608) (D 0,0,0)
 0 1 36 8943 27074  11 (D 0,0,0) (S 252,226,367) (S 489,269,292) (S 236,292,348) (S 848,175,807) (S 109,175,174) (S 254,174,293) (S 436,294,258) (S 437,258,561) (S 432,557,306) (D 0,0,0)
 0 1 37 8954 29444  21 (D 0,0,0) (S 408,248,537) (S 566,537,247) (S 565,247,223) (S 564,643,223) (S 146,223,222) (S 145,222,221) (S 792,712,38) (S 960,135,844) (S 959,844,615) (S 950,615,842) (S 521,615,597) (S 491,597,598) (S 490,597,530) (S 835,530,390) (S 277,390,389) (S 276,389,388) (S 581,388,499) (S 370,500,89) (S 97,155,154) (D 0,0,0)
 0 1 38 8695 31566  31 (D 0,0,0) (S 164,249,250) (S 487,565,596) (S 486,596,538) (S 441,462,219) (S 144,219,212) (S 139,212,213) (S 211,246,315) (S 748,315,748) (S 747,748,129) (S 84,129,128) (S 100,128,160) (S 763,160,748) (S 762,748,245) (S 161,245,246) (S 182,274,275) (S 183,275,276) (S 439,275,486) (S 138,211,212) (S 143,219,218) (S 142,218,217) (S 141,217,216) (S 179,270,216) (S 180,216,271) (S 483,217,463) (S 200,297,296) (S 198,296,295) (S 148,224,225) (S 568,566,644) (S 457,567,578) (D 0,0,0)
 0 1 39 8974 40488  16 (D 0,0,0) (S 167,252,253) (S 168,254,255) (S 202,254,229) (S 422,552,299) (S 151,229,230) (S 181,272,230) (S 152,230,231) (S 165,251,231) (S 166,231,252) (S 928,802,252) (S 929,252,679) (S 621,679,680) (S 951,842,680) (S 622,680,133) (D 0,0,0)
 0 1 40 8983 33875  21 (D 0,0,0) (S 279,393,392) (S 307,392,428) (S 309,386,377) (S 310,377,429) (S 832,429,399) (S 833,399,652) (S 579,652,414) (S 578,651,414) (S 288,401,402) (S 295,410,411) (S 294,410,400) (S 293,409,400) (S 287,400,399) (S 286,399,378) (S 368,398,498) (S 802,498,393) (S 801,777,393) (S 280,393,394) (S 281,394,395) (D 0,0,0)
 0 1 41 8960 28135  18 (D 0,0,0) (S 582,290,395) (S 282,395,396) (S 379,396,500) (S 369,499,398) (S 285,398,387) (S 275,387,388) (S 580,388,652) (S 834,652,390) (S 401,530,89) (S 56,89,88) (S 55,87,88) (S 520,88,614) (S 948,614,529) (S 400,529,397) (S 283,397,396) (S 378,511,396) (D 0,0,0)
 0 1 42 8678 27830  19 (D 0,0,0) (S 510,609,608) (S 455,577,364) (S 454,364,286) (S 453,286,576) (S 452,576,382) (S 790,381,221) (S 791,221,712) (S 687,712,713) (S 199,135,276) (S 184,276,277) (S 482,277,217) (S 484,463,297) (S 201,297,298) (S 485,297,538) (S 147,224,223) (S 162,247,248) (S 163,248,249) (D 0,0,0)
 0 1 43 8868 16943  26 (D 0,0,0) (S 297,327,415) (S 318,415,435) (S 679,436,703) (S 666,703,702) (S 665,702,701) (S 664,701,579) (S 458,579,57) (S 37,57,56) (S 36,55,56) (S 825,56,701) (S 824,701,790) (S 828,790,660) (S 591,659,660) (S 827,660,793) (S 826,792,793) (S 815,785,784) (S 814,784,649) (S 577,649,650) (S 319,437,436) (S 721,435,328) (S 720,328,519) (S 719,519,740) (S 718,740,739) (S 738,739,418) (D 0,0,0)
 0 1 44 8839 26421  15 (D 0,0,0) (S 924,719,832) (S 811,446,452) (S 306,427,426) (S 810,426,779) (S 805,779,239) (S 158,239,240) (S 806,239,780) (S 157,239,238) (S 782,236,424) (S 697,721,722) (S 781,722,424) (S 304,424,425) (S 305,425,426) (D 0,0,0)
 0 1 45 8962 32724  18 (D 0,0,0) (S 284,394,398) (S 267,378,377) (S 312,412,430) (S 296,412,413) (S 311,412,429) (S 266,377,376) (S 786,376,385) (S 785,385,391) (S 278,391,392) (S 90,140,141) (S 784,140,152) (S 783,152,236) (S 156,236,237) (S 808,237,781) (S 807,425,781) (S 809,781,778) (D 0,0,0)
 0 1 46 8989 22792  13 (D 0,0,0) (S 937,608,577) (S 456,577,567) (S 444,567,249) (S 418,547,548) (S 567,548,566) (S 442,566,225) (S 149,225,226) (S 150,226,227) (S 178,227,256) (S 169,256,257) (S 512,365,561) (D 0,0,0)
 0 1 47 8865 27151  8 (D 0,0,0) (S 250,257,366) (S 251,366,226) (S 488,367,269) (S 196,292,293) (S 197,293,294) (S 435,560,294) (D 0,0,0)
 0 1 48 8959 34260  21 (D 0,0,0) (S 253,367,293) (S 255,174,115) (S 840,118,799) (S 915,799,121) (S 23,33,34) (S 658,11,188) (S 657,699,188) (S 656,189,698) (S 123,189,188) (S 122,188,12) (S 121,12,32) (S 778,765,764) (S 941,764,834) (S 917,833,834) (S 918,834,765) (S 22,32,33) (S 916,33,121) (S 79,121,122) (S 841,798,799) (D 0,0,0)
 0 1 49 8950 33054  19 (D 0,0,0) (S 76,115,118) (S 914,799,804) (S 844,804,797) (S 845,797,805) (S 838,797,798) (S 839,798,122) (S 80,122,123) (S 119,123,187) (S 920,801,124) (S 919,124,765) (S 777,763,764) (S 942,764,125) (S 943,125,110) (S 944,110,809) (S 851,809,808) (S 850,808,185) (S 849,185,114) (D 0,0,0)
 0 1 50 8978 32150  24 (D 0,0,0) (S 75,115,114) (S 74,114,113) (S 846,805,186) (S 118,186,112) (S 72,112,111) (S 921,111,808) (S 116,185,184) (S 416,184,544) (S 962,544,847) (S 963,847,106) (S 961,107,845) (S 965,849,183) (S 966,183,845) (S 967,845,847) (S 968,847,843) (S 969,843,841) (S 752,753,541) (S 412,158,539) (S 411,539,295) (S 410,295,538) (S 409,224,537) (S 443,547,249) (D 0,0,0)
 0 1 51 8818 31135  26 (D 0,0,0) (S 108,174,173) (S 413,158,540) (S 699,540,470) (S 701,314,724) (S 765,757,724) (S 702,724,126) (S 82,126,127) (S 83,127,128) (S 101,128,161) (S 761,420,756) (S 751,751,752) (S 750,750,751) (S 757,751,725) (S 756,725,756) (S 760,756,127) (S 759,127,757) (S 764,757,160) (S 99,160,159) (S 210,159,315) (S 209,159,314) (S 700,314,470) (S 345,470,213) (S 337,213,462) (S 338,462,463) (D 0,0,0)
 0 1 52 8953 34386  26 (D 0,0,0) (S 440,219,211) (S 359,486,487) (S 358,486,274) (S 357,274,246) (S 160,130,244) (S 159,244,243) (S 837,796,795) (S 927,802,726) (S 926,836,726) (S 703,726,421) (S 302,421,420) (S 301,420,161) (S 102,161,162) (S 103,162,163) (S 836,162,795) (S 879,820,796) (S 880,796,243) (S 746,244,129) (S 85,129,130) (S 87,132,133) (S 88,133,134) (S 793,134,38) (S 479,38,595) (S 624,595,222) (D 0,0,0)
 0 1 53 8997 35710  21 (D 0,0,0) (S 414,541,542) (S 415,542,543) (S 954,543,843) (S 953,843,105) (S 952,105,48) (S 30,48,47) (S 964,47,848) (S 29,47,46) (S 113,46,182) (S 112,182,75) (S 111,181,75) (S 49,75,74) (S 48,73,74) (S 847,74,806) (S 853,806,767) (S 789,767,49) (S 31,49,48) (S 67,104,103) (S 753,541,754) (D 0,0,0)
 0 1 54 8978 33292  23 (D 0,0,0) (S 755,115,755) (S 754,755,754) (S 856,754,810) (S 855,810,813) (S 956,813,113) (S 957,113,805) (S 958,805,800) (S 842,800,187) (S 843,187,801) (S 81,124,123) (S 120,123,32) (S 9,12,13) (S 8,12,11) (S 7,11,10) (S 6,9,10) (S 655,10,35) (S 25,35,36) (S 24,35,34) (S 659,34,120) (S 78,120,119) (S 77,119,118) (D 0,0,0)
 0 1 55 8868 36052  14 (D 0,0,0) (S 73,113,112) (S 117,112,185) (S 115,184,183) (S 71,108,109) (S 945,109,45) (S 27,44,45) (S 28,45,46) (S 114,46,108) (S 70,108,107) (S 69,107,106) (S 68,106,105) (S 949,104,841) (D 0,0,0)
 0 1 56 8885 40782  13 (D 0,0,0) (S 308,428,386) (S 831,429,766) (S 787,766,73) (S 788,73,767) (S 854,182,812) (S 50,76,77) (S 946,812,45) (S 417,545,184) (S 955,543,813) (S 852,810,811) (S 970,811,755) (D 0,0,0)
