1417894
56
3600634
3566483
 0 1 1 8602 14626  32 (D 0,0,0) (S 618,672,431) (S 619,506,346) (S 235,346,347) (S 912,347,526) (S 268,368,379) (S 382,379,513) (S 381,375,512) (S 380,41,512) (S 870,512,85) (S 53,85,42) (S 26,42,43) (S 947,43,822) (S 881,821,822) (S 882,822,823) (S 904,823,831) (S 743,43,745) (S 871,745,85) (S 54,85,86) (S 263,86,263) (S 174,263,264) (S 270,264,380) (S 694,380,344) (S 695,344,507) (S 373,177,506) (S 372,506,14) (S 10,14,15) (S 314,15,431) (S 313,431,178) (S 603,179,672) (S 617,672,674) (D 0,0,0)
 0 1 2 8932 15013  24 (D 0,0,0) (S 606,674,17) (S 11,17,16) (S 859,14,525) (S 396,525,526) (S 913,761,316) (S 212,316,317) (S 325,318,445) (S 327,448,447) (S 629,447,646) (S 575,646,647) (S 798,647,611) (S 513,610,611) (S 514,611,612) (S 804,612,774) (S 797,773,774) (S 515,612,448) (S 516,534,319) (S 517,319,443) (S 324,443,444) (S 909,443,432) (S 315,432,433) (S 681,433,708) (D 0,0,0)
 0 1 3 8953 18343  22 (D 0,0,0) (S 775,708,673) (S 774,673,762) (S 857,762,718) (S 911,718,832) (S 908,443,494) (S 907,494,814) (S 906,814,357) (S 225,335,334) (S 643,471,691) (S 642,691,690) (S 641,690,599) (S 494,599,362) (S 495,362,600) (S 499,600,99) (S 498,99,460) (S 497,460,574) (S 449,574,359) (S 217,322,323) (S 860,814,788) (S 821,788,789) (D 0,0,0)
 0 1 4 8993 21158  24 (D 0,0,0) (S 237,349,169) (S 106,168,169) (S 493,169,62) (S 492,62,167) (S 669,167,705) (S 668,705,607) (S 508,607,52) (S 32,52,51) (S 877,51,794) (S 878,794,819) (S 829,794,55) (S 825,56,701) (S 824,701,790) (S 828,790,660) (S 591,659,660) (S 827,660,793) (S 826,792,793) (S 815,785,784) (S 814,784,649) (S 577,649,650) (S 319,437,436) (S 680,329,518) (D 0,0,0)
 0 1 5 8990 18087  17 (D 0,0,0) (S 221,328,329) (S 222,330,331) (S 223,331,332) (S 224,332,333) (S 662,333,481) (S 355,481,482) (S 40,59,60) (S 39,59,58) (S 38,58,57) (S 664,579,701) (S 665,701,702) (S 666,702,703) (S 667,703,704) (S 722,704,435) (S 318,435,415) (D 0,0,0)
 0 1 6 8947 20036  19 (D 0,0,0) (S 320,437,438) (S 459,438,579) (S 458,579,57) (S 37,57,56) (S 36,56,55) (S 35,55,54) (S 677,54,455) (S 676,455,592) (S 477,592,593) (S 332,455,456) (S 554,456,58) (S 553,58,636) (S 551,635,439) (S 321,439,438) (S 460,438,580) (S 461,580,332) (S 462,332,516) (D 0,0,0)
 0 1 7 8978 22668  15 (D 0,0,0) (S 386,517,516) (S 385,516,515) (S 303,422,423) (S 555,456,562) (S 438,562,563) (S 556,562,93) (S 57,93,92) (S 351,92,478) (S 352,478,479) (S 796,479,772) (S 353,480,59) (S 661,333,514) (S 384,514,515) (D 0,0,0)
 0 1 8 8910 14257  12 (D 0,0,0) (S 127,194,195) (S 541,195,622) (S 533,622,623) (S 612,623,196) (S 474,589,590) (S 475,590,585) (S 468,585,206) (S 135,206,151) (S 134,151,205) (S 884,205,695) (D 0,0,0)
 0 1 9 8604 22709  11 (D 0,0,0) (S 896,205,557) (S 897,557,301) (S 898,301,827) (S 780,300,116) (S 248,117,365) (S 512,365,561) (S 171,258,259) (S 140,214,215) (S 432,557,306) (D 0,0,0)
 0 1 10 8847 16763  22 (D 0,0,0) (S 866,734,733) (S 708,733,621) (S 529,621,459) (S 333,458,459) (S 530,459,353) (S 531,353,584) (S 466,584,504) (S 371,504,505) (S 611,505,623) (S 903,624,830) (S 534,624,625) (S 902,624,829) (S 901,829,71) (S 46,71,70) (S 44,69,68) (S 713,67,737) (S 43,67,66) (S 41,65,64) (S 818,64,520) (S 392,520,521) (D 0,0,0)
 0 1 11 8900 16208  25 (D 0,0,0) (S 585,63,8) (S 584,8,555) (S 427,190,555) (S 428,555,509) (S 377,509,510) (S 376,509,5) (S 600,6,671) (S 231,343,342) (S 230,341,342) (S 599,342,261) (S 173,261,262) (S 691,716,655) (S 874,656,818) (S 873,656,670) (S 598,670,261) (S 172,261,260) (S 742,260,745) (S 872,745,670) (S 741,260,343) (S 374,508,266) (S 176,267,268) (S 608,180,268) (S 177,268,63) (D 0,0,0)
 0 1 12 8790 13530  36 (D 0,0,0) (S 607,674,180) (S 110,180,179) (S 602,179,267) (S 601,267,671) (S 739,671,675) (S 609,268,675) (S 610,675,7) (S 5,7,6) (S 4,6,5) (S 375,5,508) (S 740,508,343) (S 232,343,265) (S 175,264,265) (S 233,265,344) (S 234,344,345) (S 383,345,379) (S 269,379,380) (S 693,380,86) (S 264,86,375) (S 869,512,715) (S 868,817,715) (S 689,715,371) (S 258,371,370) (S 597,370,669) (S 257,370,369) (S 256,369,368) (S 406,527,535) (S 772,535,761) (S 773,761,762) (S 858,762,525) (S 394,524,523) (S 605,523,17) (S 616,674,653) (S 615,653,677) (D 0,0,0)
 0 1 13 8666 13542  23 (D 0,0,0) (S 628,677,521) (S 539,521,324) (S 682,433,324) (S 538,631,324) (S 218,324,325) (S 820,325,495) (S 238,350,349) (S 316,349,434) (S 317,434,415) (S 297,415,327) (S 298,327,416) (S 299,417,418) (S 300,418,419) (S 330,419,450) (S 329,450,449) (S 711,449,170) (S 712,170,67) (S 716,171,450) (S 717,450,739) (S 738,739,418) (S 390,416,351) (D 0,0,0)
 0 1 14 8943 12952  21 (D 0,0,0) (S 391,520,351) (S 240,351,352) (S 863,352,451) (S 864,451,65) (S 42,65,66) (S 715,66,171) (S 107,171,170) (S 289,170,403) (S 518,403,613) (S 290,403,404) (S 291,404,405) (S 545,405,69) (S 544,69,632) (S 932,632,583) (S 933,583,737) (S 714,737,738) (S 934,738,816) (S 865,816,733) (S 867,734,4) (D 0,0,0)
 0 1 15 8994 19285  18 (D 0,0,0) (S 239,351,326) (S 723,704,53) (S 724,53,454) (S 725,454,591) (S 726,591,95) (S 60,95,96) (S 61,96,97) (S 62,97,98) (S 63,98,99) (S 64,99,100) (S 366,100,461) (S 336,461,460) (S 335,460,361) (S 731,360,691) (S 644,471,334) (S 905,335,357) (D 0,0,0)
 0 1 16 8982 39028  15 (D 0,0,0) (S 949,841,104) (S 67,103,104) (S 952,105,48) (S 31,48,49) (S 789,767,49) (S 30,48,47) (S 964,47,848) (S 29,47,46) (S 28,46,45) (S 27,44,45) (S 71,109,108) (S 967,845,847) (S 962,847,544) (D 0,0,0)
 0 1 17 8946 18694  20 (D 0,0,0) (S 389,416,519) (S 719,519,740) (S 718,740,739) (S 737,739,736) (S 736,736,313) (S 464,582,404) (S 465,404,68) (S 45,69,70) (S 822,70,406) (S 292,407,408) (S 899,828,407) (S 900,407,71) (S 47,71,72) (S 931,829,632) (S 543,632,505) (S 542,505,622) (S 532,622,584) (S 709,621,734) (D 0,0,0)
 0 1 18 8949 41508  17 (D 0,0,0) (S 446,564,131) (S 445,569,131) (S 837,796,795) (S 928,802,252) (S 167,252,253) (S 152,231,230) (S 181,272,230) (S 151,230,229) (S 168,254,255) (S 202,254,229) (S 422,552,299) (S 165,251,231) (S 166,231,252) (S 929,252,679) (S 621,679,680) (D 0,0,0)
 0 1 19 8892 20599  17 (D 0,0,0) (S 604,16,524) (S 405,535,445) (S 803,612,647) (S 576,647,648) (S 574,646,575) (S 573,575,101) (S 66,101,102) (S 65,101,100) (S 367,461,497) (S 450,497,574) (S 496,574,601) (S 813,601,337) (S 227,337,338) (S 812,601,446) (S 692,718,719) (D 0,0,0)
 0 1 20 8978 27777  15 (D 0,0,0) (S 924,719,832) (S 910,832,432) (S 583,427,137) (S 194,154,291) (S 620,528,678) (S 397,528,241) (S 398,241,291) (S 195,291,242) (S 245,242,363) (S 98,156,157) (S 519,156,363) (S 504,363,155) (S 97,155,154) (D 0,0,0)
 0 1 21 8968 29418  22 (D 0,0,0) (S 456,567,577) (S 453,286,576) (S 626,576,681) (S 479,595,38) (S 793,38,134) (S 88,134,133) (S 622,133,680) (S 951,680,842) (S 950,842,615) (S 491,597,598) (S 490,597,530) (S 401,530,89) (S 56,89,88) (S 55,87,88) (S 520,88,614) (S 948,614,529) (S 400,529,397) (S 283,397,396) (S 378,511,396) (S 282,396,395) (D 0,0,0)
 0 1 22 8874 30627  17 (D 0,0,0) (S 379,396,500) (S 581,499,388) (S 580,388,652) (S 833,652,399) (S 832,399,429) (S 312,412,430) (S 296,412,413) (S 311,412,429) (S 310,429,377) (S 266,377,376) (S 786,376,385) (S 785,385,391) (S 279,392,393) (S 801,777,393) (S 582,395,290) (D 0,0,0)
 0 1 23 8905 29971  20 (D 0,0,0) (S 306,427,426) (S 810,426,779) (S 805,779,239) (S 806,239,780) (S 158,239,240) (S 157,239,238) (S 783,236,152) (S 784,152,140) (S 90,140,141) (S 278,391,392) (S 307,392,428) (S 368,498,398) (S 285,398,387) (S 275,387,388) (S 276,388,389) (S 277,389,390) (S 370,500,89) (S 399,155,291) (D 0,0,0)
 0 1 24 8903 26171  14 (D 0,0,0) (S 326,447,446) (S 811,446,452) (S 809,778,781) (S 807,781,425) (S 304,425,424) (S 781,424,722) (S 697,721,722) (S 782,424,236) (S 156,236,237) (S 808,237,781) (S 305,425,426) (S 331,427,452) (D 0,0,0)
 0 1 25 8895 30996  22 (D 0,0,0) (S 637,20,485) (S 356,485,484) (S 361,484,490) (S 362,491,492) (S 363,492,490) (S 364,490,493) (S 595,667,442) (S 596,442,668) (S 323,442,441) (S 938,840,441) (S 322,441,440) (S 594,665,666) (S 592,661,662) (S 892,662,665) (S 478,594,440) (S 893,440,825) (S 894,667,688) (S 636,688,485) (S 638,20,503) (S 640,689,599) (D 0,0,0)
 0 1 26 8994 32949  16 (D 0,0,0) (S 244,361,98) (S 523,600,502) (S 524,22,483) (S 525,492,617) (S 706,617,730) (S 526,617,618) (S 527,618,619) (S 770,618,488) (S 686,710,711) (S 771,710,488) (S 360,488,489) (S 365,489,496) (S 635,496,493) (S 639,203,689) (D 0,0,0)
 0 1 27 8868 34143  12 (D 0,0,0) (S 730,690,97) (S 505,96,606) (S 767,606,689) (S 13,20,19) (S 794,19,769) (S 12,19,18) (S 229,18,340) (S 936,474,839) (S 347,474,475) (S 228,339,340) (D 0,0,0)
 0 1 28 8934 38116  15 (D 0,0,0) (S 431,340,473) (S 430,473,469) (S 344,469,304) (S 204,304,305) (S 203,302,303) (S 206,307,308) (S 207,308,309) (S 885,824,308) (S 886,308,303) (S 887,303,556) (S 888,556,641) (S 889,641,683) (S 890,683,693) (D 0,0,0)
 0 1 29 8949 34866  19 (D 0,0,0) (S 939,825,441) (S 891,662,693) (S 647,693,694) (S 646,693,466) (S 632,467,684) (S 631,467,683) (S 630,682,683) (S 561,640,641) (S 562,641,468) (S 429,556,469) (S 343,469,468) (S 342,468,467) (S 341,467,466) (S 645,692,466) (S 340,466,465) (S 339,465,464) (S 940,464,825) (D 0,0,0)
 0 1 30 8861 27814  21 (D 0,0,0) (S 58,94,93) (S 557,93,637) (S 749,637,749) (S 558,637,638) (S 560,200,639) (S 930,837,639) (S 131,200,201) (S 132,201,202) (S 728,202,145) (S 92,145,144) (S 226,336,144) (S 729,145,742) (S 93,145,146) (S 94,146,147) (S 95,147,148) (S 671,706,146) (S 672,146,201) (S 673,201,707) (S 674,707,94) (D 0,0,0)
 0 1 31 8938 30579  24 (D 0,0,0) (S 766,635,758) (S 663,700,481) (S 354,481,59) (S 795,478,771) (S 696,91,282) (S 188,282,283) (S 187,281,280) (S 698,280,723) (S 186,279,280) (S 732,281,477) (S 350,477,199) (S 633,476,685) (S 91,143,142) (S 348,142,476) (S 349,79,199) (S 129,197,198) (S 130,198,199) (S 559,200,638) (S 769,638,707) (S 768,741,606) (S 506,96,472) (S 346,472,471) (D 0,0,0)
 0 1 32 8823 25475  14 (D 0,0,0) (S 451,497,575) (S 572,101,501) (S 571,501,24) (S 17,24,25) (S 16,24,23) (S 705,23,729) (S 15,23,22) (S 14,22,21) (S 133,203,202) (S 727,741,95) (S 59,95,94) (S 675,94,592) (D 0,0,0)
 0 1 33 8461 16692  16 (D 0,0,0) (S 876,3,191) (S 205,151,306) (S 433,558,209) (S 137,208,209) (S 434,209,559) (S 472,559,588) (S 895,588,208) (S 136,208,207) (S 540,207,590) (S 467,585,194) (S 246,193,354) (S 241,354,355) (S 334,355,459) (S 528,620,621) (D 0,0,0)
 0 1 34 8993 24028  11 (D 0,0,0) (S 511,561,609) (S 444,567,249) (S 567,548,566) (S 568,566,644) (S 442,566,225) (S 149,225,226) (S 150,226,227) (S 178,227,256) (S 169,256,257) (D 0,0,0)
 0 1 35 8661 25614  18 (D 0,0,0) (S 510,609,608) (S 509,608,29) (S 20,29,30) (S 274,30,384) (S 21,30,31) (S 273,30,383) (S 423,553,383) (S 424,383,287) (S 272,383,382) (S 271,382,381) (S 651,697,381) (S 652,381,681) (S 190,285,286) (S 454,286,364) (S 455,364,577) (S 937,577,608) (D 0,0,0)
 0 1 36 8852 27561  9 (D 0,0,0) (S 249,365,257) (S 251,366,226) (S 253,367,293) (S 196,292,293) (S 197,293,294) (S 435,560,294) (S 436,294,258) (D 0,0,0)
 0 1 37 8944 33130  26 (D 0,0,0) (S 437,561,258) (S 108,174,173) (S 99,159,160) (S 764,160,757) (S 759,757,127) (S 760,127,756) (S 756,756,725) (S 757,725,751) (S 750,750,751) (S 751,751,752) (S 761,756,420) (S 102,161,162) (S 103,162,163) (S 836,162,795) (S 927,802,726) (S 926,836,726) (S 703,726,421) (S 302,421,420) (S 301,420,161) (S 101,161,128) (S 100,128,160) (S 763,160,748) (S 748,748,315) (S 337,213,462) (D 0,0,0)
 0 1 38 8983 28705  26 (D 0,0,0) (S 487,565,596) (S 486,596,538) (S 198,295,296) (S 200,296,297) (S 201,297,298) (S 484,297,463) (S 338,463,462) (S 441,462,219) (S 144,219,212) (S 138,212,211) (S 182,275,274) (S 358,274,486) (S 359,486,487) (S 439,486,275) (S 183,275,276) (S 184,276,277) (S 481,277,570) (S 480,570,595) (S 624,595,222) (S 653,681,285) (S 189,284,285) (S 654,285,536) (S 407,536,364) (S 247,364,29) (D 0,0,0)
 0 1 39 8938 28736  31 (D 0,0,0) (S 408,248,537) (S 409,537,224) (S 410,538,295) (S 411,295,539) (S 412,539,158) (S 413,158,540) (S 699,540,470) (S 700,470,314) (S 701,314,724) (S 765,757,724) (S 702,724,126) (S 82,126,127) (S 83,127,128) (S 84,128,129) (S 747,129,748) (S 762,748,245) (S 161,245,246) (S 357,246,274) (S 211,246,315) (S 210,315,159) (S 209,159,314) (S 345,470,213) (S 139,213,212) (S 440,211,219) (S 143,219,218) (S 142,218,217) (S 483,217,463) (S 485,297,538) (S 148,224,225) (D 0,0,0)
 0 1 40 8977 30189  25 (D 0,0,0) (S 163,249,248) (S 162,248,247) (S 565,247,223) (S 147,223,224) (S 180,216,271) (S 179,270,216) (S 141,216,217) (S 482,217,277) (S 185,277,278) (S 193,278,289) (S 192,288,278) (S 199,276,135) (S 792,38,712) (S 687,712,713) (S 791,712,221) (S 145,221,222) (S 146,222,223) (S 564,643,223) (S 566,247,537) (S 418,548,547) (S 443,547,249) (S 164,249,250) (S 457,567,578) (D 0,0,0)
 0 1 41 8658 35022  21 (D 0,0,0) (S 627,287,576) (S 625,681,222) (S 160,130,244) (S 880,243,796) (S 879,820,796) (S 159,243,244) (S 746,244,129) (S 85,129,130) (S 86,131,132) (S 153,232,233) (S 419,549,550) (S 420,551,549) (S 421,549,233) (S 154,233,234) (S 563,642,234) (S 155,132,235) (S 87,132,133) (S 623,133,595) (S 191,286,287) (D 0,0,0)
 0 1 42 8029 12705  15 (D 0,0,0) (S 2,2,3) (S 3,3,4) (S 745,747,727) (S 704,727,728) (S 861,728,4) (S 402,191,532) (S 404,150,533) (S 403,150,532) (S 476,532,80) (S 51,80,81) (S 883,81,695) (S 649,695,2) (S 1,0,1) (D 0,0,0)
 0 1 43 8999 31795  24 (D 0,0,0) (S 77,118,119) (S 78,119,120) (S 659,120,34) (S 8,11,12) (S 122,12,188) (S 656,189,698) (S 123,189,188) (S 657,699,188) (S 658,188,11) (S 7,11,10) (S 6,9,10) (S 655,10,35) (S 25,35,36) (S 24,35,34) (S 23,34,33) (S 22,33,32) (S 120,32,123) (S 80,123,122) (S 79,122,121) (S 840,799,118) (S 76,118,115) (S 255,115,174) (D 0,0,0)
 0 1 44 8959 33752  19 (D 0,0,0) (S 452,576,382) (S 790,381,221) (S 960,135,844) (S 959,844,615) (S 521,615,597) (S 835,530,390) (S 834,390,652) (S 579,652,414) (S 578,651,414) (S 288,401,402) (S 295,410,411) (S 294,410,400) (S 293,409,400) (S 287,400,399) (S 286,399,378) (S 284,398,394) (S 281,394,395) (D 0,0,0)
 0 1 45 8984 33074  19 (D 0,0,0) (S 280,394,393) (S 802,393,498) (S 308,428,386) (S 309,386,377) (S 831,429,766) (S 787,766,73) (S 788,73,767) (S 853,767,806) (S 847,806,74) (S 111,181,75) (S 113,182,46) (S 114,46,108) (S 70,108,107) (S 68,106,105) (S 953,105,843) (S 969,843,841) (S 752,753,541) (D 0,0,0)
 0 1 46 8975 40303  15 (D 0,0,0) (S 856,754,810) (S 955,813,543) (S 416,544,184) (S 417,184,545) (S 945,109,45) (S 946,45,812) (S 50,76,77) (S 854,812,182) (S 112,182,75) (S 49,75,74) (S 48,74,73) (S 267,377,378) (S 369,398,499) (D 0,0,0)
 0 1 47 8927 37449  21 (D 0,0,0) (S 914,799,804) (S 844,804,797) (S 838,797,798) (S 839,798,122) (S 843,187,801) (S 920,801,124) (S 942,125,764) (S 777,763,764) (S 941,764,834) (S 917,833,834) (S 918,834,765) (S 9,12,13) (S 121,12,32) (S 916,33,121) (S 915,121,799) (S 841,799,798) (S 845,797,805) (S 846,805,186) (S 118,186,112) (D 0,0,0)
 0 1 48 8823 26693  11 (D 0,0,0) (S 170,258,257) (S 250,257,366) (S 252,226,367) (S 488,367,269) (S 489,269,292) (S 236,292,348) (S 848,175,807) (S 109,175,174) (S 254,174,293) (D 0,0,0)
 0 1 49 8996 32302  20 (D 0,0,0) (S 755,115,755) (S 754,755,754) (S 753,754,541) (S 414,541,542) (S 415,542,543) (S 954,543,843) (S 968,843,847) (S 963,847,106) (S 69,106,107) (S 961,107,845) (S 966,845,183) (S 965,849,183) (S 115,183,184) (S 116,184,185) (S 72,112,111) (S 921,111,808) (S 850,808,185) (S 849,185,114) (D 0,0,0)
 0 1 50 8984 32410  20 (D 0,0,0) (S 75,115,114) (S 74,114,113) (S 73,113,112) (S 117,112,185) (S 851,808,809) (S 944,809,110) (S 943,110,125) (S 778,764,765) (S 919,765,124) (S 81,124,123) (S 119,123,187) (S 842,187,800) (S 958,800,805) (S 957,805,113) (S 956,113,813) (S 855,813,810) (S 852,810,811) (S 970,811,755) (D 0,0,0)
 0 1 51 8330 18350  14 (D 0,0,0) (S 614,676,677) (S 935,63,787) (S 817,787,64) (S 816,787,3) (S 875,3,732) (S 707,732,731) (S 593,663,664) (S 634,663,686) (S 776,686,27) (S 18,26,27) (S 19,27,28) (S 648,2,0) (D 0,0,0)
 0 1 52 8676 19406  19 (D 0,0,0) (S 819,520,325) (S 219,325,326) (S 220,327,328) (S 721,328,435) (S 679,436,703) (S 823,702,166) (S 105,166,165) (S 104,164,165) (S 660,165,700) (S 552,636,635) (S 550,439,422) (S 549,422,515) (S 548,515,634) (S 758,634,629) (S 537,629,630) (S 547,634,627) (S 800,776,735) (D 0,0,0)
 0 1 53 8815 18367  22 (D 0,0,0) (S 799,740,735) (S 710,735,736) (S 328,449,312) (S 208,312,310) (S 735,313,582) (S 734,582,633) (S 733,744,633) (S 546,633,627) (S 535,627,626) (S 830,626,581) (S 463,581,516) (S 501,517,602) (S 502,602,604) (S 569,645,604) (S 536,605,628) (S 503,605,604) (S 570,604,603) (S 500,603,602) (S 387,517,518) (S 388,518,519) (D 0,0,0)
 0 1 54 8998 18757  24 (D 0,0,0) (S 720,519,328) (S 678,703,54) (S 34,54,53) (S 33,53,52) (S 507,453,571) (S 447,571,572) (S 688,572,714) (S 448,572,573) (S 685,573,554) (S 683,709,139) (S 89,138,139) (S 684,139,554) (S 425,554,358) (S 243,358,322) (S 216,322,321) (S 242,321,356) (S 215,321,320) (S 214,320,319) (S 213,319,318) (S 925,317,832) (S 923,719,708) (S 922,708,522) (D 0,0,0)
 0 1 55 8714 18236  24 (D 0,0,0) (S 393,522,523) (S 395,524,525) (S 469,369,513) (S 265,375,370) (S 259,371,372) (S 690,715,372) (S 260,372,40) (S 522,616,39) (S 862,39,815) (S 261,40,373) (S 590,373,658) (S 262,373,374) (S 589,373,84) (S 52,83,84) (S 588,84,657) (S 744,657,746) (S 587,657,656) (S 586,656,655) (S 670,654,82) (S 124,82,190) (S 426,190,81) (S 650,695,696) (D 0,0,0)
 0 1 56 8927 16710  11 (D 0,0,0) (S 96,150,151) (S 779,300,587) (S 470,586,587) (S 471,587,559) (S 473,588,589) (S 613,589,196) (S 128,196,195) (S 126,193,192) (S 125,192,191) (D 0,0,0)
