1434950
57
3600592
3426181
 0 1 1 8678 15533  20 (D 0,0,0) (S 125,191,192) (S 126,192,193) (S 467,194,585) (S 475,585,590) (S 474,590,589) (S 612,196,623) (S 611,623,505) (S 543,505,632) (S 545,69,405) (S 291,405,404) (S 518,403,613) (S 712,170,67) (S 713,67,737) (S 43,67,66) (S 864,65,451) (S 863,451,352) (S 240,352,351) (S 392,520,521) (D 0,0,0)
 0 1 2 8945 33369  15 (D 0,0,0) (S 642,691,690) (S 356,485,484) (S 361,484,490) (S 525,492,617) (S 706,617,730) (S 526,617,618) (S 527,618,619) (S 770,618,488) (S 686,710,711) (S 771,710,488) (S 360,488,489) (S 365,489,496) (S 635,496,493) (D 0,0,0)
 0 1 3 8997 40660  15 (D 0,0,0) (S 753,754,541) (S 962,544,847) (S 963,847,106) (S 69,106,107) (S 70,107,108) (S 71,108,109) (S 945,109,45) (S 946,45,812) (S 50,76,77) (S 854,812,182) (S 112,182,75) (S 49,75,74) (S 48,74,73) (D 0,0,0)
 0 1 4 8999 31541  25 (D 0,0,0) (S 755,115,755) (S 754,755,754) (S 856,754,810) (S 855,810,813) (S 956,813,113) (S 845,805,797) (S 844,797,804) (S 914,804,799) (S 841,799,798) (S 839,798,122) (S 80,122,123) (S 81,123,124) (S 919,124,765) (S 23,33,34) (S 7,11,10) (S 6,9,10) (S 655,10,35) (S 25,35,36) (S 24,35,34) (S 659,34,120) (S 78,120,119) (S 77,119,118) (S 255,115,174) (D 0,0,0)
 0 1 5 8772 23039  15 (D 0,0,0) (S 325,318,445) (S 629,447,646) (S 574,646,575) (S 573,575,101) (S 572,101,501) (S 571,501,24) (S 17,24,25) (S 16,24,23) (S 705,23,729) (S 15,23,22) (S 523,502,600) (S 495,600,362) (S 494,362,599) (D 0,0,0)
 0 1 6 8950 23407  19 (D 0,0,0) (S 244,361,98) (S 62,98,97) (S 61,97,96) (S 505,96,606) (S 768,606,741) (S 727,741,95) (S 60,95,96) (S 730,97,690) (S 346,471,472) (S 447,571,572) (S 688,572,714) (S 448,572,573) (S 685,573,554) (S 683,709,139) (S 89,138,139) (S 684,139,554) (S 425,554,358) (D 0,0,0)
 0 1 7 8902 34801  20 (D 0,0,0) (S 957,113,805) (S 846,805,186) (S 118,186,112) (S 72,112,111) (S 921,111,808) (S 851,808,809) (S 944,809,110) (S 943,110,125) (S 942,125,764) (S 778,764,765) (S 918,765,834) (S 917,833,834) (S 941,834,764) (S 777,763,764) (S 920,124,801) (S 843,801,187) (S 842,187,800) (S 958,800,805) (D 0,0,0)
 0 1 8 8997 31413  24 (D 0,0,0) (S 627,287,576) (S 626,576,681) (S 479,595,38) (S 199,135,276) (S 183,276,275) (S 439,275,486) (S 359,486,487) (S 358,486,274) (S 357,274,246) (S 748,315,748) (S 747,748,129) (S 85,129,130) (S 160,130,244) (S 159,244,243) (S 880,243,796) (S 879,820,796) (S 837,796,795) (S 102,162,161) (S 101,161,128) (S 84,128,129) (S 746,129,244) (S 86,131,132) (D 0,0,0)
 0 1 9 8991 28442  18 (D 0,0,0) (S 436,258,294) (S 253,293,367) (S 487,565,596) (S 486,596,538) (S 485,538,297) (S 201,297,298) (S 484,297,463) (S 483,463,217) (S 184,276,277) (S 481,277,570) (S 446,564,131) (S 445,569,131) (S 623,133,595) (S 653,681,285) (S 190,285,286) (S 509,29,608) (D 0,0,0)
 0 1 10 8951 25248  20 (D 0,0,0) (S 774,673,762) (S 772,761,535) (S 405,535,445) (S 326,447,446) (S 582,290,395) (S 283,396,397) (S 400,397,529) (S 948,529,614) (S 520,614,88) (S 56,88,89) (S 370,89,500) (S 379,500,396) (S 378,511,396) (S 282,396,395) (S 406,535,527) (S 396,526,525) (S 395,525,524) (S 394,524,523) (D 0,0,0)
 0 1 11 8945 32868  19 (D 0,0,0) (S 280,394,393) (S 802,393,498) (S 368,498,398) (S 285,398,387) (S 286,378,399) (S 832,399,429) (S 296,412,413) (S 312,412,430) (S 311,412,429) (S 266,377,376) (S 786,376,385) (S 785,385,391) (S 278,391,392) (S 90,140,141) (S 784,140,152) (S 783,152,236) (S 807,781,425) (D 0,0,0)
 0 1 12 8925 30706  23 (D 0,0,0) (S 35,54,55) (S 37,56,57) (S 353,59,480) (S 796,479,772) (S 352,479,478) (S 795,478,771) (S 351,478,92) (S 696,91,282) (S 188,282,283) (S 187,281,280) (S 186,279,280) (S 698,280,723) (S 129,197,198) (S 130,198,199) (S 348,476,142) (S 91,142,143) (S 633,476,685) (S 349,79,199) (S 350,199,477) (S 732,477,281) (S 57,92,93) (D 0,0,0)
 0 1 13 8817 18796  13 (D 0,0,0) (S 127,194,195) (S 128,195,196) (S 613,196,589) (S 473,589,588) (S 471,559,587) (S 470,586,587) (S 779,587,300) (S 433,558,209) (S 137,209,208) (S 136,208,207) (S 135,206,151) (D 0,0,0)
 0 1 14 8916 25349  18 (D 0,0,0) (S 316,349,434) (S 507,453,571) (S 506,472,96) (S 767,606,689) (S 133,203,202) (S 728,202,145) (S 92,145,144) (S 226,336,144) (S 729,145,742) (S 93,145,146) (S 95,147,148) (S 94,147,146) (S 671,706,146) (S 672,146,201) (S 673,201,707) (S 679,703,436) (D 0,0,0)
 0 1 15 8931 18230  17 (D 0,0,0) (S 720,519,328) (S 721,328,435) (S 320,437,438) (S 459,438,579) (S 665,701,702) (S 823,702,166) (S 105,166,165) (S 104,164,165) (S 660,165,700) (S 663,700,481) (S 661,333,514) (S 384,514,515) (S 388,518,519) (S 719,519,740) (S 391,351,520) (D 0,0,0)
 0 1 16 8894 14823  24 (D 0,0,0) (S 922,522,708) (S 924,719,832) (S 925,832,317) (S 212,317,316) (S 913,316,761) (S 773,761,762) (S 911,718,832) (S 910,832,432) (S 324,443,444) (S 908,443,494) (S 907,494,814) (S 906,814,357) (S 217,322,323) (S 216,322,321) (S 242,321,356) (S 215,321,320) (S 214,320,319) (S 517,319,443) (S 909,443,432) (S 315,432,433) (S 682,433,324) (S 681,433,708) (D 0,0,0)
 0 1 17 7300 12459  15 (D 0,0,0) (S 2,2,3) (S 3,3,4) (S 861,4,728) (S 704,728,727) (S 745,747,727) (S 402,191,532) (S 476,532,80) (S 51,80,81) (S 124,82,190) (S 427,190,555) (S 584,555,8) (S 585,8,63) (S 614,676,677) (D 0,0,0)
 0 1 18 8736 17194  30 (D 0,0,0) (S 373,506,177) (S 695,507,344) (S 694,344,380) (S 693,380,86) (S 264,86,375) (S 381,375,512) (S 869,512,715) (S 868,817,715) (S 689,371,715) (S 690,715,372) (S 260,372,40) (S 862,39,815) (S 522,616,39) (S 259,372,371) (S 258,371,370) (S 597,370,669) (S 257,369,370) (S 265,370,375) (S 382,513,379) (S 469,513,369) (S 256,369,368) (S 268,368,379) (S 269,379,380) (S 270,380,264) (S 175,264,265) (S 232,265,343) (S 374,508,266) (S 176,267,268) (D 0,0,0)
 0 1 19 8929 21477  10 (D 0,0,0) (S 512,561,365) (S 251,366,226) (S 150,226,227) (S 178,227,256) (S 169,256,257) (S 249,257,365) (S 248,365,117) (S 780,116,300) (D 0,0,0)
 0 1 20 8943 17272  15 (D 0,0,0) (S 867,4,734) (S 466,584,504) (S 371,504,505) (S 542,505,622) (S 541,622,195) (S 540,590,207) (S 895,208,588) (S 472,588,559) (S 434,559,209) (S 468,206,585) (S 246,193,354) (S 241,354,355) (S 334,355,459) (D 0,0,0)
 0 1 21 8831 14766  30 (D 0,0,0) (S 615,677,653) (S 616,653,674) (S 617,674,672) (S 603,672,179) (S 602,179,267) (S 601,267,671) (S 741,343,260) (S 172,260,261) (S 598,261,670) (S 872,670,745) (S 871,745,85) (S 53,85,42) (S 26,42,43) (S 882,822,823) (S 904,823,831) (S 881,821,822) (S 947,822,43) (S 743,43,745) (S 742,745,260) (S 599,261,342) (S 230,341,342) (S 231,342,343) (S 740,343,508) (S 375,508,5) (S 4,5,6) (S 5,6,7) (S 610,7,675) (S 607,180,674) (D 0,0,0)
 0 1 22 8765 21538  21 (D 0,0,0) (S 516,319,534) (S 515,448,612) (S 514,612,611) (S 797,773,774) (S 804,774,612) (S 803,612,647) (S 576,647,648) (S 513,610,611) (S 798,611,647) (S 575,647,646) (S 451,497,575) (S 66,101,102) (S 65,101,100) (S 336,461,460) (S 335,460,361) (S 731,360,691) (S 643,691,471) (S 644,471,334) (S 225,334,335) (D 0,0,0)
 0 1 23 8905 31732  22 (D 0,0,0) (S 272,383,382) (S 651,697,381) (S 652,381,681) (S 625,681,222) (S 87,133,132) (S 155,132,235) (S 420,551,549) (S 419,549,550) (S 421,549,233) (S 153,232,233) (S 154,233,234) (S 563,642,234) (S 88,133,134) (S 793,134,38) (S 791,712,221) (S 145,221,222) (S 146,222,223) (S 565,223,247) (S 162,247,248) (S 163,248,249) (D 0,0,0)
 0 1 24 8993 17546  25 (D 0,0,0) (S 618,672,431) (S 383,379,345) (S 234,345,344) (S 233,344,265) (S 174,264,263) (S 263,263,86) (S 54,86,85) (S 870,85,512) (S 380,512,41) (S 261,40,373) (S 262,373,374) (S 590,373,658) (S 589,373,84) (S 52,83,84) (S 588,84,657) (S 744,657,746) (S 587,657,656) (S 586,656,655) (S 691,716,655) (S 874,656,818) (S 873,656,670) (S 173,261,262) (S 670,654,82) (D 0,0,0)
 0 1 25 663 1326  3 (D 0,0,0) (S 1,0,1) (D 0,0,0)
 0 1 26 8419 16368  18 (D 0,0,0) (S 709,734,621) (S 529,621,459) (S 333,458,459) (S 533,622,623) (S 534,624,625) (S 903,624,830) (S 902,624,829) (S 47,71,72) (S 901,71,829) (S 931,829,632) (S 932,632,583) (S 933,583,737) (S 714,737,738) (S 934,738,816) (S 865,816,733) (S 866,733,734) (D 0,0,0)
 0 1 27 8937 15232  11 (D 0,0,0) (S 650,695,696) (S 884,695,205) (S 896,205,557) (S 897,557,301) (S 898,301,827) (S 205,306,151) (S 96,151,150) (S 404,150,533) (S 403,150,532) (D 0,0,0)
 0 1 28 8863 34770  27 (D 0,0,0) (S 337,462,213) (S 161,246,245) (S 762,245,748) (S 763,748,160) (S 100,160,128) (S 83,128,127) (S 751,751,752) (S 750,750,751) (S 757,751,725) (S 756,725,756) (S 761,756,420) (S 302,420,421) (S 703,421,726) (S 926,836,726) (S 927,726,802) (S 928,802,252) (S 167,252,253) (S 836,795,162) (S 103,162,163) (S 301,161,420) (S 760,756,127) (S 759,127,757) (S 765,757,724) (S 413,540,158) (S 108,173,174) (D 0,0,0)
 0 1 29 8889 12289  28 (D 0,0,0) (S 11,17,16) (S 604,16,524) (S 775,673,708) (S 923,708,719) (S 692,719,718) (S 857,718,762) (S 858,762,525) (S 372,14,506) (S 619,506,346) (S 235,346,347) (S 912,347,526) (S 859,525,14) (S 10,14,15) (S 314,15,431) (S 313,431,178) (S 110,179,180) (S 609,268,675) (S 739,675,671) (S 600,671,6) (S 376,5,509) (S 377,509,510) (S 428,509,555) (S 426,190,81) (S 883,81,695) (S 649,695,2) (S 648,2,0) (D 0,0,0)
 0 1 30 8992 33839  20 (D 0,0,0) (S 414,541,542) (S 415,542,543) (S 954,543,843) (S 968,843,847) (S 967,847,845) (S 966,845,183) (S 114,108,46) (S 113,46,182) (S 111,181,75) (S 847,74,806) (S 853,806,767) (S 788,767,73) (S 787,73,766) (S 309,377,386) (S 308,386,428) (S 307,428,392) (S 279,392,393) (S 801,777,393) (D 0,0,0)
 0 1 31 8938 25469  19 (D 0,0,0) (S 510,609,608) (S 937,608,577) (S 455,577,364) (S 247,364,29) (S 20,29,30) (S 274,30,384) (S 21,30,31) (S 273,30,383) (S 423,553,383) (S 424,383,287) (S 191,287,286) (S 189,284,285) (S 654,285,536) (S 407,536,364) (S 456,577,567) (S 511,609,561) (S 432,557,306) (D 0,0,0)
 0 1 32 8925 37285  15 (D 0,0,0) (S 116,185,184) (S 417,184,545) (S 27,44,45) (S 28,45,46) (S 29,46,47) (S 964,47,848) (S 30,47,48) (S 31,48,49) (S 789,49,767) (S 831,766,429) (S 310,429,377) (S 267,377,378) (S 369,398,499) (D 0,0,0)
 0 1 33 8927 19935  21 (D 0,0,0) (S 799,740,735) (S 800,735,776) (S 734,582,633) (S 546,633,627) (S 547,627,634) (S 548,634,515) (S 549,515,422) (S 552,635,636) (S 555,456,562) (S 438,562,563) (S 556,562,93) (S 558,637,638) (S 769,638,707) (S 674,707,94) (S 59,94,95) (S 726,95,591) (S 725,591,454) (S 724,454,53) (S 723,53,704) (D 0,0,0)
 0 1 34 8989 28422  9 (D 0,0,0) (S 435,560,294) (S 197,294,293) (S 196,293,292) (S 489,292,269) (S 488,269,367) (S 149,226,225) (S 443,547,249) (D 0,0,0)
 0 1 35 8956 19311  15 (D 0,0,0) (S 820,325,495) (S 243,322,358) (S 449,359,574) (S 450,574,497) (S 367,497,461) (S 366,461,100) (S 64,100,99) (S 498,99,460) (S 497,460,574) (S 496,574,601) (S 813,601,337) (S 227,337,338) (S 812,601,446) (D 0,0,0)
 0 1 36 8996 32056  33 (D 0,0,0) (S 624,222,595) (S 480,595,570) (S 193,278,289) (S 192,288,278) (S 185,278,277) (S 482,277,217) (S 141,217,216) (S 179,270,216) (S 180,216,271) (S 142,217,218) (S 143,218,219) (S 440,219,211) (S 182,275,274) (S 211,246,315) (S 210,315,159) (S 99,159,160) (S 764,160,757) (S 82,127,126) (S 702,126,724) (S 701,724,314) (S 345,470,213) (S 139,213,212) (S 138,211,212) (S 144,212,219) (S 441,219,462) (S 338,462,463) (S 200,297,296) (S 198,296,295) (S 410,295,538) (S 418,548,547) (S 164,249,250) (D 0,0,0)
 0 1 37 8977 18356  25 (D 0,0,0) (S 298,416,327) (S 297,327,415) (S 317,415,434) (S 668,705,607) (S 508,607,52) (S 33,52,53) (S 34,53,54) (S 677,54,455) (S 332,455,456) (S 554,456,58) (S 38,58,57) (S 458,57,579) (S 664,579,701) (S 824,701,790) (S 828,790,660) (S 591,659,660) (S 827,660,793) (S 826,792,793) (S 815,785,784) (S 577,649,650) (S 814,649,784) (S 319,437,436) (S 680,329,518) (D 0,0,0)
 0 1 38 8995 32967  19 (D 0,0,0) (S 213,318,319) (S 581,499,388) (S 276,388,389) (S 277,389,390) (S 834,390,652) (S 579,652,414) (S 578,651,414) (S 288,401,402) (S 295,410,411) (S 294,410,400) (S 293,409,400) (S 287,400,399) (S 833,399,652) (S 580,652,388) (S 275,388,387) (S 284,398,394) (S 281,394,395) (D 0,0,0)
 0 1 39 8829 29068  23 (D 0,0,0) (S 821,788,789) (S 860,788,814) (S 905,357,335) (S 641,690,599) (S 640,599,689) (S 639,689,203) (S 638,503,20) (S 894,688,667) (S 478,594,440) (S 322,440,441) (S 938,840,441) (S 323,441,442) (S 596,442,668) (S 595,442,667) (S 364,493,490) (S 363,490,492) (S 362,491,492) (S 524,483,22) (S 14,21,22) (S 499,600,99) (S 63,99,98) (D 0,0,0)
 0 1 40 8927 24687  17 (D 0,0,0) (S 239,351,326) (S 318,415,435) (S 722,435,704) (S 678,703,54) (S 676,455,592) (S 477,592,593) (S 675,592,94) (S 58,94,93) (S 557,93,637) (S 749,637,749) (S 559,638,200) (S 560,200,639) (S 930,837,639) (S 131,200,201) (S 132,201,202) (D 0,0,0)
 0 1 41 8754 35127  19 (D 0,0,0) (S 76,115,118) (S 840,118,799) (S 915,799,121) (S 79,121,122) (S 916,121,33) (S 22,33,32) (S 9,12,13) (S 8,12,11) (S 658,11,188) (S 657,699,188) (S 123,188,189) (S 656,189,698) (S 122,188,12) (S 121,12,32) (S 120,32,123) (S 119,123,187) (S 838,798,797) (D 0,0,0)
 0 1 42 8851 29716  20 (D 0,0,0) (S 97,154,155) (S 519,363,156) (S 98,156,157) (S 55,87,88) (S 401,89,530) (S 835,390,530) (S 490,530,597) (S 491,597,598) (S 521,597,615) (S 959,615,844) (S 960,844,135) (S 792,38,712) (S 687,712,713) (S 790,221,381) (S 271,381,382) (S 452,382,576) (S 453,576,286) (S 454,286,364) (D 0,0,0)
 0 1 43 8890 25871  14 (D 0,0,0) (S 583,427,137) (S 399,291,155) (S 504,155,363) (S 245,363,242) (S 195,242,291) (S 397,241,528) (S 620,528,678) (S 398,241,291) (S 194,291,154) (S 331,427,452) (S 811,452,446) (S 327,447,448) (D 0,0,0)
 0 1 44 8705 18907  16 (D 0,0,0) (S 875,3,732) (S 707,732,731) (S 19,28,27) (S 776,27,686) (S 634,686,663) (S 593,663,664) (S 18,26,27) (S 816,3,787) (S 935,787,63) (S 177,63,268) (S 608,268,180) (S 606,674,17) (S 605,17,523) (S 393,523,522) (D 0,0,0)
 0 1 45 8967 34362  18 (D 0,0,0) (S 939,825,441) (S 594,665,666) (S 592,661,662) (S 891,662,693) (S 647,693,694) (S 646,693,466) (S 632,467,684) (S 342,467,468) (S 562,468,641) (S 561,640,641) (S 889,641,683) (S 630,682,683) (S 631,683,467) (S 341,467,466) (S 340,466,465) (S 339,465,464) (D 0,0,0)
 0 1 46 8621 27008  16 (D 0,0,0) (S 810,426,779) (S 805,779,239) (S 806,239,780) (S 158,239,240) (S 157,239,238) (S 809,778,781) (S 808,781,237) (S 156,237,236) (S 782,236,424) (S 781,424,722) (S 697,721,722) (S 304,424,425) (S 305,425,426) (S 306,426,427) (D 0,0,0)
 0 1 47 8746 20347  22 (D 0,0,0) (S 389,416,519) (S 501,517,602) (S 502,602,604) (S 503,604,605) (S 536,605,628) (S 569,645,604) (S 570,604,603) (S 500,603,602) (S 462,516,332) (S 461,332,580) (S 460,580,438) (S 321,438,439) (S 550,439,422) (S 303,422,423) (S 758,634,629) (S 537,629,630) (S 535,627,626) (S 830,626,581) (S 463,581,516) (S 390,416,351) (D 0,0,0)
 0 1 48 8771 39824  15 (D 0,0,0) (S 950,615,842) (S 951,842,680) (S 621,680,679) (S 166,252,231) (S 165,251,231) (S 202,229,254) (S 168,254,255) (S 422,552,299) (S 151,229,230) (S 181,272,230) (S 152,230,231) (S 929,252,679) (S 622,680,133) (D 0,0,0)
 0 1 49 8770 18905  22 (D 0,0,0) (S 819,520,325) (S 238,350,349) (S 237,349,169) (S 106,168,169) (S 493,169,62) (S 492,62,167) (S 669,167,705) (S 32,52,51) (S 877,51,794) (S 878,794,819) (S 829,794,55) (S 36,55,56) (S 825,56,701) (S 666,702,703) (S 667,703,704) (S 220,328,327) (S 219,326,325) (S 218,325,324) (S 538,631,324) (S 539,324,521) (D 0,0,0)
 0 1 50 8974 34057  23 (D 0,0,0) (S 970,755,811) (S 852,811,810) (S 955,813,543) (S 416,544,184) (S 115,184,183) (S 965,849,183) (S 961,845,107) (S 68,106,105) (S 952,48,105) (S 953,105,843) (S 969,843,841) (S 949,841,104) (S 67,104,103) (S 752,753,541) (S 699,540,470) (S 700,470,314) (S 209,314,159) (S 412,158,539) (S 411,539,295) (S 409,224,537) (S 408,537,248) (D 0,0,0)
 0 1 51 8964 16693  21 (D 0,0,0) (S 299,417,418) (S 300,418,419) (S 330,419,450) (S 329,450,449) (S 289,170,403) (S 290,403,404) (S 464,404,582) (S 733,744,633) (S 735,582,313) (S 736,313,736) (S 710,736,735) (S 718,740,739) (S 717,739,450) (S 716,450,171) (S 715,171,66) (S 42,66,65) (S 41,65,64) (S 817,787,64) (S 818,64,520) (D 0,0,0)
 0 1 52 8837 36252  16 (D 0,0,0) (S 636,485,688) (S 940,825,464) (S 645,692,466) (S 343,468,469) (S 344,469,304) (S 204,304,305) (S 347,474,475) (S 936,474,839) (S 431,473,340) (S 228,339,340) (S 229,340,18) (S 12,18,19) (S 794,19,769) (S 13,19,20) (D 0,0,0)
 0 1 53 8765 17880  17 (D 0,0,0) (S 387,518,517) (S 386,517,516) (S 385,516,515) (S 551,439,635) (S 766,635,758) (S 553,636,58) (S 39,58,59) (S 40,59,60) (S 354,59,481) (S 355,481,482) (S 662,481,333) (S 224,333,332) (S 223,332,331) (S 222,331,330) (S 221,329,328) (D 0,0,0)
 0 1 54 8926 37189  15 (D 0,0,0) (S 430,473,469) (S 429,469,556) (S 203,302,303) (S 886,303,308) (S 206,307,308) (S 885,824,308) (S 207,308,309) (S 887,303,556) (S 888,556,641) (S 890,683,693) (S 892,662,665) (S 893,440,825) (S 637,485,20) (D 0,0,0)
 0 1 55 8842 33429  13 (D 0,0,0) (S 254,293,174) (S 849,114,185) (S 850,185,808) (S 117,185,112) (S 73,112,113) (S 74,113,114) (S 75,114,115) (S 109,174,175) (S 848,175,807) (S 236,348,292) (S 252,367,226) (D 0,0,0)
 0 1 56 8930 18788  23 (D 0,0,0) (S 708,733,621) (S 528,620,621) (S 530,459,353) (S 531,353,584) (S 532,584,622) (S 544,632,69) (S 45,69,70) (S 46,70,71) (S 900,71,407) (S 899,828,407) (S 292,407,408) (S 822,406,70) (S 44,69,68) (S 465,68,404) (S 107,170,171) (S 711,170,449) (S 328,449,312) (S 208,312,310) (S 737,736,739) (S 738,739,418) (S 628,521,677) (D 0,0,0)
 0 1 57 8764 27006  18 (D 0,0,0) (S 567,566,548) (S 566,537,247) (S 564,643,223) (S 147,223,224) (S 148,224,225) (S 442,225,566) (S 568,566,644) (S 444,249,567) (S 457,567,578) (S 250,366,257) (S 170,257,258) (S 171,258,259) (S 437,258,561) (S 140,214,215) (S 134,205,151) (S 876,191,3) (D 0,0,0)
