1428079
56
3600680
3387487
 0 1 1 8749 17118  30 (D 0,0,0) (S 607,674,180) (S 608,180,268) (S 176,268,267) (S 175,264,265) (S 233,265,344) (S 234,344,345) (S 383,345,379) (S 381,375,512) (S 380,41,512) (S 869,512,715) (S 689,715,371) (S 258,371,370) (S 597,370,669) (S 259,371,372) (S 690,372,715) (S 868,817,715) (S 870,512,85) (S 53,85,42) (S 26,42,43) (S 947,43,822) (S 881,821,822) (S 904,823,831) (S 882,823,822) (S 743,43,745) (S 742,745,260) (S 232,343,265) (S 603,179,672) (S 617,672,674) (D 0,0,0)
 0 1 2 8865 16522  23 (D 0,0,0) (S 299,417,418) (S 300,418,419) (S 330,419,450) (S 329,450,449) (S 328,449,312) (S 208,312,310) (S 463,581,516) (S 549,515,422) (S 303,422,423) (S 550,422,439) (S 551,439,635) (S 766,635,758) (S 321,439,438) (S 460,438,580) (S 461,580,332) (S 462,332,516) (S 386,516,517) (S 387,517,518) (S 818,520,64) (S 817,64,787) (S 816,787,3) (D 0,0,0)
 0 1 3 8965 18025  14 (D 0,0,0) (S 1,0,1) (S 126,192,193) (S 467,194,585) (S 475,585,590) (S 474,590,589) (S 473,589,588) (S 472,588,559) (S 471,559,587) (S 470,586,587) (S 779,587,300) (S 205,306,151) (S 402,532,191) (D 0,0,0)
 0 1 4 8958 20084  15 (D 0,0,0) (S 316,349,434) (S 33,52,53) (S 34,53,54) (S 332,455,456) (S 39,58,59) (S 40,59,60) (S 354,59,481) (S 355,481,482) (S 662,481,333) (S 224,333,332) (S 223,332,331) (S 222,331,330) (S 720,328,519) (D 0,0,0)
 0 1 5 8871 18290  26 (D 0,0,0) (S 110,180,179) (S 374,266,508) (S 741,343,260) (S 172,260,261) (S 598,261,670) (S 874,656,818) (S 587,656,657) (S 744,657,746) (S 588,657,84) (S 52,83,84) (S 589,84,373) (S 262,373,374) (S 590,373,658) (S 261,373,40) (S 862,39,815) (S 522,616,39) (S 260,40,372) (S 469,369,513) (S 382,513,379) (S 269,379,380) (S 694,380,344) (S 695,344,507) (S 373,177,506) (S 618,431,672) (D 0,0,0)
 0 1 6 8947 18047  16 (D 0,0,0) (S 924,719,832) (S 925,832,317) (S 213,318,319) (S 326,447,446) (S 812,446,601) (S 496,601,574) (S 497,574,460) (S 335,460,361) (S 244,361,98) (S 62,98,97) (S 730,97,690) (S 642,690,691) (S 731,691,360) (S 243,358,322) (D 0,0,0)
 0 1 7 8965 31793  20 (D 0,0,0) (S 281,395,394) (S 280,394,393) (S 279,393,392) (S 307,392,428) (S 308,428,386) (S 309,386,377) (S 310,377,429) (S 311,429,412) (S 312,412,430) (S 296,412,413) (S 832,429,399) (S 379,500,396) (S 378,511,396) (S 283,396,397) (S 400,529,397) (S 282,396,395) (S 582,395,290) (S 857,718,762) (D 0,0,0)
 0 1 8 8980 31964  21 (D 0,0,0) (S 970,755,811) (S 852,811,810) (S 855,810,813) (S 956,813,113) (S 73,113,112) (S 117,112,185) (S 116,185,184) (S 115,184,183) (S 965,849,183) (S 966,183,845) (S 961,845,107) (S 69,107,106) (S 68,106,105) (S 953,105,843) (S 969,843,841) (S 414,542,541) (S 753,541,754) (S 754,754,755) (S 755,755,115) (D 0,0,0)
 0 1 9 8943 11596  13 (D 0,0,0) (S 883,695,81) (S 426,81,190) (S 51,81,80) (S 476,80,532) (S 404,150,533) (S 96,150,151) (S 134,151,205) (S 884,205,695) (S 650,695,696) (S 649,695,2) (S 648,2,0) (D 0,0,0)
 0 1 10 8910 34234  19 (D 0,0,0) (S 75,115,114) (S 851,808,809) (S 944,809,110) (S 943,110,125) (S 942,125,764) (S 778,764,765) (S 918,765,834) (S 917,833,834) (S 941,834,764) (S 777,763,764) (S 919,765,124) (S 920,124,801) (S 843,801,187) (S 842,187,800) (S 958,800,805) (S 957,805,113) (S 74,113,114) (D 0,0,0)
 0 1 11 8994 14654  31 (D 0,0,0) (S 10,15,14) (S 372,14,506) (S 619,506,346) (S 268,379,368) (S 256,368,369) (S 257,369,370) (S 265,370,375) (S 264,375,86) (S 693,86,380) (S 270,380,264) (S 174,264,263) (S 263,263,86) (S 54,86,85) (S 871,85,745) (S 872,745,670) (S 873,670,656) (S 586,656,655) (S 691,716,655) (S 173,262,261) (S 599,261,342) (S 230,341,342) (S 231,342,343) (S 740,343,508) (S 375,508,5) (S 5,6,7) (S 610,7,675) (S 739,675,671) (S 609,675,268) (S 177,268,63) (D 0,0,0)
 0 1 12 8964 25869  18 (D 0,0,0) (S 510,609,608) (S 937,608,577) (S 455,577,364) (S 407,364,536) (S 654,536,285) (S 189,284,285) (S 190,285,286) (S 191,286,287) (S 424,287,383) (S 272,382,383) (S 423,553,383) (S 273,383,30) (S 274,30,384) (S 21,30,31) (S 20,30,29) (S 509,29,608) (D 0,0,0)
 0 1 13 8850 24412  12 (D 0,0,0) (S 468,585,206) (S 433,209,558) (S 780,300,116) (S 248,117,365) (S 512,365,561) (S 171,258,259) (S 437,258,561) (S 897,557,301) (S 898,301,827) (S 896,557,205) (D 0,0,0)
 0 1 14 8625 20150  20 (D 0,0,0) (S 501,517,602) (S 500,602,603) (S 570,603,604) (S 536,605,628) (S 503,605,604) (S 569,645,604) (S 502,604,602) (S 385,516,515) (S 548,515,634) (S 758,634,629) (S 537,629,630) (S 546,627,633) (S 733,744,633) (S 734,633,582) (S 735,582,313) (S 736,313,736) (S 737,736,739) (S 718,739,740) (D 0,0,0)
 0 1 15 8958 27530  16 (D 0,0,0) (S 305,426,425) (S 304,425,424) (S 697,721,722) (S 781,722,424) (S 782,424,236) (S 156,236,237) (S 808,237,781) (S 807,425,781) (S 809,781,778) (S 157,238,239) (S 158,239,240) (S 806,239,780) (S 810,779,426) (S 331,427,452) (D 0,0,0)
 0 1 16 8921 18213  20 (D 0,0,0) (S 388,519,518) (S 680,518,329) (S 679,436,703) (S 666,703,702) (S 823,702,166) (S 105,166,165) (S 104,164,165) (S 660,165,700) (S 663,700,481) (S 661,333,514) (S 384,514,515) (S 547,634,627) (S 535,627,626) (S 830,626,581) (S 800,776,735) (S 799,735,740) (S 719,740,519) (S 389,519,416) (D 0,0,0)
 0 1 17 8985 28354  21 (D 0,0,0) (S 97,154,155) (S 948,529,614) (S 520,614,88) (S 55,87,88) (S 56,88,89) (S 401,89,530) (S 490,530,597) (S 491,597,598) (S 521,597,615) (S 950,615,842) (S 951,842,680) (S 622,680,133) (S 88,133,134) (S 793,134,38) (S 791,712,221) (S 790,221,381) (S 651,697,381) (S 271,381,382) (S 452,382,576) (D 0,0,0)
 0 1 18 8988 29893  27 (D 0,0,0) (S 408,248,537) (S 198,295,296) (S 200,296,297) (S 484,297,463) (S 482,217,277) (S 184,277,276) (S 183,276,275) (S 439,275,486) (S 359,486,487) (S 358,486,274) (S 182,274,275) (S 357,274,246) (S 211,246,315) (S 210,315,159) (S 209,159,314) (S 700,314,470) (S 345,470,213) (S 139,213,212) (S 441,219,462) (S 338,462,463) (S 201,297,298) (S 148,224,225) (S 442,225,566) (S 443,547,249) (S 511,609,561) (D 0,0,0)
 0 1 19 8923 29557  30 (D 0,0,0) (S 247,29,364) (S 454,364,286) (S 453,286,576) (S 626,576,681) (S 625,681,222) (S 145,222,221) (S 687,712,713) (S 792,712,38) (S 479,38,595) (S 480,595,570) (S 481,570,277) (S 193,278,289) (S 192,288,278) (S 185,278,277) (S 179,270,216) (S 180,216,271) (S 141,216,217) (S 440,219,211) (S 138,211,212) (S 144,212,219) (S 143,219,218) (S 142,218,217) (S 483,217,463) (S 485,297,538) (S 486,538,596) (S 487,596,565) (S 164,249,250) (S 444,249,567) (D 0,0,0)
 0 1 20 8951 32376  20 (D 0,0,0) (S 418,547,548) (S 409,537,224) (S 752,541,753) (S 949,841,104) (S 952,105,48) (S 30,48,47) (S 964,47,848) (S 29,47,46) (S 113,46,182) (S 112,182,75) (S 49,75,74) (S 847,74,806) (S 853,806,767) (S 787,73,766) (S 831,766,429) (S 286,399,378) (S 285,387,398) (S 284,398,394) (D 0,0,0)
 0 1 21 8959 26693  11 (D 0,0,0) (S 170,258,257) (S 252,226,367) (S 489,269,292) (S 236,292,348) (S 848,175,807) (S 109,175,174) (S 254,174,293) (S 436,294,258) (S 140,214,215) (D 0,0,0)
 0 1 22 8949 19716  19 (D 0,0,0) (S 225,335,334) (S 644,334,471) (S 346,471,472) (S 506,472,96) (S 61,96,97) (S 60,96,95) (S 59,95,94) (S 58,94,93) (S 557,93,637) (S 556,93,562) (S 438,562,563) (S 555,562,456) (S 554,456,58) (S 38,58,57) (S 664,579,701) (S 665,701,702) (S 667,703,704) (D 0,0,0)
 0 1 23 8989 31604  28 (D 0,0,0) (S 197,294,293) (S 108,174,173) (S 99,159,160) (S 764,160,757) (S 759,757,127) (S 83,127,128) (S 103,162,163) (S 102,162,161) (S 761,420,756) (S 756,756,725) (S 757,725,751) (S 751,751,752) (S 750,750,751) (S 760,756,127) (S 82,127,126) (S 702,126,724) (S 765,757,724) (S 701,724,314) (S 699,470,540) (S 412,158,539) (S 411,539,295) (S 410,295,538) (S 147,224,223) (S 162,247,248) (S 163,248,249) (S 457,567,578) (D 0,0,0)
 0 1 24 8898 33529  18 (D 0,0,0) (S 566,537,247) (S 565,247,223) (S 564,643,223) (S 146,223,222) (S 624,222,595) (S 623,595,133) (S 155,132,235) (S 421,233,549) (S 419,549,550) (S 420,551,549) (S 153,232,233) (S 154,233,234) (S 563,642,234) (S 446,131,564) (S 199,276,135) (S 653,681,285) (D 0,0,0)
 0 1 25 8986 23416  17 (D 0,0,0) (S 724,53,454) (S 769,707,638) (S 749,637,749) (S 558,637,638) (S 559,638,200) (S 560,200,639) (S 930,837,639) (S 131,200,201) (S 132,201,202) (S 133,202,203) (S 639,203,689) (S 641,599,690) (S 905,335,357) (S 860,814,788) (S 820,495,325) (D 0,0,0)
 0 1 26 8874 13588  22 (D 0,0,0) (S 125,191,192) (S 246,193,354) (S 241,354,355) (S 334,355,459) (S 531,353,584) (S 466,584,504) (S 371,504,505) (S 544,632,69) (S 545,69,405) (S 291,405,404) (S 290,404,403) (S 518,403,613) (S 289,403,170) (S 712,170,67) (S 713,67,737) (S 714,737,738) (S 934,738,816) (S 865,816,733) (S 866,733,734) (S 867,734,4) (D 0,0,0)
 0 1 27 8680 16549  15 (D 0,0,0) (S 876,3,191) (S 403,532,150) (S 135,151,206) (S 137,208,209) (S 434,209,559) (S 895,588,208) (S 136,208,207) (S 540,207,590) (S 541,195,622) (S 542,622,505) (S 529,459,621) (S 528,620,621) (S 709,621,734) (D 0,0,0)
 0 1 28 8958 32486  23 (D 0,0,0) (S 627,287,576) (S 87,133,132) (S 86,132,131) (S 445,569,131) (S 160,244,130) (S 85,130,129) (S 746,129,244) (S 159,244,243) (S 880,243,796) (S 879,820,796) (S 837,796,795) (S 927,802,726) (S 926,836,726) (S 703,726,421) (S 302,421,420) (S 301,420,161) (S 101,161,128) (S 84,128,129) (S 747,129,748) (S 748,748,315) (S 337,213,462) (D 0,0,0)
 0 1 29 8230 19366  23 (D 0,0,0) (S 317,415,434) (S 668,705,607) (S 507,453,571) (S 447,571,572) (S 688,572,714) (S 448,572,573) (S 685,573,554) (S 683,709,139) (S 89,138,139) (S 684,139,554) (S 425,554,358) (S 217,322,323) (S 216,322,321) (S 242,321,356) (S 215,321,320) (S 214,320,319) (S 212,317,316) (S 913,316,761) (S 858,762,525) (S 395,525,524) (S 605,523,17) (D 0,0,0)
 0 1 30 8423 27983  14 (D 0,0,0) (S 620,528,678) (S 397,528,241) (S 398,241,291) (S 195,291,242) (S 245,242,363) (S 98,156,157) (S 519,156,363) (S 504,363,155) (S 399,155,291) (S 194,291,154) (S 583,137,427) (S 811,452,446) (D 0,0,0)
 0 1 31 8972 43228  14 (D 0,0,0) (S 413,158,540) (S 67,103,104) (S 114,108,46) (S 28,46,45) (S 946,45,812) (S 50,76,77) (S 854,812,182) (S 111,181,75) (S 48,74,73) (S 788,73,767) (S 789,767,49) (S 31,48,49) (D 0,0,0)
 0 1 32 8981 37155  16 (D 0,0,0) (S 856,754,810) (S 955,813,543) (S 954,543,843) (S 968,843,847) (S 962,847,544) (S 416,544,184) (S 417,184,545) (S 27,44,45) (S 945,45,109) (S 71,109,108) (S 70,108,107) (S 963,106,847) (S 967,845,847) (S 415,543,542) (D 0,0,0)
 0 1 33 8992 41299  20 (D 0,0,0) (S 621,680,679) (S 929,679,252) (S 166,252,231) (S 165,251,231) (S 422,552,299) (S 202,229,254) (S 168,254,255) (S 151,229,230) (S 181,272,230) (S 152,230,231) (S 167,252,253) (S 928,252,802) (S 836,795,162) (S 100,128,160) (S 763,160,748) (S 762,748,245) (S 161,245,246) (S 567,548,566) (D 0,0,0)
 0 1 34 8899 24559  17 (D 0,0,0) (S 325,318,445) (S 803,612,647) (S 576,647,648) (S 574,646,575) (S 66,101,102) (S 572,101,501) (S 571,501,24) (S 17,24,25) (S 16,24,23) (S 705,23,729) (S 15,23,22) (S 14,21,22) (S 523,502,600) (S 499,600,99) (S 63,99,98) (D 0,0,0)
 0 1 35 8790 24609  9 (D 0,0,0) (S 456,577,567) (S 568,566,644) (S 149,225,226) (S 150,226,227) (S 178,227,256) (S 169,256,257) (S 432,557,306) (D 0,0,0)
 0 1 36 8989 32865  15 (D 0,0,0) (S 495,362,600) (S 524,22,483) (S 525,492,617) (S 706,617,730) (S 526,617,618) (S 527,618,619) (S 770,618,488) (S 771,488,710) (S 686,710,711) (S 360,488,489) (S 364,490,493) (S 636,688,485) (S 637,485,20) (D 0,0,0)
 0 1 37 8977 32349  24 (D 0,0,0) (S 255,174,115) (S 914,799,804) (S 838,797,798) (S 79,122,121) (S 916,121,33) (S 23,33,34) (S 658,11,188) (S 123,188,189) (S 656,189,698) (S 657,699,188) (S 122,188,12) (S 8,12,11) (S 7,11,10) (S 6,9,10) (S 655,10,35) (S 25,35,36) (S 24,35,34) (S 659,34,120) (S 78,120,119) (S 77,119,118) (S 76,118,115) (S 253,293,367) (D 0,0,0)
 0 1 38 8956 39117  15 (D 0,0,0) (S 594,665,666) (S 892,665,662) (S 890,693,683) (S 887,556,303) (S 886,303,308) (S 206,307,308) (S 207,308,309) (S 885,824,308) (S 203,302,303) (S 204,304,305) (S 344,304,469) (S 907,814,494) (S 908,494,443) (D 0,0,0)
 0 1 39 8977 34884  20 (D 0,0,0) (S 910,832,432) (S 581,499,388) (S 580,388,652) (S 579,652,414) (S 578,651,414) (S 288,401,402) (S 295,410,411) (S 294,410,400) (S 293,409,400) (S 287,400,399) (S 833,399,652) (S 834,652,390) (S 835,390,530) (S 370,89,500) (S 369,499,398) (S 368,398,498) (S 802,498,393) (S 801,777,393) (D 0,0,0)
 0 1 40 8973 32431  17 (D 0,0,0) (S 891,662,693) (S 646,693,466) (S 645,692,466) (S 632,467,684) (S 631,467,683) (S 630,682,683) (S 562,641,468) (S 430,469,473) (S 431,473,340) (S 228,339,340) (S 229,340,18) (S 12,18,19) (S 794,19,769) (S 13,19,20) (S 640,689,599) (D 0,0,0)
 0 1 41 8936 27353  8 (D 0,0,0) (S 435,560,294) (S 196,293,292) (S 488,269,367) (S 251,226,366) (S 250,366,257) (S 249,257,365) (D 0,0,0)
 0 1 42 8824 12550  31 (D 0,0,0) (S 585,63,8) (S 584,8,555) (S 377,509,510) (S 428,509,555) (S 427,555,190) (S 124,190,82) (S 670,82,654) (S 376,509,5) (S 4,5,6) (S 600,6,671) (S 601,671,267) (S 602,267,179) (S 313,178,431) (S 314,431,15) (S 859,14,525) (S 396,525,526) (S 406,527,535) (S 772,535,761) (S 773,761,762) (S 774,762,673) (S 775,673,708) (S 922,708,522) (S 393,522,523) (S 394,523,524) (S 604,524,16) (S 11,16,17) (S 606,17,674) (S 616,674,653) (S 615,653,677) (D 0,0,0)
 0 1 43 8760 18154  20 (D 0,0,0) (S 819,520,325) (S 220,327,328) (S 221,328,329) (S 320,437,438) (S 459,438,579) (S 458,579,57) (S 37,57,56) (S 829,55,794) (S 878,794,819) (S 877,794,51) (S 32,51,52) (S 508,52,607) (S 669,705,167) (S 492,167,62) (S 493,62,169) (S 106,168,169) (S 237,169,349) (S 238,349,350) (D 0,0,0)
 0 1 44 8633 17660  18 (D 0,0,0) (S 708,733,621) (S 333,458,459) (S 530,459,353) (S 532,584,622) (S 533,622,623) (S 611,623,505) (S 543,505,632) (S 931,632,829) (S 901,71,829) (S 902,829,624) (S 534,624,625) (S 903,624,830) (S 612,623,196) (S 613,196,589) (S 128,196,195) (S 127,195,194) (D 0,0,0)
 0 1 45 8976 30525  20 (D 0,0,0) (S 505,96,606) (S 767,606,689) (S 638,503,20) (S 356,485,484) (S 361,484,490) (S 363,490,492) (S 362,491,492) (S 365,489,496) (S 635,496,493) (S 894,688,667) (S 939,825,441) (S 322,441,440) (S 478,594,440) (S 938,840,441) (S 323,441,442) (S 596,442,668) (S 595,442,667) (S 494,599,362) (D 0,0,0)
 0 1 46 8997 23551  20 (D 0,0,0) (S 721,328,435) (S 723,704,53) (S 725,454,591) (S 726,591,95) (S 727,95,741) (S 768,606,741) (S 728,202,145) (S 729,145,742) (S 92,145,144) (S 226,336,144) (S 93,145,146) (S 671,706,146) (S 95,147,148) (S 94,147,146) (S 672,146,201) (S 673,201,707) (S 674,707,94) (S 675,94,592) (D 0,0,0)
 0 1 47 8932 22876  20 (D 0,0,0) (S 392,521,520) (S 821,788,789) (S 906,814,357) (S 449,359,574) (S 450,574,497) (S 451,497,575) (S 573,575,101) (S 65,101,100) (S 336,461,460) (S 498,460,99) (S 64,99,100) (S 366,100,461) (S 367,461,497) (S 813,601,337) (S 227,337,338) (S 405,445,535) (S 912,526,347) (S 235,347,346) (D 0,0,0)
 0 1 48 8847 30772  18 (D 0,0,0) (S 306,427,426) (S 805,779,239) (S 783,236,152) (S 784,152,140) (S 90,140,141) (S 278,391,392) (S 785,391,385) (S 786,385,376) (S 266,376,377) (S 267,377,378) (S 275,387,388) (S 276,388,389) (S 277,389,390) (S 959,615,844) (S 960,844,135) (S 652,381,681) (D 0,0,0)
 0 1 49 8984 36981  18 (D 0,0,0) (S 940,825,464) (S 339,464,465) (S 340,465,466) (S 341,466,467) (S 342,467,468) (S 343,468,469) (S 347,474,475) (S 936,474,839) (S 429,469,556) (S 888,556,641) (S 561,640,641) (S 889,641,683) (S 647,693,694) (S 592,661,662) (S 893,440,825) (S 643,691,471) (D 0,0,0)
 0 1 50 8699 19618  14 (D 0,0,0) (S 3,3,4) (S 861,4,728) (S 704,728,727) (S 745,747,727) (S 875,3,732) (S 707,732,731) (S 19,28,27) (S 18,26,27) (S 776,27,686) (S 634,686,663) (S 593,663,664) (S 2,3,2) (D 0,0,0)
 0 1 51 8968 35094  21 (D 0,0,0) (S 849,114,185) (S 850,185,808) (S 921,808,111) (S 72,111,112) (S 118,112,186) (S 846,186,805) (S 845,805,797) (S 844,797,804) (S 841,799,798) (S 839,798,122) (S 80,122,123) (S 119,123,187) (S 81,124,123) (S 120,123,32) (S 9,12,13) (S 121,12,32) (S 22,32,33) (S 915,121,799) (S 840,799,118) (D 0,0,0)
 0 1 52 8968 20680  22 (D 0,0,0) (S 722,435,704) (S 678,703,54) (S 677,54,455) (S 676,455,592) (S 477,592,593) (S 35,54,55) (S 36,55,56) (S 825,56,701) (S 824,701,790) (S 828,790,660) (S 591,659,660) (S 827,660,793) (S 826,792,793) (S 815,785,784) (S 577,649,650) (S 814,649,784) (S 319,437,436) (S 318,435,415) (S 297,415,327) (S 298,327,416) (D 0,0,0)
 0 1 53 7515 12292  21 (D 0,0,0) (S 614,676,677) (S 628,677,521) (S 391,520,351) (S 240,351,352) (S 863,352,451) (S 864,451,65) (S 42,65,66) (S 715,66,171) (S 107,171,170) (S 711,449,170) (S 716,171,450) (S 717,450,739) (S 738,739,418) (S 390,416,351) (S 239,351,326) (S 219,326,325) (S 218,325,324) (S 538,631,324) (S 681,433,708) (D 0,0,0)
 0 1 54 8994 30410  23 (D 0,0,0) (S 552,635,636) (S 553,636,58) (S 353,59,480) (S 796,479,772) (S 352,479,478) (S 795,478,771) (S 351,478,92) (S 732,477,281) (S 187,281,280) (S 698,280,723) (S 186,279,280) (S 129,197,198) (S 130,198,199) (S 633,476,685) (S 348,476,142) (S 91,142,143) (S 349,79,199) (S 350,199,477) (S 188,282,283) (S 696,282,91) (S 57,92,93) (D 0,0,0)
 0 1 55 8803 18658  18 (D 0,0,0) (S 935,63,787) (S 41,64,65) (S 43,66,67) (S 933,737,583) (S 932,583,632) (S 45,69,70) (S 46,70,71) (S 47,71,72) (S 900,71,407) (S 292,407,408) (S 899,828,407) (S 822,406,70) (S 44,69,68) (S 465,68,404) (S 464,404,582) (S 710,736,735) (D 0,0,0)
 0 1 56 8711 14798  21 (D 0,0,0) (S 539,521,324) (S 682,324,433) (S 315,433,432) (S 909,432,443) (S 324,443,444) (S 517,443,319) (S 327,448,447) (S 629,447,646) (S 575,646,647) (S 798,647,611) (S 513,610,611) (S 514,611,612) (S 797,773,774) (S 804,774,612) (S 515,612,448) (S 516,534,319) (S 911,832,718) (S 692,718,719) (S 923,719,708) (D 0,0,0)
