1424876
57
3600655
3343078
 0 1 1 8983 26938  16 (D 0,0,0) (S 331,452,427) (S 306,427,426) (S 805,779,239) (S 806,239,780) (S 157,239,238) (S 809,778,781) (S 807,425,781) (S 808,781,237) (S 156,237,236) (S 782,236,424) (S 781,424,722) (S 697,721,722) (S 304,424,425) (S 305,425,426) (D 0,0,0)
 0 1 2 7921 14164  24 (D 0,0,0) (S 394,523,524) (S 396,525,526) (S 406,527,535) (S 405,535,445) (S 515,448,612) (S 804,612,774) (S 797,773,774) (S 514,612,611) (S 513,610,611) (S 798,611,647) (S 576,647,648) (S 575,647,646) (S 629,646,447) (S 327,447,448) (S 516,534,319) (S 212,317,316) (S 913,316,761) (S 773,761,762) (S 858,762,525) (S 395,525,524) (S 604,524,16) (S 11,16,17) (D 0,0,0)
 0 1 3 8985 29429  19 (D 0,0,0) (S 372,506,14) (S 772,761,535) (S 97,154,155) (S 948,529,614) (S 520,614,88) (S 55,87,88) (S 56,88,89) (S 370,89,500) (S 369,499,398) (S 368,398,498) (S 307,428,392) (S 278,392,391) (S 90,140,141) (S 784,140,152) (S 783,152,236) (S 158,239,240) (S 810,779,426) (D 0,0,0)
 0 1 4 8938 21189  18 (D 0,0,0) (S 819,520,325) (S 217,322,323) (S 449,359,574) (S 450,574,497) (S 451,497,575) (S 66,101,102) (S 65,101,100) (S 366,100,461) (S 64,100,99) (S 63,99,98) (S 62,98,97) (S 61,97,96) (S 506,96,472) (S 346,472,471) (S 225,334,335) (S 905,335,357) (D 0,0,0)
 0 1 5 8978 30701  8 (D 0,0,0) (S 488,367,269) (S 236,292,348) (S 848,175,807) (S 109,175,174) (S 254,174,293) (S 435,560,294) (D 0,0,0)
 0 1 6 8984 33113  28 (D 0,0,0) (S 487,565,596) (S 486,596,538) (S 411,295,539) (S 412,539,158) (S 209,159,314) (S 702,724,126) (S 82,126,127) (S 760,127,756) (S 750,750,751) (S 751,751,752) (S 757,751,725) (S 756,725,756) (S 761,756,420) (S 102,161,162) (S 103,162,163) (S 836,162,795) (S 879,820,796) (S 880,796,243) (S 160,244,130) (S 85,130,129) (S 84,129,128) (S 100,128,160) (S 99,160,159) (S 210,159,315) (S 211,315,246) (S 337,213,462) (D 0,0,0)
 0 1 7 8896 19423  18 (D 0,0,0) (S 923,708,719) (S 692,719,718) (S 911,718,832) (S 910,832,432) (S 326,447,446) (S 812,446,601) (S 227,337,338) (S 813,337,601) (S 496,601,574) (S 367,497,461) (S 336,461,460) (S 335,460,361) (S 731,360,691) (S 643,691,471) (S 644,471,334) (S 906,357,814) (D 0,0,0)
 0 1 8 8932 17752  18 (D 0,0,0) (S 529,621,459) (S 333,458,459) (S 530,459,353) (S 466,584,504) (S 371,504,505) (S 543,505,632) (S 931,632,829) (S 901,829,71) (S 900,71,407) (S 899,828,407) (S 292,407,408) (S 822,406,70) (S 43,67,66) (S 42,66,65) (S 41,65,64) (S 935,787,63) (D 0,0,0)
 0 1 9 8987 28095  15 (D 0,0,0) (S 924,719,832) (S 583,427,137) (S 194,154,291) (S 195,291,242) (S 245,242,363) (S 98,156,157) (S 519,156,363) (S 504,363,155) (S 399,155,291) (S 620,528,678) (S 397,528,241) (S 398,241,291) (S 325,445,318) (D 0,0,0)
 0 1 10 8832 15801  12 (D 0,0,0) (S 475,585,590) (S 540,590,207) (S 136,207,208) (S 895,208,588) (S 472,588,559) (S 434,559,209) (S 137,208,209) (S 433,209,558) (S 205,306,151) (S 884,205,695) (D 0,0,0)
 0 1 11 8996 32366  21 (D 0,0,0) (S 477,592,593) (S 675,592,94) (S 674,94,707) (S 769,707,638) (S 930,837,639) (S 560,639,200) (S 130,199,198) (S 129,197,198) (S 349,199,79) (S 348,476,142) (S 91,142,143) (S 633,476,685) (S 350,199,477) (S 732,477,281) (S 698,280,723) (S 186,279,280) (S 187,280,281) (S 188,282,283) (S 696,282,91) (D 0,0,0)
 0 1 12 663 1326  3 (D 0,0,0) (S 1,0,1) (D 0,0,0)
 0 1 13 8994 34919  26 (D 0,0,0) (S 77,118,119) (S 78,119,120) (S 659,120,34) (S 24,34,35) (S 25,35,36) (S 655,35,10) (S 6,9,10) (S 7,10,11) (S 658,11,188) (S 657,699,188) (S 656,189,698) (S 123,189,188) (S 122,188,12) (S 120,32,123) (S 119,123,187) (S 920,124,801) (S 843,801,187) (S 842,187,800) (S 958,800,805) (S 957,805,113) (S 117,112,185) (S 921,808,111) (S 72,111,112) (S 73,112,113) (D 0,0,0)
 0 1 14 8303 19618  14 (D 0,0,0) (S 648,0,2) (S 861,4,728) (S 704,728,727) (S 745,747,727) (S 3,4,3) (S 707,732,731) (S 19,28,27) (S 776,27,686) (S 593,663,664) (S 634,663,686) (S 18,26,27) (S 875,732,3) (D 0,0,0)
 0 1 15 8972 32962  22 (D 0,0,0) (S 75,115,114) (S 74,114,113) (S 118,112,186) (S 846,186,805) (S 845,805,797) (S 838,797,798) (S 839,798,122) (S 79,122,121) (S 916,121,33) (S 23,33,34) (S 8,11,12) (S 9,12,13) (S 121,12,32) (S 919,765,124) (S 81,124,123) (S 80,123,122) (S 841,798,799) (S 840,799,118) (S 76,118,115) (S 197,293,294) (D 0,0,0)
 0 1 16 8880 16364  32 (D 0,0,0) (S 177,63,268) (S 176,268,267) (S 601,267,671) (S 610,675,7) (S 5,7,6) (S 600,6,671) (S 374,508,266) (S 175,265,264) (S 381,375,512) (S 380,41,512) (S 869,512,715) (S 868,817,715) (S 690,715,372) (S 259,372,371) (S 689,371,715) (S 870,512,85) (S 53,85,42) (S 26,42,43) (S 904,823,831) (S 882,823,822) (S 881,821,822) (S 947,822,43) (S 743,43,745) (S 871,745,85) (S 54,85,86) (S 693,86,380) (S 694,380,344) (S 695,344,507) (S 602,267,179) (S 607,180,674) (D 0,0,0)
 0 1 17 8843 30489  23 (D 0,0,0) (S 162,248,247) (S 565,247,223) (S 146,223,222) (S 145,222,221) (S 791,221,712) (S 792,712,38) (S 793,38,134) (S 88,134,133) (S 87,133,132) (S 563,642,234) (S 421,233,549) (S 419,549,550) (S 420,551,549) (S 153,232,233) (S 154,233,234) (S 155,132,235) (S 623,133,595) (S 625,222,681) (S 626,681,576) (S 453,576,286) (S 191,286,287) (D 0,0,0)
 0 1 18 8997 17822  13 (D 0,0,0) (S 876,3,191) (S 126,192,193) (S 467,194,585) (S 474,590,589) (S 613,196,589) (S 473,589,588) (S 471,559,587) (S 470,586,587) (S 779,587,300) (S 134,151,205) (S 649,695,2) (D 0,0,0)
 0 1 19 8972 32949  15 (D 0,0,0) (S 635,493,496) (S 365,496,489) (S 360,489,488) (S 686,710,711) (S 771,710,488) (S 770,488,618) (S 527,618,619) (S 526,618,617) (S 706,617,730) (S 525,617,492) (S 524,483,22) (S 495,600,362) (S 244,98,361) (D 0,0,0)
 0 1 20 8791 26277  19 (D 0,0,0) (S 510,609,608) (S 509,608,29) (S 20,29,30) (S 21,30,31) (S 274,30,384) (S 273,30,383) (S 423,553,383) (S 424,383,287) (S 272,383,382) (S 271,382,381) (S 651,697,381) (S 652,381,681) (S 653,681,285) (S 189,284,285) (S 190,285,286) (S 454,286,364) (S 247,364,29) (D 0,0,0)
 0 1 21 8942 25250  15 (D 0,0,0) (S 780,300,116) (S 248,117,365) (S 512,365,561) (S 437,561,258) (S 171,258,259) (S 170,258,257) (S 250,257,366) (S 456,567,577) (S 937,577,608) (S 511,609,561) (S 140,214,215) (S 897,557,301) (S 898,301,827) (D 0,0,0)
 0 1 22 8974 30234  24 (D 0,0,0) (S 455,577,364) (S 407,364,536) (S 654,536,285) (S 624,222,595) (S 86,132,131) (S 445,569,131) (S 446,131,564) (S 359,486,487) (S 138,211,212) (S 139,212,213) (S 345,213,470) (S 701,314,724) (S 765,724,757) (S 764,757,160) (S 763,160,748) (S 748,748,315) (S 357,246,274) (S 358,274,486) (S 439,486,275) (S 199,276,135) (S 479,38,595) (S 627,576,287) (D 0,0,0)
 0 1 23 8997 32862  23 (D 0,0,0) (S 922,522,708) (S 925,832,317) (S 213,318,319) (S 280,394,393) (S 801,777,393) (S 802,393,498) (S 308,428,386) (S 309,386,377) (S 267,377,378) (S 286,378,399) (S 287,399,400) (S 293,409,400) (S 294,400,410) (S 295,410,411) (S 288,401,402) (S 578,651,414) (S 579,414,652) (S 580,652,388) (S 581,388,499) (S 379,500,396) (S 282,396,395) (D 0,0,0)
 0 1 24 8916 29446  20 (D 0,0,0) (S 238,350,349) (S 505,96,606) (S 767,606,689) (S 356,485,484) (S 361,484,490) (S 362,491,492) (S 363,492,490) (S 364,490,493) (S 595,667,442) (S 596,442,668) (S 323,442,441) (S 938,840,441) (S 478,594,440) (S 322,440,441) (S 939,441,825) (S 894,667,688) (S 637,485,20) (S 638,20,503) (D 0,0,0)
 0 1 25 8290 20149  20 (D 0,0,0) (S 386,517,516) (S 463,516,581) (S 830,581,626) (S 535,626,627) (S 537,629,630) (S 758,629,634) (S 548,634,515) (S 549,515,422) (S 303,422,423) (S 547,634,627) (S 546,627,633) (S 733,744,633) (S 734,633,582) (S 208,310,312) (S 328,312,449) (S 329,449,450) (S 717,450,739) (S 738,739,418) (D 0,0,0)
 0 1 26 8916 26400  20 (D 0,0,0) (S 641,690,599) (S 639,689,203) (S 133,203,202) (S 728,202,145) (S 729,145,742) (S 226,336,144) (S 92,144,145) (S 93,145,146) (S 671,706,146) (S 94,146,147) (S 95,147,148) (S 672,146,201) (S 132,201,202) (S 768,606,741) (S 727,741,95) (S 60,95,96) (S 730,97,690) (S 642,690,691) (D 0,0,0)
 0 1 27 8812 34893  17 (D 0,0,0) (S 844,797,804) (S 914,804,799) (S 915,799,121) (S 22,33,32) (S 918,765,834) (S 917,833,834) (S 941,834,764) (S 777,763,764) (S 778,764,765) (S 942,764,125) (S 943,125,110) (S 944,110,809) (S 851,809,808) (S 850,808,185) (S 849,185,114) (D 0,0,0)
 0 1 28 8802 18759  23 (D 0,0,0) (S 883,695,81) (S 427,190,555) (S 691,716,655) (S 586,655,656) (S 587,656,657) (S 744,657,746) (S 588,657,84) (S 52,83,84) (S 589,84,373) (S 262,373,374) (S 590,373,658) (S 261,373,40) (S 522,616,39) (S 862,39,815) (S 260,40,372) (S 258,371,370) (S 597,370,669) (S 256,369,368) (S 859,525,14) (S 10,14,15) (S 314,15,431) (D 0,0,0)
 0 1 29 8994 18134  20 (D 0,0,0) (S 239,351,326) (S 317,415,434) (S 316,434,349) (S 237,349,169) (S 106,168,169) (S 493,169,62) (S 492,62,167) (S 669,167,705) (S 668,705,607) (S 508,607,52) (S 32,52,51) (S 877,51,794) (S 878,794,819) (S 829,794,55) (S 318,435,415) (S 297,415,327) (S 298,327,416) (S 391,351,520) (D 0,0,0)
 0 1 30 8993 36351  21 (D 0,0,0) (S 956,113,813) (S 953,843,105) (S 952,105,48) (S 30,48,47) (S 964,47,848) (S 29,47,46) (S 113,46,182) (S 847,806,74) (S 48,74,73) (S 788,73,767) (S 853,767,806) (S 789,767,49) (S 31,48,49) (S 67,103,104) (S 949,104,841) (S 410,295,538) (S 408,537,248) (S 163,248,249) (S 164,249,250) (D 0,0,0)
 0 1 31 8939 31873  22 (D 0,0,0) (S 255,174,115) (S 755,115,755) (S 970,755,811) (S 852,811,810) (S 855,810,813) (S 955,813,543) (S 416,544,184) (S 115,184,183) (S 965,849,183) (S 966,183,845) (S 69,107,106) (S 963,106,847) (S 968,847,843) (S 969,843,841) (S 752,753,541) (S 753,541,754) (S 856,810,754) (S 754,754,755) (S 253,293,367) (S 249,257,365) (D 0,0,0)
 0 1 32 8519 20685  20 (D 0,0,0) (S 723,704,53) (S 724,53,454) (S 725,454,591) (S 726,591,95) (S 59,95,94) (S 673,707,201) (S 131,201,200) (S 559,200,638) (S 558,638,637) (S 749,637,749) (S 557,637,93) (S 556,93,562) (S 438,562,563) (S 555,562,456) (S 553,58,636) (S 766,635,758) (S 550,439,422) (S 385,515,516) (D 0,0,0)
 0 1 33 8671 14773  17 (D 0,0,0) (S 246,193,354) (S 241,354,355) (S 334,355,459) (S 531,353,584) (S 532,584,622) (S 542,622,505) (S 611,505,623) (S 533,623,622) (S 541,622,195) (S 127,195,194) (S 468,585,206) (S 135,206,151) (S 96,151,150) (S 404,150,533) (S 403,150,532) (D 0,0,0)
 0 1 34 7816 12165  22 (D 0,0,0) (S 2,2,3) (S 867,4,734) (S 708,733,621) (S 528,620,621) (S 709,621,734) (S 866,734,733) (S 865,733,816) (S 934,816,738) (S 714,738,737) (S 713,737,67) (S 712,67,170) (S 107,170,171) (S 716,171,450) (S 330,450,419) (S 300,419,418) (S 299,418,417) (S 719,740,519) (S 389,519,416) (S 818,520,64) (S 817,64,787) (D 0,0,0)
 0 1 35 8977 19326  23 (D 0,0,0) (S 392,521,520) (S 501,517,602) (S 502,602,604) (S 536,605,628) (S 503,605,604) (S 569,645,604) (S 570,604,603) (S 500,603,602) (S 384,515,514) (S 661,514,333) (S 354,481,59) (S 39,59,58) (S 552,636,635) (S 551,635,439) (S 321,439,438) (S 460,438,580) (S 461,580,332) (S 223,332,331) (S 222,331,330) (S 680,329,518) (S 388,518,519) (D 0,0,0)
 0 1 36 8927 31800  20 (D 0,0,0) (S 517,443,319) (S 279,393,392) (S 785,391,385) (S 786,385,376) (S 266,376,377) (S 310,377,429) (S 312,412,430) (S 296,412,413) (S 311,412,429) (S 831,766,429) (S 833,399,652) (S 834,652,390) (S 277,390,389) (S 276,389,388) (S 275,388,387) (S 285,387,398) (S 284,398,394) (S 281,394,395) (D 0,0,0)
 0 1 37 8974 40488  16 (D 0,0,0) (S 951,842,680) (S 928,802,252) (S 167,252,253) (S 165,251,231) (S 152,231,230) (S 181,272,230) (S 168,254,255) (S 202,254,229) (S 422,552,299) (S 151,229,230) (S 166,231,252) (S 929,252,679) (S 621,679,680) (S 622,680,133) (D 0,0,0)
 0 1 38 8968 16542  15 (D 0,0,0) (S 816,3,787) (S 933,737,583) (S 932,583,632) (S 544,632,69) (S 45,69,70) (S 46,70,71) (S 47,71,72) (S 902,829,624) (S 534,624,625) (S 903,624,830) (S 612,623,196) (S 128,196,195) (S 125,192,191) (D 0,0,0)
 0 1 39 8990 36688  19 (D 0,0,0) (S 794,19,769) (S 228,339,340) (S 431,340,473) (S 430,473,469) (S 343,469,468) (S 889,641,683) (S 890,683,693) (S 647,693,694) (S 646,693,466) (S 645,692,466) (S 632,467,684) (S 631,467,683) (S 630,682,683) (S 891,693,662) (S 594,665,666) (S 893,440,825) (S 494,599,362) (D 0,0,0)
 0 1 40 8438 13340  20 (D 0,0,0) (S 614,676,677) (S 628,677,521) (S 539,521,324) (S 682,433,324) (S 538,631,324) (S 218,324,325) (S 820,325,495) (S 821,788,789) (S 860,788,814) (S 907,814,494) (S 908,494,443) (S 324,443,444) (S 909,443,432) (S 315,432,433) (S 681,433,708) (S 393,522,523) (S 605,523,17) (S 606,17,674) (D 0,0,0)
 0 1 41 8997 39068  15 (D 0,0,0) (S 344,469,304) (S 204,304,305) (S 886,303,308) (S 206,307,308) (S 207,308,309) (S 885,824,308) (S 203,302,303) (S 887,303,556) (S 888,556,641) (S 592,661,662) (S 892,662,665) (S 636,688,485) (S 640,689,599) (D 0,0,0)
 0 1 42 8979 31331  25 (D 0,0,0) (S 108,174,173) (S 413,158,540) (S 699,540,470) (S 700,470,314) (S 759,757,127) (S 83,127,128) (S 101,128,161) (S 301,161,420) (S 302,420,421) (S 703,421,726) (S 926,836,726) (S 927,726,802) (S 837,795,796) (S 159,243,244) (S 746,244,129) (S 747,129,748) (S 762,748,245) (S 161,245,246) (S 182,274,275) (S 183,275,276) (S 184,276,277) (S 481,277,570) (S 480,570,595) (D 0,0,0)
 0 1 43 8937 26756  12 (D 0,0,0) (S 650,695,696) (S 436,258,294) (S 196,293,292) (S 489,292,269) (S 252,367,226) (S 149,226,225) (S 442,225,566) (S 568,566,644) (S 567,566,548) (S 457,567,578) (D 0,0,0)
 0 1 44 8886 33325  15 (D 0,0,0) (S 13,20,19) (S 12,19,18) (S 229,18,340) (S 347,474,475) (S 936,474,839) (S 429,469,556) (S 561,640,641) (S 562,641,468) (S 342,468,467) (S 341,467,466) (S 340,466,465) (S 339,465,464) (S 940,464,825) (D 0,0,0)
 0 1 45 8991 13016  31 (D 0,0,0) (S 585,63,8) (S 584,8,555) (S 428,555,509) (S 377,509,510) (S 376,509,5) (S 4,5,6) (S 375,5,508) (S 740,508,343) (S 232,343,265) (S 233,265,344) (S 234,344,345) (S 383,345,379) (S 269,379,380) (S 270,380,264) (S 174,264,263) (S 263,263,86) (S 264,86,375) (S 265,375,370) (S 257,370,369) (S 469,369,513) (S 382,513,379) (S 268,379,368) (S 912,526,347) (S 235,347,346) (S 619,346,506) (S 373,506,177) (S 313,178,431) (S 618,431,672) (S 617,672,674) (D 0,0,0)
 0 1 46 8871 29194  18 (D 0,0,0) (S 452,576,382) (S 790,381,221) (S 687,712,713) (S 960,135,844) (S 959,844,615) (S 950,615,842) (S 521,615,597) (S 491,597,598) (S 490,597,530) (S 835,390,530) (S 401,530,89) (S 400,529,397) (S 283,397,396) (S 378,511,396) (S 582,395,290) (S 811,452,446) (D 0,0,0)
 0 1 47 8993 18814  24 (D 0,0,0) (S 814,784,649) (S 577,649,650) (S 815,784,785) (S 826,792,793) (S 827,793,660) (S 591,659,660) (S 828,660,790) (S 824,790,701) (S 825,701,56) (S 37,56,57) (S 38,57,58) (S 554,58,456) (S 332,456,455) (S 677,455,54) (S 35,54,55) (S 36,55,56) (S 458,57,579) (S 459,579,438) (S 320,438,437) (S 319,437,436) (S 721,435,328) (S 720,328,519) (D 0,0,0)
 0 1 48 8633 13897  26 (D 0,0,0) (S 615,677,653) (S 616,653,674) (S 603,672,179) (S 110,179,180) (S 608,180,268) (S 609,268,675) (S 739,675,671) (S 741,343,260) (S 231,343,342) (S 230,341,342) (S 599,342,261) (S 598,261,670) (S 873,670,656) (S 874,656,818) (S 872,670,745) (S 742,745,260) (S 172,260,261) (S 173,261,262) (S 670,654,82) (S 124,82,190) (S 426,190,81) (S 51,81,80) (S 476,80,532) (S 402,532,191) (D 0,0,0)
 0 1 49 8968 17597  14 (D 0,0,0) (S 387,518,517) (S 462,516,332) (S 224,332,333) (S 662,333,481) (S 355,481,482) (S 663,481,700) (S 660,700,165) (S 104,164,165) (S 105,165,166) (S 823,166,702) (S 666,702,703) (S 679,703,436) (D 0,0,0)
 0 1 50 8934 41117  13 (D 0,0,0) (S 954,543,843) (S 68,105,106) (S 71,108,109) (S 946,45,812) (S 50,76,77) (S 854,812,182) (S 112,182,75) (S 111,181,75) (S 49,75,74) (S 787,73,766) (S 832,429,399) (D 0,0,0)
 0 1 51 8694 15573  23 (D 0,0,0) (S 240,351,352) (S 863,352,451) (S 864,451,65) (S 715,66,171) (S 711,449,170) (S 289,170,403) (S 518,403,613) (S 290,403,404) (S 465,404,68) (S 44,68,69) (S 545,69,405) (S 291,405,404) (S 464,404,582) (S 735,582,313) (S 736,313,736) (S 718,739,740) (S 799,740,735) (S 800,735,776) (S 710,735,736) (S 737,736,739) (S 390,416,351) (D 0,0,0)
 0 1 52 8850 23265  16 (D 0,0,0) (S 803,612,647) (S 574,646,575) (S 573,575,101) (S 572,101,501) (S 571,501,24) (S 17,24,25) (S 16,24,23) (S 705,23,729) (S 15,23,22) (S 14,21,22) (S 523,502,600) (S 499,600,99) (S 498,99,460) (S 497,460,574) (D 0,0,0)
 0 1 53 8994 35430  14 (D 0,0,0) (S 116,185,184) (S 417,184,545) (S 945,109,45) (S 27,44,45) (S 28,45,46) (S 114,46,108) (S 70,108,107) (S 961,107,845) (S 967,845,847) (S 962,847,544) (S 415,543,542) (S 414,542,541) (D 0,0,0)
 0 1 54 8996 22846  17 (D 0,0,0) (S 219,325,326) (S 220,327,328) (S 221,328,329) (S 676,455,592) (S 58,94,93) (S 57,93,92) (S 351,92,478) (S 795,478,771) (S 352,478,479) (S 796,479,772) (S 353,480,59) (S 40,59,60) (S 664,579,701) (S 665,701,702) (S 722,704,435) (D 0,0,0)
 0 1 55 8936 31627  29 (D 0,0,0) (S 148,225,224) (S 147,224,223) (S 564,643,223) (S 566,247,537) (S 198,295,296) (S 200,296,297) (S 201,297,298) (S 484,297,463) (S 483,463,217) (S 179,270,216) (S 180,216,271) (S 141,216,217) (S 185,277,278) (S 193,278,289) (S 192,288,278) (S 482,277,217) (S 142,217,218) (S 143,218,219) (S 144,219,212) (S 440,211,219) (S 441,219,462) (S 338,462,463) (S 485,297,538) (S 409,224,537) (S 418,548,547) (S 443,547,249) (S 444,249,567) (D 0,0,0)
 0 1 56 8994 21192  8 (D 0,0,0) (S 896,205,557) (S 251,366,226) (S 150,226,227) (S 178,227,256) (S 169,256,257) (S 432,557,306) (D 0,0,0)
 0 1 57 8956 18973  23 (D 0,0,0) (S 667,704,703) (S 678,703,54) (S 34,54,53) (S 33,53,52) (S 507,453,571) (S 447,571,572) (S 688,572,714) (S 448,572,573) (S 685,573,554) (S 684,554,139) (S 683,709,139) (S 89,138,139) (S 425,554,358) (S 243,358,322) (S 216,322,321) (S 242,321,356) (S 215,321,320) (S 214,320,319) (S 857,718,762) (S 774,762,673) (S 775,673,708) (D 0,0,0)
