1428163
57
3600662
3570576
 0 1 1 8793 18221  27 (D 0,0,0) (S 238,350,349) (S 316,349,434) (S 317,434,415) (S 318,415,435) (S 679,436,703) (S 666,703,702) (S 665,702,701) (S 825,701,56) (S 37,56,57) (S 38,57,58) (S 554,58,456) (S 553,58,636) (S 552,636,635) (S 766,635,758) (S 551,635,439) (S 549,422,515) (S 548,634,515) (S 303,422,423) (S 550,422,439) (S 321,439,438) (S 460,438,580) (S 461,580,332) (S 223,332,331) (S 221,329,328) (S 819,325,520) (D 0,0,0)
 0 1 2 8859 26693  10 (D 0,0,0) (S 251,366,226) (S 252,226,367) (S 236,292,348) (S 848,175,807) (S 109,175,174) (S 254,174,293) (S 197,293,294) (S 436,294,258) (D 0,0,0)
 0 1 3 8926 33529  28 (D 0,0,0) (S 144,219,212) (S 138,212,211) (S 440,211,219) (S 139,212,213) (S 345,213,470) (S 700,470,314) (S 209,314,159) (S 210,159,315) (S 748,315,748) (S 747,748,129) (S 84,129,128) (S 83,128,127) (S 760,127,756) (S 756,756,725) (S 750,750,751) (S 751,751,752) (S 757,751,725) (S 761,756,420) (S 302,420,421) (S 703,421,726) (S 926,836,726) (S 927,726,802) (S 928,802,252) (S 167,252,253) (S 929,252,679) (S 951,842,680) (D 0,0,0)
 0 1 4 8983 16746  23 (D 0,0,0) (S 235,346,347) (S 912,347,526) (S 257,369,370) (S 259,371,372) (S 260,372,40) (S 261,40,373) (S 262,373,374) (S 590,373,658) (S 589,373,84) (S 52,83,84) (S 588,84,657) (S 744,657,746) (S 587,657,656) (S 874,656,818) (S 586,656,655) (S 691,716,655) (S 873,656,670) (S 173,261,262) (S 670,654,82) (S 124,82,190) (S 883,81,695) (D 0,0,0)
 0 1 5 8909 42971  13 (D 0,0,0) (S 949,841,104) (S 67,104,103) (S 789,49,767) (S 854,182,812) (S 50,76,77) (S 946,812,45) (S 27,44,45) (S 945,45,109) (S 417,545,184) (S 416,184,544) (S 408,537,248) (D 0,0,0)
 0 1 6 7944 13516  23 (D 0,0,0) (S 818,520,64) (S 864,65,451) (S 863,451,352) (S 240,352,351) (S 239,351,326) (S 298,327,416) (S 300,418,419) (S 330,419,450) (S 717,450,739) (S 737,739,736) (S 208,310,312) (S 328,312,449) (S 329,449,450) (S 716,450,171) (S 107,171,170) (S 711,449,170) (S 712,170,67) (S 714,737,738) (S 934,738,816) (S 865,816,733) (S 866,733,734) (D 0,0,0)
 0 1 7 8975 20571  19 (D 0,0,0) (S 911,718,832) (S 214,319,320) (S 215,320,321) (S 242,321,356) (S 216,321,322) (S 449,359,574) (S 367,497,461) (S 336,461,460) (S 498,460,99) (S 64,99,100) (S 366,100,461) (S 65,100,101) (S 66,101,102) (S 574,575,646) (S 803,647,612) (S 325,445,318) (S 925,317,832) (D 0,0,0)
 0 1 8 8927 31578  25 (D 0,0,0) (S 568,566,644) (S 567,566,548) (S 198,295,296) (S 200,296,297) (S 201,297,298) (S 484,297,463) (S 338,463,462) (S 337,462,213) (S 161,246,245) (S 762,245,748) (S 763,748,160) (S 764,160,757) (S 765,757,724) (S 759,757,127) (S 82,127,126) (S 702,126,724) (S 701,724,314) (S 699,470,540) (S 412,158,539) (S 411,539,295) (S 486,538,596) (S 487,596,565) (S 253,367,293) (D 0,0,0)
 0 1 9 8893 17210  20 (D 0,0,0) (S 392,521,520) (S 721,328,435) (S 722,435,704) (S 723,704,53) (S 34,53,54) (S 35,54,55) (S 829,55,794) (S 878,794,819) (S 877,794,51) (S 32,51,52) (S 508,52,607) (S 668,607,705) (S 669,705,167) (S 492,167,62) (S 493,62,169) (S 106,168,169) (S 237,169,349) (S 219,326,325) (D 0,0,0)
 0 1 10 8998 21556  15 (D 0,0,0) (S 676,455,592) (S 477,592,593) (S 675,592,94) (S 674,94,707) (S 769,707,638) (S 558,638,637) (S 557,637,93) (S 556,93,562) (S 438,562,563) (S 555,562,456) (S 332,456,455) (S 677,455,54) (S 678,54,703) (D 0,0,0)
 0 1 11 8970 33763  20 (D 0,0,0) (S 279,393,392) (S 278,392,391) (S 785,391,385) (S 786,385,376) (S 266,376,377) (S 267,377,378) (S 286,378,399) (S 293,409,400) (S 287,400,399) (S 832,399,429) (S 311,429,412) (S 296,412,413) (S 312,412,430) (S 310,429,377) (S 309,377,386) (S 308,386,428) (S 802,498,393) (S 801,777,393) (D 0,0,0)
 0 1 12 8991 18460  19 (D 0,0,0) (S 539,521,324) (S 218,324,325) (S 820,325,495) (S 821,788,789) (S 860,788,814) (S 217,322,323) (S 243,322,358) (S 425,358,554) (S 683,709,139) (S 89,138,139) (S 684,139,554) (S 685,554,573) (S 448,573,572) (S 688,572,714) (S 447,572,571) (S 507,571,453) (S 297,415,327) (D 0,0,0)
 0 1 13 8256 17015  20 (D 0,0,0) (S 710,735,736) (S 736,736,313) (S 735,313,582) (S 734,582,633) (S 733,744,633) (S 546,633,627) (S 547,627,634) (S 758,634,629) (S 537,629,630) (S 535,627,626) (S 830,626,581) (S 800,776,735) (S 799,735,740) (S 718,740,739) (S 738,739,418) (S 299,418,417) (S 390,416,351) (S 628,521,677) (D 0,0,0)
 0 1 14 8817 15170  22 (D 0,0,0) (S 816,3,787) (S 817,787,64) (S 715,66,171) (S 289,170,403) (S 518,403,613) (S 290,403,404) (S 464,404,582) (S 463,581,516) (S 386,516,517) (S 502,602,604) (S 569,645,604) (S 536,605,628) (S 503,605,604) (S 570,604,603) (S 500,603,602) (S 501,602,517) (S 387,517,518) (S 388,518,519) (S 389,519,416) (S 391,351,520) (D 0,0,0)
 0 1 15 8611 20725  19 (D 0,0,0) (S 220,327,328) (S 814,784,649) (S 577,649,650) (S 815,784,785) (S 826,792,793) (S 827,793,660) (S 591,659,660) (S 828,660,790) (S 824,790,701) (S 823,702,166) (S 105,166,165) (S 104,164,165) (S 660,165,700) (S 663,700,481) (S 224,333,332) (S 680,329,518) (S 719,519,740) (D 0,0,0)
 0 1 16 8344 24058  12 (D 0,0,0) (S 135,151,206) (S 136,207,208) (S 433,209,558) (S 780,300,116) (S 248,117,365) (S 171,258,259) (S 437,258,561) (S 140,214,215) (S 897,557,301) (S 898,301,827) (D 0,0,0)
 0 1 17 8930 35632  16 (D 0,0,0) (S 414,541,542) (S 952,105,48) (S 31,48,49) (S 30,48,47) (S 964,47,848) (S 29,47,46) (S 28,46,45) (S 71,109,108) (S 70,108,107) (S 963,106,847) (S 962,847,544) (S 415,543,542) (S 413,540,158) (S 108,173,174) (D 0,0,0)
 0 1 18 8996 27429  19 (D 0,0,0) (S 247,29,364) (S 407,364,536) (S 654,536,285) (S 189,284,285) (S 653,285,681) (S 652,681,381) (S 687,712,713) (S 792,712,38) (S 960,135,844) (S 959,844,615) (S 521,615,597) (S 491,597,598) (S 490,597,530) (S 277,390,389) (S 276,389,388) (S 581,388,499) (S 582,395,290) (D 0,0,0)
 0 1 19 8808 26770  19 (D 0,0,0) (S 667,704,703) (S 673,707,201) (S 672,201,146) (S 671,706,146) (S 95,147,148) (S 94,147,146) (S 93,146,145) (S 729,145,742) (S 226,336,144) (S 92,144,145) (S 728,145,202) (S 133,202,203) (S 767,689,606) (S 768,606,741) (S 505,606,96) (S 33,52,53) (S 720,328,519) (D 0,0,0)
 0 1 20 8808 33763  19 (D 0,0,0) (S 892,665,662) (S 592,661,662) (S 891,662,693) (S 647,693,694) (S 646,693,466) (S 341,466,467) (S 632,467,684) (S 631,467,683) (S 630,682,683) (S 889,683,641) (S 561,640,641) (S 562,641,468) (S 342,468,467) (S 645,692,466) (S 340,466,465) (S 339,465,464) (S 940,464,825) (D 0,0,0)
 0 1 21 8993 28529  30 (D 0,0,0) (S 457,578,567) (S 164,249,250) (S 443,249,547) (S 148,225,224) (S 147,224,223) (S 564,643,223) (S 565,223,247) (S 566,247,537) (S 409,537,224) (S 410,538,295) (S 441,462,219) (S 143,219,218) (S 142,218,217) (S 141,217,216) (S 180,216,271) (S 179,270,216) (S 482,217,277) (S 193,278,289) (S 192,288,278) (S 185,278,277) (S 481,277,570) (S 480,570,595) (S 624,595,222) (S 625,222,681) (S 626,681,576) (S 453,576,286) (S 454,286,364) (S 455,364,577) (D 0,0,0)
 0 1 22 8982 32593  24 (D 0,0,0) (S 255,174,115) (S 76,115,118) (S 841,799,798) (S 838,797,798) (S 839,798,122) (S 80,122,123) (S 120,123,32) (S 121,32,12) (S 122,12,188) (S 123,188,189) (S 656,189,698) (S 657,699,188) (S 658,188,11) (S 7,11,10) (S 6,9,10) (S 655,10,35) (S 25,35,36) (S 24,35,34) (S 23,34,33) (S 916,33,121) (S 79,121,122) (S 915,121,799) (D 0,0,0)
 0 1 23 8910 33307  22 (D 0,0,0) (S 755,115,755) (S 754,755,754) (S 856,754,810) (S 855,810,813) (S 956,813,113) (S 955,813,543) (S 954,543,843) (S 968,843,847) (S 967,847,845) (S 965,849,183) (S 966,183,845) (S 961,845,107) (S 69,107,106) (S 68,106,105) (S 953,105,843) (S 969,843,841) (S 752,753,541) (S 753,541,754) (S 852,810,811) (S 970,811,755) (D 0,0,0)
 0 1 24 8995 33122  22 (D 0,0,0) (S 272,383,382) (S 651,697,381) (S 790,381,221) (S 791,221,712) (S 199,135,276) (S 183,276,275) (S 439,275,486) (S 359,486,487) (S 358,486,274) (S 182,274,275) (S 446,564,131) (S 153,232,233) (S 420,551,549) (S 419,549,550) (S 421,549,233) (S 154,233,234) (S 563,642,234) (S 623,133,595) (S 190,285,286) (S 191,286,287) (D 0,0,0)
 0 1 25 8928 31085  18 (D 0,0,0) (S 97,154,155) (S 400,529,397) (S 56,89,88) (S 55,87,88) (S 520,88,614) (S 948,614,529) (S 283,397,396) (S 378,511,396) (S 369,499,398) (S 368,398,498) (S 307,428,392) (S 90,140,141) (S 784,140,152) (S 783,152,236) (S 807,781,425) (S 306,426,427) (D 0,0,0)
 0 1 26 8980 34808  21 (D 0,0,0) (S 840,118,799) (S 914,799,804) (S 844,804,797) (S 845,797,805) (S 958,805,800) (S 842,800,187) (S 843,187,801) (S 920,801,124) (S 919,124,765) (S 918,765,834) (S 917,833,834) (S 941,834,764) (S 778,764,765) (S 22,32,33) (S 9,12,13) (S 8,12,11) (S 659,34,120) (S 78,120,119) (S 77,119,118) (D 0,0,0)
 0 1 27 8134 17742  9 (D 0,0,0) (S 205,151,306) (S 779,300,587) (S 470,586,587) (S 471,587,559) (S 895,588,208) (S 468,206,585) (S 467,585,194) (D 0,0,0)
 0 1 28 8965 27008  16 (D 0,0,0) (S 305,426,425) (S 304,425,424) (S 697,721,722) (S 781,722,424) (S 782,424,236) (S 156,236,237) (S 808,237,781) (S 809,781,778) (S 157,238,239) (S 158,239,240) (S 806,239,780) (S 805,239,779) (S 810,779,426) (S 331,427,452) (D 0,0,0)
 0 1 29 8960 22486  18 (D 0,0,0) (S 724,53,454) (S 725,454,591) (S 726,591,95) (S 59,95,94) (S 58,94,93) (S 749,637,749) (S 559,638,200) (S 930,837,639) (S 560,639,200) (S 131,200,201) (S 132,201,202) (S 727,741,95) (S 60,95,96) (S 61,96,97) (S 730,97,690) (S 644,471,334) (D 0,0,0)
 0 1 30 8141 16131  16 (D 0,0,0) (S 475,585,590) (S 540,590,207) (S 137,208,209) (S 434,209,559) (S 472,559,588) (S 473,588,589) (S 613,589,196) (S 128,196,195) (S 127,194,195) (S 541,195,622) (S 542,622,505) (S 611,505,623) (S 533,623,622) (S 532,622,584) (D 0,0,0)
 0 1 31 8287 13148  27 (D 0,0,0) (S 616,653,674) (S 617,674,672) (S 603,672,179) (S 602,179,267) (S 233,265,344) (S 383,345,379) (S 382,379,513) (S 469,513,369) (S 256,369,368) (S 268,368,379) (S 269,379,380) (S 270,380,264) (S 694,380,344) (S 234,344,345) (S 619,346,506) (S 313,431,178) (S 110,179,180) (S 608,180,268) (S 609,268,675) (S 610,675,7) (S 5,7,6) (S 376,5,509) (S 377,509,510) (S 584,555,8) (S 585,8,63) (D 0,0,0)
 0 1 32 8985 17279  17 (D 0,0,0) (S 474,590,589) (S 612,196,623) (S 534,624,625) (S 903,624,830) (S 902,624,829) (S 47,71,72) (S 901,71,829) (S 931,829,632) (S 932,632,583) (S 933,583,737) (S 713,737,67) (S 43,67,66) (S 42,66,65) (S 41,65,64) (S 935,787,63) (D 0,0,0)
 0 1 33 8946 16196  28 (D 0,0,0) (S 177,63,268) (S 176,268,267) (S 374,266,508) (S 741,343,260) (S 172,260,261) (S 598,261,670) (S 872,670,745) (S 743,745,43) (S 947,43,822) (S 881,821,822) (S 882,822,823) (S 904,823,831) (S 26,43,42) (S 53,42,85) (S 871,85,745) (S 742,745,260) (S 599,261,342) (S 230,341,342) (S 231,342,343) (S 740,343,508) (S 428,509,555) (S 427,555,190) (S 426,190,81) (S 51,81,80) (S 476,80,532) (S 402,532,191) (D 0,0,0)
 0 1 34 8325 14574  26 (D 0,0,0) (S 10,15,14) (S 859,14,525) (S 858,525,762) (S 773,762,761) (S 772,535,761) (S 913,761,316) (S 212,316,317) (S 213,318,319) (S 516,319,534) (S 327,448,447) (S 629,447,646) (S 575,646,647) (S 576,647,648) (S 798,647,611) (S 513,610,611) (S 514,611,612) (S 797,773,774) (S 804,774,612) (S 515,612,448) (S 405,445,535) (S 406,535,527) (S 396,526,525) (S 395,525,524) (S 605,523,17) (D 0,0,0)
 0 1 35 7557 11908  20 (D 0,0,0) (S 1,0,1) (S 681,708,433) (S 538,631,324) (S 682,324,433) (S 315,433,432) (S 910,432,832) (S 924,832,719) (S 692,719,718) (S 857,718,762) (S 774,762,673) (S 775,673,708) (S 922,708,522) (S 393,522,523) (S 394,523,524) (S 604,524,16) (S 11,16,17) (S 606,17,674) (S 615,653,677) (D 0,0,0)
 0 1 36 8930 17765  33 (D 0,0,0) (S 614,676,677) (S 607,674,180) (S 601,267,671) (S 739,675,671) (S 600,671,6) (S 4,6,5) (S 375,5,508) (S 232,343,265) (S 175,265,264) (S 174,264,263) (S 263,263,86) (S 264,86,375) (S 265,375,370) (S 597,370,669) (S 258,370,371) (S 689,371,715) (S 690,715,372) (S 522,616,39) (S 862,39,815) (S 380,41,512) (S 381,512,375) (S 869,512,715) (S 868,817,715) (S 870,512,85) (S 54,85,86) (S 693,86,380) (S 695,344,507) (S 373,177,506) (S 372,506,14) (S 314,15,431) (S 618,431,672) (D 0,0,0)
 0 1 37 8974 33862  19 (D 0,0,0) (S 909,432,443) (S 280,394,393) (S 831,429,766) (S 787,766,73) (S 48,73,74) (S 847,74,806) (S 853,806,767) (S 788,767,73) (S 49,74,75) (S 111,181,75) (S 112,75,182) (S 113,182,46) (S 114,46,108) (S 115,183,184) (S 116,184,185) (S 73,112,113) (S 74,113,114) (D 0,0,0)
 0 1 38 8990 22638  12 (D 0,0,0) (S 937,608,577) (S 456,577,567) (S 444,567,249) (S 442,566,225) (S 149,225,226) (S 150,226,227) (S 178,227,256) (S 169,256,257) (S 249,257,365) (S 512,365,561) (D 0,0,0)
 0 1 39 8956 23873  16 (D 0,0,0) (S 450,574,497) (S 451,497,575) (S 573,575,101) (S 572,101,501) (S 571,501,24) (S 17,24,25) (S 16,24,23) (S 705,23,729) (S 15,23,22) (S 523,502,600) (S 499,600,99) (S 63,99,98) (S 731,360,691) (S 225,334,335) (D 0,0,0)
 0 1 40 8860 33310  26 (D 0,0,0) (S 418,547,548) (S 485,538,297) (S 483,463,217) (S 184,277,276) (S 357,274,246) (S 211,246,315) (S 99,159,160) (S 100,160,128) (S 101,128,161) (S 301,161,420) (S 102,161,162) (S 103,162,163) (S 836,162,795) (S 837,795,796) (S 879,820,796) (S 880,796,243) (S 159,243,244) (S 85,130,129) (S 746,129,244) (S 160,244,130) (S 445,569,131) (S 86,131,132) (S 155,132,235) (S 87,132,133) (D 0,0,0)
 0 1 41 7727 12976  17 (D 0,0,0) (S 125,191,192) (S 126,192,193) (S 246,193,354) (S 241,354,355) (S 334,355,459) (S 333,458,459) (S 529,459,621) (S 528,620,621) (S 708,621,733) (S 867,734,4) (S 861,4,728) (S 704,728,727) (S 745,747,727) (S 3,4,3) (S 2,3,2) (D 0,0,0)
 0 1 42 8930 19024  17 (D 0,0,0) (S 319,436,437) (S 320,437,438) (S 459,438,579) (S 664,579,701) (S 458,579,57) (S 39,58,59) (S 40,59,60) (S 354,59,481) (S 355,481,482) (S 662,481,333) (S 661,333,514) (S 384,514,515) (S 385,515,516) (S 462,516,332) (S 222,331,330) (D 0,0,0)
 0 1 43 8859 28855  15 (D 0,0,0) (S 324,443,444) (S 811,446,452) (S 583,427,137) (S 194,154,291) (S 195,291,242) (S 245,242,363) (S 98,156,157) (S 519,156,363) (S 504,363,155) (S 399,155,291) (S 620,528,678) (S 397,528,241) (S 398,241,291) (D 0,0,0)
 0 1 44 8159 11809  11 (D 0,0,0) (S 649,2,695) (S 650,695,696) (S 884,695,205) (S 896,205,557) (S 432,557,306) (S 96,151,150) (S 404,150,533) (S 403,150,532) (S 876,191,3) (D 0,0,0)
 0 1 45 8879 20122  17 (D 0,0,0) (S 517,443,319) (S 326,447,446) (S 812,446,601) (S 227,337,338) (S 813,337,601) (S 496,601,574) (S 497,574,460) (S 335,460,361) (S 244,361,98) (S 62,98,97) (S 506,96,472) (S 346,472,471) (S 905,335,357) (S 907,814,494) (S 908,494,443) (D 0,0,0)
 0 1 46 8774 28535  21 (D 0,0,0) (S 906,814,357) (S 494,362,599) (S 637,20,485) (S 636,485,688) (S 595,667,442) (S 596,442,668) (S 323,442,441) (S 938,840,441) (S 322,441,440) (S 478,594,440) (S 893,440,825) (S 364,493,490) (S 362,491,492) (S 363,492,490) (S 361,490,484) (S 356,484,485) (S 640,689,599) (S 641,599,690) (S 642,690,691) (D 0,0,0)
 0 1 47 8916 35392  16 (D 0,0,0) (S 643,471,691) (S 638,503,20) (S 13,20,19) (S 794,19,769) (S 12,19,18) (S 229,18,340) (S 228,339,340) (S 936,474,839) (S 347,474,475) (S 430,473,469) (S 888,556,641) (S 890,683,693) (S 594,665,666) (S 939,441,825) (D 0,0,0)
 0 1 48 8929 40229  16 (D 0,0,0) (S 479,595,38) (S 793,38,134) (S 88,134,133) (S 622,133,680) (S 166,252,231) (S 165,251,231) (S 181,272,230) (S 168,254,255) (S 202,254,229) (S 422,552,299) (S 151,229,230) (S 152,230,231) (S 621,679,680) (S 950,842,615) (D 0,0,0)
 0 1 49 5635 15140  9 (D 0,0,0) (S 593,663,664) (S 634,663,686) (S 776,686,27) (S 18,26,27) (S 19,27,28) (S 707,731,732) (S 875,732,3) (D 0,0,0)
 0 1 50 8733 25466  18 (D 0,0,0) (S 511,561,609) (S 510,609,608) (S 509,608,29) (S 20,29,30) (S 21,30,31) (S 274,30,384) (S 273,30,383) (S 423,553,383) (S 424,383,287) (S 627,287,576) (S 452,576,382) (S 271,382,381) (S 145,221,222) (S 146,222,223) (S 162,247,248) (S 163,248,249) (D 0,0,0)
 0 1 51 8992 30664  20 (D 0,0,0) (S 282,395,396) (S 379,396,500) (S 370,500,89) (S 401,89,530) (S 835,530,390) (S 834,390,652) (S 579,652,414) (S 578,651,414) (S 288,401,402) (S 295,410,411) (S 294,410,400) (S 833,399,652) (S 580,652,388) (S 275,388,387) (S 285,387,398) (S 284,398,394) (S 281,394,395) (S 923,719,708) (D 0,0,0)
 0 1 52 8866 18239  20 (D 0,0,0) (S 709,734,621) (S 530,459,353) (S 531,353,584) (S 466,584,504) (S 371,504,505) (S 543,505,632) (S 544,632,69) (S 45,69,70) (S 822,70,406) (S 292,407,408) (S 899,828,407) (S 900,407,71) (S 46,71,70) (S 545,69,405) (S 291,405,404) (S 465,404,68) (S 44,68,69) (S 648,2,0) (D 0,0,0)
 0 1 53 8850 30706  22 (D 0,0,0) (S 36,55,56) (S 353,59,480) (S 796,479,772) (S 352,479,478) (S 795,478,771) (S 351,478,92) (S 187,281,280) (S 698,280,723) (S 186,279,280) (S 129,197,198) (S 130,198,199) (S 349,199,79) (S 633,476,685) (S 348,476,142) (S 91,142,143) (S 350,199,477) (S 732,477,281) (S 188,282,283) (S 696,282,91) (S 57,92,93) (D 0,0,0)
 0 1 54 8854 33537  15 (D 0,0,0) (S 495,362,600) (S 14,21,22) (S 524,22,483) (S 525,492,617) (S 706,617,730) (S 526,617,618) (S 527,618,619) (S 770,618,488) (S 771,488,710) (S 686,710,711) (S 360,488,489) (S 365,489,496) (S 635,496,493) (D 0,0,0)
 0 1 55 8740 38629  15 (D 0,0,0) (S 639,689,203) (S 431,340,473) (S 429,469,556) (S 887,556,303) (S 203,302,303) (S 886,303,308) (S 885,824,308) (S 206,307,308) (S 207,308,309) (S 204,304,305) (S 344,304,469) (S 343,469,468) (S 894,667,688) (D 0,0,0)
 0 1 56 8946 34402  18 (D 0,0,0) (S 75,115,114) (S 957,113,805) (S 846,805,186) (S 118,112,186) (S 119,187,123) (S 81,123,124) (S 942,125,764) (S 777,763,764) (S 943,125,110) (S 944,110,809) (S 851,809,808) (S 850,185,808) (S 921,808,111) (S 72,111,112) (S 117,112,185) (S 849,185,114) (D 0,0,0)
 0 1 57 8986 27698  9 (D 0,0,0) (S 134,151,205) (S 435,560,294) (S 196,293,292) (S 489,292,269) (S 488,269,367) (S 250,366,257) (S 170,257,258) (D 0,0,0)
