1131128
12
3601414
3200067
 0 1 1 24953 99931  55 (D 0,0,0) (S 153,445,919) (S 520,1535,2119) (S 229,1315,1314) (S 355,1877,1878) (S 185,1089,1088) (S 188,1098,1087) (S 342,1088,552) (S 334,552,1597) (S 285,1597,1597) (S 515,639,1923) (S 608,1924,638) (S 607,638,1924) (S 264,670,1469) (S 644,1468,1869) (S 343,238,1833) (S 177,167,1057) (S 426,1423,166) (S 25,166,168) (S 585,2607,168) (S 452,168,1400) (S 362,555,882) (S 160,981,982) (S 643,882,2603) (S 642,2603,883) (S 145,884,885) (S 124,735,736) (S 172,236,1031) (S 165,1007,1008) (S 455,1008,591) (S 456,591,468) (S 81,465,466) (S 82,466,467) (S 272,1505,1504) (S 703,2808,1017) (S 263,1012,1016) (S 589,2610,1764) (S 555,2324,2273) (S 316,1716,1717) (S 597,2626,2323) (S 495,2363,2324) (S 557,860,2541) (S 464,2271,1838) (S 467,1839,2279) (S 565,2279,1840) (S 493,1840,2354) (S 320,1732,1733) (S 613,1842,2653) (S 494,1432,2360) (S 410,1798,2115) (S 499,2115,500) (S 244,499,1369) (S 243,1259,1369) (S 539,553,2491) (D 0,0,0)
 0 1 2 22138 95694  65 (D 0,0,0) (S 210,1193,1194) (S 602,2633,745) (S 678,2776,1232) (S 227,1291,1292) (S 603,1292,2508) (S 604,2508,2634) (S 546,2508,576) (S 408,579,580) (S 406,2102,581) (S 99,579,578) (S 476,577,1599) (S 319,517,1729) (S 407,1728,1756) (S 98,575,574) (S 284,1592,1591) (S 511,2408,2359) (S 363,1729,1389) (S 364,1389,1919) (S 59,374,373) (S 506,373,785) (S 60,375,376) (S 376,376,703) (S 460,2263,2264) (S 510,1104,1003) (S 388,2015,1003) (S 507,1073,2393) (S 440,1063,2152) (S 58,369,370) (S 505,2386,2387) (S 509,1310,1068) (S 181,1071,1064) (S 164,1002,1003) (S 432,1104,2166) (S 433,1104,1095) (S 187,1095,1001) (S 389,1001,1000) (S 483,2335,1403) (S 482,1403,2331) (S 248,1393,1394) (S 143,875,876) (S 358,1899,367) (S 526,367,1389) (S 89,518,517) (S 367,517,1046) (S 175,1046,1047) (S 318,1725,1726) (S 13,65,66) (S 269,66,513) (S 632,1308,2698) (S 656,2698,1642) (S 295,1640,208) (S 72,208,418) (S 315,418,304) (S 33,187,188) (S 57,189,364) (S 36,208,209) (S 136,829,830) (S 655,987,2738) (S 290,1616,1617) (S 101,592,593) (S 586,10,1526) (S 385,190,514) (S 481,2332,797) (D 0,0,0)
 0 1 3 24884 115112  61 (D 0,0,0) (S 487,2344,827) (S 108,632,141) (S 716,141,2504) (S 31,181,180) (S 30,180,179) (S 208,1177,1178) (S 580,1933,2590) (S 605,360,425) (S 341,1827,1828) (S 119,696,350) (S 262,1466,120) (S 209,121,1191) (S 708,121,2554) (S 498,2216,1482) (S 570,2569,2570) (S 620,2680,2569) (S 274,279,1541) (S 169,1027,1028) (S 170,1028,1029) (S 595,1675,2622) (S 687,2413,2787) (S 113,679,678) (S 171,678,1030) (S 514,441,1665) (S 333,1788,1787) (S 92,524,525) (S 203,314,1160) (S 47,314,315) (S 206,316,1163) (S 61,383,382) (S 156,933,262) (S 205,261,1165) (S 471,2072,380) (S 470,380,326) (S 49,326,327) (S 392,706,1666) (S 671,2761,2762) (S 497,2367,705) (S 500,2376,724) (S 125,740,741) (S 571,2370,2571) (S 486,722,2341) (S 689,2101,1417) (S 690,1385,2757) (S 668,2757,2339) (S 133,813,495) (S 349,495,584) (S 701,1861,898) (S 148,898,895) (S 251,1023,1386) (S 152,913,914) (S 616,2545,778) (S 676,2689,2774) (S 674,2774,1911) (S 360,1911,621) (S 105,621,622) (S 106,622,623) (S 107,623,624) (S 522,309,2439) (D 0,0,0)
 0 1 4 24926 101768  62 (D 0,0,0) (S 614,219,792) (S 596,689,2093) (S 403,2093,1744) (S 253,1419,1387) (S 523,2344,1155) (S 201,1155,1154) (S 200,1153,1154) (S 173,1032,1033) (S 516,1154,2352) (S 398,296,2054) (S 202,1156,249) (S 237,1149,1340) (S 552,2423,2351) (S 35,206,207) (S 373,1042,1947) (S 641,206,390) (S 551,390,391) (S 64,391,390) (S 9,48,49) (S 221,49,1248) (S 216,1222,1226) (S 537,2079,2489) (S 393,2035,2036) (S 159,186,976) (S 340,1825,1826) (S 109,635,636) (S 14,69,70) (S 15,70,51) (S 530,2459,2325) (S 702,1198,2807) (S 480,1198,804) (S 56,317,351) (S 178,856,1061) (S 593,1715,1496) (S 70,414,415) (S 69,414,413) (S 68,413,412) (S 67,412,411) (S 438,916,2173) (S 529,2173,1171) (S 207,1171,917) (S 280,1170,666) (S 428,478,2161) (S 439,2178,2177) (S 74,432,431) (S 314,1710,116) (S 292,118,615) (S 619,1612,2630) (S 599,2629,2628) (S 601,2628,2632) (S 311,989,1078) (S 182,1078,114) (S 309,114,1701) (S 310,1701,1078) (S 502,2160,1497) (S 271,1492,1444) (S 258,1444,1445) (S 525,2158,2443) (S 96,567,568) (S 2,15,16) (D 0,0,0)
 0 1 5 11075 44466  34 (D 0,0,0) (S 307,1697,1698) (S 664,1698,2742) (S 131,265,797) (S 233,428,1327) (S 204,1162,820) (S 485,2291,2184) (S 415,1280,558) (S 278,557,1290) (S 404,1281,2097) (S 405,1281,1289) (S 135,814,815) (S 66,406,407) (S 573,1547,2574) (S 366,1546,1302) (S 193,1118,1119) (S 669,1720,2480) (S 625,762,956) (S 549,956,1769) (S 661,2747,1006) (S 117,688,627) (S 128,761,626) (S 568,688,1005) (S 711,2747,2612) (S 294,1638,1639) (S 662,2130,2681) (S 556,2539,2540) (S 163,999,998) (S 369,1275,1938) (S 420,1275,955) (S 23,147,148) (S 675,2122,2118) (S 411,2118,2117) (D 0,0,0)
 0 1 6 17198 60134  51 (D 0,0,0) (S 75,438,437) (S 693,437,1249) (S 103,607,608) (S 454,274,213) (S 339,633,1534) (S 365,1922,865) (S 114,682,683) (S 634,923,921) (S 281,921,1567) (S 450,1567,1111) (S 190,1111,1110) (S 449,1110,2228) (S 336,1274,1799) (S 623,2486,1543) (S 621,2683,1745) (S 240,1214,1357) (S 457,1214,2246) (S 548,2083,3) (S 543,4,2500) (S 71,416,417) (S 453,416,110) (S 12,58,59) (S 682,2722,2780) (S 194,1132,1128) (S 648,1128,2721) (S 231,68,290) (S 120,291,718) (S 121,718,719) (S 230,1320,290) (S 451,2238,528) (S 93,531,532) (S 111,676,675) (S 636,675,68) (S 681,221,96) (S 242,1368,810) (S 4,37,38) (S 275,1544,1213) (S 213,1208,1209) (S 622,1273,1543) (S 236,205,1338) (S 112,650,677) (S 110,644,655) (S 327,655,659) (S 325,658,1759) (S 368,1116,1936) (S 326,1114,245) (S 42,245,244) (S 659,421,1972) (S 11,57,56) (D 0,0,0)
 0 1 7 24957 83245  60 (D 0,0,0) (S 298,1652,155) (S 550,1654,763) (S 564,700,2557) (S 27,170,145) (S 421,2141,1203) (S 462,2267,2266) (S 78,456,455) (S 308,1020,455) (S 77,455,454) (S 168,1025,1026) (S 684,20,123) (S 354,1872,123) (S 422,2137,322) (S 48,321,322) (S 558,821,123) (S 425,123,2147) (S 102,409,595) (S 409,409,2107) (S 626,1140,76) (S 577,2583,1942) (S 374,1941,1948) (S 375,1948,609) (S 677,2775,864) (S 531,1512,2471) (S 611,2470,1440) (S 257,1440,1441) (S 461,2265,877) (S 657,2739,2350) (S 491,2350,1443) (S 588,2472,302) (S 241,573,1349) (S 97,571,570) (S 26,169,143) (S 646,152,2691) (S 663,1508,737) (S 142,737,862) (S 469,2281,1796) (S 335,1796,1795) (S 658,2299,2731) (S 463,2269,2270) (S 660,2270,1627) (S 513,150,2410) (S 267,1478,150) (S 459,2261,1747) (S 592,2261,2617) (S 479,1681,2281) (S 667,2756,2092) (S 598,2627,2397) (S 512,2402,2409) (S 578,2409,2141) (S 504,1600,2214) (S 260,1463,787) (S 130,790,789) (S 397,1429,1133) (S 195,1133,940) (S 222,819,1250) (S 359,1905,1904) (S 587,1904,2400) (D 0,0,0)
 0 1 8 24971 114352  49 (D 0,0,0) (S 22,139,140) (S 28,138,172) (S 88,202,502) (S 312,179,1077) (S 610,1551,178) (S 29,177,176) (S 94,175,541) (S 6,42,41) (S 118,41,692) (S 18,84,86) (S 19,89,85) (S 685,85,844) (S 138,41,845) (S 706,845,1573) (S 705,2736,845) (S 139,845,846) (S 140,846,842) (S 141,848,849) (S 536,1810,2487) (S 137,842,843) (S 265,1470,1471) (S 579,2586,2587) (S 197,1143,1142) (S 645,2719,1614) (S 289,1614,1615) (S 707,2815,2512) (S 45,283,282) (S 214,1212,71) (S 16,72,73) (S 473,72,2300) (S 84,480,481) (S 466,480,2132) (S 594,1109,2619) (S 299,1109,826) (S 301,1669,1668) (S 44,257,256) (S 41,233,234) (S 652,1230,1037) (S 157,799,963) (S 174,1044,1045) (S 215,522,1223) (S 212,1206,51) (S 223,391,1254) (S 43,248,247) (S 199,247,1145) (S 198,1145,1146) (S 401,2080,264) (D 0,0,0)
 0 1 9 24924 91830  77 (D 0,0,0) (S 414,275,1517) (S 149,909,908) (S 321,908,1734) (S 350,1734,512) (S 357,1895,451) (S 38,219,220) (S 234,220,1331) (S 297,1624,1650) (S 90,520,519) (S 329,1343,1774) (S 338,25,751) (S 441,1776,2187) (S 524,2187,520) (S 501,520,2377) (S 332,1144,1779) (S 331,1144,970) (S 252,1413,970) (S 330,970,1438) (S 431,970,969) (S 166,1009,1010) (S 167,1018,45) (S 430,45,968) (S 699,969,44) (S 615,2044,55) (S 10,53,54) (S 395,2043,2009) (S 387,2009,2008) (S 277,1550,1549) (S 276,1549,1548) (S 419,1548,384) (S 62,385,307) (S 123,158,727) (S 196,1135,1136) (S 24,162,163) (S 1,7,8) (S 423,158,47) (S 8,47,29) (S 7,29,46) (S 695,12,46) (S 697,46,35) (S 266,36,1477) (S 532,1477,1488) (S 533,30,1965) (S 378,1965,378) (S 617,378,1794) (S 250,839,840) (S 245,1370,1371) (S 606,1371,331) (S 50,331,298) (S 437,298,902) (S 382,1981,1528) (S 472,1528,2295) (S 146,298,891) (S 51,332,333) (S 150,298,910) (S 544,2412,2484) (S 545,2484,1693) (S 65,394,395) (S 53,336,329) (S 518,329,2428) (S 183,1079,1074) (S 694,1075,2753) (S 371,1943,1944) (S 186,1090,1091) (S 46,288,287) (S 399,386,95) (S 20,93,94) (S 73,424,423) (S 356,1892,1893) (S 296,1647,1648) (S 417,1648,515) (S 17,80,81) (S 686,81,2730) (S 5,39,40) (S 273,40,1533) (D 0,0,0)
 0 1 10 24925 108635  81 (D 0,0,0) (S 226,1252,1282) (S 391,1252,2027) (S 80,463,464) (S 496,2027,2364) (S 630,1287,2364) (S 631,2524,2074) (S 692,2364,2172) (S 435,536,488) (S 87,488,487) (S 293,1636,1637) (S 300,686,1658) (S 116,686,629) (S 79,462,461) (S 560,461,402) (S 559,1881,402) (S 52,334,335) (S 192,1113,1112) (S 191,1112,536) (S 584,1361,2321) (S 63,389,388) (S 381,824,1980) (S 600,1418,1886) (S 34,173,203) (S 247,1378,1377) (S 346,1377,174) (S 508,978,223) (S 562,1265,2142) (S 458,1316,1671) (S 306,1695,542) (S 324,1750,547) (S 647,1346,1718) (S 254,1426,1425) (S 519,1304,2429) (S 317,1372,1678) (S 581,2595,1337) (S 582,1337,2596) (S 591,2430,1464) (S 344,362,1464) (S 345,1465,1834) (S 261,1465,1464) (S 377,1464,665) (S 32,182,183) (S 575,183,2580) (S 651,2566,539) (S 567,2566,2567) (S 654,2732,2711) (S 639,2711,2624) (S 638,2624,1121) (S 640,1121,1120) (S 574,1120,1278) (S 313,1706,1705) (S 569,1705,1485) (S 561,2546,2547) (S 566,2561,92) (S 427,2153,2154) (S 572,2572,667) (S 635,2572,1485) (S 268,1484,1485) (S 547,2510,2511) (S 445,1844,2215) (S 347,1843,1844) (S 228,1300,1299) (S 534,156,2479) (S 609,2643,2302) (S 475,2123,2304) (S 246,1373,1374) (S 91,156,523) (S 40,228,229) (S 235,313,229) (S 151,911,912) (S 386,2007,1806) (S 337,1806,935) (S 176,711,561) (S 612,601,586) (S 683,687,586) (S 712,2779,2087) (S 627,2695,1785) (S 628,1785,75) (S 666,2754,737) (D 0,0,0)
 0 1 11 24968 96053  75 (D 0,0,0) (S 563,1082,1631) (S 484,2336,2004) (S 492,2026,1535) (S 478,1535,1139) (S 429,716,2121) (S 413,2121,1816) (S 653,777,777) (S 424,777,1754) (S 465,2275,2276) (S 361,1914,1102) (S 189,1102,1101) (S 673,1101,2249) (S 218,832,1244) (S 219,1244,460) (S 220,460,1186) (S 372,1940,1945) (S 370,1940,1939) (S 255,1436,1234) (S 76,447,448) (S 468,448,2037) (S 394,2039,1235) (S 217,450,1235) (S 286,1603,1604) (S 287,1604,1605) (S 396,2047,269) (S 535,271,2013) (S 637,1021,2505) (S 328,347,1771) (S 633,1021,2700) (S 3,16,17) (S 39,17,15) (S 714,142,325) (S 390,324,2016) (S 436,2170,1200) (S 700,1201,2017) (S 717,2017,2019) (S 649,2018,2155) (S 650,2155,2724) (S 239,1200,1348) (S 211,1199,1200) (S 238,1200,1347) (S 305,1347,1447) (S 54,323,341) (S 541,323,2499) (S 542,172,126) (S 21,126,125) (S 270,1490,1493) (S 624,1184,2687) (S 55,346,129) (S 283,1580,1581) (S 704,1566,1582) (S 696,1582,1583) (S 353,1870,1864) (S 590,2033,1596) (S 282,1574,1575) (S 127,752,755) (S 147,755,894) (S 85,482,483) (S 86,483,484) (S 115,685,684) (S 527,684,2445) (S 688,2613,2789) (S 224,1255,1256) (S 528,1268,2451) (S 379,31,566) (S 104,613,545) (S 302,1558,1671) (S 162,154,984) (S 161,983,78) (S 279,79,1375) (S 249,78,1395) (S 538,1396,1376) (S 184,1081,1080) (D 0,0,0)
 0 1 12 24988 119908  71 (D 0,0,0) (S 629,2223,2696) (S 554,2185,2531) (S 256,1437,1387) (S 670,1406,1407) (S 680,2038,1242) (S 540,2494,2014) (S 715,2565,899) (S 288,895,1606) (S 698,2799,1860) (S 352,1868,1860) (S 446,2219,2197) (S 442,2197,2198) (S 348,1845,1846) (S 710,2202,2817) (S 443,2202,2201) (S 444,2196,2203) (S 709,2212,2219) (S 679,649,2406) (S 259,1450,1451) (S 418,584,583) (S 100,583,584) (S 434,583,537) (S 154,537,813) (S 134,813,746) (S 144,746,747) (S 323,1740,1619) (S 553,1618,1819) (S 412,1741,2120) (S 691,2120,2641) (S 384,2002,974) (S 158,974,975) (S 447,1130,199) (S 304,1690,305) (S 37,216,217) (S 232,1323,1324) (S 322,1217,1619) (S 291,1619,742) (S 83,475,474) (S 303,1688,1689) (S 383,1688,928) (S 351,1867,880) (S 179,1069,1070) (S 180,1070,880) (S 122,720,721) (S 132,721,802) (S 402,803,1985) (S 672,1457,2088) (S 225,1272,1271) (S 477,720,2319) (S 155,470,926) (S 665,2752,927) (S 517,2425,2426) (S 521,2426,2063) (S 129,774,773) (S 126,749,748) (S 503,2381,2306) (S 95,550,551) (S 583,1076,136) (S 400,1620,2076) (S 448,1555,2227) (S 416,2131,533) (S 576,534,1918) (S 713,1912,2669) (S 489,2346,1874) (S 490,1874,2347) (S 474,1874,2116) (S 618,2674,2675) (S 380,1974,1973) (S 488,1852,1692) (D 0,0,0)
