166
7
35274
390
 0 1 1 20 13  8 (D 0,1,1) (S 2,1,3) (S 3,3,4) (S 20,4,2) (S 21,4,5) (S 4,5,10) (S 26,9,3) (D 0,1,1)
 0 1 2 19 22  8 (D 0,1,1) (S 9,9,19) (S 38,19,20) (S 43,23,24) (S 17,24,21) (S 40,21,20) (S 8,10,9) (D 0,1,1)
 0 1 3 19 30  8 (D 0,1,1) (S 28,12,6) (S 30,12,13) (S 32,13,14) (S 14,14,18) (S 31,13,12) (S 10,11,10) (D 0,1,1)
 0 1 4 20 31  8 (D 0,1,1) (S 27,11,12) (S 7,14,8) (S 25,8,7) (S 24,7,8) (S 6,7,6) (S 23,6,12) (D 0,1,1)
 0 1 5 20 28  9 (D 0,1,1) (S 22,5,6) (S 13,13,17) (S 36,17,18) (S 37,18,17) (S 16,17,16) (S 34,16,12) (S 29,12,11) (D 0,1,1)
 0 1 6 19 21  8 (D 0,1,1) (S 1,1,2) (S 5,5,11) (S 12,11,15) (S 33,15,16) (S 35,16,15) (S 15,15,21) (D 0,1,1)
 0 1 7 20 21  8 (D 0,1,1) (S 19,2,4) (S 11,10,20) (S 42,23,20) (S 39,20,23) (S 18,23,22) (S 41,22,19) (D 0,1,1)
