1836910
23
3602098
3527218
 0 1 1 24781 64623  78 (D 0,0,0) (S 615,1762,797) (S 1202,745,2633) (S 1274,2633,2702) (S 936,562,105) (S 50,193,192) (S 51,195,194) (S 744,514,190) (S 49,190,191) (S 400,593,1192) (S 823,599,9) (S 1179,10,1526) (S 180,599,593) (S 176,593,594) (S 179,593,598) (S 144,514,513) (S 1318,1246,2734) (S 423,1246,1245) (S 1229,1245,1246) (S 446,1308,1309) (S 677,1309,1308) (S 445,133,1308) (S 1325,2698,134) (S 34,134,135) (S 115,208,418) (S 592,418,304) (S 99,189,364) (S 80,304,208) (S 1324,2725,1649) (S 560,1649,1309) (S 1316,2209,513) (S 1322,513,2737) (S 736,1901,829) (S 255,829,830) (S 308,987,65) (S 310,990,991) (S 524,1486,1529) (S 525,1533,40) (S 531,1519,101) (S 28,101,100) (S 31,100,112) (S 529,112,1545) (S 558,1635,1634) (S 23,80,81) (S 119,424,423) (S 118,423,422) (S 894,422,1892) (S 565,1659,1647) (S 825,1648,515) (S 192,644,643) (S 195,643,650) (S 196,650,651) (S 453,651,205) (S 721,1339,5) (S 454,1339,1338) (S 54,205,204) (S 194,643,644) (S 620,655,659) (S 199,659,658) (S 613,658,1759) (S 696,1759,1542) (S 712,1966,1116) (S 362,1114,1115) (S 614,1114,245) (S 64,245,244) (S 534,1557,1111) (S 286,921,922) (S 206,682,683) (S 263,682,865) (S 1381,922,617) (S 693,1803,1151) (S 680,653,1896) (S 676,1896,405) (S 109,404,405) (S 1403,1930,2226) (S 550,633,1560) (S 888,213,274) (D 0,0,0)
 0 1 2 24966 83807  33 (D 0,0,0) (S 189,141,632) (S 48,171,184) (S 839,2157,181) (S 47,181,180) (S 1111,1178,2528) (S 1177,2528,2600) (S 1171,2600,2601) (S 547,1589,1590) (S 1178,2608,2591) (S 1170,2591,2599) (S 1183,2599,1933) (S 1208,360,425) (S 212,425,698) (S 650,1827,1828) (S 733,1989,1990) (S 924,1827,1569) (S 211,698,342) (S 1424,2650,342) (S 499,1466,120) (S 727,120,350) (S 1138,2555,2554) (S 1425,2554,121) (S 1368,121,2773) (S 634,1792,1191) (S 966,343,106) (S 29,103,102) (S 1194,107,360) (S 1206,360,2635) (S 694,1933,179) (S 728,179,502) (S 798,621,1744) (D 0,0,0)
 0 1 3 24984 58146  69 (D 0,0,0) (S 359,1111,1110) (S 1254,2486,1543) (S 1386,2049,2240) (S 886,2240,2241) (S 504,1475,835) (S 133,417,476) (S 114,417,416) (S 1069,1479,835) (S 1068,2467,835) (S 1378,67,68) (S 237,756,757) (S 367,676,528) (S 152,528,531) (S 884,2238,528) (S 149,528,529) (S 150,529,530) (S 1192,2620,530) (S 151,530,290) (S 223,291,718) (S 224,718,719) (S 761,718,2011) (S 749,2011,2010) (S 1285,2010,68) (S 1284,2022,780) (S 1149,2568,808) (S 1398,809,2388) (S 1287,2710,2022) (S 758,2023,2011) (S 75,289,68) (S 1372,68,1129) (S 1305,1128,2721) (S 885,2239,1127) (S 366,1127,1128) (S 1306,1128,2722) (S 1373,58,67) (S 843,67,1476) (S 505,1476,835) (S 1023,835,221) (S 1371,221,96) (S 243,222,781) (S 27,96,97) (S 895,805,1368) (S 11,37,38) (S 458,37,892) (S 459,834,1228) (S 1246,1227,2664) (S 1252,2664,1357) (S 678,1214,1313) (S 447,1313,1312) (S 1370,1312,2500) (S 2,4,3) (S 1101,3,2083) (S 1243,2082,2246) (S 891,2246,1214) (S 408,1213,1208) (S 407,1208,1209) (S 435,1209,1273) (S 432,1273,1274) (S 720,1274,1967) (S 713,1967,1968) (S 714,1971,1969) (S 360,1111,421) (S 1330,421,1972) (S 1323,1735,817) (S 252,817,816) (S 688,816,57) (S 16,57,56) (D 0,0,0)
 0 1 4 24989 86462  77 (D 0,0,0) (S 882,2236,1288) (S 436,1288,1287) (S 1393,2797,2364) (S 1392,2364,2172) (S 536,536,1559) (S 941,2321,1850) (S 1271,1850,1535) (S 654,1139,1835) (S 655,1835,1836) (S 44,174,173) (S 670,1886,173) (S 53,173,203) (S 222,203,717) (S 653,1377,174) (S 1083,1837,2490) (S 588,1257,1315) (S 968,1315,1462) (S 497,1462,546) (S 1303,1346,1718) (S 357,1106,1107) (S 1039,1286,1424) (S 487,1424,1425) (S 1028,1424,1952) (S 76,241,293) (S 155,539,538) (S 538,1562,1563) (S 1278,1563,2707) (S 1307,2723,2711) (S 1127,2542,113) (S 1128,113,2537) (S 1125,2537,2538) (S 1124,2536,2154) (S 988,674,493) (S 1150,2572,667) (S 1176,671,1300) (S 1314,2729,2510) (S 1304,2511,1958) (S 871,1844,2215) (S 659,1843,1844) (S 443,1300,1299) (S 661,1847,1848) (S 1248,1299,2671) (S 471,1391,1392) (S 1031,1392,2301) (S 1051,2447,1459) (S 819,1373,2123) (S 928,2123,2304) (S 1074,1391,2476) (S 1075,2469,2477) (S 564,1655,156) (S 147,156,523) (S 1098,523,556) (S 162,556,230) (S 60,230,228) (S 922,228,230) (S 1035,230,556) (S 984,556,2378) (S 916,2283,2284) (S 1267,2284,2604) (S 817,2099,2064) (S 1256,2064,1335) (S 325,911,1040) (S 803,911,2099) (S 816,2099,1916) (S 1339,2749,2007) (S 637,1806,935) (S 327,711,561) (S 1377,586,687) (S 1105,2522,726) (S 227,725,726) (S 1107,2522,687) (S 1431,597,2779) (S 1430,2087,74) (S 629,1785,1786) (S 1261,2483,2691) (D 0,0,0)
 0 1 5 24962 85581  45 (D 0,0,0) (S 844,874,1749) (S 773,2039,2037) (S 1416,269,2615) (S 764,2033,1583) (S 664,1871,1864) (S 1013,2415,2416) (S 1014,2219,648) (S 709,1416,1961) (S 193,646,645) (S 1011,2094,1030) (S 1010,1030,2112) (S 811,2112,2113) (S 1018,2113,1665) (S 1009,2414,440) (S 567,1665,1664) (S 566,1664,1663) (S 148,524,525) (S 582,526,1700) (S 1342,1699,1152) (S 1343,1152,507) (S 1059,2460,506) (S 1060,506,1783) (S 1061,1783,2461) (S 627,1783,1768) (S 631,1788,1789) (S 630,1788,1787) (S 388,783,314) (S 387,314,1160) (S 85,314,315) (S 1234,2656,2657) (S 86,315,316) (S 103,381,382) (S 1366,1461,933) (S 292,933,262) (S 390,1164,261) (S 391,261,1165) (S 919,2072,380) (S 918,380,326) (S 950,2289,2340) (S 231,747,742) (S 847,537,583) (S 173,582,583) (S 278,897,898) (D 0,0,0)
 0 1 6 24990 87686  38 (D 0,0,0) (S 1115,2185,2531) (S 142,202,502) (S 46,179,178) (S 185,614,615) (S 729,176,503) (S 24,84,86) (S 26,86,88) (S 25,87,88) (S 209,88,692) (S 1313,2728,692) (S 553,41,42) (S 1319,1573,845) (S 259,846,842) (S 1052,847,2432) (S 1032,2431,2432) (S 1033,1818,2433) (S 1054,1817,848) (S 265,849,867) (S 264,866,867) (S 355,867,1105) (S 555,1614,1615) (S 595,1712,1614) (S 1300,1614,2718) (S 554,1614,1142) (S 596,1142,1613) (S 1406,1613,1143) (S 373,1143,1142) (S 1407,1613,284) (S 734,1991,283) (S 74,283,282) (S 410,282,1215) (S 409,282,1086) (S 345,1086,1085) (S 766,1085,431) (S 583,114,1701) (S 1363,1701,2182) (D 0,0,0)
 0 1 7 24955 90924  72 (D 0,0,0) (S 5,16,15) (S 1120,1564,2157) (S 853,2180,2181) (S 840,2159,2160) (S 983,2160,1497) (S 514,1491,1492) (S 167,569,568) (S 1123,568,2443) (S 1045,2443,2158) (S 584,1701,1078) (S 342,1078,1077) (S 341,1077,179) (S 585,179,1077) (S 309,988,989) (S 343,1078,114) (S 32,114,115) (S 594,1711,115) (S 591,1710,116) (S 929,2305,117) (S 392,1168,1169) (S 493,118,117) (S 854,2175,917) (S 393,1170,917) (S 394,917,1171) (S 1056,1171,2173) (S 1057,2189,411) (S 283,915,916) (S 396,915,412) (S 111,412,413) (S 112,413,414) (S 113,414,415) (S 939,357,363) (S 645,363,1536) (S 644,1815,363) (S 98,363,357) (S 820,286,1495) (S 517,1495,1496) (S 1188,1496,1715) (S 1189,1715,1856) (S 1190,1856,1109) (S 1191,1109,2619) (S 910,480,2132) (S 562,826,1109) (S 385,1158,979) (S 430,979,1270) (S 571,1669,1668) (S 570,1668,257) (S 67,256,252) (S 66,252,251) (S 61,233,234) (S 287,377,924) (S 331,377,351) (S 1042,351,857) (S 335,856,1061) (S 1043,351,225) (S 59,225,226) (S 84,310,311) (S 945,311,804) (S 946,804,1198) (S 568,1198,355) (S 569,355,51) (S 13,51,52) (S 707,206,1879) (S 668,1879,1880) (S 378,1148,247) (S 379,247,1145) (S 376,1145,1146) (S 384,1146,1157) (S 792,1157,2080) (S 68,264,263) (D 0,0,0)
 0 1 8 24218 71950  63 (D 0,0,0) (S 284,919,918) (S 1231,1610,2655) (S 799,791,1091) (S 347,1091,1090) (S 1396,2753,1075) (S 344,1079,1074) (S 1346,1944,2096) (S 1116,2081,2377) (S 953,2343,1229) (S 415,1229,396) (S 106,396,397) (S 374,397,1144) (S 625,1144,1779) (S 624,1144,970) (S 725,970,1366) (S 724,1979,1366) (S 303,970,969) (S 1410,1885,2806) (S 793,2085,1885) (S 316,1009,1010) (S 302,969,968) (S 318,1018,45) (S 12,45,44) (S 1409,44,969) (S 794,44,2043) (S 14,53,54) (S 747,2009,2008) (S 759,2008,2025) (S 258,837,836) (S 122,434,435) (S 748,435,164) (S 42,164,165) (S 1376,2455,1521) (S 522,1522,1523) (S 523,1523,1524) (S 1050,1523,2446) (S 1063,1523,2462) (S 1095,2496,2503) (S 1078,2462,2481) (S 311,994,995) (S 275,890,395) (S 1062,395,1910) (S 607,330,1737) (S 201,663,662) (S 777,2052,1830) (S 878,287,1333) (S 877,287,1988) (S 732,1988,1987) (S 104,386,387) (S 1222,2646,93) (S 783,2070,2071) (S 986,1454,219) (S 57,218,219) (S 1236,1611,918) (S 197,445,652) (S 1401,2796,1804) (S 1391,2796,937) (S 1382,937,212) (S 182,212,606) (S 183,608,607) (S 805,1249,1905) (D 0,0,0)
 0 1 9 24954 102510  58 (D 0,0,0) (S 1207,2638,360) (S 1364,108,360) (S 1205,360,425) (S 691,426,1927) (S 539,698,1569) (S 210,695,696) (S 242,696,775) (S 508,1482,1481) (S 740,1997,1992) (S 735,1481,1993) (S 742,1993,2000) (S 980,2000,2372) (S 1151,2569,2578) (S 281,906,904) (S 507,1481,1480) (S 1317,693,1480) (S 73,278,279) (S 204,678,679) (S 1260,679,2688) (S 1387,2688,2787) (S 1385,2787,2413) (S 1384,657,1676) (S 1383,2622,1676) (S 205,508,681) (S 574,1172,1677) (S 320,1029,1028) (S 925,1028,2298) (S 220,645,707) (S 216,707,704) (S 1360,2765,2766) (S 230,724,740) (S 1242,741,724) (S 981,2376,724) (S 1361,2762,706) (S 573,1667,1673) (S 215,705,704) (S 822,704,724) (S 226,724,723) (S 979,723,2371) (S 978,2370,2369) (S 1167,741,2369) (S 1168,2369,2571) (S 951,2340,2100) (S 804,2100,2101) (S 1390,2101,2793) (S 1413,2793,584) (S 662,1606,1860) (S 663,1868,1860) (S 1404,1860,2799) (S 1397,2798,2799) (S 277,895,896) (S 71,269,270) (S 751,446,2014) (S 1087,2014,2494) (S 422,1186,460) (S 421,460,1244) (D 0,0,0)
 0 1 10 24927 65152  72 (D 0,0,0) (S 9,34,0) (S 377,220,795) (S 763,1661,395) (S 993,393,1548) (S 82,306,307) (S 236,307,158) (S 829,158,163) (S 830,1141,2143) (S 271,727,420) (S 116,419,420) (S 1058,727,2457) (S 228,727,158) (S 15,28,29) (S 7,29,28) (S 203,28,11) (S 4,11,12) (S 1399,46,35) (S 920,27,2292) (S 527,26,1405) (S 478,1404,1405) (S 10,35,36) (S 1071,1488,30) (S 1072,30,1965) (S 828,47,158) (S 3,7,8) (S 41,8,158) (S 1375,158,1965) (S 711,1965,378) (S 1365,378,2419) (S 1017,2419,1983) (S 730,1982,1983) (S 1020,1983,2419) (S 1244,378,1794) (S 775,1793,2045) (S 776,2045,841) (S 473,839,840) (S 91,331,298) (S 219,712,297) (S 298,297,951) (S 297,297,950) (S 1117,950,332) (S 863,332,2194) (S 92,332,333) (S 528,298,713) (S 218,713,298) (S 856,2171,298) (S 849,298,902) (S 280,900,901) (S 1114,901,1981) (S 726,1981,1528) (S 923,1528,2295) (S 1212,713,2411) (S 1211,2640,2411) (S 1008,2411,1370) (S 1094,2502,2412) (S 1079,2484,2485) (S 1089,2498,2032) (S 762,1523,890) (S 417,890,1233) (S 995,1233,2395) (S 1049,395,336) (S 200,662,661) (S 557,796,1624) (S 1144,1624,1083) (S 974,1083,1331) (S 58,220,219) (S 117,244,421) (S 1281,921,923) (S 682,617,1534) (S 639,1534,633) (D 0,0,0)
 0 1 11 24977 99593  75 (D 0,0,0) (S 982,2309,520) (S 1193,689,2093) (S 1130,1503,2275) (S 1131,2275,2061) (S 955,2344,827) (S 954,827,264) (S 70,264,267) (S 872,1196,1148) (S 626,1148,1707) (S 590,1707,1708) (S 790,1708,871) (S 268,871,870) (S 1064,870,1782) (S 1065,1782,2247) (S 892,2247,206) (S 55,206,207) (S 250,806,807) (S 1157,1342,2582) (S 701,1946,1042) (S 1296,206,390) (S 411,390,1221) (S 1295,1220,70) (S 358,70,69) (S 649,1825,1826) (S 190,635,636) (S 1224,636,69) (S 19,70,51) (S 405,51,352) (S 146,522,521) (S 323,1036,1035) (S 901,1262,2257) (S 301,963,799) (S 248,799,794) (S 450,631,1325) (S 300,962,793) (S 246,793,794) (S 427,1262,1263) (S 416,1230,521) (S 413,1223,1207) (S 692,1225,1928) (S 412,1225,1224) (S 406,1207,352) (S 291,352,317) (S 87,317,318) (S 96,317,356) (S 95,356,355) (S 943,1198,2325) (S 1080,2489,2079) (S 791,2079,1226) (S 1350,2748,1321) (S 896,1931,2251) (S 324,1039,1038) (S 414,1222,1226) (S 1294,2715,641) (S 1223,2647,2035) (S 18,69,70) (S 455,1340,1149) (S 383,1149,299) (S 1022,242,2423) (S 1110,2351,2526) (S 965,243,249) (S 77,249,296) (S 78,249,299) (S 65,249,250) (S 969,1146,2352) (S 380,1154,1153) (S 602,1722,1719) (S 1012,1719,1033) (S 600,1719,1154) (S 382,1154,1155) (S 1288,2344,1387) (S 483,1419,1387) (S 679,1437,913) (D 0,0,0)
 0 1 12 24867 87629  67 (D 0,0,0) (S 1048,2333,2093) (S 519,1503,1502) (S 470,1387,1388) (S 129,459,460) (S 418,450,1235) (S 769,1235,1820) (S 648,1820,1821) (S 551,1603,1604) (S 552,1604,1605) (S 972,1605,2040) (S 234,269,752) (S 276,755,894) (S 140,492,482) (S 136,482,483) (S 137,483,484) (S 138,484,485) (S 1041,730,482) (S 289,931,927) (S 1340,926,2750) (S 1432,2750,2763) (S 1359,2763,927) (S 1344,2752,927) (S 290,927,770) (S 780,2063,774) (S 241,774,773) (S 750,773,2012) (S 1226,2427,750) (S 989,2382,2348) (S 666,1874,551) (S 959,2346,1874) (S 337,1066,1067) (S 35,136,137) (S 1155,1918,534) (S 880,1555,2227) (S 153,533,534) (S 685,1918,1570) (S 681,1571,1912) (S 1354,2670,2672) (S 1374,2163,1874) (S 960,2306,2348) (S 1227,2382,2651) (S 717,1973,566) (S 716,566,31) (S 1139,2556,31) (S 457,31,1353) (S 484,566,211) (S 1016,211,210) (S 1040,210,32) (S 8,32,33) (S 429,33,1268) (S 1389,1255,2790) (S 449,1318,1319) (S 240,768,769) (S 1388,354,2613) (S 1184,2613,2066) (S 1135,2067,685) (S 1055,685,767) (S 781,2067,2068) (S 782,2068,759) (S 1237,758,714) (S 235,715,753) (S 774,753,833) (S 257,833,832) (S 256,832,831) (S 1369,2778,1387) (D 0,0,0)
 0 1 13 24874 59227  58 (D 0,0,0) (S 563,155,1654) (S 245,788,787) (S 1225,1463,2385) (S 991,1600,2384) (S 990,2384,2383) (S 1164,2424,2141) (S 1162,2141,2409) (S 997,2402,1355) (S 1086,1887,2398) (S 1197,2627,2397) (S 671,1887,1354) (S 1006,2092,737) (S 1007,737,862) (S 506,862,150) (S 902,2259,1626) (S 874,1626,2222) (S 1333,1627,2743) (S 1332,1627,2270) (S 1315,2221,2731) (S 1327,2731,2299) (S 926,2299,2259) (S 903,2259,150) (S 37,150,151) (S 262,150,863) (S 915,2260,1795) (S 904,1680,2261) (S 779,2059,2060) (S 1187,2616,2261) (S 610,1747,1748) (S 855,1748,1747) (S 942,2322,1681) (S 914,2281,1796) (S 1109,2525,2287) (S 1024,2287,2091) (S 797,2091,2092) (S 1005,2092,1202) (S 1034,2435,1202) (S 403,1202,1203) (S 404,1203,1204) (S 745,1204,2006) (S 796,2006,2091) (S 746,2006,1204) (S 996,2396,2383) (S 1282,1126,337) (S 1091,2401,2501) (S 36,145,146) (S 1232,1124,2213) (S 870,2213,790) (S 1357,818,2760) (S 369,1133,940) (S 368,940,957) (S 299,957,956) (S 1258,956,762) (S 824,2098,1280) (S 434,1280,1281) (S 813,2118,2117) (D 0,0,0)
 0 1 14 24986 95506  82 (D 0,0,0) (S 561,1624,1650) (S 961,1630,2233) (S 881,2235,2233) (S 814,2119,1835) (S 998,978,223) (S 572,1671,1558) (S 157,544,545) (S 159,548,161) (S 1356,159,1360) (S 460,1360,654) (S 1213,613,1352) (S 166,566,211) (S 1228,1986,750) (S 232,750,749) (S 1021,748,1623) (S 1358,1457,2088) (S 795,1985,2088) (S 431,1272,1271) (S 731,1984,1985) (S 249,803,802) (S 225,721,720) (S 338,1069,1070) (S 704,1686,881) (S 738,1995,928) (S 739,928,1688) (S 577,1688,1689) (S 576,1689,1688) (S 1047,1867,2319) (S 132,475,474) (S 131,470,471) (S 963,471,2349) (S 1341,2349,537) (S 288,537,813) (S 977,2368,746) (S 962,747,1740) (S 647,1741,1819) (S 1428,1819,1239) (S 419,1238,1239) (S 743,974,2003) (S 1215,2002,1537) (S 480,1240,200) (S 56,215,214) (S 512,280,1487) (S 511,281,1483) (S 509,1483,214) (S 81,196,305) (S 503,1472,1473) (S 52,196,197) (S 879,199,216) (S 1112,2529,1683) (S 575,1684,743) (S 608,1684,1217) (S 609,1217,1619) (S 556,1619,1618) (S 1113,1618,1819) (S 1217,813,495) (S 495,1450,1451) (S 494,1450,1449) (S 832,2148,1845) (S 660,1845,1846) (S 846,2050,2167) (S 1414,1772,2810) (S 1426,2212,2219) (S 1427,2202,2817) (S 869,2211,2207) (S 864,2199,2200) (S 867,2200,2207) (S 873,2211,2219) (S 1030,1861,898) (S 279,898,895) (S 542,446,447) (S 420,447,1243) (S 772,1243,2037) (S 767,2037,448) (S 911,448,2038) (S 675,831,1387) (S 674,1387,1891) (S 683,1913,1102) (S 684,1102,1914) (S 1156,914,1907) (D 0,0,0)
 0 1 15 24952 95737  45 (D 0,0,0) (S 381,1155,1154) (S 1137,1146,268) (S 399,142,1190) (S 397,139,1181) (S 533,178,1556) (S 1218,178,1551) (S 1201,1551,2628) (S 1198,2628,2629) (S 1200,2629,2630) (S 45,176,175) (S 541,42,1573) (S 1421,1573,2813) (S 1420,1573,845) (S 1320,845,2736) (S 1419,2736,845) (S 1422,846,2814) (S 1165,2585,2586) (S 1418,1470,843) (S 266,843,849) (S 260,849,850) (S 1082,2448,1811) (S 640,1810,1811) (S 1053,1811,1811) (S 860,2192,1812) (S 862,1812,2191) (S 861,2191,765) (S 1106,473,2523) (S 1104,2521,2512) (S 1423,2815,2512) (S 88,319,284) (S 261,855,853) (S 20,71,72) (S 927,72,2300) (S 1196,1210,886) (S 134,477,478) (S 540,478,1572) (S 841,478,2161) (S 850,2174,2078) (S 789,2078,1174) (S 395,1174,1173) (S 851,2177,432) (S 1122,2443,568) (S 1121,568,2535) (D 0,0,0)
 0 1 16 24798 53617  70 (D 0,0,0) (S 1099,2399,437) (S 1394,437,2704) (S 69,266,265) (S 1331,265,2742) (S 581,1697,1698) (S 1275,797,2703) (S 1276,2703,2634) (S 1204,2634,2508) (S 1203,2508,1292) (S 439,1291,1292) (S 440,1292,1193) (S 401,1193,1194) (S 1038,1194,797) (S 616,797,1327) (S 389,1162,820) (S 424,819,1250) (S 821,2124,2125) (S 437,1281,1289) (S 438,1289,814) (S 719,1975,814) (S 801,1289,1281) (S 532,1290,557) (S 530,557,1474) (S 110,406,407) (S 672,407,1889) (S 673,1889,1890) (S 1249,2673,2573) (S 444,1302,1119) (S 1351,2758,1119) (S 601,1119,1720) (S 1163,1720,1474) (S 163,558,559) (S 1352,2480,1720) (S 371,1134,763) (S 827,763,955) (S 697,1937,1275) (S 698,1275,1938) (S 1102,2514,1276) (S 433,1276,1277) (S 1103,1769,2516) (S 1136,2549,2550) (S 1408,2516,1790) (S 1182,1638,2612) (S 1148,1005,688) (S 207,688,627) (S 238,761,626) (S 187,626,627) (S 1405,2682,2373) (S 1245,2374,2539) (S 1379,2540,2785) (S 1126,2540,2539) (S 1336,2681,2130) (S 313,999,998) (S 1259,2516,1769) (S 621,1769,941) (S 690,941,1926) (S 778,1926,958) (S 293,940,939) (S 1088,939,762) (S 239,762,763) (S 898,763,819) (S 857,2184,1578) (S 897,1584,819) (S 40,148,155) (S 121,433,265) (S 124,439,438) (S 785,2075,1) (S 1,1,0) (D 0,0,0)
 0 1 17 24971 85614  77 (D 0,0,0) (S 1044,1832,2310) (S 482,624,1138) (S 831,1754,777) (S 1199,777,1380) (S 467,1380,1379) (S 1154,1379,2527) (S 700,1940,1945) (S 491,1436,1234) (S 768,2038,448) (S 126,449,450) (S 912,2280,449) (S 913,449,2039) (S 770,2039,2040) (S 1186,2047,2615) (S 1185,2033,1596) (S 771,2042,1583) (S 765,1583,2034) (S 545,1583,1582) (S 1412,1582,1609) (S 1411,1566,1582) (S 544,1582,1581) (S 1301,1581,1608) (S 1362,2507,1409) (S 1076,271,2013) (S 1077,2013,1021) (S 622,1771,347) (S 319,1021,17) (S 6,17,16) (S 967,15,255) (S 402,1195,1196) (S 1417,1196,142) (S 1433,142,325) (S 90,324,325) (S 1434,325,2256) (S 900,2256,2020) (S 757,2020,2016) (S 755,2016,324) (S 89,324,323) (S 1093,323,1447) (S 1066,1447,1427) (S 488,1427,1428) (S 756,2019,2018) (S 838,2150,2156) (S 837,2150,2155) (S 1310,2155,2724) (S 456,1200,1348) (S 985,323,341) (S 94,341,323) (S 1092,2499,172) (S 1090,172,126) (S 398,1185,1184) (S 633,1184,1791) (S 516,1494,1383) (S 515,1384,1489) (S 513,1489,1490) (S 632,1493,1791) (S 930,1791,2307) (S 1257,1184,2687) (S 1255,782,2686) (S 546,129,1580) (S 1286,1580,1607) (S 1272,1607,1580) (S 543,1580,129) (S 244,129,348) (S 1251,2679,348) (S 1096,348,2505) (S 1239,2505,2506) (S 1097,2506,2507) (S 1238,2507,2506) (S 1240,2505,348) (S 1273,2505,1021) (S 481,1023,1386) (S 479,1407,1408) (S 899,2254,1397) (S 469,263,828) (D 0,0,0)
 0 1 18 24985 67265  63 (D 0,0,0) (S 1025,1204,2091) (S 1348,2756,737) (S 1338,737,1508) (S 1349,1508,1507) (S 168,570,571) (S 667,571,1875) (S 21,75,74) (S 1429,2087,2779) (S 1283,2709,2605) (S 1173,2605,303) (S 79,303,302) (S 1180,302,2472) (S 461,573,1349) (S 587,1350,1704) (S 636,1704,1702) (S 586,1702,64) (S 17,64,63) (S 786,63,1515) (S 802,1515,1657) (S 386,1159,21) (S 702,76,1920) (S 1298,76,2717) (S 186,616,609) (S 705,1949,609) (S 184,609,610) (S 706,609,1948) (S 703,1948,1941) (S 699,1941,1942) (S 1158,1942,2583) (S 1299,2583,76) (S 1266,76,1140) (S 177,409,595) (S 356,1094,595) (S 810,2106,409) (S 1265,1140,123) (S 253,821,822) (S 1129,2544,821) (S 665,1872,123) (S 826,2137,2138) (S 1264,2694,76) (S 22,76,77) (S 787,63,1512) (S 492,1440,1439) (S 964,1443,2350) (S 1334,878,2739) (S 1326,2739,2350) (S 952,1442,2342) (S 1221,1440,2470) (S 1070,2471,1512) (S 521,1512,1513) (S 604,1025,1724) (S 597,1026,1713) (S 127,452,453) (S 128,453,454) (S 906,456,739) (S 229,739,738) (S 1145,738,2518) (S 1146,2518,2267) (S 907,2267,2266) (S 917,739,738) (S 1140,2557,700) (D 0,0,0)
 0 1 19 24986 74853  71 (D 0,0,0) (S 987,219,1283) (S 883,2237,1283) (S 760,1252,2027) (S 784,2074,444) (S 1247,444,442) (S 125,442,443) (S 1108,443,2524) (S 1269,2524,2364) (S 940,1980,1266) (S 893,1671,1751) (S 156,542,543) (S 251,542,812) (S 1415,812,2811) (S 580,542,1695) (S 642,1695,547) (S 158,547,546) (S 643,545,1718) (S 845,1718,1286) (S 1160,1285,1337) (S 1169,2517,1337) (S 465,1336,1372) (S 611,1372,1305) (S 1216,1306,1678) (S 599,1678,1372) (S 1027,2429,2430) (S 1161,2584,361) (S 97,361,362) (S 498,1464,1465) (S 652,1465,1834) (S 441,1294,1295) (S 1262,294,2692) (S 1263,2692,2693) (S 1380,2693,182) (S 1312,539,2566) (S 1147,2566,2567) (S 1277,2706,2707) (S 818,272,1954) (S 809,2105,1954) (S 1311,2509,1092) (S 589,1706,1705) (S 1290,1705,2625) (S 976,1279,1122) (S 365,1122,1123) (S 1291,1123,1122) (S 364,1122,1121) (S 1292,1121,1120) (S 363,1120,1121) (S 1289,1121,2624) (S 1280,2624,2618) (S 1279,2624,2701) (S 887,2245,1484) (S 510,1484,1485) (S 452,229,1335) (S 282,911,912) (S 217,710,711) (S 603,938,1723) (S 164,560,561) (S 1353,561,2759) (S 181,602,601) (S 174,586,585) (S 178,596,597) (S 175,590,589) (S 1233,589,2086) (S 38,144,152) (S 1302,2691,2466) (S 33,127,128) (S 1345,2754,737) (S 1026,2092,2091) (S 370,959,956) (D 0,0,0)
 0 1 20 24920 79040  85 (D 0,0,0) (S 165,563,562) (S 30,105,104) (S 1309,192,2631) (S 1308,2714,1595) (S 973,2357,2359) (S 1073,2408,2474) (S 548,1591,1592) (S 937,1592,2318) (S 169,574,575) (S 741,575,1999) (S 806,2103,1756) (S 992,2390,1755) (S 807,1756,1728) (S 1046,1729,1389) (S 687,1389,1919) (S 956,1919,374) (S 102,374,373) (S 1037,785,2440) (S 1337,2440,301) (S 1329,2740,375) (S 214,703,702) (S 213,701,702) (S 208,690,691) (S 1328,702,259) (S 72,276,277) (S 304,276,971) (S 905,1951,2262) (S 354,1104,1095) (S 339,1064,1071) (S 1000,1068,1310) (S 101,372,371) (S 100,371,370) (S 836,370,2152) (S 1003,2152,1073) (S 834,1073,1003) (S 315,1003,1004) (S 752,2015,1003) (S 1004,1003,1073) (S 340,1073,1063) (S 852,1063,2152) (S 1002,370,2152) (S 835,2152,1073) (S 994,1073,1063) (S 336,1063,1064) (S 349,1064,1001) (S 754,1001,1000) (S 375,1000,1103) (S 999,2335,1103) (S 1001,1103,1000) (S 314,1001,1002) (S 753,1002,1001) (S 348,1001,1095) (S 353,1095,1103) (S 833,1103,1218) (S 477,1103,1403) (S 1067,2464,1393) (S 957,2345,365) (S 442,367,1296) (S 737,1382,1644) (S 270,875,876) (S 593,875,1646) (S 468,1382,1381) (S 971,366,1919) (S 145,518,517) (S 695,517,1046) (S 1321,1047,1364) (S 605,1726,1727) (S 463,1364,1311) (S 188,620,619) (S 462,619,1311) (S 326,1049,1050) (S 334,1050,966) (S 328,1051,966) (S 549,1595,1594) (S 448,1317,60) (S 1293,2403,2714) (S 934,1599,577) (S 171,577,578) (S 808,579,580) (S 172,580,581) (S 935,578,576) (S 170,576,563) (S 948,2332,797) (D 0,0,0)
 0 1 21 24952 85593  56 (D 0,0,0) (S 143,511,512) (S 578,1631,1692) (S 428,1264,1265) (S 579,1462,1453) (S 1166,2589,1877) (S 346,1089,1088) (S 352,1099,1100) (S 351,1098,1087) (S 474,1088,1398) (S 502,1469,670) (S 501,670,639) (S 191,637,638) (S 496,1455,1065) (S 350,1096,1065) (S 1134,2548,1923) (S 689,1923,1924) (S 1019,1923,639) (S 202,669,670) (S 332,1057,167) (S 333,167,1058) (S 520,1510,1499) (S 518,1499,1500) (S 63,238,239) (S 949,2149,1058) (S 43,167,166) (S 1175,168,2607) (S 1174,2606,2607) (S 1220,2607,2645) (S 490,1433,1401) (S 485,1422,1401) (S 486,1401,1400) (S 476,1400,1401) (S 274,884,885) (S 273,884,883) (S 715,883,735) (S 975,2365,735) (S 641,883,1400) (S 686,882,555) (S 1015,2418,2114) (S 812,2114,2115) (S 141,500,499) (S 425,1259,1258) (S 426,1261,1260) (S 1152,2579,1260) (S 710,1261,1258) (S 464,1369,499) (S 1084,553,2491) (S 1355,2491,2493) (S 1085,2493,2492) (S 1270,2492,1974) (S 1250,2676,2675) (S 1347,2675,2755) (S 718,1974,1973) (S 1214,549,1352) (D 0,0,0)
 0 1 22 24981 87268  52 (D 0,0,0) (S 161,554,555) (S 475,555,1399) (S 1172,1399,2603) (S 500,982,1467) (S 272,882,883) (S 1297,2716,884) (S 1219,884,1008) (S 889,1008,591) (S 322,591,1007) (S 890,591,468) (S 1235,591,236) (S 489,1431,236) (S 321,236,1031) (S 635,235,1682) (S 295,946,945) (S 296,603,948) (S 933,2314,960) (S 130,465,466) (S 317,1016,1017) (S 618,1765,1764) (S 617,1764,1731) (S 606,1730,1731) (S 722,1976,1763) (S 723,1763,1977) (S 1143,2111,2559) (S 1118,2282,2324) (S 909,2273,2274) (S 1119,2273,2323) (S 1195,2626,2323) (S 598,1716,1717) (S 908,2271,1838) (S 1209,2639,1838) (S 1210,1838,2282) (S 938,2282,1977) (S 1142,1977,1840) (S 970,1840,2354) (S 1141,1840,2279) (S 656,1839,1840) (S 657,1732,1841) (S 1181,1841,2611) (S 658,1841,1842) (S 1230,2652,1765) (S 1253,1765,2685) (S 62,237,236) (S 330,236,1055) (S 619,1055,1766) (S 294,943,944) (S 160,553,552) (S 651,552,1088) (S 1159,2497,2532) (D 0,0,0)
 0 1 23 24844 69127  74 (D 0,0,0) (S 123,438,437) (S 285,920,511) (S 198,653,652) (S 451,1331,1080) (S 535,1081,535) (S 154,535,536) (S 361,536,1112) (S 628,1112,403) (S 93,334,335) (S 108,402,335) (S 669,964,1881) (S 1132,1881,402) (S 1133,402,461) (S 139,462,489) (S 708,1956,1957) (S 1402,2129,2746) (S 1335,398,2592) (S 559,1636,1637) (S 107,400,401) (S 135,462,479) (S 1029,462,486) (S 848,488,536) (S 1100,536,2362) (S 105,389,388) (S 932,2311,825) (S 254,824,823) (S 1081,153,1396) (S 39,153,154) (S 307,154,984) (S 306,983,78) (S 788,78,1395) (S 472,1395,78) (S 537,79,1375) (S 466,1375,1376) (S 944,1376,389) (S 526,1535,1139) (S 372,1139,1138) (S 221,716,708) (S 267,708,716) (S 842,716,2121) (S 815,2121,1816) (S 646,1816,777) (S 612,1754,1757) (S 1367,2772,1757) (S 1241,778,2545) (S 859,2186,2185) (S 1400,2185,2802) (S 1268,2223,2696) (S 876,2223,2185) (S 875,2185,874) (S 269,874,689) (S 858,2169,1773) (S 623,1775,1774) (S 638,751,1808) (S 233,751,430) (S 120,429,430) (S 921,1344,1884) (S 958,2294,2205) (S 865,2204,2205) (S 868,2205,973) (S 305,973,972) (S 947,1183,2326) (S 1153,2136,2551) (S 866,2205,2206) (S 329,519,1054) (S 931,2310,996) (S 312,996,997) (S 1036,997,308) (S 83,308,309) (S 1395,997,2438) (S 800,1831,2090) (S 247,796,795) (D 0,0,0)
