1769925
70
2401218
2396409
 0 1 1 8987 29893  22 (D 0,0,0) (S 587,577,364) (S 586,364,286) (S 244,286,285) (S 822,285,681) (S 29,37,38) (S 992,38,134) (S 111,134,135) (S 1197,844,615) (S 1188,615,842) (S 1189,842,680) (S 1198,842,844) (S 1199,844,135) (S 618,135,38) (S 189,222,223) (S 717,643,223) (S 718,223,247) (S 719,247,537) (S 526,537,224) (S 721,548,566) (S 722,566,644) (D 0,0,0)
 0 1 2 8910 26740  23 (D 0,0,0) (S 572,249,547) (S 539,547,548) (S 720,548,537) (S 527,224,538) (S 529,295,539) (S 568,539,462) (S 428,462,213) (S 436,213,470) (S 880,470,314) (S 273,314,159) (S 274,159,315) (S 275,315,246) (S 454,274,486) (S 564,486,275) (S 563,564,275) (S 237,276,277) (S 622,277,217) (S 184,217,218) (S 255,218,296) (S 254,296,295) (S 253,295,294) (D 0,0,0)
 0 1 3 8719 25523  11 (D 0,0,0) (S 656,561,365) (S 325,257,366) (S 590,366,578) (S 569,225,565) (S 627,596,565) (S 628,565,367) (S 629,367,269) (S 630,269,292) (S 251,292,293) (D 0,0,0)
 0 1 4 8846 31071  10 (D 0,0,0) (S 553,557,215) (S 230,227,269) (S 304,292,348) (S 1067,348,175) (S 141,175,176) (S 1068,175,807) (S 140,175,174) (S 329,174,293) (D 0,0,0)
 0 1 5 8774 31288  24 (D 0,0,0) (S 330,174,115) (S 93,115,114) (S 91,113,112) (S 153,112,186) (S 154,186,187) (S 155,187,123) (S 101,123,124) (S 1148,124,765) (S 156,32,123) (S 100,123,122) (S 99,122,121) (S 1144,121,799) (S 1056,799,118) (S 96,118,119) (S 97,119,120) (S 831,120,34) (S 27,34,35) (S 28,35,36) (S 825,35,10) (S 7,9,10) (S 824,35,120) (S 95,118,115) (D 0,0,0)
 0 1 6 8998 31584  22 (D 0,0,0) (S 1143,799,804) (S 1063,804,797) (S 1059,800,187) (S 1060,187,801) (S 1065,186,805) (S 1064,805,797) (S 1053,797,798) (S 1058,798,800) (S 1196,800,805) (S 1195,805,113) (S 1194,113,813) (S 1076,813,810) (S 1077,810,754) (S 946,754,541) (S 532,541,540) (S 531,540,158) (S 138,158,173) (S 1055,173,596) (S 626,596,538) (S 525,537,248) (D 0,0,0)
 0 1 7 8997 34350  22 (D 0,0,0) (S 1211,753,841) (S 1210,841,843) (S 1191,843,105) (S 1190,105,48) (S 37,48,47) (S 1205,47,848) (S 36,47,46) (S 147,46,182) (S 1074,182,806) (S 59,74,73) (S 988,767,49) (S 39,49,50) (S 943,49,103) (S 83,103,104) (S 1186,104,841) (S 1187,841,542) (S 1193,543,813) (S 1072,810,811) (S 1212,811,755) (S 948,755,115) (D 0,0,0)
 0 1 8 8997 35951  16 (D 0,0,0) (S 947,755,754) (S 533,541,542) (S 535,543,544) (S 1206,849,183) (S 149,183,108) (S 88,108,109) (S 35,45,46) (S 148,46,108) (S 87,108,107) (S 1208,845,847) (S 1209,847,843) (S 1192,843,543) (S 534,543,542) (S 139,173,174) (D 0,0,0)
 0 1 9 8949 33673  26 (D 0,0,0) (S 879,540,470) (S 881,314,724) (S 883,126,725) (S 942,751,752) (S 941,750,751) (S 950,751,725) (S 884,725,421) (S 885,421,726) (S 1157,836,726) (S 1158,726,802) (S 1052,795,796) (S 1103,820,796) (S 1104,796,243) (S 954,420,756) (S 953,756,127) (S 104,127,128) (S 958,757,724) (S 882,724,126) (S 103,126,127) (S 952,127,757) (S 957,757,160) (S 127,160,159) (S 126,159,158) (S 530,158,539) (D 0,0,0)
 0 1 10 8973 32946  18 (D 0,0,0) (S 945,541,753) (S 944,753,103) (S 84,104,105) (S 85,105,106) (S 1204,106,47) (S 146,182,75) (S 145,181,75) (S 60,75,74) (S 1066,74,806) (S 1073,806,767) (S 987,767,73) (S 986,73,766) (S 1046,766,429) (S 395,429,377) (S 342,377,378) (S 361,398,394) (D 0,0,0)
 0 1 11 8975 18954  19 (D 0,0,0) (S 307,326,350) (S 306,350,349) (S 305,349,169) (S 135,168,169) (S 634,169,62) (S 49,61,62) (S 633,62,167) (S 844,167,705) (S 843,705,607) (S 41,52,53) (S 42,53,54) (S 1043,55,794) (S 1102,794,819) (S 1101,794,51) (S 40,51,52) (S 651,52,607) (S 1029,325,520) (D 0,0,0)
 0 1 12 8989 28382  19 (D 0,0,0) (S 869,717,427) (S 1017,426,779) (S 1011,779,239) (S 204,239,240) (S 1012,239,780) (S 203,239,238) (S 1009,238,778) (S 202,238,237) (S 201,237,236) (S 979,236,424) (S 876,721,722) (S 978,722,424) (S 389,424,425) (S 1013,425,781) (S 1016,781,778) (S 1010,778,779) (S 391,426,427) (D 0,0,0)
 0 1 13 8980 30742  25 (D 0,0,0) (S 470,398,498) (S 469,498,428) (S 393,428,386) (S 394,386,377) (S 341,377,376) (S 984,376,385) (S 350,385,386) (S 351,386,387) (S 362,387,398) (S 471,398,499) (S 735,499,388) (S 734,388,652) (S 733,652,414) (S 732,651,414) (S 378,414,401) (S 366,401,400) (S 1048,399,652) (S 1049,652,390) (S 472,499,500) (S 486,500,396) (S 359,396,395) (S 411,445,318) (S 1155,317,832) (D 0,0,0)
 0 1 14 8980 24401  8 (D 0,0,0) (S 326,366,226) (S 193,226,227) (S 194,227,228) (S 229,227,256) (S 218,256,257) (S 560,258,561) (D 0,0,0)
 0 1 15 8503 12749  26 (D 0,0,0) (S 770,674,180) (S 771,180,268) (S 772,268,675) (S 761,671,6) (S 5,6,7) (S 741,8,63) (S 742,63,653) (S 743,653,522) (S 971,708,673) (S 767,673,524) (S 1079,525,762) (S 969,762,761) (S 1142,761,316) (S 276,316,317) (S 1156,317,835) (S 277,317,318) (S 278,318,319) (S 279,319,320) (S 463,320,494) (S 1136,494,443) (S 1154,832,719) (S 1153,719,708) (S 1152,708,522) (S 778,653,677) (D 0,0,0)
 0 1 16 8872 15944  27 (D 0,0,0) (S 777,676,677) (S 1028,520,64) (S 50,64,63) (S 227,268,267) (S 226,267,266) (S 225,266,265) (S 224,265,264) (S 223,263,264) (S 345,264,380) (S 871,380,86) (S 338,263,86) (S 68,86,85) (S 1094,85,512) (S 488,512,41) (S 31,41,40) (S 30,40,39) (S 669,616,39) (S 1085,39,815) (S 335,40,372) (S 867,372,715) (S 866,715,371) (S 333,371,370) (S 340,370,375) (S 301,345,344) (S 873,344,507) (D 0,0,0)
 0 1 17 8084 24102  18 (D 0,0,0) (S 581,359,574) (S 582,574,497) (S 467,461,100) (S 640,99,600) (S 18,22,23) (S 887,23,729) (S 19,23,24) (S 20,24,25) (S 725,24,501) (S 793,646,447) (S 413,447,448) (S 660,448,534) (S 968,535,761) (S 1141,761,526) (S 1080,525,14) (S 11,14,15) (D 0,0,0)
 0 1 18 8960 28763  20 (D 0,0,0) (S 248,290,154) (S 509,291,241) (S 508,241,528) (S 784,528,678) (S 205,241,242) (S 664,363,156) (S 125,156,157) (S 665,156,614) (S 1185,614,529) (S 512,529,397) (S 513,397,89) (S 511,529,155) (S 123,155,154) (S 738,290,137) (S 521,535,527) (S 1140,526,347) (S 303,347,346) (S 782,506,431) (D 0,0,0)
 0 1 19 8375 35024  19 (D 0,0,0) (S 1119,667,825) (S 1172,825,441) (S 815,693,694) (S 1114,693,683) (S 1112,641,556) (S 435,304,469) (S 434,469,468) (S 715,468,641) (S 714,640,641) (S 1113,641,683) (S 794,682,683) (S 795,683,467) (S 796,467,684) (S 432,467,466) (S 813,692,466) (S 431,466,465) (S 1173,464,825) (D 0,0,0)
 0 1 20 8958 23145  16 (D 0,0,0) (S 400,433,432) (S 1008,612,774) (S 999,774,775) (S 1020,446,601) (S 1021,601,337) (S 294,337,338) (S 637,601,574) (S 638,574,460) (S 639,460,99) (S 79,99,98) (S 78,98,97) (S 810,690,691) (S 811,691,471) (S 812,471,334) (D 0,0,0)
 0 1 21 8779 33786  13 (D 0,0,0) (S 1118,825,440) (S 1115,662,693) (S 814,693,466) (S 433,467,468) (S 439,474,475) (S 1169,474,839) (S 438,474,473) (S 552,473,340) (S 295,339,340) (S 296,340,18) (S 15,19,20) (D 0,0,0)
 0 1 22 8985 20945  21 (D 0,0,0) (S 504,523,524) (S 970,673,762) (S 1078,762,718) (S 658,612,611) (S 657,610,611) (S 1001,611,647) (S 583,575,497) (S 468,497,461) (S 427,461,460) (S 426,460,361) (S 318,361,98) (S 80,99,100) (S 81,100,101) (S 82,101,102) (S 727,101,575) (S 728,575,646) (S 1007,647,612) (S 659,612,448) (S 1138,432,832) (D 0,0,0)
 0 1 23 8804 14901  15 (D 0,0,0) (S 1084,4,191) (S 425,192,355) (S 311,354,355) (S 424,355,459) (S 680,353,584) (S 693,622,195) (S 692,195,590) (S 691,590,207) (S 176,207,206) (S 605,585,206) (S 175,206,151) (S 174,151,205) (S 1108,205,695) (D 0,0,0)
 0 1 24 8624 16839  16 (D 0,0,0) (S 890,733,621) (S 423,458,459) (S 679,459,353) (S 602,584,504) (S 601,504,583) (S 1164,583,632) (S 1129,829,624) (S 684,624,625) (S 1130,624,830) (S 683,624,623) (S 775,623,196) (S 611,589,590) (S 612,590,585) (S 162,192,191) (D 0,0,0)
 0 1 25 8949 14209  16 (D 0,0,0) (S 516,191,532) (S 517,532,150) (S 518,150,533) (S 121,150,151) (S 266,151,306) (S 555,306,558) (S 1132,558,826) (S 1122,826,208) (S 1121,208,588) (S 610,588,589) (S 776,589,196) (S 166,196,195) (S 165,195,194) (S 164,194,193) (D 0,0,0)
 0 1 26 8603 13170  16 (D 0,0,0) (S 1100,3,191) (S 161,191,190) (S 547,190,81) (S 64,81,82) (S 160,82,190) (S 548,190,555) (S 63,81,80) (S 614,80,532) (S 613,532,585) (S 604,585,194) (S 603,194,584) (S 310,353,354) (S 321,354,193) (S 163,193,192) (D 0,0,0)
 0 1 27 8996 13905  25 (D 0,0,0) (S 773,675,7) (S 6,7,8) (S 740,8,555) (S 549,555,509) (S 483,509,5) (S 4,5,6) (S 482,5,508) (S 930,508,343) (S 298,343,342) (S 297,341,342) (S 760,342,261) (S 221,260,261) (S 759,261,670) (S 1097,670,656) (S 746,656,655) (S 868,716,655) (S 745,655,262) (S 744,262,654) (S 845,654,509) (S 484,509,510) (S 846,654,82) (S 1107,81,695) (S 818,695,2) (D 0,0,0)
 0 1 28 8905 18295  19 (D 0,0,0) (S 899,738,66) (S 53,66,67) (S 54,67,68) (S 476,504,505) (S 56,69,70) (S 1033,70,406) (S 373,407,408) (S 1126,828,407) (S 372,407,406) (S 371,406,405) (S 698,405,633) (S 598,582,404) (S 597,582,581) (S 1044,581,776) (S 1004,776,735) (S 1003,735,740) (S 1002,740,417) (D 0,0,0)
 0 1 29 8642 15997  19 (D 0,0,0) (S 464,495,494) (S 1135,494,814) (S 313,357,322) (S 282,322,323) (S 314,322,358) (S 315,358,359) (S 580,359,573) (S 579,573,572) (S 865,572,714) (S 578,572,571) (S 649,571,453) (S 650,453,52) (S 842,607,704) (S 907,704,435) (S 906,435,328) (S 905,328,519) (S 904,519,740) (D 0,0,0)
 0 1 30 8852 26049  18 (D 0,0,0) (S 43,54,55) (S 44,55,56) (S 46,57,58) (S 47,58,59) (S 996,478,771) (S 446,478,479) (S 997,479,772) (S 447,479,480) (S 995,480,770) (S 448,480,59) (S 48,59,60) (S 449,59,481) (S 450,481,482) (S 834,333,481) (S 835,481,700) (S 494,515,516) (D 0,0,0)
 0 1 31 8992 23325  17 (D 0,0,0) (S 909,53,454) (S 911,591,95) (S 75,95,94) (S 74,94,93) (S 710,93,637) (S 711,637,638) (S 965,638,707) (S 76,95,96) (S 647,96,472) (S 419,453,454) (S 910,454,591) (S 615,591,592) (S 616,592,593) (S 852,592,455) (S 854,54,703) (D 0,0,0)
 0 1 32 8101 13308  23 (D 0,0,0) (S 769,674,17) (S 768,17,523) (S 503,523,522) (S 502,522,521) (S 690,521,324) (S 689,631,324) (S 859,324,433) (S 858,433,708) (S 870,719,718) (S 1139,718,832) (S 1137,432,443) (S 410,443,444) (S 662,443,319) (S 661,319,534) (S 519,534,445) (S 520,445,535) (S 343,368,379) (S 492,379,345) (S 302,345,346) (S 783,346,506) (S 781,431,672) (D 0,0,0)
 0 1 33 8474 22816  19 (D 0,0,0) (S 465,495,350) (S 401,349,434) (S 403,415,435) (S 908,704,53) (S 420,454,455) (S 851,592,94) (S 850,94,707) (S 964,707,741) (S 962,606,689) (S 806,203,503) (S 475,503,502) (S 474,502,501) (S 726,501,101) (S 729,646,647) (S 730,647,648) (S 1000,611,774) (S 998,773,774) (D 0,0,0)
 0 1 34 8969 20568  18 (D 0,0,0) (S 499,351,416) (S 382,416,417) (S 383,417,418) (S 416,419,450) (S 901,450,171) (S 1165,737,583) (S 600,583,68) (S 55,68,69) (S 57,70,71) (S 58,71,72) (S 1127,407,71) (S 1128,71,829) (S 1162,838,829) (S 1163,829,632) (S 694,505,622) (S 3,4,3) (D 0,0,0)
 0 1 35 8496 15550  28 (D 0,0,0) (S 931,343,260) (S 932,260,745) (S 933,745,43) (S 1095,85,745) (S 1096,745,670) (S 222,261,262) (S 1098,656,818) (S 747,656,657) (S 935,657,746) (S 748,657,84) (S 65,83,84) (S 66,84,42) (S 67,42,85) (S 339,86,375) (S 490,375,513) (S 606,513,369) (S 331,369,368) (S 522,368,527) (S 507,527,526) (S 506,526,525) (S 477,14,506) (S 478,506,177) (S 398,178,431) (S 399,431,15) (S 12,15,16) (S 13,16,17) (D 0,0,0)
 0 1 36 8944 30951  22 (D 0,0,0) (S 283,324,325) (S 756,667,442) (S 757,442,668) (S 409,442,441) (S 1171,840,441) (S 408,441,440) (S 617,594,440) (S 1117,440,665) (S 755,665,666) (S 752,661,662) (S 1116,662,665) (S 754,665,465) (S 430,465,464) (S 1120,667,688) (S 462,493,490) (S 672,483,22) (S 16,21,20) (S 805,20,503) (S 807,203,689) (S 917,691,360) (D 0,0,0)
 0 1 37 8621 19231  19 (D 0,0,0) (S 1030,325,495) (S 1031,495,788) (S 1032,788,789) (S 1082,788,814) (S 1134,814,357) (S 1133,357,335) (S 292,335,334) (S 437,471,472) (S 648,472,571) (S 862,573,554) (S 113,138,139) (S 860,709,139) (S 861,139,554) (S 546,554,358) (S 281,322,321) (S 312,321,356) (S 280,321,320) (D 0,0,0)
 0 1 38 7861 15479  13 (D 0,0,0) (S 498,416,519) (S 497,519,518) (S 596,516,581) (S 1045,581,626) (S 685,626,627) (S 700,627,634) (S 701,634,515) (S 493,515,514) (S 833,514,333) (S 291,333,332) (S 290,332,331) (D 0,0,0)
 0 1 39 8969 20277  28 (D 0,0,0) (S 496,518,517) (S 642,517,602) (S 643,602,604) (S 644,604,605) (S 686,605,628) (S 723,645,604) (S 724,604,603) (S 641,603,602) (S 495,517,516) (S 595,516,332) (S 594,332,580) (S 592,438,579) (S 591,579,57) (S 45,57,56) (S 1038,56,791) (S 1037,56,701) (S 1042,790,660) (S 751,659,660) (S 1041,660,793) (S 1039,792,793) (S 1025,784,786) (S 731,649,650) (S 1022,649,784) (S 404,436,435) (S 286,328,327) (S 284,326,325) (D 0,0,0)
 0 1 40 8995 28348  19 (D 0,0,0) (S 841,704,703) (S 940,637,749) (S 712,638,200) (S 1161,837,639) (S 713,639,200) (S 442,199,79) (S 62,78,79) (S 440,476,142) (S 115,142,143) (S 797,143,476) (S 798,476,685) (S 441,476,79) (S 169,199,200) (S 170,200,201) (S 171,201,202) (S 913,202,741) (S 912,741,95) (D 0,0,0)
 0 1 41 8755 27632  24 (D 0,0,0) (S 422,456,457) (S 708,456,562) (S 562,562,563) (S 709,562,93) (S 73,93,92) (S 72,92,91) (S 71,90,91) (S 874,91,282) (S 242,282,283) (S 875,282,720) (S 241,282,281) (S 919,281,743) (S 878,280,723) (S 239,279,280) (S 240,280,281) (S 443,477,199) (S 168,199,198) (S 167,197,198) (S 877,198,280) (S 918,281,477) (S 444,477,92) (S 445,92,478) (D 0,0,0)
 0 1 42 8914 17537  20 (D 0,0,0) (S 856,329,436) (S 405,436,437) (S 1024,437,784) (S 1023,784,785) (S 1040,785,793) (S 1036,790,701) (S 839,701,702) (S 840,702,703) (S 853,54,455) (S 421,455,456) (S 707,456,58) (S 706,58,636) (S 836,636,700) (S 832,700,165) (S 132,164,165) (S 133,165,166) (S 1034,166,702) (S 855,703,436) (D 0,0,0)
 0 1 43 8959 18721  20 (D 0,0,0) (S 903,740,739) (S 924,739,736) (S 922,313,582) (S 921,582,633) (S 920,744,633) (S 699,633,627) (S 687,627,629) (S 688,629,630) (S 951,629,634) (S 702,515,422) (S 388,422,423) (S 703,422,439) (S 407,439,438) (S 593,438,580) (S 1035,580,331) (S 289,331,330) (S 288,330,329) (S 287,329,328) (D 0,0,0)
 0 1 44 8995 27587  16 (D 0,0,0) (S 412,447,446) (S 1019,446,452) (S 390,426,425) (S 1014,781,237) (S 1015,237,782) (S 980,236,152) (S 122,152,153) (S 981,152,140) (S 114,140,141) (S 982,140,391) (S 355,391,392) (S 392,392,428) (S 1006,498,393) (S 358,394,395) (D 0,0,0)
 0 1 45 8852 27913  16 (D 0,0,0) (S 418,452,427) (S 739,427,137) (S 249,154,291) (S 250,291,242) (S 320,242,363) (S 645,363,155) (S 124,155,156) (S 666,614,88) (S 667,88,597) (S 668,597,615) (S 632,597,598) (S 631,597,530) (S 353,389,388) (S 352,388,387) (D 0,0,0)
 0 1 46 8995 25652  20 (D 0,0,0) (S 916,690,97) (S 77,97,96) (S 646,96,606) (S 963,606,741) (S 849,707,201) (S 848,201,146) (S 847,706,146) (S 118,146,147) (S 120,148,149) (S 119,148,147) (S 117,146,145) (S 293,336,144) (S 116,144,145) (S 915,145,742) (S 914,145,202) (S 172,202,203) (S 808,689,599) (S 809,599,690) (D 0,0,0)
 0 1 47 8954 26165  19 (D 0,0,0) (S 316,359,360) (S 319,98,362) (S 636,362,600) (S 670,600,502) (S 671,502,22) (S 17,22,21) (S 459,21,484) (S 458,484,490) (S 457,490,489) (S 466,489,496) (S 800,687,496) (S 801,496,493) (S 802,493,688) (S 803,688,485) (S 804,485,20) (S 635,599,362) (S 317,361,360) (D 0,0,0)
 0 1 48 8973 19219  28 (D 0,0,0) (S 765,672,16) (S 766,16,524) (S 505,524,525) (S 332,369,370) (S 758,370,669) (S 334,371,372) (S 336,40,373) (S 337,373,374) (S 750,373,658) (S 749,373,84) (S 934,657,43) (S 1183,43,822) (S 1105,821,822) (S 1106,822,823) (S 1131,823,831) (S 33,43,42) (S 32,42,41) (S 1092,817,715) (S 1093,715,512) (S 489,512,375) (S 491,513,379) (S 344,379,380) (S 872,380,344) (S 300,344,265) (S 299,265,343) (S 928,671,675) (D 0,0,0)
 0 1 49 8963 38903  15 (D 0,0,0) (S 993,768,19) (S 265,304,305) (S 264,304,303) (S 263,302,303) (S 268,307,308) (S 1109,824,308) (S 269,308,309) (S 1110,308,303) (S 1111,303,556) (S 550,556,469) (S 551,469,473) (S 14,18,19) (S 994,19,769) (D 0,0,0)
 0 1 50 8824 13529  27 (D 0,0,0) (S 1,0,1) (S 1083,4,728) (S 886,728,727) (S 936,747,727) (S 1091,4,734) (S 1090,734,733) (S 1089,733,816) (S 1088,816,65) (S 51,65,64) (S 1027,64,787) (S 1168,787,63) (S 228,63,268) (S 144,180,179) (S 763,179,267) (S 762,267,671) (S 929,671,508) (S 481,508,266) (S 480,266,507) (S 479,507,177) (S 142,177,178) (S 143,178,179) (S 764,179,672) (S 780,672,674) (S 779,674,653) (S 816,677,0) (D 0,0,0)
 0 1 51 8889 22064  13 (D 0,0,0) (S 262,300,301) (S 1125,301,827) (S 1124,301,557) (S 182,215,214) (S 561,214,561) (S 220,258,259) (S 219,258,257) (S 324,257,365) (S 323,365,117) (S 94,117,116) (S 977,116,300) (D 0,0,0)
 0 1 52 8957 30200  24 (D 0,0,0) (S 654,609,608) (S 1170,608,577) (S 588,577,567) (S 573,567,249) (S 191,225,224) (S 528,538,295) (S 258,296,297) (S 259,297,298) (S 624,297,463) (S 623,463,217) (S 183,217,216) (S 231,270,216) (S 232,216,271) (S 247,278,289) (S 246,288,278) (S 238,278,277) (S 621,277,570) (S 821,681,381) (S 820,697,381) (S 346,381,382) (S 347,382,383) (S 652,287,29) (D 0,0,0)
 0 1 53 8664 25164  18 (D 0,0,0) (S 653,608,29) (S 23,29,30) (S 24,30,31) (S 349,30,384) (S 348,30,383) (S 544,553,383) (S 545,383,287) (S 245,287,286) (S 585,576,286) (S 243,284,285) (S 823,285,536) (S 524,536,248) (S 212,248,249) (S 589,567,578) (S 1184,578,609) (S 655,609,561) (D 0,0,0)
 0 1 54 8859 32647  17 (D 0,0,0) (S 90,112,111) (S 89,111,110) (S 1177,110,809) (S 1178,809,545) (S 537,545,184) (S 150,184,183) (S 1207,183,845) (S 1200,845,107) (S 86,107,106) (S 1203,106,847) (S 1202,847,544) (S 1201,846,544) (S 536,544,184) (S 151,184,185) (S 1069,185,114) (D 0,0,0)
 0 1 55 8945 30006  24 (D 0,0,0) (S 322,29,364) (S 789,681,222) (S 188,222,221) (S 257,135,276) (S 455,486,487) (S 565,486,211) (S 180,211,212) (S 181,212,213) (S 210,213,246) (S 939,315,748) (S 938,748,129) (S 106,129,130) (S 937,244,129) (S 105,129,128) (S 129,128,161) (S 385,161,243) (S 206,243,244) (S 207,244,130) (S 576,131,564) (S 577,564,570) (S 620,570,595) (S 790,681,576) (D 0,0,0)
 0 1 56 8956 32430  30 (D 0,0,0) (S 523,364,536) (S 211,248,247) (S 190,223,224) (S 625,538,297) (S 429,463,462) (S 567,462,219) (S 566,219,211) (S 179,210,211) (S 186,212,219) (S 185,219,218) (S 256,218,276) (S 236,276,275) (S 235,275,274) (S 453,274,246) (S 209,246,245) (S 955,245,748) (S 956,748,160) (S 128,160,128) (S 949,756,725) (S 387,421,420) (S 386,420,161) (S 130,161,162) (S 131,162,163) (S 1051,162,795) (S 1061,795,802) (S 1159,802,252) (S 1160,252,679) (S 785,679,680) (D 0,0,0)
 0 1 57 8975 40577  16 (D 0,0,0) (S 788,222,595) (S 619,595,38) (S 786,133,680) (S 214,251,231) (S 196,231,230) (S 234,230,273) (S 195,230,229) (S 261,229,254) (S 217,254,255) (S 260,229,299) (S 543,552,299) (S 233,272,230) (S 215,231,252) (S 216,252,253) (D 0,0,0)
 0 1 58 8973 34435  24 (D 0,0,0) (S 791,287,576) (S 584,576,382) (S 989,381,221) (S 187,220,221) (S 990,221,712) (S 864,712,713) (S 991,712,38) (S 110,134,133) (S 200,132,235) (S 108,132,131) (S 575,569,131) (S 107,131,130) (S 208,130,245) (S 542,233,549) (S 540,549,550) (S 541,551,549) (S 197,232,233) (S 198,233,234) (S 716,642,234) (S 199,234,132) (S 109,132,133) (S 787,133,595) (D 0,0,0)
 0 1 59 8888 36532  19 (D 0,0,0) (S 363,387,378) (S 364,378,399) (S 365,399,400) (S 374,409,400) (S 375,400,410) (S 376,410,411) (S 379,410,401) (S 367,401,402) (S 1047,399,429) (S 377,412,413) (S 397,412,430) (S 396,412,429) (S 985,766,376) (S 983,385,391) (S 356,392,393) (S 1005,777,393) (S 357,393,394) (D 0,0,0)
 0 1 60 8920 30355  16 (D 0,0,0) (S 510,291,155) (S 360,397,396) (S 485,511,396) (S 473,500,89) (S 70,89,88) (S 69,87,88) (S 514,89,530) (S 515,530,531) (S 1050,530,390) (S 354,390,389) (S 487,389,500) (S 736,499,395) (S 737,395,290) (S 112,136,137) (D 0,0,0)
 0 1 61 8976 43117  11 (D 0,0,0) (S 1179,545,109) (S 1180,109,45) (S 34,44,45) (S 1181,45,812) (S 1182,812,76) (S 61,76,77) (S 1075,812,182) (S 38,48,49) (S 213,249,250) (D 0,0,0)
 0 1 62 8897 17239  22 (D 0,0,0) (S 501,521,520) (S 380,327,415) (S 402,415,434) (S 1081,434,705) (S 134,167,166) (S 838,701,579) (S 837,579,636) (S 705,636,635) (S 959,635,758) (S 961,758,760) (S 960,758,759) (S 704,635,439) (S 406,438,437) (S 927,437,330) (S 857,329,518) (S 892,518,735) (S 893,735,736) (S 381,416,327) (S 285,327,326) (S 308,326,351) (D 0,0,0)
 0 1 63 8939 34335  15 (D 0,0,0) (S 673,483,492) (S 674,492,617) (S 888,617,730) (S 675,617,618) (S 676,618,619) (S 966,618,488) (S 967,488,710) (S 863,710,711) (S 456,488,489) (S 461,490,492) (S 460,491,492) (S 451,483,484) (S 452,484,485) (D 0,0,0)
 0 1 64 8846 14079  22 (D 0,0,0) (S 1026,3,787) (S 1167,787,816) (S 1166,816,738) (S 898,738,737) (S 897,737,67) (S 896,67,170) (S 368,170,403) (S 663,403,613) (S 369,403,404) (S 599,404,68) (S 370,404,405) (S 697,405,69) (S 696,69,632) (S 695,632,505) (S 774,505,623) (S 682,623,622) (S 681,622,584) (S 678,459,621) (S 677,620,621) (S 891,621,734) (D 0,0,0)
 0 1 65 8839 36150  20 (D 0,0,0) (S 92,114,113) (S 152,112,185) (S 1071,808,809) (S 1176,110,125) (S 1062,125,803) (S 1175,125,764) (S 1174,764,834) (S 1146,833,834) (S 1147,834,765) (S 975,765,32) (S 25,32,33) (S 26,33,34) (S 830,34,11) (S 829,11,188) (S 828,699,188) (S 1145,33,121) (S 98,121,119) (S 173,204,205) (D 0,0,0)
 0 1 66 8849 37735  19 (D 0,0,0) (S 1070,185,808) (S 1151,808,111) (S 1150,111,801) (S 1149,801,124) (S 102,124,125) (S 973,763,764) (S 974,764,765) (S 157,32,12) (S 9,12,11) (S 8,11,10) (S 826,10,189) (S 827,189,698) (S 159,189,188) (S 158,188,12) (S 10,12,13) (S 1054,122,798) (S 1057,798,799) (D 0,0,0)
 0 1 67 8272 16544  13 (D 0,0,0) (S 1018,26,783) (S 21,26,27) (S 753,663,664) (S 799,663,686) (S 972,686,27) (S 22,27,28) (S 926,28,731) (S 889,731,732) (S 1099,732,3) (S 2,3,2) (S 817,2,0) (D 0,0,0)
 0 1 68 7791 12531  23 (D 0,0,0) (S 1087,451,65) (S 52,65,66) (S 900,66,171) (S 137,171,172) (S 136,171,170) (S 895,170,449) (S 414,449,312) (S 271,312,310) (S 270,310,311) (S 272,310,313) (S 923,313,736) (S 894,736,449) (S 415,449,450) (S 902,450,739) (S 925,739,418) (S 384,418,419) (S 417,419,451) (S 1086,451,352) (S 309,352,351) (S 500,351,520) (S 792,521,677) (D 0,0,0)
 0 1 69 8836 19960  11 (D 0,0,0) (S 819,695,696) (S 1123,205,557) (S 554,557,306) (S 267,306,300) (S 976,300,587) (S 607,586,587) (S 608,587,559) (S 609,559,588) (S 557,559,209) (D 0,0,0)
 0 1 70 8935 27793  15 (D 0,0,0) (S 177,207,208) (S 178,208,209) (S 556,209,558) (S 559,258,294) (S 558,560,294) (S 252,294,293) (S 328,293,367) (S 327,367,226) (S 192,226,225) (S 570,225,566) (S 571,566,547) (S 538,546,547) (S 574,567,568) (D 0,0,0)
