1761054
70
1818142
1774046
 0 1 1 8877 13062  19 (D 0,0,0) (S 502,522,521) (S 1028,520,64) (S 1167,787,816) (S 1166,816,738) (S 898,738,737) (S 897,737,67) (S 896,67,170) (S 137,171,172) (S 136,171,170) (S 368,170,403) (S 369,403,404) (S 599,404,68) (S 54,68,67) (S 53,67,66) (S 52,66,65) (S 1088,65,816) (S 1026,787,3) (D 0,0,0)
 0 1 2 7433 14056  29 (D 0,0,0) (S 503,522,523) (S 504,523,524) (S 767,524,673) (S 970,673,762) (S 969,762,761) (S 968,761,535) (S 521,535,527) (S 522,527,368) (S 332,369,370) (S 866,371,715) (S 867,715,372) (S 30,40,39) (S 669,616,39) (S 1085,39,815) (S 31,40,41) (S 488,41,512) (S 1092,817,715) (S 1093,715,512) (S 1094,512,85) (S 68,85,86) (S 871,86,380) (S 344,380,379) (S 491,513,379) (S 302,345,346) (S 783,346,506) (S 782,506,431) (S 398,431,178) (D 0,0,0)
 0 1 3 8974 12399  17 (D 0,0,0) (S 792,677,521) (S 690,521,324) (S 283,324,325) (S 285,326,327) (S 380,327,415) (S 403,415,435) (S 404,435,436) (S 855,436,703) (S 1034,702,166) (S 134,166,167) (S 844,167,705) (S 1081,705,434) (S 401,434,349) (S 306,349,350) (S 307,350,326) (D 0,0,0)
 0 1 4 8855 20594  18 (D 0,0,0) (S 284,325,326) (S 286,327,328) (S 287,328,329) (S 856,329,436) (S 1040,785,793) (S 1039,792,793) (S 751,659,660) (S 1036,790,701) (S 838,701,579) (S 837,579,636) (S 707,58,456) (S 421,456,455) (S 852,455,592) (S 616,592,593) (S 853,455,54) (S 42,54,53) (D 0,0,0)
 0 1 5 8924 22404  17 (D 0,0,0) (S 840,703,702) (S 133,166,165) (S 132,164,165) (S 832,165,700) (S 835,700,481) (S 450,481,482) (S 834,481,333) (S 833,333,514) (S 493,514,515) (S 701,515,634) (S 700,634,627) (S 699,627,633) (S 598,582,404) (S 1033,406,70) (S 899,66,738) (D 0,0,0)
 0 1 6 8991 18054  20 (D 0,0,0) (S 1165,737,583) (S 600,583,68) (S 55,68,69) (S 56,69,70) (S 57,70,71) (S 58,71,72) (S 1127,71,407) (S 1126,828,407) (S 373,407,408) (S 372,407,406) (S 371,406,405) (S 697,405,69) (S 696,69,632) (S 695,632,505) (S 774,505,623) (S 682,623,622) (S 681,622,584) (S 890,621,733) (D 0,0,0)
 0 1 7 8578 13709  15 (D 0,0,0) (S 613,532,585) (S 604,194,585) (S 605,585,206) (S 176,206,207) (S 178,208,209) (S 556,209,558) (S 1132,558,826) (S 1122,826,208) (S 175,206,151) (S 121,151,150) (S 518,150,533) (S 517,150,532) (S 516,532,191) (D 0,0,0)
 0 1 8 8887 16705  17 (D 0,0,0) (S 162,191,192) (S 163,192,193) (S 612,585,590) (S 691,590,207) (S 177,207,208) (S 1121,208,588) (S 609,588,559) (S 607,586,587) (S 610,588,589) (S 611,589,590) (S 692,590,195) (S 165,195,194) (S 164,194,193) (S 321,193,354) (S 425,355,192) (D 0,0,0)
 0 1 9 8918 15458  19 (D 0,0,0) (S 1089,816,733) (S 1090,733,734) (S 891,734,621) (S 677,620,621) (S 678,621,459) (S 423,458,459) (S 679,459,353) (S 680,353,584) (S 602,584,504) (S 476,504,505) (S 694,505,622) (S 693,622,195) (S 603,194,584) (S 310,353,354) (S 311,354,355) (S 424,355,459) (S 1091,734,4) (D 0,0,0)
 0 1 10 8864 15007  11 (D 0,0,0) (S 817,0,2) (S 1108,695,205) (S 173,204,205) (S 174,205,151) (S 266,151,306) (S 262,300,301) (S 1125,301,827) (S 1124,301,557) (S 1123,557,205) (D 0,0,0)
 0 1 11 8850 12363  25 (D 0,0,0) (S 816,0,677) (S 858,708,433) (S 689,631,324) (S 859,324,433) (S 400,433,432) (S 1138,432,832) (S 1139,832,718) (S 1078,718,762) (S 1079,762,525) (S 1080,525,14) (S 11,14,15) (S 12,15,16) (S 766,16,524) (S 505,524,525) (S 506,525,526) (S 1141,526,761) (S 1142,761,316) (S 276,316,317) (S 1156,317,835) (S 1155,317,832) (S 1154,832,719) (S 1153,719,708) (S 1152,708,522) (D 0,0,0)
 0 1 12 8732 16127  28 (D 0,0,0) (S 778,677,653) (S 780,674,672) (S 764,672,179) (S 763,179,267) (S 226,267,266) (S 481,266,508) (S 930,508,343) (S 298,343,342) (S 297,341,342) (S 760,342,261) (S 1096,670,745) (S 933,745,43) (S 1131,823,831) (S 1106,823,822) (S 1105,821,822) (S 1183,822,43) (S 33,43,42) (S 67,42,85) (S 1095,85,745) (S 221,260,261) (S 483,509,5) (S 482,5,508) (S 761,671,6) (S 4,5,6) (S 5,6,7) (S 741,8,63) (D 0,0,0)
 0 1 13 8664 17273  21 (D 0,0,0) (S 1168,63,787) (S 1027,787,64) (S 900,66,171) (S 901,171,450) (S 415,450,449) (S 414,449,312) (S 271,312,310) (S 270,310,311) (S 272,310,313) (S 922,313,582) (S 921,582,633) (S 920,744,633) (S 698,633,405) (S 370,405,404) (S 663,403,613) (S 895,170,449) (S 894,449,736) (S 925,739,418) (S 383,418,417) (D 0,0,0)
 0 1 14 8904 17970  28 (D 0,0,0) (S 499,351,416) (S 382,416,417) (S 1002,417,740) (S 904,740,519) (S 496,518,517) (S 495,517,516) (S 702,515,422) (S 388,422,423) (S 703,422,439) (S 704,439,635) (S 959,635,758) (S 960,758,759) (S 961,758,760) (S 46,58,57) (S 591,57,579) (S 592,579,438) (S 406,438,437) (S 1024,437,784) (S 1022,784,649) (S 731,649,650) (S 405,437,436) (S 857,329,518) (S 892,518,735) (S 893,735,736) (S 924,736,739) (S 500,351,520) (D 0,0,0)
 0 1 15 8947 19479  22 (D 0,0,0) (S 501,521,520) (S 498,416,519) (S 905,519,328) (S 288,329,330) (S 927,330,437) (S 1025,784,786) (S 1023,784,785) (S 1041,793,660) (S 1042,660,790) (S 839,701,702) (S 1037,701,56) (S 1038,56,791) (S 44,56,55) (S 43,54,55) (S 1043,55,794) (S 1102,794,819) (S 1101,794,51) (S 40,51,52) (S 41,52,53) (S 908,53,704) (D 0,0,0)
 0 1 16 8889 23122  21 (D 0,0,0) (S 45,56,57) (S 422,456,457) (S 708,456,562) (S 562,562,563) (S 709,562,93) (S 74,93,94) (S 75,94,95) (S 77,96,97) (S 916,97,690) (S 811,691,471) (S 437,471,472) (S 648,472,571) (S 865,572,714) (S 579,572,573) (S 578,572,571) (S 649,571,453) (S 650,453,52) (S 651,52,607) (S 402,434,415) (D 0,0,0)
 0 1 17 8234 14299  19 (D 0,0,0) (S 50,63,64) (S 51,64,65) (S 1087,65,451) (S 384,419,418) (S 381,416,327) (S 906,328,435) (S 907,435,704) (S 842,704,607) (S 843,607,705) (S 633,167,62) (S 49,61,62) (S 634,62,169) (S 135,168,169) (S 305,169,349) (S 465,350,495) (S 1030,495,325) (S 1029,325,520) (D 0,0,0)
 0 1 18 8649 19875  18 (D 0,0,0) (S 661,319,534) (S 1020,446,601) (S 294,337,338) (S 1021,337,601) (S 637,601,574) (S 638,574,460) (S 426,460,361) (S 315,359,358) (S 314,358,322) (S 282,322,323) (S 281,322,321) (S 312,321,356) (S 280,321,320) (S 463,320,494) (S 279,320,319) (S 278,319,318) (D 0,0,0)
 0 1 19 8951 30722  19 (D 0,0,0) (S 636,362,600) (S 17,22,21) (S 459,21,484) (S 458,484,490) (S 457,489,490) (S 461,490,492) (S 460,491,492) (S 888,617,730) (S 676,618,619) (S 673,492,483) (S 672,483,22) (S 16,21,20) (S 805,20,503) (S 810,690,691) (S 917,691,360) (S 316,360,359) (S 1032,788,789) (D 0,0,0)
 0 1 20 8934 26583  22 (D 0,0,0) (S 497,519,518) (S 836,636,700) (S 448,59,480) (S 995,480,770) (S 447,480,479) (S 997,479,772) (S 446,479,478) (S 996,478,771) (S 445,478,92) (S 444,92,477) (S 918,477,281) (S 919,281,743) (S 240,281,280) (S 239,279,280) (S 878,280,723) (S 877,280,198) (S 167,197,198) (S 168,198,199) (S 170,200,201) (S 912,741,95) (D 0,0,0)
 0 1 21 8963 24310  21 (D 0,0,0) (S 292,335,334) (S 812,334,471) (S 809,690,599) (S 808,599,689) (S 962,689,606) (S 964,741,707) (S 849,707,201) (S 713,200,639) (S 1161,837,639) (S 712,200,638) (S 940,637,749) (S 710,93,637) (S 711,637,638) (S 850,707,94) (S 851,94,592) (S 615,592,591) (S 420,454,455) (S 854,54,703) (S 841,703,704) (D 0,0,0)
 0 1 22 8965 19230  19 (D 0,0,0) (S 923,736,313) (S 597,582,581) (S 596,581,516) (S 595,516,332) (S 594,332,580) (S 1035,331,580) (S 593,580,438) (S 407,438,439) (S 705,635,636) (S 706,636,58) (S 47,58,59) (S 48,59,60) (S 449,59,481) (S 291,333,332) (S 290,332,331) (S 289,331,330) (S 308,326,351) (D 0,0,0)
 0 1 23 8994 29621  21 (D 0,0,0) (S 768,17,523) (S 391,427,426) (S 1010,779,778) (S 1009,238,778) (S 1016,778,781) (S 1013,425,781) (S 1014,781,237) (S 980,236,152) (S 122,152,153) (S 981,152,140) (S 114,140,141) (S 982,140,391) (S 355,391,392) (S 356,392,393) (S 1005,777,393) (S 357,393,394) (S 358,394,395) (S 485,511,396) (S 359,396,395) (D 0,0,0)
 0 1 24 8911 28106  20 (D 0,0,0) (S 123,154,155) (S 511,155,529) (S 360,397,396) (S 486,396,500) (S 487,500,389) (S 353,389,388) (S 352,388,387) (S 362,387,398) (S 470,398,498) (S 392,428,392) (S 983,391,385) (S 984,385,376) (S 341,376,377) (S 394,377,386) (S 393,386,428) (S 469,428,498) (S 1006,498,393) (S 738,290,137) (D 0,0,0)
 0 1 25 8832 16270  22 (D 0,0,0) (S 971,708,673) (S 520,535,445) (S 519,445,534) (S 660,534,448) (S 659,448,612) (S 658,612,611) (S 657,610,611) (S 1000,611,774) (S 999,774,775) (S 998,773,774) (S 1008,774,612) (S 1001,611,647) (S 729,647,646) (S 793,646,447) (S 412,446,447) (S 413,447,448) (S 411,445,318) (S 277,318,317) (S 870,718,719) (S 743,522,653) (D 0,0,0)
 0 1 26 8295 12654  22 (D 0,0,0) (S 777,676,677) (S 742,653,63) (S 228,63,268) (S 227,268,267) (S 762,267,671) (S 928,671,675) (S 773,675,7) (S 6,7,8) (S 740,8,555) (S 547,190,81) (S 64,81,82) (S 744,654,262) (S 222,262,261) (S 759,261,670) (S 1097,670,656) (S 1098,656,818) (S 846,654,82) (S 160,82,190) (S 161,190,191) (S 1100,191,3) (D 0,0,0)
 0 1 27 7170 10351  13 (D 0,0,0) (S 818,2,695) (S 819,695,696) (S 1107,695,81) (S 63,81,80) (S 614,80,532) (S 1084,191,4) (S 1083,4,728) (S 936,747,727) (S 886,727,728) (S 3,4,3) (S 2,3,2) (D 0,0,0)
 0 1 28 8863 20551  21 (D 0,0,0) (S 1136,443,494) (S 464,494,495) (S 1031,495,788) (S 1082,788,814) (S 1133,335,357) (S 546,358,554) (S 860,709,139) (S 113,138,139) (S 861,139,554) (S 862,554,573) (S 580,573,359) (S 581,359,574) (S 583,497,575) (S 728,575,646) (S 730,647,648) (S 1007,647,612) (S 507,527,526) (S 1140,526,347) (S 303,347,346) (D 0,0,0)
 0 1 29 8750 12455  37 (D 0,0,0) (S 770,674,180) (S 144,180,179) (S 143,179,178) (S 142,178,177) (S 873,507,344) (S 301,344,345) (S 492,345,379) (S 343,379,368) (S 331,368,369) (S 606,369,513) (S 490,513,375) (S 489,375,512) (S 32,41,42) (S 66,42,84) (S 748,84,657) (S 935,657,746) (S 934,657,43) (S 932,745,260) (S 931,260,343) (S 299,343,265) (S 224,265,264) (S 345,264,380) (S 872,380,344) (S 300,344,265) (S 225,265,266) (S 480,266,507) (S 479,507,177) (S 478,177,506) (S 477,506,14) (S 399,15,431) (S 781,431,672) (S 765,672,16) (S 13,16,17) (S 769,17,674) (S 779,674,653) (D 0,0,0)
 0 1 30 8971 17280  26 (D 0,0,0) (S 548,190,555) (S 549,555,509) (S 484,509,510) (S 845,509,654) (S 745,262,655) (S 868,716,655) (S 746,655,656) (S 747,656,657) (S 65,83,84) (S 749,84,373) (S 337,373,374) (S 750,373,658) (S 336,373,40) (S 335,40,372) (S 334,372,371) (S 333,371,370) (S 758,370,669) (S 340,370,375) (S 339,375,86) (S 338,86,263) (S 223,263,264) (S 929,508,671) (S 772,675,268) (S 771,268,180) (D 0,0,0)
 0 1 31 8647 18183  24 (D 0,0,0) (S 643,602,604) (S 723,645,604) (S 686,605,628) (S 644,605,604) (S 724,604,603) (S 641,603,602) (S 642,602,517) (S 494,516,515) (S 951,634,629) (S 688,629,630) (S 687,629,627) (S 685,627,626) (S 1045,626,581) (S 1044,581,776) (S 1004,776,735) (S 1003,735,740) (S 903,740,739) (S 902,739,450) (S 416,450,419) (S 417,419,451) (S 1086,451,352) (S 309,352,351) (D 0,0,0)
 0 1 32 8967 20718  14 (D 0,0,0) (S 166,195,196) (S 776,196,589) (S 775,196,623) (S 683,623,624) (S 684,624,625) (S 1130,624,830) (S 1129,624,829) (S 1128,71,829) (S 1162,838,829) (S 1163,829,632) (S 1164,632,583) (S 601,583,504) (D 0,0,0)
 0 1 33 7681 17870  12 (D 0,0,0) (S 1018,26,783) (S 21,26,27) (S 753,663,664) (S 799,663,686) (S 972,686,27) (S 22,27,28) (S 926,28,731) (S 889,731,732) (S 1099,732,3) (S 1,0,1) (D 0,0,0)
 0 1 34 8879 33749  16 (D 0,0,0) (S 1137,432,443) (S 410,443,444) (S 1135,494,814) (S 807,689,203) (S 15,20,19) (S 993,768,19) (S 14,19,18) (S 296,18,340) (S 295,339,340) (S 438,473,474) (S 439,474,475) (S 1169,474,839) (S 552,473,340) (S 994,19,769) (D 0,0,0)
 0 1 35 8941 33204  19 (D 0,0,0) (S 662,443,319) (S 739,427,137) (S 354,389,390) (S 1050,390,530) (S 1049,390,652) (S 1048,652,399) (S 365,399,400) (S 374,409,400) (S 367,401,402) (S 366,401,400) (S 375,400,410) (S 376,410,411) (S 379,410,401) (S 378,401,414) (S 732,651,414) (S 733,414,652) (S 734,652,388) (D 0,0,0)
 0 1 36 8865 29749  17 (D 0,0,0) (S 112,136,137) (S 737,290,395) (S 736,395,499) (S 471,499,398) (S 735,388,499) (S 472,499,500) (S 473,500,89) (S 70,89,88) (S 69,87,88) (S 632,597,598) (S 667,597,88) (S 666,88,614) (S 665,614,156) (S 125,156,157) (S 124,156,155) (D 0,0,0)
 0 1 37 8933 29211  15 (D 0,0,0) (S 249,154,291) (S 320,242,363) (S 664,363,156) (S 645,363,155) (S 510,155,291) (S 250,291,242) (S 205,242,241) (S 784,528,678) (S 508,528,241) (S 509,241,291) (S 248,154,290) (S 869,717,427) (S 1019,452,446) (D 0,0,0)
 0 1 38 8878 26853  16 (D 0,0,0) (S 418,452,427) (S 1017,426,779) (S 1011,779,239) (S 204,239,240) (S 1012,239,780) (S 203,239,238) (S 202,238,237) (S 1015,237,782) (S 201,237,236) (S 979,236,424) (S 876,721,722) (S 978,722,424) (S 389,424,425) (S 390,425,426) (D 0,0,0)
 0 1 39 8922 24357  16 (D 0,0,0) (S 313,357,322) (S 582,574,497) (S 468,497,461) (S 81,100,101) (S 82,101,102) (S 726,101,501) (S 725,501,24) (S 20,24,25) (S 19,24,23) (S 887,23,729) (S 18,23,22) (S 671,22,502) (S 318,98,361) (S 1134,357,814) (D 0,0,0)
 0 1 40 8775 32781  15 (D 0,0,0) (S 319,98,362) (S 802,688,493) (S 801,493,496) (S 800,687,496) (S 466,496,489) (S 456,489,488) (S 863,710,711) (S 967,710,488) (S 966,488,618) (S 675,618,617) (S 674,617,492) (S 451,483,484) (S 452,484,485) (D 0,0,0)
 0 1 41 8981 34172  20 (D 0,0,0) (S 317,360,361) (S 475,502,503) (S 756,667,442) (S 757,442,668) (S 409,442,441) (S 1171,840,441) (S 408,441,440) (S 617,594,440) (S 755,665,666) (S 1116,665,662) (S 752,661,662) (S 815,693,694) (S 814,693,466) (S 813,692,466) (S 754,465,665) (S 1117,665,440) (S 1118,440,825) (S 462,493,490) (D 0,0,0)
 0 1 42 8866 32997  19 (D 0,0,0) (S 431,465,466) (S 796,467,684) (S 433,467,468) (S 434,468,469) (S 435,469,304) (S 265,304,305) (S 264,304,303) (S 263,302,303) (S 1111,303,556) (S 1112,556,641) (S 714,640,641) (S 795,683,467) (S 432,467,466) (S 430,465,464) (S 1173,464,825) (S 1120,667,688) (S 804,485,20) (D 0,0,0)
 0 1 43 8896 27670  19 (D 0,0,0) (S 965,707,638) (S 169,200,199) (S 442,199,79) (S 62,78,79) (S 441,79,476) (S 440,476,142) (S 115,142,143) (S 797,143,476) (S 798,476,685) (S 443,199,477) (S 241,281,282) (S 875,282,720) (S 242,282,283) (S 874,282,91) (S 71,90,91) (S 72,91,92) (S 73,92,93) (D 0,0,0)
 0 1 44 8883 21680  16 (D 0,0,0) (S 909,53,454) (S 910,454,591) (S 911,591,95) (S 76,95,96) (S 78,97,98) (S 79,98,99) (S 80,99,100) (S 467,100,461) (S 427,461,460) (S 639,460,99) (S 640,99,600) (S 670,600,502) (S 474,502,501) (S 727,101,575) (D 0,0,0)
 0 1 45 8841 26146  20 (D 0,0,0) (S 419,454,453) (S 647,472,96) (S 646,96,606) (S 963,606,741) (S 913,741,202) (S 171,202,201) (S 848,201,146) (S 847,706,146) (S 120,148,149) (S 119,148,147) (S 118,147,146) (S 117,146,145) (S 915,145,742) (S 116,145,144) (S 293,336,144) (S 914,145,202) (S 172,202,203) (S 635,599,362) (D 0,0,0)
 0 1 46 8986 37843  17 (D 0,0,0) (S 551,473,469) (S 550,469,556) (S 269,308,309) (S 1109,824,308) (S 268,307,308) (S 1110,308,303) (S 715,468,641) (S 1113,641,683) (S 794,682,683) (S 1114,683,693) (S 1115,693,662) (S 1172,441,825) (S 1119,825,667) (S 803,688,485) (S 806,503,203) (D 0,0,0)
 0 1 47 8925 27927  10 (D 0,0,0) (S 977,300,116) (S 94,116,117) (S 326,366,226) (S 193,226,227) (S 194,227,228) (S 192,226,225) (S 538,546,547) (S 573,249,567) (D 0,0,0)
 0 1 48 8904 32020  23 (D 0,0,0) (S 523,364,536) (S 823,536,285) (S 243,284,285) (S 244,285,286) (S 585,286,576) (S 821,681,381) (S 619,38,595) (S 620,595,570) (S 576,564,131) (S 108,131,132) (S 200,132,235) (S 542,233,549) (S 540,549,550) (S 541,551,549) (S 197,232,233) (S 198,233,234) (S 716,642,234) (S 199,234,132) (S 787,133,595) (S 788,595,222) (S 789,222,681) (D 0,0,0)
 0 1 49 8990 31476  22 (D 0,0,0) (S 654,609,608) (S 1170,608,577) (S 586,364,286) (S 822,285,681) (S 207,130,244) (S 206,244,243) (S 1104,243,796) (S 1103,820,796) (S 1052,796,795) (S 1051,795,162) (S 131,162,163) (S 130,162,161) (S 129,161,128) (S 104,128,127) (S 882,126,724) (S 881,724,314) (S 879,470,540) (S 138,158,173) (S 627,596,565) (S 323,365,117) (D 0,0,0)
 0 1 50 8908 23942  11 (D 0,0,0) (S 553,557,215) (S 560,561,258) (S 220,258,259) (S 554,557,306) (S 267,306,300) (S 976,300,587) (S 608,587,559) (S 557,559,209) (S 555,558,306) (D 0,0,0)
 0 1 51 8850 24005  19 (D 0,0,0) (S 561,214,561) (S 656,561,365) (S 324,365,257) (S 325,257,366) (S 590,366,578) (S 589,578,567) (S 574,567,568) (S 588,567,577) (S 587,577,364) (S 322,364,29) (S 23,29,30) (S 349,30,384) (S 24,30,31) (S 348,30,383) (S 652,287,29) (S 653,29,608) (S 655,609,561) (D 0,0,0)
 0 1 52 8987 26325  13 (D 0,0,0) (S 213,249,250) (S 571,547,566) (S 722,566,644) (S 721,566,548) (S 720,548,537) (S 527,224,538) (S 528,538,295) (S 253,295,294) (S 558,560,294) (S 559,294,258) (S 182,214,215) (D 0,0,0)
 0 1 53 8900 30479  30 (D 0,0,0) (S 539,547,548) (S 254,295,296) (S 624,297,463) (S 429,463,462) (S 428,462,213) (S 275,246,315) (S 939,315,748) (S 956,748,160) (S 957,160,757) (S 952,757,127) (S 103,127,126) (S 883,126,725) (S 949,756,725) (S 950,725,751) (S 942,751,752) (S 941,750,751) (S 884,725,421) (S 387,421,420) (S 954,420,756) (S 953,756,127) (S 128,128,160) (S 127,160,159) (S 273,159,314) (S 880,314,470) (S 436,470,213) (S 566,211,219) (S 567,219,462) (S 529,539,295) (D 0,0,0)
 0 1 54 8920 41435  18 (D 0,0,0) (S 568,539,462) (S 210,213,246) (S 209,246,245) (S 955,245,748) (S 1061,795,802) (S 215,252,231) (S 234,230,273) (S 261,229,254) (S 217,254,255) (S 260,229,299) (S 543,552,299) (S 195,229,230) (S 233,272,230) (S 196,230,231) (S 214,251,231) (S 1198,842,844) (D 0,0,0)
 0 1 55 8905 29945  30 (D 0,0,0) (S 212,249,248) (S 211,248,247) (S 718,223,247) (S 719,247,537) (S 526,537,224) (S 623,463,217) (S 622,217,277) (S 238,277,278) (S 247,278,289) (S 246,288,278) (S 621,277,570) (S 577,570,564) (S 563,564,275) (S 235,275,274) (S 454,274,486) (S 455,486,487) (S 564,275,486) (S 565,486,211) (S 179,210,211) (S 180,211,212) (S 181,212,213) (S 186,212,219) (S 185,219,218) (S 256,218,276) (S 257,276,135) (S 618,135,38) (S 991,38,712) (S 188,221,222) (D 0,0,0)
 0 1 56 8634 26506  16 (D 0,0,0) (S 245,287,286) (S 790,576,681) (S 189,222,223) (S 717,643,223) (S 190,223,224) (S 626,538,596) (S 1055,596,173) (S 139,173,174) (S 329,174,293) (S 328,293,367) (S 628,367,565) (S 569,565,225) (S 572,547,249) (S 1184,578,609) (D 0,0,0)
 0 1 57 8993 32462  25 (D 0,0,0) (S 570,566,225) (S 191,225,224) (S 625,538,297) (S 259,297,298) (S 258,297,296) (S 255,296,218) (S 184,218,217) (S 183,217,216) (S 231,270,216) (S 232,216,271) (S 237,277,276) (S 236,276,275) (S 453,274,246) (S 208,245,130) (S 107,130,131) (S 575,569,131) (S 106,130,129) (S 105,129,128) (S 958,757,724) (S 126,159,158) (S 530,158,539) (S 525,537,248) (S 524,248,536) (D 0,0,0)
 0 1 58 8931 30154  22 (D 0,0,0) (S 791,287,576) (S 584,576,382) (S 346,382,381) (S 820,697,381) (S 989,381,221) (S 187,220,221) (S 990,221,712) (S 864,712,713) (S 110,134,133) (S 109,132,133) (S 786,133,680) (S 1189,680,842) (S 1197,615,844) (S 1199,844,135) (S 111,135,134) (S 992,134,38) (S 29,37,38) (S 347,382,383) (S 544,553,383) (S 545,383,287) (D 0,0,0)
 0 1 59 8931 24244  10 (D 0,0,0) (S 252,294,293) (S 251,293,292) (S 304,292,348) (S 630,292,269) (S 230,269,227) (S 229,227,256) (S 218,256,257) (S 219,257,258) (D 0,0,0)
 0 1 60 8834 32633  22 (D 0,0,0) (S 1185,614,529) (S 512,529,397) (S 513,397,89) (S 514,89,530) (S 515,530,531) (S 631,530,597) (S 668,597,615) (S 1188,615,842) (S 785,680,679) (S 1160,679,252) (S 216,252,253) (S 1159,252,802) (S 1158,802,726) (S 1157,836,726) (S 885,726,421) (S 386,420,161) (S 385,161,243) (S 937,244,129) (S 938,129,748) (S 274,315,159) (D 0,0,0)
 0 1 61 8895 30621  8 (D 0,0,0) (S 140,174,175) (S 141,175,176) (S 1068,175,807) (S 1067,175,348) (S 629,269,367) (S 327,367,226) (D 0,0,0)
 0 1 62 8990 33815  24 (D 0,0,0) (S 330,174,115) (S 96,118,119) (S 98,119,121) (S 1145,121,33) (S 27,34,35) (S 28,35,36) (S 825,35,10) (S 7,9,10) (S 824,35,120) (S 831,120,34) (S 830,34,11) (S 9,11,12) (S 10,12,13) (S 156,32,123) (S 155,123,187) (S 1059,187,800) (S 1196,800,805) (S 1065,805,186) (S 1058,800,798) (S 1053,798,797) (S 92,113,114) (S 93,114,115) (D 0,0,0)
 0 1 63 9000 33834  21 (D 0,0,0) (S 95,115,118) (S 1056,118,799) (S 1057,799,798) (S 1054,798,122) (S 100,122,123) (S 1148,124,765) (S 1147,765,834) (S 1146,833,834) (S 1174,834,764) (S 1176,125,110) (S 1150,111,801) (S 1060,801,187) (S 154,187,186) (S 153,186,112) (S 91,112,113) (S 1195,113,805) (S 1064,805,797) (S 1063,797,804) (S 1143,804,799) (D 0,0,0)
 0 1 64 9000 35612  23 (D 0,0,0) (S 97,119,120) (S 26,34,33) (S 25,33,32) (S 158,12,188) (S 829,188,11) (S 8,11,10) (S 826,10,189) (S 827,189,698) (S 159,189,188) (S 828,699,188) (S 157,12,32) (S 975,32,765) (S 974,765,764) (S 973,763,764) (S 1175,764,125) (S 1062,125,803) (S 102,125,124) (S 1149,124,801) (S 101,124,123) (S 99,122,121) (S 1144,121,799) (D 0,0,0)
 0 1 65 8963 37649  16 (D 0,0,0) (S 947,755,754) (S 1194,813,113) (S 90,112,111) (S 89,111,110) (S 1177,110,809) (S 1178,809,545) (S 34,44,45) (S 1180,45,109) (S 537,545,184) (S 536,184,544) (S 1201,846,544) (S 1192,843,543) (S 534,543,542) (S 531,540,158) (D 0,0,0)
 0 1 66 8863 33610  19 (D 0,0,0) (S 945,541,753) (S 1211,753,841) (S 1210,841,843) (S 1209,847,843) (S 1191,843,105) (S 1190,105,48) (S 37,48,47) (S 147,46,182) (S 146,182,75) (S 145,181,75) (S 60,75,74) (S 1066,806,74) (S 59,74,73) (S 986,73,766) (S 985,766,376) (S 350,385,386) (S 351,386,387) (D 0,0,0)
 0 1 67 8916 35687  21 (D 0,0,0) (S 361,394,398) (S 363,387,378) (S 364,378,399) (S 1047,399,429) (S 377,412,413) (S 397,412,430) (S 396,412,429) (S 342,378,377) (S 395,377,429) (S 1046,429,766) (S 987,73,767) (S 988,767,49) (S 39,49,50) (S 944,103,753) (S 946,541,754) (S 1077,754,810) (S 1072,810,811) (S 1212,811,755) (S 948,755,115) (D 0,0,0)
 0 1 68 8989 34200  18 (D 0,0,0) (S 1069,114,185) (S 1151,808,111) (S 152,112,185) (S 151,185,184) (S 150,184,183) (S 1206,849,183) (S 149,183,108) (S 148,108,46) (S 36,46,47) (S 1205,47,848) (S 1204,47,106) (S 1203,106,847) (S 1202,847,544) (S 535,544,543) (S 1193,543,813) (S 1076,813,810) (D 0,0,0)
 0 1 69 8969 40435  11 (D 0,0,0) (S 1208,847,845) (S 87,107,108) (S 35,46,45) (S 1181,45,812) (S 61,76,77) (S 1182,76,812) (S 1075,812,182) (S 1074,182,806) (S 1073,806,767) (D 0,0,0)
 0 1 70 8870 34766  18 (D 0,0,0) (S 1070,185,808) (S 1071,808,809) (S 1179,545,109) (S 88,109,108) (S 1207,183,845) (S 1200,845,107) (S 86,107,106) (S 85,106,105) (S 84,105,104) (S 83,104,103) (S 943,103,49) (S 38,49,48) (S 1186,104,841) (S 1187,841,542) (S 533,542,541) (S 532,541,540) (D 0,0,0)
