1740706
70
2401213
2217500
 0 1 1 8463 12826  16 (D 0,0,0) (S 817,0,2) (S 516,191,532) (S 613,532,585) (S 612,585,590) (S 611,590,589) (S 775,196,623) (S 774,623,505) (S 476,505,504) (S 602,504,584) (S 679,353,459) (S 677,620,621) (S 890,621,733) (S 1090,733,734) (S 3,4,3) (D 0,0,0)
 0 1 2 8994 15862  19 (D 0,0,0) (S 1091,4,734) (S 678,621,459) (S 424,459,355) (S 311,355,354) (S 310,354,353) (S 601,504,583) (S 1164,583,632) (S 1163,632,829) (S 1129,829,624) (S 684,624,625) (S 1130,624,830) (S 683,624,623) (S 682,623,622) (S 693,622,195) (S 321,193,354) (S 425,355,192) (S 1100,191,3) (D 0,0,0)
 0 1 3 8741 15159  16 (D 0,0,0) (S 162,191,192) (S 163,192,193) (S 164,193,194) (S 604,194,585) (S 605,585,206) (S 178,208,209) (S 556,558,209) (S 557,209,559) (S 609,559,588) (S 1121,588,208) (S 177,208,207) (S 176,207,206) (S 175,206,151) (S 517,150,532) (D 0,0,0)
 0 1 4 7885 11976  21 (D 0,0,0) (S 1084,4,191) (S 161,191,190) (S 548,190,555) (S 549,555,509) (S 845,509,654) (S 64,82,81) (S 740,555,8) (S 6,8,7) (S 773,7,675) (S 772,675,268) (S 771,268,180) (S 770,180,674) (S 769,674,17) (S 768,17,523) (S 503,523,522) (S 858,708,433) (S 859,433,324) (S 689,631,324) (S 792,521,677) (D 0,0,0)
 0 1 5 7843 16544  12 (D 0,0,0) (S 2,2,3) (S 1099,3,732) (S 889,732,731) (S 926,731,28) (S 22,28,27) (S 21,27,26) (S 1018,26,783) (S 799,686,663) (S 753,663,664) (S 972,686,27) (D 0,0,0)
 0 1 6 8095 15353  17 (D 0,0,0) (S 1026,3,787) (S 1027,787,64) (S 51,64,65) (S 52,65,66) (S 900,66,171) (S 137,171,172) (S 54,67,68) (S 600,68,583) (S 1165,583,737) (S 53,67,66) (S 899,66,738) (S 1089,816,733) (S 886,728,727) (S 936,747,727) (S 1083,728,4) (D 0,0,0)
 0 1 7 8503 14420  13 (D 0,0,0) (S 818,2,695) (S 63,81,80) (S 614,80,532) (S 518,150,533) (S 121,150,151) (S 266,151,306) (S 555,306,558) (S 1132,558,826) (S 1122,826,208) (S 691,207,590) (S 692,590,195) (D 0,0,0)
 0 1 8 8856 19018  14 (D 0,0,0) (S 680,353,584) (S 603,584,194) (S 165,194,195) (S 166,195,196) (S 776,196,589) (S 610,589,588) (S 608,559,587) (S 607,586,587) (S 976,587,300) (S 267,300,306) (S 174,151,205) (S 173,204,205) (D 0,0,0)
 0 1 9 8621 12370  25 (D 0,0,0) (S 819,695,696) (S 1107,695,81) (S 547,81,190) (S 160,190,82) (S 846,82,654) (S 744,654,262) (S 222,262,261) (S 760,261,342) (S 297,341,342) (S 298,342,343) (S 930,343,508) (S 482,508,5) (S 4,5,6) (S 5,6,7) (S 761,6,671) (S 762,671,267) (S 227,267,268) (S 228,268,63) (S 50,63,64) (S 1028,64,520) (S 501,520,521) (S 502,521,522) (S 743,522,653) (D 0,0,0)
 0 1 10 8973 20338  18 (D 0,0,0) (S 383,417,418) (S 922,313,582) (S 598,582,404) (S 599,404,68) (S 55,68,69) (S 696,632,69) (S 697,69,405) (S 56,69,70) (S 57,70,71) (S 1128,71,829) (S 1162,838,829) (S 695,632,505) (S 694,505,622) (S 681,622,584) (S 423,458,459) (S 891,621,734) (D 0,0,0)
 0 1 11 8978 19919  19 (D 0,0,0) (S 698,633,405) (S 1033,406,70) (S 58,71,72) (S 1127,71,407) (S 1126,828,407) (S 373,407,408) (S 372,407,406) (S 371,406,405) (S 370,405,404) (S 369,404,403) (S 663,403,613) (S 368,403,170) (S 136,170,171) (S 901,171,450) (S 416,450,419) (S 1087,451,65) (S 1088,65,816) (D 0,0,0)
 0 1 12 8987 17525  13 (D 0,0,0) (S 499,351,416) (S 497,519,518) (S 496,518,517) (S 493,515,514) (S 833,514,333) (S 449,481,59) (S 48,59,60) (S 834,481,333) (S 291,333,332) (S 290,332,331) (S 288,330,329) (D 0,0,0)
 0 1 13 8939 19233  26 (D 0,0,0) (S 857,518,329) (S 289,330,331) (S 1035,331,580) (S 592,438,579) (S 591,579,57) (S 46,57,58) (S 421,456,455) (S 853,455,54) (S 43,54,55) (S 44,55,56) (S 1038,56,791) (S 1037,56,701) (S 1036,701,790) (S 1042,790,660) (S 751,659,660) (S 1041,660,793) (S 1039,792,793) (S 1040,793,785) (S 1023,785,784) (S 1025,784,786) (S 731,649,650) (S 1022,649,784) (S 1024,784,437) (S 927,437,330) (D 0,0,0)
 0 1 14 8897 25765  15 (D 0,0,0) (S 854,703,54) (S 852,455,592) (S 616,592,593) (S 710,93,637) (S 940,637,749) (S 711,637,638) (S 170,200,201) (S 171,201,202) (S 172,202,203) (S 962,689,606) (S 912,741,95) (S 76,95,96) (S 649,571,453) (D 0,0,0)
 0 1 15 8988 20804  21 (D 0,0,0) (S 841,704,703) (S 42,54,53) (S 910,454,591) (S 911,591,95) (S 75,95,94) (S 74,94,93) (S 709,93,562) (S 562,562,563) (S 708,562,456) (S 422,456,457) (S 707,456,58) (S 961,758,760) (S 960,758,759) (S 959,758,635) (S 704,635,439) (S 407,439,438) (S 406,438,437) (S 405,437,436) (S 404,436,435) (D 0,0,0)
 0 1 16 8926 18156  18 (D 0,0,0) (S 494,516,515) (S 702,515,422) (S 388,422,423) (S 703,422,439) (S 705,635,636) (S 836,636,700) (S 835,700,481) (S 450,481,482) (S 47,59,58) (S 706,58,636) (S 837,636,579) (S 838,579,701) (S 839,701,702) (S 134,166,167) (S 1081,705,434) (S 380,415,327) (D 0,0,0)
 0 1 17 8974 18443  22 (D 0,0,0) (S 500,520,351) (S 382,416,417) (S 1002,417,740) (S 903,740,739) (S 924,739,736) (S 1004,735,776) (S 1044,776,581) (S 1045,581,626) (S 685,626,627) (S 687,627,629) (S 688,629,630) (S 951,629,634) (S 701,634,515) (S 700,634,627) (S 699,627,633) (S 920,744,633) (S 921,633,582) (S 597,582,581) (S 596,581,516) (S 495,516,517) (D 0,0,0)
 0 1 18 8995 27992  23 (D 0,0,0) (S 45,56,57) (S 448,59,480) (S 995,480,770) (S 447,480,479) (S 997,479,772) (S 446,479,478) (S 996,478,771) (S 445,478,92) (S 72,92,91) (S 71,90,91) (S 874,91,282) (S 242,282,283) (S 875,282,720) (S 241,282,281) (S 878,280,723) (S 239,279,280) (S 240,280,281) (S 919,281,743) (S 918,281,477) (S 444,477,92) (S 73,92,93) (D 0,0,0)
 0 1 19 8647 24349  22 (D 0,0,0) (S 811,471,691) (S 916,690,97) (S 646,96,606) (S 963,606,741) (S 913,741,202) (S 914,202,145) (S 915,145,742) (S 293,336,144) (S 116,144,145) (S 117,145,146) (S 847,706,146) (S 118,146,147) (S 119,147,148) (S 120,148,149) (S 848,146,201) (S 849,201,707) (S 850,707,94) (S 851,94,592) (S 420,455,454) (S 909,454,53) (D 0,0,0)
 0 1 20 8965 30809  23 (D 0,0,0) (S 419,454,453) (S 648,571,472) (S 810,691,690) (S 809,690,599) (S 803,485,688) (S 1172,825,441) (S 408,441,440) (S 617,594,440) (S 754,665,465) (S 431,465,466) (S 813,692,466) (S 814,466,693) (S 1115,693,662) (S 752,661,662) (S 1116,662,665) (S 1171,840,441) (S 409,441,442) (S 757,442,668) (S 756,442,667) (S 1120,667,688) (S 635,599,362) (D 0,0,0)
 0 1 21 8940 28784  17 (D 0,0,0) (S 808,599,689) (S 452,485,484) (S 451,484,483) (S 460,491,492) (S 461,492,490) (S 466,489,496) (S 800,687,496) (S 801,496,493) (S 462,493,490) (S 458,490,484) (S 459,484,21) (S 16,21,20) (S 475,503,502) (S 670,502,600) (S 636,600,362) (D 0,0,0)
 0 1 22 8959 34004  20 (D 0,0,0) (S 807,689,203) (S 806,203,503) (S 1118,825,440) (S 755,665,666) (S 815,693,694) (S 1114,693,683) (S 794,682,683) (S 1113,683,641) (S 714,640,641) (S 550,556,469) (S 715,468,641) (S 795,683,467) (S 796,467,684) (S 432,467,466) (S 430,465,464) (S 1173,464,825) (S 1119,825,667) (S 804,485,20) (D 0,0,0)
 0 1 23 8980 33828  16 (D 0,0,0) (S 17,21,22) (S 672,22,483) (S 673,483,492) (S 674,492,617) (S 888,617,730) (S 675,617,618) (S 676,618,619) (S 966,618,488) (S 863,710,711) (S 967,710,488) (S 456,488,489) (S 457,489,490) (S 802,493,688) (S 917,691,360) (D 0,0,0)
 0 1 24 8850 24668  12 (D 0,0,0) (S 581,359,574) (S 583,497,575) (S 726,101,501) (S 474,501,502) (S 671,502,22) (S 18,22,23) (S 887,23,729) (S 19,23,24) (S 20,24,25) (S 725,24,501) (D 0,0,0)
 0 1 25 8998 38414  15 (D 0,0,0) (S 994,19,769) (S 551,473,469) (S 435,469,304) (S 265,304,305) (S 264,304,303) (S 263,302,303) (S 1110,303,308) (S 268,307,308) (S 1109,824,308) (S 269,308,309) (S 1111,303,556) (S 1112,556,641) (S 1117,665,440) (D 0,0,0)
 0 1 26 8991 33606  14 (D 0,0,0) (S 433,467,468) (S 434,468,469) (S 438,473,474) (S 439,474,475) (S 1169,474,839) (S 552,473,340) (S 295,339,340) (S 296,340,18) (S 14,18,19) (S 993,768,19) (S 15,19,20) (S 805,20,503) (D 0,0,0)
 0 1 27 8991 29041  21 (D 0,0,0) (S 908,704,53) (S 964,741,707) (S 965,707,638) (S 712,638,200) (S 169,200,199) (S 168,199,198) (S 167,197,198) (S 877,198,280) (S 443,477,199) (S 62,78,79) (S 441,79,476) (S 798,476,685) (S 797,476,143) (S 115,143,142) (S 440,142,476) (S 442,79,199) (S 713,200,639) (S 1161,837,639) (S 615,592,591) (D 0,0,0)
 0 1 28 5124 9599  21 (D 0,0,0) (S 1,0,1) (S 778,677,653) (S 779,653,674) (S 764,672,179) (S 398,178,431) (S 781,431,672) (S 765,672,16) (S 12,16,15) (S 11,15,14) (S 1080,14,525) (S 1079,525,762) (S 969,762,761) (S 968,761,535) (S 521,535,527) (S 522,527,368) (S 331,368,369) (S 343,368,379) (S 492,379,345) (S 782,506,431) (D 0,0,0)
 0 1 29 8816 16142  27 (D 0,0,0) (S 1153,708,719) (S 870,719,718) (S 661,319,534) (S 660,534,448) (S 659,448,612) (S 1008,612,774) (S 999,774,775) (S 998,773,774) (S 1000,774,611) (S 657,610,611) (S 658,611,612) (S 1007,612,647) (S 730,647,648) (S 729,646,647) (S 1001,647,611) (S 519,534,445) (S 411,445,318) (S 277,318,317) (S 1156,317,835) (S 1155,317,832) (S 1139,832,718) (S 1078,718,762) (S 970,762,673) (S 971,673,708) (S 1152,708,522) (D 0,0,0)
 0 1 30 8997 22167  19 (D 0,0,0) (S 504,523,524) (S 1020,446,601) (S 294,337,338) (S 1021,337,601) (S 582,574,497) (S 468,497,461) (S 467,461,100) (S 80,100,99) (S 639,99,460) (S 426,460,361) (S 317,361,360) (S 316,360,359) (S 579,573,572) (S 865,572,714) (S 578,572,571) (S 650,453,52) (S 307,350,326) (D 0,0,0)
 0 1 31 8851 20663  23 (D 0,0,0) (S 1029,520,325) (S 286,327,328) (S 907,435,704) (S 842,704,607) (S 651,607,52) (S 41,52,53) (S 840,703,702) (S 1034,702,166) (S 133,166,165) (S 132,164,165) (S 832,165,700) (S 593,438,580) (S 594,580,332) (S 595,332,516) (S 642,517,602) (S 643,602,604) (S 644,604,605) (S 686,605,628) (S 723,645,604) (S 724,604,603) (S 641,603,602) (D 0,0,0)
 0 1 32 8613 18028  18 (D 0,0,0) (S 305,349,169) (S 135,168,169) (S 634,169,62) (S 49,61,62) (S 633,62,167) (S 844,167,705) (S 843,705,607) (S 40,52,51) (S 1101,51,794) (S 1102,794,819) (S 1043,794,55) (S 855,703,436) (S 856,436,329) (S 287,329,328) (S 284,326,325) (S 283,325,324) (D 0,0,0)
 0 1 33 8920 12440  22 (D 0,0,0) (S 690,521,324) (S 400,433,432) (S 1137,432,443) (S 410,443,444) (S 662,443,319) (S 279,319,320) (S 463,320,494) (S 464,494,495) (S 465,495,350) (S 306,350,349) (S 401,349,434) (S 402,434,415) (S 403,415,435) (S 906,435,328) (S 905,328,519) (S 498,519,416) (S 381,416,327) (S 285,327,326) (S 308,326,351) (S 816,677,0) (D 0,0,0)
 0 1 34 8614 12941  28 (D 0,0,0) (S 777,676,677) (S 742,653,63) (S 1168,63,787) (S 1167,787,816) (S 1166,816,738) (S 898,738,737) (S 897,737,67) (S 896,67,170) (S 895,170,449) (S 414,449,312) (S 271,312,310) (S 270,310,311) (S 272,310,313) (S 923,313,736) (S 892,735,518) (S 904,519,740) (S 1003,740,735) (S 893,735,736) (S 894,736,449) (S 415,449,450) (S 902,450,739) (S 925,739,418) (S 384,418,419) (S 417,419,451) (S 1086,451,352) (S 309,352,351) (D 0,0,0)
 0 1 35 8888 14914  30 (D 0,0,0) (S 780,674,672) (S 399,431,15) (S 477,14,506) (S 783,506,346) (S 302,346,345) (S 301,345,344) (S 300,344,265) (S 299,265,343) (S 931,343,260) (S 221,260,261) (S 759,261,670) (S 1096,670,745) (S 1095,745,85) (S 1094,85,512) (S 488,512,41) (S 32,41,42) (S 66,42,84) (S 65,83,84) (S 748,84,657) (S 747,657,656) (S 1098,656,818) (S 746,656,655) (S 868,716,655) (S 745,655,262) (S 484,509,510) (S 483,509,5) (S 929,508,671) (S 928,671,675) (D 0,0,0)
 0 1 36 8658 17092  28 (D 0,0,0) (S 144,180,179) (S 763,179,267) (S 226,267,266) (S 481,266,508) (S 932,260,745) (S 933,745,43) (S 1131,823,831) (S 1106,823,822) (S 1105,821,822) (S 1183,822,43) (S 934,43,657) (S 935,657,746) (S 749,84,373) (S 337,373,374) (S 750,373,658) (S 336,373,40) (S 867,372,715) (S 1092,817,715) (S 489,512,375) (S 339,375,86) (S 338,86,263) (S 223,263,264) (S 345,264,380) (S 872,380,344) (S 873,344,507) (S 478,177,506) (D 0,0,0)
 0 1 37 8989 17724  17 (D 0,0,0) (S 303,346,347) (S 1140,347,526) (S 507,526,527) (S 520,535,445) (S 413,448,447) (S 793,447,646) (S 728,646,575) (S 727,575,101) (S 82,101,102) (S 81,101,100) (S 427,461,460) (S 638,460,574) (S 637,574,601) (S 412,446,447) (S 1154,832,719) (D 0,0,0)
 0 1 38 8989 17421  19 (D 0,0,0) (S 1136,443,494) (S 1135,494,814) (S 1134,814,357) (S 313,357,322) (S 318,361,98) (S 319,98,362) (S 640,600,99) (S 79,99,98) (S 78,98,97) (S 77,97,96) (S 647,96,472) (S 437,472,471) (S 812,471,334) (S 292,334,335) (S 1133,335,357) (S 1031,788,495) (S 1030,495,325) (D 0,0,0)
 0 1 39 8993 18888  24 (D 0,0,0) (S 1032,788,789) (S 1082,788,814) (S 546,358,554) (S 860,709,139) (S 113,138,139) (S 861,139,554) (S 862,554,573) (S 580,573,359) (S 315,359,358) (S 314,358,322) (S 282,322,323) (S 281,322,321) (S 312,321,356) (S 280,321,320) (S 278,319,318) (S 276,317,316) (S 1142,316,761) (S 1141,761,526) (S 506,526,525) (S 505,525,524) (S 766,524,16) (S 13,16,17) (D 0,0,0)
 0 1 40 8924 18453  30 (D 0,0,0) (S 143,179,178) (S 142,178,177) (S 479,177,507) (S 480,507,266) (S 225,266,265) (S 224,265,264) (S 491,379,513) (S 490,513,375) (S 340,375,370) (S 758,370,669) (S 334,371,372) (S 335,372,40) (S 669,616,39) (S 1085,39,815) (S 30,39,40) (S 31,40,41) (S 1093,512,715) (S 866,715,371) (S 333,371,370) (S 332,370,369) (S 606,369,513) (S 344,379,380) (S 871,380,86) (S 68,86,85) (S 67,85,42) (S 33,42,43) (S 1097,670,656) (S 741,8,63) (D 0,0,0)
 0 1 41 8930 27797  17 (D 0,0,0) (S 767,524,673) (S 869,717,427) (S 1017,426,779) (S 1010,779,778) (S 1009,778,238) (S 202,238,237) (S 1015,237,782) (S 980,236,152) (S 122,152,153) (S 981,152,140) (S 114,140,141) (S 982,140,391) (S 356,392,393) (S 357,393,394) (S 737,395,290) (D 0,0,0)
 0 1 42 8985 29091  20 (D 0,0,0) (S 739,427,137) (S 358,395,394) (S 361,394,398) (S 470,398,498) (S 469,498,428) (S 392,428,392) (S 355,392,391) (S 983,391,385) (S 341,376,377) (S 395,377,429) (S 1046,429,766) (S 985,766,376) (S 984,376,385) (S 350,385,386) (S 351,386,387) (S 471,398,499) (S 736,499,395) (S 112,136,137) (D 0,0,0)
 0 1 43 8900 27279  16 (D 0,0,0) (S 418,452,427) (S 738,137,290) (S 509,291,241) (S 784,528,678) (S 508,528,241) (S 205,241,242) (S 320,242,363) (S 664,363,156) (S 125,156,157) (S 665,156,614) (S 1185,614,529) (S 511,529,155) (S 510,155,291) (S 249,291,154) (D 0,0,0)
 0 1 44 8923 27530  17 (D 0,0,0) (S 1019,446,452) (S 391,427,426) (S 1011,779,239) (S 1012,239,780) (S 204,239,240) (S 203,239,238) (S 1016,778,781) (S 1014,781,237) (S 201,237,236) (S 979,236,424) (S 876,721,722) (S 978,722,424) (S 389,424,425) (S 1013,425,781) (S 390,425,426) (D 0,0,0)
 0 1 45 8861 32485  21 (D 0,0,0) (S 1005,777,393) (S 1006,393,498) (S 393,428,386) (S 394,386,377) (S 342,377,378) (S 1047,399,429) (S 396,429,412) (S 397,412,430) (S 377,412,413) (S 364,399,378) (S 363,378,387) (S 352,387,388) (S 353,388,389) (S 487,389,500) (S 473,500,89) (S 513,89,397) (S 360,397,396) (S 485,511,396) (S 359,396,395) (D 0,0,0)
 0 1 46 8978 33578  19 (D 0,0,0) (S 734,388,652) (S 733,652,414) (S 732,651,414) (S 378,414,401) (S 379,401,410) (S 376,410,411) (S 375,410,400) (S 367,401,402) (S 366,401,400) (S 374,409,400) (S 365,400,399) (S 1048,399,652) (S 1049,652,390) (S 354,390,389) (S 735,388,499) (S 472,499,500) (S 486,500,396) (D 0,0,0)
 0 1 47 8934 29722  19 (D 0,0,0) (S 1138,832,432) (S 248,290,154) (S 250,291,242) (S 645,363,155) (S 512,529,397) (S 69,87,88) (S 70,88,89) (S 514,89,530) (S 515,530,531) (S 1050,390,530) (S 631,530,597) (S 668,597,615) (S 632,597,598) (S 667,597,88) (S 666,88,614) (S 124,156,155) (S 123,155,154) (D 0,0,0)
 0 1 48 8989 32703  23 (D 0,0,0) (S 823,536,285) (S 788,222,595) (S 787,595,133) (S 109,133,132) (S 200,132,235) (S 716,642,234) (S 541,551,549) (S 540,549,550) (S 542,549,233) (S 197,232,233) (S 198,233,234) (S 199,234,132) (S 108,132,131) (S 106,130,129) (S 937,129,244) (S 207,244,130) (S 208,130,245) (S 210,246,213) (S 428,213,462) (S 429,462,463) (S 529,539,295) (D 0,0,0)
 0 1 49 8969 26584  18 (D 0,0,0) (S 588,577,567) (S 539,547,548) (S 720,548,537) (S 526,537,224) (S 191,224,225) (S 569,225,565) (S 1055,596,173) (S 138,173,158) (S 531,158,540) (S 532,540,541) (S 946,541,754) (S 1077,810,754) (S 947,754,755) (S 948,755,115) (S 330,115,174) (S 329,174,293) (D 0,0,0)
 0 1 50 8988 40834  17 (D 0,0,0) (S 346,382,381) (S 1198,844,842) (S 785,680,679) (S 216,252,253) (S 215,252,231) (S 214,251,231) (S 196,231,230) (S 234,230,273) (S 195,230,229) (S 543,552,299) (S 260,299,229) (S 261,229,254) (S 217,254,255) (S 233,272,230) (S 1160,252,679) (D 0,0,0)
 0 1 51 8985 30179  19 (D 0,0,0) (S 789,681,222) (S 620,595,570) (S 621,570,277) (S 576,564,131) (S 575,569,131) (S 107,131,130) (S 206,244,243) (S 1104,243,796) (S 1052,795,796) (S 1103,820,796) (S 385,243,161) (S 129,161,128) (S 128,128,160) (S 127,160,159) (S 126,159,158) (S 530,158,539) (S 253,295,294) (D 0,0,0)
 0 1 52 8994 27108  21 (D 0,0,0) (S 791,287,576) (S 584,576,382) (S 989,381,221) (S 864,712,713) (S 991,712,38) (S 992,38,134) (S 110,134,133) (S 786,133,680) (S 1189,680,842) (S 1188,842,615) (S 1197,615,844) (S 1199,844,135) (S 111,135,134) (S 619,38,595) (S 822,681,285) (S 243,284,285) (S 244,285,286) (S 586,286,364) (S 1170,577,608) (D 0,0,0)
 0 1 53 8950 34146  27 (D 0,0,0) (S 139,174,173) (S 879,540,470) (S 881,314,724) (S 958,724,757) (S 103,126,127) (S 953,127,756) (S 942,751,752) (S 941,750,751) (S 950,751,725) (S 884,725,421) (S 885,421,726) (S 1157,836,726) (S 1158,726,802) (S 1159,802,252) (S 1061,802,795) (S 1051,795,162) (S 131,162,163) (S 130,162,161) (S 386,161,420) (S 387,420,421) (S 954,420,756) (S 949,756,725) (S 883,725,126) (S 882,126,724) (S 880,314,470) (D 0,0,0)
 0 1 54 8986 38224  17 (D 0,0,0) (S 534,542,543) (S 1202,544,847) (S 1203,847,106) (S 86,106,107) (S 149,183,108) (S 148,108,46) (S 35,46,45) (S 34,44,45) (S 1180,45,109) (S 1177,809,110) (S 1062,125,803) (S 102,125,124) (S 101,124,123) (S 100,123,122) (S 98,121,119) (D 0,0,0)
 0 1 55 8940 33511  26 (D 0,0,0) (S 560,561,258) (S 96,118,119) (S 97,119,120) (S 824,120,35) (S 28,35,36) (S 831,120,34) (S 27,34,35) (S 825,35,10) (S 7,9,10) (S 8,10,11) (S 829,11,188) (S 158,188,12) (S 157,12,32) (S 975,32,765) (S 974,765,764) (S 973,763,764) (S 1174,764,834) (S 1146,833,834) (S 1147,834,765) (S 25,32,33) (S 1144,121,799) (S 1056,799,118) (S 328,293,367) (S 327,367,226) (D 0,0,0)
 0 1 56 8976 33741  19 (D 0,0,0) (S 1194,113,813) (S 1193,813,543) (S 1192,543,843) (S 1191,843,105) (S 85,105,106) (S 1204,106,47) (S 38,48,49) (S 39,49,50) (S 988,49,767) (S 1073,767,806) (S 1066,806,74) (S 59,74,73) (S 987,73,767) (S 943,49,103) (S 1186,104,841) (S 1211,841,753) (S 945,753,541) (D 0,0,0)
 0 1 57 8997 40577  13 (D 0,0,0) (S 91,113,112) (S 1071,808,809) (S 1178,809,545) (S 1181,45,812) (S 1182,812,76) (S 61,76,77) (S 1075,812,182) (S 146,182,75) (S 145,181,75) (S 60,75,74) (S 362,387,398) (D 0,0,0)
 0 1 58 8996 35791  20 (D 0,0,0) (S 986,766,73) (S 1074,806,182) (S 147,182,46) (S 36,46,47) (S 1205,47,848) (S 37,47,48) (S 1190,48,105) (S 84,105,104) (S 83,104,103) (S 944,103,753) (S 1207,845,183) (S 1206,849,183) (S 150,183,184) (S 151,184,185) (S 153,112,186) (S 1065,186,805) (S 1195,805,113) (S 93,114,115) (D 0,0,0)
 0 1 59 8973 34328  18 (D 0,0,0) (S 92,114,113) (S 1064,797,805) (S 1196,805,800) (S 1060,187,801) (S 1150,801,111) (S 90,111,112) (S 152,112,185) (S 1070,185,808) (S 1151,808,111) (S 89,111,110) (S 1176,110,125) (S 1175,125,764) (S 1148,765,124) (S 1149,124,801) (S 154,187,186) (S 1069,185,114) (D 0,0,0)
 0 1 60 8997 35143  22 (D 0,0,0) (S 1143,799,804) (S 1063,804,797) (S 1053,797,798) (S 1058,798,800) (S 1059,800,187) (S 155,187,123) (S 156,123,32) (S 10,12,13) (S 9,12,11) (S 828,699,188) (S 159,188,189) (S 827,189,698) (S 826,189,10) (S 830,11,34) (S 26,34,33) (S 1145,33,121) (S 99,121,122) (S 1054,122,798) (S 1057,798,799) (S 95,118,115) (D 0,0,0)
 0 1 61 8721 17460  11 (D 0,0,0) (S 1108,695,205) (S 1123,205,557) (S 1124,557,301) (S 1125,301,827) (S 262,301,300) (S 977,300,116) (S 94,116,117) (S 323,117,365) (S 656,365,561) (D 0,0,0)
 0 1 62 8931 32570  19 (D 0,0,0) (S 553,557,215) (S 1212,755,811) (S 1072,811,810) (S 1076,810,813) (S 535,543,544) (S 1201,846,544) (S 536,544,184) (S 537,184,545) (S 1179,545,109) (S 88,109,108) (S 87,108,107) (S 1200,107,845) (S 1208,845,847) (S 1209,847,843) (S 1210,843,841) (S 1187,841,542) (S 533,542,541) (D 0,0,0)
 0 1 63 8875 28834  28 (D 0,0,0) (S 568,539,462) (S 567,462,219) (S 186,219,212) (S 180,211,212) (S 181,212,213) (S 436,213,470) (S 273,314,159) (S 274,159,315) (S 275,315,246) (S 209,246,245) (S 955,245,748) (S 956,748,160) (S 957,160,757) (S 952,757,127) (S 104,127,128) (S 105,128,129) (S 938,129,748) (S 939,748,315) (S 453,246,274) (S 563,275,564) (S 577,564,570) (S 622,277,217) (S 625,297,538) (S 527,538,224) (S 525,537,248) (S 212,248,249) (D 0,0,0)
 0 1 64 8980 30621  9 (D 0,0,0) (S 252,294,293) (S 140,174,175) (S 1068,175,807) (S 141,175,176) (S 1067,175,348) (S 304,348,292) (S 629,269,367) (D 0,0,0)
 0 1 65 8865 27803  8 (D 0,0,0) (S 559,258,294) (S 558,560,294) (S 251,293,292) (S 630,292,269) (S 230,269,227) (S 324,257,365) (D 0,0,0)
 0 1 66 8989 26300  19 (D 0,0,0) (S 655,561,609) (S 654,609,608) (S 653,608,29) (S 652,29,287) (S 347,383,382) (S 820,697,381) (S 821,381,681) (S 790,681,576) (S 585,576,286) (S 245,286,287) (S 545,287,383) (S 544,553,383) (S 348,383,30) (S 349,30,384) (S 24,30,31) (S 23,30,29) (S 322,29,364) (D 0,0,0)
 0 1 67 8989 29627  24 (D 0,0,0) (S 574,567,568) (S 573,567,249) (S 213,249,250) (S 721,566,548) (S 719,537,247) (S 717,643,223) (S 189,223,222) (S 188,222,221) (S 187,220,221) (S 990,221,712) (S 29,37,38) (S 618,38,135) (S 257,135,276) (S 256,276,218) (S 184,218,217) (S 232,216,271) (S 231,270,216) (S 183,216,217) (S 623,217,463) (S 624,463,297) (S 258,297,296) (S 1184,578,609) (D 0,0,0)
 0 1 68 8950 26479  15 (D 0,0,0) (S 326,366,226) (S 192,226,225) (S 570,225,566) (S 722,566,644) (S 571,566,547) (S 538,546,547) (S 572,547,249) (S 589,567,578) (S 590,578,366) (S 219,257,258) (S 220,258,259) (S 561,561,214) (S 182,214,215) (D 0,0,0)
 0 1 69 8925 24782  8 (D 0,0,0) (S 554,306,557) (S 325,257,366) (S 193,226,227) (S 194,227,228) (S 229,227,256) (S 218,256,257) (D 0,0,0)
 0 1 70 8946 30201  28 (D 0,0,0) (S 628,367,565) (S 627,565,596) (S 626,596,538) (S 528,538,295) (S 254,295,296) (S 255,296,218) (S 185,218,219) (S 566,219,211) (S 179,210,211) (S 565,211,486) (S 235,275,274) (S 454,274,486) (S 455,486,487) (S 564,486,275) (S 236,275,276) (S 237,276,277) (S 238,277,278) (S 247,278,289) (S 246,288,278) (S 259,297,298) (S 190,224,223) (S 718,223,247) (S 211,247,248) (S 524,248,536) (S 523,536,364) (S 587,364,577) (D 0,0,0)
