1738562
70
2401037
2379329
 0 1 1 8272 16544  13 (D 0,0,0) (S 817,0,2) (S 2,2,3) (S 1099,3,732) (S 889,732,731) (S 926,731,28) (S 22,28,27) (S 1018,26,783) (S 21,26,27) (S 753,663,664) (S 799,663,686) (S 972,686,27) (D 0,0,0)
 0 1 2 8764 13827  23 (D 0,0,0) (S 1026,3,787) (S 899,738,66) (S 53,66,67) (S 897,67,737) (S 1165,737,583) (S 600,583,68) (S 55,68,69) (S 697,69,405) (S 370,405,404) (S 598,404,582) (S 922,582,313) (S 272,313,310) (S 270,310,311) (S 271,310,312) (S 414,312,449) (S 415,449,450) (S 901,450,171) (S 898,737,738) (S 1166,738,816) (S 1089,816,733) (S 1090,733,734) (D 0,0,0)
 0 1 3 8847 18944  15 (D 0,0,0) (S 890,733,621) (S 679,459,353) (S 681,584,622) (S 682,622,623) (S 683,623,624) (S 684,624,625) (S 1130,624,830) (S 1129,624,829) (S 1162,838,829) (S 1163,829,632) (S 695,632,505) (S 694,505,622) (S 693,622,195) (D 0,0,0)
 0 1 4 8764 14924  18 (D 0,0,0) (S 165,194,195) (S 166,195,196) (S 776,196,589) (S 775,196,623) (S 774,623,505) (S 476,505,504) (S 602,504,584) (S 680,584,353) (S 310,353,354) (S 311,354,355) (S 424,355,459) (S 423,458,459) (S 678,459,621) (S 677,620,621) (S 891,621,734) (S 1091,734,4) (D 0,0,0)
 0 1 5 8856 17850  11 (D 0,0,0) (S 1100,3,191) (S 266,151,306) (S 267,306,300) (S 976,300,587) (S 607,586,587) (S 608,587,559) (S 1121,588,208) (S 691,207,590) (S 692,590,195) (D 0,0,0)
 0 1 6 8967 15818  12 (D 0,0,0) (S 613,532,585) (S 605,585,206) (S 176,206,207) (S 178,208,209) (S 556,209,558) (S 555,558,306) (S 262,300,301) (S 1125,301,827) (S 1124,301,557) (S 1123,557,205) (D 0,0,0)
 0 1 7 8049 14717  16 (D 0,0,0) (S 175,151,206) (S 177,207,208) (S 1122,208,826) (S 1132,826,558) (S 557,209,559) (S 609,559,588) (S 610,588,589) (S 611,589,590) (S 612,590,585) (S 604,585,194) (S 164,194,193) (S 321,193,354) (S 425,355,192) (S 162,192,191) (D 0,0,0)
 0 1 8 8829 20158  20 (D 0,0,0) (S 163,192,193) (S 603,194,584) (S 601,504,583) (S 1164,583,632) (S 696,632,69) (S 56,69,70) (S 57,70,71) (S 1128,71,829) (S 58,71,72) (S 1127,71,407) (S 373,407,408) (S 1126,828,407) (S 372,407,406) (S 1033,70,406) (S 371,406,405) (S 698,405,633) (S 923,313,736) (S 903,739,740) (D 0,0,0)
 0 1 9 8746 18870  24 (D 0,0,0) (S 904,740,519) (S 496,518,517) (S 642,517,602) (S 641,602,603) (S 724,603,604) (S 686,605,628) (S 644,605,604) (S 723,645,604) (S 643,604,602) (S 495,517,516) (S 701,515,634) (S 700,634,627) (S 699,627,633) (S 920,744,633) (S 921,633,582) (S 597,582,581) (S 596,581,516) (S 892,518,735) (S 893,735,736) (S 924,736,739) (S 925,739,418) (S 383,418,417) (D 0,0,0)
 0 1 10 8937 15312  24 (D 0,0,0) (S 284,325,326) (S 286,327,328) (S 906,328,435) (S 855,436,703) (S 840,703,702) (S 839,702,701) (S 838,701,579) (S 837,579,636) (S 961,758,760) (S 960,758,759) (S 959,758,635) (S 705,635,636) (S 706,636,58) (S 46,58,57) (S 591,57,579) (S 592,579,438) (S 406,438,437) (S 856,436,329) (S 857,329,518) (S 497,518,519) (S 499,416,351) (S 500,351,520) (D 0,0,0)
 0 1 11 8984 19920  16 (D 0,0,0) (S 1029,520,325) (S 404,435,436) (S 1024,437,784) (S 1025,784,786) (S 1022,784,649) (S 731,649,650) (S 927,437,330) (S 289,330,331) (S 290,331,332) (S 291,332,333) (S 450,481,482) (S 834,481,333) (S 833,333,514) (S 493,514,515) (D 0,0,0)
 0 1 12 8803 26718  25 (D 0,0,0) (S 702,515,422) (S 708,456,562) (S 562,562,563) (S 709,562,93) (S 73,93,92) (S 72,92,91) (S 71,90,91) (S 874,91,282) (S 242,282,283) (S 875,282,720) (S 241,282,281) (S 240,281,280) (S 239,279,280) (S 878,280,723) (S 877,280,198) (S 167,197,198) (S 168,198,199) (S 443,199,477) (S 918,477,281) (S 919,281,743) (S 444,477,92) (S 445,92,478) (S 45,57,56) (D 0,0,0)
 0 1 13 8973 19747  22 (D 0,0,0) (S 405,436,437) (S 1023,784,785) (S 1040,785,793) (S 1039,792,793) (S 1041,793,660) (S 751,659,660) (S 1042,660,790) (S 1036,790,701) (S 1037,701,56) (S 1038,56,791) (S 44,56,55) (S 43,55,54) (S 853,54,455) (S 852,455,592) (S 616,592,593) (S 615,592,591) (S 910,591,454) (S 909,454,53) (S 908,53,704) (S 907,704,435) (D 0,0,0)
 0 1 14 8880 17572  15 (D 0,0,0) (S 1030,325,495) (S 306,350,349) (S 401,349,434) (S 41,52,53) (S 42,53,54) (S 1043,55,794) (S 1102,794,819) (S 1101,794,51) (S 40,51,52) (S 651,52,607) (S 842,607,704) (S 403,435,415) (S 380,415,327) (D 0,0,0)
 0 1 15 8987 20226  20 (D 0,0,0) (S 690,521,324) (S 689,631,324) (S 283,324,325) (S 305,349,169) (S 135,168,169) (S 634,169,62) (S 49,61,62) (S 633,62,167) (S 134,167,166) (S 133,166,165) (S 132,164,165) (S 832,165,700) (S 836,700,636) (S 704,635,439) (S 703,439,422) (S 388,422,423) (S 407,439,438) (S 593,438,580) (D 0,0,0)
 0 1 16 8763 15639  22 (D 0,0,0) (S 502,522,521) (S 1002,417,740) (S 1003,740,735) (S 1004,735,776) (S 1044,776,581) (S 1045,581,626) (S 685,626,627) (S 687,627,629) (S 688,629,630) (S 951,629,634) (S 494,515,516) (S 595,516,332) (S 594,332,580) (S 1035,580,331) (S 288,330,329) (S 287,329,328) (S 905,328,519) (S 498,519,416) (S 381,416,327) (S 285,327,326) (D 0,0,0)
 0 1 17 8958 19050  22 (D 0,0,0) (S 971,708,673) (S 1142,761,316) (S 276,316,317) (S 519,445,534) (S 1008,612,774) (S 999,774,775) (S 998,773,774) (S 1000,774,611) (S 657,610,611) (S 1001,611,647) (S 729,647,646) (S 728,646,575) (S 583,575,497) (S 582,497,574) (S 638,574,460) (S 426,460,361) (S 281,322,321) (S 280,321,320) (S 279,320,319) (S 1138,432,832) (D 0,0,0)
 0 1 18 8992 27171  17 (D 0,0,0) (S 1137,432,443) (S 1017,426,779) (S 1010,779,778) (S 1009,238,778) (S 1016,778,781) (S 1014,781,237) (S 1015,237,782) (S 201,237,236) (S 979,236,424) (S 876,721,722) (S 978,722,424) (S 389,424,425) (S 1013,425,781) (S 390,425,426) (S 391,426,427) (D 0,0,0)
 0 1 19 8969 24559  14 (D 0,0,0) (S 659,448,612) (S 1007,612,647) (S 730,647,648) (S 726,101,501) (S 725,501,24) (S 20,24,25) (S 19,24,23) (S 887,23,729) (S 18,23,22) (S 671,22,502) (S 474,502,501) (S 658,611,612) (D 0,0,0)
 0 1 20 8963 19630  18 (D 0,0,0) (S 661,319,534) (S 660,534,448) (S 412,447,446) (S 1020,446,601) (S 294,337,338) (S 1021,337,601) (S 637,601,574) (S 427,460,461) (S 467,461,100) (S 81,100,101) (S 82,101,102) (S 727,101,575) (S 793,646,447) (S 413,447,448) (S 1154,832,719) (S 1153,719,708) (D 0,0,0)
 0 1 21 8928 13079  19 (D 0,0,0) (S 743,653,522) (S 1152,522,708) (S 858,708,433) (S 859,433,324) (S 400,433,432) (S 410,443,444) (S 1136,443,494) (S 464,494,495) (S 465,495,350) (S 307,350,326) (S 308,326,351) (S 309,351,352) (S 1086,352,451) (S 417,419,451) (S 1087,451,65) (S 51,65,64) (S 1028,64,520) (D 0,0,0)
 0 1 22 8536 14564  27 (D 0,0,0) (S 1027,787,64) (S 50,64,63) (S 228,63,268) (S 224,265,264) (S 345,264,380) (S 344,380,379) (S 606,513,369) (S 332,369,370) (S 758,370,669) (S 340,370,375) (S 343,379,368) (S 521,527,535) (S 520,535,445) (S 411,445,318) (S 277,318,317) (S 1156,317,835) (S 1155,317,832) (S 1139,832,718) (S 1078,718,762) (S 1079,762,525) (S 1080,525,14) (S 11,14,15) (S 12,15,16) (S 13,16,17) (S 769,17,674) (D 0,0,0)
 0 1 23 8993 14134  32 (D 0,0,0) (S 779,653,674) (S 780,674,672) (S 781,672,431) (S 782,431,506) (S 783,506,346) (S 492,345,379) (S 491,379,513) (S 490,513,375) (S 489,375,512) (S 1093,512,715) (S 1092,817,715) (S 866,371,715) (S 867,715,372) (S 335,372,40) (S 31,40,41) (S 488,41,512) (S 1094,512,85) (S 1095,85,745) (S 1096,745,670) (S 1097,670,656) (S 1098,656,818) (S 746,656,655) (S 868,716,655) (S 745,655,262) (S 744,262,654) (S 845,654,509) (S 740,555,8) (S 6,8,7) (S 773,7,675) (S 771,268,180) (D 0,0,0)
 0 1 24 8759 13914  22 (D 0,0,0) (S 1168,63,787) (S 1167,787,816) (S 1088,816,65) (S 52,65,66) (S 900,66,171) (S 137,171,172) (S 136,171,170) (S 368,170,403) (S 663,403,613) (S 369,403,404) (S 599,404,68) (S 54,68,67) (S 896,67,170) (S 895,170,449) (S 894,449,736) (S 902,739,450) (S 416,450,419) (S 384,419,418) (S 382,417,416) (S 501,520,521) (D 0,0,0)
 0 1 25 8529 13671  34 (D 0,0,0) (S 778,677,653) (S 764,672,179) (S 143,179,178) (S 398,178,431) (S 399,431,15) (S 477,14,506) (S 478,506,177) (S 479,177,507) (S 480,507,266) (S 225,266,265) (S 299,265,343) (S 931,343,260) (S 932,260,745) (S 933,745,43) (S 1105,821,822) (S 1106,822,823) (S 1131,823,831) (S 1183,822,43) (S 33,43,42) (S 67,42,85) (S 68,85,86) (S 338,86,263) (S 223,263,264) (S 300,265,344) (S 301,344,345) (S 302,345,346) (S 303,346,347) (S 1140,347,526) (S 506,526,525) (S 505,525,524) (S 504,524,523) (S 503,523,522) (D 0,0,0)
 0 1 26 8874 29535  22 (D 0,0,0) (S 768,17,523) (S 968,761,535) (S 1011,779,239) (S 1012,239,780) (S 204,239,240) (S 203,239,238) (S 202,238,237) (S 980,236,152) (S 122,152,153) (S 981,152,140) (S 114,140,141) (S 982,140,391) (S 355,391,392) (S 356,392,393) (S 1006,393,498) (S 469,498,428) (S 392,428,392) (S 1005,777,393) (S 357,393,394) (S 662,319,443) (D 0,0,0)
 0 1 27 8921 32621  19 (D 0,0,0) (S 278,318,319) (S 869,717,427) (S 364,378,399) (S 365,399,400) (S 375,400,410) (S 376,410,411) (S 379,410,401) (S 367,401,402) (S 366,401,400) (S 374,409,400) (S 378,401,414) (S 732,651,414) (S 733,414,652) (S 734,652,388) (S 735,388,499) (S 736,499,395) (S 418,427,452) (D 0,0,0)
 0 1 28 9000 21256  21 (D 0,0,0) (S 463,494,320) (S 312,321,356) (S 546,358,554) (S 861,554,139) (S 113,138,139) (S 860,709,139) (S 862,554,573) (S 580,573,359) (S 316,359,360) (S 917,360,691) (S 811,691,471) (S 437,471,472) (S 648,472,571) (S 578,571,572) (S 865,572,714) (S 579,572,573) (S 314,358,322) (S 313,322,357) (S 1082,814,788) (D 0,0,0)
 0 1 29 8980 19490  18 (D 0,0,0) (S 1135,494,814) (S 1133,357,335) (S 292,335,334) (S 810,691,690) (S 916,690,97) (S 78,97,98) (S 79,98,99) (S 80,99,100) (S 468,461,497) (S 581,574,359) (S 315,359,358) (S 282,322,323) (S 1134,357,814) (S 1032,788,789) (S 1031,788,495) (S 792,521,677) (D 0,0,0)
 0 1 30 8511 12468  20 (D 0,0,0) (S 816,0,677) (S 742,653,63) (S 741,63,8) (S 5,7,6) (S 4,6,5) (S 483,5,509) (S 484,509,510) (S 549,509,555) (S 548,555,190) (S 160,190,82) (S 64,82,81) (S 547,81,190) (S 161,190,191) (S 1084,191,4) (S 1083,4,728) (S 886,728,727) (S 936,747,727) (S 3,4,3) (D 0,0,0)
 0 1 31 7949 11370  11 (D 0,0,0) (S 818,2,695) (S 819,695,696) (S 63,81,80) (S 614,80,532) (S 517,532,150) (S 518,150,533) (S 121,150,151) (S 174,151,205) (S 1108,205,695) (D 0,0,0)
 0 1 32 8785 15926  26 (D 0,0,0) (S 1107,695,81) (S 846,82,654) (S 222,262,261) (S 221,261,260) (S 934,43,657) (S 748,657,84) (S 749,84,373) (S 750,373,658) (S 337,373,374) (S 336,373,40) (S 30,40,39) (S 1085,39,815) (S 669,616,39) (S 334,372,371) (S 333,371,370) (S 331,369,368) (S 522,368,527) (S 507,527,526) (S 1141,526,761) (S 969,761,762) (S 970,762,673) (S 767,673,524) (S 766,524,16) (S 765,16,672) (D 0,0,0)
 0 1 33 8571 15444  30 (D 0,0,0) (S 777,676,677) (S 770,674,180) (S 144,180,179) (S 763,179,267) (S 226,267,266) (S 481,266,508) (S 482,508,5) (S 761,6,671) (S 762,671,267) (S 227,267,268) (S 772,268,675) (S 928,675,671) (S 929,671,508) (S 930,508,343) (S 298,343,342) (S 297,341,342) (S 760,342,261) (S 759,261,670) (S 747,656,657) (S 935,657,746) (S 65,83,84) (S 66,84,42) (S 32,42,41) (S 339,375,86) (S 871,86,380) (S 872,380,344) (S 873,344,507) (S 142,177,178) (D 0,0,0)
 0 1 34 7477 19875  14 (D 0,0,0) (S 1,0,1) (S 516,191,532) (S 977,300,116) (S 94,116,117) (S 323,117,365) (S 656,365,561) (S 220,258,259) (S 560,258,561) (S 561,561,214) (S 182,214,215) (S 553,215,557) (S 554,557,306) (D 0,0,0)
 0 1 35 8731 33464  22 (D 0,0,0) (S 173,204,205) (S 1056,118,799) (S 1143,799,804) (S 1063,804,797) (S 1065,805,186) (S 153,186,112) (S 152,112,185) (S 1070,185,808) (S 1151,808,111) (S 89,110,111) (S 1150,111,801) (S 1149,801,124) (S 102,124,125) (S 1062,125,803) (S 1175,125,764) (S 974,764,765) (S 975,765,32) (S 25,32,33) (S 1145,33,121) (S 1144,121,799) (D 0,0,0)
 0 1 36 8503 36443  18 (D 0,0,0) (S 98,119,121) (S 99,121,122) (S 100,122,123) (S 101,123,124) (S 1148,124,765) (S 1147,765,834) (S 1146,833,834) (S 1174,834,764) (S 973,763,764) (S 10,12,13) (S 158,12,188) (S 829,188,11) (S 27,34,35) (S 28,35,36) (S 825,35,10) (S 824,35,120) (D 0,0,0)
 0 1 37 8790 29281  22 (D 0,0,0) (S 948,115,755) (S 947,755,754) (S 946,754,541) (S 1187,542,841) (S 1210,841,843) (S 1191,843,105) (S 1190,105,48) (S 38,48,49) (S 943,49,103) (S 83,103,104) (S 1186,104,841) (S 533,542,541) (S 532,541,540) (S 531,540,158) (S 530,158,539) (S 529,539,295) (S 528,295,538) (S 526,224,537) (S 720,537,548) (S 539,548,547) (D 0,0,0)
 0 1 38 8905 28422  9 (D 0,0,0) (S 572,249,547) (S 571,547,566) (S 192,225,226) (S 629,367,269) (S 630,269,292) (S 251,292,293) (S 558,560,294) (D 0,0,0)
 0 1 39 8100 31273  10 (D 0,0,0) (S 252,294,293) (S 140,174,175) (S 141,175,176) (S 1068,175,807) (S 1067,175,348) (S 304,348,292) (S 230,269,227) (S 324,257,365) (D 0,0,0)
 0 1 40 8751 25481  20 (D 0,0,0) (S 655,561,609) (S 654,609,608) (S 653,608,29) (S 23,29,30) (S 24,30,31) (S 349,30,384) (S 348,30,383) (S 791,287,576) (S 584,576,382) (S 346,382,381) (S 820,697,381) (S 821,381,681) (S 822,681,285) (S 243,284,285) (S 823,285,536) (S 523,536,364) (S 588,577,567) (S 589,567,578) (D 0,0,0)
 0 1 41 9000 28399  19 (D 0,0,0) (S 1184,609,578) (S 574,567,568) (S 213,249,250) (S 538,546,547) (S 722,566,644) (S 569,225,565) (S 627,565,596) (S 626,596,538) (S 625,538,297) (S 259,297,298) (S 527,538,224) (S 191,224,225) (S 570,225,566) (S 721,566,548) (S 590,578,366) (S 325,366,257) (S 219,257,258) (D 0,0,0)
 0 1 42 8838 24401  7 (D 0,0,0) (S 326,366,226) (S 193,226,227) (S 194,227,228) (S 229,227,256) (S 218,256,257) (D 0,0,0)
 0 1 43 8725 33236  27 (D 0,0,0) (S 327,226,367) (S 328,367,293) (S 1057,799,798) (S 1053,798,797) (S 1064,797,805) (S 1196,805,800) (S 1058,800,798) (S 1054,798,122) (S 1059,800,187) (S 155,187,123) (S 156,123,32) (S 157,32,12) (S 9,12,11) (S 8,11,10) (S 7,9,10) (S 826,10,189) (S 827,189,698) (S 159,189,188) (S 828,699,188) (S 830,11,34) (S 26,33,34) (S 831,34,120) (S 97,120,119) (S 96,119,118) (S 95,118,115) (D 0,0,0)
 0 1 44 8902 30851  19 (D 0,0,0) (S 330,174,115) (S 93,115,114) (S 1069,114,185) (S 151,185,184) (S 150,184,183) (S 1206,849,183) (S 1207,183,845) (S 1200,845,107) (S 86,107,106) (S 1203,106,847) (S 1209,847,843) (S 1192,843,543) (S 1193,543,813) (S 1076,813,810) (S 1077,810,754) (S 1072,810,811) (S 1212,811,755) (D 0,0,0)
 0 1 45 8962 34422  16 (D 0,0,0) (S 945,541,753) (S 1211,753,841) (S 84,104,105) (S 85,105,106) (S 1204,106,47) (S 1205,47,848) (S 148,46,108) (S 87,107,108) (S 88,108,109) (S 1179,109,545) (S 537,545,184) (S 536,184,544) (S 535,544,543) (S 1194,813,113) (D 0,0,0)
 0 1 46 8954 39812  13 (D 0,0,0) (S 92,114,113) (S 91,113,112) (S 90,112,111) (S 1071,808,809) (S 1181,45,812) (S 1182,812,76) (S 61,76,77) (S 1075,812,182) (S 1074,182,806) (S 1073,806,767) (S 944,103,753) (D 0,0,0)
 0 1 47 8926 37222  16 (D 0,0,0) (S 534,542,543) (S 1201,846,544) (S 1202,544,847) (S 1208,847,845) (S 149,183,108) (S 35,46,45) (S 34,44,45) (S 1180,45,109) (S 1178,545,809) (S 1177,809,110) (S 1176,110,125) (S 1060,801,187) (S 154,187,186) (S 1195,805,113) (D 0,0,0)
 0 1 48 8863 33285  27 (D 0,0,0) (S 126,158,159) (S 274,159,315) (S 955,245,748) (S 938,748,129) (S 105,129,128) (S 129,128,161) (S 386,161,420) (S 387,420,421) (S 884,725,421) (S 885,421,726) (S 1157,836,726) (S 1158,726,802) (S 216,252,253) (S 1159,252,802) (S 1061,802,795) (S 130,162,161) (S 954,420,756) (S 949,756,725) (S 950,725,751) (S 942,751,752) (S 941,750,751) (S 883,725,126) (S 882,126,724) (S 881,724,314) (S 880,314,470) (D 0,0,0)
 0 1 49 8979 28287  20 (D 0,0,0) (S 563,564,275) (S 235,275,274) (S 275,246,315) (S 939,315,748) (S 956,748,160) (S 957,160,757) (S 958,757,724) (S 952,757,127) (S 953,127,756) (S 103,126,127) (S 104,127,128) (S 128,128,160) (S 127,160,159) (S 273,159,314) (S 138,158,173) (S 139,173,174) (S 329,174,293) (S 559,294,258) (D 0,0,0)
 0 1 50 8863 33015  27 (D 0,0,0) (S 322,29,364) (S 524,536,248) (S 525,248,537) (S 568,539,462) (S 567,462,219) (S 186,219,212) (S 181,212,213) (S 209,246,245) (S 208,245,130) (S 106,130,129) (S 937,129,244) (S 206,244,243) (S 385,243,161) (S 131,162,163) (S 1051,162,795) (S 1052,795,796) (S 1103,820,796) (S 1104,796,243) (S 207,244,130) (S 107,130,131) (S 577,564,570) (S 621,570,277) (S 238,277,278) (S 247,278,289) (S 246,288,278) (D 0,0,0)
 0 1 51 8993 31100  21 (D 0,0,0) (S 790,576,681) (S 620,595,570) (S 576,564,131) (S 575,569,131) (S 108,131,132) (S 716,642,234) (S 541,551,549) (S 540,549,550) (S 542,549,233) (S 197,232,233) (S 198,233,234) (S 199,234,132) (S 200,132,235) (S 109,132,133) (S 787,133,595) (S 244,285,286) (S 586,286,364) (S 587,364,577) (S 1170,577,608) (D 0,0,0)
 0 1 52 8995 27301  21 (D 0,0,0) (S 652,29,287) (S 545,287,383) (S 544,553,383) (S 347,383,382) (S 989,381,221) (S 990,221,712) (S 991,712,38) (S 29,37,38) (S 618,38,135) (S 257,135,276) (S 256,276,218) (S 184,218,217) (S 232,216,271) (S 231,270,216) (S 183,216,217) (S 624,463,297) (S 258,297,296) (S 254,296,295) (S 253,295,294) (D 0,0,0)
 0 1 53 8997 29723  25 (D 0,0,0) (S 719,537,247) (S 190,223,224) (S 255,296,218) (S 185,218,219) (S 566,219,211) (S 180,211,212) (S 428,213,462) (S 429,462,463) (S 623,463,217) (S 622,217,277) (S 237,277,276) (S 236,276,275) (S 564,275,486) (S 179,210,211) (S 565,211,486) (S 455,486,487) (S 454,486,274) (S 453,274,246) (S 210,246,213) (S 436,213,470) (S 879,470,540) (S 1055,173,596) (S 628,565,367) (D 0,0,0)
 0 1 54 8747 40260  16 (D 0,0,0) (S 111,134,135) (S 1198,844,842) (S 785,680,679) (S 215,252,231) (S 214,251,231) (S 196,231,230) (S 195,230,229) (S 261,229,254) (S 217,254,255) (S 543,552,299) (S 260,299,229) (S 234,230,273) (S 233,272,230) (S 1160,252,679) (D 0,0,0)
 0 1 55 8934 35088  18 (D 0,0,0) (S 870,719,718) (S 358,395,394) (S 983,391,385) (S 986,766,73) (S 59,73,74) (S 1066,806,74) (S 60,74,75) (S 145,181,75) (S 146,75,182) (S 147,182,46) (S 36,46,47) (S 37,47,48) (S 39,49,50) (S 988,49,767) (S 987,767,73) (S 341,376,377) (D 0,0,0)
 0 1 56 8997 33159  21 (D 0,0,0) (S 485,511,396) (S 486,396,500) (S 487,500,389) (S 353,389,388) (S 352,388,387) (S 363,387,378) (S 342,378,377) (S 396,429,412) (S 397,412,430) (S 377,412,413) (S 395,429,377) (S 394,377,386) (S 393,386,428) (S 470,498,398) (S 471,398,499) (S 472,499,500) (S 512,397,529) (S 1185,529,614) (S 511,529,155) (D 0,0,0)
 0 1 57 8846 26787  20 (D 0,0,0) (S 738,137,290) (S 737,290,395) (S 359,395,396) (S 360,396,397) (S 513,397,89) (S 514,89,530) (S 515,530,531) (S 1050,530,390) (S 1049,390,652) (S 1048,652,399) (S 1047,399,429) (S 1046,429,766) (S 985,766,376) (S 984,376,385) (S 350,385,386) (S 351,386,387) (S 362,387,398) (S 361,398,394) (D 0,0,0)
 0 1 58 8999 27593  14 (D 0,0,0) (S 1019,446,452) (S 249,154,291) (S 509,291,241) (S 508,241,528) (S 784,528,678) (S 205,241,242) (S 320,242,363) (S 645,363,155) (S 510,155,291) (S 248,154,290) (S 112,136,137) (S 739,137,427) (D 0,0,0)
 0 1 59 8983 27418  20 (D 0,0,0) (S 245,287,286) (S 585,286,576) (S 789,681,222) (S 788,222,595) (S 619,595,38) (S 992,38,134) (S 110,134,133) (S 786,133,680) (S 1189,680,842) (S 1188,842,615) (S 631,597,530) (S 354,390,389) (S 473,500,89) (S 70,89,88) (S 666,88,614) (S 665,614,156) (S 124,156,155) (S 123,155,154) (D 0,0,0)
 0 1 60 8876 29975  20 (D 0,0,0) (S 573,567,249) (S 212,249,248) (S 211,248,247) (S 718,247,223) (S 717,643,223) (S 189,223,222) (S 188,222,221) (S 187,220,221) (S 864,712,713) (S 1199,135,844) (S 1197,844,615) (S 668,615,597) (S 632,597,598) (S 667,597,88) (S 69,87,88) (S 125,156,157) (S 664,156,363) (S 250,242,291) (D 0,0,0)
 0 1 61 8923 25413  18 (D 0,0,0) (S 1034,702,166) (S 835,700,481) (S 449,481,59) (S 448,59,480) (S 995,480,770) (S 996,478,771) (S 446,478,479) (S 997,479,772) (S 447,479,480) (S 48,59,60) (S 47,59,58) (S 707,58,456) (S 422,456,457) (S 421,456,455) (S 854,54,703) (S 841,703,704) (D 0,0,0)
 0 1 62 8898 26502  18 (D 0,0,0) (S 420,454,455) (S 170,201,200) (S 797,476,143) (S 115,143,142) (S 440,142,476) (S 798,476,685) (S 441,476,79) (S 62,78,79) (S 442,79,199) (S 169,199,200) (S 711,638,637) (S 940,637,749) (S 710,637,93) (S 74,93,94) (S 75,94,95) (S 911,95,591) (D 0,0,0)
 0 1 63 8988 22756  21 (D 0,0,0) (S 419,454,453) (S 77,96,97) (S 646,96,606) (S 963,606,741) (S 965,707,638) (S 712,638,200) (S 1161,837,639) (S 713,639,200) (S 171,201,202) (S 913,202,741) (S 912,741,95) (S 76,95,96) (S 647,96,472) (S 649,571,453) (S 650,453,52) (S 843,607,705) (S 844,705,167) (S 1081,705,434) (S 402,434,415) (D 0,0,0)
 0 1 64 8941 30304  20 (D 0,0,0) (S 812,334,471) (S 806,203,503) (S 452,485,484) (S 462,490,493) (S 802,493,688) (S 757,442,668) (S 409,442,441) (S 1171,840,441) (S 408,441,440) (S 617,594,440) (S 1117,440,665) (S 755,665,666) (S 754,665,465) (S 430,465,464) (S 1173,464,825) (S 1172,825,441) (S 756,442,667) (S 962,689,606) (D 0,0,0)
 0 1 65 8979 34482  15 (D 0,0,0) (S 15,20,19) (S 993,768,19) (S 994,19,769) (S 14,19,18) (S 295,339,340) (S 552,340,473) (S 438,473,474) (S 439,474,475) (S 1169,474,839) (S 434,469,468) (S 796,467,684) (S 432,467,466) (S 431,466,465) (D 0,0,0)
 0 1 66 8993 34109  20 (D 0,0,0) (S 1120,688,667) (S 1119,667,825) (S 813,692,466) (S 814,466,693) (S 815,693,694) (S 1114,693,683) (S 794,682,683) (S 795,683,467) (S 433,467,468) (S 715,468,641) (S 714,640,641) (S 1112,556,641) (S 1113,641,683) (S 1115,693,662) (S 752,661,662) (S 1116,662,665) (S 1118,440,825) (S 803,688,485) (D 0,0,0)
 0 1 67 8942 33154  15 (D 0,0,0) (S 636,362,600) (S 459,21,484) (S 458,484,490) (S 456,489,488) (S 863,710,711) (S 967,710,488) (S 966,488,618) (S 676,618,619) (S 675,618,617) (S 888,617,730) (S 674,617,492) (S 451,483,484) (S 809,599,690) (D 0,0,0)
 0 1 68 8990 25221  22 (D 0,0,0) (S 317,360,361) (S 318,361,98) (S 319,98,362) (S 635,362,599) (S 808,599,689) (S 172,203,202) (S 914,202,145) (S 915,145,742) (S 116,145,144) (S 293,336,144) (S 117,145,146) (S 847,706,146) (S 118,146,147) (S 119,147,148) (S 120,148,149) (S 848,146,201) (S 849,201,707) (S 964,741,707) (S 850,707,94) (S 851,94,592) (D 0,0,0)
 0 1 69 8964 28081  19 (D 0,0,0) (S 639,460,99) (S 640,99,600) (S 670,600,502) (S 475,502,503) (S 805,503,20) (S 16,20,21) (S 17,21,22) (S 672,22,483) (S 673,483,492) (S 460,491,492) (S 461,492,490) (S 457,490,489) (S 466,489,496) (S 800,687,496) (S 801,496,493) (S 804,485,20) (S 807,203,689) (D 0,0,0)
 0 1 70 8884 38299  14 (D 0,0,0) (S 296,18,340) (S 550,469,556) (S 1111,556,303) (S 263,302,303) (S 269,308,309) (S 268,307,308) (S 1109,824,308) (S 1110,308,303) (S 264,303,304) (S 265,304,305) (S 435,304,469) (S 551,469,473) (D 0,0,0)
