1737687
70
2401091
2304671
 0 1 1 8507 18120  12 (D 0,0,0) (S 1,0,1) (S 266,151,306) (S 267,306,300) (S 976,300,587) (S 607,586,587) (S 608,587,559) (S 609,559,588) (S 611,589,590) (S 692,590,195) (S 165,195,194) (D 0,0,0)
 0 1 2 8972 17744  15 (D 0,0,0) (S 164,193,194) (S 603,194,584) (S 602,584,504) (S 476,504,505) (S 774,505,623) (S 775,623,196) (S 776,196,589) (S 557,559,209) (S 178,209,208) (S 1122,208,826) (S 1132,826,558) (S 556,558,209) (S 555,558,306) (D 0,0,0)
 0 1 3 8832 14631  15 (D 0,0,0) (S 613,532,585) (S 612,585,590) (S 691,590,207) (S 176,207,206) (S 605,206,585) (S 604,585,194) (S 166,195,196) (S 610,589,588) (S 1121,588,208) (S 177,208,207) (S 175,206,151) (S 517,150,532) (S 1100,191,3) (D 0,0,0)
 0 1 4 8700 18237  15 (D 0,0,0) (S 516,191,532) (S 554,306,557) (S 1124,557,301) (S 1125,301,827) (S 262,301,300) (S 977,300,116) (S 94,116,117) (S 323,117,365) (S 561,561,214) (S 182,214,215) (S 553,215,557) (S 1123,557,205) (S 819,695,696) (D 0,0,0)
 0 1 5 8785 15911  29 (D 0,0,0) (S 817,0,2) (S 64,81,82) (S 548,190,555) (S 484,509,510) (S 845,509,654) (S 744,654,262) (S 745,262,655) (S 868,716,655) (S 746,655,656) (S 1097,656,670) (S 1096,670,745) (S 1131,823,831) (S 1106,823,822) (S 1105,821,822) (S 1183,822,43) (S 933,43,745) (S 221,260,261) (S 760,261,342) (S 297,341,342) (S 298,342,343) (S 930,343,508) (S 929,508,671) (S 762,671,267) (S 763,267,179) (S 764,179,672) (S 780,672,674) (S 779,674,653) (D 0,0,0)
 0 1 6 8908 29725  20 (D 0,0,0) (S 1153,708,719) (S 510,291,155) (S 124,155,156) (S 125,156,157) (S 666,614,88) (S 69,87,88) (S 667,88,597) (S 1197,615,844) (S 1198,842,844) (S 1199,844,135) (S 618,135,38) (S 864,712,713) (S 187,220,221) (S 989,221,381) (S 820,697,381) (S 346,381,382) (S 347,382,383) (S 544,553,383) (D 0,0,0)
 0 1 7 8954 12881  12 (D 0,0,0) (S 3,3,4) (S 1084,4,191) (S 161,191,190) (S 63,81,80) (S 614,80,532) (S 518,150,533) (S 121,150,151) (S 174,151,205) (S 173,204,205) (S 1108,205,695) (D 0,0,0)
 0 1 8 8382 12840  19 (D 0,0,0) (S 2,2,3) (S 1026,3,787) (S 1027,787,64) (S 51,64,65) (S 1087,65,451) (S 417,451,419) (S 416,419,450) (S 901,450,171) (S 137,171,172) (S 136,171,170) (S 368,170,403) (S 663,403,613) (S 369,403,404) (S 599,404,68) (S 600,68,583) (S 1165,583,737) (S 898,737,738) (D 0,0,0)
 0 1 9 8913 20891  17 (D 0,0,0) (S 890,733,621) (S 679,459,353) (S 601,504,583) (S 1164,583,632) (S 696,632,69) (S 57,70,71) (S 58,71,72) (S 1128,71,829) (S 1162,838,829) (S 1129,829,624) (S 1130,624,830) (S 684,624,625) (S 683,624,623) (S 682,623,622) (S 693,622,195) (D 0,0,0)
 0 1 10 6607 12748  15 (D 0,0,0) (S 1083,4,728) (S 886,728,727) (S 936,747,727) (S 1091,4,734) (S 891,734,621) (S 677,620,621) (S 678,621,459) (S 423,458,459) (S 424,459,355) (S 311,355,354) (S 321,354,193) (S 163,193,192) (S 162,192,191) (D 0,0,0)
 0 1 11 7018 16544  11 (D 0,0,0) (S 1099,3,732) (S 889,732,731) (S 926,731,28) (S 1018,26,783) (S 21,26,27) (S 972,27,686) (S 799,686,663) (S 753,663,664) (S 22,27,28) (D 0,0,0)
 0 1 12 8920 12919  33 (D 0,0,0) (S 816,0,677) (S 769,674,17) (S 13,17,16) (S 12,16,15) (S 11,15,14) (S 1080,14,525) (S 506,525,526) (S 507,526,527) (S 343,368,379) (S 344,379,380) (S 345,380,264) (S 224,264,265) (S 299,265,343) (S 931,343,260) (S 932,260,745) (S 1095,745,85) (S 1094,85,512) (S 1093,512,715) (S 1092,817,715) (S 866,715,371) (S 333,371,370) (S 758,370,669) (S 332,370,369) (S 491,513,379) (S 492,379,345) (S 302,345,346) (S 783,346,506) (S 782,506,431) (S 398,431,178) (S 144,179,180) (S 770,180,674) (D 0,0,0)
 0 1 13 8650 12194  24 (D 0,0,0) (S 765,672,16) (S 766,16,524) (S 505,524,525) (S 1079,525,762) (S 1078,762,718) (S 870,718,719) (S 1154,719,832) (S 1155,832,317) (S 1156,317,835) (S 276,317,316) (S 1142,316,761) (S 1141,761,526) (S 1140,526,347) (S 303,347,346) (S 478,506,177) (S 142,177,178) (S 143,178,179) (S 771,180,268) (S 228,268,63) (S 50,63,64) (S 1028,64,520) (S 792,521,677) (D 0,0,0)
 0 1 14 8911 14798  23 (D 0,0,0) (S 777,676,677) (S 743,653,522) (S 1152,522,708) (S 858,708,433) (S 859,433,324) (S 689,631,324) (S 400,433,432) (S 1137,432,443) (S 410,443,444) (S 1136,443,494) (S 463,494,320) (S 280,320,321) (S 312,321,356) (S 279,320,319) (S 278,319,318) (S 411,318,445) (S 520,445,535) (S 968,535,761) (S 969,761,762) (S 767,673,524) (S 768,523,17) (D 0,0,0)
 0 1 15 8939 19657  20 (D 0,0,0) (S 503,522,523) (S 504,523,524) (S 1139,718,832) (S 1020,446,601) (S 1021,601,337) (S 294,337,338) (S 637,601,574) (S 638,574,460) (S 427,460,461) (S 468,461,497) (S 582,497,574) (S 581,574,359) (S 315,359,358) (S 282,322,323) (S 313,322,357) (S 1134,357,814) (S 1135,814,494) (S 464,494,495) (D 0,0,0)
 0 1 16 8716 20237  18 (D 0,0,0) (S 1138,832,432) (S 281,321,322) (S 580,573,359) (S 316,359,360) (S 426,361,460) (S 639,460,99) (S 79,99,98) (S 78,98,97) (S 916,97,690) (S 810,690,691) (S 437,471,472) (S 812,471,334) (S 292,334,335) (S 1133,335,357) (S 1082,814,788) (S 1032,788,789) (D 0,0,0)
 0 1 17 8974 18017  20 (D 0,0,0) (S 1031,495,788) (S 314,322,358) (S 546,358,554) (S 113,138,139) (S 860,709,139) (S 861,139,554) (S 862,554,573) (S 579,573,572) (S 865,572,714) (S 578,572,571) (S 650,453,52) (S 41,52,53) (S 842,704,607) (S 401,434,349) (S 306,349,350) (S 307,350,326) (S 283,325,324) (S 690,324,521) (D 0,0,0)
 0 1 18 8498 18572  19 (D 0,0,0) (S 502,522,521) (S 404,435,436) (S 405,436,437) (S 406,437,438) (S 407,438,439) (S 703,439,422) (S 388,422,423) (S 704,439,635) (S 961,758,760) (S 960,758,759) (S 959,758,635) (S 705,635,636) (S 836,636,700) (S 133,165,166) (S 134,166,167) (S 1081,705,434) (S 402,434,415) (D 0,0,0)
 0 1 19 8962 20658  16 (D 0,0,0) (S 287,328,329) (S 856,329,436) (S 855,436,703) (S 853,54,455) (S 852,455,592) (S 616,592,593) (S 74,94,93) (S 709,93,562) (S 562,562,563) (S 708,562,456) (S 45,57,56) (S 1037,56,701) (S 839,701,702) (S 501,520,521) (D 0,0,0)
 0 1 20 8893 16360  19 (D 0,0,0) (S 500,520,351) (S 925,418,739) (S 902,739,450) (S 415,450,449) (S 894,449,736) (S 921,582,633) (S 920,744,633) (S 698,633,405) (S 1033,406,70) (S 56,70,69) (S 55,69,68) (S 54,68,67) (S 53,67,66) (S 52,66,65) (S 1088,65,816) (S 1089,816,733) (S 1090,733,734) (D 0,0,0)
 0 1 21 8780 13645  26 (D 0,0,0) (S 1168,63,787) (S 1167,787,816) (S 1166,816,738) (S 899,738,66) (S 900,66,171) (S 897,67,737) (S 896,67,170) (S 895,170,449) (S 414,449,312) (S 271,312,310) (S 270,310,311) (S 272,310,313) (S 923,313,736) (S 924,736,739) (S 903,739,740) (S 1002,740,417) (S 382,417,416) (S 381,416,327) (S 380,327,415) (S 403,415,435) (S 906,435,328) (S 286,328,327) (S 285,327,326) (S 308,326,351) (D 0,0,0)
 0 1 22 8953 20564  19 (D 0,0,0) (S 284,325,326) (S 910,454,591) (S 911,591,95) (S 76,95,96) (S 646,96,606) (S 963,606,741) (S 913,741,202) (S 172,202,203) (S 807,203,689) (S 962,689,606) (S 77,96,97) (S 647,96,472) (S 648,472,571) (S 649,571,453) (S 419,453,454) (S 42,53,54) (S 854,54,703) (D 0,0,0)
 0 1 23 8994 22595  25 (D 0,0,0) (S 840,703,702) (S 1034,702,166) (S 132,164,165) (S 832,165,700) (S 835,700,481) (S 450,481,482) (S 449,481,59) (S 48,59,60) (S 47,59,58) (S 837,636,579) (S 838,579,701) (S 1036,701,790) (S 1042,790,660) (S 751,659,660) (S 1041,660,793) (S 1039,792,793) (S 1040,793,785) (S 1023,785,784) (S 731,649,650) (S 1022,649,784) (S 1025,784,786) (S 1024,784,437) (S 927,437,330) (D 0,0,0)
 0 1 24 8935 29243  26 (D 0,0,0) (S 702,515,422) (S 706,636,58) (S 448,59,480) (S 995,480,770) (S 447,480,479) (S 997,479,772) (S 446,479,478) (S 996,478,771) (S 445,478,92) (S 72,92,91) (S 71,90,91) (S 874,91,282) (S 242,282,283) (S 875,282,720) (S 241,282,281) (S 919,281,743) (S 918,281,477) (S 443,477,199) (S 168,199,198) (S 167,197,198) (S 877,198,280) (S 878,280,723) (S 239,279,280) (S 240,280,281) (D 0,0,0)
 0 1 25 8980 16346  16 (D 0,0,0) (S 495,517,516) (S 494,516,515) (S 701,634,515) (S 493,515,514) (S 833,514,333) (S 834,333,481) (S 291,333,332) (S 290,332,331) (S 289,331,330) (S 288,330,329) (S 857,329,518) (S 497,518,519) (S 498,519,416) (S 499,416,351) (D 0,0,0)
 0 1 26 8853 19163  21 (D 0,0,0) (S 1029,520,325) (S 1030,325,495) (S 465,495,350) (S 305,349,169) (S 135,168,169) (S 634,169,62) (S 49,61,62) (S 633,62,167) (S 844,167,705) (S 843,705,607) (S 651,607,52) (S 40,52,51) (S 1101,51,794) (S 1102,794,819) (S 1043,794,55) (S 1038,56,791) (S 44,56,55) (S 43,55,54) (S 841,703,704) (D 0,0,0)
 0 1 27 8891 17263  22 (D 0,0,0) (S 892,735,518) (S 595,516,332) (S 594,332,580) (S 593,580,438) (S 592,438,579) (S 591,579,57) (S 46,57,58) (S 707,58,456) (S 422,456,457) (S 421,456,455) (S 420,455,454) (S 909,454,53) (S 908,53,704) (S 907,704,435) (S 905,328,519) (S 904,519,740) (S 383,417,418) (S 384,418,419) (S 1086,451,352) (S 309,352,351) (D 0,0,0)
 0 1 28 8879 18303  22 (D 0,0,0) (S 1003,740,735) (S 1004,735,776) (S 1044,776,581) (S 597,581,582) (S 699,633,627) (S 700,627,634) (S 951,634,629) (S 688,629,630) (S 687,629,627) (S 685,627,626) (S 1045,626,581) (S 596,581,516) (S 643,602,604) (S 686,605,628) (S 644,605,604) (S 723,645,604) (S 724,604,603) (S 641,603,602) (S 642,602,517) (S 496,517,518) (D 0,0,0)
 0 1 29 6737 10620  25 (D 0,0,0) (S 781,672,431) (S 399,431,15) (S 477,14,506) (S 479,177,507) (S 225,266,265) (S 300,265,344) (S 873,344,507) (S 480,507,266) (S 481,266,508) (S 482,508,5) (S 483,5,509) (S 549,509,555) (S 740,555,8) (S 5,7,6) (S 4,5,6) (S 761,6,671) (S 928,671,675) (S 772,268,675) (S 773,675,7) (S 6,7,8) (S 741,8,63) (S 742,63,653) (S 778,653,677) (D 0,0,0)
 0 1 30 8447 12475  22 (D 0,0,0) (S 818,2,695) (S 1107,695,81) (S 547,81,190) (S 160,190,82) (S 846,82,654) (S 222,262,261) (S 759,261,670) (S 1098,656,818) (S 747,656,657) (S 748,657,84) (S 66,84,42) (S 32,42,41) (S 489,512,375) (S 490,375,513) (S 606,513,369) (S 331,369,368) (S 522,368,527) (S 521,527,535) (S 970,762,673) (S 971,673,708) (D 0,0,0)
 0 1 31 8973 17560  29 (D 0,0,0) (S 301,345,344) (S 872,344,380) (S 871,380,86) (S 339,86,375) (S 340,375,370) (S 334,371,372) (S 867,372,715) (S 488,512,41) (S 31,41,40) (S 335,372,40) (S 30,40,39) (S 669,616,39) (S 1085,39,815) (S 336,40,373) (S 337,373,374) (S 750,373,658) (S 749,373,84) (S 65,83,84) (S 935,657,746) (S 934,657,43) (S 33,43,42) (S 67,42,85) (S 68,85,86) (S 338,86,263) (S 223,263,264) (S 226,266,267) (S 227,267,268) (D 0,0,0)
 0 1 32 8970 17572  19 (D 0,0,0) (S 425,192,355) (S 310,354,353) (S 680,353,584) (S 681,584,622) (S 694,622,505) (S 695,505,632) (S 1163,632,829) (S 1127,71,407) (S 1126,828,407) (S 373,407,408) (S 372,407,406) (S 371,406,405) (S 697,69,405) (S 370,405,404) (S 598,404,582) (S 922,582,313) (S 893,736,735) (D 0,0,0)
 0 1 33 8964 32551  21 (D 0,0,0) (S 661,319,534) (S 353,388,389) (S 734,388,652) (S 1048,652,399) (S 366,400,401) (S 367,401,402) (S 379,401,410) (S 376,410,411) (S 375,410,400) (S 374,409,400) (S 365,400,399) (S 1047,399,429) (S 1046,429,766) (S 985,766,376) (S 984,376,385) (S 350,385,386) (S 469,428,498) (S 1006,498,393) (S 358,394,395) (D 0,0,0)
 0 1 34 8863 29381  19 (D 0,0,0) (S 359,395,396) (S 486,396,500) (S 472,500,499) (S 471,499,398) (S 470,398,498) (S 393,428,386) (S 983,385,391) (S 355,391,392) (S 982,391,140) (S 114,140,141) (S 981,140,152) (S 122,152,153) (S 980,152,236) (S 1015,237,782) (S 202,237,238) (S 1009,238,778) (S 1010,778,779) (D 0,0,0)
 0 1 35 8882 27530  17 (D 0,0,0) (S 1017,426,779) (S 1011,779,239) (S 204,239,240) (S 1012,239,780) (S 203,239,238) (S 1016,778,781) (S 1014,781,237) (S 201,237,236) (S 979,236,424) (S 978,424,722) (S 876,721,722) (S 389,424,425) (S 1013,425,781) (S 390,425,426) (S 391,426,427) (D 0,0,0)
 0 1 36 8960 30191  17 (D 0,0,0) (S 418,452,427) (S 869,717,427) (S 112,136,137) (S 485,511,396) (S 360,396,397) (S 513,397,89) (S 70,88,89) (S 473,89,500) (S 487,500,389) (S 354,389,390) (S 515,530,531) (S 514,530,89) (S 512,397,529) (S 123,155,154) (S 1019,452,446) (D 0,0,0)
 0 1 37 8977 20155  23 (D 0,0,0) (S 659,448,612) (S 658,612,611) (S 657,610,611) (S 1000,611,774) (S 999,774,775) (S 998,773,774) (S 1008,774,612) (S 1007,612,647) (S 730,647,648) (S 729,647,646) (S 727,575,101) (S 82,101,102) (S 81,101,100) (S 467,100,461) (S 583,497,575) (S 728,575,646) (S 793,646,447) (S 413,447,448) (S 660,448,534) (S 519,534,445) (S 277,318,317) (D 0,0,0)
 0 1 38 8986 28356  16 (D 0,0,0) (S 248,290,154) (S 249,154,291) (S 509,291,241) (S 784,528,678) (S 508,528,241) (S 205,241,242) (S 320,242,363) (S 645,363,155) (S 511,155,529) (S 1185,529,614) (S 665,614,156) (S 664,156,363) (S 250,242,291) (S 738,290,137) (D 0,0,0)
 0 1 39 8941 29508  17 (D 0,0,0) (S 357,394,393) (S 1005,777,393) (S 356,393,392) (S 392,392,428) (S 396,429,412) (S 377,412,413) (S 397,412,430) (S 395,429,377) (S 394,377,386) (S 351,386,387) (S 352,387,388) (S 735,388,499) (S 736,499,395) (S 737,395,290) (S 739,137,427) (D 0,0,0)
 0 1 40 8997 29352  23 (D 0,0,0) (S 585,286,576) (S 584,576,382) (S 821,381,681) (S 789,681,222) (S 786,133,680) (S 1189,680,842) (S 1188,842,615) (S 668,615,597) (S 632,597,598) (S 631,597,530) (S 1050,530,390) (S 1049,390,652) (S 733,652,414) (S 732,651,414) (S 378,414,401) (S 364,399,378) (S 363,378,387) (S 362,387,398) (S 361,398,394) (S 412,446,447) (S 662,319,443) (D 0,0,0)
 0 1 41 8925 32834  15 (D 0,0,0) (S 811,471,691) (S 809,690,599) (S 806,203,503) (S 15,20,19) (S 993,768,19) (S 14,19,18) (S 296,18,340) (S 295,339,340) (S 552,340,473) (S 438,473,474) (S 439,474,475) (S 1169,474,839) (S 994,19,769) (D 0,0,0)
 0 1 42 8946 28281  16 (D 0,0,0) (S 804,20,485) (S 802,688,493) (S 801,493,496) (S 800,687,496) (S 466,496,489) (S 457,489,490) (S 461,490,492) (S 672,483,22) (S 17,22,21) (S 16,21,20) (S 805,20,503) (S 475,503,502) (S 474,502,501) (S 1001,647,611) (D 0,0,0)
 0 1 43 8985 34391  16 (D 0,0,0) (S 640,99,600) (S 670,600,502) (S 673,483,492) (S 460,491,492) (S 674,492,617) (S 888,617,730) (S 675,617,618) (S 676,618,619) (S 966,618,488) (S 967,488,710) (S 863,710,711) (S 456,488,489) (S 451,483,484) (S 459,484,21) (D 0,0,0)
 0 1 44 8990 32951  22 (D 0,0,0) (S 803,485,688) (S 756,667,442) (S 757,442,668) (S 409,442,441) (S 755,665,666) (S 815,693,694) (S 814,693,466) (S 434,468,469) (S 550,469,556) (S 1112,556,641) (S 714,640,641) (S 715,641,468) (S 433,468,467) (S 796,467,684) (S 432,467,466) (S 754,465,665) (S 1117,665,440) (S 1118,440,825) (S 1119,825,667) (S 1120,667,688) (D 0,0,0)
 0 1 45 8975 38116  14 (D 0,0,0) (S 808,599,689) (S 551,473,469) (S 435,469,304) (S 265,304,305) (S 264,304,303) (S 269,308,309) (S 268,307,308) (S 1109,824,308) (S 1110,308,303) (S 263,302,303) (S 1111,303,556) (S 1113,641,683) (D 0,0,0)
 0 1 46 9000 32644  20 (D 0,0,0) (S 635,362,599) (S 1173,825,464) (S 430,464,465) (S 431,465,466) (S 813,692,466) (S 795,467,683) (S 794,682,683) (S 1114,683,693) (S 1115,693,662) (S 752,661,662) (S 1116,662,665) (S 617,594,440) (S 408,440,441) (S 1171,840,441) (S 1172,441,825) (S 462,493,490) (S 458,490,484) (S 452,484,485) (D 0,0,0)
 0 1 47 8982 24750  15 (D 0,0,0) (S 917,691,360) (S 317,360,361) (S 318,361,98) (S 319,98,362) (S 636,362,600) (S 671,502,22) (S 18,22,23) (S 887,23,729) (S 19,23,24) (S 20,24,25) (S 725,24,501) (S 726,501,101) (S 80,100,99) (D 0,0,0)
 0 1 48 8978 25656  18 (D 0,0,0) (S 615,591,592) (S 851,592,94) (S 75,94,95) (S 912,95,741) (S 964,741,707) (S 965,707,638) (S 169,200,199) (S 442,199,79) (S 62,78,79) (S 441,79,476) (S 798,476,685) (S 797,476,143) (S 115,143,142) (S 440,142,476) (S 444,477,92) (S 73,92,93) (D 0,0,0)
 0 1 49 8989 28389  23 (D 0,0,0) (S 850,94,707) (S 849,707,201) (S 848,201,146) (S 847,706,146) (S 118,146,147) (S 119,147,148) (S 120,148,149) (S 117,146,145) (S 293,336,144) (S 116,144,145) (S 915,145,742) (S 914,145,202) (S 171,202,201) (S 170,201,200) (S 713,200,639) (S 1161,837,639) (S 712,200,638) (S 711,638,637) (S 940,637,749) (S 710,637,93) (S 1035,580,331) (D 0,0,0)
 0 1 50 8921 24603  10 (D 0,0,0) (S 656,561,365) (S 324,365,257) (S 218,257,256) (S 229,256,227) (S 194,227,228) (S 193,227,226) (S 325,366,257) (S 560,258,561) (D 0,0,0)
 0 1 51 8920 26047  10 (D 0,0,0) (S 559,258,294) (S 558,560,294) (S 329,293,174) (S 139,174,173) (S 1055,173,596) (S 569,565,225) (S 213,249,250) (S 1184,578,609) (D 0,0,0)
 0 1 52 8970 27577  13 (D 0,0,0) (S 654,609,608) (S 1170,608,577) (S 322,364,29) (S 23,29,30) (S 24,30,31) (S 349,30,384) (S 348,30,383) (S 545,383,287) (S 652,287,29) (S 653,29,608) (S 220,258,259) (D 0,0,0)
 0 1 53 8994 23843  20 (D 0,0,0) (S 219,258,257) (S 326,366,226) (S 192,226,225) (S 191,225,224) (S 190,224,223) (S 717,643,223) (S 718,223,247) (S 211,247,248) (S 524,248,536) (S 823,536,285) (S 243,284,285) (S 822,285,681) (S 790,681,576) (S 791,576,287) (S 245,287,286) (S 586,286,364) (S 587,364,577) (S 655,609,561) (D 0,0,0)
 0 1 54 8985 33559  27 (D 0,0,0) (S 589,578,567) (S 721,566,548) (S 254,295,296) (S 184,218,217) (S 183,217,216) (S 232,216,271) (S 231,270,216) (S 621,277,570) (S 576,564,131) (S 575,569,131) (S 199,132,234) (S 542,233,549) (S 540,549,550) (S 541,551,549) (S 197,232,233) (S 198,233,234) (S 716,642,234) (S 110,133,134) (S 991,38,712) (S 990,712,221) (S 188,221,222) (S 189,222,223) (S 719,247,537) (S 523,536,364) (S 588,577,567) (D 0,0,0)
 0 1 55 9000 32086  26 (D 0,0,0) (S 572,249,547) (S 526,537,224) (S 436,213,470) (S 881,314,724) (S 882,724,126) (S 883,126,725) (S 950,725,751) (S 942,751,752) (S 941,750,751) (S 884,725,421) (S 387,421,420) (S 1051,162,795) (S 1052,795,796) (S 1103,820,796) (S 1104,796,243) (S 206,243,244) (S 937,244,129) (S 106,129,130) (S 107,130,131) (S 108,131,132) (S 200,132,235) (S 109,132,133) (S 787,133,595) (S 788,595,222) (D 0,0,0)
 0 1 56 8978 41179  17 (D 0,0,0) (S 244,286,285) (S 1160,679,252) (S 215,252,231) (S 214,251,231) (S 196,231,230) (S 195,230,229) (S 543,552,299) (S 260,299,229) (S 261,229,254) (S 217,254,255) (S 233,272,230) (S 234,230,273) (S 216,252,253) (S 1159,802,252) (S 785,679,680) (D 0,0,0)
 0 1 57 8965 32043  30 (D 0,0,0) (S 181,212,213) (S 275,246,315) (S 939,315,748) (S 956,748,160) (S 957,160,757) (S 958,757,724) (S 952,757,127) (S 103,127,126) (S 953,756,127) (S 104,127,128) (S 105,128,129) (S 938,129,748) (S 955,748,245) (S 209,245,246) (S 453,246,274) (S 235,274,275) (S 236,275,276) (S 237,276,277) (S 246,288,278) (S 247,278,289) (S 238,278,277) (S 622,277,217) (S 623,217,463) (S 624,463,297) (S 259,297,298) (S 625,297,538) (S 525,537,248) (S 212,248,249) (D 0,0,0)
 0 1 58 8988 35086  22 (D 0,0,0) (S 539,547,548) (S 528,538,295) (S 945,541,753) (S 39,49,50) (S 38,49,48) (S 37,48,47) (S 1205,47,848) (S 1204,47,106) (S 86,106,107) (S 87,107,108) (S 88,108,109) (S 537,545,184) (S 150,184,183) (S 1206,849,183) (S 1207,183,845) (S 1208,845,847) (S 1209,847,843) (S 1192,843,543) (S 534,543,542) (S 531,540,158) (D 0,0,0)
 0 1 59 8891 31002  23 (D 0,0,0) (S 530,539,158) (S 532,540,541) (S 1211,753,841) (S 1210,841,843) (S 1191,843,105) (S 84,105,104) (S 83,103,104) (S 1186,104,841) (S 1187,841,542) (S 533,542,541) (S 879,540,470) (S 880,470,314) (S 273,314,159) (S 274,159,315) (S 454,274,486) (S 565,486,211) (S 179,210,211) (S 180,211,212) (S 186,212,219) (S 185,219,218) (S 253,295,294) (D 0,0,0)
 0 1 60 8941 34122  18 (D 0,0,0) (S 252,294,293) (S 946,754,541) (S 944,753,103) (S 943,103,49) (S 988,49,767) (S 1074,806,182) (S 146,182,75) (S 145,181,75) (S 60,75,74) (S 1066,74,806) (S 1073,806,767) (S 987,767,73) (S 59,73,74) (S 986,73,766) (S 341,376,377) (S 342,377,378) (D 0,0,0)
 0 1 61 8956 36057  14 (D 0,0,0) (S 1202,544,847) (S 1203,847,106) (S 85,106,105) (S 1190,105,48) (S 36,47,46) (S 35,46,45) (S 34,44,45) (S 1180,45,109) (S 1179,109,545) (S 1178,545,809) (S 1071,809,808) (S 152,185,112) (D 0,0,0)
 0 1 62 9000 40613  11 (D 0,0,0) (S 1069,114,185) (S 149,183,108) (S 148,108,46) (S 147,46,182) (S 1075,182,812) (S 1182,812,76) (S 61,76,77) (S 1181,812,45) (S 1200,107,845) (D 0,0,0)
 0 1 63 8991 33419  21 (D 0,0,0) (S 1212,755,811) (S 1072,811,810) (S 1076,810,813) (S 1193,813,543) (S 535,543,544) (S 1201,846,544) (S 536,544,184) (S 151,184,185) (S 1070,185,808) (S 1151,808,111) (S 1150,111,801) (S 1148,124,765) (S 975,765,32) (S 25,32,33) (S 99,121,122) (S 1058,798,800) (S 1053,798,797) (S 1195,805,113) (S 93,114,115) (D 0,0,0)
 0 1 64 8785 32007  21 (D 0,0,0) (S 948,115,755) (S 947,755,754) (S 1077,754,810) (S 1194,813,113) (S 1196,805,800) (S 1059,800,187) (S 155,187,123) (S 156,123,32) (S 157,32,12) (S 158,12,188) (S 828,699,188) (S 159,188,189) (S 827,189,698) (S 826,189,10) (S 824,35,120) (S 97,120,119) (S 98,119,121) (S 1144,121,799) (S 330,115,174) (D 0,0,0)
 0 1 65 8985 34916  25 (D 0,0,0) (S 96,118,119) (S 831,120,34) (S 27,34,35) (S 28,35,36) (S 825,35,10) (S 7,9,10) (S 8,10,11) (S 829,11,188) (S 10,12,13) (S 9,12,11) (S 830,11,34) (S 26,34,33) (S 1145,33,121) (S 101,123,124) (S 1149,124,801) (S 1060,801,187) (S 154,187,186) (S 1065,186,805) (S 1064,805,797) (S 1063,797,804) (S 1143,804,799) (S 1056,799,118) (S 95,118,115) (D 0,0,0)
 0 1 66 9000 35585  20 (D 0,0,0) (S 1057,799,798) (S 1054,798,122) (S 100,122,123) (S 102,124,125) (S 1062,125,803) (S 973,763,764) (S 974,764,765) (S 1147,765,834) (S 1146,833,834) (S 1174,834,764) (S 1175,764,125) (S 1176,125,110) (S 1177,110,809) (S 89,110,111) (S 90,111,112) (S 153,112,186) (S 91,112,113) (S 92,113,114) (D 0,0,0)
 0 1 67 8925 28987  11 (D 0,0,0) (S 251,293,292) (S 629,269,367) (S 628,367,565) (S 570,225,566) (S 722,566,644) (S 538,546,547) (S 573,249,567) (S 574,567,568) (S 590,578,366) (D 0,0,0)
 0 1 68 8995 27774  24 (D 0,0,0) (S 720,548,537) (S 527,224,538) (S 529,295,539) (S 568,539,462) (S 567,462,219) (S 566,219,211) (S 455,486,487) (S 564,486,275) (S 563,275,564) (S 577,564,570) (S 620,570,595) (S 619,595,38) (S 29,37,38) (S 992,38,134) (S 111,134,135) (S 257,135,276) (S 256,276,218) (S 255,218,296) (S 258,296,297) (S 626,538,596) (S 627,596,565) (S 571,566,547) (D 0,0,0)
 0 1 69 8889 31258  11 (D 0,0,0) (S 327,226,367) (S 328,367,293) (S 140,174,175) (S 1068,175,807) (S 141,175,176) (S 1067,175,348) (S 304,348,292) (S 630,292,269) (S 230,269,227) (D 0,0,0)
 0 1 70 8925 31855  22 (D 0,0,0) (S 138,173,158) (S 126,158,159) (S 127,159,160) (S 128,160,128) (S 129,128,161) (S 386,161,420) (S 954,420,756) (S 949,756,725) (S 885,421,726) (S 1157,836,726) (S 1158,726,802) (S 1061,802,795) (S 131,162,163) (S 130,162,161) (S 385,161,243) (S 207,244,130) (S 208,130,245) (S 210,246,213) (S 428,213,462) (S 429,462,463) (D 0,0,0)
