1750286
70
2401095
2395031
 0 1 1 8506 17870  13 (D 0,0,0) (S 1,0,1) (S 2,2,3) (S 1099,3,732) (S 889,732,731) (S 22,28,27) (S 799,686,663) (S 753,663,664) (S 972,686,27) (S 21,27,26) (S 1018,26,783) (S 926,28,731) (D 0,0,0)
 0 1 2 8742 19724  17 (D 0,0,0) (S 3,3,4) (S 1091,4,734) (S 891,734,621) (S 677,620,621) (S 678,621,459) (S 423,458,459) (S 679,459,353) (S 680,353,584) (S 681,584,622) (S 682,622,623) (S 683,623,624) (S 684,624,625) (S 1130,624,830) (S 1129,624,829) (S 1162,838,829) (D 0,0,0)
 0 1 3 8989 20128  19 (D 0,0,0) (S 693,195,622) (S 694,622,505) (S 695,505,632) (S 696,632,69) (S 56,69,70) (S 1127,71,407) (S 1126,828,407) (S 373,407,408) (S 372,407,406) (S 371,405,406) (S 1033,406,70) (S 57,70,71) (S 58,71,72) (S 1128,71,829) (S 1163,829,632) (S 1164,632,583) (S 898,737,738) (D 0,0,0)
 0 1 4 8970 16354  24 (D 0,0,0) (S 1168,63,787) (S 1167,787,816) (S 1166,816,738) (S 899,738,66) (S 900,66,171) (S 901,171,450) (S 415,450,449) (S 895,449,170) (S 368,170,403) (S 663,403,613) (S 369,403,404) (S 598,404,582) (S 597,582,581) (S 596,581,516) (S 642,517,602) (S 643,602,604) (S 644,604,605) (S 686,605,628) (S 723,645,604) (S 724,604,603) (S 641,603,602) (S 499,416,351) (D 0,0,0)
 0 1 5 8529 11730  33 (D 0,0,0) (S 777,676,677) (S 778,677,653) (S 779,653,674) (S 770,674,180) (S 144,180,179) (S 143,179,178) (S 479,177,507) (S 480,507,266) (S 481,266,508) (S 299,343,265) (S 345,264,380) (S 344,380,379) (S 491,379,513) (S 606,513,369) (S 331,369,368) (S 343,368,379) (S 492,379,345) (S 301,345,344) (S 872,344,380) (S 871,380,86) (S 339,86,375) (S 340,375,370) (S 332,370,369) (S 522,368,527) (S 507,527,526) (S 506,526,525) (S 1079,525,762) (S 970,762,673) (S 971,673,708) (S 1152,708,522) (S 743,522,653) (D 0,0,0)
 0 1 6 8489 12567  21 (D 0,0,0) (S 742,653,63) (S 741,63,8) (S 740,8,555) (S 549,555,509) (S 484,509,510) (S 845,509,654) (S 846,654,82) (S 160,82,190) (S 161,190,191) (S 516,191,532) (S 614,532,80) (S 63,80,81) (S 547,81,190) (S 548,190,555) (S 483,509,5) (S 4,5,6) (S 5,6,7) (S 6,7,8) (S 773,7,675) (D 0,0,0)
 0 1 7 8959 17533  27 (D 0,0,0) (S 228,63,268) (S 772,268,675) (S 928,675,671) (S 929,671,508) (S 298,343,342) (S 297,341,342) (S 760,342,261) (S 759,261,670) (S 1096,670,745) (S 1095,745,85) (S 1094,85,512) (S 1093,512,715) (S 1092,817,715) (S 866,715,371) (S 758,370,669) (S 333,370,371) (S 334,371,372) (S 336,40,373) (S 750,373,658) (S 337,373,374) (S 749,373,84) (S 934,657,43) (S 932,745,260) (S 300,265,344) (S 873,344,507) (D 0,0,0)
 0 1 8 8939 15871  24 (D 0,0,0) (S 303,346,347) (S 1140,347,526) (S 1141,526,761) (S 968,761,535) (S 520,535,445) (S 519,445,534) (S 413,448,447) (S 793,447,646) (S 729,646,647) (S 657,610,611) (S 1001,611,647) (S 730,647,648) (S 1007,647,612) (S 1008,612,774) (S 998,773,774) (S 999,774,775) (S 1000,774,611) (S 658,611,612) (S 659,612,448) (S 661,534,319) (S 870,718,719) (S 1153,719,708) (D 0,0,0)
 0 1 9 8871 15290  29 (D 0,0,0) (S 13,17,16) (S 765,16,672) (S 781,672,431) (S 398,431,178) (S 142,178,177) (S 478,177,506) (S 783,506,346) (S 302,346,345) (S 490,513,375) (S 489,375,512) (S 488,41,512) (S 867,715,372) (S 335,372,40) (S 669,616,39) (S 1085,39,815) (S 30,39,40) (S 31,40,41) (S 32,41,42) (S 66,42,84) (S 65,83,84) (S 748,84,657) (S 935,657,746) (S 747,657,656) (S 745,655,262) (S 744,262,654) (S 64,82,81) (S 1107,81,695) (D 0,0,0)
 0 1 10 7467 10695  10 (D 0,0,0) (S 818,2,695) (S 819,695,696) (S 1108,695,205) (S 173,204,205) (S 174,205,151) (S 605,206,585) (S 613,585,532) (S 1100,191,3) (D 0,0,0)
 0 1 11 7627 11245  20 (D 0,0,0) (S 1026,3,787) (S 1027,787,64) (S 1028,64,520) (S 500,520,351) (S 381,416,327) (S 286,327,328) (S 905,328,519) (S 904,519,740) (S 903,740,739) (S 902,739,450) (S 416,450,419) (S 384,419,418) (S 383,418,417) (S 309,351,352) (S 1086,352,451) (S 1087,451,65) (S 51,65,64) (S 50,64,63) (D 0,0,0)
 0 1 12 8979 12222  20 (D 0,0,0) (S 816,0,677) (S 792,677,521) (S 501,521,520) (S 1029,520,325) (S 284,325,326) (S 307,326,350) (S 465,350,495) (S 1031,495,788) (S 1032,788,789) (S 1082,788,814) (S 1135,814,494) (S 1136,494,443) (S 410,443,444) (S 400,432,433) (S 859,433,324) (S 689,631,324) (S 690,324,521) (S 502,521,522) (D 0,0,0)
 0 1 13 5947 10315  20 (D 0,0,0) (S 782,431,506) (S 477,506,14) (S 11,14,15) (S 12,15,16) (S 766,16,524) (S 767,524,673) (S 969,762,761) (S 1142,761,316) (S 276,316,317) (S 1156,317,835) (S 277,317,318) (S 278,318,319) (S 279,319,320) (S 463,320,494) (S 464,494,495) (S 1030,495,325) (S 283,325,324) (S 858,433,708) (D 0,0,0)
 0 1 14 8969 15538  31 (D 0,0,0) (S 780,674,672) (S 764,672,179) (S 763,179,267) (S 226,267,266) (S 225,266,265) (S 224,265,264) (S 223,264,263) (S 338,263,86) (S 68,86,85) (S 67,85,42) (S 33,42,43) (S 1183,43,822) (S 1105,821,822) (S 1106,822,823) (S 1131,823,831) (S 933,43,745) (S 1097,670,656) (S 1098,656,818) (S 746,656,655) (S 868,716,655) (S 222,262,261) (S 221,261,260) (S 931,260,343) (S 930,343,508) (S 482,508,5) (S 761,6,671) (S 762,671,267) (S 227,267,268) (S 771,268,180) (D 0,0,0)
 0 1 15 8927 17078  21 (D 0,0,0) (S 890,733,621) (S 424,459,355) (S 311,355,354) (S 310,354,353) (S 602,584,504) (S 601,504,583) (S 370,405,404) (S 599,404,68) (S 600,68,583) (S 1165,583,737) (S 897,737,67) (S 53,67,66) (S 52,66,65) (S 1088,65,816) (S 1089,816,733) (S 1090,733,734) (S 1083,4,728) (S 886,728,727) (S 936,747,727) (D 0,0,0)
 0 1 16 8814 17065  15 (D 0,0,0) (S 1084,4,191) (S 517,532,150) (S 518,150,533) (S 175,151,206) (S 176,206,207) (S 177,207,208) (S 1122,208,826) (S 1132,826,558) (S 555,558,306) (S 976,300,587) (S 608,587,559) (S 609,559,588) (S 166,196,195) (D 0,0,0)
 0 1 17 8941 16947  12 (D 0,0,0) (S 163,192,193) (S 164,193,194) (S 165,194,195) (S 692,195,590) (S 611,590,589) (S 607,586,587) (S 557,559,209) (S 556,209,558) (S 266,306,151) (S 121,151,150) (D 0,0,0)
 0 1 18 8801 15757  17 (D 0,0,0) (S 817,0,2) (S 604,194,585) (S 612,585,590) (S 691,590,207) (S 178,208,209) (S 1121,208,588) (S 610,588,589) (S 776,589,196) (S 775,196,623) (S 774,623,505) (S 476,505,504) (S 603,584,194) (S 321,193,354) (S 425,355,192) (S 162,192,191) (D 0,0,0)
 0 1 19 8909 21261  19 (D 0,0,0) (S 399,431,15) (S 1080,14,525) (S 1020,446,601) (S 294,337,338) (S 1021,337,601) (S 637,601,574) (S 638,574,460) (S 639,460,99) (S 79,99,98) (S 78,98,97) (S 77,97,96) (S 647,96,472) (S 648,472,571) (S 578,571,572) (S 649,571,453) (S 843,607,705) (S 402,434,415) (D 0,0,0)
 0 1 20 8770 27261  19 (D 0,0,0) (S 401,349,434) (S 646,96,606) (S 962,606,689) (S 172,203,202) (S 914,202,145) (S 915,145,742) (S 116,145,144) (S 293,336,144) (S 117,145,146) (S 118,146,147) (S 119,147,148) (S 120,148,149) (S 847,706,146) (S 848,146,201) (S 170,200,201) (S 849,201,707) (S 841,703,704) (D 0,0,0)
 0 1 21 8997 23248  19 (D 0,0,0) (S 854,703,54) (S 44,55,56) (S 709,562,93) (S 710,93,637) (S 940,637,749) (S 711,637,638) (S 1161,837,639) (S 713,639,200) (S 169,200,199) (S 443,199,477) (S 444,477,92) (S 73,92,93) (S 74,93,94) (S 851,94,592) (S 910,591,454) (S 909,454,53) (S 908,53,704) (D 0,0,0)
 0 1 22 8995 20867  17 (D 0,0,0) (S 853,54,455) (S 852,455,592) (S 616,592,593) (S 615,592,591) (S 911,591,95) (S 912,95,741) (S 913,741,202) (S 171,202,201) (S 850,707,94) (S 75,94,95) (S 76,95,96) (S 916,97,690) (S 810,690,691) (S 812,471,334) (S 292,334,335) (D 0,0,0)
 0 1 23 8909 19309  24 (D 0,0,0) (S 1134,814,357) (S 282,322,323) (S 314,322,358) (S 546,358,554) (S 861,554,139) (S 113,138,139) (S 860,709,139) (S 862,554,573) (S 579,573,572) (S 865,572,714) (S 580,573,359) (S 315,359,358) (S 281,322,321) (S 312,321,356) (S 280,321,320) (S 662,319,443) (S 1139,832,718) (S 1078,718,762) (S 505,525,524) (S 504,524,523) (S 768,523,17) (S 769,17,674) (D 0,0,0)
 0 1 24 8853 17263  23 (D 0,0,0) (S 308,351,326) (S 305,349,169) (S 634,169,62) (S 633,62,167) (S 134,167,166) (S 1034,166,702) (S 839,702,701) (S 1037,701,56) (S 1038,56,791) (S 45,56,57) (S 46,57,58) (S 706,58,636) (S 837,636,579) (S 592,579,438) (S 1024,437,784) (S 1025,784,786) (S 731,649,650) (S 1022,649,784) (S 927,437,330) (S 288,330,329) (S 287,329,328) (D 0,0,0)
 0 1 25 8845 19157  17 (D 0,0,0) (S 906,328,435) (S 907,435,704) (S 842,704,607) (S 40,52,51) (S 1101,51,794) (S 1102,794,819) (S 1043,794,55) (S 43,55,54) (S 42,54,53) (S 41,53,52) (S 651,52,607) (S 844,705,167) (S 49,61,62) (S 135,168,169) (S 306,349,350) (D 0,0,0)
 0 1 26 8976 20923  22 (D 0,0,0) (S 1081,434,705) (S 650,52,453) (S 419,453,454) (S 420,454,455) (S 421,455,456) (S 422,456,457) (S 708,456,562) (S 562,562,563) (S 707,456,58) (S 591,57,579) (S 838,579,701) (S 1036,701,790) (S 1042,790,660) (S 751,659,660) (S 1041,660,793) (S 1039,792,793) (S 1040,793,785) (S 1023,785,784) (S 404,436,435) (S 285,327,326) (D 0,0,0)
 0 1 27 8998 17123  19 (D 0,0,0) (S 380,327,415) (S 403,415,435) (S 855,436,703) (S 840,703,702) (S 133,166,165) (S 132,164,165) (S 832,165,700) (S 836,700,636) (S 705,636,635) (S 960,758,759) (S 961,758,760) (S 959,758,635) (S 704,635,439) (S 407,439,438) (S 406,438,437) (S 405,437,436) (S 856,436,329) (D 0,0,0)
 0 1 28 8957 18096  13 (D 0,0,0) (S 496,518,517) (S 495,517,516) (S 494,516,515) (S 493,515,514) (S 833,514,333) (S 834,333,481) (S 450,481,482) (S 291,333,332) (S 594,332,580) (S 290,331,332) (S 595,332,516) (D 0,0,0)
 0 1 29 7795 16683  17 (D 0,0,0) (S 498,416,519) (S 497,519,518) (S 892,518,735) (S 893,735,736) (S 923,736,313) (S 921,582,633) (S 920,744,633) (S 698,633,405) (S 697,405,69) (S 55,69,68) (S 54,68,67) (S 896,67,170) (S 136,170,171) (S 137,171,172) (S 417,419,451) (D 0,0,0)
 0 1 30 8798 17197  25 (D 0,0,0) (S 1002,417,740) (S 1003,740,735) (S 1004,735,776) (S 1044,776,581) (S 1045,581,626) (S 685,626,627) (S 700,627,634) (S 701,634,515) (S 388,422,423) (S 702,422,515) (S 951,634,629) (S 688,629,630) (S 687,629,627) (S 699,627,633) (S 922,582,313) (S 272,313,310) (S 270,310,311) (S 271,310,312) (S 414,312,449) (S 894,449,736) (S 924,736,739) (S 925,739,418) (S 382,417,416) (D 0,0,0)
 0 1 31 8964 27917  21 (D 0,0,0) (S 835,700,481) (S 449,481,59) (S 48,59,60) (S 448,59,480) (S 995,480,770) (S 447,480,479) (S 997,479,772) (S 446,479,478) (S 996,478,771) (S 445,478,92) (S 919,281,743) (S 241,281,282) (S 875,282,720) (S 242,282,283) (S 874,282,91) (S 71,90,91) (S 72,91,92) (S 47,59,58) (S 703,439,422) (D 0,0,0)
 0 1 32 8922 26039  19 (D 0,0,0) (S 437,472,471) (S 809,690,599) (S 806,203,503) (S 452,485,484) (S 451,484,483) (S 672,483,22) (S 17,22,21) (S 16,21,20) (S 15,20,19) (S 993,768,19) (S 994,19,769) (S 805,20,503) (S 475,503,502) (S 319,362,98) (S 318,98,361) (S 316,360,359) (S 313,322,357) (D 0,0,0)
 0 1 33 8950 21990  18 (D 0,0,0) (S 317,360,361) (S 426,361,460) (S 427,460,461) (S 468,461,497) (S 467,461,100) (S 726,101,501) (S 474,501,502) (S 670,502,600) (S 640,600,99) (S 80,99,100) (S 81,100,101) (S 82,101,102) (S 727,101,575) (S 728,575,646) (S 521,535,527) (S 503,523,522) (D 0,0,0)
 0 1 34 8262 24378  13 (D 0,0,0) (S 917,360,691) (S 635,599,362) (S 671,502,22) (S 18,22,23) (S 887,23,729) (S 19,23,24) (S 20,24,25) (S 725,24,501) (S 583,575,497) (S 582,497,574) (S 581,574,359) (D 0,0,0)
 0 1 35 8989 28507  24 (D 0,0,0) (S 963,606,741) (S 964,741,707) (S 965,707,638) (S 712,638,200) (S 442,199,79) (S 62,78,79) (S 441,79,476) (S 797,476,143) (S 115,143,142) (S 440,142,476) (S 798,476,685) (S 168,199,198) (S 167,197,198) (S 877,198,280) (S 239,279,280) (S 878,280,723) (S 240,280,281) (S 918,281,477) (S 593,438,580) (S 1035,580,331) (S 289,331,330) (S 857,329,518) (D 0,0,0)
 0 1 36 8972 30023  21 (D 0,0,0) (S 1155,832,317) (S 125,156,157) (S 665,156,614) (S 69,87,88) (S 70,88,89) (S 514,89,530) (S 1050,390,530) (S 515,530,531) (S 631,530,597) (S 632,597,598) (S 1197,615,844) (S 1198,844,842) (S 1188,842,615) (S 668,615,597) (S 667,597,88) (S 666,88,614) (S 1185,614,529) (S 511,529,155) (S 510,155,291) (D 0,0,0)
 0 1 37 8965 33402  20 (D 0,0,0) (S 359,395,396) (S 486,396,500) (S 354,389,390) (S 1049,390,652) (S 733,652,414) (S 732,651,414) (S 378,414,401) (S 366,401,400) (S 374,409,400) (S 375,400,410) (S 376,410,411) (S 379,410,401) (S 367,401,402) (S 365,400,399) (S 394,377,386) (S 393,386,428) (S 1006,498,393) (S 357,393,394) (D 0,0,0)
 0 1 38 8990 27478  15 (D 0,0,0) (S 418,452,427) (S 738,137,290) (S 250,291,242) (S 645,363,155) (S 124,155,156) (S 664,156,363) (S 320,363,242) (S 205,242,241) (S 784,528,678) (S 508,528,241) (S 509,241,291) (S 249,291,154) (S 248,154,290) (D 0,0,0)
 0 1 39 8992 27171  16 (D 0,0,0) (S 391,427,426) (S 1017,426,779) (S 1010,779,778) (S 1009,238,778) (S 1016,778,781) (S 1014,781,237) (S 1015,237,782) (S 979,236,424) (S 876,721,722) (S 978,722,424) (S 389,424,425) (S 1013,425,781) (S 390,425,426) (S 412,446,447) (D 0,0,0)
 0 1 40 8884 27351  18 (D 0,0,0) (S 1138,832,432) (S 1011,779,239) (S 204,239,240) (S 1012,239,780) (S 203,239,238) (S 202,238,237) (S 201,237,236) (S 980,236,152) (S 122,152,153) (S 981,152,140) (S 114,140,141) (S 982,140,391) (S 355,391,392) (S 356,392,393) (S 1005,777,393) (S 737,395,290) (D 0,0,0)
 0 1 41 8957 29092  19 (D 0,0,0) (S 1137,432,443) (S 660,534,448) (S 1019,446,452) (S 739,427,137) (S 112,136,137) (S 736,395,499) (S 487,500,389) (S 353,389,388) (S 735,388,499) (S 472,499,500) (S 473,500,89) (S 513,89,397) (S 360,397,396) (S 485,511,396) (S 512,397,529) (S 123,155,154) (S 869,717,427) (D 0,0,0)
 0 1 42 8979 31404  19 (D 0,0,0) (S 1154,719,832) (S 411,318,445) (S 471,499,398) (S 470,398,498) (S 469,498,428) (S 392,428,392) (S 983,391,385) (S 984,385,376) (S 341,376,377) (S 397,412,430) (S 377,412,413) (S 396,412,429) (S 1047,429,399) (S 1048,399,652) (S 734,652,388) (S 352,388,387) (S 361,398,394) (D 0,0,0)
 0 1 43 8976 35142  23 (D 0,0,0) (S 358,395,394) (S 363,387,378) (S 342,378,377) (S 395,377,429) (S 1046,429,766) (S 59,73,74) (S 60,74,75) (S 145,181,75) (S 146,75,182) (S 147,182,46) (S 148,46,108) (S 87,108,107) (S 1204,106,47) (S 1203,106,847) (S 1208,847,845) (S 1200,845,107) (S 86,107,106) (S 85,106,105) (S 1191,105,843) (S 1187,841,542) (S 946,541,754) (D 0,0,0)
 0 1 44 8959 36519  15 (D 0,0,0) (S 533,541,542) (S 534,542,543) (S 1209,843,847) (S 149,183,108) (S 88,108,109) (S 34,44,45) (S 35,45,46) (S 36,46,47) (S 1205,47,848) (S 37,47,48) (S 39,49,50) (S 943,49,103) (S 944,103,753) (D 0,0,0)
 0 1 45 8996 34208  15 (D 0,0,0) (S 536,544,184) (S 537,184,545) (S 1178,545,809) (S 1177,110,809) (S 1071,809,808) (S 1151,808,111) (S 1150,111,801) (S 102,124,125) (S 101,124,123) (S 156,123,32) (S 1145,33,121) (S 1144,121,799) (S 329,174,293) (D 0,0,0)
 0 1 46 8997 33130  25 (D 0,0,0) (S 95,115,118) (S 1056,118,799) (S 1143,799,804) (S 1063,804,797) (S 1064,797,805) (S 1196,805,800) (S 1059,800,187) (S 1058,800,798) (S 1057,799,798) (S 1054,798,122) (S 99,121,122) (S 100,122,123) (S 155,123,187) (S 154,187,186) (S 153,186,112) (S 90,112,111) (S 1070,808,185) (S 152,185,112) (S 1065,186,805) (S 1194,113,813) (S 1077,810,754) (S 947,754,755) (S 948,755,115) (D 0,0,0)
 0 1 47 8977 32551  20 (D 0,0,0) (S 1212,755,811) (S 1072,811,810) (S 1076,810,813) (S 1193,813,543) (S 1192,543,843) (S 1210,843,841) (S 1186,841,104) (S 83,103,104) (S 84,104,105) (S 1190,105,48) (S 38,48,49) (S 988,49,767) (S 1066,806,74) (S 986,73,766) (S 985,766,376) (S 350,385,386) (S 351,386,387) (S 362,387,398) (D 0,0,0)
 0 1 48 8975 39810  12 (D 0,0,0) (S 1179,545,109) (S 1180,109,45) (S 1181,45,812) (S 61,76,77) (S 1182,76,812) (S 1075,812,182) (S 1074,182,806) (S 1073,806,767) (S 987,767,73) (S 364,399,378) (D 0,0,0)
 0 1 49 8902 34501  24 (D 0,0,0) (S 93,115,114) (S 92,114,113) (S 91,113,112) (S 89,111,110) (S 1176,110,125) (S 1062,125,803) (S 1175,125,764) (S 973,763,764) (S 158,12,188) (S 828,699,188) (S 159,188,189) (S 827,189,698) (S 826,189,10) (S 28,35,36) (S 27,35,34) (S 830,34,11) (S 8,11,10) (S 7,9,10) (S 825,10,35) (S 824,35,120) (S 97,120,119) (S 96,119,118) (D 0,0,0)
 0 1 50 8996 37028  20 (D 0,0,0) (S 1195,113,805) (S 1053,797,798) (S 1060,187,801) (S 1149,801,124) (S 1148,124,765) (S 974,765,764) (S 1174,764,834) (S 1146,833,834) (S 1147,834,765) (S 975,765,32) (S 157,32,12) (S 829,188,11) (S 9,11,12) (S 10,12,13) (S 25,32,33) (S 26,33,34) (S 831,34,120) (S 98,119,121) (D 0,0,0)
 0 1 51 8904 30621  9 (D 0,0,0) (S 560,561,258) (S 629,367,269) (S 304,292,348) (S 1067,348,175) (S 141,175,176) (S 1068,175,807) (S 140,175,174) (D 0,0,0)
 0 1 52 8844 30519  18 (D 0,0,0) (S 628,367,565) (S 529,295,539) (S 530,539,158) (S 531,158,540) (S 532,540,541) (S 945,541,753) (S 1211,753,841) (S 535,543,544) (S 1201,846,544) (S 1202,544,847) (S 1207,845,183) (S 1206,849,183) (S 150,183,184) (S 151,184,185) (S 1069,185,114) (S 330,115,174) (D 0,0,0)
 0 1 53 8988 32720  25 (D 0,0,0) (S 253,294,295) (S 879,540,470) (S 880,470,314) (S 273,314,159) (S 939,315,748) (S 938,748,129) (S 937,129,244) (S 206,244,243) (S 385,243,161) (S 130,161,162) (S 131,162,163) (S 1051,162,795) (S 1052,795,796) (S 1103,820,796) (S 1104,796,243) (S 207,244,130) (S 209,245,246) (S 453,246,274) (S 235,274,275) (S 454,274,486) (S 455,486,487) (S 565,486,211) (S 186,212,219) (D 0,0,0)
 0 1 54 8893 32641  22 (D 0,0,0) (S 576,564,131) (S 106,130,129) (S 105,129,128) (S 129,128,161) (S 386,161,420) (S 885,421,726) (S 1157,836,726) (S 1158,726,802) (S 1061,802,795) (S 1159,802,252) (S 1160,252,679) (S 1189,842,680) (S 786,680,133) (S 110,133,134) (S 618,135,38) (S 29,37,38) (S 991,38,712) (S 864,712,713) (S 990,712,221) (S 346,381,382) (D 0,0,0)
 0 1 55 8996 40582  16 (D 0,0,0) (S 789,681,222) (S 1199,135,844) (S 785,680,679) (S 216,252,253) (S 215,252,231) (S 196,231,230) (S 234,230,273) (S 217,254,255) (S 261,254,229) (S 260,229,299) (S 543,552,299) (S 195,229,230) (S 233,272,230) (S 214,251,231) (D 0,0,0)
 0 1 56 8975 33535  26 (D 0,0,0) (S 787,595,133) (S 109,133,132) (S 716,642,234) (S 541,551,549) (S 540,549,550) (S 542,549,233) (S 197,232,233) (S 198,233,234) (S 199,234,132) (S 200,132,235) (S 108,132,131) (S 575,569,131) (S 107,131,130) (S 208,130,245) (S 955,245,748) (S 956,748,160) (S 274,159,315) (S 275,315,246) (S 210,246,213) (S 181,213,212) (S 180,212,211) (S 179,210,211) (S 566,211,219) (S 255,218,296) (D 0,0,0)
 0 1 57 8977 30883  27 (D 0,0,0) (S 626,538,596) (S 138,173,158) (S 126,158,159) (S 127,159,160) (S 128,160,128) (S 104,128,127) (S 953,127,756) (S 949,756,725) (S 884,725,421) (S 387,421,420) (S 954,420,756) (S 942,751,752) (S 941,750,751) (S 950,751,725) (S 883,725,126) (S 882,724,126) (S 103,126,127) (S 952,127,757) (S 957,160,757) (S 958,757,724) (S 881,724,314) (S 436,470,213) (S 428,213,462) (S 568,462,539) (S 528,295,538) (D 0,0,0)
 0 1 58 8848 28641  9 (D 0,0,0) (S 192,225,226) (S 194,227,228) (S 230,227,269) (S 630,269,292) (S 251,292,293) (S 327,367,226) (S 326,226,366) (D 0,0,0)
 0 1 59 8966 24962  23 (D 0,0,0) (S 1184,609,578) (S 589,578,567) (S 574,567,568) (S 538,546,547) (S 571,547,566) (S 721,566,548) (S 525,537,248) (S 524,248,536) (S 823,536,285) (S 243,284,285) (S 244,285,286) (S 245,286,287) (S 544,553,383) (S 347,383,382) (S 584,382,576) (S 585,576,286) (S 586,286,364) (S 1170,577,608) (S 654,608,609) (S 655,609,561) (S 553,215,557) (D 0,0,0)
 0 1 60 8852 22422  9 (D 0,0,0) (S 559,258,294) (S 252,294,293) (S 328,293,367) (S 193,226,227) (S 229,227,256) (S 218,256,257) (S 323,365,117) (D 0,0,0)
 0 1 61 8917 22815  13 (D 0,0,0) (S 220,258,259) (S 219,258,257) (S 324,257,365) (S 656,365,561) (S 182,214,215) (S 1124,557,301) (S 1125,301,827) (S 262,301,300) (S 267,300,306) (S 554,306,557) (S 1123,557,205) (D 0,0,0)
 0 1 62 8995 23743  16 (D 0,0,0) (S 653,608,29) (S 652,29,287) (S 545,287,383) (S 348,383,30) (S 24,30,31) (S 349,30,384) (S 23,30,29) (S 322,29,364) (S 587,364,577) (S 588,577,567) (S 590,578,366) (S 325,366,257) (S 94,117,116) (S 977,116,300) (D 0,0,0)
 0 1 63 8891 29054  24 (D 0,0,0) (S 573,567,249) (S 572,249,547) (S 539,547,548) (S 720,548,537) (S 254,295,296) (S 258,296,297) (S 259,297,298) (S 624,297,463) (S 429,463,462) (S 567,462,219) (S 185,219,218) (S 184,218,217) (S 231,270,216) (S 232,216,271) (S 183,216,217) (S 256,218,276) (S 257,276,135) (S 111,135,134) (S 992,134,38) (S 619,38,595) (S 790,681,576) (S 791,576,287) (D 0,0,0)
 0 1 64 8973 30201  27 (D 0,0,0) (S 788,222,595) (S 620,595,570) (S 237,277,276) (S 236,276,275) (S 564,275,486) (S 563,275,564) (S 577,564,570) (S 621,570,277) (S 238,277,278) (S 246,288,278) (S 247,278,289) (S 622,277,217) (S 623,217,463) (S 625,297,538) (S 527,538,224) (S 190,224,223) (S 717,643,223) (S 189,223,222) (S 188,222,221) (S 187,220,221) (S 989,221,381) (S 820,697,381) (S 821,381,681) (S 822,681,285) (S 523,536,364) (D 0,0,0)
 0 1 65 8992 30099  17 (D 0,0,0) (S 558,560,294) (S 139,174,173) (S 1055,173,596) (S 627,596,565) (S 569,565,225) (S 722,566,644) (S 570,566,225) (S 191,225,224) (S 526,224,537) (S 719,537,247) (S 718,223,247) (S 211,247,248) (S 212,248,249) (S 213,249,250) (S 561,561,214) (D 0,0,0)
 0 1 66 8985 36319  19 (D 0,0,0) (S 1133,357,335) (S 756,667,442) (S 1171,840,441) (S 1115,662,693) (S 814,693,466) (S 813,692,466) (S 432,466,467) (S 796,467,684) (S 433,467,468) (S 434,468,469) (S 551,469,473) (S 1169,474,839) (S 439,474,475) (S 438,474,473) (S 552,473,340) (S 295,339,340) (S 296,340,18) (D 0,0,0)
 0 1 67 8984 32698  19 (D 0,0,0) (S 430,464,465) (S 431,465,466) (S 795,467,683) (S 715,641,468) (S 265,304,305) (S 435,304,469) (S 550,469,556) (S 1112,556,641) (S 1113,641,683) (S 794,682,683) (S 1114,683,693) (S 815,693,694) (S 1118,440,825) (S 1119,825,667) (S 1120,667,688) (S 803,688,485) (S 808,689,599) (D 0,0,0)
 0 1 68 8983 33858  16 (D 0,0,0) (S 636,362,600) (S 673,483,492) (S 460,491,492) (S 674,492,617) (S 888,617,730) (S 675,617,618) (S 676,618,619) (S 966,618,488) (S 967,488,710) (S 863,710,711) (S 456,488,489) (S 458,490,484) (S 459,484,21) (S 807,203,689) (D 0,0,0)
 0 1 69 8971 39303  13 (D 0,0,0) (S 1172,825,441) (S 408,441,440) (S 714,640,641) (S 1111,556,303) (S 269,308,309) (S 268,307,308) (S 1109,824,308) (S 1110,308,303) (S 263,302,303) (S 264,303,304) (S 14,18,19) (D 0,0,0)
 0 1 70 8971 34712  20 (D 0,0,0) (S 757,442,668) (S 409,442,441) (S 617,594,440) (S 1117,440,665) (S 755,665,666) (S 1116,665,662) (S 752,661,662) (S 754,665,465) (S 1173,464,825) (S 462,493,490) (S 461,492,490) (S 457,490,489) (S 466,489,496) (S 800,687,496) (S 801,496,493) (S 802,493,688) (S 804,485,20) (S 811,691,471) (D 0,0,0)
