1791055
70
315234
286184
 0 1 1 8861 27974  20 (D 0,0,0) (S 690,521,324) (S 400,433,432) (S 1017,426,779) (S 1011,779,239) (S 204,239,240) (S 1012,239,780) (S 203,239,238) (S 202,238,237) (S 980,236,152) (S 981,152,140) (S 114,140,141) (S 355,391,392) (S 1005,777,393) (S 356,393,392) (S 392,392,428) (S 469,428,498) (S 1006,498,393) (S 358,394,395) (D 0,0,0)
 0 1 2 8926 20870  9 (D 0,0,0) (S 166,195,196) (S 608,559,587) (S 607,586,587) (S 976,587,300) (S 262,300,301) (S 1125,301,827) (S 1124,301,557) (D 0,0,0)
 0 1 3 8967 29829  23 (D 0,0,0) (S 213,249,250) (S 212,249,248) (S 719,537,247) (S 718,247,223) (S 717,643,223) (S 189,223,222) (S 110,134,133) (S 786,133,680) (S 1189,680,842) (S 1198,842,844) (S 1197,844,615) (S 631,597,530) (S 1049,390,652) (S 364,399,378) (S 363,378,387) (S 362,387,398) (S 361,398,394) (S 660,448,534) (S 1078,718,762) (S 767,673,524) (S 769,17,674) (D 0,0,0)
 0 1 4 8871 16894  16 (D 0,0,0) (S 165,194,195) (S 692,195,590) (S 691,590,207) (S 605,206,585) (S 612,585,590) (S 611,590,589) (S 610,589,588) (S 1121,588,208) (S 1122,208,826) (S 1132,826,558) (S 556,558,209) (S 555,558,306) (S 266,306,151) (S 517,150,532) (D 0,0,0)
 0 1 5 7804 13363  21 (D 0,0,0) (S 1,0,1) (S 614,532,80) (S 63,80,81) (S 740,555,8) (S 761,6,671) (S 762,671,267) (S 763,267,179) (S 143,179,178) (S 142,178,177) (S 479,177,507) (S 480,507,266) (S 481,266,508) (S 549,509,555) (S 548,555,190) (S 547,190,81) (S 64,81,82) (S 160,82,190) (S 161,190,191) (S 1084,191,4) (D 0,0,0)
 0 1 6 8748 19049  19 (D 0,0,0) (S 495,517,516) (S 596,516,581) (S 597,581,582) (S 921,582,633) (S 920,744,633) (S 698,633,405) (S 697,69,405) (S 371,405,406) (S 1033,406,70) (S 696,69,632) (S 601,583,504) (S 54,68,67) (S 897,67,737) (S 898,737,738) (S 1167,816,787) (S 1089,816,733) (S 1090,733,734) (D 0,0,0)
 0 1 7 8833 28935  19 (D 0,0,0) (S 662,443,319) (S 737,290,395) (S 359,395,396) (S 485,511,396) (S 472,500,499) (S 471,499,398) (S 351,387,386) (S 394,386,377) (S 341,377,376) (S 984,376,385) (S 983,385,391) (S 982,391,140) (S 122,152,153) (S 201,236,237) (S 1015,237,782) (S 1009,238,778) (S 1010,778,779) (D 0,0,0)
 0 1 8 8915 28407  14 (D 0,0,0) (S 739,427,137) (S 112,136,137) (S 738,137,290) (S 123,154,155) (S 124,155,156) (S 125,156,157) (S 664,156,363) (S 320,363,242) (S 205,242,241) (S 508,241,528) (S 784,528,678) (S 509,241,291) (D 0,0,0)
 0 1 9 8957 29587  21 (D 0,0,0) (S 357,394,393) (S 470,498,398) (S 352,387,388) (S 354,389,390) (S 1050,390,530) (S 515,530,531) (S 514,530,89) (S 70,89,88) (S 69,87,88) (S 1185,614,529) (S 360,397,396) (S 486,396,500) (S 473,500,89) (S 513,89,397) (S 512,397,529) (S 511,529,155) (S 510,155,291) (S 249,291,154) (S 248,154,290) (D 0,0,0)
 0 1 10 7137 9054  27 (D 0,0,0) (S 743,653,522) (S 503,522,523) (S 504,523,524) (S 766,524,16) (S 765,16,672) (S 764,672,179) (S 398,178,431) (S 399,431,15) (S 11,15,14) (S 1080,14,525) (S 1079,525,762) (S 969,762,761) (S 968,535,761) (S 1141,761,526) (S 1140,526,347) (S 303,347,346) (S 302,346,345) (S 301,345,344) (S 300,344,265) (S 226,266,267) (S 227,267,268) (S 771,268,180) (S 770,180,674) (S 779,674,653) (S 816,677,0) (D 0,0,0)
 0 1 11 8713 15680  30 (D 0,0,0) (S 144,180,179) (S 225,266,265) (S 224,265,264) (S 223,264,263) (S 338,263,86) (S 68,86,85) (S 67,85,42) (S 32,42,41) (S 31,41,40) (S 30,40,39) (S 669,616,39) (S 1085,39,815) (S 335,40,372) (S 334,372,371) (S 333,371,370) (S 332,370,369) (S 331,369,368) (S 522,527,368) (S 343,368,379) (S 606,513,369) (S 758,370,669) (S 340,370,375) (S 339,375,86) (S 871,86,380) (S 872,380,344) (S 873,344,507) (S 478,177,506) (S 782,506,431) (D 0,0,0)
 0 1 12 8644 15770  29 (D 0,0,0) (S 742,653,63) (S 299,343,265) (S 345,264,380) (S 344,380,379) (S 491,379,513) (S 489,375,512) (S 1092,817,715) (S 867,715,372) (S 866,371,715) (S 1093,715,512) (S 1094,512,85) (S 1095,85,745) (S 933,745,43) (S 1131,823,831) (S 1106,823,822) (S 1105,821,822) (S 1183,822,43) (S 932,745,260) (S 931,260,343) (S 930,343,508) (S 929,508,671) (S 928,671,675) (S 772,675,268) (S 228,268,63) (S 50,63,64) (S 1027,64,787) (S 817,2,0) (D 0,0,0)
 0 1 13 8792 20313  15 (D 0,0,0) (S 425,192,355) (S 310,354,353) (S 681,584,622) (S 682,622,623) (S 683,623,624) (S 684,624,625) (S 1130,624,830) (S 1129,624,829) (S 1162,838,829) (S 1128,829,71) (S 58,71,72) (S 1163,829,632) (S 679,353,459) (D 0,0,0)
 0 1 14 8519 16579  18 (D 0,0,0) (S 1029,520,325) (S 286,327,328) (S 287,328,329) (S 288,329,330) (S 290,331,332) (S 291,332,333) (S 834,333,481) (S 836,700,636) (S 961,758,760) (S 960,758,759) (S 959,758,635) (S 704,635,439) (S 407,439,438) (S 593,438,580) (S 1035,580,331) (S 289,331,330) (D 0,0,0)
 0 1 15 8976 33109  23 (D 0,0,0) (S 588,567,577) (S 322,364,29) (S 652,29,287) (S 791,287,576) (S 790,576,681) (S 787,595,133) (S 109,133,132) (S 199,132,234) (S 198,234,233) (S 197,232,233) (S 542,233,549) (S 540,549,550) (S 541,551,549) (S 716,642,234) (S 200,132,235) (S 576,131,564) (S 183,217,216) (S 231,270,216) (S 232,216,271) (S 624,463,297) (S 525,537,248) (D 0,0,0)
 0 1 16 8909 21427  17 (D 0,0,0) (S 401,349,434) (S 651,607,52) (S 649,453,571) (S 647,472,96) (S 77,96,97) (S 78,97,98) (S 79,98,99) (S 640,99,600) (S 670,600,502) (S 474,502,501) (S 726,501,101) (S 82,101,102) (S 467,100,461) (S 583,497,575) (S 728,575,646) (D 0,0,0)
 0 1 17 8839 24685  22 (D 0,0,0) (S 615,591,592) (S 850,94,707) (S 964,707,741) (S 914,202,145) (S 915,145,742) (S 293,336,144) (S 116,144,145) (S 117,145,146) (S 118,146,147) (S 119,147,148) (S 120,148,149) (S 847,706,146) (S 848,146,201) (S 171,201,202) (S 963,741,606) (S 646,606,96) (S 916,97,690) (S 811,691,471) (S 812,471,334) (S 292,334,335) (D 0,0,0)
 0 1 18 8915 34450  17 (D 0,0,0) (S 756,667,442) (S 757,442,668) (S 409,442,441) (S 1171,840,441) (S 1172,441,825) (S 802,688,493) (S 801,493,496) (S 800,687,496) (S 466,496,489) (S 456,489,488) (S 966,488,618) (S 676,618,619) (S 675,618,617) (S 458,490,484) (S 17,21,22) (D 0,0,0)
 0 1 19 8907 31137  19 (D 0,0,0) (S 408,441,440) (S 617,594,440) (S 1117,440,665) (S 755,665,666) (S 754,665,465) (S 432,466,467) (S 715,468,641) (S 1112,641,556) (S 1111,556,303) (S 435,304,469) (S 551,469,473) (S 552,473,340) (S 994,19,769) (S 15,19,20) (S 807,203,689) (S 635,599,362) (S 318,98,361) (D 0,0,0)
 0 1 20 8949 39537  15 (D 0,0,0) (S 431,465,466) (S 434,468,469) (S 265,304,305) (S 264,304,303) (S 1109,824,308) (S 269,308,309) (S 268,307,308) (S 1110,308,303) (S 263,302,303) (S 550,556,469) (S 433,468,467) (S 796,467,684) (S 810,690,691) (D 0,0,0)
 0 1 21 8929 22915  10 (D 0,0,0) (S 218,257,256) (S 229,256,227) (S 230,227,269) (S 629,269,367) (S 324,257,365) (S 656,365,561) (S 1123,557,205) (S 819,695,696) (D 0,0,0)
 0 1 22 8859 31996  24 (D 0,0,0) (S 655,561,609) (S 138,173,158) (S 531,158,540) (S 879,540,470) (S 880,470,314) (S 273,314,159) (S 957,160,757) (S 958,757,724) (S 952,757,127) (S 103,126,127) (S 953,127,756) (S 949,756,725) (S 950,725,751) (S 942,751,752) (S 941,750,751) (S 883,725,126) (S 882,126,724) (S 881,724,314) (S 436,470,213) (S 428,213,462) (S 429,462,463) (S 259,297,298) (D 0,0,0)
 0 1 23 8857 30621  12 (D 0,0,0) (S 553,557,215) (S 560,561,258) (S 252,294,293) (S 329,293,174) (S 140,174,175) (S 1068,175,807) (S 141,175,176) (S 1067,175,348) (S 304,348,292) (S 630,292,269) (D 0,0,0)
 0 1 24 8813 42411  11 (D 0,0,0) (S 533,541,542) (S 1204,106,47) (S 1075,182,812) (S 61,76,77) (S 1182,76,812) (S 1181,812,45) (S 34,44,45) (S 90,111,112) (S 92,113,114) (D 0,0,0)
 0 1 25 8857 34177  16 (D 0,0,0) (S 946,754,541) (S 534,542,543) (S 535,543,544) (S 536,544,184) (S 537,184,545) (S 1180,109,45) (S 35,45,46) (S 36,46,47) (S 1205,47,848) (S 37,47,48) (S 38,48,49) (S 39,49,50) (S 943,49,103) (S 945,753,541) (D 0,0,0)
 0 1 26 8874 36168  21 (D 0,0,0) (S 1194,813,113) (S 1064,805,797) (S 1053,797,798) (S 1144,799,121) (S 99,121,122) (S 100,122,123) (S 101,123,124) (S 102,124,125) (S 1062,125,803) (S 1175,125,764) (S 973,763,764) (S 974,764,765) (S 975,765,32) (S 26,33,34) (S 831,34,120) (S 156,32,123) (S 155,123,187) (S 154,187,186) (S 1069,185,114) (D 0,0,0)
 0 1 27 8810 35816  22 (D 0,0,0) (S 1104,243,796) (S 1103,820,796) (S 1052,796,795) (S 1061,795,802) (S 1158,802,726) (S 1157,836,726) (S 885,726,421) (S 884,725,421) (S 387,421,420) (S 131,162,163) (S 130,162,161) (S 386,161,420) (S 954,420,756) (S 104,127,128) (S 105,128,129) (S 937,129,244) (S 207,244,130) (S 107,130,131) (S 575,569,131) (S 347,382,383) (D 0,0,0)
 0 1 28 8960 34079  18 (D 0,0,0) (S 539,547,548) (S 721,548,566) (S 627,565,596) (S 139,173,174) (S 330,174,115) (S 93,115,114) (S 91,113,112) (S 89,111,110) (S 1178,809,545) (S 1179,545,109) (S 88,109,108) (S 149,108,183) (S 1206,849,183) (S 1207,183,845) (S 1208,845,847) (S 1211,841,753) (D 0,0,0)
 0 1 29 8982 34635  21 (D 0,0,0) (S 948,115,755) (S 947,755,754) (S 1077,754,810) (S 1076,810,813) (S 1193,813,543) (S 1201,846,544) (S 1202,544,847) (S 1200,845,107) (S 87,107,108) (S 148,108,46) (S 147,46,182) (S 1066,806,74) (S 59,74,73) (S 988,767,49) (S 1190,48,105) (S 1191,105,843) (S 1192,843,543) (S 1072,810,811) (S 1212,811,755) (D 0,0,0)
 0 1 30 8993 33753  20 (D 0,0,0) (S 95,115,118) (S 1143,799,804) (S 1063,804,797) (S 1196,805,800) (S 1059,800,187) (S 1149,801,124) (S 1148,124,765) (S 1147,765,834) (S 1146,833,834) (S 1174,834,764) (S 1176,125,110) (S 1177,110,809) (S 1071,809,808) (S 1070,808,185) (S 152,185,112) (S 153,112,186) (S 1065,186,805) (S 1195,805,113) (D 0,0,0)
 0 1 31 8994 34319  23 (D 0,0,0) (S 529,295,539) (S 532,540,541) (S 1187,542,841) (S 944,753,103) (S 83,103,104) (S 84,104,105) (S 85,105,106) (S 1203,106,847) (S 1209,847,843) (S 1210,843,841) (S 1186,841,104) (S 86,106,107) (S 150,183,184) (S 151,184,185) (S 1151,808,111) (S 1150,111,801) (S 1060,801,187) (S 1058,800,798) (S 1054,798,122) (S 1057,798,799) (S 1056,799,118) (D 0,0,0)
 0 1 32 8770 35901  18 (D 0,0,0) (S 393,428,386) (S 350,386,385) (S 985,376,766) (S 986,766,73) (S 60,74,75) (S 145,181,75) (S 146,75,182) (S 1074,182,806) (S 1073,806,767) (S 987,767,73) (S 1046,766,429) (S 396,429,412) (S 377,412,413) (S 397,412,430) (S 395,429,377) (S 342,377,378) (D 0,0,0)
 0 1 33 8977 33405  19 (D 0,0,0) (S 487,500,389) (S 353,389,388) (S 1048,652,399) (S 1047,429,399) (S 365,399,400) (S 379,401,410) (S 376,410,411) (S 375,410,400) (S 374,409,400) (S 366,400,401) (S 367,401,402) (S 378,401,414) (S 732,651,414) (S 733,414,652) (S 734,652,388) (S 735,388,499) (S 736,499,395) (D 0,0,0)
 0 1 34 8794 17991  26 (D 0,0,0) (S 858,708,433) (S 859,433,324) (S 689,631,324) (S 283,324,325) (S 381,327,416) (S 1002,417,740) (S 1003,740,735) (S 893,735,736) (S 894,736,449) (S 895,449,170) (S 136,170,171) (S 901,171,450) (S 902,450,739) (S 903,739,740) (S 904,740,519) (S 497,519,518) (S 892,518,735) (S 1004,735,776) (S 1044,776,581) (S 1045,581,626) (S 685,626,627) (S 687,627,629) (S 688,629,630) (S 951,629,634) (D 0,0,0)
 0 1 35 8657 20955  19 (D 0,0,0) (S 464,495,494) (S 1135,494,814) (S 1134,814,357) (S 312,321,356) (S 313,322,357) (S 1133,357,335) (S 809,690,599) (S 808,599,689) (S 962,689,606) (S 912,741,95) (S 911,95,591) (S 910,591,454) (S 909,454,53) (S 908,53,704) (S 842,704,607) (S 49,61,62) (S 634,62,169) (D 0,0,0)
 0 1 36 8735 19623  18 (D 0,0,0) (S 777,676,677) (S 857,518,329) (S 856,329,436) (S 1025,784,786) (S 1024,784,437) (S 594,580,332) (S 595,332,516) (S 493,515,514) (S 833,514,333) (S 450,481,482) (S 835,481,700) (S 1034,166,702) (S 840,702,703) (S 855,703,436) (S 906,435,328) (S 905,328,519) (D 0,0,0)
 0 1 37 8790 18323  19 (D 0,0,0) (S 306,350,349) (S 135,168,169) (S 633,62,167) (S 134,167,166) (S 133,166,165) (S 132,164,165) (S 832,165,700) (S 449,481,59) (S 47,59,58) (S 46,58,57) (S 45,57,56) (S 1037,56,701) (S 592,579,438) (S 406,438,437) (S 405,437,436) (S 404,436,435) (S 403,435,415) (D 0,0,0)
 0 1 38 8810 19693  24 (D 0,0,0) (S 854,703,54) (S 42,54,53) (S 41,53,52) (S 650,52,453) (S 419,453,454) (S 420,454,455) (S 421,455,456) (S 422,456,457) (S 707,456,58) (S 706,58,636) (S 837,636,579) (S 838,579,701) (S 1036,701,790) (S 1042,790,660) (S 751,659,660) (S 1041,660,793) (S 1039,792,793) (S 1040,793,785) (S 1023,785,784) (S 731,649,650) (S 1022,649,784) (S 927,437,330) (D 0,0,0)
 0 1 39 8496 13324  18 (D 0,0,0) (S 1028,520,64) (S 51,64,65) (S 52,65,66) (S 53,66,67) (S 896,67,170) (S 137,171,172) (S 900,171,66) (S 899,66,738) (S 1166,738,816) (S 1088,816,65) (S 1087,65,451) (S 1086,451,352) (S 308,351,326) (S 307,326,350) (S 465,350,495) (S 1030,495,325) (D 0,0,0)
 0 1 40 8883 30269  22 (D 0,0,0) (S 285,326,327) (S 839,702,701) (S 444,92,477) (S 441,79,476) (S 440,476,142) (S 115,142,143) (S 797,143,476) (S 798,476,685) (S 62,78,79) (S 442,79,199) (S 443,199,477) (S 919,281,743) (S 240,281,280) (S 239,279,280) (S 878,280,723) (S 877,280,198) (S 167,197,198) (S 168,198,199) (S 169,199,200) (S 940,637,749) (D 0,0,0)
 0 1 41 9000 27061  21 (D 0,0,0) (S 591,579,57) (S 448,59,480) (S 447,480,479) (S 72,92,91) (S 71,90,91) (S 874,91,282) (S 242,282,283) (S 875,282,720) (S 241,282,281) (S 918,281,477) (S 965,638,707) (S 849,707,201) (S 170,201,200) (S 1161,837,639) (S 713,639,200) (S 712,200,638) (S 711,638,637) (S 710,637,93) (S 708,562,456) (D 0,0,0)
 0 1 42 8781 18048  22 (D 0,0,0) (S 1152,522,708) (S 1153,708,719) (S 870,719,718) (S 1139,718,832) (S 1138,832,432) (S 1137,432,443) (S 410,443,444) (S 1136,443,494) (S 463,494,320) (S 280,320,321) (S 281,321,322) (S 314,322,358) (S 316,359,360) (S 317,360,361) (S 426,361,460) (S 639,460,99) (S 80,99,100) (S 81,100,101) (S 727,101,575) (S 658,611,612) (D 0,0,0)
 0 1 43 8937 17112  24 (D 0,0,0) (S 773,675,7) (S 482,5,508) (S 298,343,342) (S 297,341,342) (S 760,342,261) (S 759,261,670) (S 1097,670,656) (S 747,656,657) (S 748,657,84) (S 65,83,84) (S 66,84,42) (S 33,42,43) (S 934,43,657) (S 935,657,746) (S 749,84,373) (S 337,373,374) (S 750,373,658) (S 336,373,40) (S 488,41,512) (S 490,375,513) (S 492,379,345) (S 783,346,506) (D 0,0,0)
 0 1 44 8807 33861  19 (D 0,0,0) (S 917,360,691) (S 1120,688,667) (S 1119,667,825) (S 1173,825,464) (S 430,464,465) (S 813,692,466) (S 815,693,694) (S 814,693,466) (S 795,467,683) (S 794,682,683) (S 714,640,641) (S 1113,641,683) (S 1114,683,693) (S 1115,693,662) (S 752,661,662) (S 1116,662,665) (S 1118,440,825) (D 0,0,0)
 0 1 45 8834 18452  17 (D 0,0,0) (S 284,325,326) (S 305,349,169) (S 844,167,705) (S 43,54,55) (S 44,55,56) (S 1038,56,791) (S 1043,55,794) (S 1102,794,819) (S 1101,794,51) (S 40,51,52) (S 843,607,705) (S 1081,705,434) (S 402,434,415) (S 380,415,327) (S 792,521,677) (D 0,0,0)
 0 1 46 8963 27503  19 (D 0,0,0) (S 703,422,439) (S 705,635,636) (S 48,59,60) (S 995,480,770) (S 997,479,772) (S 446,479,478) (S 996,478,771) (S 445,478,92) (S 73,92,93) (S 709,93,562) (S 562,562,563) (S 74,93,94) (S 75,94,95) (S 437,472,471) (S 1082,814,788) (S 1032,788,789) (S 1031,788,495) (D 0,0,0)
 0 1 47 8992 36265  14 (D 0,0,0) (S 913,741,202) (S 172,202,203) (S 452,485,484) (S 459,484,21) (S 16,21,20) (S 993,768,19) (S 295,339,340) (S 439,474,475) (S 1169,474,839) (S 438,474,473) (S 296,340,18) (S 14,18,19) (D 0,0,0)
 0 1 48 8688 16710  27 (D 0,0,0) (S 499,351,416) (S 498,416,519) (S 496,518,517) (S 641,602,603) (S 724,603,604) (S 723,645,604) (S 686,605,628) (S 644,605,604) (S 643,604,602) (S 642,602,517) (S 494,516,515) (S 702,515,422) (S 388,422,423) (S 701,515,634) (S 700,634,627) (S 699,627,633) (S 923,313,736) (S 924,736,739) (S 925,739,418) (S 384,418,419) (S 417,419,451) (S 309,352,351) (S 501,520,521) (S 502,521,522) (S 778,653,677) (D 0,0,0)
 0 1 49 8948 28211  19 (D 0,0,0) (S 1154,719,832) (S 1155,832,317) (S 278,318,319) (S 279,319,320) (S 319,98,362) (S 475,502,503) (S 805,503,20) (S 804,20,485) (S 803,485,688) (S 462,493,490) (S 967,488,710) (S 863,710,711) (S 457,489,490) (S 461,490,492) (S 673,492,483) (S 451,483,484) (S 806,503,203) (D 0,0,0)
 0 1 50 8977 20241  17 (D 0,0,0) (S 661,319,534) (S 413,448,447) (S 412,447,446) (S 1020,446,601) (S 294,337,338) (S 1021,337,601) (S 637,601,574) (S 582,574,497) (S 468,497,461) (S 427,461,460) (S 638,460,574) (S 581,574,359) (S 580,573,359) (S 315,359,358) (S 282,322,323) (D 0,0,0)
 0 1 51 8819 27213  14 (D 0,0,0) (S 418,452,427) (S 391,427,426) (S 390,426,425) (S 389,425,424) (S 978,424,722) (S 876,721,722) (S 979,424,236) (S 1014,237,781) (S 1013,425,781) (S 1016,781,778) (S 869,717,427) (S 1019,452,446) (D 0,0,0)
 0 1 52 8961 22262  18 (D 0,0,0) (S 546,358,554) (S 861,554,139) (S 113,138,139) (S 860,709,139) (S 862,554,573) (S 579,573,572) (S 865,572,714) (S 578,572,571) (S 648,571,472) (S 76,96,95) (S 851,94,592) (S 616,592,593) (S 852,592,455) (S 853,455,54) (S 841,703,704) (S 907,704,435) (D 0,0,0)
 0 1 53 8940 27640  19 (D 0,0,0) (S 174,151,205) (S 654,609,608) (S 653,608,29) (S 23,29,30) (S 24,30,31) (S 349,30,384) (S 348,30,383) (S 544,553,383) (S 545,383,287) (S 245,287,286) (S 244,286,285) (S 243,284,285) (S 821,681,381) (S 187,220,221) (S 188,221,222) (S 822,681,285) (S 823,285,536) (D 0,0,0)
 0 1 54 8771 28641  9 (D 0,0,0) (S 1184,609,578) (S 570,566,225) (S 192,225,226) (S 193,226,227) (S 194,227,228) (S 251,292,293) (S 328,293,367) (D 0,0,0)
 0 1 55 8863 41157  17 (D 0,0,0) (S 1051,162,795) (S 1159,802,252) (S 215,252,231) (S 196,231,230) (S 195,230,229) (S 543,552,299) (S 260,299,229) (S 261,229,254) (S 217,254,255) (S 233,272,230) (S 234,230,273) (S 214,251,231) (S 216,252,253) (S 1160,252,679) (S 785,679,680) (D 0,0,0)
 0 1 56 8942 25245  14 (D 0,0,0) (S 1170,608,577) (S 587,577,364) (S 523,364,536) (S 524,536,248) (S 211,248,247) (S 190,223,224) (S 625,538,297) (S 258,297,296) (S 254,296,295) (S 253,295,294) (S 558,560,294) (S 559,294,258) (D 0,0,0)
 0 1 57 8779 27092  14 (D 0,0,0) (S 182,215,214) (S 573,567,249) (S 572,249,547) (S 538,546,547) (S 571,547,566) (S 722,566,644) (S 569,225,565) (S 628,565,367) (S 327,367,226) (S 326,226,366) (S 219,257,258) (S 220,258,259) (D 0,0,0)
 0 1 58 8981 35614  23 (D 0,0,0) (S 97,119,120) (S 824,120,35) (S 28,35,36) (S 825,35,10) (S 7,9,10) (S 826,10,189) (S 827,189,698) (S 159,189,188) (S 158,188,12) (S 9,12,11) (S 830,11,34) (S 27,34,35) (S 8,10,11) (S 829,11,188) (S 828,699,188) (S 10,12,13) (S 157,12,32) (S 25,32,33) (S 1145,33,121) (S 98,121,119) (S 96,119,118) (D 0,0,0)
 0 1 59 8807 29638  26 (D 0,0,0) (S 554,306,557) (S 720,548,537) (S 526,537,224) (S 626,538,596) (S 1055,596,173) (S 274,159,315) (S 127,160,159) (S 126,159,158) (S 530,158,539) (S 568,539,462) (S 567,462,219) (S 180,212,211) (S 179,210,211) (S 566,211,219) (S 186,219,212) (S 181,212,213) (S 210,213,246) (S 235,274,275) (S 236,275,276) (S 256,276,218) (S 255,218,296) (S 528,295,538) (S 561,561,214) (S 173,204,205) (D 0,0,0)
 0 1 60 8819 32392  30 (D 0,0,0) (S 620,595,570) (S 622,277,217) (S 184,217,218) (S 185,218,219) (S 565,211,486) (S 455,486,487) (S 563,275,564) (S 577,564,570) (S 621,570,277) (S 247,278,289) (S 246,288,278) (S 238,278,277) (S 564,275,486) (S 454,486,274) (S 453,274,246) (S 209,246,245) (S 208,245,130) (S 106,130,129) (S 938,129,748) (S 955,748,245) (S 275,246,315) (S 939,315,748) (S 956,748,160) (S 128,160,128) (S 129,128,161) (S 385,161,243) (S 206,243,244) (S 108,131,132) (D 0,0,0)
 0 1 61 8983 25702  21 (D 0,0,0) (S 789,681,222) (S 788,222,595) (S 619,595,38) (S 29,37,38) (S 992,38,134) (S 111,134,135) (S 257,135,276) (S 237,276,277) (S 623,217,463) (S 527,538,224) (S 191,224,225) (S 574,567,568) (S 589,567,578) (S 590,578,366) (S 325,366,257) (S 323,365,117) (S 94,117,116) (S 977,116,300) (S 267,300,306) (D 0,0,0)
 0 1 62 8928 28856  21 (D 0,0,0) (S 586,364,286) (S 585,286,576) (S 584,576,382) (S 346,382,381) (S 820,697,381) (S 989,381,221) (S 990,221,712) (S 864,712,713) (S 991,712,38) (S 618,38,135) (S 1199,135,844) (S 1188,842,615) (S 668,615,597) (S 632,597,598) (S 667,597,88) (S 666,88,614) (S 665,614,156) (S 645,155,363) (S 250,242,291) (D 0,0,0)
 0 1 63 7843 16544  12 (D 0,0,0) (S 2,2,3) (S 889,732,731) (S 926,731,28) (S 22,28,27) (S 972,27,686) (S 799,686,663) (S 753,663,664) (S 1018,26,783) (S 21,26,27) (S 1099,732,3) (D 0,0,0)
 0 1 64 8888 14234  19 (D 0,0,0) (S 1100,3,191) (S 516,191,532) (S 613,532,585) (S 604,585,194) (S 164,194,193) (S 321,193,354) (S 311,354,355) (S 424,355,459) (S 423,458,459) (S 678,459,621) (S 677,620,621) (S 891,621,734) (S 1091,734,4) (S 936,747,727) (S 886,727,728) (S 1083,728,4) (S 3,4,3) (D 0,0,0)
 0 1 65 8892 12927  22 (D 0,0,0) (S 1026,3,787) (S 1168,787,63) (S 741,63,8) (S 6,8,7) (S 5,7,6) (S 4,6,5) (S 483,5,509) (S 484,509,510) (S 845,509,654) (S 744,654,262) (S 222,262,261) (S 221,261,260) (S 1096,745,670) (S 1098,656,818) (S 746,656,655) (S 868,716,655) (S 745,655,262) (S 846,654,82) (S 1107,81,695) (S 818,695,2) (D 0,0,0)
 0 1 66 9000 16932  14 (D 0,0,0) (S 1108,695,205) (S 121,151,150) (S 162,191,192) (S 163,192,193) (S 693,195,622) (S 694,622,505) (S 695,505,632) (S 1164,632,583) (S 599,68,404) (S 369,404,403) (S 663,403,613) (S 368,403,170) (D 0,0,0)
 0 1 67 8949 17110  23 (D 0,0,0) (S 1165,737,583) (S 600,583,68) (S 55,68,69) (S 56,69,70) (S 57,70,71) (S 1127,71,407) (S 1126,828,407) (S 373,407,408) (S 372,407,406) (S 370,405,404) (S 598,404,582) (S 922,582,313) (S 272,313,310) (S 270,310,311) (S 271,310,312) (S 414,312,449) (S 415,449,450) (S 416,450,419) (S 383,418,417) (S 382,417,416) (S 500,351,520) (D 0,0,0)
 0 1 68 8742 16208  29 (D 0,0,0) (S 971,708,673) (S 970,673,762) (S 1142,761,316) (S 276,316,317) (S 1156,317,835) (S 277,317,318) (S 411,318,445) (S 519,445,534) (S 1008,612,774) (S 999,774,775) (S 998,773,774) (S 1000,774,611) (S 657,610,611) (S 1001,611,647) (S 729,647,646) (S 793,646,447) (S 520,445,535) (S 521,535,527) (S 507,527,526) (S 506,526,525) (S 505,525,524) (S 768,523,17) (S 13,17,16) (S 12,16,15) (S 477,14,506) (S 781,431,672) (S 780,672,674) (D 0,0,0)
 0 1 69 8989 27571  16 (D 0,0,0) (S 636,362,600) (S 671,502,22) (S 672,22,483) (S 460,491,492) (S 674,492,617) (S 888,617,730) (S 18,22,23) (S 887,23,729) (S 19,23,24) (S 20,24,25) (S 725,24,501) (S 730,647,648) (S 1007,647,612) (S 659,612,448) (D 0,0,0)
 0 1 70 8932 17590  17 (D 0,0,0) (S 518,150,533) (S 175,151,206) (S 176,206,207) (S 177,207,208) (S 178,208,209) (S 557,209,559) (S 609,559,588) (S 776,589,196) (S 775,196,623) (S 774,623,505) (S 476,505,504) (S 602,504,584) (S 603,584,194) (S 680,584,353) (S 890,621,733) (D 0,0,0)
