1768455
70
2401147
2259160
 0 1 1 7843 16544  12 (D 0,0,0) (S 2,2,3) (S 1099,3,732) (S 889,732,731) (S 926,731,28) (S 22,28,27) (S 1018,26,783) (S 21,26,27) (S 972,27,686) (S 753,663,664) (S 799,663,686) (D 0,0,0)
 0 1 2 8803 18260  14 (D 0,0,0) (S 1100,3,191) (S 121,150,151) (S 266,151,306) (S 267,306,300) (S 977,300,116) (S 94,116,117) (S 323,117,365) (S 219,257,258) (S 220,258,259) (S 560,258,561) (S 561,561,214) (S 182,214,215) (D 0,0,0)
 0 1 3 8952 33421  24 (D 0,0,0) (S 948,115,755) (S 1212,755,811) (S 1072,811,810) (S 1076,810,813) (S 1193,813,543) (S 1201,846,544) (S 536,544,184) (S 150,184,183) (S 1206,849,183) (S 1207,183,845) (S 1209,847,843) (S 1186,841,104) (S 83,103,104) (S 84,104,105) (S 85,105,106) (S 1203,106,847) (S 1202,847,544) (S 535,544,543) (S 1192,543,843) (S 1210,843,841) (S 1187,841,542) (S 533,542,541) (D 0,0,0)
 0 1 4 8881 16362  13 (D 0,0,0) (S 613,532,585) (S 605,585,206) (S 176,206,207) (S 177,207,208) (S 1122,208,826) (S 1132,826,558) (S 556,558,209) (S 178,209,208) (S 1121,208,588) (S 557,559,209) (S 555,558,306) (D 0,0,0)
 0 1 5 8820 18886  12 (D 0,0,0) (S 976,300,587) (S 607,586,587) (S 608,587,559) (S 609,559,588) (S 610,588,589) (S 775,196,623) (S 774,623,505) (S 694,505,622) (S 693,622,195) (S 165,195,194) (D 0,0,0)
 0 1 6 8659 18746  13 (D 0,0,0) (S 163,192,193) (S 603,194,584) (S 681,584,622) (S 682,622,623) (S 683,623,624) (S 1130,624,830) (S 684,624,625) (S 1129,624,829) (S 1162,838,829) (S 1163,829,632) (S 1165,583,737) (D 0,0,0)
 0 1 7 8982 20528  19 (D 0,0,0) (S 899,738,66) (S 53,66,67) (S 896,67,170) (S 368,170,403) (S 663,403,613) (S 369,403,404) (S 698,405,633) (S 920,744,633) (S 699,633,627) (S 700,627,634) (S 951,634,629) (S 688,629,630) (S 687,629,627) (S 921,633,582) (S 598,582,404) (S 599,404,68) (S 600,68,583) (D 0,0,0)
 0 1 8 8811 14136  21 (D 0,0,0) (S 1029,520,325) (S 1030,325,495) (S 464,495,494) (S 1135,494,814) (S 1082,814,788) (S 1032,788,789) (S 1031,788,495) (S 465,495,350) (S 306,350,349) (S 305,349,169) (S 135,168,169) (S 634,169,62) (S 49,61,62) (S 633,62,167) (S 844,167,705) (S 1081,705,434) (S 402,434,415) (S 380,415,327) (S 285,327,326) (D 0,0,0)
 0 1 9 8986 17628  27 (D 0,0,0) (S 381,416,327) (S 906,328,435) (S 908,704,53) (S 41,53,52) (S 650,52,453) (S 419,453,454) (S 909,454,53) (S 42,53,54) (S 43,54,55) (S 44,55,56) (S 1037,56,701) (S 1036,701,790) (S 1042,790,660) (S 751,659,660) (S 1041,660,793) (S 1039,792,793) (S 1040,793,785) (S 1023,785,784) (S 1025,784,786) (S 1022,784,649) (S 731,649,650) (S 1024,784,437) (S 405,437,436) (S 856,436,329) (S 905,328,519) (D 0,0,0)
 0 1 10 8685 16305  13 (D 0,0,0) (S 893,736,735) (S 892,735,518) (S 496,518,517) (S 595,516,332) (S 291,332,333) (S 834,333,481) (S 833,333,514) (S 493,514,515) (S 494,515,516) (S 498,519,416) (S 501,520,521) (D 0,0,0)
 0 1 11 8590 11847  34 (D 0,0,0) (S 780,674,672) (S 764,672,179) (S 143,179,178) (S 478,177,506) (S 477,506,14) (S 11,14,15) (S 399,15,431) (S 398,431,178) (S 142,178,177) (S 479,177,507) (S 480,507,266) (S 873,507,344) (S 872,344,380) (S 345,380,264) (S 223,264,263) (S 338,263,86) (S 871,86,380) (S 344,380,379) (S 492,379,345) (S 301,345,344) (S 300,344,265) (S 299,265,343) (S 298,343,342) (S 297,341,342) (S 760,342,261) (S 221,261,260) (S 931,260,343) (S 930,343,508) (S 226,266,267) (S 227,267,268) (S 742,63,653) (S 816,677,0) (D 0,0,0)
 0 1 12 8916 27238  24 (D 0,0,0) (S 213,249,250) (S 572,249,547) (S 570,566,225) (S 569,225,565) (S 626,596,538) (S 529,295,539) (S 568,539,462) (S 256,218,276) (S 236,276,275) (S 454,274,486) (S 179,210,211) (S 180,211,212) (S 186,219,212) (S 181,212,213) (S 436,213,470) (S 879,470,540) (S 530,158,539) (S 527,538,224) (S 523,536,364) (S 587,364,577) (S 1170,577,608) (S 654,608,609) (D 0,0,0)
 0 1 13 8892 14418  24 (D 0,0,0) (S 792,677,521) (S 382,416,417) (S 383,417,418) (S 416,419,450) (S 901,450,171) (S 137,171,172) (S 1087,451,65) (S 1088,65,816) (S 1167,816,787) (S 1168,787,63) (S 741,63,8) (S 6,7,8) (S 740,8,555) (S 549,555,509) (S 484,509,510) (S 483,509,5) (S 761,6,671) (S 762,671,267) (S 763,267,179) (S 144,179,180) (S 770,180,674) (S 779,674,653) (D 0,0,0)
 0 1 14 8869 13547  27 (D 0,0,0) (S 1028,520,64) (S 51,64,65) (S 52,65,66) (S 900,66,171) (S 136,171,170) (S 895,170,449) (S 894,449,736) (S 923,736,313) (S 272,313,310) (S 270,310,311) (S 271,310,312) (S 414,312,449) (S 415,449,450) (S 902,450,739) (S 925,739,418) (S 384,418,419) (S 417,419,451) (S 1086,451,352) (S 309,352,351) (S 308,351,326) (S 283,325,324) (S 859,433,324) (S 689,631,324) (S 690,324,521) (S 502,521,522) (D 0,0,0)
 0 1 15 7997 14539  17 (D 0,0,0) (S 891,734,621) (S 678,621,459) (S 424,459,355) (S 321,354,193) (S 164,193,194) (S 604,194,585) (S 612,585,590) (S 611,590,589) (S 776,589,196) (S 166,196,195) (S 692,195,590) (S 691,590,207) (S 175,206,151) (S 518,150,533) (S 517,150,532) (D 0,0,0)
 0 1 16 8198 13486  19 (D 0,0,0) (S 162,191,192) (S 425,192,355) (S 311,355,354) (S 310,354,353) (S 476,504,505) (S 695,505,632) (S 1033,70,406) (S 697,405,69) (S 55,69,68) (S 54,68,67) (S 897,67,737) (S 898,737,738) (S 1166,738,816) (S 1089,816,733) (S 1090,733,734) (S 1091,734,4) (S 3,4,3) (D 0,0,0)
 0 1 17 8995 19722  22 (D 0,0,0) (S 890,733,621) (S 677,620,621) (S 423,458,459) (S 679,459,353) (S 680,353,584) (S 602,584,504) (S 601,504,583) (S 1164,583,632) (S 696,632,69) (S 56,69,70) (S 57,70,71) (S 58,71,72) (S 1128,71,829) (S 1127,71,407) (S 1126,828,407) (S 373,407,408) (S 372,407,406) (S 371,406,405) (S 370,405,404) (S 924,736,739) (D 0,0,0)
 0 1 18 8951 16892  25 (D 0,0,0) (S 903,740,739) (S 922,313,582) (S 597,582,581) (S 1045,581,626) (S 685,626,627) (S 701,634,515) (S 702,515,422) (S 388,422,423) (S 703,422,439) (S 704,439,635) (S 959,635,758) (S 961,758,760) (S 960,758,759) (S 705,635,636) (S 837,636,579) (S 838,579,701) (S 839,701,702) (S 840,702,703) (S 855,703,436) (S 404,436,435) (S 403,435,415) (S 401,434,349) (S 307,350,326) (D 0,0,0)
 0 1 19 8454 11409  23 (D 0,0,0) (S 743,653,522) (S 503,522,523) (S 504,523,524) (S 767,524,673) (S 971,673,708) (S 1153,708,719) (S 870,719,718) (S 1078,718,762) (S 969,762,761) (S 1142,761,316) (S 276,316,317) (S 1156,317,835) (S 277,317,318) (S 278,318,319) (S 279,319,320) (S 463,320,494) (S 1136,494,443) (S 400,432,433) (S 858,433,708) (S 1152,708,522) (S 778,653,677) (D 0,0,0)
 0 1 20 8999 23240  18 (D 0,0,0) (S 1138,832,432) (S 412,447,446) (S 637,601,574) (S 468,497,461) (S 467,461,100) (S 80,100,99) (S 639,99,460) (S 427,460,461) (S 81,100,101) (S 82,101,102) (S 727,101,575) (S 583,575,497) (S 582,497,574) (S 1021,601,337) (S 294,337,338) (S 1020,601,446) (D 0,0,0)
 0 1 21 8498 22574  13 (D 0,0,0) (S 812,334,471) (S 647,472,96) (S 962,606,689) (S 172,203,202) (S 171,202,201) (S 849,201,707) (S 850,707,94) (S 851,94,592) (S 616,592,593) (S 852,592,455) (S 420,455,454) (D 0,0,0)
 0 1 22 8989 28403  15 (D 0,0,0) (S 1155,832,317) (S 661,319,534) (S 112,136,137) (S 123,154,155) (S 124,155,156) (S 664,156,363) (S 205,242,241) (S 508,241,528) (S 784,528,678) (S 509,241,291) (S 739,137,427) (S 505,525,524) (S 769,17,674) (D 0,0,0)
 0 1 23 8988 16501  32 (D 0,0,0) (S 160,82,190) (S 548,190,555) (S 845,509,654) (S 745,262,655) (S 868,716,655) (S 746,655,656) (S 1098,656,818) (S 1097,656,670) (S 1096,670,745) (S 1095,745,85) (S 68,85,86) (S 33,42,43) (S 32,42,41) (S 31,41,40) (S 335,40,372) (S 334,372,371) (S 333,371,370) (S 332,369,370) (S 758,370,669) (S 340,370,375) (S 490,375,513) (S 606,513,369) (S 331,369,368) (S 522,368,527) (S 968,535,761) (S 1141,761,526) (S 506,526,525) (S 1080,525,14) (S 12,15,16) (S 13,16,17) (D 0,0,0)
 0 1 24 8944 26308  17 (D 0,0,0) (S 738,137,290) (S 737,290,395) (S 358,395,394) (S 357,394,393) (S 982,391,140) (S 114,140,141) (S 981,140,152) (S 122,152,153) (S 980,152,236) (S 201,236,237) (S 1015,237,782) (S 202,237,238) (S 1009,238,778) (S 1010,778,779) (S 1019,452,446) (D 0,0,0)
 0 1 25 7984 15093  23 (D 0,0,0) (S 284,325,326) (S 286,327,328) (S 287,328,329) (S 288,329,330) (S 289,330,331) (S 290,331,332) (S 594,580,332) (S 642,517,602) (S 643,602,604) (S 644,604,605) (S 686,605,628) (S 723,645,604) (S 724,604,603) (S 641,603,602) (S 495,517,516) (S 596,516,581) (S 1044,581,776) (S 1004,776,735) (S 1003,735,740) (S 1002,740,417) (S 500,351,520) (D 0,0,0)
 0 1 26 8930 39668  17 (D 0,0,0) (S 196,231,230) (S 195,230,229) (S 261,229,254) (S 217,254,255) (S 543,552,299) (S 260,299,229) (S 234,230,273) (S 233,272,230) (S 214,251,231) (S 215,231,252) (S 1160,252,679) (S 785,679,680) (S 1189,842,680) (S 787,133,595) (S 789,222,681) (D 0,0,0)
 0 1 27 8217 15784  11 (D 0,0,0) (S 818,2,695) (S 819,695,696) (S 1108,695,205) (S 173,204,205) (S 174,205,151) (S 554,306,557) (S 1124,557,301) (S 1125,301,827) (S 262,301,300) (D 0,0,0)
 0 1 28 8824 13801  28 (D 0,0,0) (S 228,63,268) (S 772,268,675) (S 773,675,7) (S 5,7,6) (S 4,6,5) (S 482,5,508) (S 481,508,266) (S 225,266,265) (S 224,265,264) (S 339,86,375) (S 489,375,512) (S 867,715,372) (S 866,371,715) (S 1092,817,715) (S 1093,715,512) (S 1094,512,85) (S 67,85,42) (S 66,42,84) (S 748,84,657) (S 747,657,656) (S 759,670,261) (S 222,261,262) (S 744,262,654) (S 846,654,82) (S 64,82,81) (S 1107,81,695) (D 0,0,0)
 0 1 29 8981 18872  23 (D 0,0,0) (S 777,676,677) (S 1035,331,580) (S 593,580,438) (S 592,438,579) (S 591,579,57) (S 45,57,56) (S 1038,56,791) (S 46,57,58) (S 707,58,456) (S 422,456,457) (S 47,58,59) (S 449,59,481) (S 835,481,700) (S 836,700,636) (S 407,439,438) (S 406,438,437) (S 927,437,330) (S 857,329,518) (S 497,518,519) (S 904,519,740) (S 499,416,351) (D 0,0,0)
 0 1 30 8993 39219  15 (D 0,0,0) (S 813,692,466) (S 434,468,469) (S 1111,556,303) (S 263,302,303) (S 1110,303,308) (S 268,307,308) (S 269,308,309) (S 1109,824,308) (S 264,303,304) (S 265,304,305) (S 435,304,469) (S 551,469,473) (S 552,473,340) (D 0,0,0)
 0 1 31 8787 19790  26 (D 0,0,0) (S 771,180,268) (S 928,675,671) (S 929,671,508) (S 932,260,745) (S 933,745,43) (S 1183,43,822) (S 1106,822,823) (S 1131,823,831) (S 1105,821,822) (S 934,43,657) (S 935,657,746) (S 65,83,84) (S 749,84,373) (S 750,373,658) (S 337,373,374) (S 336,373,40) (S 1085,39,815) (S 669,616,39) (S 30,39,40) (S 488,41,512) (S 491,513,379) (S 343,368,379) (S 302,345,346) (S 783,346,506) (D 0,0,0)
 0 1 32 8418 14748  15 (D 0,0,0) (S 886,728,727) (S 936,747,727) (S 1083,728,4) (S 1084,4,191) (S 161,191,190) (S 547,190,81) (S 63,81,80) (S 614,80,532) (S 516,532,191) (S 1026,3,787) (S 1027,787,64) (S 50,64,63) (S 1,0,1) (D 0,0,0)
 0 1 33 8765 15804  28 (D 0,0,0) (S 765,672,16) (S 766,16,524) (S 1079,525,762) (S 1139,718,832) (S 660,534,448) (S 413,448,447) (S 793,447,646) (S 729,646,647) (S 1001,647,611) (S 657,610,611) (S 1000,611,774) (S 999,774,775) (S 998,773,774) (S 1008,774,612) (S 1007,612,647) (S 730,647,648) (S 658,611,612) (S 659,612,448) (S 519,534,445) (S 520,445,535) (S 521,535,527) (S 507,527,526) (S 1140,526,347) (S 303,347,346) (S 782,506,431) (S 781,431,672) (D 0,0,0)
 0 1 34 8900 31199  25 (D 0,0,0) (S 625,538,297) (S 258,297,296) (S 255,296,218) (S 185,218,219) (S 184,218,217) (S 622,217,277) (S 238,277,278) (S 247,278,289) (S 246,288,278) (S 621,277,570) (S 620,570,595) (S 108,132,131) (S 575,569,131) (S 106,130,129) (S 938,129,748) (S 274,315,159) (S 127,159,160) (S 958,757,724) (S 881,724,314) (S 273,314,159) (S 126,159,158) (S 138,158,173) (S 1055,173,596) (D 0,0,0)
 0 1 35 8866 23593  8 (D 0,0,0) (S 559,258,294) (S 252,294,293) (S 251,293,292) (S 630,292,269) (S 230,269,227) (S 193,227,226) (D 0,0,0)
 0 1 36 8992 32079  11 (D 0,0,0) (S 328,367,293) (S 329,293,174) (S 140,174,175) (S 1068,175,807) (S 141,175,176) (S 1067,175,348) (S 304,348,292) (S 192,226,225) (S 571,566,547) (D 0,0,0)
 0 1 37 8946 29275  18 (D 0,0,0) (S 655,561,609) (S 589,578,567) (S 538,546,547) (S 722,566,644) (S 191,225,224) (S 190,224,223) (S 718,223,247) (S 211,247,248) (S 524,248,536) (S 823,536,285) (S 243,284,285) (S 244,285,286) (S 586,286,364) (S 322,364,29) (S 24,30,31) (S 349,30,384) (D 0,0,0)
 0 1 38 8970 32300  23 (D 0,0,0) (S 588,567,577) (S 716,642,234) (S 197,232,233) (S 541,551,549) (S 540,549,550) (S 542,549,233) (S 198,233,234) (S 199,234,132) (S 200,132,235) (S 109,132,133) (S 110,133,134) (S 992,134,38) (S 29,37,38) (S 619,38,595) (S 790,681,576) (S 585,576,286) (S 245,286,287) (S 544,553,383) (S 348,383,30) (S 23,30,29) (S 653,29,608) (D 0,0,0)
 0 1 39 8924 33860  26 (D 0,0,0) (S 563,564,275) (S 453,274,246) (S 955,245,748) (S 128,160,128) (S 129,128,161) (S 130,161,162) (S 131,162,163) (S 1051,162,795) (S 1158,802,726) (S 1157,836,726) (S 885,726,421) (S 884,421,725) (S 950,725,751) (S 942,751,752) (S 941,750,751) (S 949,725,756) (S 953,756,127) (S 103,127,126) (S 883,126,725) (S 954,756,420) (S 206,243,244) (S 107,130,131) (S 576,131,564) (S 577,564,570) (D 0,0,0)
 0 1 40 8951 33553  20 (D 0,0,0) (S 791,287,576) (S 786,133,680) (S 216,252,253) (S 1159,252,802) (S 1061,802,795) (S 1052,795,796) (S 1103,820,796) (S 1104,796,243) (S 385,243,161) (S 386,161,420) (S 387,420,421) (S 882,126,724) (S 880,314,470) (S 945,753,541) (S 532,541,540) (S 528,295,538) (S 721,548,566) (S 1123,557,205) (D 0,0,0)
 0 1 41 8986 35209  20 (D 0,0,0) (S 768,17,523) (S 970,673,762) (S 513,397,89) (S 473,89,500) (S 487,500,389) (S 354,389,390) (S 353,389,388) (S 351,387,386) (S 377,412,413) (S 397,412,430) (S 396,412,429) (S 1047,429,399) (S 1049,652,390) (S 1050,390,530) (S 515,530,531) (S 631,530,597) (S 514,530,89) (S 360,397,396) (D 0,0,0)
 0 1 42 8991 40626  14 (D 0,0,0) (S 531,158,540) (S 944,753,103) (S 943,103,49) (S 38,49,48) (S 147,46,182) (S 1182,812,76) (S 61,76,77) (S 1181,812,45) (S 35,45,46) (S 149,108,183) (S 1208,845,847) (S 534,543,542) (D 0,0,0)
 0 1 43 8949 29329  19 (D 0,0,0) (S 248,290,154) (S 249,154,291) (S 250,291,242) (S 320,242,363) (S 645,363,155) (S 511,155,529) (S 512,529,397) (S 70,89,88) (S 69,87,88) (S 632,597,598) (S 668,597,615) (S 667,597,88) (S 666,88,614) (S 665,614,156) (S 125,156,157) (S 1185,614,529) (S 510,155,291) (D 0,0,0)
 0 1 44 8964 33195  23 (D 0,0,0) (S 95,115,118) (S 1056,118,799) (S 1144,799,121) (S 99,121,122) (S 100,122,123) (S 1054,122,798) (S 1058,798,800) (S 1059,800,187) (S 154,186,187) (S 155,187,123) (S 1148,124,765) (S 975,765,32) (S 25,32,33) (S 157,32,12) (S 156,32,123) (S 101,123,124) (S 1150,801,111) (S 1151,111,808) (S 1070,808,185) (S 91,112,113) (S 93,114,115) (D 0,0,0)
 0 1 45 8850 26109  9 (D 0,0,0) (S 656,561,365) (S 324,365,257) (S 218,257,256) (S 229,256,227) (S 194,227,228) (S 629,269,367) (S 325,366,257) (D 0,0,0)
 0 1 46 8934 34990  18 (D 0,0,0) (S 817,0,2) (S 92,114,113) (S 1196,805,800) (S 1060,187,801) (S 1149,801,124) (S 102,124,125) (S 973,763,764) (S 1174,764,834) (S 1146,833,834) (S 1147,834,765) (S 974,765,764) (S 1175,764,125) (S 1062,125,803) (S 1176,125,110) (S 1071,809,808) (S 1069,185,114) (D 0,0,0)
 0 1 47 9000 31029  24 (D 0,0,0) (S 558,560,294) (S 253,294,295) (S 428,462,213) (S 210,213,246) (S 275,246,315) (S 939,315,748) (S 956,748,160) (S 957,160,757) (S 952,757,127) (S 104,127,128) (S 105,128,129) (S 937,129,244) (S 207,244,130) (S 208,130,245) (S 209,245,246) (S 235,274,275) (S 564,275,486) (S 455,486,487) (S 565,486,211) (S 566,211,219) (S 567,219,462) (S 429,462,463) (D 0,0,0)
 0 1 48 8681 21298  21 (D 0,0,0) (S 1154,719,832) (S 1137,432,443) (S 410,443,444) (S 662,443,319) (S 280,320,321) (S 312,321,356) (S 281,321,322) (S 282,322,323) (S 546,358,554) (S 860,709,139) (S 113,138,139) (S 861,139,554) (S 862,554,573) (S 579,573,572) (S 865,572,714) (S 580,573,359) (S 917,360,691) (S 292,334,335) (S 1133,335,357) (D 0,0,0)
 0 1 49 8842 38812  14 (D 0,0,0) (S 59,73,74) (S 1075,182,812) (S 34,44,45) (S 1180,45,109) (S 537,545,184) (S 151,184,185) (S 152,185,112) (S 1064,805,797) (S 1053,797,798) (S 1057,798,799) (S 1143,799,804) (S 1063,804,797) (D 0,0,0)
 0 1 50 8997 30428  17 (D 0,0,0) (S 153,112,186) (S 1065,186,805) (S 1195,805,113) (S 1194,113,813) (S 1077,810,754) (S 946,541,754) (S 947,754,755) (S 330,115,174) (S 139,174,173) (S 627,596,565) (S 628,565,367) (S 327,367,226) (S 326,226,366) (S 590,366,578) (S 1184,578,609) (D 0,0,0)
 0 1 51 8966 27399  24 (D 0,0,0) (S 553,557,215) (S 574,567,568) (S 573,567,249) (S 212,249,248) (S 525,248,537) (S 719,537,247) (S 717,643,223) (S 189,223,222) (S 188,222,221) (S 990,221,712) (S 864,712,713) (S 991,712,38) (S 187,220,221) (S 989,221,381) (S 820,697,381) (S 346,381,382) (S 821,381,681) (S 822,681,285) (S 584,576,382) (S 347,382,383) (S 545,383,287) (S 652,287,29) (D 0,0,0)
 0 1 52 8996 35879  20 (D 0,0,0) (S 1200,845,107) (S 1204,106,47) (S 39,49,50) (S 988,49,767) (S 1073,767,806) (S 1066,806,74) (S 60,74,75) (S 145,181,75) (S 146,75,182) (S 1074,182,806) (S 987,767,73) (S 986,73,766) (S 985,376,766) (S 1046,766,429) (S 395,429,377) (S 342,377,378) (S 363,378,387) (S 362,387,398) (D 0,0,0)
 0 1 53 8961 35860  23 (D 0,0,0) (S 97,119,120) (S 831,34,120) (S 824,120,35) (S 28,35,36) (S 8,10,11) (S 9,11,12) (S 10,12,13) (S 158,12,188) (S 159,188,189) (S 827,189,698) (S 826,189,10) (S 7,9,10) (S 825,10,35) (S 27,35,34) (S 830,34,11) (S 829,11,188) (S 828,699,188) (S 26,34,33) (S 1145,33,121) (S 98,121,119) (S 96,119,118) (D 0,0,0)
 0 1 54 8977 29981  22 (D 0,0,0) (S 411,318,445) (S 361,394,398) (S 469,498,428) (S 393,428,386) (S 350,386,385) (S 984,385,376) (S 341,376,377) (S 983,385,391) (S 355,391,392) (S 392,392,428) (S 356,392,393) (S 1005,777,393) (S 1006,393,498) (S 470,498,398) (S 471,398,499) (S 472,499,500) (S 486,500,396) (S 485,511,396) (S 359,396,395) (S 418,427,452) (D 0,0,0)
 0 1 55 8858 34003  19 (D 0,0,0) (S 735,499,388) (S 352,388,387) (S 394,386,377) (S 364,378,399) (S 1048,399,652) (S 365,399,400) (S 366,400,401) (S 374,409,400) (S 375,400,410) (S 376,410,411) (S 379,410,401) (S 367,401,402) (S 378,401,414) (S 732,651,414) (S 733,414,652) (S 734,652,388) (S 736,499,395) (D 0,0,0)
 0 1 56 8730 32114  20 (D 0,0,0) (S 539,547,548) (S 526,537,224) (S 254,295,296) (S 259,297,298) (S 624,297,463) (S 623,463,217) (S 231,270,216) (S 232,216,271) (S 183,216,217) (S 237,277,276) (S 257,276,135) (S 111,134,135) (S 1199,135,844) (S 1198,844,842) (S 1188,842,615) (S 1197,615,844) (S 618,135,38) (S 788,595,222) (D 0,0,0)
 0 1 57 8554 30255  22 (D 0,0,0) (S 16,20,21) (S 459,21,484) (S 458,484,490) (S 462,490,493) (S 1120,688,667) (S 1119,667,825) (S 1173,825,464) (S 430,464,465) (S 754,465,665) (S 1116,665,662) (S 1115,693,662) (S 752,661,662) (S 755,665,666) (S 1117,665,440) (S 617,594,440) (S 408,440,441) (S 1171,840,441) (S 409,441,442) (S 757,442,668) (S 756,442,667) (D 0,0,0)
 0 1 58 8968 27877  19 (D 0,0,0) (S 316,359,360) (S 317,360,361) (S 318,361,98) (S 79,98,99) (S 670,600,502) (S 475,502,503) (S 805,503,20) (S 804,20,485) (S 802,688,493) (S 801,493,496) (S 800,687,496) (S 466,496,489) (S 457,489,490) (S 461,490,492) (S 460,491,492) (S 672,483,22) (S 17,22,21) (D 0,0,0)
 0 1 59 8900 21391  13 (D 0,0,0) (S 134,167,166) (S 133,166,165) (S 132,164,165) (S 1034,166,702) (S 1043,55,794) (S 1102,794,819) (S 1101,794,51) (S 40,51,52) (S 651,52,607) (S 842,607,704) (S 907,704,435) (D 0,0,0)
 0 1 60 8990 34509  15 (D 0,0,0) (S 1114,693,683) (S 1112,641,556) (S 550,556,469) (S 1169,474,839) (S 439,474,475) (S 438,474,473) (S 295,339,340) (S 296,340,18) (S 14,18,19) (S 993,768,19) (S 994,19,769) (S 15,19,20) (S 807,203,689) (D 0,0,0)
 0 1 61 8960 32917  19 (D 0,0,0) (S 806,203,503) (S 803,485,688) (S 1118,825,440) (S 815,693,694) (S 814,693,466) (S 432,466,467) (S 795,467,683) (S 794,682,683) (S 1113,683,641) (S 714,640,641) (S 715,641,468) (S 433,468,467) (S 796,467,684) (S 431,466,465) (S 1172,441,825) (S 809,599,690) (S 811,691,471) (D 0,0,0)
 0 1 62 8924 28572  17 (D 0,0,0) (S 869,717,427) (S 390,426,425) (S 1013,425,781) (S 1014,781,237) (S 979,236,424) (S 876,721,722) (S 978,722,424) (S 389,424,425) (S 1016,781,778) (S 203,238,239) (S 1012,239,780) (S 204,239,240) (S 1011,239,779) (S 1017,779,426) (S 391,426,427) (D 0,0,0)
 0 1 63 8972 28433  21 (D 0,0,0) (S 75,95,94) (S 74,94,93) (S 73,93,92) (S 72,92,91) (S 71,90,91) (S 874,91,282) (S 875,282,720) (S 242,282,283) (S 241,282,281) (S 919,281,743) (S 918,281,477) (S 443,477,199) (S 442,199,79) (S 62,78,79) (S 441,79,476) (S 440,476,142) (S 115,142,143) (S 797,143,476) (S 798,476,685) (D 0,0,0)
 0 1 64 8898 21920  18 (D 0,0,0) (S 853,54,455) (S 421,455,456) (S 708,456,562) (S 562,562,563) (S 710,93,637) (S 965,638,707) (S 964,707,741) (S 963,741,606) (S 646,606,96) (S 916,97,690) (S 810,690,691) (S 437,471,472) (S 648,472,571) (S 578,571,572) (S 649,571,453) (S 843,607,705) (D 0,0,0)
 0 1 65 7982 18585  17 (D 0,0,0) (S 1134,814,357) (S 313,357,322) (S 314,322,358) (S 315,358,359) (S 581,359,574) (S 638,574,460) (S 640,99,600) (S 636,600,362) (S 635,599,362) (S 319,362,98) (S 78,98,97) (S 77,97,96) (S 76,96,95) (S 911,95,591) (S 910,591,454) (D 0,0,0)
 0 1 66 8966 28848  21 (D 0,0,0) (S 854,703,54) (S 169,200,199) (S 168,199,198) (S 167,197,198) (S 877,198,280) (S 239,279,280) (S 878,280,723) (S 240,280,281) (S 444,477,92) (S 445,92,478) (S 996,478,771) (S 446,478,479) (S 997,479,772) (S 447,479,480) (S 995,480,770) (S 448,480,59) (S 48,59,60) (S 450,481,482) (S 832,700,165) (D 0,0,0)
 0 1 67 8938 33338  15 (D 0,0,0) (S 426,361,460) (S 673,483,492) (S 456,489,488) (S 967,488,710) (S 863,710,711) (S 966,488,618) (S 676,618,619) (S 675,618,617) (S 888,617,730) (S 674,617,492) (S 451,483,484) (S 452,484,485) (S 808,689,599) (D 0,0,0)
 0 1 68 8991 23849  11 (D 0,0,0) (S 474,501,502) (S 671,502,22) (S 18,22,23) (S 887,23,729) (S 19,23,24) (S 20,24,25) (S 725,24,501) (S 726,501,101) (S 728,575,646) (D 0,0,0)
 0 1 69 8977 34011  18 (D 0,0,0) (S 90,112,111) (S 89,111,110) (S 1177,110,809) (S 1178,809,545) (S 1179,545,109) (S 88,109,108) (S 86,106,107) (S 87,107,108) (S 148,108,46) (S 36,46,47) (S 1205,47,848) (S 37,47,48) (S 1190,48,105) (S 1191,105,843) (S 1211,841,753) (S 720,537,548) (D 0,0,0)
 0 1 70 8925 28111  24 (D 0,0,0) (S 706,636,58) (S 709,562,93) (S 940,637,749) (S 711,637,638) (S 712,638,200) (S 1161,837,639) (S 713,639,200) (S 170,200,201) (S 848,201,146) (S 847,706,146) (S 118,146,147) (S 119,147,148) (S 120,148,149) (S 117,146,145) (S 293,336,144) (S 116,144,145) (S 915,145,742) (S 914,145,202) (S 913,202,741) (S 912,741,95) (S 615,591,592) (S 841,703,704) (D 0,0,0)
