1775350
70
2401390
2222062
 0 1 1 8860 12748  36 (D 0,0,0) (S 780,674,672) (S 781,672,431) (S 399,431,15) (S 11,15,14) (S 477,14,506) (S 782,506,431) (S 398,431,178) (S 479,177,507) (S 873,507,344) (S 872,344,380) (S 345,380,264) (S 223,264,263) (S 338,263,86) (S 68,86,85) (S 67,85,42) (S 32,42,41) (S 488,41,512) (S 489,512,375) (S 339,375,86) (S 871,86,380) (S 344,380,379) (S 331,369,368) (S 521,527,535) (S 520,535,445) (S 411,445,318) (S 277,318,317) (S 276,317,316) (S 1142,316,761) (S 969,761,762) (S 767,673,524) (S 766,524,16) (S 13,16,17) (S 769,17,674) (S 779,674,653) (D 0,0,0)
 0 1 2 8484 16582  21 (D 0,0,0) (S 1100,3,191) (S 311,355,354) (S 310,354,353) (S 371,405,406) (S 370,405,404) (S 598,404,582) (S 922,582,313) (S 923,313,736) (S 893,736,735) (S 892,735,518) (S 904,519,740) (S 903,740,739) (S 384,418,419) (S 416,419,450) (S 901,450,171) (S 900,171,66) (S 52,66,65) (S 1087,65,451) (S 1086,451,352) (D 0,0,0)
 0 1 3 8912 17488  23 (D 0,0,0) (S 858,708,433) (S 285,326,327) (S 855,436,703) (S 841,703,704) (S 1034,166,702) (S 840,702,703) (S 854,703,54) (S 43,54,55) (S 1101,794,51) (S 40,51,52) (S 650,453,52) (S 651,52,607) (S 843,607,705) (S 844,705,167) (S 633,167,62) (S 49,61,62) (S 634,62,169) (S 135,168,169) (S 305,169,349) (S 306,349,350) (S 307,350,326) (D 0,0,0)
 0 1 4 8890 23263  17 (D 0,0,0) (S 1090,734,733) (S 1162,838,829) (S 1128,829,71) (S 58,71,72) (S 57,71,70) (S 1033,70,406) (S 372,406,407) (S 1126,828,407) (S 373,407,408) (S 1127,407,71) (S 56,70,69) (S 696,69,632) (S 695,632,505) (S 694,505,622) (S 681,622,584) (D 0,0,0)
 0 1 5 8911 14085  32 (D 0,0,0) (S 778,677,653) (S 768,17,523) (S 504,523,524) (S 505,524,525) (S 506,525,526) (S 1141,526,761) (S 968,761,535) (S 507,527,526) (S 1140,526,347) (S 303,347,346) (S 492,345,379) (S 490,513,375) (S 340,375,370) (S 334,371,372) (S 335,372,40) (S 31,40,41) (S 1093,512,715) (S 1092,817,715) (S 866,715,371) (S 333,371,370) (S 758,370,669) (S 332,370,369) (S 606,369,513) (S 491,513,379) (S 343,379,368) (S 522,368,527) (S 970,762,673) (S 971,673,708) (S 1152,708,522) (S 743,522,653) (D 0,0,0)
 0 1 6 8496 14571  10 (D 0,0,0) (S 818,2,695) (S 1108,695,205) (S 174,205,151) (S 267,306,300) (S 262,300,301) (S 1125,301,827) (S 1124,301,557) (S 1123,557,205) (D 0,0,0)
 0 1 7 8971 34679  20 (D 0,0,0) (S 1118,825,440) (S 754,665,465) (S 795,467,683) (S 714,640,641) (S 1113,641,683) (S 1114,683,693) (S 815,693,694) (S 752,661,662) (S 1116,662,665) (S 755,665,666) (S 1117,665,440) (S 617,594,440) (S 408,440,441) (S 1171,840,441) (S 409,441,442) (S 757,442,668) (S 756,442,667) (S 1120,667,688) (D 0,0,0)
 0 1 8 8948 38814  16 (D 0,0,0) (S 1172,825,441) (S 1115,662,693) (S 814,693,466) (S 432,466,467) (S 796,467,684) (S 433,467,468) (S 434,468,469) (S 550,469,556) (S 268,307,308) (S 1109,824,308) (S 269,308,309) (S 1110,308,303) (S 263,302,303) (S 806,503,203) (D 0,0,0)
 0 1 9 8984 27725  16 (D 0,0,0) (S 765,672,16) (S 12,16,15) (S 1080,14,525) (S 413,448,447) (S 1019,446,452) (S 112,136,137) (S 738,137,290) (S 509,291,241) (S 784,528,678) (S 508,528,241) (S 205,241,242) (S 320,242,363) (S 645,363,155) (S 123,155,154) (D 0,0,0)
 0 1 10 8981 26183  18 (D 0,0,0) (S 76,96,95) (S 75,95,94) (S 850,94,707) (S 964,741,707) (S 965,707,638) (S 712,638,200) (S 169,200,199) (S 441,79,476) (S 798,476,685) (S 440,476,142) (S 115,142,143) (S 797,143,476) (S 62,78,79) (S 442,79,199) (S 74,93,94) (S 853,455,54) (D 0,0,0)
 0 1 11 8898 23613  17 (D 0,0,0) (S 280,320,321) (S 581,359,574) (S 427,461,460) (S 426,460,361) (S 319,98,362) (S 635,362,599) (S 808,599,689) (S 172,203,202) (S 963,741,606) (S 646,606,96) (S 77,96,97) (S 78,97,98) (S 916,97,690) (S 810,690,691) (S 1133,335,357) (D 0,0,0)
 0 1 12 8911 27956  24 (D 0,0,0) (S 421,455,456) (S 422,456,457) (S 73,93,92) (S 72,92,91) (S 71,90,91) (S 874,91,282) (S 875,282,720) (S 242,282,283) (S 241,282,281) (S 919,281,743) (S 443,477,199) (S 168,199,198) (S 167,197,198) (S 877,198,280) (S 878,280,723) (S 239,279,280) (S 240,280,281) (S 918,281,477) (S 444,477,92) (S 445,92,478) (S 996,478,771) (S 446,478,479) (D 0,0,0)
 0 1 13 8664 13430  17 (D 0,0,0) (S 1107,695,81) (S 547,81,190) (S 161,190,191) (S 162,191,192) (S 425,192,355) (S 424,355,459) (S 423,458,459) (S 678,459,621) (S 677,620,621) (S 890,621,733) (S 1089,733,816) (S 1088,816,65) (S 51,65,64) (S 1028,64,520) (S 777,676,677) (D 0,0,0)
 0 1 14 8938 27881  20 (D 0,0,0) (S 1155,832,317) (S 1156,317,835) (S 278,318,319) (S 739,427,137) (S 486,396,500) (S 487,500,389) (S 353,388,389) (S 354,389,390) (S 515,530,531) (S 631,530,597) (S 667,597,88) (S 69,87,88) (S 666,88,614) (S 665,614,156) (S 664,156,363) (S 250,242,291) (S 248,154,290) (S 1153,719,708) (D 0,0,0)
 0 1 15 8868 14615  20 (D 0,0,0) (S 925,418,739) (S 924,739,736) (S 1004,735,776) (S 1044,776,581) (S 597,581,582) (S 599,404,68) (S 600,68,583) (S 1165,583,737) (S 54,67,68) (S 369,404,403) (S 663,403,613) (S 368,403,170) (S 896,170,67) (S 53,67,66) (S 899,66,738) (S 1166,738,816) (S 1167,816,787) (S 1026,787,3) (D 0,0,0)
 0 1 16 8818 13408  15 (D 0,0,0) (S 613,532,585) (S 612,585,590) (S 691,590,207) (S 177,207,208) (S 178,208,209) (S 556,209,558) (S 1132,558,826) (S 1122,826,208) (S 176,207,206) (S 175,206,151) (S 121,151,150) (S 518,150,533) (S 517,150,532) (D 0,0,0)
 0 1 17 8730 27601  8 (D 0,0,0) (S 193,226,227) (S 230,227,269) (S 630,269,292) (S 251,292,293) (S 558,560,294) (S 553,215,557) (D 0,0,0)
 0 1 18 8138 18592  12 (D 0,0,0) (S 692,590,195) (S 693,195,622) (S 682,622,623) (S 775,623,196) (S 776,196,589) (S 610,589,588) (S 609,588,559) (S 608,559,587) (S 607,586,587) (S 976,587,300) (D 0,0,0)
 0 1 19 8928 24868  13 (D 0,0,0) (S 728,646,575) (S 726,101,501) (S 474,501,502) (S 18,22,23) (S 887,23,729) (S 19,23,24) (S 20,24,25) (S 725,24,501) (S 467,100,461) (S 468,461,497) (S 582,497,574) (D 0,0,0)
 0 1 20 8992 29193  18 (D 0,0,0) (S 391,427,426) (S 1010,779,778) (S 1009,238,778) (S 1016,778,781) (S 1014,781,237) (S 1015,237,782) (S 980,236,152) (S 122,152,153) (S 981,152,140) (S 114,140,141) (S 982,140,391) (S 355,391,392) (S 983,391,385) (S 350,385,386) (S 351,386,387) (S 361,398,394) (D 0,0,0)
 0 1 21 7447 16544  12 (D 0,0,0) (S 817,0,2) (S 1099,3,732) (S 889,732,731) (S 926,731,28) (S 22,28,27) (S 21,27,26) (S 1018,26,783) (S 799,686,663) (S 753,663,664) (S 972,686,27) (D 0,0,0)
 0 1 22 8480 16513  13 (D 0,0,0) (S 2,2,3) (S 321,354,193) (S 164,193,194) (S 165,194,195) (S 166,195,196) (S 611,589,590) (S 557,209,559) (S 1121,588,208) (S 605,206,585) (S 604,585,194) (S 163,193,192) (D 0,0,0)
 0 1 23 8077 15106  17 (D 0,0,0) (S 1091,4,734) (S 891,734,621) (S 679,459,353) (S 680,353,584) (S 602,584,504) (S 476,504,505) (S 774,505,623) (S 683,623,624) (S 1130,624,830) (S 684,624,625) (S 1129,624,829) (S 1163,829,632) (S 1164,632,583) (S 601,583,504) (S 603,584,194) (D 0,0,0)
 0 1 24 8951 25547  13 (D 0,0,0) (S 555,306,558) (S 554,306,557) (S 182,215,214) (S 220,258,259) (S 590,366,578) (S 572,249,547) (S 571,547,566) (S 192,225,226) (S 327,226,367) (S 328,367,293) (S 559,294,258) (D 0,0,0)
 0 1 25 8837 28402  20 (D 0,0,0) (S 588,567,577) (S 523,364,536) (S 823,536,285) (S 244,285,286) (S 245,286,287) (S 791,287,576) (S 584,576,382) (S 346,382,381) (S 820,697,381) (S 187,220,221) (S 989,221,381) (S 347,382,383) (S 545,383,287) (S 544,553,383) (S 348,383,30) (S 24,30,31) (S 349,30,384) (S 23,30,29) (D 0,0,0)
 0 1 26 8928 18484  21 (D 0,0,0) (S 690,521,324) (S 283,324,325) (S 1030,325,495) (S 1031,495,788) (S 1032,788,789) (S 1082,788,814) (S 1134,814,357) (S 282,322,323) (S 314,322,358) (S 546,358,554) (S 861,554,139) (S 113,138,139) (S 860,709,139) (S 862,554,573) (S 579,573,572) (S 865,572,714) (S 578,572,571) (S 649,571,453) (S 401,434,349) (D 0,0,0)
 0 1 27 8620 17291  24 (D 0,0,0) (S 870,719,718) (S 1136,443,494) (S 463,494,320) (S 279,320,319) (S 793,447,646) (S 729,646,647) (S 1007,647,612) (S 658,612,611) (S 1001,611,647) (S 730,647,648) (S 657,610,611) (S 1000,611,774) (S 999,774,775) (S 998,773,774) (S 1008,774,612) (S 659,612,448) (S 661,534,319) (S 662,319,443) (S 410,443,444) (S 1137,443,432) (S 1138,432,832) (S 1154,832,719) (D 0,0,0)
 0 1 28 8923 26364  23 (D 0,0,0) (S 812,334,471) (S 811,471,691) (S 917,691,360) (S 317,360,361) (S 318,361,98) (S 962,689,606) (S 914,202,145) (S 117,145,146) (S 119,147,148) (S 120,148,149) (S 118,147,146) (S 293,336,144) (S 116,144,145) (S 915,145,742) (S 847,706,146) (S 848,146,201) (S 171,201,202) (S 913,202,741) (S 912,741,95) (S 911,95,591) (S 381,327,416) (D 0,0,0)
 0 1 29 8877 17661  21 (D 0,0,0) (S 792,677,521) (S 501,521,520) (S 498,416,519) (S 497,519,518) (S 857,518,329) (S 288,329,330) (S 290,331,332) (S 595,332,516) (S 596,516,581) (S 1045,581,626) (S 685,626,627) (S 700,627,634) (S 951,634,629) (S 688,629,630) (S 687,629,627) (S 699,627,633) (S 920,744,633) (S 921,633,582) (S 383,418,417) (D 0,0,0)
 0 1 30 8926 38718  18 (D 0,0,0) (S 787,595,133) (S 785,680,679) (S 1160,679,252) (S 216,252,253) (S 215,252,231) (S 234,230,273) (S 233,272,230) (S 543,552,299) (S 260,299,229) (S 261,229,254) (S 217,254,255) (S 195,229,230) (S 196,230,231) (S 1052,795,796) (S 207,244,130) (S 1170,577,608) (D 0,0,0)
 0 1 31 8981 25040  23 (D 0,0,0) (S 704,439,635) (S 705,635,636) (S 449,481,59) (S 48,59,60) (S 995,480,770) (S 447,480,479) (S 997,479,772) (S 448,480,59) (S 47,59,58) (S 46,58,57) (S 45,57,56) (S 1041,660,793) (S 1039,792,793) (S 1022,784,649) (S 731,649,650) (S 1025,784,786) (S 1024,784,437) (S 406,437,438) (S 593,438,580) (S 594,580,332) (S 287,329,328) (D 0,0,0)
 0 1 32 8981 31395  30 (D 0,0,0) (S 111,134,135) (S 257,135,276) (S 247,278,289) (S 246,288,278) (S 238,278,277) (S 237,277,276) (S 236,276,275) (S 235,275,274) (S 454,274,486) (S 455,486,487) (S 565,486,211) (S 181,212,213) (S 428,213,462) (S 567,462,219) (S 186,219,212) (S 180,212,211) (S 179,210,211) (S 566,211,219) (S 185,219,218) (S 256,218,276) (S 563,275,564) (S 577,564,570) (S 621,570,277) (S 622,277,217) (S 623,217,463) (S 429,463,462) (S 529,539,295) (S 526,224,537) (D 0,0,0)
 0 1 33 8999 27586  18 (D 0,0,0) (S 805,503,20) (S 804,20,485) (S 452,485,484) (S 451,484,483) (S 673,483,492) (S 462,490,493) (S 802,493,688) (S 801,493,496) (S 800,687,496) (S 466,496,489) (S 457,489,490) (S 458,490,484) (S 459,484,21) (S 17,21,22) (S 671,22,502) (S 636,600,362) (D 0,0,0)
 0 1 34 8998 34355  15 (D 0,0,0) (S 16,20,21) (S 460,491,492) (S 674,492,617) (S 888,617,730) (S 675,617,618) (S 676,618,619) (S 966,618,488) (S 863,710,711) (S 967,710,488) (S 456,488,489) (S 461,490,492) (S 672,483,22) (S 313,322,357) (D 0,0,0)
 0 1 35 8903 34945  16 (D 0,0,0) (S 14,19,18) (S 296,18,340) (S 295,339,340) (S 438,473,474) (S 439,474,475) (S 1169,474,839) (S 551,473,469) (S 715,468,641) (S 813,692,466) (S 431,466,465) (S 430,465,464) (S 1173,464,825) (S 803,688,485) (S 809,599,690) (D 0,0,0)
 0 1 36 8715 19626  25 (D 0,0,0) (S 928,675,671) (S 1094,85,512) (S 867,715,372) (S 30,40,39) (S 1085,39,815) (S 669,616,39) (S 336,40,373) (S 750,373,658) (S 337,373,374) (S 749,373,84) (S 934,657,43) (S 1183,43,822) (S 1105,821,822) (S 1131,823,831) (S 1106,823,822) (S 933,43,745) (S 1096,745,670) (S 1095,745,85) (S 224,264,265) (S 225,265,266) (S 226,266,267) (S 227,267,268) (S 228,268,63) (D 0,0,0)
 0 1 37 8877 18324  17 (D 0,0,0) (S 380,327,415) (S 842,607,704) (S 908,704,53) (S 909,53,454) (S 420,454,455) (S 852,455,592) (S 615,592,591) (S 910,591,454) (S 419,454,453) (S 648,571,472) (S 647,96,472) (S 437,472,471) (S 292,334,335) (S 1135,814,494) (S 464,494,495) (D 0,0,0)
 0 1 38 8949 25141  16 (D 0,0,0) (S 907,435,704) (S 616,592,593) (S 851,592,94) (S 849,707,201) (S 170,201,200) (S 1161,837,639) (S 713,639,200) (S 711,638,637) (S 940,637,749) (S 710,637,93) (S 709,93,562) (S 562,562,563) (S 708,562,456) (S 707,456,58) (D 0,0,0)
 0 1 39 8875 17658  15 (D 0,0,0) (S 291,332,333) (S 833,333,514) (S 493,514,515) (S 494,515,516) (S 495,516,517) (S 642,517,602) (S 643,602,604) (S 723,645,604) (S 686,605,628) (S 644,605,604) (S 724,604,603) (S 641,603,602) (S 496,517,518) (D 0,0,0)
 0 1 40 8989 35960  19 (D 0,0,0) (S 249,154,291) (S 510,291,155) (S 124,155,156) (S 125,156,157) (S 632,597,598) (S 668,597,615) (S 1198,844,842) (S 214,251,231) (S 1159,252,802) (S 1061,802,795) (S 1051,795,162) (S 131,162,163) (S 129,161,128) (S 128,128,160) (S 127,160,159) (S 273,159,314) (S 139,173,174) (D 0,0,0)
 0 1 41 8820 14605  23 (D 0,0,0) (S 1,0,1) (S 764,672,179) (S 763,179,267) (S 762,267,671) (S 221,260,261) (S 222,261,262) (S 868,716,655) (S 1097,656,670) (S 759,670,261) (S 760,261,342) (S 297,341,342) (S 298,342,343) (S 930,343,508) (S 929,508,671) (S 761,671,6) (S 5,6,7) (S 741,8,63) (S 1027,787,64) (S 50,64,63) (S 742,63,653) (S 816,677,0) (D 0,0,0)
 0 1 42 8597 16256  20 (D 0,0,0) (S 502,522,521) (S 1029,520,325) (S 286,327,328) (S 856,329,436) (S 927,437,330) (S 289,330,331) (S 1035,331,580) (S 407,438,439) (S 703,439,422) (S 388,422,423) (S 702,422,515) (S 701,515,634) (S 698,633,405) (S 697,405,69) (S 55,69,68) (S 897,67,737) (S 898,737,738) (S 1168,787,63) (D 0,0,0)
 0 1 43 8668 14725  32 (D 0,0,0) (S 770,674,180) (S 144,180,179) (S 143,179,178) (S 478,177,506) (S 783,506,346) (S 302,346,345) (S 301,345,344) (S 300,344,265) (S 299,265,343) (S 931,343,260) (S 932,260,745) (S 33,43,42) (S 66,42,84) (S 65,83,84) (S 748,84,657) (S 935,657,746) (S 747,657,656) (S 1098,656,818) (S 746,656,655) (S 745,655,262) (S 744,262,654) (S 160,82,190) (S 548,190,555) (S 484,509,510) (S 483,509,5) (S 4,5,6) (S 482,5,508) (S 481,508,266) (S 480,266,507) (S 142,177,178) (D 0,0,0)
 0 1 44 8945 23088  19 (D 0,0,0) (S 266,151,306) (S 977,300,116) (S 323,117,365) (S 656,365,561) (S 654,609,608) (S 653,608,29) (S 322,29,364) (S 524,536,248) (S 525,248,537) (S 720,537,548) (S 721,548,566) (S 722,566,644) (S 538,546,547) (S 213,249,250) (S 589,567,578) (S 1184,578,609) (S 655,609,561) (D 0,0,0)
 0 1 45 8910 33839  17 (D 0,0,0) (S 1143,799,804) (S 1063,804,797) (S 1058,798,800) (S 155,187,123) (S 101,123,124) (S 1148,124,765) (S 974,765,764) (S 1175,764,125) (S 1176,125,110) (S 1178,809,545) (S 537,545,184) (S 151,184,185) (S 152,185,112) (S 153,112,186) (S 92,113,114) (D 0,0,0)
 0 1 46 8992 32160  22 (D 0,0,0) (S 587,577,364) (S 585,286,576) (S 789,681,222) (S 788,222,595) (S 620,595,570) (S 576,564,131) (S 108,131,132) (S 198,234,233) (S 542,233,549) (S 541,551,549) (S 540,549,550) (S 197,232,233) (S 575,569,131) (S 208,130,245) (S 210,246,213) (S 436,213,470) (S 531,540,158) (S 626,538,596) (S 627,596,565) (S 628,565,367) (D 0,0,0)
 0 1 47 8842 30679  19 (D 0,0,0) (S 253,294,295) (S 254,295,296) (S 259,297,298) (S 258,297,296) (S 255,296,218) (S 184,218,217) (S 183,217,216) (S 232,216,271) (S 231,270,216) (S 624,463,297) (S 625,297,538) (S 527,538,224) (S 190,224,223) (S 718,223,247) (S 717,643,223) (S 189,223,222) (S 821,381,681) (D 0,0,0)
 0 1 48 8718 35431  18 (D 0,0,0) (S 1194,113,813) (S 1192,543,843) (S 1191,843,105) (S 38,48,49) (S 39,49,50) (S 988,49,767) (S 1074,806,182) (S 146,182,75) (S 145,181,75) (S 60,75,74) (S 1066,74,806) (S 1073,806,767) (S 987,767,73) (S 59,73,74) (S 986,73,766) (S 1047,429,399) (D 0,0,0)
 0 1 49 8445 30150  18 (D 0,0,0) (S 252,294,293) (S 329,293,174) (S 98,119,121) (S 1054,122,798) (S 1053,798,797) (S 1064,797,805) (S 1065,805,186) (S 154,186,187) (S 1060,187,801) (S 1150,801,111) (S 89,111,110) (S 1177,110,809) (S 1071,809,808) (S 1070,808,185) (S 1069,185,114) (S 93,114,115) (D 0,0,0)
 0 1 50 8969 30621  9 (D 0,0,0) (S 219,258,257) (S 629,367,269) (S 304,292,348) (S 1067,348,175) (S 1068,175,807) (S 141,175,176) (S 140,175,174) (D 0,0,0)
 0 1 51 8846 29125  20 (D 0,0,0) (S 652,29,287) (S 790,576,681) (S 200,132,235) (S 109,132,133) (S 786,133,680) (S 1189,680,842) (S 1188,842,615) (S 1197,615,844) (S 1199,844,135) (S 618,135,38) (S 29,37,38) (S 991,38,712) (S 864,712,713) (S 990,712,221) (S 188,221,222) (S 822,681,285) (S 243,284,285) (S 586,286,364) (D 0,0,0)
 0 1 52 8996 32058  29 (D 0,0,0) (S 539,547,548) (S 568,539,462) (S 564,486,275) (S 453,274,246) (S 209,246,245) (S 955,245,748) (S 938,748,129) (S 105,128,129) (S 937,129,244) (S 206,244,243) (S 1103,820,796) (S 1104,796,243) (S 385,243,161) (S 387,420,421) (S 884,421,725) (S 953,756,127) (S 952,127,757) (S 958,757,724) (S 957,757,160) (S 956,160,748) (S 939,748,315) (S 275,315,246) (S 274,315,159) (S 126,159,158) (S 719,537,247) (S 211,247,248) (S 573,249,567) (D 0,0,0)
 0 1 53 8880 29847  20 (D 0,0,0) (S 819,695,696) (S 948,115,755) (S 947,755,754) (S 946,754,541) (S 533,541,542) (S 1187,542,841) (S 1210,841,843) (S 1209,843,847) (S 1203,847,106) (S 84,105,104) (S 1186,104,841) (S 1211,841,753) (S 532,541,540) (S 138,158,173) (S 1055,173,596) (S 569,565,225) (S 570,225,566) (S 574,567,568) (D 0,0,0)
 0 1 54 8987 29985  19 (D 0,0,0) (S 737,290,395) (S 736,395,499) (S 735,499,388) (S 352,388,387) (S 342,378,377) (S 341,377,376) (S 984,385,376) (S 985,376,766) (S 1046,766,429) (S 377,412,413) (S 397,412,430) (S 396,412,429) (S 395,429,377) (S 394,377,386) (S 393,386,428) (S 1006,498,393) (S 357,393,394) (D 0,0,0)
 0 1 55 8923 26943  16 (D 0,0,0) (S 390,426,425) (S 1013,425,781) (S 389,425,424) (S 876,721,722) (S 978,722,424) (S 979,424,236) (S 201,236,237) (S 202,237,238) (S 203,238,239) (S 1012,239,780) (S 204,239,240) (S 1011,239,779) (S 1017,779,426) (S 418,427,452) (D 0,0,0)
 0 1 56 8958 33069  20 (D 0,0,0) (S 734,388,652) (S 733,652,414) (S 732,651,414) (S 378,414,401) (S 367,401,402) (S 379,401,410) (S 376,410,411) (S 375,410,400) (S 374,409,400) (S 366,400,401) (S 365,400,399) (S 363,378,387) (S 471,398,499) (S 472,499,500) (S 473,500,89) (S 513,89,397) (S 512,397,529) (S 511,529,155) (D 0,0,0)
 0 1 57 8962 30093  22 (D 0,0,0) (S 519,445,534) (S 412,447,446) (S 359,395,396) (S 485,511,396) (S 360,396,397) (S 1185,529,614) (S 70,88,89) (S 514,89,530) (S 1050,530,390) (S 1049,390,652) (S 1048,652,399) (S 364,399,378) (S 362,387,398) (S 470,398,498) (S 469,498,428) (S 392,428,392) (S 356,392,393) (S 1005,777,393) (S 358,394,395) (S 869,717,427) (D 0,0,0)
 0 1 58 8997 40581  11 (D 0,0,0) (S 83,103,104) (S 148,108,46) (S 147,46,182) (S 1075,182,812) (S 61,76,77) (S 1182,76,812) (S 1181,812,45) (S 88,109,108) (S 1208,845,847) (D 0,0,0)
 0 1 59 8980 16383  28 (D 0,0,0) (S 500,520,351) (S 499,351,416) (S 382,416,417) (S 1002,417,740) (S 1003,740,735) (S 894,736,449) (S 895,449,170) (S 136,170,171) (S 137,171,172) (S 415,450,449) (S 414,449,312) (S 271,312,310) (S 270,310,311) (S 272,310,313) (S 902,739,450) (S 417,419,451) (S 309,352,351) (S 308,351,326) (S 284,326,325) (S 689,631,324) (S 859,324,433) (S 400,433,432) (S 1139,832,718) (S 1078,718,762) (S 1079,762,525) (S 503,523,522) (D 0,0,0)
 0 1 60 8972 22878  22 (D 0,0,0) (S 403,415,435) (S 404,435,436) (S 592,438,579) (S 960,758,759) (S 961,758,760) (S 959,758,635) (S 837,636,579) (S 838,579,701) (S 1036,701,790) (S 1042,790,660) (S 751,659,660) (S 1037,701,56) (S 1038,56,791) (S 44,56,55) (S 1102,794,819) (S 1043,794,55) (S 42,54,53) (S 41,53,52) (S 1081,705,434) (S 402,434,415) (D 0,0,0)
 0 1 61 8977 30463  19 (D 0,0,0) (S 316,359,360) (S 79,98,99) (S 640,99,600) (S 670,600,502) (S 475,502,503) (S 15,20,19) (S 993,768,19) (S 994,19,769) (S 552,340,473) (S 435,469,304) (S 265,304,305) (S 264,304,303) (S 1111,303,556) (S 1112,556,641) (S 794,682,683) (S 1119,825,667) (S 807,203,689) (D 0,0,0)
 0 1 62 7486 12542  19 (D 0,0,0) (S 771,180,268) (S 772,268,675) (S 773,675,7) (S 6,7,8) (S 740,8,555) (S 549,555,509) (S 845,509,654) (S 846,654,82) (S 64,82,81) (S 63,81,80) (S 614,80,532) (S 516,532,191) (S 1084,191,4) (S 886,728,727) (S 936,747,727) (S 1083,728,4) (S 3,4,3) (D 0,0,0)
 0 1 63 8854 23447  18 (D 0,0,0) (S 312,321,356) (S 281,321,322) (S 315,358,359) (S 580,573,359) (S 583,497,575) (S 727,575,101) (S 82,101,102) (S 81,101,100) (S 80,100,99) (S 639,99,460) (S 638,460,574) (S 637,574,601) (S 294,337,338) (S 1021,337,601) (S 1020,601,446) (S 660,448,534) (D 0,0,0)
 0 1 64 8898 32278  29 (D 0,0,0) (S 191,225,224) (S 528,538,295) (S 530,539,158) (S 879,540,470) (S 880,470,314) (S 881,314,724) (S 882,724,126) (S 883,126,725) (S 950,725,751) (S 941,750,751) (S 942,751,752) (S 949,725,756) (S 954,756,420) (S 386,420,161) (S 130,161,162) (S 1158,802,726) (S 1157,836,726) (S 885,726,421) (S 103,126,127) (S 104,127,128) (S 106,129,130) (S 107,130,131) (S 199,132,234) (S 716,642,234) (S 110,133,134) (S 992,134,38) (S 619,38,595) (D 0,0,0)
 0 1 65 8955 25301  12 (D 0,0,0) (S 94,116,117) (S 324,365,257) (S 218,257,256) (S 229,256,227) (S 194,227,228) (S 326,226,366) (S 325,366,257) (S 560,258,561) (S 561,561,214) (S 173,204,205) (D 0,0,0)
 0 1 66 8972 34582  23 (D 0,0,0) (S 1212,755,811) (S 1072,811,810) (S 1077,810,754) (S 1076,810,813) (S 1193,813,543) (S 535,543,544) (S 1201,846,544) (S 536,544,184) (S 150,184,183) (S 1206,849,183) (S 149,183,108) (S 87,108,107) (S 1204,106,47) (S 1190,48,105) (S 85,105,106) (S 86,106,107) (S 1200,107,845) (S 1207,183,845) (S 1202,847,544) (S 534,543,542) (S 212,248,249) (D 0,0,0)
 0 1 67 8948 36823  26 (D 0,0,0) (S 1195,113,805) (S 1196,805,800) (S 1059,800,187) (S 1149,801,124) (S 102,124,125) (S 1062,125,803) (S 973,763,764) (S 1174,764,834) (S 1146,833,834) (S 1147,834,765) (S 975,765,32) (S 25,32,33) (S 9,11,12) (S 159,188,189) (S 827,189,698) (S 826,189,10) (S 7,9,10) (S 8,10,11) (S 27,34,35) (S 28,35,36) (S 825,35,10) (S 824,35,120) (S 97,120,119) (S 96,119,118) (D 0,0,0)
 0 1 68 8757 32776  19 (D 0,0,0) (S 95,115,118) (S 1057,799,798) (S 99,122,121) (S 1145,121,33) (S 26,33,34) (S 831,34,120) (S 830,34,11) (S 829,11,188) (S 828,699,188) (S 158,188,12) (S 10,12,13) (S 157,12,32) (S 156,32,123) (S 100,123,122) (S 1144,121,799) (S 1056,799,118) (S 330,115,174) (D 0,0,0)
 0 1 69 8915 35718  15 (D 0,0,0) (S 91,113,112) (S 90,112,111) (S 1151,111,808) (S 1179,545,109) (S 1180,109,45) (S 34,44,45) (S 35,45,46) (S 36,46,47) (S 1205,47,848) (S 37,47,48) (S 943,49,103) (S 944,103,753) (S 945,753,541) (D 0,0,0)
 0 1 70 8953 20949  19 (D 0,0,0) (S 465,495,350) (S 134,167,166) (S 133,166,165) (S 132,164,165) (S 832,165,700) (S 450,481,482) (S 834,333,481) (S 835,481,700) (S 836,700,636) (S 706,636,58) (S 591,57,579) (S 839,701,702) (S 1040,793,785) (S 1023,785,784) (S 405,437,436) (S 906,435,328) (S 905,328,519) (D 0,0,0)
