1764629
70
1818799
1722005
 0 1 1 8405 11537  20 (D 0,0,0) (S 818,2,695) (S 1107,695,81) (S 64,81,82) (S 846,82,654) (S 745,262,655) (S 868,716,655) (S 746,655,656) (S 1098,656,818) (S 1097,656,670) (S 222,261,262) (S 744,262,654) (S 845,654,509) (S 484,509,510) (S 549,509,555) (S 548,555,190) (S 161,190,191) (S 1084,191,4) (S 3,4,3) (D 0,0,0)
 0 1 2 8816 17789  31 (D 0,0,0) (S 779,653,674) (S 144,180,179) (S 143,179,178) (S 142,178,177) (S 478,177,506) (S 783,506,346) (S 302,346,345) (S 492,345,379) (S 490,513,375) (S 489,375,512) (S 488,512,41) (S 31,41,40) (S 30,40,39) (S 1085,39,815) (S 669,616,39) (S 66,42,84) (S 934,657,43) (S 33,42,43) (S 1131,823,831) (S 1106,823,822) (S 1105,821,822) (S 1183,822,43) (S 933,43,745) (S 1096,745,670) (S 759,670,261) (S 221,261,260) (S 300,265,344) (S 479,507,177) (S 398,178,431) (D 0,0,0)
 0 1 3 8989 15821  30 (D 0,0,0) (S 778,677,653) (S 780,674,672) (S 765,672,16) (S 1141,526,761) (S 1142,761,316) (S 276,316,317) (S 411,318,445) (S 660,534,448) (S 659,448,612) (S 1008,612,774) (S 998,773,774) (S 999,774,775) (S 1000,774,611) (S 657,610,611) (S 1001,611,647) (S 730,647,648) (S 658,611,612) (S 519,534,445) (S 520,445,535) (S 521,535,527) (S 343,368,379) (S 344,379,380) (S 345,380,264) (S 224,264,265) (S 225,265,266) (S 227,267,268) (S 771,268,180) (S 770,180,674) (D 0,0,0)
 0 1 4 8545 13350  28 (D 0,0,0) (S 764,672,179) (S 763,179,267) (S 762,267,671) (S 299,343,265) (S 223,264,263) (S 338,263,86) (S 68,86,85) (S 67,85,42) (S 32,42,41) (S 866,715,371) (S 334,371,372) (S 867,372,715) (S 1092,817,715) (S 1093,715,512) (S 1094,512,85) (S 1095,85,745) (S 932,745,260) (S 931,260,343) (S 930,343,508) (S 761,671,6) (S 4,6,5) (S 483,5,509) (S 740,555,8) (S 6,7,8) (S 741,8,63) (S 742,63,653) (D 0,0,0)
 0 1 5 8942 29339  21 (D 0,0,0) (S 781,672,431) (S 303,346,347) (S 1140,347,526) (S 1010,779,778) (S 1009,238,778) (S 1016,778,781) (S 1013,425,781) (S 1014,781,237) (S 1015,237,782) (S 980,236,152) (S 122,152,153) (S 981,152,140) (S 114,140,141) (S 982,140,391) (S 983,391,385) (S 350,385,386) (S 393,386,428) (S 1006,498,393) (S 357,393,394) (D 0,0,0)
 0 1 6 8648 15324  22 (D 0,0,0) (S 500,520,351) (S 499,351,416) (S 381,416,327) (S 286,327,328) (S 287,328,329) (S 289,330,331) (S 593,580,438) (S 592,438,579) (S 838,579,701) (S 839,701,702) (S 1034,702,166) (S 134,166,167) (S 844,705,167) (S 633,167,62) (S 49,61,62) (S 634,62,169) (S 135,168,169) (S 305,169,349) (S 307,350,326) (S 308,326,351) (D 0,0,0)
 0 1 7 8932 17850  13 (D 0,0,0) (S 692,195,590) (S 691,590,207) (S 177,207,208) (S 1121,208,588) (S 609,588,559) (S 608,559,587) (S 607,586,587) (S 976,587,300) (S 267,300,306) (S 266,306,151) (S 516,532,191) (D 0,0,0)
 0 1 8 8986 41124  10 (D 0,0,0) (S 1046,429,766) (S 147,182,46) (S 35,46,45) (S 1181,45,812) (S 61,76,77) (S 1182,76,812) (S 1075,812,182) (S 1073,806,767) (D 0,0,0)
 0 1 9 8986 16387  21 (D 0,0,0) (S 163,192,193) (S 165,194,195) (S 693,195,622) (S 682,622,623) (S 683,623,624) (S 684,624,625) (S 1130,624,830) (S 1129,624,829) (S 1128,829,71) (S 58,71,72) (S 57,71,70) (S 56,70,69) (S 697,69,405) (S 370,405,404) (S 598,404,582) (S 922,582,313) (S 923,313,736) (S 924,736,739) (S 382,417,416) (D 0,0,0)
 0 1 10 8066 14785  18 (D 0,0,0) (S 162,191,192) (S 166,195,196) (S 776,196,589) (S 775,196,623) (S 774,623,505) (S 476,505,504) (S 601,504,583) (S 600,583,68) (S 54,68,67) (S 896,67,170) (S 895,170,449) (S 414,449,312) (S 271,312,310) (S 270,310,311) (S 272,310,313) (S 903,739,740) (D 0,0,0)
 0 1 11 8917 16276  13 (D 0,0,0) (S 497,519,518) (S 496,518,517) (S 494,516,515) (S 493,515,514) (S 833,514,333) (S 291,333,332) (S 594,332,580) (S 1035,580,331) (S 290,331,332) (S 595,332,516) (S 596,516,581) (D 0,0,0)
 0 1 12 8929 26600  19 (D 0,0,0) (S 615,591,592) (S 851,592,94) (S 74,94,93) (S 940,637,749) (S 712,638,200) (S 169,200,199) (S 798,476,685) (S 797,476,143) (S 115,143,142) (S 440,142,476) (S 441,476,79) (S 62,78,79) (S 442,79,199) (S 443,199,477) (S 445,92,478) (S 447,479,480) (S 704,635,439) (D 0,0,0)
 0 1 13 8844 20096  22 (D 0,0,0) (S 498,416,519) (S 642,517,602) (S 641,602,603) (S 724,603,604) (S 723,645,604) (S 686,605,628) (S 644,605,604) (S 643,604,602) (S 495,517,516) (S 701,515,634) (S 700,634,627) (S 699,627,633) (S 920,744,633) (S 698,633,405) (S 371,405,406) (S 1033,406,70) (S 696,69,632) (S 695,632,505) (S 694,505,622) (S 681,622,584) (D 0,0,0)
 0 1 14 8635 34849  21 (D 0,0,0) (S 819,695,696) (S 95,115,118) (S 1056,118,799) (S 1057,799,798) (S 1054,798,122) (S 99,121,122) (S 100,122,123) (S 1149,124,801) (S 102,124,125) (S 1062,125,803) (S 1175,125,764) (S 1174,764,834) (S 1146,833,834) (S 1147,834,765) (S 975,765,32) (S 158,12,188) (S 828,699,188) (S 1145,33,121) (S 1144,121,799) (D 0,0,0)
 0 1 15 7843 16544  12 (D 0,0,0) (S 1099,3,732) (S 889,732,731) (S 926,731,28) (S 1018,26,783) (S 21,26,27) (S 972,27,686) (S 753,663,664) (S 799,663,686) (S 22,27,28) (S 2,3,2) (D 0,0,0)
 0 1 16 8977 18093  24 (D 0,0,0) (S 773,675,7) (S 5,7,6) (S 482,5,508) (S 298,343,342) (S 297,341,342) (S 760,342,261) (S 747,656,657) (S 935,657,746) (S 748,657,84) (S 65,83,84) (S 749,84,373) (S 337,373,374) (S 750,373,658) (S 336,373,40) (S 335,40,372) (S 333,371,370) (S 758,370,669) (S 340,370,375) (S 339,375,86) (S 871,86,380) (S 872,380,344) (S 226,266,267) (D 0,0,0)
 0 1 17 8925 15608  23 (D 0,0,0) (S 817,0,2) (S 886,728,727) (S 936,747,727) (S 1083,728,4) (S 1091,4,734) (S 1089,733,816) (S 1088,816,65) (S 52,65,66) (S 53,66,67) (S 897,67,737) (S 898,737,738) (S 899,738,66) (S 900,66,171) (S 137,171,172) (S 901,171,450) (S 902,450,739) (S 925,739,418) (S 1086,451,352) (S 309,352,351) (S 792,521,677) (S 1,0,1) (D 0,0,0)
 0 1 18 8683 14249  16 (D 0,0,0) (S 547,81,190) (S 160,190,82) (S 63,81,80) (S 614,80,532) (S 518,150,533) (S 121,150,151) (S 175,151,206) (S 605,206,585) (S 603,194,584) (S 680,584,353) (S 310,353,354) (S 311,354,355) (S 425,355,192) (S 1100,191,3) (D 0,0,0)
 0 1 19 8928 22002  17 (D 0,0,0) (S 1002,417,740) (S 1003,740,735) (S 1004,735,776) (S 597,581,582) (S 921,582,633) (S 372,406,407) (S 1126,828,407) (S 373,407,408) (S 1127,407,71) (S 1162,838,829) (S 1163,829,632) (S 602,504,584) (S 679,353,459) (S 677,620,621) (S 891,621,734) (D 0,0,0)
 0 1 20 8722 14993  12 (D 0,0,0) (S 1123,205,557) (S 554,557,306) (S 555,306,558) (S 556,558,209) (S 178,208,209) (S 557,209,559) (S 610,588,589) (S 611,589,590) (S 612,590,585) (S 613,585,532) (D 0,0,0)
 0 1 21 8907 21374  19 (D 0,0,0) (S 856,329,436) (S 406,437,438) (S 960,758,759) (S 961,758,760) (S 959,758,635) (S 705,635,636) (S 706,636,58) (S 46,58,57) (S 45,57,56) (S 1038,56,791) (S 44,56,55) (S 1043,55,794) (S 1102,794,819) (S 1101,794,51) (S 40,51,52) (S 41,52,53) (S 42,53,54) (D 0,0,0)
 0 1 22 8811 19235  18 (D 0,0,0) (S 1081,434,705) (S 843,705,607) (S 651,607,52) (S 650,52,453) (S 419,453,454) (S 420,454,455) (S 421,455,456) (S 47,58,59) (S 450,481,482) (S 835,481,700) (S 832,700,165) (S 132,164,165) (S 133,165,166) (S 840,702,703) (S 841,703,704) (S 907,704,435) (D 0,0,0)
 0 1 23 8689 18902  17 (D 0,0,0) (S 1090,734,733) (S 890,733,621) (S 678,621,459) (S 423,458,459) (S 424,459,355) (S 321,354,193) (S 164,193,194) (S 604,194,585) (S 176,206,207) (S 1122,208,826) (S 1132,826,558) (S 262,300,301) (S 1125,301,827) (S 1124,301,557) (S 174,205,151) (D 0,0,0)
 0 1 24 8981 28320  19 (D 0,0,0) (S 834,333,481) (S 449,481,59) (S 48,59,60) (S 448,59,480) (S 995,480,770) (S 73,92,93) (S 710,93,637) (S 1161,837,639) (S 713,639,200) (S 170,200,201) (S 119,147,148) (S 120,148,149) (S 118,147,146) (S 847,706,146) (S 850,707,94) (S 75,94,95) (S 911,95,591) (D 0,0,0)
 0 1 25 8949 20454  24 (D 0,0,0) (S 690,521,324) (S 283,324,325) (S 284,325,326) (S 285,326,327) (S 403,415,435) (S 908,704,53) (S 909,53,454) (S 910,454,591) (S 912,95,741) (S 913,741,202) (S 117,145,146) (S 848,146,201) (S 964,707,741) (S 963,741,606) (S 646,606,96) (S 76,95,96) (S 916,97,690) (S 810,690,691) (S 811,691,471) (S 437,471,472) (S 649,571,453) (S 842,607,704) (D 0,0,0)
 0 1 26 8920 19482  18 (D 0,0,0) (S 1082,788,814) (S 1134,814,357) (S 1133,357,335) (S 292,335,334) (S 812,334,471) (S 917,691,360) (S 426,361,460) (S 427,460,461) (S 468,461,497) (S 582,497,574) (S 637,574,601) (S 294,337,338) (S 1021,337,601) (S 1020,601,446) (S 278,319,318) (S 1156,317,835) (D 0,0,0)
 0 1 27 8877 19450  18 (D 0,0,0) (S 1152,522,708) (S 1153,708,719) (S 1137,432,443) (S 661,319,534) (S 1007,612,647) (S 729,647,646) (S 728,646,575) (S 727,575,101) (S 82,101,102) (S 474,501,502) (S 640,600,99) (S 638,460,574) (S 315,359,358) (S 1032,788,789) (S 1031,788,495) (S 1030,495,325) (D 0,0,0)
 0 1 28 8935 17623  23 (D 0,0,0) (S 1044,776,581) (S 1045,581,626) (S 685,626,627) (S 687,627,629) (S 688,629,630) (S 951,629,634) (S 702,515,422) (S 388,422,423) (S 703,422,439) (S 407,439,438) (S 927,437,330) (S 288,330,329) (S 857,329,518) (S 892,518,735) (S 893,735,736) (S 894,736,449) (S 415,449,450) (S 384,419,418) (S 383,418,417) (S 501,520,521) (S 502,521,522) (D 0,0,0)
 0 1 29 8991 21306  20 (D 0,0,0) (S 1154,719,832) (S 410,443,444) (S 579,573,572) (S 865,572,714) (S 578,572,571) (S 648,571,472) (S 647,472,96) (S 77,96,97) (S 78,97,98) (S 79,98,99) (S 80,99,100) (S 467,100,461) (S 81,100,101) (S 793,646,447) (S 413,447,448) (S 507,527,526) (S 505,525,524) (S 766,524,16) (D 0,0,0)
 0 1 30 8974 25907  22 (D 0,0,0) (S 769,674,17) (S 13,17,16) (S 11,15,14) (S 506,525,526) (S 738,137,290) (S 249,154,291) (S 250,291,242) (S 320,242,363) (S 664,363,156) (S 124,156,155) (S 511,155,529) (S 513,397,89) (S 70,89,88) (S 666,88,614) (S 665,614,156) (S 125,156,157) (S 510,155,291) (S 412,446,447) (S 277,318,317) (S 1155,317,832) (D 0,0,0)
 0 1 31 8863 26769  16 (D 0,0,0) (S 390,426,425) (S 389,425,424) (S 978,424,722) (S 876,721,722) (S 979,424,236) (S 201,236,237) (S 202,237,238) (S 203,238,239) (S 1012,239,780) (S 204,239,240) (S 1011,239,779) (S 1017,779,426) (S 391,426,427) (S 971,673,708) (D 0,0,0)
 0 1 32 8940 17774  23 (D 0,0,0) (S 870,719,718) (S 1139,718,832) (S 662,443,319) (S 280,320,321) (S 312,321,356) (S 281,321,322) (S 580,359,573) (S 862,573,554) (S 860,709,139) (S 113,138,139) (S 861,139,554) (S 546,554,358) (S 314,358,322) (S 313,322,357) (S 1135,814,494) (S 1136,494,443) (S 1078,718,762) (S 970,762,673) (S 767,673,524) (S 504,524,523) (S 503,523,522) (D 0,0,0)
 0 1 33 7446 11772  16 (D 0,0,0) (S 858,708,433) (S 859,433,324) (S 689,631,324) (S 400,433,432) (S 279,319,320) (S 463,320,494) (S 464,494,495) (S 465,495,350) (S 306,350,349) (S 401,349,434) (S 402,434,415) (S 380,415,327) (S 1029,325,520) (S 816,677,0) (D 0,0,0)
 0 1 34 8390 20993  20 (D 0,0,0) (S 1024,437,784) (S 731,649,650) (S 1022,649,784) (S 1040,785,793) (S 1039,792,793) (S 1041,793,660) (S 751,659,660) (S 1037,701,56) (S 43,55,54) (S 853,54,455) (S 616,592,593) (S 852,592,455) (S 854,54,703) (S 855,703,436) (S 404,436,435) (S 906,435,328) (S 905,328,519) (S 904,519,740) (D 0,0,0)
 0 1 35 8942 30544  21 (D 0,0,0) (S 329,293,174) (S 330,174,115) (S 948,115,755) (S 1212,755,811) (S 1072,811,810) (S 1193,813,543) (S 1192,543,843) (S 1209,843,847) (S 86,106,107) (S 1200,107,845) (S 149,183,108) (S 87,108,107) (S 85,106,105) (S 1191,105,843) (S 1210,843,841) (S 1211,841,753) (S 569,565,225) (S 570,225,566) (S 589,567,578) (D 0,0,0)
 0 1 36 8697 29372  16 (D 0,0,0) (S 558,560,294) (S 253,294,295) (S 254,295,296) (S 624,297,463) (S 623,463,217) (S 184,217,218) (S 256,218,276) (S 257,276,135) (S 618,135,38) (S 187,220,221) (S 989,221,381) (S 584,382,576) (S 585,576,286) (S 322,364,29) (D 0,0,0)
 0 1 37 8890 30539  27 (D 0,0,0) (S 192,226,225) (S 126,158,159) (S 127,159,160) (S 957,160,757) (S 952,757,127) (S 103,127,126) (S 882,126,724) (S 273,314,159) (S 274,159,315) (S 939,315,748) (S 938,748,129) (S 937,129,244) (S 207,244,130) (S 575,569,131) (S 576,131,564) (S 577,564,570) (S 563,564,275) (S 454,486,274) (S 235,274,275) (S 564,275,486) (S 566,211,219) (S 567,219,462) (S 429,462,463) (S 525,537,248) (S 212,248,249) (D 0,0,0)
 0 1 38 8959 34651  26 (D 0,0,0) (S 109,133,132) (S 200,132,235) (S 106,130,129) (S 105,129,128) (S 129,128,161) (S 130,161,162) (S 131,162,163) (S 1051,162,795) (S 1103,820,796) (S 1104,796,243) (S 385,243,161) (S 386,161,420) (S 387,420,421) (S 884,421,725) (S 942,751,752) (S 941,750,751) (S 950,751,725) (S 949,756,725) (S 883,725,126) (S 958,757,724) (S 881,724,314) (S 880,314,470) (S 879,470,540) (S 139,173,174) (D 0,0,0)
 0 1 39 8787 30264  24 (D 0,0,0) (S 1055,596,173) (S 138,173,158) (S 436,470,213) (S 181,213,212) (S 180,212,211) (S 179,210,211) (S 565,211,486) (S 455,486,487) (S 236,275,276) (S 237,276,277) (S 622,277,217) (S 232,216,271) (S 231,270,216) (S 183,216,217) (S 238,277,278) (S 246,288,278) (S 247,278,289) (S 621,277,570) (S 620,570,595) (S 189,222,223) (S 211,247,248) (S 524,248,536) (D 0,0,0)
 0 1 40 8741 26161  19 (D 0,0,0) (S 655,561,609) (S 23,29,30) (S 349,30,384) (S 24,30,31) (S 348,30,383) (S 544,553,383) (S 245,287,286) (S 244,286,285) (S 243,284,285) (S 822,285,681) (S 821,681,381) (S 820,697,381) (S 346,381,382) (S 347,382,383) (S 545,383,287) (S 652,287,29) (S 653,29,608) (D 0,0,0)
 0 1 41 8905 21958  9 (D 0,0,0) (S 1108,695,205) (S 560,561,258) (S 559,258,294) (S 328,293,367) (S 327,367,226) (S 229,227,256) (S 218,256,257) (D 0,0,0)
 0 1 42 8900 27183  8 (D 0,0,0) (S 251,293,292) (S 630,292,269) (S 230,269,227) (S 194,227,228) (S 193,227,226) (S 182,214,215) (D 0,0,0)
 0 1 43 8027 12470  28 (D 0,0,0) (S 777,676,677) (S 743,653,522) (S 768,523,17) (S 12,16,15) (S 399,15,431) (S 782,431,506) (S 477,506,14) (S 1080,14,525) (S 1079,525,762) (S 969,762,761) (S 968,761,535) (S 522,527,368) (S 331,368,369) (S 332,369,370) (S 606,369,513) (S 491,513,379) (S 301,345,344) (S 873,344,507) (S 480,507,266) (S 481,266,508) (S 929,508,671) (S 928,671,675) (S 772,675,268) (S 228,268,63) (S 50,63,64) (S 1028,64,520) (D 0,0,0)
 0 1 44 8963 35232  26 (D 0,0,0) (S 96,118,119) (S 97,119,120) (S 831,120,34) (S 830,34,11) (S 8,11,10) (S 7,9,10) (S 826,10,189) (S 827,189,698) (S 159,189,188) (S 829,188,11) (S 9,11,12) (S 10,12,13) (S 157,12,32) (S 25,32,33) (S 26,33,34) (S 27,34,35) (S 825,35,10) (S 28,35,36) (S 824,35,120) (S 98,119,121) (S 1143,799,804) (S 1063,804,797) (S 1195,805,113) (S 92,113,114) (D 0,0,0)
 0 1 45 8976 32321  14 (D 0,0,0) (S 1069,114,185) (S 151,185,184) (S 537,184,545) (S 1178,545,809) (S 1177,809,110) (S 1176,125,110) (S 89,110,111) (S 1151,111,808) (S 1070,808,185) (S 152,185,112) (S 91,112,113) (S 93,114,115) (D 0,0,0)
 0 1 46 8992 35032  22 (D 0,0,0) (S 1196,805,800) (S 156,123,32) (S 973,763,764) (S 974,764,765) (S 1148,765,124) (S 101,124,123) (S 155,123,187) (S 154,187,186) (S 153,186,112) (S 90,112,111) (S 1150,111,801) (S 1060,801,187) (S 1059,187,800) (S 1058,800,798) (S 1053,798,797) (S 1064,797,805) (S 1065,805,186) (S 1194,113,813) (S 1076,813,810) (S 1077,810,754) (D 0,0,0)
 0 1 47 8968 33341  23 (D 0,0,0) (S 199,132,234) (S 716,642,234) (S 197,232,233) (S 542,233,549) (S 540,549,550) (S 541,551,549) (S 198,233,234) (S 108,132,131) (S 107,131,130) (S 208,130,245) (S 209,245,246) (S 453,246,274) (S 186,212,219) (S 185,219,218) (S 255,218,296) (S 258,296,297) (S 259,297,298) (S 625,297,538) (S 720,537,548) (S 539,548,547) (S 1184,578,609) (D 0,0,0)
 0 1 48 8995 39878  16 (D 0,0,0) (S 787,595,133) (S 214,251,231) (S 543,552,299) (S 260,299,229) (S 261,229,254) (S 217,254,255) (S 195,229,230) (S 233,272,230) (S 234,230,273) (S 196,230,231) (S 215,231,252) (S 1160,252,679) (S 785,679,680) (S 1198,842,844) (D 0,0,0)
 0 1 49 8992 34359  19 (D 0,0,0) (S 430,464,465) (S 813,692,466) (S 814,466,693) (S 815,693,694) (S 1114,693,683) (S 794,682,683) (S 714,640,641) (S 715,641,468) (S 434,468,469) (S 550,469,556) (S 1112,556,641) (S 1113,641,683) (S 795,683,467) (S 1115,693,662) (S 1116,662,665) (S 1172,441,825) (S 803,688,485) (D 0,0,0)
 0 1 50 8980 30621  9 (D 0,0,0) (S 252,294,293) (S 140,174,175) (S 141,175,176) (S 1068,175,807) (S 1067,175,348) (S 304,348,292) (S 629,269,367) (D 0,0,0)
 0 1 51 8991 32893  23 (D 0,0,0) (S 526,537,224) (S 529,295,539) (S 530,539,158) (S 533,541,542) (S 534,542,543) (S 535,543,544) (S 1201,846,544) (S 1208,847,845) (S 1207,845,183) (S 1206,849,183) (S 150,183,184) (S 536,184,544) (S 1202,544,847) (S 1203,847,106) (S 1204,106,47) (S 1190,48,105) (S 84,105,104) (S 1186,104,841) (S 1187,841,542) (S 946,541,754) (S 947,754,755) (D 0,0,0)
 0 1 52 8942 24892  18 (D 0,0,0) (S 553,557,215) (S 220,258,259) (S 219,258,257) (S 325,257,366) (S 590,366,578) (S 574,567,568) (S 588,567,577) (S 587,577,364) (S 586,364,286) (S 823,285,536) (S 523,536,364) (S 1170,577,608) (S 654,608,609) (S 656,561,365) (S 323,365,117) (S 94,117,116) (D 0,0,0)
 0 1 53 8662 26696  21 (D 0,0,0) (S 517,532,150) (S 977,300,116) (S 324,365,257) (S 326,366,226) (S 628,367,565) (S 627,565,596) (S 626,596,538) (S 190,224,223) (S 717,643,223) (S 718,223,247) (S 719,247,537) (S 721,548,566) (S 722,566,644) (S 571,566,547) (S 538,546,547) (S 572,547,249) (S 213,249,250) (S 561,561,214) (S 173,204,205) (D 0,0,0)
 0 1 54 8916 28429  13 (D 0,0,0) (S 418,452,427) (S 869,717,427) (S 739,427,137) (S 112,136,137) (S 509,291,241) (S 508,241,528) (S 784,528,678) (S 205,241,242) (S 645,363,155) (S 123,155,154) (S 248,154,290) (D 0,0,0)
 0 1 55 8980 33814  19 (D 0,0,0) (S 361,394,398) (S 351,387,386) (S 394,386,377) (S 395,377,429) (S 377,412,413) (S 397,412,430) (S 396,412,429) (S 1047,429,399) (S 374,409,400) (S 375,400,410) (S 376,410,411) (S 379,410,401) (S 364,399,378) (S 363,378,387) (S 362,387,398) (S 471,398,499) (S 736,499,395) (D 0,0,0)
 0 1 56 8975 31771  21 (D 0,0,0) (S 353,388,389) (S 734,388,652) (S 733,652,414) (S 732,651,414) (S 378,414,401) (S 367,401,402) (S 366,401,400) (S 365,400,399) (S 1048,399,652) (S 735,388,499) (S 472,499,500) (S 473,500,89) (S 514,89,530) (S 1050,530,390) (S 354,390,389) (S 487,389,500) (S 486,500,396) (S 485,511,396) (S 359,396,395) (D 0,0,0)
 0 1 57 8749 33178  20 (D 0,0,0) (S 1138,832,432) (S 342,378,377) (S 341,377,376) (S 984,385,376) (S 985,376,766) (S 986,766,73) (S 1066,74,806) (S 1074,806,182) (S 146,182,75) (S 145,181,75) (S 60,75,74) (S 59,74,73) (S 987,73,767) (S 988,767,49) (S 39,49,50) (S 944,103,753) (S 532,541,540) (S 531,540,158) (D 0,0,0)
 0 1 58 8856 37454  15 (D 0,0,0) (S 1071,808,809) (S 1179,545,109) (S 34,44,45) (S 1180,45,109) (S 88,109,108) (S 148,108,46) (S 36,46,47) (S 1205,47,848) (S 37,47,48) (S 38,48,49) (S 943,49,103) (S 83,103,104) (S 945,753,541) (D 0,0,0)
 0 1 59 8594 29158  22 (D 0,0,0) (S 791,287,576) (S 788,222,595) (S 619,595,38) (S 110,134,133) (S 786,133,680) (S 1189,680,842) (S 1188,842,615) (S 668,615,597) (S 631,597,530) (S 515,530,531) (S 1049,390,652) (S 352,388,387) (S 470,398,498) (S 469,498,428) (S 392,428,392) (S 355,391,392) (S 356,392,393) (S 1005,777,393) (S 358,394,395) (S 1019,452,446) (D 0,0,0)
 0 1 60 8908 28663  20 (D 0,0,0) (S 790,576,681) (S 789,681,222) (S 188,222,221) (S 990,221,712) (S 864,712,713) (S 991,712,38) (S 29,37,38) (S 992,38,134) (S 111,134,135) (S 1199,135,844) (S 1197,844,615) (S 632,597,598) (S 667,597,88) (S 69,87,88) (S 1185,614,529) (S 512,529,397) (S 360,397,396) (S 737,395,290) (D 0,0,0)
 0 1 61 8921 25161  20 (D 0,0,0) (S 316,359,360) (S 317,360,361) (S 318,361,98) (S 319,98,362) (S 635,362,599) (S 808,599,689) (S 962,689,606) (S 806,203,503) (S 805,503,20) (S 804,20,485) (S 462,493,490) (S 461,492,490) (S 458,490,484) (S 16,21,20) (S 475,503,502) (S 639,99,460) (S 581,574,359) (S 282,322,323) (D 0,0,0)
 0 1 62 8878 26070  17 (D 0,0,0) (S 807,689,203) (S 172,203,202) (S 915,145,742) (S 116,145,144) (S 293,336,144) (S 914,145,202) (S 171,202,201) (S 849,201,707) (S 965,707,638) (S 711,638,637) (S 709,93,562) (S 562,562,563) (S 708,562,456) (S 422,456,457) (S 707,456,58) (D 0,0,0)
 0 1 63 8869 29557  28 (D 0,0,0) (S 837,579,636) (S 836,636,700) (S 997,479,772) (S 446,479,478) (S 996,478,771) (S 72,92,91) (S 71,90,91) (S 874,91,282) (S 242,282,283) (S 875,282,720) (S 241,282,281) (S 240,281,280) (S 878,280,723) (S 239,279,280) (S 877,280,198) (S 167,197,198) (S 168,198,199) (S 919,281,743) (S 918,281,477) (S 444,477,92) (S 591,57,579) (S 1036,701,790) (S 1042,790,660) (S 1023,785,784) (S 1025,784,786) (S 405,437,436) (D 0,0,0)
 0 1 64 8970 39366  15 (D 0,0,0) (S 994,19,769) (S 552,340,473) (S 551,473,469) (S 435,469,304) (S 265,304,305) (S 264,304,303) (S 263,302,303) (S 1109,824,308) (S 268,307,308) (S 269,308,309) (S 1110,308,303) (S 1111,303,556) (S 752,661,662) (D 0,0,0)
 0 1 65 8988 33838  15 (D 0,0,0) (S 672,22,483) (S 673,483,492) (S 460,491,492) (S 674,492,617) (S 888,617,730) (S 675,617,618) (S 676,618,619) (S 966,618,488) (S 863,710,711) (S 967,710,488) (S 456,488,489) (S 457,489,490) (S 452,484,485) (D 0,0,0)
 0 1 66 8970 34416  19 (D 0,0,0) (S 1120,688,667) (S 1119,667,825) (S 1173,825,464) (S 1118,825,440) (S 617,594,440) (S 755,665,666) (S 754,465,665) (S 1117,665,440) (S 408,440,441) (S 1171,840,441) (S 409,441,442) (S 757,442,668) (S 756,442,667) (S 802,688,493) (S 801,493,496) (S 800,687,496) (S 466,496,489) (D 0,0,0)
 0 1 67 8939 34184  14 (D 0,0,0) (S 15,20,19) (S 993,768,19) (S 14,19,18) (S 296,18,340) (S 295,339,340) (S 1169,474,839) (S 439,474,475) (S 438,474,473) (S 433,468,467) (S 796,467,684) (S 432,467,466) (S 431,466,465) (D 0,0,0)
 0 1 68 8988 25140  16 (D 0,0,0) (S 583,497,575) (S 726,101,501) (S 725,501,24) (S 20,24,25) (S 19,24,23) (S 887,23,729) (S 18,23,22) (S 451,483,484) (S 459,484,21) (S 17,21,22) (S 671,22,502) (S 670,502,600) (S 636,600,362) (S 809,599,690) (D 0,0,0)
 0 1 69 8983 31242  24 (D 0,0,0) (S 573,567,249) (S 191,225,224) (S 527,224,538) (S 528,538,295) (S 568,539,462) (S 428,462,213) (S 210,213,246) (S 275,315,246) (S 955,245,748) (S 956,748,160) (S 128,160,128) (S 104,128,127) (S 953,127,756) (S 954,756,420) (S 885,421,726) (S 1157,836,726) (S 1158,726,802) (S 1159,802,252) (S 216,252,253) (S 1061,802,795) (S 1052,795,796) (S 206,243,244) (D 0,0,0)
 0 1 70 8593 12804  19 (D 0,0,0) (S 1026,3,787) (S 1167,787,816) (S 1166,816,738) (S 1165,737,583) (S 1164,583,632) (S 55,69,68) (S 599,68,404) (S 369,404,403) (S 663,403,613) (S 368,403,170) (S 136,170,171) (S 416,450,419) (S 417,419,451) (S 1087,451,65) (S 51,65,64) (S 1027,64,787) (S 1168,787,63) (D 0,0,0)
