1761279
70
1819240
1459781
 0 1 1 8521 14447  15 (D 0,0,0) (S 266,151,306) (S 554,557,306) (S 555,306,558) (S 556,558,209) (S 178,209,208) (S 177,208,207) (S 176,207,206) (S 175,206,151) (S 174,151,205) (S 173,204,205) (S 1108,205,695) (S 819,695,696) (S 817,2,0) (D 0,0,0)
 0 1 2 8948 19323  31 (D 0,0,0) (S 792,677,521) (S 404,435,436) (S 405,436,437) (S 1024,437,784) (S 1022,784,649) (S 731,649,650) (S 1025,784,786) (S 1023,784,785) (S 1040,785,793) (S 1039,792,793) (S 1041,793,660) (S 751,659,660) (S 1042,660,790) (S 1036,790,701) (S 1037,701,56) (S 1038,56,791) (S 838,701,579) (S 591,579,57) (S 46,57,58) (S 706,58,636) (S 705,636,635) (S 959,635,758) (S 960,758,759) (S 961,758,760) (S 704,635,439) (S 703,439,422) (S 702,422,515) (S 499,416,351) (S 500,351,520) (D 0,0,0)
 0 1 3 8963 18742  19 (D 0,0,0) (S 309,351,352) (S 1086,352,451) (S 136,171,170) (S 368,170,403) (S 663,403,613) (S 369,403,404) (S 370,404,405) (S 371,405,406) (S 372,406,407) (S 1126,828,407) (S 373,407,408) (S 1127,407,71) (S 1163,829,632) (S 694,505,622) (S 693,622,195) (S 321,193,354) (S 424,355,459) (D 0,0,0)
 0 1 4 7907 21531  14 (D 0,0,0) (S 683,623,624) (S 1130,624,830) (S 684,624,625) (S 1129,624,829) (S 1162,838,829) (S 1128,829,71) (S 58,71,72) (S 57,71,70) (S 1033,70,406) (S 56,70,69) (S 696,69,632) (S 774,505,623) (D 0,0,0)
 0 1 5 8905 19694  26 (D 0,0,0) (S 898,738,737) (S 55,68,69) (S 697,69,405) (S 698,405,633) (S 700,627,634) (S 701,634,515) (S 407,439,438) (S 406,438,437) (S 927,437,330) (S 289,330,331) (S 290,331,332) (S 595,332,516) (S 642,517,602) (S 641,602,603) (S 724,603,604) (S 686,605,628) (S 644,605,604) (S 723,645,604) (S 643,604,602) (S 892,518,735) (S 893,735,736) (S 894,736,449) (S 415,449,450) (S 902,450,739) (D 0,0,0)
 0 1 6 8853 17508  18 (D 0,0,0) (S 1003,740,735) (S 1004,735,776) (S 1044,776,581) (S 597,581,582) (S 921,582,633) (S 920,744,633) (S 699,633,627) (S 951,634,629) (S 688,629,630) (S 687,629,627) (S 685,627,626) (S 1045,626,581) (S 596,581,516) (S 495,516,517) (S 496,517,518) (S 498,519,416) (D 0,0,0)
 0 1 7 8325 21619  20 (D 0,0,0) (S 501,521,520) (S 308,351,326) (S 840,703,702) (S 839,701,702) (S 1034,702,166) (S 133,166,165) (S 132,164,165) (S 832,165,700) (S 835,700,481) (S 834,333,481) (S 450,481,482) (S 449,481,59) (S 48,59,60) (S 47,59,58) (S 45,57,56) (S 44,56,55) (S 841,703,704) (S 403,435,415) (D 0,0,0)
 0 1 8 8828 24591  24 (D 0,0,0) (S 381,416,327) (S 908,704,53) (S 909,53,454) (S 910,454,591) (S 911,591,95) (S 75,95,94) (S 850,94,707) (S 848,201,146) (S 847,706,146) (S 120,148,149) (S 119,148,147) (S 118,147,146) (S 117,146,145) (S 915,145,742) (S 116,145,144) (S 293,336,144) (S 914,145,202) (S 913,202,741) (S 76,95,96) (S 77,96,97) (S 649,571,453) (S 844,705,167) (D 0,0,0)
 0 1 9 8784 24809  18 (D 0,0,0) (S 777,676,677) (S 593,580,438) (S 592,438,579) (S 837,579,636) (S 836,636,700) (S 448,59,480) (S 995,480,770) (S 447,480,479) (S 997,479,772) (S 446,479,478) (S 996,478,771) (S 445,478,92) (S 73,92,93) (S 422,456,457) (S 707,456,58) (S 388,422,423) (D 0,0,0)
 0 1 10 8980 18723  17 (D 0,0,0) (S 1031,495,788) (S 1082,788,814) (S 292,335,334) (S 812,334,471) (S 916,690,97) (S 78,97,98) (S 319,98,362) (S 635,362,599) (S 809,599,690) (S 810,690,691) (S 917,691,360) (S 316,360,359) (S 312,321,356) (S 280,321,320) (S 279,320,319) (D 0,0,0)
 0 1 11 8844 20498  14 (D 0,0,0) (S 906,328,435) (S 842,704,607) (S 650,52,453) (S 419,453,454) (S 420,454,455) (S 852,455,592) (S 616,592,593) (S 851,592,94) (S 74,94,93) (S 709,93,562) (S 421,456,455) (S 853,455,54) (D 0,0,0)
 0 1 12 8949 22236  20 (D 0,0,0) (S 1153,708,719) (S 870,719,718) (S 1135,494,814) (S 313,357,322) (S 282,322,323) (S 546,358,554) (S 861,554,139) (S 113,138,139) (S 860,709,139) (S 862,554,573) (S 580,573,359) (S 317,360,361) (S 426,361,460) (S 639,460,99) (S 80,99,100) (S 427,461,460) (S 638,460,574) (S 502,521,522) (D 0,0,0)
 0 1 13 8998 16354  23 (D 0,0,0) (S 778,677,653) (S 1154,719,832) (S 1138,832,432) (S 464,494,495) (S 465,495,350) (S 305,349,169) (S 135,168,169) (S 634,169,62) (S 49,61,62) (S 633,62,167) (S 134,167,166) (S 854,703,54) (S 42,54,53) (S 41,53,52) (S 401,434,349) (S 306,349,350) (S 307,350,326) (S 284,326,325) (S 283,325,324) (S 858,433,708) (S 1152,708,522) (D 0,0,0)
 0 1 14 8868 19915  18 (D 0,0,0) (S 766,16,524) (S 1141,526,761) (S 968,761,535) (S 520,535,445) (S 659,448,612) (S 1001,611,647) (S 728,646,575) (S 727,575,101) (S 82,101,102) (S 81,101,100) (S 467,100,461) (S 468,461,497) (S 637,574,601) (S 294,337,338) (S 1021,337,601) (S 1020,601,446) (D 0,0,0)
 0 1 15 8800 16552  26 (D 0,0,0) (S 1030,325,495) (S 1136,494,443) (S 1008,612,774) (S 999,774,775) (S 998,773,774) (S 1000,774,611) (S 657,610,611) (S 658,611,612) (S 1007,612,647) (S 730,647,648) (S 729,647,646) (S 793,646,447) (S 413,447,448) (S 519,534,445) (S 411,445,318) (S 277,318,317) (S 1156,317,835) (S 276,317,316) (S 1142,316,761) (S 969,761,762) (S 970,762,673) (S 767,673,524) (S 13,16,17) (S 769,17,674) (D 0,0,0)
 0 1 16 8190 13963  22 (D 0,0,0) (S 383,417,418) (S 384,418,419) (S 416,419,450) (S 901,450,171) (S 137,171,172) (S 900,171,66) (S 52,66,65) (S 51,65,64) (S 50,64,63) (S 741,63,8) (S 6,8,7) (S 773,7,675) (S 761,671,6) (S 4,6,5) (S 483,5,509) (S 484,509,510) (S 548,555,190) (S 547,190,81) (S 63,81,80) (S 614,80,532) (D 0,0,0)
 0 1 17 8398 14902  17 (D 0,0,0) (S 516,191,532) (S 517,532,150) (S 518,150,533) (S 121,150,151) (S 1132,558,826) (S 1122,826,208) (S 1121,208,588) (S 610,588,589) (S 776,589,196) (S 775,196,623) (S 682,623,622) (S 681,622,584) (S 680,584,353) (S 679,353,459) (S 891,621,734) (D 0,0,0)
 0 1 18 8426 14839  22 (D 0,0,0) (S 1083,4,728) (S 886,728,727) (S 936,747,727) (S 1084,4,191) (S 161,191,190) (S 160,190,82) (S 846,82,654) (S 845,654,509) (S 549,509,555) (S 740,555,8) (S 5,7,6) (S 482,5,508) (S 480,266,507) (S 479,507,177) (S 478,177,506) (S 477,506,14) (S 11,14,15) (S 12,15,16) (S 765,16,672) (S 1,0,1) (D 0,0,0)
 0 1 19 8848 15259  33 (D 0,0,0) (S 770,674,180) (S 144,180,179) (S 143,179,178) (S 142,178,177) (S 873,507,344) (S 872,344,380) (S 344,380,379) (S 343,379,368) (S 331,368,369) (S 332,369,370) (S 333,370,371) (S 334,371,372) (S 335,372,40) (S 336,40,373) (S 750,373,658) (S 337,373,374) (S 749,373,84) (S 65,83,84) (S 748,84,657) (S 935,657,746) (S 934,657,43) (S 1095,745,85) (S 68,85,86) (S 338,86,263) (S 223,263,264) (S 301,345,344) (S 300,344,265) (S 225,265,266) (S 928,671,675) (S 772,675,268) (S 771,268,180) (D 0,0,0)
 0 1 20 8820 15586  28 (D 0,0,0) (S 228,63,268) (S 227,268,267) (S 226,267,266) (S 481,266,508) (S 221,260,261) (S 222,261,262) (S 745,262,655) (S 868,716,655) (S 746,655,656) (S 1098,656,818) (S 1097,656,670) (S 759,670,261) (S 760,261,342) (S 297,341,342) (S 298,342,343) (S 299,343,265) (S 224,265,264) (S 345,264,380) (S 871,380,86) (S 339,86,375) (S 340,375,370) (S 758,370,669) (S 606,369,513) (S 783,346,506) (S 782,506,431) (S 781,431,672) (D 0,0,0)
 0 1 21 8725 18118  30 (D 0,0,0) (S 780,674,672) (S 763,179,267) (S 762,267,671) (S 929,671,508) (S 930,508,343) (S 931,343,260) (S 932,260,745) (S 1096,745,670) (S 933,745,43) (S 1183,43,822) (S 1105,821,822) (S 1106,822,823) (S 1131,823,831) (S 33,43,42) (S 67,42,85) (S 1094,85,512) (S 1093,715,512) (S 31,41,40) (S 30,40,39) (S 669,616,39) (S 1085,39,815) (S 867,372,715) (S 1092,817,715) (S 866,715,371) (S 522,368,527) (S 521,535,527) (S 507,527,526) (S 768,523,17) (D 0,0,0)
 0 1 22 8550 13931  21 (D 0,0,0) (S 742,653,63) (S 1168,63,787) (S 1167,787,816) (S 1088,816,65) (S 1087,65,451) (S 417,451,419) (S 925,418,739) (S 924,739,736) (S 923,736,313) (S 922,313,582) (S 598,582,404) (S 599,404,68) (S 600,68,583) (S 601,583,504) (S 602,504,584) (S 423,458,459) (S 678,459,621) (S 677,620,621) (S 890,621,733) (D 0,0,0)
 0 1 23 8776 12359  20 (D 0,0,0) (S 1026,3,787) (S 1027,787,64) (S 1028,64,520) (S 1029,520,325) (S 689,631,324) (S 859,324,433) (S 400,433,432) (S 1137,432,443) (S 410,443,444) (S 1139,832,718) (S 1078,718,762) (S 1079,762,525) (S 1080,525,14) (S 399,15,431) (S 398,431,178) (S 764,179,672) (S 779,674,653) (S 816,677,0) (D 0,0,0)
 0 1 24 7843 16544  12 (D 0,0,0) (S 2,2,3) (S 1099,3,732) (S 889,732,731) (S 972,27,686) (S 799,686,663) (S 753,663,664) (S 1018,26,783) (S 21,26,27) (S 22,27,28) (S 926,28,731) (D 0,0,0)
 0 1 25 8990 16077  16 (D 0,0,0) (S 287,328,329) (S 856,329,436) (S 855,436,703) (S 43,54,55) (S 1043,55,794) (S 1102,794,819) (S 1101,794,51) (S 40,51,52) (S 651,52,607) (S 843,607,705) (S 1081,705,434) (S 402,434,415) (S 380,415,327) (S 285,327,326) (D 0,0,0)
 0 1 26 8681 15590  14 (D 0,0,0) (S 904,740,519) (S 494,516,515) (S 493,515,514) (S 833,514,333) (S 291,333,332) (S 594,332,580) (S 1035,580,331) (S 288,330,329) (S 857,329,518) (S 497,518,519) (S 905,519,328) (S 286,328,327) (D 0,0,0)
 0 1 27 8276 13148  24 (D 0,0,0) (S 3,3,4) (S 1091,4,734) (S 1090,734,733) (S 1089,733,816) (S 1166,816,738) (S 899,738,66) (S 53,66,67) (S 897,67,737) (S 1165,737,583) (S 1164,583,632) (S 695,632,505) (S 476,505,504) (S 54,68,67) (S 896,67,170) (S 895,170,449) (S 414,449,312) (S 271,312,310) (S 270,310,311) (S 272,310,313) (S 903,739,740) (S 1002,740,417) (S 382,417,416) (D 0,0,0)
 0 1 28 8975 13947  14 (D 0,0,0) (S 613,532,585) (S 605,585,206) (S 166,195,196) (S 611,589,590) (S 612,590,585) (S 604,585,194) (S 603,194,584) (S 310,353,354) (S 311,354,355) (S 425,355,192) (S 162,192,191) (S 1100,191,3) (D 0,0,0)
 0 1 29 8692 27063  18 (D 0,0,0) (S 661,319,534) (S 660,534,448) (S 412,447,446) (S 869,717,427) (S 739,427,137) (S 737,290,395) (S 359,395,396) (S 485,511,396) (S 486,396,500) (S 353,389,388) (S 352,388,387) (S 342,378,377) (S 394,377,386) (S 393,386,428) (S 1006,498,393) (S 1005,777,393) (D 0,0,0)
 0 1 30 8976 34468  16 (D 0,0,0) (S 806,203,503) (S 802,688,493) (S 457,490,489) (S 456,489,488) (S 863,710,711) (S 967,710,488) (S 966,488,618) (S 676,618,619) (S 675,618,617) (S 888,617,730) (S 674,617,492) (S 460,491,492) (S 672,483,22) (S 17,22,21) (D 0,0,0)
 0 1 31 8953 29973  20 (D 0,0,0) (S 444,92,477) (S 239,279,280) (S 877,280,198) (S 167,197,198) (S 168,198,199) (S 62,78,79) (S 798,476,685) (S 440,476,142) (S 115,142,143) (S 797,143,476) (S 441,476,79) (S 442,79,199) (S 711,638,637) (S 940,637,749) (S 965,638,707) (S 964,707,741) (S 963,741,606) (S 437,472,471) (D 0,0,0)
 0 1 32 8724 28768  14 (D 0,0,0) (S 360,396,397) (S 512,397,529) (S 511,529,155) (S 645,155,363) (S 320,363,242) (S 205,242,241) (S 508,241,528) (S 784,528,678) (S 509,241,291) (S 510,291,155) (S 123,155,154) (S 248,154,290) (D 0,0,0)
 0 1 33 8993 29650  20 (D 0,0,0) (S 971,708,673) (S 738,137,290) (S 124,155,156) (S 125,156,157) (S 665,156,614) (S 1185,529,614) (S 666,614,88) (S 69,87,88) (S 70,88,89) (S 514,89,530) (S 631,530,597) (S 668,597,615) (S 632,597,598) (S 667,597,88) (S 664,156,363) (S 250,242,291) (S 249,291,154) (S 278,319,318) (D 0,0,0)
 0 1 34 8919 33954  21 (D 0,0,0) (S 513,397,89) (S 473,89,500) (S 735,499,388) (S 734,388,652) (S 733,652,414) (S 732,651,414) (S 378,414,401) (S 367,401,402) (S 366,401,400) (S 374,409,400) (S 375,400,410) (S 376,410,411) (S 379,410,401) (S 365,400,399) (S 363,378,387) (S 470,398,498) (S 469,498,428) (S 392,428,392) (S 357,393,394) (D 0,0,0)
 0 1 35 8964 31098  21 (D 0,0,0) (S 1155,832,317) (S 736,395,499) (S 472,499,500) (S 487,500,389) (S 354,389,390) (S 515,530,531) (S 1050,530,390) (S 1049,390,652) (S 1048,652,399) (S 1047,399,429) (S 397,412,430) (S 377,412,413) (S 396,412,429) (S 395,429,377) (S 341,377,376) (S 984,376,385) (S 350,385,386) (S 351,386,387) (S 361,398,394) (D 0,0,0)
 0 1 36 8907 35681  19 (D 0,0,0) (S 362,398,387) (S 364,378,399) (S 1046,429,766) (S 987,73,767) (S 988,767,49) (S 1190,48,105) (S 84,105,104) (S 83,104,103) (S 944,103,753) (S 534,542,543) (S 536,544,184) (S 537,184,545) (S 1178,545,809) (S 1071,809,808) (S 152,185,112) (S 153,112,186) (S 92,113,114) (D 0,0,0)
 0 1 37 8991 40784  13 (D 0,0,0) (S 1177,110,809) (S 1179,545,109) (S 1181,45,812) (S 1182,812,76) (S 61,76,77) (S 1075,812,182) (S 1074,182,806) (S 1073,767,806) (S 1066,806,74) (S 471,398,499) (S 662,319,443) (D 0,0,0)
 0 1 38 8778 41052  17 (D 0,0,0) (S 1159,802,252) (S 216,252,253) (S 214,251,231) (S 261,229,254) (S 217,254,255) (S 543,552,299) (S 260,299,229) (S 195,229,230) (S 233,272,230) (S 234,230,273) (S 196,230,231) (S 215,231,252) (S 1160,252,679) (S 785,679,680) (S 1189,842,680) (D 0,0,0)
 0 1 39 8958 33066  18 (D 0,0,0) (S 532,540,541) (S 535,543,544) (S 1201,846,544) (S 1202,544,847) (S 1191,843,105) (S 85,105,106) (S 1204,106,47) (S 36,47,46) (S 147,46,182) (S 146,182,75) (S 145,181,75) (S 60,75,74) (S 59,74,73) (S 986,73,766) (S 985,766,376) (S 983,385,391) (D 0,0,0)
 0 1 40 8871 27340  18 (D 0,0,0) (S 1011,779,239) (S 204,239,240) (S 1012,239,780) (S 203,239,238) (S 1009,238,778) (S 202,238,237) (S 979,236,424) (S 876,721,722) (S 978,722,424) (S 389,424,425) (S 1013,425,781) (S 1016,781,778) (S 1010,778,779) (S 1017,779,426) (S 391,426,427) (S 418,427,452) (D 0,0,0)
 0 1 41 8959 28710  16 (D 0,0,0) (S 1019,446,452) (S 112,136,137) (S 358,395,394) (S 356,393,392) (S 355,392,391) (S 982,391,140) (S 114,140,141) (S 981,140,152) (S 122,152,153) (S 980,152,236) (S 201,236,237) (S 1015,237,782) (S 1014,237,781) (S 390,425,426) (D 0,0,0)
 0 1 42 8964 32834  15 (D 0,0,0) (S 1133,357,335) (S 805,503,20) (S 15,20,19) (S 14,19,18) (S 296,18,340) (S 295,339,340) (S 552,340,473) (S 439,474,475) (S 1169,474,839) (S 438,474,473) (S 994,19,769) (S 993,768,19) (S 808,689,599) (D 0,0,0)
 0 1 43 8917 21321  18 (D 0,0,0) (S 615,592,591) (S 912,95,741) (S 849,707,201) (S 171,201,202) (S 172,202,203) (S 962,689,606) (S 646,606,96) (S 647,96,472) (S 648,472,571) (S 578,571,572) (S 865,572,714) (S 579,572,573) (S 315,359,358) (S 314,358,322) (S 281,322,321) (S 463,320,494) (D 0,0,0)
 0 1 44 8988 38574  15 (D 0,0,0) (S 811,471,691) (S 1173,825,464) (S 795,467,683) (S 269,308,309) (S 1109,824,308) (S 268,307,308) (S 1110,308,303) (S 263,302,303) (S 1111,303,556) (S 550,556,469) (S 434,469,468) (S 715,468,641) (S 1118,440,825) (D 0,0,0)
 0 1 45 8996 32169  22 (D 0,0,0) (S 1032,788,789) (S 1134,814,357) (S 636,362,600) (S 670,600,502) (S 475,502,503) (S 756,667,442) (S 757,442,668) (S 409,442,441) (S 408,441,440) (S 617,594,440) (S 1117,440,665) (S 755,665,666) (S 1116,665,662) (S 752,661,662) (S 1115,662,693) (S 815,693,694) (S 1171,840,441) (S 1172,441,825) (S 1120,667,688) (S 803,688,485) (D 0,0,0)
 0 1 46 8985 29094  17 (D 0,0,0) (S 474,501,502) (S 804,20,485) (S 452,485,484) (S 451,484,483) (S 673,483,492) (S 461,492,490) (S 466,489,496) (S 800,687,496) (S 801,496,493) (S 462,493,490) (S 458,490,484) (S 459,484,21) (S 16,21,20) (S 807,203,689) (S 690,324,521) (D 0,0,0)
 0 1 47 8953 23217  15 (D 0,0,0) (S 318,361,98) (S 79,98,99) (S 640,99,600) (S 671,502,22) (S 18,22,23) (S 887,23,729) (S 19,23,24) (S 20,24,25) (S 725,24,501) (S 726,501,101) (S 583,575,497) (S 582,497,574) (S 581,574,359) (D 0,0,0)
 0 1 48 8925 34231  20 (D 0,0,0) (S 1119,667,825) (S 430,464,465) (S 813,692,466) (S 432,466,467) (S 796,467,684) (S 433,467,468) (S 551,469,473) (S 435,469,304) (S 265,304,305) (S 264,304,303) (S 1112,556,641) (S 714,640,641) (S 1113,641,683) (S 794,682,683) (S 1114,683,693) (S 814,693,466) (S 431,466,465) (S 754,465,665) (D 0,0,0)
 0 1 49 8902 27729  22 (D 0,0,0) (S 708,456,562) (S 562,562,563) (S 710,93,637) (S 72,92,91) (S 71,90,91) (S 874,91,282) (S 242,282,283) (S 875,282,720) (S 241,282,281) (S 919,281,743) (S 240,281,280) (S 878,280,723) (S 918,281,477) (S 443,477,199) (S 169,199,200) (S 712,638,200) (S 713,200,639) (S 1161,837,639) (S 170,200,201) (S 907,704,435) (D 0,0,0)
 0 1 50 8938 18659  13 (D 0,0,0) (S 163,192,193) (S 164,193,194) (S 165,194,195) (S 692,195,590) (S 691,590,207) (S 557,209,559) (S 609,559,588) (S 608,559,587) (S 607,586,587) (S 976,587,300) (S 267,300,306) (D 0,0,0)
 0 1 51 7511 10218  22 (D 0,0,0) (S 818,2,695) (S 1107,695,81) (S 64,81,82) (S 744,654,262) (S 747,656,657) (S 66,84,42) (S 32,42,41) (S 488,41,512) (S 489,512,375) (S 490,375,513) (S 491,513,379) (S 492,379,345) (S 302,345,346) (S 303,346,347) (S 1140,347,526) (S 506,526,525) (S 505,525,524) (S 504,524,523) (S 503,523,522) (S 743,522,653) (D 0,0,0)
 0 1 52 8999 22328  11 (D 0,0,0) (S 1124,557,301) (S 1125,301,827) (S 262,301,300) (S 977,300,116) (S 94,116,117) (S 323,117,365) (S 220,258,259) (S 561,561,214) (S 1123,557,205) (D 0,0,0)
 0 1 53 8890 26757  11 (D 0,0,0) (S 560,561,258) (S 559,258,294) (S 558,560,294) (S 253,294,295) (S 530,539,158) (S 138,158,173) (S 139,173,174) (S 328,293,367) (S 327,367,226) (D 0,0,0)
 0 1 54 8991 28325  31 (D 0,0,0) (S 628,367,565) (S 627,565,596) (S 626,596,538) (S 254,295,296) (S 255,296,218) (S 185,218,219) (S 566,219,211) (S 565,211,486) (S 454,486,274) (S 235,274,275) (S 453,274,246) (S 275,246,315) (S 939,748,315) (S 274,315,159) (S 127,159,160) (S 938,748,129) (S 128,128,160) (S 957,160,757) (S 956,160,748) (S 955,748,245) (S 209,245,246) (S 210,246,213) (S 428,213,462) (S 568,462,539) (S 529,539,295) (S 528,295,538) (S 526,224,537) (S 573,249,567) (S 574,567,568) (D 0,0,0)
 0 1 55 8984 32983  24 (D 0,0,0) (S 589,578,567) (S 126,158,159) (S 273,159,314) (S 881,314,724) (S 958,724,757) (S 952,757,127) (S 953,127,756) (S 949,756,725) (S 885,421,726) (S 1157,836,726) (S 1158,726,802) (S 1061,802,795) (S 1051,795,162) (S 131,162,163) (S 387,420,421) (S 884,421,725) (S 882,126,724) (S 880,314,470) (S 879,540,470) (S 436,470,213) (S 186,212,219) (S 258,296,297) (D 0,0,0)
 0 1 56 8957 33227  23 (D 0,0,0) (S 212,249,248) (S 525,248,537) (S 719,537,247) (S 717,643,223) (S 189,223,222) (S 188,222,221) (S 187,220,221) (S 864,712,713) (S 991,712,38) (S 992,38,134) (S 29,37,38) (S 620,595,570) (S 621,570,277) (S 238,277,278) (S 246,288,278) (S 247,278,289) (S 622,277,217) (S 183,217,216) (S 231,270,216) (S 232,216,271) (S 259,297,298) (D 0,0,0)
 0 1 57 8881 27434  12 (D 0,0,0) (S 523,364,536) (S 211,248,247) (S 718,247,223) (S 190,223,224) (S 191,224,225) (S 192,225,226) (S 193,226,227) (S 194,227,228) (S 229,227,256) (S 219,257,258) (D 0,0,0)
 0 1 58 8862 26815  21 (D 0,0,0) (S 1184,609,578) (S 587,577,364) (S 586,364,286) (S 245,286,287) (S 791,287,576) (S 585,576,286) (S 244,286,285) (S 822,681,285) (S 243,284,285) (S 823,285,536) (S 524,536,248) (S 720,537,548) (S 721,548,566) (S 722,566,644) (S 538,546,547) (S 572,547,249) (S 213,249,250) (S 588,567,577) (S 1170,577,608) (D 0,0,0)
 0 1 59 8975 27455  20 (D 0,0,0) (S 322,364,29) (S 23,29,30) (S 24,30,31) (S 349,30,384) (S 348,30,383) (S 584,382,576) (S 790,576,681) (S 789,222,681) (S 821,681,381) (S 820,697,381) (S 989,381,221) (S 346,381,382) (S 347,382,383) (S 544,553,383) (S 545,383,287) (S 652,287,29) (S 653,29,608) (S 654,608,609) (D 0,0,0)
 0 1 60 8840 23985  11 (D 0,0,0) (S 553,557,215) (S 218,257,256) (S 230,227,269) (S 630,269,292) (S 251,292,293) (S 326,226,366) (S 325,366,257) (S 324,257,365) (S 656,365,561) (D 0,0,0)
 0 1 61 8980 30621  9 (D 0,0,0) (S 252,294,293) (S 140,174,175) (S 1068,175,807) (S 141,175,176) (S 1067,175,348) (S 304,348,292) (S 629,269,367) (D 0,0,0)
 0 1 62 8933 33445  23 (D 0,0,0) (S 1212,755,811) (S 1072,811,810) (S 1193,813,543) (S 1192,543,843) (S 1209,843,847) (S 1208,847,845) (S 1207,845,183) (S 1206,849,183) (S 1200,845,107) (S 1205,47,848) (S 37,47,48) (S 38,48,49) (S 39,49,50) (S 943,49,103) (S 1186,104,841) (S 1187,841,542) (S 533,542,541) (S 531,540,158) (S 1055,173,596) (S 570,225,566) (S 655,609,561) (D 0,0,0)
 0 1 63 8999 30343  30 (D 0,0,0) (S 788,222,595) (S 787,595,133) (S 108,132,131) (S 575,569,131) (S 937,244,129) (S 104,128,127) (S 103,127,126) (S 883,126,725) (S 950,725,751) (S 942,751,752) (S 941,750,751) (S 954,756,420) (S 386,420,161) (S 129,161,128) (S 105,128,129) (S 106,129,130) (S 107,130,131) (S 576,131,564) (S 563,564,275) (S 455,486,487) (S 564,486,275) (S 236,275,276) (S 256,276,218) (S 184,218,217) (S 623,217,463) (S 625,297,538) (S 527,538,224) (S 539,548,547) (D 0,0,0)
 0 1 64 8992 34335  20 (D 0,0,0) (S 990,221,712) (S 1199,135,844) (S 1188,842,615) (S 1197,615,844) (S 1198,844,842) (S 786,680,133) (S 200,132,235) (S 199,132,234) (S 197,232,233) (S 542,233,549) (S 541,551,549) (S 540,549,550) (S 198,233,234) (S 716,642,234) (S 109,132,133) (S 110,133,134) (S 111,134,135) (S 619,38,595) (D 0,0,0)
 0 1 65 8992 32108  23 (D 0,0,0) (S 618,38,135) (S 257,135,276) (S 237,276,277) (S 577,570,564) (S 206,244,243) (S 385,243,161) (S 130,161,162) (S 1052,795,796) (S 1103,820,796) (S 1104,796,243) (S 207,244,130) (S 208,130,245) (S 181,213,212) (S 180,212,211) (S 179,210,211) (S 567,219,462) (S 429,462,463) (S 624,463,297) (S 569,565,225) (S 571,566,547) (S 590,578,366) (D 0,0,0)
 0 1 66 8944 30879  18 (D 0,0,0) (S 1056,118,799) (S 1144,799,121) (S 1057,799,798) (S 1058,798,800) (S 1059,800,187) (S 155,187,123) (S 101,123,124) (S 1150,801,111) (S 1151,111,808) (S 1070,808,185) (S 151,185,184) (S 150,183,184) (S 1069,185,114) (S 93,114,115) (S 330,115,174) (S 329,174,293) (D 0,0,0)
 0 1 67 8983 33326  21 (D 0,0,0) (S 1143,799,804) (S 1063,804,797) (S 1065,805,186) (S 154,186,187) (S 100,123,122) (S 99,122,121) (S 98,121,119) (S 97,119,120) (S 831,120,34) (S 830,34,11) (S 829,11,188) (S 158,188,12) (S 10,12,13) (S 157,12,32) (S 25,32,33) (S 1145,33,121) (S 96,119,118) (S 95,118,115) (S 182,214,215) (D 0,0,0)
 0 1 68 8900 35378  19 (D 0,0,0) (S 1196,805,800) (S 1060,187,801) (S 1149,801,124) (S 1175,125,764) (S 975,765,32) (S 1147,765,834) (S 1146,833,834) (S 1174,834,764) (S 973,763,764) (S 974,764,765) (S 1148,765,124) (S 102,124,125) (S 1062,125,803) (S 1176,125,110) (S 89,110,111) (S 90,111,112) (S 91,112,113) (D 0,0,0)
 0 1 69 8970 35885  14 (D 0,0,0) (S 149,183,108) (S 88,108,109) (S 1180,109,45) (S 34,44,45) (S 35,45,46) (S 148,46,108) (S 87,108,107) (S 86,107,106) (S 1203,106,847) (S 1210,843,841) (S 1211,841,753) (S 945,753,541) (D 0,0,0)
 0 1 70 8970 35192  25 (D 0,0,0) (S 824,120,35) (S 826,10,189) (S 827,189,698) (S 159,189,188) (S 828,699,188) (S 9,12,11) (S 8,11,10) (S 7,9,10) (S 825,10,35) (S 28,35,36) (S 27,35,34) (S 26,34,33) (S 156,32,123) (S 1054,122,798) (S 1053,798,797) (S 1064,797,805) (S 1195,805,113) (S 1194,113,813) (S 1076,813,810) (S 1077,810,754) (S 946,541,754) (S 947,754,755) (S 948,755,115) (D 0,0,0)
