1751585
70
2401046
2158503
 0 1 1 8755 11301  21 (D 0,0,0) (S 816,0,677) (S 742,653,63) (S 1168,63,787) (S 1166,816,738) (S 898,738,737) (S 897,737,67) (S 896,67,170) (S 895,170,449) (S 894,449,736) (S 925,739,418) (S 384,418,419) (S 416,419,450) (S 901,450,171) (S 137,171,172) (S 900,171,66) (S 52,66,65) (S 1088,65,816) (S 1167,816,787) (S 1026,787,3) (D 0,0,0)
 0 1 2 8930 18106  14 (D 0,0,0) (S 3,3,4) (S 1091,4,734) (S 891,734,621) (S 679,459,353) (S 680,353,584) (S 681,584,622) (S 774,505,623) (S 775,623,196) (S 776,196,589) (S 608,559,587) (S 607,586,587) (S 976,587,300) (D 0,0,0)
 0 1 3 8750 16592  16 (D 0,0,0) (S 166,195,196) (S 609,588,559) (S 557,559,209) (S 1132,558,826) (S 1122,826,208) (S 177,208,207) (S 176,206,207) (S 691,207,590) (S 692,590,195) (S 603,194,584) (S 310,353,354) (S 311,354,355) (S 425,355,192) (S 162,192,191) (D 0,0,0)
 0 1 4 8949 14201  16 (D 0,0,0) (S 163,192,193) (S 604,194,585) (S 612,585,590) (S 611,590,589) (S 610,589,588) (S 1121,588,208) (S 178,208,209) (S 556,209,558) (S 555,558,306) (S 266,306,151) (S 121,151,150) (S 518,150,533) (S 517,150,532) (S 1100,191,3) (D 0,0,0)
 0 1 5 7843 16544  12 (D 0,0,0) (S 1099,3,732) (S 22,28,27) (S 1018,26,783) (S 21,26,27) (S 972,27,686) (S 799,686,663) (S 753,663,664) (S 926,28,731) (S 889,731,732) (S 2,3,2) (D 0,0,0)
 0 1 6 8971 12807  10 (D 0,0,0) (S 818,2,695) (S 1108,695,205) (S 173,204,205) (S 1123,205,557) (S 174,205,151) (S 175,151,206) (S 605,206,585) (S 613,585,532) (D 0,0,0)
 0 1 7 8872 17745  20 (D 0,0,0) (S 602,584,504) (S 695,505,632) (S 696,632,69) (S 697,69,405) (S 371,405,406) (S 1033,70,406) (S 372,406,407) (S 1126,828,407) (S 373,407,408) (S 1127,407,71) (S 57,71,70) (S 56,70,69) (S 55,69,68) (S 54,68,67) (S 53,67,66) (S 899,66,738) (S 1089,816,733) (S 1090,733,734) (D 0,0,0)
 0 1 8 8394 15679  20 (D 0,0,0) (S 677,620,621) (S 678,621,459) (S 423,458,459) (S 424,459,355) (S 321,354,193) (S 164,193,194) (S 165,194,195) (S 693,195,622) (S 694,622,505) (S 476,505,504) (S 601,504,583) (S 600,583,68) (S 599,68,404) (S 369,404,403) (S 663,403,613) (S 368,403,170) (S 136,170,171) (S 417,419,451) (D 0,0,0)
 0 1 9 8660 19947  14 (D 0,0,0) (S 1165,737,583) (S 1164,583,632) (S 1163,632,829) (S 1162,838,829) (S 58,71,72) (S 1128,71,829) (S 1129,829,624) (S 684,624,625) (S 1130,624,830) (S 683,624,623) (S 682,623,622) (S 890,621,733) (D 0,0,0)
 0 1 10 8539 14437  22 (D 0,0,0) (S 817,0,2) (S 819,695,696) (S 1107,695,81) (S 64,81,82) (S 845,654,509) (S 549,555,509) (S 484,509,510) (S 483,509,5) (S 4,5,6) (S 6,7,8) (S 740,8,555) (S 548,555,190) (S 547,190,81) (S 63,81,80) (S 614,80,532) (S 516,532,191) (S 1084,191,4) (S 1083,4,728) (S 936,747,727) (S 886,727,728) (D 0,0,0)
 0 1 11 8818 15014  26 (D 0,0,0) (S 1,0,1) (S 741,63,8) (S 5,7,6) (S 761,6,671) (S 928,671,675) (S 50,63,64) (S 1028,64,520) (S 502,521,522) (S 1152,522,708) (S 870,719,718) (S 1078,718,762) (S 1079,762,525) (S 1080,525,14) (S 12,15,16) (S 766,16,524) (S 767,524,673) (S 970,673,762) (S 969,762,761) (S 968,761,535) (S 521,535,527) (S 522,527,368) (S 343,368,379) (S 492,379,345) (S 781,431,672) (D 0,0,0)
 0 1 12 8822 13987  36 (D 0,0,0) (S 779,653,674) (S 780,674,672) (S 764,672,179) (S 143,179,178) (S 142,178,177) (S 479,177,507) (S 481,266,508) (S 930,508,343) (S 931,343,260) (S 221,260,261) (S 760,261,342) (S 297,341,342) (S 298,342,343) (S 299,343,265) (S 300,265,344) (S 301,344,345) (S 303,346,347) (S 1140,347,526) (S 507,526,527) (S 331,368,369) (S 334,371,372) (S 31,40,41) (S 488,41,512) (S 1092,817,715) (S 1093,715,512) (S 339,375,86) (S 871,86,380) (S 872,380,344) (S 873,344,507) (S 480,507,266) (S 226,266,267) (S 763,267,179) (S 144,179,180) (S 770,180,674) (D 0,0,0)
 0 1 13 8954 16140  28 (D 0,0,0) (S 778,677,653) (S 228,63,268) (S 227,268,267) (S 762,267,671) (S 929,671,508) (S 932,260,745) (S 933,745,43) (S 934,43,657) (S 748,657,84) (S 935,657,746) (S 747,657,656) (S 1097,656,670) (S 1183,43,822) (S 1105,821,822) (S 1106,822,823) (S 1131,823,831) (S 33,43,42) (S 67,42,85) (S 68,85,86) (S 338,86,263) (S 223,263,264) (S 224,264,265) (S 482,508,5) (S 773,7,675) (S 772,675,268) (S 771,268,180) (D 0,0,0)
 0 1 14 8338 13270  29 (D 0,0,0) (S 161,191,190) (S 160,190,82) (S 846,82,654) (S 744,654,262) (S 745,262,655) (S 868,716,655) (S 1098,656,818) (S 746,656,655) (S 222,262,261) (S 759,261,670) (S 1096,670,745) (S 1095,745,85) (S 1094,85,512) (S 489,512,375) (S 490,375,513) (S 491,513,379) (S 302,345,346) (S 783,346,506) (S 782,506,431) (S 399,431,15) (S 11,15,14) (S 477,14,506) (S 478,506,177) (S 398,178,431) (S 765,672,16) (S 13,16,17) (S 769,17,674) (D 0,0,0)
 0 1 15 8987 18601  25 (D 0,0,0) (S 768,17,523) (S 505,524,525) (S 332,369,370) (S 333,370,371) (S 866,371,715) (S 867,715,372) (S 335,372,40) (S 669,616,39) (S 1085,39,815) (S 30,39,40) (S 336,40,373) (S 337,373,374) (S 750,373,658) (S 749,373,84) (S 65,83,84) (S 66,84,42) (S 32,42,41) (S 340,375,370) (S 758,370,669) (S 606,369,513) (S 344,379,380) (S 345,380,264) (S 225,265,266) (D 0,0,0)
 0 1 16 8506 15117  26 (D 0,0,0) (S 503,522,523) (S 504,523,524) (S 1141,526,761) (S 1142,761,316) (S 276,316,317) (S 411,318,445) (S 519,445,534) (S 659,448,612) (S 1007,612,647) (S 730,647,648) (S 1001,647,611) (S 657,610,611) (S 1000,611,774) (S 998,773,774) (S 999,774,775) (S 1008,774,612) (S 661,534,319) (S 278,319,318) (S 277,318,317) (S 1156,317,835) (S 1155,317,832) (S 1139,832,718) (S 971,673,708) (S 743,522,653) (D 0,0,0)
 0 1 17 8998 19363  16 (D 0,0,0) (S 1153,708,719) (S 793,447,646) (S 728,646,575) (S 727,575,101) (S 82,101,102) (S 583,575,497) (S 582,497,574) (S 637,574,601) (S 1021,601,337) (S 294,337,338) (S 1020,601,446) (S 412,446,447) (S 520,445,535) (S 506,526,525) (D 0,0,0)
 0 1 18 7637 11803  17 (D 0,0,0) (S 777,676,677) (S 792,677,521) (S 690,521,324) (S 689,631,324) (S 859,324,433) (S 400,433,432) (S 1137,432,443) (S 410,443,444) (S 662,443,319) (S 279,319,320) (S 463,320,494) (S 464,494,495) (S 1030,495,325) (S 283,325,324) (S 858,433,708) (D 0,0,0)
 0 1 19 8871 16765  18 (D 0,0,0) (S 1029,520,325) (S 307,326,350) (S 306,350,349) (S 49,61,62) (S 633,62,167) (S 134,167,166) (S 133,166,165) (S 132,164,165) (S 832,700,165) (S 1034,166,702) (S 840,702,703) (S 855,703,436) (S 856,436,329) (S 287,329,328) (S 284,326,325) (S 501,520,521) (D 0,0,0)
 0 1 20 8818 23949  18 (D 0,0,0) (S 1031,495,788) (S 1032,788,789) (S 317,360,361) (S 426,361,460) (S 639,460,99) (S 635,362,599) (S 807,689,203) (S 172,203,202) (S 171,202,201) (S 170,201,200) (S 713,200,639) (S 1161,837,639) (S 712,200,638) (S 709,93,562) (S 708,562,456) (S 707,456,58) (D 0,0,0)
 0 1 21 8755 16567  18 (D 0,0,0) (S 500,520,351) (S 499,351,416) (S 498,416,519) (S 497,519,518) (S 857,518,329) (S 288,329,330) (S 289,330,331) (S 290,331,332) (S 291,332,333) (S 834,333,481) (S 449,481,59) (S 48,59,60) (S 47,59,58) (S 705,636,635) (S 407,439,438) (S 593,438,580) (D 0,0,0)
 0 1 22 8752 17138  23 (D 0,0,0) (S 1035,331,580) (S 594,580,332) (S 595,332,516) (S 494,516,515) (S 701,515,634) (S 699,627,633) (S 920,744,633) (S 921,633,582) (S 922,582,313) (S 272,313,310) (S 270,310,311) (S 271,310,312) (S 414,312,449) (S 415,449,450) (S 902,450,739) (S 903,739,740) (S 904,740,519) (S 905,519,328) (S 286,328,327) (S 285,327,326) (S 308,326,351) (D 0,0,0)
 0 1 23 8781 16470  22 (D 0,0,0) (S 382,416,417) (S 383,417,418) (S 924,739,736) (S 923,313,736) (S 893,736,735) (S 1004,735,776) (S 1044,776,581) (S 597,581,582) (S 598,582,404) (S 370,404,405) (S 698,405,633) (S 687,627,629) (S 688,629,630) (S 951,629,634) (S 700,634,627) (S 685,627,626) (S 1045,626,581) (S 596,581,516) (S 495,516,517) (S 496,517,518) (D 0,0,0)
 0 1 24 8835 22535  21 (D 0,0,0) (S 641,602,603) (S 724,603,604) (S 644,604,605) (S 686,605,628) (S 723,645,604) (S 643,604,602) (S 642,602,517) (S 702,515,422) (S 388,422,423) (S 703,422,439) (S 704,439,635) (S 959,635,758) (S 960,758,759) (S 961,758,760) (S 836,636,700) (S 835,700,481) (S 450,481,482) (S 833,333,514) (S 493,514,515) (D 0,0,0)
 0 1 25 8831 16953  27 (D 0,0,0) (S 906,328,435) (S 404,435,436) (S 405,436,437) (S 406,437,438) (S 592,438,579) (S 837,579,636) (S 706,636,58) (S 46,58,57) (S 45,57,56) (S 1037,56,701) (S 1036,701,790) (S 1042,790,660) (S 751,659,660) (S 1041,660,793) (S 1039,792,793) (S 1040,793,785) (S 1023,785,784) (S 731,649,650) (S 1022,649,784) (S 1025,784,786) (S 1024,784,437) (S 927,437,330) (S 892,518,735) (S 1003,735,740) (S 1002,740,417) (D 0,0,0)
 0 1 26 8920 26418  20 (D 0,0,0) (S 75,95,94) (S 74,94,93) (S 73,93,92) (S 444,92,477) (S 919,281,743) (S 241,281,282) (S 875,282,720) (S 242,282,283) (S 874,282,91) (S 71,90,91) (S 72,91,92) (S 445,92,478) (S 996,478,771) (S 446,478,479) (S 997,479,772) (S 447,479,480) (S 995,480,770) (S 448,480,59) (D 0,0,0)
 0 1 27 8877 28258  23 (D 0,0,0) (S 168,199,198) (S 167,197,198) (S 877,198,280) (S 239,279,280) (S 878,280,723) (S 240,280,281) (S 918,281,477) (S 443,477,199) (S 442,199,79) (S 62,78,79) (S 798,476,685) (S 797,476,143) (S 115,143,142) (S 440,142,476) (S 441,476,79) (S 169,199,200) (S 964,707,741) (S 912,741,95) (S 911,95,591) (S 420,454,455) (S 854,54,703) (D 0,0,0)
 0 1 28 8853 32566  15 (D 0,0,0) (S 318,361,98) (S 670,600,502) (S 672,22,483) (S 674,492,617) (S 888,617,730) (S 675,617,618) (S 676,618,619) (S 966,618,488) (S 863,710,711) (S 967,710,488) (S 456,488,489) (S 458,490,484) (S 452,484,485) (D 0,0,0)
 0 1 29 8859 29790  18 (D 0,0,0) (S 811,471,691) (S 802,688,493) (S 801,493,496) (S 800,687,496) (S 466,496,489) (S 457,489,490) (S 462,490,493) (S 461,490,492) (S 460,491,492) (S 673,492,483) (S 17,22,21) (S 16,21,20) (S 805,20,503) (S 806,503,203) (S 962,689,606) (S 76,96,95) (D 0,0,0)
 0 1 30 8820 31521  21 (D 0,0,0) (S 756,667,442) (S 757,442,668) (S 409,442,441) (S 1171,840,441) (S 408,441,440) (S 617,594,440) (S 755,665,666) (S 1116,665,662) (S 752,661,662) (S 1115,662,693) (S 815,693,694) (S 814,693,466) (S 813,692,466) (S 431,466,465) (S 430,465,464) (S 1173,464,825) (S 1119,825,667) (S 803,688,485) (S 809,599,690) (D 0,0,0)
 0 1 31 8954 37420  15 (D 0,0,0) (S 1172,825,441) (S 1117,440,665) (S 1114,693,683) (S 1113,683,641) (S 1112,641,556) (S 263,302,303) (S 269,308,309) (S 268,307,308) (S 1109,824,308) (S 1110,308,303) (S 1111,303,556) (S 550,556,469) (S 551,469,473) (D 0,0,0)
 0 1 32 8991 33583  13 (D 0,0,0) (S 14,19,18) (S 295,339,340) (S 552,340,473) (S 438,473,474) (S 439,474,475) (S 1169,474,839) (S 994,19,769) (S 993,768,19) (S 15,19,20) (S 475,503,502) (S 79,99,98) (D 0,0,0)
 0 1 33 8807 25381  15 (D 0,0,0) (S 413,448,447) (S 1019,446,452) (S 739,427,137) (S 738,137,290) (S 248,290,154) (S 249,154,291) (S 510,291,155) (S 645,155,363) (S 320,363,242) (S 205,242,241) (S 784,528,678) (S 508,528,241) (S 509,241,291) (D 0,0,0)
 0 1 34 8933 30540  18 (D 0,0,0) (S 112,136,137) (S 123,154,155) (S 124,155,156) (S 125,156,157) (S 665,156,614) (S 1185,614,529) (S 512,529,397) (S 473,89,500) (S 487,500,389) (S 354,389,390) (S 515,530,531) (S 631,530,597) (S 632,597,598) (S 666,88,614) (S 664,156,363) (S 250,242,291) (D 0,0,0)
 0 1 35 8557 27789  17 (D 0,0,0) (S 418,452,427) (S 1011,779,239) (S 204,239,240) (S 1012,239,780) (S 203,239,238) (S 1014,237,781) (S 389,425,424) (S 978,424,722) (S 876,721,722) (S 979,424,236) (S 201,236,237) (S 1015,237,782) (S 202,237,238) (S 1010,778,779) (S 1017,779,426) (D 0,0,0)
 0 1 36 8985 31414  22 (D 0,0,0) (S 358,395,394) (S 361,394,398) (S 363,387,378) (S 364,378,399) (S 1047,429,399) (S 365,399,400) (S 375,400,410) (S 376,410,411) (S 379,410,401) (S 367,401,402) (S 366,400,401) (S 378,401,414) (S 732,651,414) (S 733,414,652) (S 1049,652,390) (S 1050,390,530) (S 514,530,89) (S 360,397,396) (S 485,511,396) (S 359,396,395) (D 0,0,0)
 0 1 37 8878 33330  20 (D 0,0,0) (S 486,396,500) (S 472,500,499) (S 471,499,398) (S 362,398,387) (S 351,387,386) (S 350,386,385) (S 984,385,376) (S 985,376,766) (S 986,766,73) (S 1046,766,429) (S 377,412,413) (S 397,412,430) (S 396,412,429) (S 395,429,377) (S 394,377,386) (S 393,386,428) (S 1006,498,393) (S 1005,777,393) (D 0,0,0)
 0 1 38 8918 27545  18 (D 0,0,0) (S 357,394,393) (S 356,393,392) (S 355,392,391) (S 982,391,140) (S 114,140,141) (S 981,140,152) (S 122,152,153) (S 980,152,236) (S 1009,238,778) (S 1016,778,781) (S 1013,781,425) (S 390,425,426) (S 391,426,427) (S 869,717,427) (S 660,448,534) (S 1154,832,719) (D 0,0,0)
 0 1 39 8973 31304  16 (D 0,0,0) (S 353,388,389) (S 734,388,652) (S 1048,652,399) (S 374,409,400) (S 342,378,377) (S 341,377,376) (S 983,385,391) (S 392,392,428) (S 469,428,498) (S 470,498,398) (S 352,387,388) (S 735,388,499) (S 736,499,395) (S 737,395,290) (D 0,0,0)
 0 1 40 8944 17876  20 (D 0,0,0) (S 1138,832,432) (S 1136,443,494) (S 1135,494,814) (S 1134,814,357) (S 1133,357,335) (S 292,335,334) (S 812,334,471) (S 437,471,472) (S 648,472,571) (S 578,571,572) (S 865,572,714) (S 579,572,573) (S 862,573,554) (S 860,709,139) (S 113,138,139) (S 861,139,554) (S 546,554,358) (S 314,358,322) (D 0,0,0)
 0 1 41 8640 23466  17 (D 0,0,0) (S 280,320,321) (S 312,321,356) (S 281,321,322) (S 282,322,323) (S 315,358,359) (S 580,573,359) (S 316,359,360) (S 917,360,691) (S 916,690,97) (S 77,97,96) (S 646,96,606) (S 963,606,741) (S 850,707,94) (S 851,94,592) (S 616,592,593) (D 0,0,0)
 0 1 42 8801 28177  21 (D 0,0,0) (S 421,455,456) (S 422,456,457) (S 562,562,563) (S 710,93,637) (S 940,637,749) (S 711,637,638) (S 965,638,707) (S 849,707,201) (S 848,201,146) (S 118,146,147) (S 119,147,148) (S 120,148,149) (S 847,706,146) (S 117,146,145) (S 915,145,742) (S 293,336,144) (S 116,144,145) (S 914,145,202) (S 913,202,741) (D 0,0,0)
 0 1 43 8717 19769  15 (D 0,0,0) (S 650,52,453) (S 419,453,454) (S 910,454,591) (S 615,591,592) (S 852,592,455) (S 853,455,54) (S 1043,55,794) (S 1102,794,819) (S 1101,794,51) (S 40,51,52) (S 651,52,607) (S 1081,705,434) (S 401,434,349) (D 0,0,0)
 0 1 44 8903 16540  26 (D 0,0,0) (S 1027,787,64) (S 51,64,65) (S 1087,65,451) (S 1086,451,352) (S 309,352,351) (S 381,416,327) (S 380,327,415) (S 403,415,435) (S 907,435,704) (S 841,704,703) (S 839,702,701) (S 838,701,579) (S 591,579,57) (S 1038,56,791) (S 44,56,55) (S 43,55,54) (S 42,54,53) (S 908,53,704) (S 842,704,607) (S 844,705,167) (S 634,62,169) (S 135,168,169) (S 305,169,349) (S 465,350,495) (D 0,0,0)
 0 1 45 8991 21441  20 (D 0,0,0) (S 402,415,434) (S 843,705,607) (S 41,52,53) (S 909,53,454) (S 649,453,571) (S 647,472,96) (S 78,97,98) (S 319,98,362) (S 636,362,600) (S 640,600,99) (S 80,99,100) (S 81,100,101) (S 467,100,461) (S 468,461,497) (S 427,461,460) (S 638,460,574) (S 581,574,359) (S 313,322,357) (D 0,0,0)
 0 1 46 8994 34297  21 (D 0,0,0) (S 1082,788,814) (S 810,691,690) (S 804,20,485) (S 1120,688,667) (S 1118,825,440) (S 754,665,465) (S 432,466,467) (S 795,467,683) (S 794,682,683) (S 796,467,684) (S 433,467,468) (S 434,468,469) (S 715,468,641) (S 714,640,641) (S 264,303,304) (S 265,304,305) (S 435,304,469) (S 296,340,18) (S 808,689,599) (D 0,0,0)
 0 1 47 8845 25468  14 (D 0,0,0) (S 474,501,502) (S 671,502,22) (S 459,21,484) (S 451,484,483) (S 18,22,23) (S 887,23,729) (S 19,23,24) (S 20,24,25) (S 725,24,501) (S 726,501,101) (S 729,646,647) (S 658,611,612) (D 0,0,0)
 0 1 48 8710 21972  13 (D 0,0,0) (S 977,300,116) (S 94,116,117) (S 323,117,365) (S 656,365,561) (S 220,258,259) (S 182,214,215) (S 553,215,557) (S 1124,557,301) (S 1125,301,827) (S 262,301,300) (S 267,300,306) (D 0,0,0)
 0 1 49 8936 27601  9 (D 0,0,0) (S 560,561,258) (S 559,258,294) (S 558,560,294) (S 252,294,293) (S 251,293,292) (S 630,292,269) (S 230,269,227) (D 0,0,0)
 0 1 50 8838 24401  7 (D 0,0,0) (S 218,257,256) (S 229,256,227) (S 194,227,228) (S 193,227,226) (S 326,226,366) (D 0,0,0)
 0 1 51 8972 30808  9 (D 0,0,0) (S 328,367,293) (S 140,174,175) (S 1068,175,807) (S 141,175,176) (S 1067,175,348) (S 304,348,292) (S 629,269,367) (D 0,0,0)
 0 1 52 8987 24898  21 (D 0,0,0) (S 324,365,257) (S 590,366,578) (S 589,578,567) (S 538,546,547) (S 571,547,566) (S 722,566,644) (S 721,566,548) (S 539,548,547) (S 572,547,249) (S 213,249,250) (S 212,249,248) (S 823,536,285) (S 586,286,364) (S 587,364,577) (S 1170,577,608) (S 654,608,609) (S 655,609,561) (S 561,561,214) (S 554,557,306) (D 0,0,0)
 0 1 53 8951 28577  24 (D 0,0,0) (S 219,258,257) (S 325,257,366) (S 192,226,225) (S 191,225,224) (S 526,224,537) (S 718,247,223) (S 717,643,223) (S 788,222,595) (S 619,595,38) (S 29,37,38) (S 111,134,135) (S 618,135,38) (S 864,712,713) (S 187,220,221) (S 188,221,222) (S 189,222,223) (S 190,223,224) (S 719,537,247) (S 211,247,248) (S 524,248,536) (S 523,536,364) (S 588,577,567) (D 0,0,0)
 0 1 54 7887 25529  17 (D 0,0,0) (S 652,29,287) (S 245,287,286) (S 585,286,576) (S 790,576,681) (S 821,681,381) (S 820,697,381) (S 346,381,382) (S 347,382,383) (S 544,553,383) (S 545,383,287) (S 348,383,30) (S 24,30,31) (S 349,30,384) (S 23,30,29) (S 653,29,608) (D 0,0,0)
 0 1 55 8956 27998  26 (D 0,0,0) (S 1184,609,578) (S 574,567,568) (S 573,567,249) (S 720,548,537) (S 527,224,538) (S 254,295,296) (S 258,296,297) (S 624,297,463) (S 623,463,217) (S 183,217,216) (S 232,216,271) (S 231,270,216) (S 256,218,276) (S 236,276,275) (S 563,275,564) (S 576,564,131) (S 575,569,131) (S 577,564,570) (S 620,570,595) (S 789,222,681) (S 822,681,285) (S 243,284,285) (S 244,285,286) (S 322,364,29) (D 0,0,0)
 0 1 56 8946 31552  26 (D 0,0,0) (S 525,248,537) (S 428,462,213) (S 209,246,245) (S 955,245,748) (S 956,748,160) (S 127,160,159) (S 273,159,314) (S 881,314,724) (S 958,724,757) (S 128,160,128) (S 104,128,127) (S 103,126,127) (S 953,127,756) (S 949,756,725) (S 883,725,126) (S 882,126,724) (S 880,314,470) (S 436,470,213) (S 181,213,212) (S 186,212,219) (S 567,219,462) (S 429,462,463) (S 259,297,298) (S 625,297,538) (D 0,0,0)
 0 1 57 8945 32376  26 (D 0,0,0) (S 255,296,218) (S 185,218,219) (S 566,219,211) (S 565,211,486) (S 455,486,487) (S 454,486,274) (S 107,130,131) (S 108,131,132) (S 716,642,234) (S 197,232,233) (S 542,233,549) (S 540,549,550) (S 541,551,549) (S 198,233,234) (S 199,234,132) (S 200,132,235) (S 109,132,133) (S 110,133,134) (S 992,134,38) (S 991,38,712) (S 990,712,221) (S 989,221,381) (S 584,382,576) (S 791,576,287) (D 0,0,0)
 0 1 58 8985 41185  19 (D 0,0,0) (S 621,570,277) (S 235,275,274) (S 453,274,246) (S 208,245,130) (S 207,130,244) (S 1104,243,796) (S 1061,795,802) (S 214,251,231) (S 196,231,230) (S 234,230,273) (S 543,552,299) (S 260,299,229) (S 261,229,254) (S 217,254,255) (S 195,229,230) (S 233,272,230) (S 215,231,252) (D 0,0,0)
 0 1 59 8956 32829  24 (D 0,0,0) (S 787,595,133) (S 786,133,680) (S 785,680,679) (S 1160,679,252) (S 216,252,253) (S 1159,252,802) (S 1158,802,726) (S 1157,836,726) (S 885,726,421) (S 884,421,725) (S 950,725,751) (S 942,751,752) (S 941,750,751) (S 387,421,420) (S 386,420,161) (S 385,243,161) (S 954,420,756) (S 952,127,757) (S 957,757,160) (S 275,315,246) (S 210,246,213) (S 180,212,211) (D 0,0,0)
 0 1 60 8759 31506  24 (D 0,0,0) (S 568,539,462) (S 179,210,211) (S 564,486,275) (S 106,130,129) (S 937,129,244) (S 206,244,243) (S 1103,820,796) (S 1052,796,795) (S 1051,795,162) (S 131,162,163) (S 130,162,161) (S 129,161,128) (S 105,128,129) (S 938,129,748) (S 939,748,315) (S 274,315,159) (S 126,159,158) (S 529,539,295) (S 626,538,596) (S 627,596,565) (S 569,565,225) (S 570,225,566) (D 0,0,0)
 0 1 61 8898 30881  21 (D 0,0,0) (S 511,155,529) (S 513,397,89) (S 70,89,88) (S 69,87,88) (S 667,88,597) (S 668,597,615) (S 1188,615,842) (S 1189,842,680) (S 1198,842,844) (S 1197,615,844) (S 1199,844,135) (S 257,135,276) (S 237,276,277) (S 238,277,278) (S 247,278,289) (S 246,288,278) (S 622,277,217) (S 184,217,218) (S 528,295,538) (D 0,0,0)
 0 1 62 8961 31729  18 (D 0,0,0) (S 253,294,295) (S 531,158,540) (S 1211,753,841) (S 1186,841,104) (S 84,104,105) (S 1204,106,47) (S 1205,47,848) (S 37,47,48) (S 38,48,49) (S 1190,48,105) (S 1191,105,843) (S 1210,843,841) (S 1187,841,542) (S 533,542,541) (S 532,541,540) (S 139,173,174) (D 0,0,0)
 0 1 63 8845 34496  25 (D 0,0,0) (S 330,174,115) (S 92,114,113) (S 1195,113,805) (S 154,186,187) (S 1059,187,800) (S 1058,800,798) (S 1054,798,122) (S 100,122,123) (S 101,123,124) (S 1060,187,801) (S 1149,801,124) (S 102,124,125) (S 1062,125,803) (S 1175,125,764) (S 973,763,764) (S 974,764,765) (S 9,12,11) (S 825,10,35) (S 824,35,120) (S 99,121,122) (S 98,121,119) (S 96,119,118) (S 1056,118,799) (D 0,0,0)
 0 1 64 8984 34788  18 (D 0,0,0) (S 93,115,114) (S 1196,805,800) (S 155,187,123) (S 156,123,32) (S 1147,765,834) (S 1146,833,834) (S 1174,834,764) (S 1176,125,110) (S 1177,110,809) (S 1071,809,808) (S 152,185,112) (S 153,112,186) (S 1065,186,805) (S 1194,113,813) (S 1072,810,811) (S 1212,811,755) (D 0,0,0)
 0 1 65 8922 32555  16 (D 0,0,0) (S 1069,114,185) (S 1178,809,545) (S 537,545,184) (S 150,184,183) (S 1207,183,845) (S 1208,845,847) (S 1203,847,106) (S 86,106,107) (S 1200,107,845) (S 1202,847,544) (S 138,158,173) (S 1055,173,596) (S 628,565,367) (S 327,367,226) (D 0,0,0)
 0 1 66 8993 31541  20 (D 0,0,0) (S 329,293,174) (S 947,755,754) (S 1077,754,810) (S 1076,810,813) (S 1193,813,543) (S 535,543,544) (S 536,544,184) (S 151,184,185) (S 1070,185,808) (S 1151,808,111) (S 1150,111,801) (S 1148,124,765) (S 975,765,32) (S 25,32,33) (S 26,33,34) (S 27,34,35) (S 28,35,36) (S 97,120,119) (D 0,0,0)
 0 1 67 8952 35901  22 (D 0,0,0) (S 831,120,34) (S 830,34,11) (S 828,699,188) (S 159,188,189) (S 827,189,698) (S 826,189,10) (S 7,9,10) (S 8,10,11) (S 829,11,188) (S 158,188,12) (S 10,12,13) (S 157,12,32) (S 1145,33,121) (S 1144,121,799) (S 1143,799,804) (S 1063,804,797) (S 1064,797,805) (S 1053,797,798) (S 1057,798,799) (S 95,118,115) (D 0,0,0)
 0 1 68 8960 34897  20 (D 0,0,0) (S 534,542,543) (S 1192,543,843) (S 1209,843,847) (S 36,47,46) (S 147,46,182) (S 146,182,75) (S 145,181,75) (S 60,75,74) (S 1066,74,806) (S 1073,806,767) (S 987,73,767) (S 988,767,49) (S 39,49,50) (S 943,49,103) (S 944,103,753) (S 945,753,541) (S 879,540,470) (S 530,158,539) (D 0,0,0)
 0 1 69 8987 38136  14 (D 0,0,0) (S 83,103,104) (S 85,105,106) (S 87,107,108) (S 148,108,46) (S 35,46,45) (S 34,44,45) (S 1180,45,109) (S 88,109,108) (S 149,108,183) (S 1206,849,183) (S 1201,846,544) (S 946,541,754) (D 0,0,0)
 0 1 70 8921 40505  13 (D 0,0,0) (S 59,73,74) (S 1074,806,182) (S 1075,182,812) (S 1182,812,76) (S 61,76,77) (S 1181,812,45) (S 1179,109,545) (S 89,110,111) (S 90,111,112) (S 91,112,113) (S 948,755,115) (D 0,0,0)
