1744495
70
2401141
2346984
 0 1 1 8472 13904  28 (D 0,0,0) (S 816,0,677) (S 770,674,180) (S 771,180,268) (S 772,268,675) (S 761,671,6) (S 4,5,6) (S 5,6,7) (S 6,7,8) (S 773,7,675) (S 928,675,671) (S 929,671,508) (S 482,508,5) (S 483,5,509) (S 845,509,654) (S 744,654,262) (S 745,262,655) (S 868,716,655) (S 747,656,657) (S 935,657,746) (S 748,657,84) (S 65,83,84) (S 934,657,43) (S 932,745,260) (S 762,671,267) (S 763,267,179) (S 144,179,180) (D 0,0,0)
 0 1 2 8974 16722  32 (D 0,0,0) (S 780,674,672) (S 143,179,178) (S 142,178,177) (S 873,507,344) (S 872,344,380) (S 344,380,379) (S 491,379,513) (S 606,513,369) (S 332,369,370) (S 758,370,669) (S 333,370,371) (S 340,370,375) (S 339,375,86) (S 1094,85,512) (S 867,715,372) (S 1085,39,815) (S 669,616,39) (S 30,39,40) (S 335,40,372) (S 334,372,371) (S 866,371,715) (S 1092,817,715) (S 1093,715,512) (S 32,41,42) (S 67,42,85) (S 338,86,263) (S 223,263,264) (S 226,266,267) (S 227,267,268) (S 228,268,63) (D 0,0,0)
 0 1 3 8998 17214  19 (D 0,0,0) (S 1168,63,787) (S 1088,816,65) (S 52,65,66) (S 53,66,67) (S 897,67,737) (S 1165,737,583) (S 600,583,68) (S 55,68,69) (S 697,69,405) (S 698,405,633) (S 920,744,633) (S 701,634,515) (S 702,515,422) (S 703,422,439) (S 407,439,438) (S 927,437,330) (S 308,326,351) (D 0,0,0)
 0 1 4 8900 28071  21 (D 0,0,0) (S 285,326,327) (S 444,92,477) (S 919,281,743) (S 878,280,723) (S 239,279,280) (S 918,281,477) (S 443,477,199) (S 440,476,142) (S 115,142,143) (S 797,143,476) (S 798,476,685) (S 441,476,79) (S 62,78,79) (S 442,79,199) (S 169,199,200) (S 170,200,201) (S 171,201,202) (S 913,202,741) (S 841,703,704) (D 0,0,0)
 0 1 5 8946 20790  16 (D 0,0,0) (S 402,415,434) (S 634,169,62) (S 49,61,62) (S 134,167,166) (S 1037,701,56) (S 1038,56,791) (S 44,56,55) (S 1043,55,794) (S 1102,794,819) (S 1101,794,51) (S 40,51,52) (S 651,52,607) (S 842,607,704) (S 907,704,435) (D 0,0,0)
 0 1 6 8997 21724  21 (D 0,0,0) (S 401,349,434) (S 1081,434,705) (S 41,52,53) (S 42,53,54) (S 853,54,455) (S 420,455,454) (S 419,454,453) (S 649,453,571) (S 578,571,572) (S 865,572,714) (S 579,572,573) (S 580,573,359) (S 581,359,574) (S 582,574,497) (S 862,573,554) (S 861,554,139) (S 113,138,139) (S 860,709,139) (S 546,554,358) (D 0,0,0)
 0 1 7 8945 19477  18 (D 0,0,0) (S 314,322,358) (S 315,358,359) (S 316,359,360) (S 317,360,361) (S 318,361,98) (S 78,98,97) (S 77,97,96) (S 76,96,95) (S 911,95,591) (S 615,591,592) (S 852,592,455) (S 421,455,456) (S 422,456,457) (S 707,456,58) (S 837,636,579) (S 593,438,580) (D 0,0,0)
 0 1 8 8976 27090  27 (D 0,0,0) (S 704,439,635) (S 446,479,478) (S 72,92,91) (S 71,90,91) (S 874,91,282) (S 875,282,720) (S 242,282,283) (S 241,282,281) (S 240,281,280) (S 877,280,198) (S 167,197,198) (S 168,198,199) (S 713,200,639) (S 1161,837,639) (S 712,200,638) (S 711,638,637) (S 940,637,749) (S 710,637,93) (S 74,93,94) (S 75,94,95) (S 648,472,571) (S 650,453,52) (S 843,607,705) (S 844,705,167) (S 633,167,62) (D 0,0,0)
 0 1 9 8974 25568  20 (D 0,0,0) (S 437,471,472) (S 647,472,96) (S 646,96,606) (S 963,606,741) (S 849,707,201) (S 848,201,146) (S 847,706,146) (S 118,146,147) (S 120,148,149) (S 119,148,147) (S 117,146,145) (S 116,145,144) (S 293,336,144) (S 915,145,742) (S 914,145,202) (S 172,202,203) (S 807,203,689) (S 809,599,690) (D 0,0,0)
 0 1 10 8964 30064  22 (D 0,0,0) (S 810,691,690) (S 808,599,689) (S 756,667,442) (S 409,442,441) (S 1171,840,441) (S 1172,441,825) (S 1118,825,440) (S 617,594,440) (S 1117,440,665) (S 755,665,666) (S 1116,665,662) (S 752,661,662) (S 754,665,465) (S 430,465,464) (S 1173,464,825) (S 1119,825,667) (S 1120,667,688) (S 802,493,688) (S 804,485,20) (S 962,689,606) (D 0,0,0)
 0 1 11 8994 33155  13 (D 0,0,0) (S 806,203,503) (S 967,488,710) (S 863,710,711) (S 466,489,496) (S 800,687,496) (S 801,496,493) (S 462,493,490) (S 458,490,484) (S 452,484,485) (S 805,20,503) (S 635,599,362) (D 0,0,0)
 0 1 12 8986 33619  19 (D 0,0,0) (S 670,600,502) (S 475,502,503) (S 803,485,688) (S 757,442,668) (S 408,441,440) (S 1115,662,693) (S 815,693,694) (S 814,693,466) (S 795,467,683) (S 794,682,683) (S 1113,683,641) (S 714,640,641) (S 715,641,468) (S 433,468,467) (S 796,467,684) (S 432,467,466) (S 431,466,465) (D 0,0,0)
 0 1 13 8868 34494  15 (D 0,0,0) (S 813,692,466) (S 434,468,469) (S 551,469,473) (S 1169,474,839) (S 439,474,475) (S 438,474,473) (S 552,473,340) (S 295,339,340) (S 296,340,18) (S 14,18,19) (S 994,19,769) (S 993,768,19) (S 15,19,20) (D 0,0,0)
 0 1 14 8985 29181  18 (D 0,0,0) (S 671,502,22) (S 672,22,483) (S 673,483,492) (S 460,491,492) (S 461,492,490) (S 457,490,489) (S 456,489,488) (S 966,488,618) (S 676,618,619) (S 675,618,617) (S 888,617,730) (S 674,617,492) (S 451,483,484) (S 459,484,21) (S 16,21,20) (S 917,691,360) (D 0,0,0)
 0 1 15 8989 25850  15 (D 0,0,0) (S 426,361,460) (S 427,460,461) (S 467,461,100) (S 81,100,101) (S 726,101,501) (S 474,501,502) (S 17,21,22) (S 18,22,23) (S 887,23,729) (S 19,23,24) (S 20,24,25) (S 725,24,501) (S 727,101,575) (D 0,0,0)
 0 1 16 8781 35041  19 (D 0,0,0) (S 1021,601,337) (S 294,337,338) (S 736,395,499) (S 471,499,398) (S 351,387,386) (S 350,386,385) (S 985,376,766) (S 986,766,73) (S 59,73,74) (S 1066,74,806) (S 1073,806,767) (S 988,767,49) (S 39,49,50) (S 83,103,104) (S 1186,104,841) (S 1211,841,753) (S 946,541,754) (D 0,0,0)
 0 1 17 8928 36009  14 (D 0,0,0) (S 1187,542,841) (S 1210,841,843) (S 1209,843,847) (S 87,107,108) (S 88,108,109) (S 1180,109,45) (S 34,44,45) (S 35,45,46) (S 36,46,47) (S 37,47,48) (S 1190,48,105) (S 84,105,104) (D 0,0,0)
 0 1 18 8931 34286  22 (D 0,0,0) (S 947,755,754) (S 1077,754,810) (S 1076,810,813) (S 1193,813,543) (S 1202,544,847) (S 1203,847,106) (S 86,106,107) (S 1200,107,845) (S 1207,845,183) (S 1206,849,183) (S 1208,845,847) (S 1192,543,843) (S 1191,843,105) (S 85,105,106) (S 1204,106,47) (S 1205,47,848) (S 38,48,49) (S 943,49,103) (S 944,103,753) (S 945,753,541) (D 0,0,0)
 0 1 19 8936 32181  20 (D 0,0,0) (S 330,174,115) (S 948,115,755) (S 1212,755,811) (S 1072,811,810) (S 1194,813,113) (S 1195,113,805) (S 1065,805,186) (S 154,186,187) (S 1060,187,801) (S 1149,801,124) (S 1148,124,765) (S 1147,765,834) (S 1146,833,834) (S 1174,834,764) (S 974,764,765) (S 975,765,32) (S 25,32,33) (S 98,121,119) (D 0,0,0)
 0 1 20 8964 35847  23 (D 0,0,0) (S 96,118,119) (S 97,119,120) (S 830,34,11) (S 8,11,10) (S 7,9,10) (S 825,10,35) (S 28,35,36) (S 824,35,120) (S 831,120,34) (S 9,11,12) (S 10,12,13) (S 158,12,188) (S 829,188,11) (S 828,699,188) (S 159,188,189) (S 827,189,698) (S 826,189,10) (S 27,35,34) (S 26,34,33) (S 1145,33,121) (S 1144,121,799) (D 0,0,0)
 0 1 21 8985 33622  17 (D 0,0,0) (S 329,293,174) (S 1069,114,185) (S 152,185,112) (S 90,112,111) (S 89,111,110) (S 1176,110,125) (S 973,763,764) (S 1175,764,125) (S 1062,125,803) (S 102,125,124) (S 101,124,123) (S 156,123,32) (S 157,32,12) (S 99,122,121) (S 95,118,115) (D 0,0,0)
 0 1 22 8939 26559  8 (D 0,0,0) (S 193,226,227) (S 230,227,269) (S 194,227,228) (S 229,227,256) (S 218,256,257) (S 324,257,365) (D 0,0,0)
 0 1 23 8961 23143  9 (D 0,0,0) (S 219,258,257) (S 325,257,366) (S 327,226,367) (S 629,367,269) (S 630,269,292) (S 251,292,293) (S 559,294,258) (D 0,0,0)
 0 1 24 8997 39468  15 (D 0,0,0) (S 654,609,608) (S 787,595,133) (S 214,251,231) (S 196,231,230) (S 233,272,230) (S 234,230,273) (S 195,230,229) (S 217,254,255) (S 261,254,229) (S 543,552,299) (S 260,299,229) (S 215,231,252) (S 786,680,133) (D 0,0,0)
 0 1 25 8985 31264  25 (D 0,0,0) (S 575,569,131) (S 107,131,130) (S 207,130,244) (S 206,244,243) (S 1104,243,796) (S 1103,820,796) (S 1052,796,795) (S 1051,795,162) (S 131,162,163) (S 130,162,161) (S 129,161,128) (S 128,128,160) (S 956,160,748) (S 955,748,245) (S 209,245,246) (S 453,246,274) (S 235,274,275) (S 563,275,564) (S 577,564,570) (S 788,595,222) (S 823,285,536) (S 523,536,364) (S 322,364,29) (D 0,0,0)
 0 1 26 8983 28511  24 (D 0,0,0) (S 652,29,287) (S 245,287,286) (S 584,576,382) (S 346,382,381) (S 990,221,712) (S 864,712,713) (S 991,712,38) (S 29,37,38) (S 992,38,134) (S 111,134,135) (S 257,135,276) (S 256,276,218) (S 184,218,217) (S 622,217,277) (S 237,277,276) (S 236,276,275) (S 454,274,486) (S 255,218,296) (S 258,296,297) (S 625,297,538) (S 191,224,225) (S 213,249,250) (D 0,0,0)
 0 1 27 8646 30566  21 (D 0,0,0) (S 573,567,249) (S 212,249,248) (S 211,248,247) (S 717,643,223) (S 190,223,224) (S 527,224,538) (S 259,297,298) (S 623,463,217) (S 232,216,271) (S 231,270,216) (S 183,216,217) (S 189,222,223) (S 718,223,247) (S 719,247,537) (S 720,537,548) (S 721,548,566) (S 571,566,547) (S 538,546,547) (S 574,567,568) (D 0,0,0)
 0 1 28 8791 29514  28 (D 0,0,0) (S 572,249,547) (S 526,537,224) (S 528,538,295) (S 254,295,296) (S 185,218,219) (S 186,219,212) (S 181,212,213) (S 436,213,470) (S 880,470,314) (S 882,724,126) (S 883,126,725) (S 942,751,752) (S 941,750,751) (S 950,751,725) (S 884,725,421) (S 386,420,161) (S 385,161,243) (S 937,244,129) (S 106,129,130) (S 208,130,245) (S 428,213,462) (S 429,462,463) (S 624,463,297) (S 626,538,596) (S 627,596,565) (S 569,565,225) (D 0,0,0)
 0 1 29 8957 28580  29 (D 0,0,0) (S 588,567,577) (S 524,536,248) (S 525,248,537) (S 568,539,462) (S 567,462,219) (S 566,219,211) (S 179,210,211) (S 564,275,486) (S 455,486,487) (S 565,486,211) (S 180,211,212) (S 210,213,246) (S 275,246,315) (S 939,315,748) (S 938,748,129) (S 105,129,128) (S 104,128,127) (S 103,126,127) (S 952,127,757) (S 957,757,160) (S 127,160,159) (S 273,159,314) (S 879,470,540) (S 531,540,158) (S 530,158,539) (S 529,539,295) (S 253,295,294) (D 0,0,0)
 0 1 30 8980 32235  24 (D 0,0,0) (S 539,547,548) (S 532,540,541) (S 533,541,542) (S 534,542,543) (S 535,543,544) (S 1201,846,544) (S 536,544,184) (S 151,184,185) (S 1070,185,808) (S 1150,111,801) (S 1059,187,800) (S 1058,800,798) (S 1057,798,799) (S 1143,799,804) (S 1063,804,797) (S 1053,797,798) (S 1054,798,122) (S 100,122,123) (S 155,123,187) (S 1196,800,805) (S 92,113,114) (S 93,114,115) (D 0,0,0)
 0 1 31 8980 32376  10 (D 0,0,0) (S 304,292,348) (S 1067,348,175) (S 141,175,176) (S 1068,175,807) (S 140,175,174) (S 139,174,173) (S 1055,173,596) (S 589,567,578) (D 0,0,0)
 0 1 32 8930 25856  18 (D 0,0,0) (S 1170,608,577) (S 587,577,364) (S 586,364,286) (S 244,286,285) (S 243,284,285) (S 822,285,681) (S 789,681,222) (S 188,222,221) (S 187,220,221) (S 989,221,381) (S 347,382,383) (S 348,383,30) (S 24,30,31) (S 349,30,384) (S 23,30,29) (S 653,29,608) (D 0,0,0)
 0 1 33 8974 34528  25 (D 0,0,0) (S 544,553,383) (S 545,383,287) (S 821,681,381) (S 820,697,381) (S 110,134,133) (S 109,133,132) (S 199,132,234) (S 198,234,233) (S 197,232,233) (S 542,233,549) (S 540,549,550) (S 541,551,549) (S 716,642,234) (S 200,132,235) (S 108,132,131) (S 576,131,564) (S 621,570,277) (S 238,277,278) (S 246,288,278) (S 247,278,289) (S 620,570,595) (S 790,681,576) (S 791,576,287) (D 0,0,0)
 0 1 34 8927 27367  14 (D 0,0,0) (S 554,306,557) (S 655,561,609) (S 1184,609,578) (S 590,578,366) (S 326,366,226) (S 192,226,225) (S 570,225,566) (S 722,566,644) (S 628,565,367) (S 328,367,293) (S 252,293,294) (S 558,560,294) (D 0,0,0)
 0 1 35 8978 34064  23 (D 0,0,0) (S 354,389,390) (S 631,530,597) (S 1197,615,844) (S 1189,842,680) (S 785,680,679) (S 1160,679,252) (S 216,252,253) (S 1159,252,802) (S 1061,802,795) (S 1158,802,726) (S 1157,836,726) (S 885,726,421) (S 387,421,420) (S 954,420,756) (S 949,756,725) (S 953,756,127) (S 958,757,724) (S 881,724,314) (S 274,159,315) (S 126,159,158) (S 138,158,173) (D 0,0,0)
 0 1 36 8885 39922  14 (D 0,0,0) (S 469,498,428) (S 393,428,386) (S 394,386,377) (S 987,73,767) (S 1074,806,182) (S 1075,182,812) (S 61,76,77) (S 1182,76,812) (S 1181,812,45) (S 1179,109,545) (S 1177,809,110) (S 91,112,113) (D 0,0,0)
 0 1 37 8940 35584  19 (D 0,0,0) (S 362,398,387) (S 364,378,399) (S 1046,429,766) (S 60,74,75) (S 145,181,75) (S 146,75,182) (S 147,182,46) (S 148,46,108) (S 149,108,183) (S 150,183,184) (S 537,184,545) (S 1178,545,809) (S 1071,809,808) (S 1151,808,111) (S 153,112,186) (S 1064,805,797) (S 1056,799,118) (D 0,0,0)
 0 1 38 8986 34697  16 (D 0,0,0) (S 361,394,398) (S 470,398,498) (S 392,428,392) (S 983,391,385) (S 984,385,376) (S 341,376,377) (S 395,377,429) (S 396,429,412) (S 397,412,430) (S 377,412,413) (S 374,409,400) (S 1048,399,652) (S 734,652,388) (S 352,388,387) (D 0,0,0)
 0 1 39 8959 26579  19 (D 0,0,0) (S 358,395,394) (S 357,394,393) (S 1005,777,393) (S 356,393,392) (S 355,392,391) (S 982,391,140) (S 114,140,141) (S 981,140,152) (S 122,152,153) (S 980,152,236) (S 201,236,237) (S 1014,237,781) (S 1016,781,778) (S 1010,778,779) (S 1017,779,426) (S 391,426,427) (S 412,446,447) (D 0,0,0)
 0 1 40 8988 20665  17 (D 0,0,0) (S 661,319,534) (S 1001,611,647) (S 728,646,575) (S 82,101,102) (S 583,575,497) (S 468,497,461) (S 80,100,99) (S 79,99,98) (S 319,98,362) (S 636,362,600) (S 640,600,99) (S 639,99,460) (S 638,460,574) (S 637,574,601) (S 1020,601,446) (D 0,0,0)
 0 1 41 8828 29926  14 (D 0,0,0) (S 112,136,137) (S 123,154,155) (S 645,155,363) (S 125,156,157) (S 124,156,155) (S 510,155,291) (S 509,291,241) (S 508,241,528) (S 784,528,678) (S 205,241,242) (S 250,242,291) (S 249,291,154) (D 0,0,0)
 0 1 42 8947 26387  19 (D 0,0,0) (S 737,290,395) (S 485,511,396) (S 486,396,500) (S 472,500,499) (S 735,499,388) (S 353,388,389) (S 487,389,500) (S 473,500,89) (S 70,89,88) (S 1185,614,529) (S 511,529,155) (S 738,290,137) (S 739,137,427) (S 968,535,761) (S 1141,761,526) (S 1140,526,347) (S 303,347,346) (D 0,0,0)
 0 1 43 8927 14035  33 (D 0,0,0) (S 765,672,16) (S 12,16,15) (S 399,15,431) (S 398,431,178) (S 479,177,507) (S 480,507,266) (S 225,266,265) (S 299,265,343) (S 298,343,342) (S 297,341,342) (S 760,342,261) (S 222,261,262) (S 746,655,656) (S 1098,656,818) (S 1097,656,670) (S 1096,670,745) (S 1095,745,85) (S 68,85,86) (S 871,86,380) (S 345,380,264) (S 224,264,265) (S 300,265,344) (S 301,344,345) (S 492,345,379) (S 343,379,368) (S 331,368,369) (S 522,368,527) (S 506,526,525) (S 505,525,524) (S 766,524,16) (S 13,16,17) (D 0,0,0)
 0 1 44 8926 27564  20 (D 0,0,0) (S 503,522,523) (S 1079,525,762) (S 1019,446,452) (S 248,290,154) (S 320,242,363) (S 664,363,156) (S 665,156,614) (S 666,614,88) (S 69,87,88) (S 667,88,597) (S 632,597,598) (S 668,597,615) (S 1188,615,842) (S 1198,842,844) (S 1199,844,135) (S 618,135,38) (S 619,38,595) (S 585,576,286) (D 0,0,0)
 0 1 45 8964 32097  23 (D 0,0,0) (S 359,395,396) (S 360,396,397) (S 512,529,397) (S 513,397,89) (S 514,89,530) (S 515,530,531) (S 1050,530,390) (S 1049,390,652) (S 733,652,414) (S 732,651,414) (S 378,414,401) (S 379,401,410) (S 376,410,411) (S 375,410,400) (S 367,401,402) (S 366,401,400) (S 365,400,399) (S 1047,399,429) (S 342,377,378) (S 363,378,387) (S 1006,498,393) (D 0,0,0)
 0 1 46 8980 28985  17 (D 0,0,0) (S 1011,779,239) (S 1012,239,780) (S 204,239,240) (S 203,239,238) (S 1009,238,778) (S 202,238,237) (S 1015,237,782) (S 979,236,424) (S 876,721,722) (S 978,722,424) (S 389,424,425) (S 1013,425,781) (S 390,425,426) (S 869,717,427) (S 418,427,452) (D 0,0,0)
 0 1 47 8623 14433  22 (D 0,0,0) (S 1154,719,832) (S 1137,432,443) (S 1134,814,357) (S 313,357,322) (S 282,322,323) (S 281,322,321) (S 312,321,356) (S 280,321,320) (S 279,320,319) (S 662,319,443) (S 410,443,444) (S 1136,443,494) (S 1135,494,814) (S 1082,814,788) (S 1032,788,789) (S 1031,788,495) (S 1030,495,325) (S 283,325,324) (S 690,324,521) (S 792,521,677) (D 0,0,0)
 0 1 48 8279 12224  18 (D 0,0,0) (S 777,676,677) (S 778,677,653) (S 742,653,63) (S 741,63,8) (S 740,8,555) (S 484,509,510) (S 549,509,555) (S 548,555,190) (S 547,190,81) (S 63,81,80) (S 614,80,532) (S 161,191,190) (S 160,190,82) (S 846,654,82) (S 64,82,81) (S 1107,81,695) (D 0,0,0)
 0 1 49 7912 19000  15 (D 0,0,0) (S 819,695,696) (S 173,204,205) (S 553,557,215) (S 182,215,214) (S 561,214,561) (S 560,561,258) (S 220,258,259) (S 656,561,365) (S 323,365,117) (S 94,117,116) (S 977,116,300) (S 266,306,151) (S 1100,191,3) (D 0,0,0)
 0 1 50 8506 17870  13 (D 0,0,0) (S 1,0,1) (S 2,2,3) (S 889,732,731) (S 926,731,28) (S 22,28,27) (S 21,27,26) (S 1018,26,783) (S 753,663,664) (S 799,663,686) (S 972,686,27) (S 1099,732,3) (D 0,0,0)
 0 1 51 8894 13445  21 (D 0,0,0) (S 1026,3,787) (S 1027,787,64) (S 51,64,65) (S 1087,65,451) (S 925,418,739) (S 902,739,450) (S 415,450,449) (S 895,449,170) (S 368,170,403) (S 663,403,613) (S 369,403,404) (S 599,404,68) (S 54,68,67) (S 896,67,170) (S 136,170,171) (S 900,171,66) (S 899,66,738) (S 1166,738,816) (S 1089,816,733) (D 0,0,0)
 0 1 52 8918 19990  18 (D 0,0,0) (S 891,734,621) (S 694,622,505) (S 695,505,632) (S 1163,632,829) (S 1162,838,829) (S 1128,829,71) (S 58,71,72) (S 1127,71,407) (S 372,407,406) (S 1033,406,70) (S 56,70,69) (S 696,69,632) (S 1164,632,583) (S 601,583,504) (S 898,737,738) (S 1167,816,787) (D 0,0,0)
 0 1 53 8928 13761  25 (D 0,0,0) (S 50,63,64) (S 1028,64,520) (S 1029,520,325) (S 284,325,326) (S 307,326,350) (S 135,168,169) (S 305,169,349) (S 306,349,350) (S 465,350,495) (S 464,495,494) (S 463,494,320) (S 278,319,318) (S 277,318,317) (S 1156,317,835) (S 276,317,316) (S 1142,316,761) (S 969,761,762) (S 970,762,673) (S 767,673,524) (S 504,524,523) (S 768,523,17) (S 769,17,674) (S 779,674,653) (D 0,0,0)
 0 1 54 8701 15567  23 (D 0,0,0) (S 502,522,521) (S 499,351,416) (S 1002,417,740) (S 1003,740,735) (S 1004,735,776) (S 1044,776,581) (S 1045,581,626) (S 685,626,627) (S 687,627,629) (S 688,629,630) (S 951,629,634) (S 700,634,627) (S 699,627,633) (S 921,633,582) (S 922,582,313) (S 272,313,310) (S 270,310,311) (S 271,310,312) (S 414,312,449) (S 416,450,419) (S 384,419,418) (D 0,0,0)
 0 1 55 8750 16335  28 (D 0,0,0) (S 382,416,417) (S 383,417,418) (S 924,739,736) (S 893,736,735) (S 892,735,518) (S 857,518,329) (S 856,329,436) (S 1024,437,784) (S 731,649,650) (S 1022,649,784) (S 1025,784,786) (S 1023,784,785) (S 1040,785,793) (S 1039,792,793) (S 1041,793,660) (S 751,659,660) (S 1042,660,790) (S 1036,790,701) (S 45,56,57) (S 591,57,579) (S 592,579,438) (S 406,438,437) (S 405,437,436) (S 404,436,435) (S 403,435,415) (S 380,415,327) (D 0,0,0)
 0 1 56 8991 20300  21 (D 0,0,0) (S 381,416,327) (S 286,327,328) (S 906,328,435) (S 855,436,703) (S 840,703,702) (S 839,702,701) (S 838,701,579) (S 959,635,758) (S 961,758,760) (S 960,758,759) (S 706,636,58) (S 47,58,59) (S 48,59,60) (S 449,59,481) (S 835,481,700) (S 832,700,165) (S 132,164,165) (S 133,165,166) (S 1034,166,702) (D 0,0,0)
 0 1 57 8990 24238  19 (D 0,0,0) (S 495,517,516) (S 388,422,423) (S 705,635,636) (S 836,636,700) (S 448,59,480) (S 995,480,770) (S 447,480,479) (S 997,479,772) (S 996,478,771) (S 445,478,92) (S 73,92,93) (S 709,93,562) (S 562,562,563) (S 708,562,456) (S 46,58,57) (S 43,55,54) (S 854,54,703) (D 0,0,0)
 0 1 58 8896 17773  25 (D 0,0,0) (S 309,351,352) (S 1086,352,451) (S 417,451,419) (S 901,450,171) (S 137,171,172) (S 894,449,736) (S 923,736,313) (S 597,582,581) (S 596,581,516) (S 594,332,580) (S 1035,580,331) (S 290,331,332) (S 595,332,516) (S 642,517,602) (S 643,602,604) (S 644,604,605) (S 686,605,628) (S 723,645,604) (S 724,604,603) (S 641,603,602) (S 496,517,518) (S 497,518,519) (S 498,519,416) (D 0,0,0)
 0 1 59 8968 17274  14 (D 0,0,0) (S 501,521,520) (S 494,516,515) (S 493,515,514) (S 833,514,333) (S 834,333,481) (S 450,481,482) (S 291,333,332) (S 289,331,330) (S 288,330,329) (S 287,329,328) (S 905,328,519) (S 904,519,740) (D 0,0,0)
 0 1 60 4880 8643  11 (D 0,0,0) (S 858,708,433) (S 859,433,324) (S 689,631,324) (S 400,433,432) (S 1138,432,832) (S 1139,832,718) (S 870,718,719) (S 1153,719,708) (S 743,522,653) (D 0,0,0)
 0 1 61 8929 15430  29 (D 0,0,0) (S 1152,522,708) (S 971,708,673) (S 1078,762,718) (S 1155,832,317) (S 411,318,445) (S 413,448,447) (S 793,447,646) (S 729,646,647) (S 730,647,648) (S 1007,647,612) (S 1008,612,774) (S 999,774,775) (S 998,773,774) (S 1000,774,611) (S 657,610,611) (S 658,611,612) (S 659,612,448) (S 660,448,534) (S 519,534,445) (S 520,445,535) (S 521,535,527) (S 507,527,526) (S 1080,525,14) (S 11,14,15) (S 477,14,506) (S 782,506,431) (S 781,431,672) (D 0,0,0)
 0 1 62 8384 16215  26 (D 0,0,0) (S 481,266,508) (S 930,508,343) (S 931,343,260) (S 221,260,261) (S 759,261,670) (S 933,745,43) (S 1183,43,822) (S 1105,821,822) (S 1131,823,831) (S 1106,823,822) (S 33,43,42) (S 66,42,84) (S 749,84,373) (S 337,373,374) (S 750,373,658) (S 336,373,40) (S 31,40,41) (S 488,41,512) (S 489,512,375) (S 490,375,513) (S 302,345,346) (S 783,346,506) (S 478,506,177) (S 764,179,672) (D 0,0,0)
 0 1 63 8917 13253  13 (D 0,0,0) (S 3,3,4) (S 936,747,727) (S 886,727,728) (S 1083,728,4) (S 1084,4,191) (S 517,532,150) (S 518,150,533) (S 121,150,151) (S 174,151,205) (S 1108,205,695) (S 818,695,2) (D 0,0,0)
 0 1 64 8800 18124  15 (D 0,0,0) (S 1091,4,734) (S 1090,734,733) (S 890,733,621) (S 680,353,584) (S 693,622,195) (S 692,195,590) (S 611,590,589) (S 610,589,588) (S 609,588,559) (S 608,559,587) (S 607,586,587) (S 976,587,300) (S 267,300,306) (D 0,0,0)
 0 1 65 8856 15182  12 (D 0,0,0) (S 516,191,532) (S 613,532,585) (S 605,585,206) (S 176,206,207) (S 1121,208,588) (S 557,559,209) (S 556,209,558) (S 1132,558,826) (S 1122,826,208) (S 175,206,151) (D 0,0,0)
 0 1 66 8123 15805  15 (D 0,0,0) (S 163,192,193) (S 164,193,194) (S 604,194,585) (S 612,585,590) (S 691,590,207) (S 177,207,208) (S 178,208,209) (S 555,558,306) (S 262,300,301) (S 1125,301,827) (S 1124,301,557) (S 1123,557,205) (S 817,2,0) (D 0,0,0)
 0 1 67 8901 15065  17 (D 0,0,0) (S 677,620,621) (S 678,621,459) (S 423,458,459) (S 679,459,353) (S 681,584,622) (S 682,622,623) (S 775,623,196) (S 776,196,589) (S 166,196,195) (S 165,195,194) (S 603,194,584) (S 310,353,354) (S 311,354,355) (S 321,354,193) (S 162,192,191) (D 0,0,0)
 0 1 68 8816 19647  19 (D 0,0,0) (S 425,192,355) (S 424,355,459) (S 602,584,504) (S 476,504,505) (S 774,505,623) (S 683,623,624) (S 1130,624,830) (S 684,624,625) (S 1129,624,829) (S 57,71,70) (S 1126,828,407) (S 373,407,408) (S 371,406,405) (S 370,405,404) (S 598,404,582) (S 903,739,740) (S 500,351,520) (D 0,0,0)
 0 1 69 8970 21489  16 (D 0,0,0) (S 1133,357,335) (S 292,335,334) (S 812,334,471) (S 811,471,691) (S 916,690,97) (S 912,95,741) (S 964,741,707) (S 965,707,638) (S 850,707,94) (S 851,94,592) (S 616,592,593) (S 910,591,454) (S 909,454,53) (S 908,53,704) (D 0,0,0)
 0 1 70 8994 39051  14 (D 0,0,0) (S 1114,693,683) (S 1112,641,556) (S 550,556,469) (S 435,469,304) (S 265,304,305) (S 264,304,303) (S 1110,303,308) (S 268,307,308) (S 1109,824,308) (S 269,308,309) (S 263,302,303) (S 1111,303,556) (D 0,0,0)
