1756829
70
1818531
1712402
 0 1 1 7950 12205  32 (D 0,0,0) (S 816,0,677) (S 399,431,15) (S 11,15,14) (S 477,14,506) (S 492,345,379) (S 491,379,513) (S 339,375,86) (S 871,86,380) (S 345,380,264) (S 223,264,263) (S 338,263,86) (S 68,86,85) (S 67,85,42) (S 32,42,41) (S 31,41,40) (S 335,40,372) (S 867,372,715) (S 1092,817,715) (S 1093,715,512) (S 488,41,512) (S 1094,512,85) (S 1095,85,745) (S 932,745,260) (S 931,260,343) (S 930,343,508) (S 481,508,266) (S 480,266,507) (S 142,177,178) (S 143,178,179) (S 398,178,431) (D 0,0,0)
 0 1 2 8958 14347  33 (D 0,0,0) (S 781,672,431) (S 782,431,506) (S 303,346,347) (S 1140,347,526) (S 343,368,379) (S 344,379,380) (S 872,380,344) (S 873,344,507) (S 479,507,177) (S 478,177,506) (S 783,506,346) (S 302,346,345) (S 301,345,344) (S 300,344,265) (S 299,265,343) (S 298,343,342) (S 297,341,342) (S 760,342,261) (S 759,261,670) (S 1097,670,656) (S 746,656,655) (S 868,716,655) (S 845,654,509) (S 483,509,5) (S 4,5,6) (S 5,6,7) (S 773,7,675) (S 762,671,267) (S 763,267,179) (S 144,179,180) (S 770,180,674) (D 0,0,0)
 0 1 3 8906 19493  22 (D 0,0,0) (S 743,653,522) (S 504,523,524) (S 767,524,673) (S 1139,718,832) (S 465,495,350) (S 135,168,169) (S 634,169,62) (S 633,62,167) (S 844,167,705) (S 843,705,607) (S 651,607,52) (S 650,52,453) (S 419,453,454) (S 910,454,591) (S 615,591,592) (S 616,592,593) (S 852,592,455) (S 853,455,54) (S 854,54,703) (S 286,328,327) (D 0,0,0)
 0 1 4 8948 19064  16 (D 0,0,0) (S 906,328,435) (S 594,580,332) (S 291,332,333) (S 834,333,481) (S 450,481,482) (S 836,700,636) (S 959,635,758) (S 961,758,760) (S 960,758,759) (S 704,635,439) (S 407,439,438) (S 593,438,580) (S 1035,580,331) (S 289,331,330) (D 0,0,0)
 0 1 5 8408 16213  15 (D 0,0,0) (S 381,416,327) (S 380,327,415) (S 403,415,435) (S 404,435,436) (S 855,436,703) (S 840,703,702) (S 1034,702,166) (S 133,166,165) (S 132,164,165) (S 134,166,167) (S 49,61,62) (S 305,169,349) (S 1030,495,325) (D 0,0,0)
 0 1 6 8975 21800  24 (D 0,0,0) (S 777,676,677) (S 1002,417,740) (S 903,740,739) (S 921,582,633) (S 920,744,633) (S 699,633,627) (S 687,627,629) (S 688,629,630) (S 951,629,634) (S 701,634,515) (S 595,516,332) (S 290,331,332) (S 495,516,517) (S 643,602,604) (S 723,645,604) (S 686,605,628) (S 644,605,604) (S 724,604,603) (S 641,603,602) (S 642,602,517) (S 497,518,519) (S 498,519,416) (D 0,0,0)
 0 1 7 8576 17565  21 (D 0,0,0) (S 1003,740,735) (S 1004,735,776) (S 1044,776,581) (S 1045,581,626) (S 685,626,627) (S 700,627,634) (S 698,633,405) (S 371,405,406) (S 373,407,408) (S 372,407,406) (S 1033,406,70) (S 370,405,404) (S 369,404,403) (S 663,403,613) (S 368,403,170) (S 136,170,171) (S 416,450,419) (S 417,419,451) (S 501,520,521) (D 0,0,0)
 0 1 8 6807 9527  23 (D 0,0,0) (S 792,677,521) (S 502,521,522) (S 503,522,523) (S 768,523,17) (S 13,17,16) (S 766,16,524) (S 505,524,525) (S 506,525,526) (S 507,526,527) (S 521,527,535) (S 968,535,761) (S 969,761,762) (S 970,762,673) (S 971,673,708) (S 1153,708,719) (S 870,719,718) (S 1078,718,762) (S 1079,762,525) (S 1080,525,14) (S 12,15,16) (S 765,16,672) (D 0,0,0)
 0 1 9 8968 20189  27 (D 0,0,0) (S 742,653,63) (S 228,63,268) (S 772,268,675) (S 928,675,671) (S 761,671,6) (S 482,5,508) (S 929,671,508) (S 221,260,261) (S 1131,823,831) (S 1106,823,822) (S 1105,821,822) (S 1183,822,43) (S 934,43,657) (S 935,657,746) (S 65,83,84) (S 749,84,373) (S 750,373,658) (S 337,373,374) (S 336,373,40) (S 30,40,39) (S 669,616,39) (S 1085,39,815) (S 334,372,371) (S 332,370,369) (S 769,17,674) (D 0,0,0)
 0 1 10 8825 14232  28 (D 0,0,0) (S 779,653,674) (S 780,674,672) (S 764,672,179) (S 771,180,268) (S 227,268,267) (S 226,267,266) (S 225,266,265) (S 224,265,264) (S 340,375,370) (S 758,370,669) (S 333,370,371) (S 866,371,715) (S 489,512,375) (S 490,375,513) (S 606,513,369) (S 331,369,368) (S 522,368,527) (S 1141,526,761) (S 1142,761,316) (S 276,316,317) (S 1156,317,835) (S 1155,317,832) (S 400,432,433) (S 859,433,324) (S 858,433,708) (S 1152,708,522) (D 0,0,0)
 0 1 11 8045 12144  17 (D 0,0,0) (S 778,677,653) (S 50,63,64) (S 1028,64,520) (S 500,520,351) (S 309,351,352) (S 1086,352,451) (S 1087,451,65) (S 1088,65,816) (S 1089,816,733) (S 679,459,353) (S 310,353,354) (S 311,354,355) (S 321,354,193) (S 162,192,191) (S 1100,191,3) (D 0,0,0)
 0 1 12 8944 14427  17 (D 0,0,0) (S 3,3,4) (S 936,747,727) (S 886,727,728) (S 1083,728,4) (S 1091,4,734) (S 891,734,621) (S 677,620,621) (S 678,621,459) (S 423,458,459) (S 424,459,355) (S 425,355,192) (S 161,191,190) (S 547,190,81) (S 1107,81,695) (S 818,695,2) (D 0,0,0)
 0 1 13 8506 17870  13 (D 0,0,0) (S 1,0,1) (S 1099,3,732) (S 926,731,28) (S 22,28,27) (S 21,27,26) (S 1018,26,783) (S 753,663,664) (S 799,663,686) (S 972,686,27) (S 889,731,732) (S 2,3,2) (D 0,0,0)
 0 1 14 7789 13795  21 (D 0,0,0) (S 741,63,8) (S 6,7,8) (S 740,8,555) (S 549,555,509) (S 484,509,510) (S 548,555,190) (S 160,190,82) (S 846,82,654) (S 744,654,262) (S 745,262,655) (S 1098,656,818) (S 747,656,657) (S 748,657,84) (S 66,84,42) (S 33,42,43) (S 933,43,745) (S 1096,745,670) (S 222,261,262) (S 64,82,81) (D 0,0,0)
 0 1 15 8873 14485  13 (D 0,0,0) (S 63,81,80) (S 614,80,532) (S 613,532,585) (S 612,585,590) (S 611,590,589) (S 776,589,196) (S 166,196,195) (S 693,195,622) (S 681,622,584) (S 603,584,194) (S 1084,191,4) (D 0,0,0)
 0 1 16 8937 16323  14 (D 0,0,0) (S 516,191,532) (S 518,150,533) (S 121,150,151) (S 175,151,206) (S 1121,208,588) (S 557,559,209) (S 556,558,209) (S 178,209,208) (S 691,207,590) (S 692,590,195) (S 165,195,194) (S 163,193,192) (D 0,0,0)
 0 1 17 8937 15789  14 (D 0,0,0) (S 164,193,194) (S 604,194,585) (S 605,585,206) (S 176,206,207) (S 177,207,208) (S 1122,208,826) (S 1132,826,558) (S 555,558,306) (S 262,300,301) (S 1125,301,827) (S 1124,301,557) (S 1108,205,695) (D 0,0,0)
 0 1 18 8812 18904  14 (D 0,0,0) (S 517,532,150) (S 976,300,587) (S 607,586,587) (S 608,587,559) (S 609,559,588) (S 610,588,589) (S 775,196,623) (S 774,623,505) (S 695,505,632) (S 600,583,68) (S 54,68,67) (S 897,67,737) (D 0,0,0)
 0 1 19 8891 17635  20 (D 0,0,0) (S 898,738,737) (S 1165,737,583) (S 601,583,504) (S 1164,583,632) (S 696,632,69) (S 56,69,70) (S 57,70,71) (S 58,71,72) (S 1128,71,829) (S 1127,71,407) (S 1126,828,407) (S 697,405,69) (S 55,69,68) (S 599,68,404) (S 598,404,582) (S 922,582,313) (S 925,739,418) (S 382,417,416) (D 0,0,0)
 0 1 20 8436 12755  25 (D 0,0,0) (S 1168,63,787) (S 1167,787,816) (S 1166,816,738) (S 899,738,66) (S 900,66,171) (S 137,171,172) (S 901,171,450) (S 415,450,449) (S 414,449,312) (S 271,312,310) (S 270,310,311) (S 272,310,313) (S 923,313,736) (S 893,736,735) (S 892,518,735) (S 894,736,449) (S 895,449,170) (S 896,170,67) (S 53,67,66) (S 52,66,65) (S 51,65,64) (S 1027,64,787) (S 1026,787,3) (D 0,0,0)
 0 1 21 8970 19413  19 (D 0,0,0) (S 499,351,416) (S 383,417,418) (S 384,418,419) (S 902,450,739) (S 924,739,736) (S 597,582,581) (S 596,581,516) (S 493,515,514) (S 833,514,333) (S 449,481,59) (S 48,59,60) (S 47,59,58) (S 46,58,57) (S 1038,56,791) (S 1037,56,701) (S 839,701,702) (S 907,704,435) (D 0,0,0)
 0 1 22 8759 26487  24 (D 0,0,0) (S 841,704,703) (S 832,165,700) (S 835,700,481) (S 448,59,480) (S 995,480,770) (S 447,480,479) (S 997,479,772) (S 446,479,478) (S 444,92,477) (S 918,477,281) (S 919,281,743) (S 240,281,280) (S 878,280,723) (S 239,279,280) (S 877,280,198) (S 167,197,198) (S 168,198,199) (S 169,199,200) (S 711,638,637) (S 940,637,749) (S 710,637,93) (S 706,58,636) (D 0,0,0)
 0 1 23 8983 19724  19 (D 0,0,0) (S 842,704,607) (S 40,52,51) (S 1101,51,794) (S 1102,794,819) (S 1043,794,55) (S 43,54,55) (S 44,55,56) (S 45,56,57) (S 591,57,579) (S 837,579,636) (S 705,636,635) (S 703,439,422) (S 388,422,423) (S 702,422,515) (S 494,515,516) (S 496,517,518) (S 904,519,740) (D 0,0,0)
 0 1 24 8911 23940  20 (D 0,0,0) (S 1029,520,325) (S 464,495,494) (S 1135,494,814) (S 1133,357,335) (S 172,203,202) (S 914,202,145) (S 915,145,742) (S 293,336,144) (S 116,144,145) (S 117,145,146) (S 849,201,707) (S 963,741,606) (S 646,606,96) (S 916,97,690) (S 810,690,691) (S 917,691,360) (S 313,322,357) (S 1082,814,788) (D 0,0,0)
 0 1 25 8935 19685  18 (D 0,0,0) (S 284,325,326) (S 285,326,327) (S 402,415,434) (S 1081,434,705) (S 41,52,53) (S 909,53,454) (S 420,454,455) (S 421,455,456) (S 422,456,457) (S 708,456,562) (S 562,562,563) (S 709,562,93) (S 74,93,94) (S 851,94,592) (S 42,54,53) (S 908,53,704) (D 0,0,0)
 0 1 26 8905 18790  20 (D 0,0,0) (S 1136,443,494) (S 463,494,320) (S 280,320,321) (S 312,321,356) (S 281,321,322) (S 282,322,323) (S 314,322,358) (S 546,358,554) (S 861,554,139) (S 113,138,139) (S 860,709,139) (S 862,554,573) (S 865,572,714) (S 578,572,571) (S 649,571,453) (S 401,434,349) (S 306,349,350) (S 307,350,326) (D 0,0,0)
 0 1 27 8966 23771  17 (D 0,0,0) (S 278,318,319) (S 1019,446,452) (S 739,427,137) (S 112,136,137) (S 250,291,242) (S 320,242,363) (S 645,363,155) (S 123,155,154) (S 248,154,290) (S 738,290,137) (S 418,427,452) (S 660,448,534) (S 661,534,319) (S 662,319,443) (S 410,443,444) (D 0,0,0)
 0 1 28 8944 16845  27 (D 0,0,0) (S 905,519,328) (S 287,328,329) (S 288,329,330) (S 927,330,437) (S 1024,437,784) (S 731,649,650) (S 1022,649,784) (S 1025,784,786) (S 1023,784,785) (S 1040,785,793) (S 1039,792,793) (S 1041,793,660) (S 751,659,660) (S 1042,660,790) (S 1036,790,701) (S 838,701,579) (S 592,579,438) (S 406,438,437) (S 405,437,436) (S 856,436,329) (S 857,329,518) (S 308,351,326) (S 283,325,324) (S 689,631,324) (S 690,324,521) (D 0,0,0)
 0 1 29 8973 38116  14 (D 0,0,0) (S 1031,495,788) (S 551,473,469) (S 435,469,304) (S 265,304,305) (S 264,304,303) (S 1110,303,308) (S 269,308,309) (S 1109,824,308) (S 268,307,308) (S 263,302,303) (S 1111,303,556) (S 1113,641,683) (D 0,0,0)
 0 1 30 8861 33322  20 (D 0,0,0) (S 364,378,399) (S 365,399,400) (S 366,400,401) (S 367,401,402) (S 379,401,410) (S 376,410,411) (S 375,410,400) (S 374,409,400) (S 378,401,414) (S 732,651,414) (S 733,414,652) (S 734,652,388) (S 735,388,499) (S 472,499,500) (S 487,500,389) (S 353,389,388) (S 736,499,395) (S 277,318,317) (D 0,0,0)
 0 1 31 8812 19367  16 (D 0,0,0) (S 817,0,2) (S 1090,734,733) (S 890,733,621) (S 682,622,623) (S 683,623,624) (S 1130,624,830) (S 684,624,625) (S 1129,624,829) (S 1162,838,829) (S 1163,829,632) (S 694,622,505) (S 476,505,504) (S 602,504,584) (S 680,584,353) (D 0,0,0)
 0 1 32 8976 25947  19 (D 0,0,0) (S 819,695,696) (S 173,204,205) (S 654,609,608) (S 653,608,29) (S 23,29,30) (S 349,30,384) (S 24,30,31) (S 348,30,383) (S 544,553,383) (S 347,383,382) (S 584,382,576) (S 585,576,286) (S 586,286,364) (S 588,577,567) (S 574,567,568) (S 590,578,366) (S 554,557,306) (D 0,0,0)
 0 1 33 8842 24603  9 (D 0,0,0) (S 325,257,366) (S 193,226,227) (S 194,227,228) (S 229,227,256) (S 218,256,257) (S 656,365,561) (S 561,561,214) (D 0,0,0)
 0 1 34 8911 28772  25 (D 0,0,0) (S 192,226,225) (S 191,225,224) (S 527,224,538) (S 528,538,295) (S 255,296,218) (S 185,218,219) (S 179,210,211) (S 564,275,486) (S 455,486,487) (S 565,486,211) (S 180,211,212) (S 181,212,213) (S 210,213,246) (S 208,245,130) (S 937,244,129) (S 938,129,748) (S 955,748,245) (S 274,315,159) (S 126,159,158) (S 190,224,223) (S 211,247,248) (S 212,248,249) (S 573,249,567) (D 0,0,0)
 0 1 35 8978 42085  17 (D 0,0,0) (S 954,756,420) (S 885,421,726) (S 1157,836,726) (S 1158,726,802) (S 196,231,230) (S 233,272,230) (S 195,230,229) (S 217,254,255) (S 261,254,229) (S 260,229,299) (S 543,552,299) (S 234,230,273) (S 214,251,231) (S 215,231,252) (S 1189,842,680) (D 0,0,0)
 0 1 36 8795 27907  21 (D 0,0,0) (S 655,561,609) (S 1170,608,577) (S 587,577,364) (S 322,364,29) (S 523,364,536) (S 823,536,285) (S 243,284,285) (S 788,222,595) (S 619,595,38) (S 1199,135,844) (S 1198,844,842) (S 1188,842,615) (S 1197,615,844) (S 189,222,223) (S 717,643,223) (S 718,223,247) (S 719,247,537) (S 720,537,548) (S 721,548,566) (D 0,0,0)
 0 1 37 8937 25099  8 (D 0,0,0) (S 559,258,294) (S 252,294,293) (S 251,293,292) (S 630,292,269) (S 230,227,269) (S 629,269,367) (D 0,0,0)
 0 1 38 8978 34992  19 (D 0,0,0) (S 558,560,294) (S 92,114,113) (S 1063,797,804) (S 1143,804,799) (S 1057,799,798) (S 1054,798,122) (S 1058,798,800) (S 1059,800,187) (S 1150,801,111) (S 1151,111,808) (S 1070,808,185) (S 152,185,112) (S 91,112,113) (S 1194,113,813) (S 1076,813,810) (S 1072,810,811) (S 1212,811,755) (D 0,0,0)
 0 1 39 8947 34816  20 (D 0,0,0) (S 947,755,754) (S 946,754,541) (S 1187,542,841) (S 1186,841,104) (S 943,103,49) (S 988,49,767) (S 987,767,73) (S 60,74,75) (S 145,181,75) (S 146,75,182) (S 1073,806,767) (S 39,49,50) (S 38,49,48) (S 1190,48,105) (S 84,105,104) (S 83,104,103) (S 944,103,753) (S 945,753,541) (D 0,0,0)
 0 1 40 8936 34976  20 (D 0,0,0) (S 330,174,115) (S 96,118,119) (S 98,119,121) (S 1145,121,33) (S 27,34,35) (S 28,35,36) (S 7,9,10) (S 826,10,189) (S 827,189,698) (S 159,189,188) (S 829,188,11) (S 828,699,188) (S 158,188,12) (S 10,12,13) (S 157,12,32) (S 25,32,33) (S 26,33,34) (S 97,120,119) (D 0,0,0)
 0 1 41 8891 34623  21 (D 0,0,0) (S 1056,118,799) (S 1144,799,121) (S 99,121,122) (S 100,122,123) (S 101,123,124) (S 102,124,125) (S 1062,125,803) (S 1176,125,110) (S 1175,125,764) (S 973,763,764) (S 1174,764,834) (S 1146,833,834) (S 1147,834,765) (S 1148,765,124) (S 1149,124,801) (S 1060,801,187) (S 1053,798,797) (S 1064,797,805) (S 1195,805,113) (D 0,0,0)
 0 1 42 9000 34395  22 (D 0,0,0) (S 93,115,114) (S 1069,114,185) (S 1071,808,809) (S 1177,809,110) (S 90,111,112) (S 153,112,186) (S 154,186,187) (S 1065,186,805) (S 1196,805,800) (S 155,187,123) (S 156,123,32) (S 975,32,765) (S 974,764,765) (S 9,12,11) (S 831,34,120) (S 830,34,11) (S 8,11,10) (S 825,10,35) (S 824,35,120) (S 95,118,115) (D 0,0,0)
 0 1 43 8974 28828  24 (D 0,0,0) (S 329,293,174) (S 138,173,158) (S 531,158,540) (S 879,540,470) (S 880,470,314) (S 273,314,159) (S 127,159,160) (S 957,160,757) (S 958,757,724) (S 882,724,126) (S 941,750,751) (S 942,751,752) (S 883,725,126) (S 103,126,127) (S 104,127,128) (S 128,128,160) (S 956,160,748) (S 939,748,315) (S 275,315,246) (S 428,213,462) (S 568,462,539) (S 253,295,294) (D 0,0,0)
 0 1 44 8998 31766  18 (D 0,0,0) (S 529,295,539) (S 530,539,158) (S 532,540,541) (S 533,541,542) (S 1209,843,847) (S 1208,847,845) (S 149,183,108) (S 88,108,109) (S 1179,109,545) (S 537,545,184) (S 536,184,544) (S 1201,846,544) (S 535,544,543) (S 534,543,542) (S 539,548,547) (S 589,567,578) (D 0,0,0)
 0 1 45 8998 31241  23 (D 0,0,0) (S 526,537,224) (S 186,219,212) (S 436,213,470) (S 881,314,724) (S 952,757,127) (S 953,127,756) (S 949,756,725) (S 950,725,751) (S 884,725,421) (S 387,421,420) (S 386,420,161) (S 130,161,162) (S 131,162,163) (S 1051,162,795) (S 1061,795,802) (S 1159,802,252) (S 216,252,253) (S 1160,252,679) (S 785,679,680) (S 786,680,133) (S 787,133,595) (D 0,0,0)
 0 1 46 8961 32551  28 (D 0,0,0) (S 524,536,248) (S 525,248,537) (S 429,463,462) (S 567,462,219) (S 566,219,211) (S 454,486,274) (S 235,274,275) (S 453,274,246) (S 209,246,245) (S 207,130,244) (S 206,244,243) (S 1052,795,796) (S 1103,820,796) (S 1104,796,243) (S 385,243,161) (S 129,161,128) (S 105,128,129) (S 106,129,130) (S 107,130,131) (S 575,569,131) (S 108,131,132) (S 110,133,134) (S 111,134,135) (S 187,220,221) (S 188,221,222) (S 789,222,681) (D 0,0,0)
 0 1 47 8768 28878  19 (D 0,0,0) (S 722,566,644) (S 570,566,225) (S 569,225,565) (S 627,565,596) (S 626,596,538) (S 625,538,297) (S 259,297,298) (S 232,216,271) (S 231,270,216) (S 183,216,217) (S 623,217,463) (S 624,463,297) (S 258,297,296) (S 254,296,295) (S 628,565,367) (S 327,367,226) (S 326,226,366) (D 0,0,0)
 0 1 48 8968 40020  13 (D 0,0,0) (S 89,111,110) (S 1178,809,545) (S 1181,45,812) (S 1182,812,76) (S 61,76,77) (S 1075,812,182) (S 148,46,108) (S 86,107,106) (S 85,106,105) (S 1210,843,841) (S 1211,841,753) (D 0,0,0)
 0 1 49 8777 37859  16 (D 0,0,0) (S 151,185,184) (S 150,184,183) (S 1206,849,183) (S 1207,183,845) (S 1200,845,107) (S 87,107,108) (S 1180,109,45) (S 34,44,45) (S 35,45,46) (S 36,46,47) (S 1205,47,848) (S 1204,47,106) (S 1203,106,847) (S 1202,847,544) (D 0,0,0)
 0 1 50 8900 28718  24 (D 0,0,0) (S 790,576,681) (S 821,681,381) (S 990,221,712) (S 864,712,713) (S 991,712,38) (S 618,38,135) (S 257,135,276) (S 256,276,218) (S 184,218,217) (S 622,217,277) (S 238,277,278) (S 246,288,278) (S 247,278,289) (S 237,277,276) (S 236,276,275) (S 563,275,564) (S 620,570,595) (S 822,681,285) (S 244,285,286) (S 245,286,287) (S 545,383,287) (S 652,287,29) (D 0,0,0)
 0 1 51 8975 34693  23 (D 0,0,0) (S 1184,609,578) (S 213,249,250) (S 538,546,547) (S 621,277,570) (S 577,570,564) (S 576,564,131) (S 199,132,234) (S 198,234,233) (S 197,232,233) (S 542,233,549) (S 540,549,550) (S 541,551,549) (S 716,642,234) (S 200,132,235) (S 109,132,133) (S 992,134,38) (S 29,37,38) (S 989,221,381) (S 820,697,381) (S 346,381,382) (S 791,576,287) (D 0,0,0)
 0 1 52 8939 18807  15 (D 0,0,0) (S 174,151,205) (S 1123,205,557) (S 553,557,215) (S 182,215,214) (S 560,561,258) (S 220,258,259) (S 219,258,257) (S 324,257,365) (S 323,365,117) (S 94,117,116) (S 977,116,300) (S 267,300,306) (S 266,306,151) (D 0,0,0)
 0 1 53 8919 26753  17 (D 0,0,0) (S 1154,719,832) (S 411,318,445) (S 793,447,646) (S 727,575,101) (S 82,101,102) (S 725,501,24) (S 20,24,25) (S 19,24,23) (S 887,23,729) (S 18,23,22) (S 672,22,483) (S 460,491,492) (S 461,492,490) (S 462,490,493) (S 802,493,688) (D 0,0,0)
 0 1 54 8946 30287  23 (D 0,0,0) (S 812,334,471) (S 807,689,203) (S 805,503,20) (S 803,485,688) (S 1120,688,667) (S 756,667,442) (S 757,442,668) (S 409,442,441) (S 408,441,440) (S 754,665,465) (S 431,465,466) (S 813,692,466) (S 795,467,683) (S 1114,683,693) (S 815,693,694) (S 1115,693,662) (S 752,661,662) (S 1116,662,665) (S 755,665,666) (S 1118,440,825) (S 437,471,472) (D 0,0,0)
 0 1 55 8854 25616  16 (D 0,0,0) (S 292,335,334) (S 809,690,599) (S 808,599,689) (S 806,203,503) (S 804,20,485) (S 801,493,496) (S 800,687,496) (S 466,496,489) (S 457,489,490) (S 458,490,484) (S 459,484,21) (S 671,22,502) (S 670,502,600) (S 636,600,362) (D 0,0,0)
 0 1 56 8967 28009  17 (D 0,0,0) (S 1138,832,432) (S 1137,432,443) (S 249,154,291) (S 205,242,241) (S 784,528,678) (S 508,528,241) (S 509,241,291) (S 510,291,155) (S 124,155,156) (S 125,156,157) (S 665,156,614) (S 1185,614,529) (S 360,397,396) (S 359,396,395) (S 737,395,290) (D 0,0,0)
 0 1 57 8893 33394  15 (D 0,0,0) (S 16,20,21) (S 17,21,22) (S 673,483,492) (S 674,492,617) (S 888,617,730) (S 675,617,618) (S 676,618,619) (S 966,618,488) (S 967,488,710) (S 863,710,711) (S 456,488,489) (S 451,483,484) (S 452,484,485) (D 0,0,0)
 0 1 58 8853 25008  21 (D 0,0,0) (S 911,591,95) (S 913,741,202) (S 171,202,201) (S 848,201,146) (S 120,148,149) (S 119,148,147) (S 118,147,146) (S 847,706,146) (S 170,201,200) (S 1161,837,639) (S 713,639,200) (S 712,200,638) (S 965,638,707) (S 964,707,741) (S 912,741,95) (S 76,95,96) (S 77,96,97) (S 78,97,98) (S 318,98,361) (D 0,0,0)
 0 1 59 8866 18714  20 (D 0,0,0) (S 279,319,320) (S 315,358,359) (S 581,359,574) (S 582,574,497) (S 468,461,497) (S 583,497,575) (S 728,575,646) (S 729,646,647) (S 1001,647,611) (S 658,611,612) (S 657,610,611) (S 1000,611,774) (S 999,774,775) (S 998,773,774) (S 1008,774,612) (S 659,612,448) (S 519,534,445) (S 520,445,535) (D 0,0,0)
 0 1 60 8989 24350  19 (D 0,0,0) (S 1032,788,789) (S 1134,814,357) (S 580,359,573) (S 579,573,572) (S 648,571,472) (S 647,472,96) (S 75,95,94) (S 850,94,707) (S 962,606,689) (S 635,599,362) (S 319,362,98) (S 79,98,99) (S 640,99,600) (S 474,502,501) (S 726,501,101) (S 730,647,648) (S 1007,647,612) (D 0,0,0)
 0 1 61 8969 20625  17 (D 0,0,0) (S 413,448,447) (S 412,447,446) (S 1020,446,601) (S 1021,601,337) (S 294,337,338) (S 637,601,574) (S 638,574,460) (S 639,460,99) (S 80,99,100) (S 81,100,101) (S 467,100,461) (S 427,461,460) (S 426,460,361) (S 317,361,360) (S 316,360,359) (D 0,0,0)
 0 1 62 8903 29554  20 (D 0,0,0) (S 707,58,456) (S 73,93,92) (S 72,92,91) (S 71,90,91) (S 874,91,282) (S 875,282,720) (S 242,282,283) (S 241,282,281) (S 441,79,476) (S 797,476,143) (S 115,143,142) (S 440,142,476) (S 798,476,685) (S 62,78,79) (S 442,79,199) (S 443,199,477) (S 445,92,478) (S 996,478,771) (D 0,0,0)
 0 1 63 8897 27962  18 (D 0,0,0) (S 391,427,426) (S 390,426,425) (S 389,425,424) (S 978,424,722) (S 876,721,722) (S 979,424,236) (S 201,236,237) (S 1015,237,782) (S 1014,237,781) (S 1013,425,781) (S 1016,781,778) (S 1009,778,238) (S 203,238,239) (S 1012,239,780) (S 204,239,240) (S 1011,239,779) (D 0,0,0)
 0 1 64 8968 29315  18 (D 0,0,0) (S 1017,426,779) (S 1010,779,778) (S 202,238,237) (S 980,236,152) (S 122,152,153) (S 981,152,140) (S 114,140,141) (S 982,140,391) (S 355,391,392) (S 983,391,385) (S 350,385,386) (S 393,386,428) (S 392,428,392) (S 356,392,393) (S 358,394,395) (S 869,717,427) (D 0,0,0)
 0 1 65 8865 34826  19 (D 0,0,0) (S 1172,825,441) (S 1171,840,441) (S 617,594,440) (S 1117,440,665) (S 794,682,683) (S 814,693,466) (S 432,466,467) (S 796,467,684) (S 433,467,468) (S 715,468,641) (S 714,640,641) (S 1112,641,556) (S 550,556,469) (S 434,469,468) (S 430,465,464) (S 1173,464,825) (S 1119,825,667) (D 0,0,0)
 0 1 66 8913 33547  14 (D 0,0,0) (S 475,502,503) (S 15,20,19) (S 993,768,19) (S 296,18,340) (S 295,339,340) (S 438,473,474) (S 439,474,475) (S 1169,474,839) (S 552,473,340) (S 14,18,19) (S 994,19,769) (S 811,691,471) (D 0,0,0)
 0 1 67 8934 32376  11 (D 0,0,0) (S 304,292,348) (S 1067,348,175) (S 1068,175,807) (S 141,175,176) (S 140,175,174) (S 139,174,173) (S 1055,173,596) (S 571,566,547) (S 572,547,249) (D 0,0,0)
 0 1 68 8412 31891  20 (D 0,0,0) (S 471,499,398) (S 470,398,498) (S 469,498,428) (S 394,386,377) (S 395,377,429) (S 1046,429,766) (S 986,766,73) (S 59,73,74) (S 1066,74,806) (S 1074,806,182) (S 147,182,46) (S 37,47,48) (S 1191,105,843) (S 1192,843,543) (S 1193,543,813) (S 1077,810,754) (S 948,755,115) (S 328,293,367) (D 0,0,0)
 0 1 69 8984 31765  20 (D 0,0,0) (S 511,155,529) (S 512,529,397) (S 513,397,89) (S 514,89,530) (S 515,530,531) (S 1049,390,652) (S 1048,652,399) (S 1047,399,429) (S 396,429,412) (S 377,412,413) (S 397,412,430) (S 985,766,376) (S 984,385,376) (S 341,376,377) (S 342,377,378) (S 363,378,387) (S 362,387,398) (S 361,398,394) (D 0,0,0)
 0 1 70 8686 33039  20 (D 0,0,0) (S 664,363,156) (S 666,614,88) (S 70,88,89) (S 473,89,500) (S 486,500,396) (S 485,511,396) (S 69,87,88) (S 667,88,597) (S 668,597,615) (S 632,597,598) (S 631,597,530) (S 1050,530,390) (S 354,390,389) (S 352,388,387) (S 351,387,386) (S 1006,498,393) (S 1005,777,393) (S 357,393,394) (D 0,0,0)
