1761155
70
1819143
1791313
 0 1 1 8786 16043  26 (D 0,0,0) (S 817,0,2) (S 819,695,696) (S 64,81,82) (S 744,654,262) (S 1097,656,670) (S 1096,670,745) (S 934,43,657) (S 935,657,746) (S 747,657,656) (S 1098,656,818) (S 746,656,655) (S 868,716,655) (S 745,655,262) (S 222,262,261) (S 760,261,342) (S 297,341,342) (S 298,342,343) (S 930,343,508) (S 482,508,5) (S 483,5,509) (S 484,509,510) (S 549,509,555) (S 548,555,190) (S 547,190,81) (D 0,0,0)
 0 1 2 8986 13935  19 (D 0,0,0) (S 1107,695,81) (S 63,81,80) (S 614,80,532) (S 162,191,192) (S 425,192,355) (S 311,355,354) (S 310,354,353) (S 603,584,194) (S 604,194,585) (S 321,193,354) (S 424,355,459) (S 423,458,459) (S 678,459,621) (S 890,621,733) (S 1090,733,734) (S 1091,734,4) (S 3,4,3) (D 0,0,0)
 0 1 3 7681 17870  12 (D 0,0,0) (S 1,0,1) (S 1099,3,732) (S 889,732,731) (S 926,731,28) (S 22,28,27) (S 21,27,26) (S 1018,26,783) (S 753,663,664) (S 799,663,686) (S 972,686,27) (D 0,0,0)
 0 1 4 8992 19434  14 (D 0,0,0) (S 517,532,150) (S 518,150,533) (S 976,300,587) (S 607,586,587) (S 608,587,559) (S 609,559,588) (S 610,588,589) (S 166,196,195) (S 693,195,622) (S 679,353,459) (S 677,620,621) (S 891,621,734) (D 0,0,0)
 0 1 5 8883 17757  18 (D 0,0,0) (S 1167,787,816) (S 898,738,737) (S 1165,737,583) (S 1164,583,632) (S 696,632,69) (S 56,69,70) (S 1033,70,406) (S 372,406,407) (S 1126,828,407) (S 373,407,408) (S 1127,407,71) (S 58,71,72) (S 1163,829,632) (S 695,632,505) (S 476,505,504) (S 602,504,584) (D 0,0,0)
 0 1 6 8862 13477  13 (D 0,0,0) (S 680,353,584) (S 681,584,622) (S 682,622,623) (S 775,623,196) (S 776,196,589) (S 611,589,590) (S 612,590,585) (S 175,206,151) (S 174,151,205) (S 1108,205,695) (S 818,695,2) (D 0,0,0)
 0 1 7 8447 12069  25 (D 0,0,0) (S 816,0,677) (S 1153,708,719) (S 870,719,718) (S 1139,718,832) (S 1155,832,317) (S 1156,317,835) (S 277,317,318) (S 278,318,319) (S 279,319,320) (S 463,320,494) (S 1136,494,443) (S 410,443,444) (S 276,317,316) (S 1142,316,761) (S 1141,761,526) (S 506,526,525) (S 504,524,523) (S 768,523,17) (S 769,17,674) (S 770,674,180) (S 771,180,268) (S 742,63,653) (S 778,653,677) (D 0,0,0)
 0 1 8 8855 16477  32 (D 0,0,0) (S 777,676,677) (S 780,674,672) (S 764,672,179) (S 143,179,178) (S 142,178,177) (S 478,506,177) (S 479,177,507) (S 873,507,344) (S 301,344,345) (S 490,513,375) (S 489,375,512) (S 1093,512,715) (S 1092,817,715) (S 867,715,372) (S 336,40,373) (S 750,373,658) (S 337,373,374) (S 749,373,84) (S 748,657,84) (S 65,83,84) (S 66,84,42) (S 33,42,43) (S 933,43,745) (S 759,670,261) (S 221,261,260) (S 224,264,265) (S 225,265,266) (S 226,266,267) (S 763,267,179) (S 144,179,180) (D 0,0,0)
 0 1 9 8770 14058  24 (D 0,0,0) (S 772,268,675) (S 928,675,671) (S 761,671,6) (S 4,5,6) (S 5,6,7) (S 6,7,8) (S 741,8,63) (S 50,63,64) (S 51,64,65) (S 52,65,66) (S 53,66,67) (S 896,67,170) (S 368,170,403) (S 136,170,171) (S 137,171,172) (S 895,170,449) (S 415,449,450) (S 416,450,419) (S 384,419,418) (S 382,417,416) (S 1028,520,64) (S 1026,787,3) (D 0,0,0)
 0 1 10 8948 17776  20 (D 0,0,0) (S 1168,63,787) (S 1027,787,64) (S 663,403,613) (S 369,403,404) (S 597,582,581) (S 1045,581,626) (S 685,626,627) (S 700,627,634) (S 951,634,629) (S 688,629,630) (S 687,629,627) (S 699,627,633) (S 698,633,405) (S 370,405,404) (S 599,404,68) (S 54,68,67) (S 897,67,737) (S 1089,816,733) (D 0,0,0)
 0 1 11 8767 16063  29 (D 0,0,0) (S 779,653,674) (S 765,672,16) (S 766,16,524) (S 505,524,525) (S 1080,525,14) (S 477,14,506) (S 302,346,345) (S 492,345,379) (S 343,379,368) (S 331,368,369) (S 332,369,370) (S 758,370,669) (S 866,371,715) (S 488,512,41) (S 32,41,42) (S 67,42,85) (S 1095,85,745) (S 1106,822,823) (S 1131,823,831) (S 1105,821,822) (S 1183,822,43) (S 932,745,260) (S 931,260,343) (S 481,508,266) (S 480,266,507) (S 398,178,431) (S 781,431,672) (D 0,0,0)
 0 1 12 8931 15280  25 (D 0,0,0) (S 11,15,14) (S 1079,525,762) (S 1078,762,718) (S 661,319,534) (S 659,448,612) (S 1008,612,774) (S 998,773,774) (S 999,774,775) (S 1000,774,611) (S 657,610,611) (S 1001,611,647) (S 729,647,646) (S 793,646,447) (S 413,447,448) (S 519,534,445) (S 520,445,535) (S 968,535,761) (S 969,761,762) (S 970,762,673) (S 971,673,708) (S 858,708,433) (S 859,433,324) (S 690,324,521) (D 0,0,0)
 0 1 13 8947 22290  21 (D 0,0,0) (S 501,521,520) (S 906,328,435) (S 1025,784,786) (S 1041,793,660) (S 751,659,660) (S 1042,660,790) (S 1036,790,701) (S 1034,702,166) (S 133,166,165) (S 132,164,165) (S 832,165,700) (S 835,700,481) (S 450,481,482) (S 834,333,481) (S 449,481,59) (S 48,59,60) (S 47,59,58) (S 705,636,635) (S 704,635,439) (D 0,0,0)
 0 1 14 9000 20434  22 (D 0,0,0) (S 284,325,326) (S 405,436,437) (S 406,437,438) (S 592,438,579) (S 591,579,57) (S 46,57,58) (S 707,58,456) (S 422,456,457) (S 421,456,455) (S 42,54,53) (S 908,53,704) (S 841,704,703) (S 853,54,455) (S 420,455,454) (S 419,454,453) (S 649,453,571) (S 648,571,472) (S 437,472,471) (S 1032,788,789) (S 1031,788,495) (D 0,0,0)
 0 1 15 8950 16739  19 (D 0,0,0) (S 464,495,494) (S 280,320,321) (S 312,321,356) (S 281,321,322) (S 282,322,323) (S 314,322,358) (S 546,358,554) (S 862,554,573) (S 579,573,572) (S 865,572,714) (S 578,572,571) (S 650,453,52) (S 651,52,607) (S 843,607,705) (S 1081,705,434) (S 401,434,349) (S 307,350,326) (D 0,0,0)
 0 1 16 8852 19667  21 (D 0,0,0) (S 907,435,704) (S 840,703,702) (S 1037,701,56) (S 1038,56,791) (S 706,58,636) (S 959,635,758) (S 960,758,759) (S 961,758,760) (S 837,636,579) (S 134,166,167) (S 633,167,62) (S 49,61,62) (S 634,62,169) (S 135,168,169) (S 305,169,349) (S 306,349,350) (S 465,350,495) (S 1030,495,325) (S 502,521,522) (D 0,0,0)
 0 1 17 8951 27421  18 (D 0,0,0) (S 1152,522,708) (S 391,427,426) (S 1017,426,779) (S 1011,779,239) (S 204,239,240) (S 1012,239,780) (S 203,239,238) (S 1009,238,778) (S 202,238,237) (S 1015,237,782) (S 201,237,236) (S 979,236,424) (S 876,721,722) (S 978,722,424) (S 389,424,425) (S 390,425,426) (D 0,0,0)
 0 1 18 8999 33284  20 (D 0,0,0) (S 738,137,290) (S 1006,393,498) (S 469,498,428) (S 392,428,392) (S 983,391,385) (S 341,376,377) (S 377,412,413) (S 397,412,430) (S 396,412,429) (S 395,429,377) (S 342,377,378) (S 363,378,387) (S 352,387,388) (S 353,388,389) (S 487,389,500) (S 513,89,397) (S 360,397,396) (S 485,511,396) (D 0,0,0)
 0 1 19 8892 32852  20 (D 0,0,0) (S 359,395,396) (S 486,396,500) (S 472,500,499) (S 351,387,386) (S 1047,429,399) (S 365,399,400) (S 375,400,410) (S 376,410,411) (S 379,410,401) (S 367,401,402) (S 366,401,400) (S 374,409,400) (S 378,401,414) (S 732,651,414) (S 733,414,652) (S 734,652,388) (S 735,388,499) (S 736,499,395) (D 0,0,0)
 0 1 20 8995 27548  18 (D 0,0,0) (S 737,290,395) (S 358,395,394) (S 357,394,393) (S 1005,777,393) (S 356,393,392) (S 355,392,391) (S 982,391,140) (S 114,140,141) (S 981,140,152) (S 122,152,153) (S 980,152,236) (S 1014,237,781) (S 1013,425,781) (S 1016,781,778) (S 1010,778,779) (S 767,673,524) (D 0,0,0)
 0 1 21 8835 14177  36 (D 0,0,0) (S 13,17,16) (S 12,16,15) (S 399,15,431) (S 782,431,506) (S 783,506,346) (S 303,346,347) (S 1140,347,526) (S 507,526,527) (S 522,527,368) (S 606,369,513) (S 491,513,379) (S 344,379,380) (S 345,380,264) (S 223,264,263) (S 338,263,86) (S 68,86,85) (S 1094,85,512) (S 31,41,40) (S 1085,39,815) (S 669,616,39) (S 30,39,40) (S 335,40,372) (S 334,372,371) (S 333,371,370) (S 340,370,375) (S 339,375,86) (S 871,86,380) (S 872,380,344) (S 300,344,265) (S 299,265,343) (S 929,508,671) (S 762,671,267) (S 227,267,268) (S 228,268,63) (D 0,0,0)
 0 1 22 8996 20867  18 (D 0,0,0) (S 400,433,432) (S 1137,432,443) (S 660,534,448) (S 1020,446,601) (S 1021,601,337) (S 294,337,338) (S 637,601,574) (S 427,460,461) (S 468,461,497) (S 467,461,100) (S 81,100,101) (S 727,101,575) (S 728,575,646) (S 730,647,648) (S 1007,647,612) (S 658,611,612) (D 0,0,0)
 0 1 23 8985 28747  14 (D 0,0,0) (S 411,318,445) (S 1019,446,452) (S 869,717,427) (S 510,291,155) (S 645,155,363) (S 320,363,242) (S 205,242,241) (S 508,241,528) (S 784,528,678) (S 509,241,291) (S 112,136,137) (S 418,427,452) (D 0,0,0)
 0 1 24 8998 24917  16 (D 0,0,0) (S 581,359,574) (S 582,574,497) (S 583,497,575) (S 725,501,24) (S 20,24,25) (S 19,24,23) (S 887,23,729) (S 18,23,22) (S 17,22,21) (S 16,21,20) (S 475,503,502) (S 640,600,99) (S 79,99,98) (S 917,360,691) (D 0,0,0)
 0 1 25 8895 32257  22 (D 0,0,0) (S 812,334,471) (S 1172,825,441) (S 1117,440,665) (S 755,665,666) (S 1116,665,662) (S 752,661,662) (S 1114,693,683) (S 1113,683,641) (S 714,640,641) (S 715,641,468) (S 796,467,684) (S 813,692,466) (S 814,466,693) (S 815,693,694) (S 1118,440,825) (S 1119,825,667) (S 805,20,503) (S 806,503,203) (S 811,691,471) (S 1133,335,357) (D 0,0,0)
 0 1 26 8610 23840  19 (D 0,0,0) (S 313,357,322) (S 113,138,139) (S 860,709,139) (S 861,139,554) (S 580,573,359) (S 316,359,360) (S 319,98,362) (S 636,362,600) (S 474,502,501) (S 726,501,101) (S 82,101,102) (S 80,100,99) (S 426,460,361) (S 317,361,360) (S 315,359,358) (S 1134,357,814) (S 1082,814,788) (D 0,0,0)
 0 1 27 8957 20936  16 (D 0,0,0) (S 1135,494,814) (S 318,361,98) (S 78,98,97) (S 77,97,96) (S 76,96,95) (S 912,95,741) (S 913,741,202) (S 172,202,203) (S 807,203,689) (S 962,689,606) (S 646,606,96) (S 916,97,690) (S 810,690,691) (S 292,334,335) (D 0,0,0)
 0 1 28 8908 32905  13 (D 0,0,0) (S 809,690,599) (S 452,485,484) (S 458,484,490) (S 462,490,493) (S 801,493,496) (S 800,687,496) (S 466,496,489) (S 967,488,710) (S 863,710,711) (S 457,489,490) (S 802,493,688) (D 0,0,0)
 0 1 29 8910 40594  14 (D 0,0,0) (S 1120,688,667) (S 409,442,441) (S 1171,840,441) (S 617,594,440) (S 1115,662,693) (S 269,308,309) (S 1109,824,308) (S 268,307,308) (S 1110,308,303) (S 263,302,303) (S 550,556,469) (S 551,469,473) (D 0,0,0)
 0 1 30 8799 33383  14 (D 0,0,0) (S 635,362,599) (S 808,599,689) (S 15,20,19) (S 14,19,18) (S 438,473,474) (S 439,474,475) (S 1169,474,839) (S 552,473,340) (S 295,339,340) (S 296,340,18) (S 994,19,769) (S 993,768,19) (D 0,0,0)
 0 1 31 8843 28789  18 (D 0,0,0) (S 638,574,460) (S 639,460,99) (S 670,600,502) (S 671,502,22) (S 672,22,483) (S 460,491,492) (S 461,492,490) (S 456,489,488) (S 966,488,618) (S 676,618,619) (S 675,618,617) (S 888,617,730) (S 674,617,492) (S 673,492,483) (S 451,483,484) (S 459,484,21) (D 0,0,0)
 0 1 32 8890 28970  19 (D 0,0,0) (S 170,201,200) (S 1161,837,639) (S 713,639,200) (S 442,199,79) (S 62,78,79) (S 441,79,476) (S 440,476,142) (S 115,142,143) (S 797,143,476) (S 798,476,685) (S 443,199,477) (S 240,281,280) (S 878,280,723) (S 919,281,743) (S 918,281,477) (S 444,477,92) (S 708,562,456) (D 0,0,0)
 0 1 33 8829 24328  18 (D 0,0,0) (S 44,55,56) (S 45,56,57) (S 448,59,480) (S 995,480,770) (S 447,480,479) (S 996,478,771) (S 445,478,92) (S 73,92,93) (S 562,562,563) (S 709,562,93) (S 710,93,637) (S 940,637,749) (S 74,93,94) (S 75,94,95) (S 911,95,591) (S 910,591,454) (D 0,0,0)
 0 1 34 8830 26469  20 (D 0,0,0) (S 909,53,454) (S 615,591,592) (S 171,201,202) (S 914,202,145) (S 915,145,742) (S 293,336,144) (S 116,144,145) (S 117,145,146) (S 118,146,147) (S 119,147,148) (S 120,148,149) (S 847,706,146) (S 848,146,201) (S 849,201,707) (S 850,707,94) (S 851,94,592) (S 616,592,593) (S 852,592,455) (D 0,0,0)
 0 1 35 8961 18166  18 (D 0,0,0) (S 402,415,434) (S 844,705,167) (S 842,607,704) (S 41,53,52) (S 40,52,51) (S 1101,51,794) (S 1102,794,819) (S 1043,794,55) (S 43,55,54) (S 854,54,703) (S 855,703,436) (S 404,436,435) (S 403,435,415) (S 380,415,327) (S 381,327,416) (S 499,416,351) (D 0,0,0)
 0 1 36 8785 16109  23 (D 0,0,0) (S 383,417,418) (S 925,418,739) (S 903,739,740) (S 1003,740,735) (S 1004,735,776) (S 1044,776,581) (S 596,581,516) (S 595,516,332) (S 594,332,580) (S 1035,580,331) (S 289,331,330) (S 927,330,437) (S 1024,437,784) (S 731,649,650) (S 1022,649,784) (S 1039,792,793) (S 1040,793,785) (S 1023,785,784) (S 856,436,329) (S 287,329,328) (S 286,328,327) (D 0,0,0)
 0 1 37 8959 26971  24 (D 0,0,0) (S 839,702,701) (S 838,701,579) (S 836,636,700) (S 997,479,772) (S 446,479,478) (S 72,92,91) (S 71,90,91) (S 874,91,282) (S 875,282,720) (S 242,282,283) (S 241,282,281) (S 239,279,280) (S 877,280,198) (S 167,197,198) (S 168,198,199) (S 169,199,200) (S 712,200,638) (S 711,637,638) (S 965,638,707) (S 964,707,741) (S 963,741,606) (S 647,96,472) (D 0,0,0)
 0 1 38 8338 17802  26 (D 0,0,0) (S 894,736,449) (S 414,449,312) (S 271,312,310) (S 270,310,311) (S 272,310,313) (S 923,313,736) (S 496,518,517) (S 643,602,604) (S 644,604,605) (S 686,605,628) (S 723,645,604) (S 724,604,603) (S 641,603,602) (S 642,602,517) (S 495,517,516) (S 494,516,515) (S 702,515,422) (S 388,422,423) (S 703,422,439) (S 407,439,438) (S 593,438,580) (S 288,330,329) (S 285,327,326) (S 1029,325,520) (D 0,0,0)
 0 1 39 8987 18025  12 (D 0,0,0) (S 498,416,519) (S 497,519,518) (S 290,331,332) (S 291,332,333) (S 833,333,514) (S 493,514,515) (S 701,515,634) (S 920,744,633) (S 921,633,582) (S 922,582,313) (D 0,0,0)
 0 1 40 7986 12764  24 (D 0,0,0) (S 500,520,351) (S 309,351,352) (S 1086,352,451) (S 417,419,451) (S 1087,451,65) (S 1088,65,816) (S 1166,816,738) (S 899,738,66) (S 900,66,171) (S 901,171,450) (S 902,450,739) (S 924,739,736) (S 893,736,735) (S 892,735,518) (S 857,518,329) (S 905,328,519) (S 904,519,740) (S 1002,740,417) (S 308,351,326) (S 283,325,324) (S 689,631,324) (S 792,521,677) (D 0,0,0)
 0 1 41 8897 31111  21 (D 0,0,0) (S 1173,825,464) (S 430,464,465) (S 431,465,466) (S 432,466,467) (S 795,467,683) (S 794,682,683) (S 1112,641,556) (S 1111,556,303) (S 264,303,304) (S 265,304,305) (S 435,304,469) (S 434,469,468) (S 433,468,467) (S 754,465,665) (S 408,440,441) (S 757,442,668) (S 756,442,667) (S 803,688,485) (S 804,485,20) (D 0,0,0)
 0 1 42 8982 23413  20 (D 0,0,0) (S 1154,719,832) (S 1138,832,432) (S 662,443,319) (S 412,447,446) (S 739,427,137) (S 249,154,291) (S 250,291,242) (S 664,363,156) (S 125,156,157) (S 665,156,614) (S 1185,614,529) (S 512,529,397) (S 511,529,155) (S 123,155,154) (S 248,154,290) (S 521,535,527) (S 503,523,522) (S 743,522,653) (D 0,0,0)
 0 1 43 6918 12237  13 (D 0,0,0) (S 773,675,7) (S 740,8,555) (S 845,509,654) (S 846,654,82) (S 160,82,190) (S 161,190,191) (S 1084,191,4) (S 1083,4,728) (S 936,747,727) (S 886,727,728) (S 2,3,2) (D 0,0,0)
 0 1 44 8741 15020  11 (D 0,0,0) (S 121,150,151) (S 1132,558,826) (S 1122,826,208) (S 557,209,559) (S 1121,588,208) (S 177,208,207) (S 176,207,206) (S 605,206,585) (S 613,585,532) (D 0,0,0)
 0 1 45 8561 24116  17 (D 0,0,0) (S 516,191,532) (S 266,151,306) (S 554,306,557) (S 654,609,608) (S 653,608,29) (S 23,29,30) (S 24,30,31) (S 349,30,384) (S 348,30,383) (S 544,553,383) (S 545,383,287) (S 322,29,364) (S 588,577,567) (S 574,567,568) (S 1184,578,609) (D 0,0,0)
 0 1 46 8915 21977  18 (D 0,0,0) (S 182,215,214) (S 561,214,561) (S 655,561,609) (S 589,578,567) (S 573,567,249) (S 538,546,547) (S 571,547,566) (S 722,566,644) (S 570,566,225) (S 192,225,226) (S 326,226,366) (S 324,257,365) (S 323,365,117) (S 94,117,116) (S 977,116,300) (S 267,300,306) (D 0,0,0)
 0 1 47 8768 15900  15 (D 0,0,0) (S 1123,205,557) (S 1124,557,301) (S 1125,301,827) (S 262,301,300) (S 555,306,558) (S 556,558,209) (S 178,209,208) (S 691,207,590) (S 692,590,195) (S 165,195,194) (S 164,194,193) (S 163,193,192) (S 1100,191,3) (D 0,0,0)
 0 1 48 8922 24837  10 (D 0,0,0) (S 173,204,205) (S 553,557,215) (S 219,258,257) (S 325,257,366) (S 193,226,227) (S 194,227,228) (S 229,227,256) (S 218,256,257) (D 0,0,0)
 0 1 49 8639 28186  12 (D 0,0,0) (S 559,258,294) (S 558,560,294) (S 328,293,367) (S 628,367,565) (S 259,297,298) (S 527,538,224) (S 526,224,537) (S 525,537,248) (S 212,248,249) (S 213,249,250) (D 0,0,0)
 0 1 50 8946 29780  29 (D 0,0,0) (S 539,547,548) (S 429,463,462) (S 567,462,219) (S 186,219,212) (S 181,212,213) (S 210,213,246) (S 209,246,245) (S 207,130,244) (S 937,244,129) (S 105,129,128) (S 104,128,127) (S 953,127,756) (S 954,756,420) (S 387,420,421) (S 949,756,725) (S 883,725,126) (S 882,126,724) (S 958,724,757) (S 957,757,160) (S 956,160,748) (S 274,315,159) (S 273,159,314) (S 880,314,470) (S 879,470,540) (S 531,540,158) (S 138,158,173) (S 1055,173,596) (D 0,0,0)
 0 1 51 8895 29957  27 (D 0,0,0) (S 569,225,565) (S 626,596,538) (S 624,297,463) (S 623,463,217) (S 183,217,216) (S 231,270,216) (S 232,216,271) (S 622,217,277) (S 621,277,570) (S 576,564,131) (S 107,130,131) (S 575,569,131) (S 108,131,132) (S 111,134,135) (S 618,135,38) (S 990,712,221) (S 187,220,221) (S 989,221,381) (S 820,697,381) (S 346,381,382) (S 584,382,576) (S 585,576,286) (S 244,286,285) (S 243,284,285) (S 823,285,536) (D 0,0,0)
 0 1 52 8964 34259  24 (D 0,0,0) (S 586,364,286) (S 822,285,681) (S 206,244,243) (S 385,243,161) (S 386,161,420) (S 1104,243,796) (S 1103,820,796) (S 1052,796,795) (S 1158,802,726) (S 1157,836,726) (S 885,726,421) (S 884,421,725) (S 950,725,751) (S 942,751,752) (S 941,750,751) (S 103,126,127) (S 952,127,757) (S 881,724,314) (S 436,470,213) (S 180,212,211) (S 258,296,297) (S 625,297,538) (D 0,0,0)
 0 1 53 8794 30375  18 (D 0,0,0) (S 253,294,295) (S 532,540,541) (S 533,541,542) (S 1187,542,841) (S 1210,841,843) (S 1191,843,105) (S 85,105,106) (S 1203,106,847) (S 1202,847,544) (S 535,544,543) (S 1193,543,813) (S 1194,813,113) (S 92,113,114) (S 139,174,173) (S 627,596,565) (S 572,547,249) (D 0,0,0)
 0 1 54 8935 28986  30 (D 0,0,0) (S 254,295,296) (S 255,296,218) (S 184,218,217) (S 246,288,278) (S 247,278,289) (S 238,278,277) (S 237,277,276) (S 236,276,275) (S 235,275,274) (S 454,274,486) (S 455,486,487) (S 564,486,275) (S 453,274,246) (S 955,245,748) (S 938,748,129) (S 106,129,130) (S 208,130,245) (S 939,748,315) (S 275,315,246) (S 428,213,462) (S 568,462,539) (S 529,539,295) (S 528,295,538) (S 211,247,248) (S 524,248,536) (S 523,536,364) (S 587,364,577) (S 1170,577,608) (D 0,0,0)
 0 1 55 8771 27161  20 (D 0,0,0) (S 652,29,287) (S 791,287,576) (S 821,681,381) (S 257,135,276) (S 256,276,218) (S 185,218,219) (S 566,219,211) (S 179,210,211) (S 565,211,486) (S 563,275,564) (S 577,564,570) (S 620,570,595) (S 788,595,222) (S 189,222,223) (S 717,643,223) (S 190,223,224) (S 191,224,225) (S 590,578,366) (D 0,0,0)
 0 1 56 8921 28213  10 (D 0,0,0) (S 252,294,293) (S 251,293,292) (S 630,292,269) (S 629,269,367) (S 327,367,226) (S 656,365,561) (S 560,561,258) (S 220,258,259) (D 0,0,0)
 0 1 57 8577 31071  9 (D 0,0,0) (S 329,293,174) (S 140,174,175) (S 141,175,176) (S 1068,175,807) (S 1067,175,348) (S 304,348,292) (S 230,269,227) (D 0,0,0)
 0 1 58 8952 30373  22 (D 0,0,0) (S 530,539,158) (S 126,158,159) (S 127,159,160) (S 128,160,128) (S 129,128,161) (S 130,161,162) (S 131,162,163) (S 1051,162,795) (S 1061,795,802) (S 1159,802,252) (S 1160,252,679) (S 1198,842,844) (S 1199,844,135) (S 991,38,712) (S 864,712,713) (S 188,221,222) (S 718,223,247) (S 719,247,537) (S 720,537,548) (S 721,548,566) (D 0,0,0)
 0 1 59 8887 34464  21 (D 0,0,0) (S 790,576,681) (S 619,595,38) (S 29,37,38) (S 1197,844,615) (S 1188,615,842) (S 1189,842,680) (S 786,680,133) (S 716,642,234) (S 198,234,233) (S 542,233,549) (S 540,549,550) (S 541,551,549) (S 197,232,233) (S 199,234,132) (S 200,132,235) (S 109,132,133) (S 110,133,134) (S 992,134,38) (S 347,382,383) (D 0,0,0)
 0 1 60 8888 31758  19 (D 0,0,0) (S 948,115,755) (S 947,755,754) (S 946,754,541) (S 1211,753,841) (S 1186,841,104) (S 84,104,105) (S 1190,105,48) (S 38,48,49) (S 988,49,767) (S 1073,767,806) (S 987,767,73) (S 986,73,766) (S 1046,766,429) (S 394,377,386) (S 393,386,428) (S 470,498,398) (S 471,398,499) (D 0,0,0)
 0 1 61 8972 31704  19 (D 0,0,0) (S 361,394,398) (S 364,378,399) (S 1048,399,652) (S 1049,652,390) (S 1050,390,530) (S 515,530,531) (S 514,530,89) (S 70,88,89) (S 473,89,500) (S 354,389,390) (S 631,530,597) (S 668,597,615) (S 632,597,598) (S 667,597,88) (S 69,87,88) (S 666,88,614) (S 124,156,155) (D 0,0,0)
 0 1 62 8894 40414  17 (D 0,0,0) (S 216,252,253) (S 214,251,231) (S 196,231,230) (S 234,230,273) (S 233,272,230) (S 195,230,229) (S 217,254,255) (S 261,254,229) (S 543,552,299) (S 260,299,229) (S 215,231,252) (S 785,679,680) (S 787,133,595) (S 789,222,681) (S 245,286,287) (D 0,0,0)
 0 1 63 8620 35932  15 (D 0,0,0) (S 1192,543,843) (S 1209,843,847) (S 1208,847,845) (S 1207,845,183) (S 149,183,108) (S 148,108,46) (S 35,46,45) (S 34,44,45) (S 1179,109,545) (S 537,545,184) (S 536,184,544) (S 1201,846,544) (S 534,543,542) (D 0,0,0)
 0 1 64 8856 35839  22 (D 0,0,0) (S 1212,755,811) (S 1072,811,810) (S 1077,810,754) (S 1076,810,813) (S 1200,845,107) (S 86,107,106) (S 1204,106,47) (S 36,47,46) (S 147,46,182) (S 146,182,75) (S 60,75,74) (S 1066,74,806) (S 1074,806,182) (S 1205,47,848) (S 37,47,48) (S 39,49,50) (S 943,49,103) (S 83,103,104) (S 944,103,753) (S 945,753,541) (D 0,0,0)
 0 1 65 8967 35860  23 (D 0,0,0) (S 95,115,118) (S 96,118,119) (S 98,119,121) (S 26,33,34) (S 829,188,11) (S 8,11,10) (S 825,10,35) (S 28,35,36) (S 27,35,34) (S 830,34,11) (S 9,11,12) (S 10,12,13) (S 158,12,188) (S 828,699,188) (S 159,188,189) (S 827,189,698) (S 826,189,10) (S 7,9,10) (S 824,35,120) (S 831,34,120) (S 97,120,119) (D 0,0,0)
 0 1 66 8975 32810  20 (D 0,0,0) (S 1144,799,121) (S 99,121,122) (S 1145,121,33) (S 25,33,32) (S 975,32,765) (S 973,763,764) (S 974,764,765) (S 1147,765,834) (S 1146,833,834) (S 1174,834,764) (S 1175,764,125) (S 102,125,124) (S 1149,124,801) (S 1060,801,187) (S 154,187,186) (S 1195,805,113) (S 93,114,115) (S 330,115,174) (D 0,0,0)
 0 1 67 8985 35445  19 (D 0,0,0) (S 1069,114,185) (S 1178,809,545) (S 88,109,108) (S 87,108,107) (S 1206,849,183) (S 150,183,184) (S 151,184,185) (S 152,185,112) (S 153,112,186) (S 1065,186,805) (S 1064,805,797) (S 1053,797,798) (S 1054,798,122) (S 100,122,123) (S 1058,800,798) (S 1057,798,799) (S 1056,799,118) (D 0,0,0)
 0 1 68 8926 35003  20 (D 0,0,0) (S 91,113,112) (S 90,112,111) (S 89,111,110) (S 1062,125,803) (S 1176,125,110) (S 1177,110,809) (S 1071,809,808) (S 1151,808,111) (S 1150,111,801) (S 156,123,32) (S 157,32,12) (S 1148,765,124) (S 101,124,123) (S 155,123,187) (S 1059,187,800) (S 1196,800,805) (S 1063,797,804) (S 1143,804,799) (D 0,0,0)
 0 1 69 8994 40706  14 (D 0,0,0) (S 1070,185,808) (S 1180,109,45) (S 1181,45,812) (S 1182,812,76) (S 61,76,77) (S 1075,812,182) (S 145,181,75) (S 59,74,73) (S 985,766,376) (S 984,376,385) (S 350,385,386) (S 362,387,398) (D 0,0,0)
 0 1 70 8920 22758  17 (D 0,0,0) (S 694,622,505) (S 774,505,623) (S 683,623,624) (S 1130,624,830) (S 684,624,625) (S 1129,624,829) (S 1162,838,829) (S 1128,829,71) (S 57,71,70) (S 55,69,68) (S 600,68,583) (S 601,583,504) (S 697,69,405) (S 371,405,406) (S 598,404,582) (D 0,0,0)
