1768102
70
1818273
1784765
 0 1 1 8943 18721  29 (D 0,0,0) (S 858,708,433) (S 689,631,324) (S 283,324,325) (S 381,327,416) (S 902,739,450) (S 415,450,449) (S 414,449,312) (S 271,312,310) (S 270,310,311) (S 272,310,313) (S 893,736,735) (S 1003,735,740) (S 904,740,519) (S 905,519,328) (S 842,704,607) (S 844,705,167) (S 634,62,169) (S 135,168,169) (S 305,169,349) (S 306,349,350) (S 464,495,494) (S 463,494,320) (S 279,320,319) (S 662,319,443) (S 410,443,444) (S 1137,443,432) (S 1153,719,708) (D 0,0,0)
 0 1 2 8706 30337  20 (D 0,0,0) (S 538,546,547) (S 722,566,644) (S 569,225,565) (S 626,596,538) (S 258,296,297) (S 429,463,462) (S 428,462,213) (S 181,213,212) (S 180,212,211) (S 179,210,211) (S 565,211,486) (S 454,486,274) (S 275,246,315) (S 939,748,315) (S 274,315,159) (S 126,159,158) (S 139,173,174) (S 329,174,293) (D 0,0,0)
 0 1 3 8798 30272  30 (D 0,0,0) (S 553,557,215) (S 571,547,566) (S 191,225,224) (S 210,213,246) (S 955,245,748) (S 956,748,160) (S 128,160,128) (S 105,128,129) (S 937,129,244) (S 206,244,243) (S 385,243,161) (S 386,161,420) (S 387,420,421) (S 884,421,725) (S 949,725,756) (S 954,756,420) (S 953,756,127) (S 103,126,127) (S 104,127,128) (S 106,129,130) (S 208,130,245) (S 209,245,246) (S 453,246,274) (S 235,274,275) (S 563,275,564) (S 790,681,576) (S 585,576,286) (S 245,286,287) (D 0,0,0)
 0 1 4 8834 34015  19 (D 0,0,0) (S 1212,755,811) (S 1072,811,810) (S 1077,810,754) (S 1076,810,813) (S 1192,543,843) (S 1209,843,847) (S 1200,845,107) (S 85,106,105) (S 1190,105,48) (S 37,48,47) (S 148,46,108) (S 149,108,183) (S 1207,183,845) (S 1206,849,183) (S 151,184,185) (S 1069,185,114) (S 93,114,115) (D 0,0,0)
 0 1 5 8967 35784  21 (D 0,0,0) (S 947,755,754) (S 946,754,541) (S 945,541,753) (S 1211,753,841) (S 1210,841,843) (S 1191,843,105) (S 1204,106,47) (S 1205,47,848) (S 36,47,46) (S 147,46,182) (S 146,182,75) (S 145,181,75) (S 60,75,74) (S 59,73,74) (S 1066,74,806) (S 1073,806,767) (S 38,49,48) (S 84,105,104) (S 1187,841,542) (D 0,0,0)
 0 1 6 8644 18867  25 (D 0,0,0) (S 1080,14,525) (S 506,525,526) (S 1141,526,761) (S 1142,761,316) (S 276,316,317) (S 519,445,534) (S 1007,612,647) (S 730,647,648) (S 1001,647,611) (S 657,610,611) (S 1000,611,774) (S 998,773,774) (S 999,774,775) (S 1008,774,612) (S 659,612,448) (S 661,534,319) (S 1136,443,494) (S 1135,494,814) (S 313,357,322) (S 312,321,356) (S 278,319,318) (S 411,318,445) (S 520,445,535) (D 0,0,0)
 0 1 7 8894 22918  18 (D 0,0,0) (S 1133,357,335) (S 292,335,334) (S 812,334,471) (S 810,691,690) (S 809,690,599) (S 806,203,503) (S 16,20,21) (S 18,22,23) (S 887,23,729) (S 19,23,24) (S 20,24,25) (S 725,24,501) (S 727,101,575) (S 729,646,647) (S 658,611,612) (S 660,448,534) (D 0,0,0)
 0 1 8 8972 30808  9 (D 0,0,0) (S 328,367,293) (S 140,174,175) (S 1068,175,807) (S 141,175,176) (S 1067,175,348) (S 304,348,292) (S 629,269,367) (D 0,0,0)
 0 1 9 8998 29146  14 (D 0,0,0) (S 418,452,427) (S 509,291,241) (S 508,241,528) (S 784,528,678) (S 205,241,242) (S 664,363,156) (S 1185,614,529) (S 473,89,500) (S 486,500,396) (S 485,511,396) (S 359,396,395) (S 737,395,290) (D 0,0,0)
 0 1 10 8684 27772  19 (D 0,0,0) (S 391,427,426) (S 1017,426,779) (S 1011,779,239) (S 204,239,240) (S 1012,239,780) (S 203,239,238) (S 202,238,237) (S 1015,237,782) (S 201,237,236) (S 979,236,424) (S 876,721,722) (S 978,722,424) (S 389,424,425) (S 1013,425,781) (S 1016,781,778) (S 1009,238,778) (S 1010,778,779) (D 0,0,0)
 0 1 11 8911 19853  15 (D 0,0,0) (S 605,585,206) (S 176,206,207) (S 178,208,209) (S 555,558,306) (S 554,306,557) (S 182,215,214) (S 561,214,561) (S 323,365,117) (S 94,117,116) (S 977,116,300) (S 262,300,301) (S 1125,301,827) (S 1124,301,557) (D 0,0,0)
 0 1 12 8939 25094  18 (D 0,0,0) (S 654,609,608) (S 653,608,29) (S 23,29,30) (S 349,30,384) (S 24,30,31) (S 348,30,383) (S 544,553,383) (S 347,383,382) (S 346,382,381) (S 820,697,381) (S 584,382,576) (S 791,576,287) (S 652,287,29) (S 322,29,364) (S 1170,577,608) (S 655,609,561) (D 0,0,0)
 0 1 13 8939 18718  19 (D 0,0,0) (S 380,327,415) (S 402,415,434) (S 1081,434,705) (S 843,705,607) (S 651,607,52) (S 650,52,453) (S 649,453,571) (S 648,571,472) (S 647,472,96) (S 77,96,97) (S 76,96,95) (S 75,95,94) (S 851,94,592) (S 616,592,593) (S 853,455,54) (S 854,54,703) (S 403,435,415) (D 0,0,0)
 0 1 14 8804 33432  13 (D 0,0,0) (S 635,362,599) (S 808,599,689) (S 458,484,490) (S 462,490,493) (S 801,493,496) (S 800,687,496) (S 466,496,489) (S 967,488,710) (S 863,710,711) (S 459,484,21) (S 17,21,22) (D 0,0,0)
 0 1 15 8800 25246  11 (D 0,0,0) (S 590,366,578) (S 572,249,547) (S 570,566,225) (S 192,225,226) (S 230,227,269) (S 630,269,292) (S 251,292,293) (S 252,293,294) (S 559,294,258) (D 0,0,0)
 0 1 16 8832 31056  23 (D 0,0,0) (S 789,681,222) (S 787,595,133) (S 109,133,132) (S 199,132,234) (S 716,642,234) (S 541,551,549) (S 540,549,550) (S 542,549,233) (S 197,232,233) (S 198,233,234) (S 200,132,235) (S 108,132,131) (S 576,131,564) (S 577,564,570) (S 788,595,222) (S 822,681,285) (S 244,285,286) (S 586,286,364) (S 587,364,577) (S 588,577,567) (S 574,567,568) (D 0,0,0)
 0 1 17 8752 21024  14 (D 0,0,0) (S 284,325,326) (S 44,55,56) (S 46,57,58) (S 47,58,59) (S 448,59,480) (S 995,480,770) (S 48,59,60) (S 449,59,481) (S 450,481,482) (S 834,481,333) (S 291,333,332) (S 595,332,516) (D 0,0,0)
 0 1 18 8574 14998  19 (D 0,0,0) (S 498,416,519) (S 497,519,518) (S 857,518,329) (S 856,329,436) (S 855,436,703) (S 840,703,702) (S 133,166,165) (S 132,164,165) (S 832,165,700) (S 836,700,636) (S 837,636,579) (S 592,579,438) (S 406,438,437) (S 405,437,436) (S 404,436,435) (S 906,435,328) (S 1029,325,520) (D 0,0,0)
 0 1 19 9000 33595  22 (D 0,0,0) (S 362,398,387) (S 363,387,378) (S 342,378,377) (S 395,377,429) (S 1046,429,766) (S 985,766,376) (S 341,376,377) (S 1047,429,399) (S 365,399,400) (S 374,409,400) (S 379,401,410) (S 376,410,411) (S 375,410,400) (S 366,400,401) (S 367,401,402) (S 378,401,414) (S 732,651,414) (S 734,652,388) (S 735,388,499) (S 736,499,395) (D 0,0,0)
 0 1 20 8491 20852  14 (D 0,0,0) (S 898,738,737) (S 54,67,68) (S 55,68,69) (S 697,69,405) (S 371,405,406) (S 372,406,407) (S 373,407,408) (S 1126,828,407) (S 1127,407,71) (S 1128,71,829) (S 1162,838,829) (S 679,353,459) (D 0,0,0)
 0 1 21 8925 26086  20 (D 0,0,0) (S 911,591,95) (S 912,95,741) (S 849,707,201) (S 848,201,146) (S 847,706,146) (S 119,147,148) (S 120,148,149) (S 118,147,146) (S 117,146,145) (S 915,145,742) (S 293,336,144) (S 116,144,145) (S 914,145,202) (S 172,202,203) (S 807,203,689) (S 962,689,606) (S 964,741,707) (S 850,707,94) (D 0,0,0)
 0 1 22 8995 15949  32 (D 0,0,0) (S 770,674,180) (S 771,180,268) (S 772,268,675) (S 773,675,7) (S 5,7,6) (S 761,6,671) (S 929,671,508) (S 930,508,343) (S 299,343,265) (S 224,265,264) (S 339,86,375) (S 490,375,513) (S 606,513,369) (S 866,371,715) (S 335,372,40) (S 336,40,373) (S 337,373,374) (S 750,373,658) (S 749,373,84) (S 748,84,657) (S 935,657,746) (S 65,83,84) (S 66,84,42) (S 1095,85,745) (S 481,508,266) (S 480,266,507) (S 479,507,177) (S 143,178,179) (S 764,179,672) (S 779,674,653) (D 0,0,0)
 0 1 23 8832 29447  16 (D 0,0,0) (S 558,560,294) (S 253,294,295) (S 529,295,539) (S 530,539,158) (S 879,540,470) (S 436,470,213) (S 186,212,219) (S 567,219,462) (S 568,462,539) (S 528,295,538) (S 527,538,224) (S 524,248,536) (S 523,536,364) (S 1,0,1) (D 0,0,0)
 0 1 24 8893 34135  21 (D 0,0,0) (S 92,114,113) (S 1195,113,805) (S 1065,805,186) (S 154,186,187) (S 155,187,123) (S 101,123,124) (S 1148,124,765) (S 1147,765,834) (S 1146,833,834) (S 1174,834,764) (S 973,763,764) (S 1175,764,125) (S 1062,125,803) (S 974,764,765) (S 975,765,32) (S 156,32,123) (S 1054,122,798) (S 1057,798,799) (S 1056,799,118) (D 0,0,0)
 0 1 25 8952 16822  22 (D 0,0,0) (S 424,459,355) (S 310,354,353) (S 680,353,584) (S 602,584,504) (S 601,504,583) (S 600,583,68) (S 599,68,404) (S 370,404,405) (S 598,404,582) (S 597,582,581) (S 1045,581,626) (S 685,626,627) (S 699,627,633) (S 920,744,633) (S 922,582,313) (S 923,313,736) (S 924,736,739) (S 903,739,740) (S 1002,740,417) (S 500,351,520) (D 0,0,0)
 0 1 26 8892 31033  21 (D 0,0,0) (S 361,394,398) (S 471,398,499) (S 472,499,500) (S 487,500,389) (S 353,389,388) (S 352,388,387) (S 364,378,399) (S 1048,399,652) (S 733,414,652) (S 1049,652,390) (S 354,389,390) (S 1050,390,530) (S 515,530,531) (S 632,597,598) (S 631,597,530) (S 514,530,89) (S 513,89,397) (S 360,397,396) (S 738,290,137) (D 0,0,0)
 0 1 27 8983 16035  28 (D 0,0,0) (S 228,63,268) (S 227,268,267) (S 762,267,671) (S 928,675,671) (S 483,5,509) (S 484,509,510) (S 845,509,654) (S 744,654,262) (S 868,716,655) (S 745,655,262) (S 222,262,261) (S 759,261,670) (S 1096,745,670) (S 1097,670,656) (S 1098,656,818) (S 746,655,656) (S 747,656,657) (S 934,657,43) (S 33,43,42) (S 67,42,85) (S 1094,85,512) (S 491,513,379) (S 492,379,345) (S 302,345,346) (S 301,345,344) (S 873,344,507) (D 0,0,0)
 0 1 28 8905 20234  23 (D 0,0,0) (S 1155,832,317) (S 1156,317,835) (S 277,317,318) (S 280,320,321) (S 281,321,322) (S 546,358,554) (S 861,554,139) (S 860,709,139) (S 113,138,139) (S 862,554,573) (S 579,573,572) (S 865,572,714) (S 578,571,572) (S 580,573,359) (S 315,359,358) (S 314,358,322) (S 282,322,323) (S 1134,357,814) (S 1082,814,788) (S 1032,788,789) (S 1031,788,495) (D 0,0,0)
 0 1 29 8901 28940  17 (D 0,0,0) (S 390,426,425) (S 1014,781,237) (S 980,236,152) (S 122,152,153) (S 981,152,140) (S 114,140,141) (S 982,140,391) (S 983,391,385) (S 984,385,376) (S 350,385,386) (S 393,386,428) (S 1006,498,393) (S 1005,777,393) (S 357,393,394) (S 358,394,395) (D 0,0,0)
 0 1 30 8943 32550  18 (D 0,0,0) (S 525,248,537) (S 532,540,541) (S 533,541,542) (S 534,542,543) (S 535,543,544) (S 536,544,184) (S 150,183,184) (S 537,184,545) (S 1178,545,809) (S 1177,809,110) (S 89,110,111) (S 1151,111,808) (S 1070,808,185) (S 152,185,112) (S 153,112,186) (S 1196,800,805) (D 0,0,0)
 0 1 31 8965 35880  25 (D 0,0,0) (S 721,566,548) (S 127,159,160) (S 952,757,127) (S 129,128,161) (S 130,161,162) (S 131,162,163) (S 1051,162,795) (S 1052,795,796) (S 1104,796,243) (S 1103,820,796) (S 1061,795,802) (S 1159,802,252) (S 216,252,253) (S 1158,802,726) (S 1157,836,726) (S 885,726,421) (S 950,725,751) (S 941,750,751) (S 942,751,752) (S 883,725,126) (S 882,126,724) (S 881,724,314) (S 273,314,159) (D 0,0,0)
 0 1 32 7843 16544  12 (D 0,0,0) (S 2,2,3) (S 926,731,28) (S 972,27,686) (S 753,663,664) (S 799,663,686) (S 1018,26,783) (S 21,26,27) (S 22,27,28) (S 889,731,732) (S 1099,732,3) (D 0,0,0)
 0 1 33 8926 24401  7 (D 0,0,0) (S 193,226,227) (S 194,227,228) (S 229,227,256) (S 218,256,257) (S 1123,557,205) (D 0,0,0)
 0 1 34 8829 29167  18 (D 0,0,0) (S 188,222,221) (S 618,38,135) (S 1199,135,844) (S 1198,844,842) (S 1189,842,680) (S 786,680,133) (S 110,133,134) (S 111,134,135) (S 1197,844,615) (S 668,615,597) (S 667,597,88) (S 69,87,88) (S 70,88,89) (S 512,397,529) (S 511,529,155) (S 123,155,154) (D 0,0,0)
 0 1 35 8860 17545  19 (D 0,0,0) (S 742,653,63) (S 1168,63,787) (S 1088,816,65) (S 368,170,403) (S 663,403,613) (S 369,403,404) (S 921,582,633) (S 698,633,405) (S 1033,406,70) (S 57,70,71) (S 58,71,72) (S 56,70,69) (S 696,69,632) (S 695,632,505) (S 694,505,622) (S 681,622,584) (S 603,584,194) (D 0,0,0)
 0 1 36 8996 28873  20 (D 0,0,0) (S 804,20,485) (S 1120,688,667) (S 1172,825,441) (S 1171,840,441) (S 408,441,440) (S 617,594,440) (S 755,665,666) (S 754,665,465) (S 431,465,466) (S 813,692,466) (S 430,465,464) (S 1119,825,667) (S 803,688,485) (S 805,20,503) (S 475,503,502) (S 640,600,99) (S 638,460,574) (S 581,574,359) (D 0,0,0)
 0 1 37 8905 21341  15 (D 0,0,0) (S 793,447,646) (S 728,646,575) (S 583,575,497) (S 467,461,100) (S 81,100,101) (S 82,101,102) (S 726,101,501) (S 474,501,502) (S 636,600,362) (S 319,362,98) (S 78,98,97) (S 916,97,690) (S 811,691,471) (D 0,0,0)
 0 1 38 8913 17018  17 (D 0,0,0) (S 165,194,195) (S 692,195,590) (S 691,590,207) (S 177,207,208) (S 1122,208,826) (S 1132,826,558) (S 556,558,209) (S 557,209,559) (S 610,588,589) (S 776,589,196) (S 166,196,195) (S 693,195,622) (S 682,622,623) (S 774,623,505) (S 476,505,504) (D 0,0,0)
 0 1 39 8996 41828  16 (D 0,0,0) (S 869,717,427) (S 1188,615,842) (S 785,680,679) (S 234,230,273) (S 233,272,230) (S 217,254,255) (S 261,254,229) (S 260,229,299) (S 543,552,299) (S 195,229,230) (S 196,230,231) (S 214,251,231) (S 215,231,252) (S 1160,252,679) (D 0,0,0)
 0 1 40 8940 39505  15 (D 0,0,0) (S 1173,825,464) (S 796,467,684) (S 550,469,556) (S 1111,556,303) (S 269,308,309) (S 1109,824,308) (S 268,307,308) (S 1110,308,303) (S 263,302,303) (S 264,303,304) (S 265,304,305) (S 435,304,469) (S 994,19,769) (D 0,0,0)
 0 1 41 8974 34093  21 (D 0,0,0) (S 802,493,688) (S 756,667,442) (S 757,442,668) (S 409,442,441) (S 1117,440,665) (S 752,661,662) (S 815,693,694) (S 1114,693,683) (S 794,682,683) (S 1113,683,641) (S 714,640,641) (S 1112,556,641) (S 715,641,468) (S 433,468,467) (S 432,467,466) (S 814,466,693) (S 1115,693,662) (S 1116,662,665) (S 1118,440,825) (D 0,0,0)
 0 1 42 8938 37143  14 (D 0,0,0) (S 1201,846,544) (S 1202,544,847) (S 1208,847,845) (S 88,108,109) (S 1180,109,45) (S 34,44,45) (S 35,45,46) (S 87,108,107) (S 86,107,106) (S 1203,106,847) (S 1193,543,813) (S 1194,813,113) (D 0,0,0)
 0 1 43 8350 18786  25 (D 0,0,0) (S 286,327,328) (S 927,330,437) (S 1024,437,784) (S 1022,784,649) (S 731,649,650) (S 1025,784,786) (S 1023,784,785) (S 1040,785,793) (S 1039,792,793) (S 1041,793,660) (S 751,659,660) (S 1042,660,790) (S 1036,790,701) (S 1037,701,56) (S 1038,56,791) (S 45,56,57) (S 591,57,579) (S 838,579,701) (S 839,701,702) (S 1034,702,166) (S 134,166,167) (S 633,167,62) (S 49,61,62) (D 0,0,0)
 0 1 44 8979 28005  20 (D 0,0,0) (S 325,257,366) (S 326,366,226) (S 327,226,367) (S 628,367,565) (S 627,565,596) (S 1055,596,173) (S 138,173,158) (S 531,158,540) (S 880,470,314) (S 958,724,757) (S 957,757,160) (S 938,748,129) (S 207,244,130) (S 107,130,131) (S 575,569,131) (S 189,222,223) (S 719,247,537) (S 213,249,250) (D 0,0,0)
 0 1 45 8265 16745  18 (D 0,0,0) (S 3,3,4) (S 1091,4,734) (S 678,621,459) (S 423,458,459) (S 936,747,727) (S 886,727,728) (S 1083,728,4) (S 1084,4,191) (S 161,191,190) (S 547,190,81) (S 64,81,82) (S 846,654,82) (S 160,82,190) (S 548,190,555) (S 549,555,509) (S 740,555,8) (D 0,0,0)
 0 1 46 8852 21250  18 (D 0,0,0) (S 504,523,524) (S 767,524,673) (S 1139,718,832) (S 412,447,446) (S 1020,446,601) (S 1021,601,337) (S 294,337,338) (S 637,601,574) (S 582,574,497) (S 468,497,461) (S 639,460,99) (S 80,99,100) (S 427,461,460) (S 426,460,361) (S 317,361,360) (S 316,360,359) (D 0,0,0)
 0 1 47 8975 31688  23 (D 0,0,0) (S 545,287,383) (S 864,712,713) (S 992,38,134) (S 257,135,276) (S 256,276,218) (S 184,218,217) (S 622,217,277) (S 247,278,289) (S 246,288,278) (S 238,278,277) (S 183,217,216) (S 231,270,216) (S 232,216,271) (S 623,217,463) (S 624,463,297) (S 259,297,298) (S 625,297,538) (S 526,224,537) (S 720,537,548) (S 539,548,547) (S 1184,578,609) (D 0,0,0)
 0 1 48 8702 11256  27 (D 0,0,0) (S 778,677,653) (S 780,674,672) (S 765,672,16) (S 11,15,14) (S 477,14,506) (S 478,506,177) (S 142,177,178) (S 398,178,431) (S 399,431,15) (S 12,15,16) (S 13,16,17) (S 768,17,523) (S 503,523,522) (S 502,522,521) (S 690,521,324) (S 859,324,433) (S 400,433,432) (S 1138,432,832) (S 1154,832,719) (S 870,719,718) (S 1078,718,762) (S 970,762,673) (S 971,673,708) (S 1152,708,522) (S 743,522,653) (D 0,0,0)
 0 1 49 8956 34149  14 (D 0,0,0) (S 795,683,467) (S 434,468,469) (S 551,469,473) (S 1169,474,839) (S 439,474,475) (S 438,474,473) (S 552,473,340) (S 295,339,340) (S 296,340,18) (S 14,18,19) (S 993,768,19) (S 15,19,20) (D 0,0,0)
 0 1 50 8973 28565  19 (D 0,0,0) (S 452,485,484) (S 451,484,483) (S 673,483,492) (S 460,491,492) (S 461,492,490) (S 457,490,489) (S 456,489,488) (S 966,488,618) (S 676,618,619) (S 675,618,617) (S 888,617,730) (S 674,617,492) (S 672,483,22) (S 671,22,502) (S 670,502,600) (S 79,99,98) (S 318,98,361) (D 0,0,0)
 0 1 51 8830 12335  20 (D 0,0,0) (S 816,0,677) (S 50,63,64) (S 1028,64,520) (S 1030,325,495) (S 465,495,350) (S 307,350,326) (S 308,326,351) (S 499,351,416) (S 382,416,417) (S 383,417,418) (S 925,418,739) (S 894,736,449) (S 895,449,170) (S 901,171,450) (S 416,450,419) (S 417,419,451) (S 1086,451,352) (S 309,352,351) (D 0,0,0)
 0 1 52 8704 32764  19 (D 0,0,0) (S 96,118,119) (S 97,119,120) (S 831,120,34) (S 26,34,33) (S 25,33,32) (S 157,32,12) (S 9,12,11) (S 7,9,10) (S 8,10,11) (S 829,11,188) (S 828,699,188) (S 158,188,12) (S 10,12,13) (S 1145,33,121) (S 1144,121,799) (S 95,118,115) (S 330,115,174) (D 0,0,0)
 0 1 53 8775 19453  21 (D 0,0,0) (S 285,326,327) (S 287,328,329) (S 289,330,331) (S 1035,331,580) (S 593,580,438) (S 704,439,635) (S 959,635,758) (S 960,758,759) (S 961,758,760) (S 835,700,481) (S 833,333,514) (S 493,514,515) (S 702,515,422) (S 388,422,423) (S 703,422,439) (S 407,439,438) (S 594,580,332) (S 290,332,331) (S 288,330,329) (D 0,0,0)
 0 1 54 8975 26827  16 (D 0,0,0) (S 413,448,447) (S 1019,446,452) (S 739,427,137) (S 112,136,137) (S 248,290,154) (S 250,291,242) (S 320,242,363) (S 645,363,155) (S 124,155,156) (S 666,614,88) (S 665,614,156) (S 125,156,157) (S 510,155,291) (S 249,291,154) (D 0,0,0)
 0 1 55 8961 23449  18 (D 0,0,0) (S 917,360,691) (S 437,471,472) (S 646,96,606) (S 963,606,741) (S 913,741,202) (S 171,202,201) (S 170,201,200) (S 1161,837,639) (S 713,639,200) (S 712,200,638) (S 711,638,637) (S 709,93,562) (S 562,562,563) (S 708,562,456) (S 421,456,455) (S 841,703,704) (D 0,0,0)
 0 1 56 7948 13676  21 (D 0,0,0) (S 1026,3,787) (S 1167,787,816) (S 1089,816,733) (S 890,733,621) (S 677,620,621) (S 891,621,734) (S 1090,734,733) (S 1166,816,738) (S 899,738,66) (S 53,66,67) (S 896,67,170) (S 136,170,171) (S 137,171,172) (S 900,171,66) (S 1087,65,451) (S 384,419,418) (S 501,520,521) (S 792,521,677) (S 777,676,677) (D 0,0,0)
 0 1 57 8224 36183  25 (D 0,0,0) (S 948,755,115) (S 824,120,35) (S 27,35,34) (S 830,34,11) (S 159,188,189) (S 827,189,698) (S 826,189,10) (S 825,10,35) (S 28,35,36) (S 98,119,121) (S 99,121,122) (S 100,122,123) (S 102,124,125) (S 1176,125,110) (S 1150,111,801) (S 1149,124,801) (S 1060,801,187) (S 1059,187,800) (S 1058,800,798) (S 1053,798,797) (S 1064,797,805) (S 1063,797,804) (S 1143,804,799) (D 0,0,0)
 0 1 58 8569 20037  14 (D 0,0,0) (S 1108,695,205) (S 173,204,205) (S 560,561,258) (S 220,258,259) (S 219,258,257) (S 324,257,365) (S 656,365,561) (S 174,205,151) (S 121,151,150) (S 518,150,533) (S 517,150,532) (S 516,532,191) (D 0,0,0)
 0 1 59 8563 16332  29 (D 0,0,0) (S 781,672,431) (S 782,431,506) (S 783,506,346) (S 303,346,347) (S 1140,347,526) (S 507,526,527) (S 334,371,372) (S 867,372,715) (S 1092,817,715) (S 1093,715,512) (S 488,512,41) (S 32,41,42) (S 1131,823,831) (S 1106,823,822) (S 1105,821,822) (S 1183,822,43) (S 933,43,745) (S 932,745,260) (S 931,260,343) (S 298,343,342) (S 297,341,342) (S 760,342,261) (S 221,261,260) (S 482,508,5) (S 4,5,6) (S 6,7,8) (S 741,8,63) (D 0,0,0)
 0 1 60 8750 19564  11 (D 0,0,0) (S 163,192,193) (S 175,206,151) (S 266,151,306) (S 267,306,300) (S 976,300,587) (S 607,586,587) (S 608,587,559) (S 609,559,588) (S 1121,588,208) (D 0,0,0)
 0 1 61 8893 10345  16 (D 0,0,0) (S 817,0,2) (S 1100,3,191) (S 162,191,192) (S 425,192,355) (S 311,355,354) (S 321,354,193) (S 164,193,194) (S 604,194,585) (S 613,585,532) (S 614,532,80) (S 63,80,81) (S 1107,81,695) (S 819,695,696) (S 818,695,2) (D 0,0,0)
 0 1 62 8958 20404  16 (D 0,0,0) (S 907,435,704) (S 43,54,55) (S 1043,55,794) (S 1102,794,819) (S 1101,794,51) (S 40,51,52) (S 41,52,53) (S 909,53,454) (S 910,454,591) (S 615,591,592) (S 852,592,455) (S 420,455,454) (S 419,454,453) (S 401,434,349) (D 0,0,0)
 0 1 63 8866 40318  13 (D 0,0,0) (S 1186,841,104) (S 83,104,103) (S 1074,806,182) (S 1075,182,812) (S 61,76,77) (S 1182,76,812) (S 1181,812,45) (S 1179,109,545) (S 1071,809,808) (S 90,111,112) (S 91,112,113) (D 0,0,0)
 0 1 64 8996 28214  22 (D 0,0,0) (S 965,707,638) (S 169,200,199) (S 168,199,198) (S 167,197,198) (S 877,198,280) (S 878,280,723) (S 240,280,281) (S 443,477,199) (S 798,476,685) (S 797,476,143) (S 115,143,142) (S 440,142,476) (S 441,476,79) (S 62,78,79) (S 442,79,199) (S 710,637,93) (S 422,456,457) (S 707,456,58) (S 706,58,636) (S 705,636,635) (D 0,0,0)
 0 1 65 8796 15901  33 (D 0,0,0) (S 144,180,179) (S 763,179,267) (S 226,267,266) (S 225,266,265) (S 300,265,344) (S 872,344,380) (S 345,380,264) (S 223,264,263) (S 338,263,86) (S 68,85,86) (S 871,86,380) (S 344,380,379) (S 343,379,368) (S 331,368,369) (S 332,369,370) (S 333,370,371) (S 30,40,39) (S 1085,39,815) (S 669,616,39) (S 31,40,41) (S 489,512,375) (S 340,375,370) (S 758,370,669) (S 522,368,527) (S 521,527,535) (S 968,535,761) (S 969,761,762) (S 1079,762,525) (S 505,525,524) (S 766,524,16) (S 769,17,674) (D 0,0,0)
 0 1 66 8920 34931  18 (D 0,0,0) (S 944,753,103) (S 943,103,49) (S 39,49,50) (S 988,49,767) (S 987,767,73) (S 986,73,766) (S 377,412,413) (S 397,412,430) (S 396,412,429) (S 394,377,386) (S 351,386,387) (S 470,398,498) (S 469,498,428) (S 392,428,392) (S 355,391,392) (S 356,392,393) (D 0,0,0)
 0 1 67 8394 15283  16 (D 0,0,0) (S 1027,787,64) (S 51,64,65) (S 52,65,66) (S 897,67,737) (S 1165,737,583) (S 1164,583,632) (S 1163,632,829) (S 1129,829,624) (S 684,624,625) (S 1130,624,830) (S 683,624,623) (S 775,623,196) (S 611,589,590) (S 612,590,585) (D 0,0,0)
 0 1 68 8917 18690  21 (D 0,0,0) (S 496,518,517) (S 642,517,602) (S 641,602,603) (S 724,603,604) (S 644,604,605) (S 686,605,628) (S 723,645,604) (S 643,604,602) (S 495,517,516) (S 951,634,629) (S 688,629,630) (S 687,629,627) (S 700,627,634) (S 701,634,515) (S 494,515,516) (S 596,516,581) (S 1044,581,776) (S 1004,776,735) (S 892,735,518) (D 0,0,0)
 0 1 69 8933 28169  22 (D 0,0,0) (S 447,480,479) (S 997,479,772) (S 446,479,478) (S 996,478,771) (S 445,478,92) (S 72,92,91) (S 71,90,91) (S 874,91,282) (S 242,282,283) (S 875,282,720) (S 241,282,281) (S 919,281,743) (S 239,279,280) (S 918,281,477) (S 444,477,92) (S 73,92,93) (S 940,637,749) (S 74,93,94) (S 42,54,53) (S 908,53,704) (D 0,0,0)
 0 1 70 8965 27706  28 (D 0,0,0) (S 823,536,285) (S 243,284,285) (S 821,681,381) (S 989,381,221) (S 187,220,221) (S 990,221,712) (S 991,712,38) (S 29,37,38) (S 619,38,595) (S 620,595,570) (S 621,570,277) (S 237,277,276) (S 236,276,275) (S 564,275,486) (S 455,486,487) (S 566,211,219) (S 185,219,218) (S 255,218,296) (S 254,296,295) (S 190,224,223) (S 717,643,223) (S 718,223,247) (S 211,247,248) (S 212,248,249) (S 573,249,567) (S 589,567,578) (D 0,0,0)
