1830953
70
76267
64390
 0 1 1 8412 18181  17 (D 0,0,0) (S 50,63,64) (S 51,64,65) (S 52,65,66) (S 53,66,67) (S 54,67,68) (S 697,69,405) (S 1126,828,407) (S 373,407,408) (S 1033,406,70) (S 1128,71,829) (S 1129,829,624) (S 684,624,625) (S 1130,624,830) (S 683,624,623) (S 681,622,584) (D 0,0,0)
 0 1 2 8573 17204  24 (D 0,0,0) (S 1166,816,738) (S 899,738,66) (S 900,66,171) (S 368,170,403) (S 663,403,613) (S 369,403,404) (S 370,404,405) (S 371,405,406) (S 372,406,407) (S 1127,407,71) (S 58,71,72) (S 57,71,70) (S 56,70,69) (S 55,69,68) (S 897,67,737) (S 896,67,170) (S 414,449,312) (S 271,312,310) (S 270,310,311) (S 272,310,313) (S 923,313,736) (S 903,739,740) (D 0,0,0)
 0 1 3 8913 19902  16 (D 0,0,0) (S 924,739,736) (S 922,313,582) (S 598,582,404) (S 599,404,68) (S 600,68,583) (S 601,583,504) (S 476,504,505) (S 694,505,622) (S 682,622,623) (S 774,623,505) (S 695,505,632) (S 1162,838,829) (S 1163,829,632) (S 602,504,584) (D 0,0,0)
 0 1 4 8883 14097  23 (D 0,0,0) (S 816,0,677) (S 777,676,677) (S 778,677,653) (S 743,653,522) (S 502,522,521) (S 501,521,520) (S 500,520,351) (S 308,351,326) (S 284,326,325) (S 1030,325,495) (S 464,495,494) (S 1135,494,814) (S 1134,814,357) (S 313,357,322) (S 282,322,323) (S 281,322,321) (S 312,321,356) (S 279,320,319) (S 1156,317,835) (S 1155,317,832) (S 971,673,708) (D 0,0,0)
 0 1 5 8892 18172  18 (D 0,0,0) (S 380,327,415) (S 402,415,434) (S 1081,434,705) (S 844,705,167) (S 134,167,166) (S 133,166,165) (S 132,164,165) (S 832,165,700) (S 836,700,636) (S 46,58,57) (S 1038,56,791) (S 1037,56,701) (S 838,701,579) (S 591,579,57) (S 45,57,56) (S 44,56,55) (D 0,0,0)
 0 1 6 8517 18648  20 (D 0,0,0) (S 1152,522,708) (S 1154,719,832) (S 1138,832,432) (S 1136,443,494) (S 1133,357,335) (S 292,335,334) (S 811,471,691) (S 810,691,690) (S 916,690,97) (S 78,97,98) (S 318,98,361) (S 579,573,572) (S 865,572,714) (S 578,572,571) (S 419,453,454) (S 909,454,53) (S 908,53,704) (S 403,435,415) (D 0,0,0)
 0 1 7 8847 25318  20 (D 0,0,0) (S 289,330,331) (S 290,331,332) (S 593,580,438) (S 47,58,59) (S 448,59,480) (S 997,479,772) (S 918,477,281) (S 919,281,743) (S 241,281,282) (S 875,282,720) (S 242,282,283) (S 874,282,91) (S 71,90,91) (S 72,91,92) (S 73,92,93) (S 709,93,562) (S 562,562,563) (S 708,562,456) (D 0,0,0)
 0 1 8 8815 20625  23 (D 0,0,0) (S 703,422,439) (S 388,422,423) (S 702,422,515) (S 701,515,634) (S 700,634,627) (S 687,627,629) (S 688,629,630) (S 951,629,634) (S 699,627,633) (S 921,633,582) (S 597,582,581) (S 596,581,516) (S 495,516,517) (S 643,602,604) (S 686,605,628) (S 644,605,604) (S 723,645,604) (S 724,604,603) (S 641,603,602) (S 642,602,517) (S 496,517,518) (D 0,0,0)
 0 1 9 8841 27574  21 (D 0,0,0) (S 172,203,202) (S 171,202,201) (S 170,201,200) (S 169,200,199) (S 168,199,198) (S 167,197,198) (S 877,198,280) (S 878,280,723) (S 239,279,280) (S 240,280,281) (S 445,92,478) (S 996,478,771) (S 446,478,479) (S 447,479,480) (S 995,480,770) (S 48,59,60) (S 449,59,481) (S 835,481,700) (S 705,636,635) (D 0,0,0)
 0 1 10 8954 35247  21 (D 0,0,0) (S 808,599,689) (S 806,203,503) (S 805,503,20) (S 14,19,18) (S 263,302,303) (S 264,303,304) (S 265,304,305) (S 435,304,469) (S 550,469,556) (S 1112,556,641) (S 1114,683,693) (S 752,661,662) (S 754,665,465) (S 1173,464,825) (S 1119,825,667) (S 756,667,442) (S 757,442,668) (S 1171,840,441) (S 1172,441,825) (D 0,0,0)
 0 1 11 8936 37485  18 (D 0,0,0) (S 807,689,203) (S 409,442,441) (S 408,441,440) (S 755,665,666) (S 1116,665,662) (S 1115,662,693) (S 814,693,466) (S 796,467,684) (S 1111,556,303) (S 268,307,308) (S 269,308,309) (S 1109,824,308) (S 1110,308,303) (S 433,468,467) (S 431,466,465) (S 430,465,464) (D 0,0,0)
 0 1 12 8935 38000  15 (D 0,0,0) (S 1120,688,667) (S 1118,825,440) (S 617,594,440) (S 1117,440,665) (S 815,693,694) (S 434,468,469) (S 551,469,473) (S 1169,474,839) (S 439,474,475) (S 438,474,473) (S 552,473,340) (S 295,339,340) (S 296,340,18) (D 0,0,0)
 0 1 13 8905 33266  16 (D 0,0,0) (S 813,692,466) (S 432,466,467) (S 795,467,683) (S 794,682,683) (S 1113,683,641) (S 714,640,641) (S 715,641,468) (S 994,19,769) (S 993,768,19) (S 15,19,20) (S 16,20,21) (S 459,21,484) (S 452,484,485) (S 475,503,502) (D 0,0,0)
 0 1 14 8978 34024  16 (D 0,0,0) (S 319,98,362) (S 636,362,600) (S 673,483,492) (S 460,491,492) (S 461,492,490) (S 456,489,488) (S 863,710,711) (S 967,710,488) (S 966,488,618) (S 676,618,619) (S 675,618,617) (S 888,617,730) (S 674,617,492) (S 670,502,600) (D 0,0,0)
 0 1 15 8936 28302  19 (D 0,0,0) (S 917,360,691) (S 804,20,485) (S 803,485,688) (S 802,688,493) (S 462,490,493) (S 801,493,496) (S 800,687,496) (S 466,496,489) (S 457,489,490) (S 458,490,484) (S 451,484,483) (S 672,483,22) (S 17,21,22) (S 640,600,99) (S 639,99,460) (S 581,574,359) (S 315,359,358) (D 0,0,0)
 0 1 16 8865 25487  16 (D 0,0,0) (S 468,497,461) (S 80,100,99) (S 671,502,22) (S 18,22,23) (S 887,23,729) (S 19,23,24) (S 20,24,25) (S 725,24,501) (S 82,101,102) (S 1001,647,611) (S 1139,832,718) (S 1078,718,762) (S 1079,762,525) (S 768,523,17) (D 0,0,0)
 0 1 17 8867 19436  19 (D 0,0,0) (S 503,522,523) (S 504,523,524) (S 505,524,525) (S 506,525,526) (S 507,526,527) (S 521,527,535) (S 520,535,445) (S 519,445,534) (S 660,534,448) (S 793,447,646) (S 728,646,575) (S 726,101,501) (S 474,501,502) (S 79,99,98) (S 648,472,571) (S 649,571,453) (S 842,607,704) (D 0,0,0)
 0 1 18 8397 24081  17 (D 0,0,0) (S 914,202,145) (S 915,145,742) (S 293,336,144) (S 116,144,145) (S 117,145,146) (S 849,201,707) (S 964,707,741) (S 963,741,606) (S 962,689,606) (S 646,606,96) (S 647,96,472) (S 437,472,471) (S 812,471,334) (S 1082,814,788) (S 307,350,326) (D 0,0,0)
 0 1 19 8921 28521  21 (D 0,0,0) (S 286,327,328) (S 42,53,54) (S 444,92,477) (S 443,477,199) (S 442,199,79) (S 62,78,79) (S 441,79,476) (S 440,476,142) (S 115,142,143) (S 797,143,476) (S 798,476,685) (S 848,201,146) (S 847,706,146) (S 120,148,149) (S 119,148,147) (S 118,147,146) (S 913,202,741) (S 912,741,95) (S 911,95,591) (D 0,0,0)
 0 1 20 8826 19805  20 (D 0,0,0) (S 404,435,436) (S 855,436,703) (S 854,703,54) (S 853,54,455) (S 421,455,456) (S 422,456,457) (S 707,456,58) (S 706,58,636) (S 837,636,579) (S 592,579,438) (S 407,438,439) (S 704,439,635) (S 960,758,759) (S 961,758,760) (S 959,758,635) (S 1034,166,702) (S 907,704,435) (S 285,327,326) (D 0,0,0)
 0 1 21 8956 21887  20 (D 0,0,0) (S 841,704,703) (S 852,455,592) (S 851,592,94) (S 75,94,95) (S 76,95,96) (S 77,96,97) (S 809,690,599) (S 635,599,362) (S 426,460,361) (S 317,361,360) (S 316,360,359) (S 580,359,573) (S 862,573,554) (S 860,709,139) (S 113,138,139) (S 861,139,554) (S 546,554,358) (S 314,358,322) (D 0,0,0)
 0 1 22 8894 24569  21 (D 0,0,0) (S 661,319,534) (S 418,452,427) (S 869,717,427) (S 391,427,426) (S 1009,778,238) (S 201,237,236) (S 979,236,424) (S 390,425,426) (S 1019,452,446) (S 729,646,647) (S 730,647,648) (S 1007,647,612) (S 1008,612,774) (S 998,773,774) (S 999,774,775) (S 1000,774,611) (S 657,610,611) (S 658,611,612) (S 659,612,448) (D 0,0,0)
 0 1 23 8888 20193  18 (D 0,0,0) (S 413,448,447) (S 1020,446,601) (S 1021,601,337) (S 294,337,338) (S 637,601,574) (S 638,574,460) (S 427,460,461) (S 467,461,100) (S 81,100,101) (S 727,101,575) (S 583,575,497) (S 582,497,574) (S 280,321,320) (S 463,320,494) (S 870,718,719) (S 1153,719,708) (D 0,0,0)
 0 1 24 8970 28152  15 (D 0,0,0) (S 411,318,445) (S 739,427,137) (S 112,136,137) (S 738,137,290) (S 248,290,154) (S 249,154,291) (S 509,291,241) (S 205,241,242) (S 250,242,291) (S 508,241,528) (S 784,528,678) (S 510,291,155) (S 123,155,154) (D 0,0,0)
 0 1 25 8681 31350  18 (D 0,0,0) (S 1017,426,779) (S 1011,779,239) (S 1012,239,780) (S 204,239,240) (S 203,239,238) (S 202,238,237) (S 980,236,152) (S 122,152,153) (S 1015,237,782) (S 1014,237,781) (S 389,425,424) (S 978,424,722) (S 876,721,722) (S 1013,425,781) (S 1016,781,778) (S 1010,778,779) (D 0,0,0)
 0 1 26 8706 13203  31 (D 0,0,0) (S 858,708,433) (S 400,433,432) (S 1137,432,443) (S 410,443,444) (S 662,443,319) (S 278,319,318) (S 277,318,317) (S 276,317,316) (S 1142,316,761) (S 968,761,535) (S 1141,526,761) (S 969,761,762) (S 970,762,673) (S 767,673,524) (S 766,524,16) (S 765,16,672) (S 781,672,431) (S 782,431,506) (S 477,506,14) (S 11,14,15) (S 12,15,16) (S 13,16,17) (S 769,17,674) (S 770,674,180) (S 771,180,268) (S 772,268,675) (S 928,675,671) (S 761,671,6) (S 741,8,63) (D 0,0,0)
 0 1 27 8596 16267  25 (D 0,0,0) (S 779,653,674) (S 780,674,672) (S 301,345,344) (S 300,344,265) (S 299,265,343) (S 931,343,260) (S 932,260,745) (S 1131,823,831) (S 1106,823,822) (S 1105,821,822) (S 1183,822,43) (S 33,43,42) (S 66,42,84) (S 65,83,84) (S 748,84,657) (S 747,657,656) (S 746,656,655) (S 868,716,655) (S 222,262,261) (S 221,261,260) (S 930,343,508) (S 773,7,675) (S 228,268,63) (D 0,0,0)
 0 1 28 8834 16318  33 (D 0,0,0) (S 144,180,179) (S 763,179,267) (S 226,267,266) (S 225,266,265) (S 224,265,264) (S 345,380,264) (S 223,264,263) (S 338,263,86) (S 339,86,375) (S 68,86,85) (S 67,85,42) (S 32,42,41) (S 488,41,512) (S 31,41,40) (S 337,373,374) (S 336,373,40) (S 335,40,372) (S 334,372,371) (S 333,371,370) (S 332,370,369) (S 606,369,513) (S 490,513,375) (S 489,375,512) (S 1093,512,715) (S 866,715,371) (S 758,370,669) (S 340,370,375) (S 491,513,379) (S 343,379,368) (S 331,368,369) (S 522,368,527) (D 0,0,0)
 0 1 29 9000 17739  29 (D 0,0,0) (S 764,672,179) (S 143,179,178) (S 398,178,431) (S 399,431,15) (S 1080,14,525) (S 1140,526,347) (S 303,347,346) (S 783,346,506) (S 478,506,177) (S 873,507,344) (S 872,344,380) (S 871,380,86) (S 1095,85,745) (S 933,745,43) (S 934,43,657) (S 935,657,746) (S 749,84,373) (S 750,373,658) (S 30,40,39) (S 669,616,39) (S 1085,39,815) (S 867,372,715) (S 1092,817,715) (S 1094,512,85) (S 344,380,379) (S 492,379,345) (S 302,345,346) (D 0,0,0)
 0 1 30 8136 14419  29 (D 0,0,0) (S 142,178,177) (S 479,177,507) (S 480,507,266) (S 481,266,508) (S 298,343,342) (S 297,341,342) (S 760,342,261) (S 759,261,670) (S 1096,745,670) (S 1097,670,656) (S 1098,656,818) (S 745,655,262) (S 744,262,654) (S 845,654,509) (S 483,509,5) (S 4,5,6) (S 5,6,7) (S 6,7,8) (S 740,8,555) (S 548,190,555) (S 549,555,509) (S 484,509,510) (S 482,5,508) (S 929,508,671) (S 762,671,267) (S 227,267,268) (S 742,63,653) (D 0,0,0)
 0 1 31 8286 19317  25 (D 0,0,0) (S 499,351,416) (S 498,416,519) (S 497,519,518) (S 895,449,170) (S 136,170,171) (S 137,171,172) (S 901,171,450) (S 902,450,739) (S 925,739,418) (S 382,417,416) (S 381,416,327) (S 401,434,349) (S 49,61,62) (S 634,62,169) (S 135,168,169) (S 305,169,349) (S 306,349,350) (S 465,350,495) (S 1031,495,788) (S 1032,788,789) (S 1029,325,520) (S 1028,520,64) (S 1027,64,787) (D 0,0,0)
 0 1 32 8938 18110  12 (D 0,0,0) (S 288,329,330) (S 1035,331,580) (S 594,580,332) (S 291,332,333) (S 450,481,482) (S 834,481,333) (S 833,333,514) (S 493,514,515) (S 494,515,516) (S 595,516,332) (D 0,0,0)
 0 1 33 8506 17870  13 (D 0,0,0) (S 1,0,1) (S 2,2,3) (S 1099,3,732) (S 22,28,27) (S 1018,26,783) (S 21,26,27) (S 799,686,663) (S 753,663,664) (S 972,686,27) (S 926,28,731) (S 889,731,732) (D 0,0,0)
 0 1 34 8649 19262  17 (D 0,0,0) (S 886,728,727) (S 936,747,727) (S 1083,728,4) (S 1089,733,816) (S 1026,787,3) (S 1100,3,191) (S 177,207,208) (S 1122,208,826) (S 1132,826,558) (S 555,558,306) (S 121,151,150) (S 518,150,533) (S 517,150,532) (S 516,532,191) (S 1084,191,4) (D 0,0,0)
 0 1 35 8234 13648  23 (D 0,0,0) (S 309,351,352) (S 1086,352,451) (S 417,451,419) (S 384,419,418) (S 383,418,417) (S 1002,417,740) (S 904,740,519) (S 905,519,328) (S 906,328,435) (S 405,436,437) (S 406,437,438) (S 856,436,329) (S 857,329,518) (S 892,518,735) (S 893,735,736) (S 894,736,449) (S 415,449,450) (S 416,450,419) (S 1087,451,65) (S 1088,65,816) (S 1168,787,63) (D 0,0,0)
 0 1 36 8979 19740  12 (D 0,0,0) (S 891,734,621) (S 679,459,353) (S 680,353,584) (S 603,584,194) (S 165,194,195) (S 557,209,559) (S 609,559,588) (S 608,559,587) (S 607,586,587) (S 976,587,300) (D 0,0,0)
 0 1 37 8794 15006  16 (D 0,0,0) (S 161,191,190) (S 160,190,82) (S 846,654,82) (S 64,82,81) (S 547,81,190) (S 1107,81,695) (S 819,695,696) (S 1108,695,205) (S 173,204,205) (S 174,205,151) (S 175,151,206) (S 321,193,354) (S 311,354,355) (S 162,192,191) (D 0,0,0)
 0 1 38 8832 17973  13 (D 0,0,0) (S 266,151,306) (S 554,306,557) (S 1124,557,301) (S 1125,301,827) (S 262,301,300) (S 267,300,306) (S 556,558,209) (S 178,209,208) (S 1121,208,588) (S 610,588,589) (S 166,196,195) (D 0,0,0)
 0 1 39 7512 15467  15 (D 0,0,0) (S 605,585,206) (S 176,206,207) (S 691,207,590) (S 611,590,589) (S 776,589,196) (S 775,196,623) (S 693,622,195) (S 692,195,590) (S 612,590,585) (S 310,354,353) (S 890,621,733) (S 1090,733,734) (S 3,4,3) (D 0,0,0)
 0 1 40 8867 12251  16 (D 0,0,0) (S 817,0,2) (S 818,2,695) (S 63,81,80) (S 614,80,532) (S 613,532,585) (S 604,585,194) (S 164,194,193) (S 163,193,192) (S 425,192,355) (S 424,355,459) (S 423,458,459) (S 678,459,621) (S 677,620,621) (S 1091,734,4) (D 0,0,0)
 0 1 41 8800 16627  19 (D 0,0,0) (S 792,677,521) (S 690,521,324) (S 689,631,324) (S 859,433,324) (S 283,324,325) (S 1003,740,735) (S 1004,735,776) (S 1044,776,581) (S 1045,581,626) (S 685,626,627) (S 920,744,633) (S 698,633,405) (S 696,69,632) (S 1164,632,583) (S 1165,583,737) (S 898,737,738) (S 1167,816,787) (D 0,0,0)
 0 1 42 8986 21023  25 (D 0,0,0) (S 633,62,167) (S 843,705,607) (S 651,607,52) (S 40,52,51) (S 1101,51,794) (S 1102,794,819) (S 1043,794,55) (S 43,55,54) (S 840,703,702) (S 839,702,701) (S 1036,701,790) (S 1042,790,660) (S 751,659,660) (S 1041,660,793) (S 1039,792,793) (S 1040,793,785) (S 1023,785,784) (S 1025,784,786) (S 731,649,650) (S 1022,649,784) (S 1024,784,437) (S 927,437,330) (S 287,329,328) (D 0,0,0)
 0 1 43 8943 25526  17 (D 0,0,0) (S 910,454,591) (S 615,591,592) (S 616,592,593) (S 850,94,707) (S 965,707,638) (S 713,200,639) (S 1161,837,639) (S 712,200,638) (S 711,638,637) (S 940,637,749) (S 710,637,93) (S 74,93,94) (S 420,455,454) (S 650,453,52) (S 41,52,53) (D 0,0,0)
 0 1 44 8980 33335  26 (D 0,0,0) (S 977,300,116) (S 656,365,561) (S 791,287,576) (S 787,595,133) (S 716,642,234) (S 541,551,549) (S 540,549,550) (S 542,549,233) (S 197,232,233) (S 198,233,234) (S 199,234,132) (S 575,569,131) (S 576,131,564) (S 563,564,275) (S 564,275,486) (S 455,486,487) (S 565,486,211) (S 179,210,211) (S 180,211,212) (S 181,212,213) (S 210,213,246) (S 453,246,274) (S 454,274,486) (S 566,211,219) (D 0,0,0)
 0 1 45 8976 35205  28 (D 0,0,0) (S 186,219,212) (S 209,246,245) (S 955,245,748) (S 1103,820,796) (S 1104,796,243) (S 937,244,129) (S 938,129,748) (S 939,748,315) (S 956,748,160) (S 957,160,757) (S 952,757,127) (S 953,127,756) (S 949,756,725) (S 884,725,421) (S 954,420,756) (S 950,725,751) (S 941,750,751) (S 942,751,752) (S 883,725,126) (S 882,126,724) (S 880,314,470) (S 436,470,213) (S 428,213,462) (S 567,462,219) (S 185,219,218) (S 184,218,217) (D 0,0,0)
 0 1 46 8950 34359  26 (D 0,0,0) (S 623,463,217) (S 183,217,216) (S 231,270,216) (S 232,216,271) (S 622,217,277) (S 620,570,595) (S 619,595,38) (S 29,37,38) (S 992,38,134) (S 111,134,135) (S 1199,135,844) (S 1198,844,842) (S 1189,842,680) (S 109,133,132) (S 200,132,235) (S 577,564,570) (S 621,570,277) (S 247,278,289) (S 246,288,278) (S 238,278,277) (S 237,277,276) (S 236,275,276) (S 256,276,218) (S 255,218,296) (D 0,0,0)
 0 1 47 8995 31910  25 (D 0,0,0) (S 568,539,462) (S 208,245,130) (S 106,130,129) (S 105,129,128) (S 129,128,161) (S 130,161,162) (S 131,162,163) (S 1051,162,795) (S 1052,795,796) (S 1061,795,802) (S 1158,802,726) (S 1157,836,726) (S 885,726,421) (S 387,421,420) (S 386,420,161) (S 385,161,243) (S 206,243,244) (S 207,244,130) (S 107,130,131) (S 108,131,132) (S 110,133,134) (S 990,712,221) (S 790,681,576) (D 0,0,0)
 0 1 48 8871 29134  21 (D 0,0,0) (S 823,536,285) (S 821,681,381) (S 820,697,381) (S 618,38,135) (S 257,135,276) (S 235,275,274) (S 275,246,315) (S 274,315,159) (S 273,159,314) (S 881,314,724) (S 958,724,757) (S 103,126,127) (S 104,127,128) (S 128,128,160) (S 127,160,159) (S 126,159,158) (S 138,158,173) (S 1055,173,596) (S 527,538,224) (D 0,0,0)
 0 1 49 8933 33922  23 (D 0,0,0) (S 530,539,158) (S 531,158,540) (S 532,540,541) (S 944,753,103) (S 83,103,104) (S 1186,104,841) (S 1187,841,542) (S 534,542,543) (S 1201,846,544) (S 1202,544,847) (S 1208,847,845) (S 87,107,108) (S 149,108,183) (S 1206,849,183) (S 1207,183,845) (S 1200,845,107) (S 86,107,106) (S 37,47,48) (S 38,48,49) (S 943,49,103) (S 945,753,541) (D 0,0,0)
 0 1 50 8968 37880  24 (D 0,0,0) (S 95,115,118) (S 1056,118,799) (S 1057,799,798) (S 1058,798,800) (S 1196,800,805) (S 1063,797,804) (S 1143,804,799) (S 1144,799,121) (S 1054,122,798) (S 1053,798,797) (S 1064,797,805) (S 1195,805,113) (S 1076,813,810) (S 1077,810,754) (S 946,754,541) (S 533,541,542) (S 536,544,184) (S 150,184,183) (S 1074,182,806) (S 1066,806,74) (S 59,74,73) (S 987,73,767) (D 0,0,0)
 0 1 51 8825 35418  20 (D 0,0,0) (S 1059,800,187) (S 1060,187,801) (S 102,124,125) (S 1148,124,765) (S 1147,765,834) (S 1146,833,834) (S 1174,834,764) (S 974,764,765) (S 975,765,32) (S 156,123,32) (S 158,12,188) (S 159,188,189) (S 827,189,698) (S 826,189,10) (S 8,10,11) (S 830,11,34) (S 831,34,120) (S 97,120,119) (D 0,0,0)
 0 1 52 8877 36120  14 (D 0,0,0) (S 879,540,470) (S 1211,753,841) (S 1210,841,843) (S 1191,843,105) (S 1190,105,48) (S 39,49,50) (S 988,49,767) (S 1073,767,806) (S 1075,182,812) (S 1181,812,45) (S 537,545,184) (S 1069,185,114) (D 0,0,0)
 0 1 53 8994 33078  20 (D 0,0,0) (S 330,174,115) (S 948,115,755) (S 947,755,754) (S 91,113,112) (S 90,111,112) (S 152,112,185) (S 1070,185,808) (S 1071,808,809) (S 1177,809,110) (S 1150,111,801) (S 1149,801,124) (S 101,124,123) (S 100,123,122) (S 99,122,121) (S 1145,121,33) (S 98,121,119) (S 96,119,118) (S 182,214,215) (D 0,0,0)
 0 1 54 8963 25588  24 (D 0,0,0) (S 589,578,567) (S 574,567,568) (S 213,249,250) (S 212,249,248) (S 524,248,536) (S 523,536,364) (S 586,364,286) (S 244,286,285) (S 822,285,681) (S 789,681,222) (S 788,222,595) (S 991,38,712) (S 864,712,713) (S 584,382,576) (S 585,576,286) (S 245,286,287) (S 545,287,383) (S 544,553,383) (S 652,287,29) (S 653,29,608) (S 654,608,609) (S 655,609,561) (D 0,0,0)
 0 1 55 8992 27011  18 (D 0,0,0) (S 1170,608,577) (S 587,577,364) (S 322,364,29) (S 23,29,30) (S 24,30,31) (S 349,30,384) (S 348,30,383) (S 347,383,382) (S 346,382,381) (S 989,381,221) (S 187,220,221) (S 188,221,222) (S 189,222,223) (S 190,223,224) (S 573,249,567) (S 588,567,577) (D 0,0,0)
 0 1 56 8905 29146  26 (D 0,0,0) (S 572,249,547) (S 538,546,547) (S 722,566,644) (S 721,566,548) (S 719,537,247) (S 717,643,223) (S 718,223,247) (S 211,247,248) (S 525,248,537) (S 526,537,224) (S 529,295,539) (S 254,295,296) (S 258,296,297) (S 626,538,596) (S 627,596,565) (S 569,565,225) (S 570,225,566) (S 571,566,547) (S 539,547,548) (S 720,548,537) (S 191,224,225) (S 192,225,226) (S 560,258,561) (S 553,215,557) (D 0,0,0)
 0 1 57 8756 23089  11 (D 0,0,0) (S 220,258,259) (S 559,258,294) (S 252,294,293) (S 328,293,367) (S 327,367,226) (S 326,226,366) (S 1184,578,609) (S 561,561,214) (S 1123,557,205) (D 0,0,0)
 0 1 58 8928 25907  8 (D 0,0,0) (S 219,258,257) (S 218,257,256) (S 229,256,227) (S 194,227,228) (S 230,227,269) (S 629,269,367) (D 0,0,0)
 0 1 59 8814 31048  13 (D 0,0,0) (S 558,560,294) (S 253,294,295) (S 528,295,538) (S 625,538,297) (S 259,297,298) (S 624,297,463) (S 429,463,462) (S 139,173,174) (S 329,174,293) (S 325,366,257) (S 324,257,365) (D 0,0,0)
 0 1 60 8974 28242  11 (D 0,0,0) (S 590,366,578) (S 628,565,367) (S 251,293,292) (S 1067,348,175) (S 304,348,292) (S 630,292,269) (S 193,227,226) (S 323,365,117) (S 94,117,116) (D 0,0,0)
 0 1 61 8669 29596  20 (D 0,0,0) (S 736,395,499) (S 735,499,388) (S 734,388,652) (S 733,652,414) (S 378,414,401) (S 366,401,400) (S 365,400,399) (S 364,378,399) (S 1047,429,399) (S 1048,399,652) (S 1049,652,390) (S 1050,390,530) (S 514,530,89) (S 70,89,88) (S 69,87,88) (S 666,88,614) (S 665,614,156) (S 320,363,242) (D 0,0,0)
 0 1 62 8993 29981  20 (D 0,0,0) (S 786,133,680) (S 1188,842,615) (S 1197,615,844) (S 668,615,597) (S 632,597,598) (S 515,530,531) (S 354,390,389) (S 353,389,388) (S 352,388,387) (S 351,387,386) (S 393,386,428) (S 392,428,392) (S 355,391,392) (S 356,392,393) (S 357,393,394) (S 358,394,395) (S 359,395,396) (S 737,395,290) (D 0,0,0)
 0 1 63 8810 37467  18 (D 0,0,0) (S 470,498,398) (S 362,398,387) (S 363,387,378) (S 342,378,377) (S 341,377,376) (S 986,766,73) (S 374,409,400) (S 375,400,410) (S 376,410,411) (S 379,410,401) (S 367,401,402) (S 732,651,414) (S 487,389,500) (S 472,500,499) (S 471,499,398) (S 361,398,394) (D 0,0,0)
 0 1 64 8967 32736  18 (D 0,0,0) (S 1005,777,393) (S 1006,393,498) (S 469,498,428) (S 350,385,386) (S 394,386,377) (S 395,377,429) (S 396,429,412) (S 377,412,413) (S 397,412,430) (S 1046,429,766) (S 985,766,376) (S 984,376,385) (S 983,385,391) (S 982,391,140) (S 114,140,141) (S 981,140,152) (D 0,0,0)
 0 1 65 8986 30713  17 (D 0,0,0) (S 124,155,156) (S 125,156,157) (S 664,156,363) (S 645,363,155) (S 511,155,529) (S 512,529,397) (S 360,397,396) (S 485,511,396) (S 486,396,500) (S 473,500,89) (S 513,397,89) (S 631,530,597) (S 667,597,88) (S 1185,614,529) (S 412,446,447) (D 0,0,0)
 0 1 66 8905 41633  17 (D 0,0,0) (S 243,284,285) (S 785,680,679) (S 216,252,253) (S 1159,802,252) (S 217,254,255) (S 261,254,229) (S 260,229,299) (S 543,552,299) (S 195,229,230) (S 234,230,273) (S 233,272,230) (S 196,230,231) (S 214,251,231) (S 215,231,252) (S 1160,252,679) (D 0,0,0)
 0 1 67 8917 38998  12 (D 0,0,0) (S 1068,175,807) (S 141,175,176) (S 140,175,174) (S 1212,755,811) (S 1072,811,810) (S 1193,813,543) (S 151,184,185) (S 153,112,186) (S 1065,186,805) (S 93,114,115) (D 0,0,0)
 0 1 68 8760 38771  22 (D 0,0,0) (S 92,114,113) (S 154,186,187) (S 155,187,123) (S 25,32,33) (S 26,33,34) (S 27,34,35) (S 824,120,35) (S 28,35,36) (S 825,35,10) (S 7,9,10) (S 829,11,188) (S 828,699,188) (S 9,11,12) (S 10,12,13) (S 157,12,32) (S 973,763,764) (S 1175,764,125) (S 1062,125,803) (S 1176,125,110) (S 89,110,111) (D 0,0,0)
 0 1 69 8893 37373  13 (D 0,0,0) (S 1151,111,808) (S 1178,809,545) (S 1179,545,109) (S 34,44,45) (S 1180,45,109) (S 88,109,108) (S 148,108,46) (S 1204,47,106) (S 1203,106,847) (S 535,544,543) (S 1194,813,113) (D 0,0,0)
 0 1 70 8976 44001  15 (D 0,0,0) (S 84,104,105) (S 85,105,106) (S 36,47,46) (S 35,46,45) (S 1182,812,76) (S 61,76,77) (S 146,182,75) (S 145,181,75) (S 60,74,75) (S 147,182,46) (S 1205,47,848) (S 1209,847,843) (S 1192,843,543) (D 0,0,0)
