1769514
70
1817760
1793515
 0 1 1 8568 14518  19 (D 0,0,0) (S 817,0,2) (S 1083,4,728) (S 886,728,727) (S 936,747,727) (S 1084,4,191) (S 162,191,192) (S 163,192,193) (S 321,193,354) (S 310,353,354) (S 311,354,355) (S 424,355,459) (S 423,458,459) (S 678,459,621) (S 677,620,621) (S 891,621,734) (S 1091,734,4) (S 3,4,3) (D 0,0,0)
 0 1 2 7843 16544  12 (D 0,0,0) (S 2,2,3) (S 1099,3,732) (S 889,732,731) (S 926,731,28) (S 22,28,27) (S 1018,26,783) (S 21,26,27) (S 799,686,663) (S 753,663,664) (S 972,686,27) (D 0,0,0)
 0 1 3 8565 13314  24 (D 0,0,0) (S 1026,3,787) (S 1027,787,64) (S 1088,65,816) (S 1166,816,738) (S 897,737,67) (S 896,67,170) (S 136,170,171) (S 137,171,172) (S 901,171,450) (S 902,450,739) (S 893,736,735) (S 892,735,518) (S 857,518,329) (S 927,330,437) (S 405,437,436) (S 856,436,329) (S 287,329,328) (S 286,328,327) (S 1029,325,520) (S 501,520,521) (S 502,521,522) (S 743,522,653) (D 0,0,0)
 0 1 4 6233 9862  15 (D 0,0,0) (S 1,0,1) (S 1100,3,191) (S 161,191,190) (S 547,190,81) (S 64,81,82) (S 160,82,190) (S 548,190,555) (S 740,555,8) (S 6,7,8) (S 741,8,63) (S 228,63,268) (S 771,268,180) (S 770,180,674) (D 0,0,0)
 0 1 5 8662 13329  17 (D 0,0,0) (S 742,653,63) (S 1168,63,787) (S 1167,787,816) (S 1089,816,733) (S 890,733,621) (S 679,459,353) (S 680,353,584) (S 681,584,622) (S 693,622,195) (S 165,195,194) (S 604,194,585) (S 605,585,206) (S 691,207,590) (S 692,590,195) (S 613,585,532) (D 0,0,0)
 0 1 6 8986 15908  16 (D 0,0,0) (S 516,191,532) (S 517,532,150) (S 121,150,151) (S 266,151,306) (S 555,306,558) (S 556,558,209) (S 178,209,208) (S 1122,208,826) (S 1132,826,558) (S 557,209,559) (S 609,559,588) (S 776,589,196) (S 166,196,195) (S 425,355,192) (D 0,0,0)
 0 1 7 8964 17490  9 (D 0,0,0) (S 612,585,590) (S 611,590,589) (S 608,559,587) (S 607,586,587) (S 976,587,300) (S 174,151,205) (S 1108,205,695) (D 0,0,0)
 0 1 8 8822 23202  13 (D 0,0,0) (S 173,204,205) (S 1123,205,557) (S 182,215,214) (S 656,561,365) (S 220,258,259) (S 561,561,214) (S 1124,557,301) (S 1125,301,827) (S 262,301,300) (S 267,300,306) (S 518,150,533) (D 0,0,0)
 0 1 9 8897 15756  15 (D 0,0,0) (S 1090,734,733) (S 694,622,505) (S 682,622,623) (S 775,623,196) (S 610,589,588) (S 1121,588,208) (S 177,208,207) (S 176,207,206) (S 175,206,151) (S 614,532,80) (S 63,80,81) (S 1107,81,695) (S 818,695,2) (D 0,0,0)
 0 1 10 8588 16457  34 (D 0,0,0) (S 227,268,267) (S 762,267,671) (S 928,671,675) (S 773,675,7) (S 5,7,6) (S 482,5,508) (S 930,508,343) (S 299,343,265) (S 300,265,344) (S 872,344,380) (S 223,264,263) (S 338,263,86) (S 339,86,375) (S 489,375,512) (S 488,41,512) (S 1094,512,85) (S 67,85,42) (S 66,42,84) (S 65,83,84) (S 934,657,43) (S 932,745,260) (S 221,260,261) (S 222,261,262) (S 745,262,655) (S 868,716,655) (S 746,655,656) (S 1098,656,818) (S 744,262,654) (S 846,654,82) (S 845,654,509) (S 549,509,555) (S 819,695,696) (D 0,0,0)
 0 1 11 8772 17833  30 (D 0,0,0) (S 779,653,674) (S 490,513,375) (S 340,375,370) (S 758,370,669) (S 333,370,371) (S 866,371,715) (S 1093,715,512) (S 1092,817,715) (S 867,715,372) (S 335,372,40) (S 30,40,39) (S 1085,39,815) (S 669,616,39) (S 334,372,371) (S 332,370,369) (S 343,368,379) (S 344,379,380) (S 345,380,264) (S 224,264,265) (S 225,265,266) (S 484,509,510) (S 483,509,5) (S 4,5,6) (S 761,6,671) (S 929,671,508) (S 226,266,267) (S 763,267,179) (S 780,672,674) (D 0,0,0)
 0 1 12 8923 22568  15 (D 0,0,0) (S 695,505,632) (S 1163,632,829) (S 1162,838,829) (S 1127,71,407) (S 1126,828,407) (S 373,407,408) (S 372,407,406) (S 698,405,633) (S 699,633,627) (S 700,627,634) (S 685,627,626) (S 1045,626,581) (S 596,581,516) (D 0,0,0)
 0 1 13 8981 15740  19 (D 0,0,0) (S 792,677,521) (S 1028,520,64) (S 51,64,65) (S 52,65,66) (S 900,66,171) (S 370,404,405) (S 599,404,68) (S 56,69,70) (S 1033,70,406) (S 371,406,405) (S 697,405,69) (S 55,69,68) (S 601,583,504) (S 600,583,68) (S 54,68,67) (S 53,67,66) (S 899,66,738) (D 0,0,0)
 0 1 14 8707 18921  19 (D 0,0,0) (S 500,520,351) (S 383,417,418) (S 924,739,736) (S 922,313,582) (S 921,582,633) (S 920,744,633) (S 687,627,629) (S 688,629,630) (S 951,629,634) (S 701,634,515) (S 702,515,422) (S 388,422,423) (S 703,422,439) (S 407,439,438) (S 1035,580,331) (S 905,328,519) (S 498,519,416) (D 0,0,0)
 0 1 15 8874 18143  13 (D 0,0,0) (S 380,327,415) (S 402,415,434) (S 134,167,166) (S 133,166,165) (S 132,164,165) (S 832,165,700) (S 449,59,481) (S 834,481,333) (S 833,333,514) (S 493,514,515) (S 499,416,351) (D 0,0,0)
 0 1 16 8957 14814  28 (D 0,0,0) (S 309,351,352) (S 1086,352,451) (S 417,451,419) (S 384,419,418) (S 925,418,739) (S 923,736,313) (S 272,313,310) (S 270,310,311) (S 271,310,312) (S 414,312,449) (S 895,449,170) (S 368,170,403) (S 663,403,613) (S 369,403,404) (S 598,404,582) (S 597,582,581) (S 1044,581,776) (S 1004,776,735) (S 1003,735,740) (S 1002,740,417) (S 382,417,416) (S 308,351,326) (S 283,325,324) (S 689,631,324) (S 859,433,324) (S 690,324,521) (D 0,0,0)
 0 1 17 8983 18920  17 (D 0,0,0) (S 777,676,677) (S 401,349,434) (S 1081,434,705) (S 40,52,51) (S 1101,51,794) (S 1102,794,819) (S 1043,794,55) (S 842,704,607) (S 843,607,705) (S 844,705,167) (S 49,61,62) (S 634,62,169) (S 305,169,349) (S 307,350,326) (S 284,326,325) (D 0,0,0)
 0 1 18 8966 19183  32 (D 0,0,0) (S 381,416,327) (S 906,328,435) (S 1025,784,786) (S 1023,784,785) (S 1040,785,793) (S 1039,792,793) (S 1041,793,660) (S 1042,660,790) (S 1036,790,701) (S 838,701,579) (S 591,579,57) (S 45,57,56) (S 1038,56,791) (S 44,56,55) (S 43,55,54) (S 841,703,704) (S 908,704,53) (S 41,53,52) (S 651,52,607) (S 633,167,62) (S 135,168,169) (S 306,349,350) (S 465,350,495) (S 1031,495,788) (S 1032,788,789) (S 1082,788,814) (S 1135,814,494) (S 970,762,673) (S 767,673,524) (S 504,524,523) (D 0,0,0)
 0 1 19 8971 17292  19 (D 0,0,0) (S 858,708,433) (S 400,433,432) (S 1137,432,443) (S 1136,443,494) (S 313,357,322) (S 315,358,359) (S 581,359,574) (S 637,574,601) (S 294,337,338) (S 1021,337,601) (S 1020,601,446) (S 412,446,447) (S 660,448,534) (S 519,534,445) (S 1155,317,832) (S 1078,718,762) (S 971,673,708) (D 0,0,0)
 0 1 20 8986 21745  22 (D 0,0,0) (S 662,443,319) (S 659,448,612) (S 658,612,611) (S 1000,611,774) (S 998,773,774) (S 999,774,775) (S 1008,774,612) (S 657,610,611) (S 1001,611,647) (S 730,647,648) (S 729,647,646) (S 728,646,575) (S 583,575,497) (S 467,461,100) (S 81,100,101) (S 82,101,102) (S 726,501,101) (S 727,101,575) (S 793,646,447) (S 1153,719,708) (D 0,0,0)
 0 1 21 8931 19018  20 (D 0,0,0) (S 870,719,718) (S 1139,718,832) (S 279,319,320) (S 312,321,356) (S 281,321,322) (S 282,322,323) (S 314,322,358) (S 580,359,573) (S 862,573,554) (S 861,554,139) (S 113,138,139) (S 860,709,139) (S 546,554,358) (S 280,321,320) (S 463,320,494) (S 410,443,444) (S 1138,432,832) (S 1154,832,719) (D 0,0,0)
 0 1 22 8911 27005  17 (D 0,0,0) (S 277,317,318) (S 278,318,319) (S 413,448,447) (S 390,426,425) (S 389,425,424) (S 978,424,722) (S 876,721,722) (S 979,424,236) (S 1009,238,778) (S 203,238,239) (S 204,239,240) (S 1012,239,780) (S 1011,239,779) (S 391,426,427) (S 1019,452,446) (D 0,0,0)
 0 1 23 8973 27387  13 (D 0,0,0) (S 661,319,534) (S 418,452,427) (S 739,427,137) (S 248,290,154) (S 123,154,155) (S 645,155,363) (S 205,242,241) (S 508,241,528) (S 784,528,678) (S 509,241,291) (S 112,136,137) (D 0,0,0)
 0 1 24 8975 26145  15 (D 0,0,0) (S 616,592,593) (S 851,592,94) (S 849,707,201) (S 713,200,639) (S 1161,837,639) (S 170,200,201) (S 171,201,202) (S 172,202,203) (S 807,203,689) (S 962,689,606) (S 916,97,690) (S 810,690,691) (S 464,494,495) (D 0,0,0)
 0 1 25 8681 21531  19 (D 0,0,0) (S 907,435,704) (S 419,454,453) (S 579,572,573) (S 865,572,714) (S 578,572,571) (S 648,571,472) (S 77,96,97) (S 78,97,98) (S 79,98,99) (S 639,99,460) (S 427,460,461) (S 468,461,497) (S 582,497,574) (S 638,574,460) (S 426,460,361) (S 317,361,360) (S 316,360,359) (D 0,0,0)
 0 1 26 8982 29564  20 (D 0,0,0) (S 1152,522,708) (S 250,291,242) (S 320,242,363) (S 664,363,156) (S 665,156,614) (S 1185,614,529) (S 360,397,396) (S 485,511,396) (S 486,396,500) (S 487,500,389) (S 472,499,500) (S 473,500,89) (S 70,89,88) (S 666,88,614) (S 125,156,157) (S 124,156,155) (S 738,290,137) (S 869,717,427) (D 0,0,0)
 0 1 27 8903 18067  26 (D 0,0,0) (S 1024,437,784) (S 1022,784,649) (S 731,649,650) (S 406,437,438) (S 593,438,580) (S 594,580,332) (S 595,332,516) (S 495,516,517) (S 642,517,602) (S 643,602,604) (S 723,645,604) (S 686,605,628) (S 644,605,604) (S 724,604,603) (S 641,603,602) (S 496,517,518) (S 497,518,519) (S 904,519,740) (S 903,740,739) (S 894,736,449) (S 415,449,450) (S 416,450,419) (S 1087,451,65) (S 50,64,63) (D 0,0,0)
 0 1 28 8690 16580  18 (D 0,0,0) (S 898,738,737) (S 1165,737,583) (S 1164,583,632) (S 696,632,69) (S 57,70,71) (S 58,71,72) (S 1128,71,829) (S 1129,829,624) (S 684,624,625) (S 1130,624,830) (S 683,624,623) (S 774,623,505) (S 476,505,504) (S 602,504,584) (S 603,584,194) (S 164,194,193) (D 0,0,0)
 0 1 29 8779 17808  21 (D 0,0,0) (S 772,268,675) (S 931,343,260) (S 1097,670,656) (S 747,656,657) (S 935,657,746) (S 748,657,84) (S 749,84,373) (S 337,373,374) (S 750,373,658) (S 336,373,40) (S 31,40,41) (S 32,41,42) (S 33,42,43) (S 1131,823,831) (S 1106,823,822) (S 1105,821,822) (S 1183,822,43) (S 933,43,745) (S 778,653,677) (D 0,0,0)
 0 1 30 8477 16867  16 (D 0,0,0) (S 403,415,435) (S 42,54,53) (S 909,53,454) (S 910,454,591) (S 911,591,95) (S 912,95,741) (S 963,741,606) (S 646,606,96) (S 647,96,472) (S 437,472,471) (S 292,334,335) (S 1133,335,357) (S 1134,357,814) (S 1030,495,325) (D 0,0,0)
 0 1 31 8940 18149  17 (D 0,0,0) (S 285,326,327) (S 404,435,436) (S 855,436,703) (S 854,703,54) (S 853,54,455) (S 421,455,456) (S 422,456,457) (S 706,58,636) (S 836,636,700) (S 835,700,481) (S 450,481,482) (S 291,333,332) (S 290,332,331) (S 289,331,330) (S 288,330,329) (D 0,0,0)
 0 1 32 8998 23519  19 (D 0,0,0) (S 592,438,579) (S 837,579,636) (S 707,58,456) (S 708,456,562) (S 562,562,563) (S 709,562,93) (S 73,93,92) (S 72,91,92) (S 444,92,477) (S 918,477,281) (S 919,281,743) (S 443,477,199) (S 965,638,707) (S 964,707,741) (S 76,95,96) (S 649,571,453) (S 650,453,52) (D 0,0,0)
 0 1 33 8927 28782  25 (D 0,0,0) (S 840,703,702) (S 1034,166,702) (S 839,702,701) (S 751,659,660) (S 1037,701,56) (S 46,57,58) (S 710,93,637) (S 940,637,749) (S 711,637,638) (S 712,638,200) (S 848,201,146) (S 120,148,149) (S 119,148,147) (S 118,147,146) (S 847,706,146) (S 117,146,145) (S 293,336,144) (S 116,144,145) (S 915,145,742) (S 914,145,202) (S 913,202,741) (S 615,591,592) (S 852,592,455) (D 0,0,0)
 0 1 34 8947 25590  19 (D 0,0,0) (S 494,516,515) (S 704,439,635) (S 959,635,758) (S 960,758,759) (S 961,758,760) (S 705,635,636) (S 47,58,59) (S 48,59,60) (S 448,59,480) (S 995,480,770) (S 447,480,479) (S 997,479,772) (S 446,479,478) (S 996,478,771) (S 445,478,92) (S 74,93,94) (S 75,94,95) (D 0,0,0)
 0 1 35 8921 29649  23 (D 0,0,0) (S 71,90,91) (S 874,91,282) (S 875,282,720) (S 242,282,283) (S 241,282,281) (S 240,281,280) (S 239,279,280) (S 878,280,723) (S 877,280,198) (S 167,197,198) (S 168,198,199) (S 798,476,685) (S 797,476,143) (S 115,143,142) (S 440,142,476) (S 441,476,79) (S 62,78,79) (S 442,79,199) (S 169,199,200) (S 850,707,94) (S 420,455,454) (D 0,0,0)
 0 1 36 8976 30156  18 (D 0,0,0) (S 812,334,471) (S 808,599,689) (S 806,203,503) (S 804,20,485) (S 756,667,442) (S 757,442,668) (S 1114,693,683) (S 795,683,467) (S 433,467,468) (S 715,641,468) (S 551,469,473) (S 295,339,340) (S 14,18,19) (S 993,768,19) (S 994,19,769) (S 15,19,20) (D 0,0,0)
 0 1 37 8931 29067  18 (D 0,0,0) (S 16,20,21) (S 17,21,22) (S 672,22,483) (S 674,492,617) (S 888,617,730) (S 675,617,618) (S 676,618,619) (S 966,618,488) (S 456,488,489) (S 457,489,490) (S 458,490,484) (S 452,484,485) (S 475,503,502) (S 640,600,99) (S 80,99,100) (S 1007,647,612) (D 0,0,0)
 0 1 38 8845 24396  15 (D 0,0,0) (S 811,471,691) (S 635,599,362) (S 636,362,600) (S 670,600,502) (S 671,502,22) (S 18,22,23) (S 887,23,729) (S 19,23,24) (S 20,24,25) (S 725,24,501) (S 474,501,502) (S 319,362,98) (S 318,98,361) (D 0,0,0)
 0 1 39 8954 31616  20 (D 0,0,0) (S 809,690,599) (S 805,503,20) (S 1119,667,825) (S 1118,825,440) (S 617,594,440) (S 1117,440,665) (S 755,665,666) (S 752,661,662) (S 1115,662,693) (S 815,693,694) (S 814,693,466) (S 813,692,466) (S 430,465,464) (S 1172,825,441) (S 1171,840,441) (S 409,441,442) (S 1120,667,688) (S 803,688,485) (D 0,0,0)
 0 1 40 8959 34694  14 (D 0,0,0) (S 459,21,484) (S 451,484,483) (S 673,483,492) (S 460,491,492) (S 461,492,490) (S 462,490,493) (S 967,488,710) (S 863,710,711) (S 466,489,496) (S 800,687,496) (S 801,496,493) (S 802,493,688) (D 0,0,0)
 0 1 41 8952 37624  17 (D 0,0,0) (S 408,441,440) (S 1116,665,662) (S 794,682,683) (S 1113,683,641) (S 714,640,641) (S 1112,641,556) (S 1111,556,303) (S 1109,824,308) (S 263,302,303) (S 550,556,469) (S 434,469,468) (S 796,467,684) (S 432,467,466) (S 431,466,465) (S 1173,464,825) (D 0,0,0)
 0 1 42 8987 39707  15 (D 0,0,0) (S 296,18,340) (S 552,340,473) (S 439,474,475) (S 1169,474,839) (S 438,474,473) (S 435,469,304) (S 265,304,305) (S 264,304,303) (S 1110,303,308) (S 268,307,308) (S 269,308,309) (S 754,665,465) (S 917,691,360) (D 0,0,0)
 0 1 43 8962 30311  20 (D 0,0,0) (S 737,290,395) (S 358,395,394) (S 357,394,393) (S 1005,777,393) (S 1006,393,498) (S 469,498,428) (S 393,428,386) (S 394,386,377) (S 395,377,429) (S 1047,429,399) (S 397,412,430) (S 377,412,413) (S 396,412,429) (S 1046,429,766) (S 985,766,376) (S 984,376,385) (S 983,385,391) (S 356,392,393) (D 0,0,0)
 0 1 44 8994 28606  19 (D 0,0,0) (S 361,394,398) (S 470,398,498) (S 392,428,392) (S 355,392,391) (S 982,391,140) (S 114,140,141) (S 981,140,152) (S 122,152,153) (S 980,152,236) (S 201,236,237) (S 202,237,238) (S 1015,237,782) (S 1014,237,781) (S 1013,425,781) (S 1016,781,778) (S 1010,778,779) (S 1017,779,426) (D 0,0,0)
 0 1 45 7960 12248  31 (D 0,0,0) (S 816,0,677) (S 13,17,16) (S 12,16,15) (S 477,14,506) (S 783,506,346) (S 302,346,345) (S 492,345,379) (S 871,380,86) (S 68,86,85) (S 1095,85,745) (S 1096,745,670) (S 759,670,261) (S 760,261,342) (S 297,341,342) (S 298,342,343) (S 481,508,266) (S 480,266,507) (S 479,507,177) (S 478,177,506) (S 782,506,431) (S 398,431,178) (S 143,178,179) (S 764,179,672) (S 765,672,16) (S 766,16,524) (S 505,524,525) (S 506,525,526) (S 1140,526,347) (S 303,347,346) (D 0,0,0)
 0 1 46 8974 33365  18 (D 0,0,0) (S 735,499,388) (S 734,388,652) (S 733,652,414) (S 732,651,414) (S 378,414,401) (S 367,401,402) (S 379,401,410) (S 376,410,411) (S 375,410,400) (S 366,400,401) (S 374,409,400) (S 365,400,399) (S 1048,399,652) (S 1049,652,390) (S 514,530,89) (S 359,396,395) (D 0,0,0)
 0 1 47 8933 32327  18 (D 0,0,0) (S 571,547,566) (S 569,225,565) (S 627,565,596) (S 530,539,158) (S 1210,841,843) (S 1203,847,106) (S 1204,106,47) (S 1205,47,848) (S 148,46,108) (S 149,108,183) (S 1206,849,183) (S 1207,183,845) (S 150,183,184) (S 151,184,185) (S 1069,185,114) (S 330,115,174) (D 0,0,0)
 0 1 48 8984 34282  20 (D 0,0,0) (S 139,173,174) (S 1212,755,811) (S 1072,811,810) (S 946,754,541) (S 533,541,542) (S 1187,542,841) (S 1211,841,753) (S 1186,104,841) (S 1191,843,105) (S 1190,48,105) (S 85,105,106) (S 84,105,104) (S 83,104,103) (S 944,103,753) (S 945,753,541) (S 626,538,596) (S 628,565,367) (S 327,367,226) (D 0,0,0)
 0 1 49 8837 34629  9 (D 0,0,0) (S 558,560,294) (S 252,294,293) (S 140,174,175) (S 141,175,176) (S 1068,175,807) (S 1067,175,348) (S 304,348,292) (D 0,0,0)
 0 1 50 8941 33617  24 (D 0,0,0) (S 95,115,118) (S 96,118,119) (S 97,119,120) (S 824,120,35) (S 825,35,10) (S 7,9,10) (S 826,10,189) (S 827,189,698) (S 159,189,188) (S 828,699,188) (S 829,188,11) (S 158,188,12) (S 154,187,186) (S 1065,186,805) (S 1064,805,797) (S 1063,797,804) (S 1143,804,799) (S 1057,799,798) (S 1053,798,797) (S 1195,805,113) (S 92,113,114) (S 93,114,115) (D 0,0,0)
 0 1 51 9000 32604  18 (D 0,0,0) (S 948,115,755) (S 947,755,754) (S 1077,754,810) (S 1076,810,813) (S 1193,813,543) (S 1192,543,843) (S 1209,843,847) (S 1202,544,847) (S 1208,847,845) (S 88,108,109) (S 1179,109,545) (S 1178,545,809) (S 1071,809,808) (S 1070,808,185) (S 152,185,112) (S 91,112,113) (D 0,0,0)
 0 1 52 8817 36529  18 (D 0,0,0) (S 1196,805,800) (S 1059,800,187) (S 155,187,123) (S 156,123,32) (S 975,32,765) (S 974,765,764) (S 973,763,764) (S 1148,124,765) (S 1147,765,834) (S 1146,833,834) (S 1174,834,764) (S 1175,764,125) (S 1062,125,803) (S 1176,125,110) (S 89,110,111) (S 1151,111,808) (D 0,0,0)
 0 1 53 8993 35004  24 (D 0,0,0) (S 1056,118,799) (S 1144,799,121) (S 98,121,119) (S 831,120,34) (S 26,34,33) (S 25,33,32) (S 157,32,12) (S 10,12,13) (S 9,12,11) (S 830,11,34) (S 27,34,35) (S 28,35,36) (S 8,10,11) (S 1145,33,121) (S 99,121,122) (S 1058,798,800) (S 1060,187,801) (S 1150,801,111) (S 90,111,112) (S 153,112,186) (S 329,174,293) (S 328,293,367) (D 0,0,0)
 0 1 54 8939 35585  14 (D 0,0,0) (S 531,158,540) (S 532,540,541) (S 534,542,543) (S 537,184,545) (S 1180,109,45) (S 34,44,45) (S 35,45,46) (S 36,46,47) (S 37,47,48) (S 38,48,49) (S 39,49,50) (S 943,49,103) (D 0,0,0)
 0 1 55 8985 41360  14 (D 0,0,0) (S 988,49,767) (S 1074,806,182) (S 1075,182,812) (S 1182,812,76) (S 61,76,77) (S 1181,812,45) (S 1177,809,110) (S 102,125,124) (S 1149,124,801) (S 101,124,123) (S 100,123,122) (S 1054,122,798) (D 0,0,0)
 0 1 56 8965 35915  19 (D 0,0,0) (S 364,378,399) (S 986,766,73) (S 59,73,74) (S 987,73,767) (S 1073,767,806) (S 1066,806,74) (S 60,74,75) (S 145,181,75) (S 146,75,182) (S 147,182,46) (S 87,108,107) (S 86,106,107) (S 1200,107,845) (S 536,184,544) (S 1201,846,544) (S 535,544,543) (S 1194,813,113) (D 0,0,0)
 0 1 57 8968 25053  21 (D 0,0,0) (S 977,300,116) (S 94,116,117) (S 323,117,365) (S 324,365,257) (S 590,366,578) (S 589,578,567) (S 213,249,250) (S 538,546,547) (S 722,566,644) (S 570,566,225) (S 191,225,224) (S 190,224,223) (S 717,643,223) (S 718,223,247) (S 719,247,537) (S 720,537,548) (S 539,548,547) (S 588,567,577) (S 1170,577,608) (D 0,0,0)
 0 1 58 8906 24795  16 (D 0,0,0) (S 587,577,364) (S 523,364,536) (S 524,536,248) (S 525,248,537) (S 527,224,538) (S 254,295,296) (S 258,296,297) (S 259,297,298) (S 624,297,463) (S 429,463,462) (S 568,462,539) (S 253,295,294) (S 559,294,258) (S 553,215,557) (D 0,0,0)
 0 1 59 8997 22317  10 (D 0,0,0) (S 218,257,256) (S 229,256,227) (S 230,227,269) (S 629,269,367) (S 326,226,366) (S 325,366,257) (S 219,257,258) (S 560,258,561) (D 0,0,0)
 0 1 60 7110 11778  28 (D 0,0,0) (S 144,180,179) (S 142,178,177) (S 873,507,344) (S 301,344,345) (S 491,379,513) (S 606,513,369) (S 331,369,368) (S 522,368,527) (S 968,535,761) (S 1141,761,526) (S 507,526,527) (S 521,527,535) (S 520,535,445) (S 411,445,318) (S 1156,317,835) (S 276,317,316) (S 1142,316,761) (S 969,761,762) (S 1079,762,525) (S 1080,525,14) (S 11,14,15) (S 399,15,431) (S 781,431,672) (S 769,674,17) (S 768,17,523) (S 503,523,522) (D 0,0,0)
 0 1 61 8959 39826  16 (D 0,0,0) (S 322,29,364) (S 214,251,231) (S 233,272,230) (S 234,230,273) (S 543,552,299) (S 260,299,229) (S 261,229,254) (S 217,254,255) (S 195,229,230) (S 196,230,231) (S 215,231,252) (S 1160,252,679) (S 785,679,680) (S 791,576,287) (D 0,0,0)
 0 1 62 8955 31568  23 (D 0,0,0) (S 245,287,286) (S 585,286,576) (S 790,576,681) (S 618,38,135) (S 111,135,134) (S 110,134,133) (S 109,133,132) (S 200,132,235) (S 199,132,234) (S 541,551,549) (S 540,549,550) (S 542,549,233) (S 197,232,233) (S 198,233,234) (S 716,642,234) (S 108,131,132) (S 992,134,38) (S 619,38,595) (S 189,222,223) (S 211,247,248) (S 212,248,249) (D 0,0,0)
 0 1 63 8993 28579  22 (D 0,0,0) (S 823,536,285) (S 789,681,222) (S 788,222,595) (S 787,595,133) (S 786,133,680) (S 1188,842,615) (S 631,597,530) (S 515,530,531) (S 1050,530,390) (S 354,390,389) (S 353,389,388) (S 352,388,387) (S 363,387,378) (S 342,378,377) (S 341,377,376) (S 350,385,386) (S 351,386,387) (S 362,387,398) (S 471,398,499) (S 736,499,395) (D 0,0,0)
 0 1 64 8995 28833  20 (D 0,0,0) (S 249,154,291) (S 510,291,155) (S 511,155,529) (S 512,529,397) (S 513,397,89) (S 69,87,88) (S 667,88,597) (S 632,597,598) (S 668,597,615) (S 1197,615,844) (S 1199,844,135) (S 257,135,276) (S 256,276,218) (S 184,218,217) (S 623,217,463) (S 526,224,537) (S 721,548,566) (S 574,567,568) (D 0,0,0)
 0 1 65 8999 27602  19 (D 0,0,0) (S 23,29,30) (S 24,30,31) (S 349,30,384) (S 348,30,383) (S 347,383,382) (S 346,382,381) (S 989,381,221) (S 990,221,712) (S 864,712,713) (S 991,712,38) (S 29,37,38) (S 820,697,381) (S 584,382,576) (S 652,287,29) (S 653,29,608) (S 654,608,609) (S 554,557,306) (D 0,0,0)
 0 1 66 8939 28454  8 (D 0,0,0) (S 251,293,292) (S 630,292,269) (S 194,227,228) (S 193,227,226) (S 192,226,225) (S 1184,578,609) (D 0,0,0)
 0 1 67 8936 30775  30 (D 0,0,0) (S 625,538,297) (S 231,270,216) (S 232,216,271) (S 183,216,217) (S 622,217,277) (S 247,278,289) (S 246,288,278) (S 238,278,277) (S 237,277,276) (S 236,276,275) (S 565,486,211) (S 179,210,211) (S 180,211,212) (S 186,212,219) (S 235,275,274) (S 275,246,315) (S 274,315,159) (S 273,159,314) (S 880,314,470) (S 436,470,213) (S 428,213,462) (S 567,462,219) (S 185,219,218) (S 255,218,296) (S 528,295,538) (S 572,547,249) (S 573,249,567) (S 655,609,561) (D 0,0,0)
 0 1 68 8852 31016  28 (D 0,0,0) (S 586,364,286) (S 244,286,285) (S 243,284,285) (S 822,285,681) (S 821,681,381) (S 187,220,221) (S 188,221,222) (S 620,595,570) (S 577,570,564) (S 563,564,275) (S 564,275,486) (S 455,486,487) (S 454,486,274) (S 453,274,246) (S 939,315,748) (S 952,757,127) (S 103,127,126) (S 958,724,757) (S 957,757,160) (S 956,160,748) (S 955,748,245) (S 208,245,130) (S 107,130,131) (S 575,569,131) (S 576,131,564) (S 621,570,277) (D 0,0,0)
 0 1 69 8998 33746  26 (D 0,0,0) (S 566,219,211) (S 181,212,213) (S 210,213,246) (S 209,246,245) (S 938,748,129) (S 937,129,244) (S 206,244,243) (S 386,161,420) (S 130,161,162) (S 131,162,163) (S 1051,162,795) (S 1061,802,795) (S 1052,795,796) (S 1103,820,796) (S 1104,796,243) (S 385,243,161) (S 129,161,128) (S 105,128,129) (S 106,129,130) (S 207,130,244) (S 128,128,160) (S 127,160,159) (S 126,159,158) (S 529,539,295) (D 0,0,0)
 0 1 70 8999 34330  26 (D 0,0,0) (S 1055,596,173) (S 138,173,158) (S 879,540,470) (S 881,314,724) (S 882,724,126) (S 883,126,725) (S 884,725,421) (S 942,751,752) (S 941,750,751) (S 950,751,725) (S 949,725,756) (S 953,756,127) (S 104,127,128) (S 954,756,420) (S 387,420,421) (S 885,421,726) (S 1157,836,726) (S 1158,726,802) (S 1159,802,252) (S 216,252,253) (S 1189,680,842) (S 1198,842,844) (S 544,553,383) (S 545,383,287) (D 0,0,0)
