1770664
70
1825109
1695657
 0 1 1 8926 33949  28 (D 0,0,0) (S 570,566,225) (S 191,225,224) (S 624,297,463) (S 429,463,462) (S 209,246,245) (S 955,245,748) (S 956,748,160) (S 938,748,129) (S 106,129,130) (S 107,130,131) (S 199,132,234) (S 716,642,234) (S 198,234,233) (S 541,551,549) (S 540,549,550) (S 542,549,233) (S 197,232,233) (S 110,133,134) (S 29,37,38) (S 991,38,712) (S 864,712,713) (S 990,712,221) (S 989,221,381) (S 346,381,382) (S 820,697,381) (S 821,381,681) (D 0,0,0)
 0 1 2 8810 15204  27 (D 0,0,0) (S 769,674,17) (S 504,523,524) (S 767,524,673) (S 970,673,762) (S 1139,718,832) (S 662,443,319) (S 661,319,534) (S 659,448,612) (S 1007,612,647) (S 730,647,648) (S 1001,647,611) (S 657,610,611) (S 658,611,612) (S 1000,611,774) (S 998,773,774) (S 999,774,775) (S 1008,774,612) (S 519,534,445) (S 520,445,535) (S 968,535,761) (S 969,761,762) (S 1078,762,718) (S 870,718,719) (S 1153,719,708) (S 1152,708,522) (D 0,0,0)
 0 1 3 8902 15980  12 (D 0,0,0) (S 175,151,206) (S 556,209,558) (S 1122,826,208) (S 178,208,209) (S 557,209,559) (S 609,559,588) (S 1121,588,208) (S 176,207,206) (S 605,206,585) (S 613,585,532) (D 0,0,0)
 0 1 4 8987 35530  19 (D 0,0,0) (S 617,594,440) (S 1117,440,665) (S 755,665,666) (S 754,665,465) (S 813,692,466) (S 715,468,641) (S 714,640,641) (S 794,682,683) (S 795,683,467) (S 796,467,684) (S 432,467,466) (S 431,466,465) (S 430,465,464) (S 1173,464,825) (S 1172,825,441) (S 1171,840,441) (S 756,442,667) (D 0,0,0)
 0 1 5 8528 33751  19 (D 0,0,0) (S 358,395,394) (S 356,393,392) (S 392,392,428) (S 469,428,498) (S 470,498,398) (S 362,398,387) (S 342,378,377) (S 395,377,429) (S 396,429,412) (S 377,412,413) (S 397,412,430) (S 1046,429,766) (S 986,766,73) (S 59,73,74) (S 985,766,376) (S 984,376,385) (S 983,385,391) (D 0,0,0)
 0 1 6 8691 15505  20 (D 0,0,0) (S 778,677,653) (S 1168,63,787) (S 898,738,737) (S 1165,737,583) (S 476,504,505) (S 695,505,632) (S 696,632,69) (S 56,69,70) (S 57,70,71) (S 58,71,72) (S 1128,71,829) (S 1163,829,632) (S 1164,632,583) (S 369,404,403) (S 901,171,450) (S 416,450,419) (S 384,419,418) (S 501,520,521) (D 0,0,0)
 0 1 7 8958 16201  19 (D 0,0,0) (S 891,734,621) (S 677,620,621) (S 678,621,459) (S 423,458,459) (S 424,459,355) (S 311,354,355) (S 425,355,192) (S 164,193,194) (S 603,194,584) (S 681,584,622) (S 694,622,505) (S 774,505,623) (S 682,623,622) (S 693,622,195) (S 321,193,354) (S 310,354,353) (S 679,353,459) (D 0,0,0)
 0 1 8 8831 14836  11 (D 0,0,0) (S 1108,695,205) (S 1123,205,557) (S 1124,557,301) (S 1125,301,827) (S 262,301,300) (S 267,300,306) (S 121,151,150) (S 518,150,533) (S 517,150,532) (D 0,0,0)
 0 1 9 8843 20077  24 (D 0,0,0) (S 1003,740,735) (S 892,735,518) (S 857,518,329) (S 927,330,437) (S 1022,784,649) (S 731,649,650) (S 1039,792,793) (S 751,659,660) (S 1042,660,790) (S 1036,790,701) (S 839,701,702) (S 1034,166,702) (S 840,702,703) (S 854,703,54) (S 43,54,55) (S 1038,56,791) (S 45,56,57) (S 707,58,456) (S 421,456,455) (S 855,703,436) (S 856,436,329) (S 287,329,328) (D 0,0,0)
 0 1 10 8669 13130  17 (D 0,0,0) (S 2,2,3) (S 3,3,4) (S 886,728,727) (S 936,747,727) (S 1083,728,4) (S 1084,4,191) (S 161,191,190) (S 160,190,82) (S 64,82,81) (S 1107,81,695) (S 819,695,696) (S 63,81,80) (S 614,80,532) (S 516,532,191) (S 1100,191,3) (D 0,0,0)
 0 1 11 8813 32156  15 (D 0,0,0) (S 801,493,496) (S 800,687,496) (S 466,496,489) (S 456,489,488) (S 966,488,618) (S 676,618,619) (S 675,618,617) (S 888,617,730) (S 674,617,492) (S 673,492,483) (S 672,483,22) (S 17,22,21) (S 16,21,20) (D 0,0,0)
 0 1 12 8616 26252  14 (D 0,0,0) (S 553,557,215) (S 559,258,294) (S 558,560,294) (S 252,294,293) (S 192,226,225) (S 722,566,644) (S 721,566,548) (S 572,547,249) (S 213,249,250) (S 574,567,568) (S 1184,578,609) (S 655,609,561) (D 0,0,0)
 0 1 13 7681 17870  12 (D 0,0,0) (S 1099,3,732) (S 889,732,731) (S 926,731,28) (S 22,28,27) (S 972,27,686) (S 799,686,663) (S 753,663,664) (S 1018,26,783) (S 21,26,27) (S 1,0,1) (D 0,0,0)
 0 1 14 8719 27113  20 (D 0,0,0) (S 849,707,201) (S 170,201,200) (S 169,200,199) (S 62,78,79) (S 441,79,476) (S 440,476,142) (S 115,142,143) (S 797,143,476) (S 798,476,685) (S 442,79,199) (S 168,199,198) (S 167,197,198) (S 877,198,280) (S 878,280,723) (S 240,280,281) (S 918,281,477) (S 443,477,199) (S 965,638,707) (D 0,0,0)
 0 1 15 8923 28775  18 (D 0,0,0) (S 812,334,471) (S 810,691,690) (S 809,690,599) (S 805,503,20) (S 804,20,485) (S 803,485,688) (S 802,688,493) (S 462,493,490) (S 457,490,489) (S 863,710,711) (S 967,710,488) (S 461,490,492) (S 460,491,492) (S 458,490,484) (S 452,484,485) (S 806,503,203) (D 0,0,0)
 0 1 16 8938 31557  12 (D 0,0,0) (S 174,151,205) (S 325,257,366) (S 304,292,348) (S 1067,348,175) (S 141,175,176) (S 1068,175,807) (S 140,175,174) (S 327,367,226) (S 324,257,365) (S 561,561,214) (D 0,0,0)
 0 1 17 8536 13291  24 (D 0,0,0) (S 1027,787,64) (S 51,64,65) (S 1087,65,451) (S 417,451,419) (S 415,450,449) (S 414,449,312) (S 271,312,310) (S 270,310,311) (S 272,310,313) (S 894,736,449) (S 895,449,170) (S 368,170,403) (S 663,403,613) (S 136,170,171) (S 137,171,172) (S 900,171,66) (S 899,66,738) (S 1166,738,816) (S 1167,816,787) (S 50,64,63) (S 742,63,653) (S 816,677,0) (D 0,0,0)
 0 1 18 8907 32218  24 (D 0,0,0) (S 188,222,221) (S 187,220,221) (S 257,135,276) (S 236,276,275) (S 454,274,486) (S 455,486,487) (S 564,486,275) (S 563,275,564) (S 237,277,276) (S 256,276,218) (S 184,218,217) (S 247,278,289) (S 246,288,278) (S 238,278,277) (S 622,277,217) (S 623,217,463) (S 258,296,297) (S 259,297,298) (S 625,297,538) (S 527,538,224) (S 526,224,537) (S 720,537,548) (D 0,0,0)
 0 1 19 8995 35115  20 (D 0,0,0) (S 1195,113,805) (S 154,186,187) (S 1060,187,801) (S 1149,801,124) (S 1148,124,765) (S 1147,765,834) (S 1146,833,834) (S 1174,834,764) (S 1062,125,803) (S 1176,125,110) (S 1177,110,809) (S 1071,809,808) (S 1151,808,111) (S 1150,111,801) (S 1059,187,800) (S 99,122,121) (S 98,121,119) (S 96,119,118) (D 0,0,0)
 0 1 20 8986 24926  23 (D 0,0,0) (S 316,359,360) (S 317,360,361) (S 318,361,98) (S 79,98,99) (S 80,99,100) (S 427,461,460) (S 639,460,99) (S 640,99,600) (S 635,362,599) (S 808,599,689) (S 962,689,606) (S 964,741,707) (S 850,707,94) (S 709,93,562) (S 562,562,563) (S 700,634,627) (S 685,627,626) (S 1045,626,581) (S 597,581,582) (S 903,739,740) (S 382,417,416) (D 0,0,0)
 0 1 21 8693 20855  16 (D 0,0,0) (S 314,322,358) (S 546,358,554) (S 860,709,139) (S 113,138,139) (S 861,139,554) (S 862,554,573) (S 580,573,359) (S 426,361,460) (S 638,460,574) (S 637,574,601) (S 294,337,338) (S 1021,337,601) (S 1020,601,446) (S 412,446,447) (D 0,0,0)
 0 1 22 8625 15475  27 (D 0,0,0) (S 741,63,8) (S 6,7,8) (S 740,8,555) (S 549,555,509) (S 484,509,510) (S 483,509,5) (S 345,264,380) (S 872,380,344) (S 344,380,379) (S 343,379,368) (S 331,368,369) (S 332,369,370) (S 333,370,371) (S 334,371,372) (S 30,40,39) (S 1085,39,815) (S 669,616,39) (S 31,40,41) (S 1094,512,85) (S 68,85,86) (S 871,86,380) (S 873,344,507) (S 142,177,178) (S 144,179,180) (S 770,180,674) (D 0,0,0)
 0 1 23 8999 26357  9 (D 0,0,0) (S 560,561,258) (S 219,258,257) (S 218,257,256) (S 229,256,227) (S 194,227,228) (S 230,227,269) (S 193,227,226) (D 0,0,0)
 0 1 24 8791 16125  23 (D 0,0,0) (S 500,520,351) (S 309,351,352) (S 1086,352,451) (S 902,450,739) (S 924,739,736) (S 893,736,735) (S 1004,735,776) (S 1044,776,581) (S 596,581,516) (S 495,516,517) (S 643,602,604) (S 686,605,628) (S 644,605,604) (S 723,645,604) (S 724,604,603) (S 641,603,602) (S 642,602,517) (S 496,517,518) (S 381,416,327) (S 285,327,326) (S 1028,520,64) (D 0,0,0)
 0 1 25 8940 20025  21 (D 0,0,0) (S 286,327,328) (S 906,328,435) (S 406,437,438) (S 592,438,579) (S 837,579,636) (S 836,700,636) (S 705,636,635) (S 961,758,760) (S 960,758,759) (S 959,758,635) (S 704,635,439) (S 703,439,422) (S 388,422,423) (S 702,422,515) (S 701,515,634) (S 951,634,629) (S 688,629,630) (S 687,629,627) (S 699,627,633) (D 0,0,0)
 0 1 26 8946 29575  22 (D 0,0,0) (S 42,53,54) (S 853,54,455) (S 710,93,637) (S 940,637,749) (S 711,637,638) (S 712,638,200) (S 713,200,639) (S 1161,837,639) (S 848,201,146) (S 119,147,148) (S 120,148,149) (S 118,147,146) (S 847,706,146) (S 117,146,145) (S 293,336,144) (S 116,144,145) (S 915,145,742) (S 914,145,202) (S 172,202,203) (S 807,203,689) (D 0,0,0)
 0 1 27 8953 25879  14 (D 0,0,0) (S 917,360,691) (S 475,503,502) (S 671,502,22) (S 459,21,484) (S 451,484,483) (S 18,22,23) (S 887,23,729) (S 19,23,24) (S 20,24,25) (S 725,24,501) (S 726,501,101) (S 971,673,708) (D 0,0,0)
 0 1 28 8899 29300  25 (D 0,0,0) (S 173,204,205) (S 653,608,29) (S 652,29,287) (S 544,553,383) (S 545,383,287) (S 791,287,576) (S 789,681,222) (S 620,595,570) (S 621,570,277) (S 232,216,271) (S 231,270,216) (S 183,216,217) (S 179,210,211) (S 180,211,212) (S 181,212,213) (S 210,246,213) (S 428,213,462) (S 568,462,539) (S 529,539,295) (S 539,548,547) (S 538,546,547) (S 573,249,567) (S 589,567,578) (D 0,0,0)
 0 1 29 8943 32978  19 (D 0,0,0) (S 1137,432,443) (S 735,499,388) (S 354,389,390) (S 1049,390,652) (S 1048,652,399) (S 365,399,400) (S 374,409,400) (S 366,400,401) (S 375,400,410) (S 376,410,411) (S 379,410,401) (S 367,401,402) (S 378,401,414) (S 732,651,414) (S 733,414,652) (S 734,652,388) (S 736,499,395) (D 0,0,0)
 0 1 30 8931 18843  19 (D 0,0,0) (S 841,704,703) (S 838,701,579) (S 591,579,57) (S 46,57,58) (S 47,58,59) (S 48,59,60) (S 449,59,481) (S 833,333,514) (S 493,514,515) (S 494,515,516) (S 595,516,332) (S 594,332,580) (S 1035,580,331) (S 288,330,329) (S 497,518,519) (S 904,519,740) (S 1002,740,417) (D 0,0,0)
 0 1 31 8671 15201  25 (D 0,0,0) (S 763,179,267) (S 226,267,266) (S 481,266,508) (S 931,343,260) (S 932,260,745) (S 1095,745,85) (S 67,85,42) (S 32,42,41) (S 488,41,512) (S 867,715,372) (S 335,372,40) (S 336,40,373) (S 750,373,658) (S 337,373,374) (S 749,373,84) (S 748,84,657) (S 935,657,746) (S 747,657,656) (S 746,656,655) (S 868,716,655) (S 745,655,262) (S 744,262,654) (S 846,654,82) (D 0,0,0)
 0 1 32 8833 18389  17 (D 0,0,0) (S 907,435,704) (S 908,704,53) (S 909,53,454) (S 420,454,455) (S 852,455,592) (S 616,592,593) (S 615,592,591) (S 911,591,95) (S 910,591,454) (S 419,454,453) (S 650,453,52) (S 1081,705,434) (S 401,434,349) (S 306,349,350) (S 465,350,495) (D 0,0,0)
 0 1 33 8993 39068  14 (D 0,0,0) (S 551,473,469) (S 435,469,304) (S 265,304,305) (S 264,304,303) (S 269,308,309) (S 268,307,308) (S 1109,824,308) (S 1110,308,303) (S 263,302,303) (S 1111,303,556) (S 1112,556,641) (S 752,661,662) (D 0,0,0)
 0 1 34 8931 26017  10 (D 0,0,0) (S 817,0,2) (S 253,294,295) (S 626,538,596) (S 627,596,565) (S 628,565,367) (S 629,367,269) (S 630,269,292) (S 251,292,293) (D 0,0,0)
 0 1 35 8852 33532  16 (D 0,0,0) (S 1069,114,185) (S 151,185,184) (S 150,184,183) (S 1206,849,183) (S 149,183,108) (S 88,108,109) (S 1179,109,545) (S 1178,545,809) (S 1070,808,185) (S 152,185,112) (S 153,112,186) (S 1065,186,805) (S 1063,797,804) (S 1143,804,799) (D 0,0,0)
 0 1 36 8960 27403  15 (D 0,0,0) (S 1155,832,317) (S 278,318,319) (S 418,452,427) (S 509,291,241) (S 784,528,678) (S 508,528,241) (S 205,241,242) (S 320,242,363) (S 645,363,155) (S 123,155,154) (S 248,154,290) (S 738,290,137) (S 112,136,137) (D 0,0,0)
 0 1 37 8744 19880  21 (D 0,0,0) (S 404,435,436) (S 407,438,439) (S 706,636,58) (S 422,456,457) (S 708,456,562) (S 74,93,94) (S 75,94,95) (S 647,96,472) (S 648,472,571) (S 649,571,453) (S 651,52,607) (S 844,705,167) (S 633,167,62) (S 49,61,62) (S 634,62,169) (S 135,168,169) (S 305,169,349) (S 307,350,326) (S 284,326,325) (D 0,0,0)
 0 1 38 8887 18226  23 (D 0,0,0) (S 890,733,621) (S 680,353,584) (S 602,584,504) (S 601,504,583) (S 600,583,68) (S 599,68,404) (S 370,404,405) (S 372,406,407) (S 1126,828,407) (S 373,407,408) (S 1127,407,71) (S 1033,70,406) (S 371,406,405) (S 598,404,582) (S 923,313,736) (S 925,739,418) (S 383,418,417) (S 499,416,351) (S 308,351,326) (S 1029,325,520) (S 502,521,522) (D 0,0,0)
 0 1 39 8964 30712  22 (D 0,0,0) (S 211,248,247) (S 718,247,223) (S 717,643,223) (S 189,223,222) (S 577,570,564) (S 576,564,131) (S 575,569,131) (S 108,131,132) (S 200,132,235) (S 109,132,133) (S 1198,842,844) (S 1199,844,135) (S 992,38,134) (S 111,134,135) (S 618,135,38) (S 619,38,595) (S 788,595,222) (S 243,284,285) (S 823,285,536) (S 523,536,364) (D 0,0,0)
 0 1 40 7840 13448  34 (D 0,0,0) (S 780,674,672) (S 782,431,506) (S 783,506,346) (S 302,346,345) (S 490,513,375) (S 489,375,512) (S 1093,512,715) (S 1092,817,715) (S 866,715,371) (S 758,370,669) (S 340,370,375) (S 339,375,86) (S 338,86,263) (S 223,263,264) (S 224,264,265) (S 225,265,266) (S 480,266,507) (S 479,507,177) (S 478,177,506) (S 303,346,347) (S 1140,347,526) (S 506,526,525) (S 1080,525,14) (S 11,14,15) (S 477,14,506) (S 781,431,672) (S 765,672,16) (S 12,16,15) (S 399,15,431) (S 398,431,178) (S 143,178,179) (S 764,179,672) (D 0,0,0)
 0 1 41 8943 16615  27 (D 0,0,0) (S 818,2,695) (S 547,81,190) (S 548,190,555) (S 845,509,654) (S 222,262,261) (S 759,261,670) (S 1098,656,818) (S 1097,656,670) (S 1096,670,745) (S 933,745,43) (S 934,43,657) (S 65,83,84) (S 66,84,42) (S 33,42,43) (S 1106,822,823) (S 1131,823,831) (S 1105,821,822) (S 1183,822,43) (S 929,508,671) (S 773,675,7) (S 5,7,6) (S 761,6,671) (S 928,671,675) (S 772,675,268) (S 228,268,63) (D 0,0,0)
 0 1 42 8980 36163  22 (D 0,0,0) (S 363,387,378) (S 364,378,399) (S 1047,399,429) (S 987,73,767) (S 1074,806,182) (S 146,182,75) (S 145,181,75) (S 60,75,74) (S 1066,74,806) (S 1073,806,767) (S 988,767,49) (S 39,49,50) (S 943,49,103) (S 84,104,105) (S 1203,106,847) (S 1202,847,544) (S 1201,846,544) (S 1076,813,810) (S 1077,810,754) (S 947,754,755) (D 0,0,0)
 0 1 43 8327 17975  19 (D 0,0,0) (S 1154,719,832) (S 277,317,318) (S 411,318,445) (S 413,448,447) (S 793,447,646) (S 729,646,647) (S 728,646,575) (S 727,575,101) (S 82,101,102) (S 81,101,100) (S 467,100,461) (S 468,461,497) (S 582,497,574) (S 315,359,358) (S 1082,814,788) (S 1032,788,789) (S 1031,788,495) (D 0,0,0)
 0 1 44 8635 29293  23 (D 0,0,0) (S 571,547,566) (S 569,225,565) (S 1055,596,173) (S 138,173,158) (S 879,540,470) (S 880,470,314) (S 882,724,126) (S 949,725,756) (S 954,756,420) (S 387,420,421) (S 884,421,725) (S 950,725,751) (S 942,751,752) (S 941,750,751) (S 953,756,127) (S 952,127,757) (S 958,757,724) (S 881,724,314) (S 273,314,159) (S 126,159,158) (S 139,173,174) (D 0,0,0)
 0 1 45 8901 27265  18 (D 0,0,0) (S 1019,446,452) (S 739,427,137) (S 250,291,242) (S 664,363,156) (S 125,156,157) (S 665,156,614) (S 666,614,88) (S 473,89,500) (S 486,500,396) (S 485,511,396) (S 360,396,397) (S 512,397,529) (S 511,529,155) (S 510,155,291) (S 249,291,154) (S 869,717,427) (D 0,0,0)
 0 1 46 8917 28894  20 (D 0,0,0) (S 212,249,248) (S 525,248,537) (S 719,537,247) (S 190,223,224) (S 528,538,295) (S 254,295,296) (S 255,296,218) (S 185,218,219) (S 186,219,212) (S 436,213,470) (S 532,540,541) (S 945,753,541) (S 946,541,754) (S 1072,810,811) (S 1212,811,755) (S 948,755,115) (S 328,293,367) (S 326,226,366) (D 0,0,0)
 0 1 47 8987 18749  20 (D 0,0,0) (S 498,416,519) (S 905,519,328) (S 41,53,52) (S 40,52,51) (S 1101,51,794) (S 1102,794,819) (S 1043,794,55) (S 44,55,56) (S 1037,56,701) (S 1041,660,793) (S 1040,793,785) (S 1023,785,784) (S 1025,784,786) (S 1024,784,437) (S 405,437,436) (S 403,435,415) (S 402,434,415) (S 380,415,327) (D 0,0,0)
 0 1 48 8890 32834  13 (D 0,0,0) (S 15,20,19) (S 296,18,340) (S 438,473,474) (S 439,474,475) (S 1169,474,839) (S 552,473,340) (S 295,339,340) (S 14,18,19) (S 994,19,769) (S 993,768,19) (S 292,334,335) (D 0,0,0)
 0 1 49 8901 39617  15 (D 0,0,0) (S 214,251,231) (S 234,230,273) (S 233,272,230) (S 195,230,229) (S 543,552,299) (S 260,299,229) (S 217,254,255) (S 261,254,229) (S 196,230,231) (S 215,231,252) (S 786,680,133) (S 787,133,595) (S 585,576,286) (D 0,0,0)
 0 1 50 8638 21056  13 (D 0,0,0) (S 1026,3,787) (S 896,170,67) (S 897,67,737) (S 1162,838,829) (S 1129,829,624) (S 684,624,625) (S 1130,624,830) (S 683,624,623) (S 775,623,196) (S 611,589,590) (S 692,590,195) (D 0,0,0)
 0 1 51 8996 33879  25 (D 0,0,0) (S 1064,805,797) (S 1053,797,798) (S 1054,798,122) (S 100,122,123) (S 156,123,32) (S 25,32,33) (S 831,34,120) (S 824,120,35) (S 825,35,10) (S 7,9,10) (S 829,11,188) (S 158,12,188) (S 828,699,188) (S 159,188,189) (S 827,189,698) (S 826,189,10) (S 8,10,11) (S 830,11,34) (S 26,34,33) (S 1145,33,121) (S 1144,121,799) (S 1056,799,118) (S 95,118,115) (D 0,0,0)
 0 1 52 8962 27502  21 (D 0,0,0) (S 851,592,94) (S 73,93,92) (S 72,92,91) (S 71,90,91) (S 874,91,282) (S 875,282,720) (S 242,282,283) (S 241,282,281) (S 239,279,280) (S 919,281,743) (S 444,477,92) (S 445,92,478) (S 996,478,771) (S 446,478,479) (S 997,479,772) (S 447,479,480) (S 995,480,770) (S 448,480,59) (S 593,438,580) (D 0,0,0)
 0 1 53 8646 14247  33 (D 0,0,0) (S 779,653,674) (S 771,180,268) (S 227,268,267) (S 762,267,671) (S 4,6,5) (S 482,5,508) (S 930,508,343) (S 298,343,342) (S 297,341,342) (S 760,342,261) (S 221,261,260) (S 299,343,265) (S 300,265,344) (S 301,344,345) (S 492,345,379) (S 491,379,513) (S 606,513,369) (S 522,368,527) (S 521,535,527) (S 507,527,526) (S 1141,526,761) (S 1142,761,316) (S 276,316,317) (S 1156,317,835) (S 1079,762,525) (S 505,525,524) (S 766,524,16) (S 13,16,17) (S 768,17,523) (S 503,523,522) (S 743,522,653) (D 0,0,0)
 0 1 54 8999 35117  26 (D 0,0,0) (S 361,394,398) (S 471,398,499) (S 472,499,500) (S 1050,390,530) (S 631,530,597) (S 668,597,615) (S 1197,615,844) (S 1188,615,842) (S 1189,842,680) (S 785,680,679) (S 1160,679,252) (S 216,252,253) (S 1159,252,802) (S 1157,836,726) (S 386,420,161) (S 130,161,162) (S 131,162,163) (S 1051,162,795) (S 1104,796,243) (S 207,244,130) (S 208,130,245) (S 939,748,315) (S 274,315,159) (S 530,158,539) (D 0,0,0)
 0 1 55 8985 33710  22 (D 0,0,0) (S 524,536,248) (S 533,541,542) (S 1187,542,841) (S 1186,841,104) (S 83,104,103) (S 944,103,753) (S 1211,753,841) (S 1210,841,843) (S 1191,843,105) (S 1190,105,48) (S 1205,47,848) (S 1204,47,106) (S 86,106,107) (S 85,106,105) (S 1192,843,543) (S 1193,543,813) (S 1194,813,113) (S 1196,805,800) (S 92,113,114) (S 93,114,115) (D 0,0,0)
 0 1 56 8977 25429  18 (D 0,0,0) (S 590,366,578) (S 588,567,577) (S 587,577,364) (S 586,364,286) (S 244,286,285) (S 822,285,681) (S 790,681,576) (S 584,576,382) (S 347,382,383) (S 348,383,30) (S 349,30,384) (S 24,30,31) (S 23,30,29) (S 322,29,364) (S 1170,577,608) (S 654,608,609) (D 0,0,0)
 0 1 57 8672 13324  19 (D 0,0,0) (S 792,677,521) (S 690,521,324) (S 689,631,324) (S 400,433,432) (S 1136,443,494) (S 463,494,320) (S 280,320,321) (S 312,321,356) (S 281,321,322) (S 282,322,323) (S 1134,357,814) (S 1135,814,494) (S 464,494,495) (S 1030,495,325) (S 283,325,324) (S 859,324,433) (S 858,433,708) (D 0,0,0)
 0 1 58 8905 39913  13 (D 0,0,0) (S 38,49,48) (S 37,48,47) (S 36,47,46) (S 147,46,182) (S 1075,182,812) (S 61,76,77) (S 1182,76,812) (S 1181,812,45) (S 89,110,111) (S 90,111,112) (S 91,112,113) (D 0,0,0)
 0 1 59 8947 35854  16 (D 0,0,0) (S 531,158,540) (S 535,543,544) (S 536,544,184) (S 537,184,545) (S 1180,109,45) (S 34,44,45) (S 35,45,46) (S 148,46,108) (S 87,108,107) (S 1200,107,845) (S 1207,183,845) (S 1208,845,847) (S 1209,847,843) (S 534,543,542) (D 0,0,0)
 0 1 60 8924 28834  18 (D 0,0,0) (S 410,443,444) (S 660,534,448) (S 390,426,425) (S 1013,425,781) (S 1014,781,237) (S 1015,237,782) (S 979,236,424) (S 876,721,722) (S 978,722,424) (S 389,424,425) (S 1016,781,778) (S 203,238,239) (S 1012,239,780) (S 204,239,240) (S 1017,779,426) (S 391,426,427) (D 0,0,0)
 0 1 61 8583 20571  16 (D 0,0,0) (S 554,306,557) (S 182,215,214) (S 220,258,259) (S 656,561,365) (S 323,365,117) (S 94,117,116) (S 977,116,300) (S 555,306,558) (S 1132,558,826) (S 177,208,207) (S 691,207,590) (S 612,590,585) (S 604,585,194) (S 163,193,192) (D 0,0,0)
 0 1 62 8978 19141  14 (D 0,0,0) (S 289,330,331) (S 290,331,332) (S 291,332,333) (S 834,333,481) (S 450,481,482) (S 835,481,700) (S 832,700,165) (S 132,164,165) (S 133,165,166) (S 134,166,167) (S 843,705,607) (S 842,607,704) (D 0,0,0)
 0 1 63 8941 31477  24 (D 0,0,0) (S 1138,832,432) (S 279,319,320) (S 579,573,572) (S 865,572,714) (S 578,572,571) (S 437,472,471) (S 1119,667,825) (S 1118,825,440) (S 1116,665,662) (S 1115,662,693) (S 1114,693,683) (S 1113,683,641) (S 550,556,469) (S 434,469,468) (S 433,468,467) (S 814,466,693) (S 815,693,694) (S 408,440,441) (S 409,441,442) (S 757,442,668) (S 1120,667,688) (S 1133,335,357) (D 0,0,0)
 0 1 64 8629 16710  11 (D 0,0,0) (S 266,151,306) (S 976,300,587) (S 607,586,587) (S 608,587,559) (S 610,588,589) (S 776,589,196) (S 166,196,195) (S 165,195,194) (S 162,192,191) (D 0,0,0)
 0 1 65 8992 27856  17 (D 0,0,0) (S 1011,779,239) (S 1010,779,778) (S 1009,778,238) (S 202,238,237) (S 201,237,236) (S 980,236,152) (S 122,152,153) (S 981,152,140) (S 114,140,141) (S 982,140,391) (S 355,391,392) (S 1005,777,393) (S 357,393,394) (S 359,395,396) (S 737,395,290) (D 0,0,0)
 0 1 66 8699 32710  20 (D 0,0,0) (S 1006,393,498) (S 393,428,386) (S 394,386,377) (S 341,377,376) (S 350,385,386) (S 351,386,387) (S 352,387,388) (S 353,388,389) (S 487,389,500) (S 513,89,397) (S 1185,529,614) (S 69,87,88) (S 70,88,89) (S 514,89,530) (S 515,530,531) (S 632,597,598) (S 667,597,88) (S 124,156,155) (D 0,0,0)
 0 1 67 8908 23468  19 (D 0,0,0) (S 313,357,322) (S 581,359,574) (S 583,497,575) (S 474,501,502) (S 670,502,600) (S 636,600,362) (S 319,362,98) (S 78,98,97) (S 77,97,96) (S 76,96,95) (S 912,95,741) (S 913,741,202) (S 171,202,201) (S 963,741,606) (S 646,606,96) (S 916,97,690) (S 811,691,471) (D 0,0,0)
 0 1 68 8969 32955  19 (D 0,0,0) (S 329,293,174) (S 330,174,115) (S 1057,799,798) (S 1058,798,800) (S 155,187,123) (S 101,123,124) (S 102,124,125) (S 1175,125,764) (S 973,763,764) (S 974,764,765) (S 975,765,32) (S 157,32,12) (S 10,12,13) (S 9,12,11) (S 27,34,35) (S 28,35,36) (S 97,120,119) (D 0,0,0)
 0 1 69 8987 33633  25 (D 0,0,0) (S 567,462,219) (S 566,219,211) (S 565,211,486) (S 235,275,274) (S 453,274,246) (S 275,246,315) (S 127,159,160) (S 957,160,757) (S 128,160,128) (S 129,128,161) (S 385,161,243) (S 206,243,244) (S 937,244,129) (S 105,129,128) (S 104,128,127) (S 103,127,126) (S 883,126,725) (S 885,421,726) (S 1158,726,802) (S 1061,802,795) (S 1052,795,796) (S 1103,820,796) (S 245,286,287) (D 0,0,0)
 0 1 70 8305 15149  16 (D 0,0,0) (S 1091,4,734) (S 1090,734,733) (S 1089,733,816) (S 1088,816,65) (S 52,65,66) (S 53,66,67) (S 54,67,68) (S 55,68,69) (S 697,69,405) (S 698,405,633) (S 920,744,633) (S 921,633,582) (S 922,582,313) (S 777,676,677) (D 0,0,0)
