1772117
70
2401035
2333277
 0 1 1 7843 16544  12 (D 0,0,0) (S 2,2,3) (S 1099,3,732) (S 889,732,731) (S 926,731,28) (S 22,28,27) (S 21,27,26) (S 1018,26,783) (S 972,27,686) (S 799,686,663) (S 753,663,664) (D 0,0,0)
 0 1 2 8937 41141  16 (D 0,0,0) (S 545,287,383) (S 1197,844,615) (S 1188,615,842) (S 215,252,231) (S 214,251,231) (S 261,229,254) (S 217,254,255) (S 543,552,299) (S 260,299,229) (S 195,229,230) (S 233,272,230) (S 234,230,273) (S 196,230,231) (S 1160,252,679) (D 0,0,0)
 0 1 3 8961 24603  9 (D 0,0,0) (S 182,215,214) (S 561,214,561) (S 324,365,257) (S 218,257,256) (S 229,256,227) (S 194,227,228) (S 193,227,226) (D 0,0,0)
 0 1 4 8988 33380  29 (D 0,0,0) (S 623,463,217) (S 184,217,218) (S 185,218,219) (S 566,219,211) (S 179,210,211) (S 181,212,213) (S 210,213,246) (S 955,245,748) (S 956,748,160) (S 103,127,126) (S 949,725,756) (S 954,756,420) (S 130,161,162) (S 131,162,163) (S 1052,795,796) (S 1103,820,796) (S 1104,796,243) (S 206,243,244) (S 937,244,129) (S 105,129,128) (S 104,128,127) (S 952,127,757) (S 958,757,724) (S 881,724,314) (S 531,540,158) (S 530,158,539) (S 574,567,568) (D 0,0,0)
 0 1 5 8985 31071  11 (D 0,0,0) (S 140,174,175) (S 1068,175,807) (S 141,175,176) (S 1067,175,348) (S 304,348,292) (S 630,292,269) (S 230,269,227) (S 325,366,257) (S 219,257,258) (D 0,0,0)
 0 1 6 8694 32882  21 (D 0,0,0) (S 1143,799,804) (S 1063,804,797) (S 1053,797,798) (S 1064,797,805) (S 1196,805,800) (S 1059,800,187) (S 1060,187,801) (S 1149,801,124) (S 1148,124,765) (S 974,765,764) (S 1175,764,125) (S 1176,125,110) (S 89,110,111) (S 90,111,112) (S 153,112,186) (S 1065,186,805) (S 1194,113,813) (S 1077,810,754) (S 948,755,115) (D 0,0,0)
 0 1 7 8922 30070  23 (D 0,0,0) (S 139,174,173) (S 126,158,159) (S 274,159,315) (S 939,315,748) (S 957,160,757) (S 953,127,756) (S 942,751,752) (S 941,750,751) (S 950,751,725) (S 386,420,161) (S 129,161,128) (S 128,128,160) (S 127,160,159) (S 273,159,314) (S 880,314,470) (S 879,470,540) (S 138,158,173) (S 1055,173,596) (S 569,565,225) (S 572,547,249) (S 590,578,366) (D 0,0,0)
 0 1 8 8956 34682  21 (D 0,0,0) (S 356,393,392) (S 350,386,385) (S 984,385,376) (S 985,376,766) (S 365,399,400) (S 366,400,401) (S 367,401,402) (S 379,401,410) (S 376,410,411) (S 375,410,400) (S 374,409,400) (S 378,401,414) (S 732,651,414) (S 733,414,652) (S 1048,652,399) (S 1047,399,429) (S 394,377,386) (S 393,386,428) (S 1006,498,393) (D 0,0,0)
 0 1 9 8906 28606  18 (D 0,0,0) (S 589,578,567) (S 538,546,547) (S 571,547,566) (S 722,566,644) (S 570,566,225) (S 191,225,224) (S 527,224,538) (S 254,295,296) (S 258,296,297) (S 259,297,298) (S 625,297,538) (S 626,538,596) (S 627,596,565) (S 628,565,367) (S 327,367,226) (S 192,226,225) (D 0,0,0)
 0 1 10 8959 35926  14 (D 0,0,0) (S 1069,114,185) (S 1070,185,808) (S 1178,809,545) (S 88,109,108) (S 149,108,183) (S 1206,849,183) (S 150,183,184) (S 537,184,545) (S 1177,809,110) (S 1150,111,801) (S 1058,800,798) (S 1057,798,799) (D 0,0,0)
 0 1 11 8992 31994  19 (D 0,0,0) (S 329,293,174) (S 330,174,115) (S 1212,755,811) (S 1072,811,810) (S 1076,810,813) (S 1193,813,543) (S 535,543,544) (S 1203,847,106) (S 1204,106,47) (S 36,46,47) (S 1205,47,848) (S 37,47,48) (S 1190,48,105) (S 1191,105,843) (S 1210,843,841) (S 1186,104,841) (S 1187,841,542) (D 0,0,0)
 0 1 12 8973 37259  15 (D 0,0,0) (S 83,103,104) (S 84,104,105) (S 85,105,106) (S 86,106,107) (S 148,108,46) (S 35,46,45) (S 34,44,45) (S 1181,45,812) (S 1074,182,806) (S 987,767,73) (S 986,73,766) (S 1046,766,429) (S 364,399,378) (D 0,0,0)
 0 1 13 8926 31003  18 (D 0,0,0) (S 411,318,445) (S 361,394,398) (S 362,398,387) (S 352,387,388) (S 354,389,390) (S 1050,390,530) (S 515,530,531) (S 1049,390,652) (S 377,412,413) (S 397,412,430) (S 396,412,429) (S 395,429,377) (S 351,386,387) (S 471,398,499) (S 736,499,395) (S 737,395,290) (D 0,0,0)
 0 1 14 8610 28794  19 (D 0,0,0) (S 249,154,291) (S 510,291,155) (S 124,155,156) (S 125,156,157) (S 665,156,614) (S 666,614,88) (S 514,89,530) (S 631,530,597) (S 632,597,598) (S 668,597,615) (S 667,597,88) (S 69,87,88) (S 70,88,89) (S 513,89,397) (S 360,397,396) (S 485,511,396) (S 359,396,395) (D 0,0,0)
 0 1 15 8903 27962  18 (D 0,0,0) (S 1017,426,779) (S 1011,779,239) (S 1012,239,780) (S 204,239,240) (S 203,239,238) (S 1009,238,778) (S 1016,778,781) (S 1014,781,237) (S 1015,237,782) (S 979,236,424) (S 876,721,722) (S 978,722,424) (S 389,424,425) (S 1013,425,781) (S 390,425,426) (S 391,426,427) (D 0,0,0)
 0 1 16 8073 15111  30 (D 0,0,0) (S 549,555,509) (S 484,509,510) (S 483,509,5) (S 482,5,508) (S 299,343,265) (S 300,265,344) (S 301,344,345) (S 492,345,379) (S 491,379,513) (S 606,513,369) (S 332,369,370) (S 334,371,372) (S 335,372,40) (S 669,616,39) (S 1085,39,815) (S 30,39,40) (S 867,372,715) (S 488,41,512) (S 1094,512,85) (S 1095,85,745) (S 932,745,260) (S 931,260,343) (S 930,343,508) (S 928,675,671) (S 762,671,267) (S 763,267,179) (S 144,179,180) (S 779,674,653) (D 0,0,0)
 0 1 17 8848 15236  23 (D 0,0,0) (S 1079,525,762) (S 520,535,445) (S 413,448,447) (S 793,447,646) (S 729,646,647) (S 730,647,648) (S 1007,647,612) (S 1008,612,774) (S 999,774,775) (S 998,773,774) (S 1000,774,611) (S 657,610,611) (S 658,611,612) (S 659,612,448) (S 660,448,534) (S 661,534,319) (S 1155,317,832) (S 1139,832,718) (S 870,718,719) (S 1153,719,708) (S 743,522,653) (D 0,0,0)
 0 1 18 8994 28364  17 (D 0,0,0) (S 316,359,360) (S 317,360,361) (S 79,98,99) (S 670,600,502) (S 671,502,22) (S 459,21,484) (S 451,484,483) (S 460,491,492) (S 461,492,490) (S 462,490,493) (S 800,687,496) (S 466,496,489) (S 457,489,490) (S 458,490,484) (S 452,484,485) (D 0,0,0)
 0 1 19 8996 32949  17 (D 0,0,0) (S 315,358,359) (S 318,361,98) (S 672,22,483) (S 673,483,492) (S 674,492,617) (S 888,617,730) (S 675,617,618) (S 676,618,619) (S 966,618,488) (S 967,488,710) (S 863,710,711) (S 456,488,489) (S 801,496,493) (S 802,493,688) (S 807,203,689) (D 0,0,0)
 0 1 20 8975 28613  22 (D 0,0,0) (S 313,357,322) (S 638,574,460) (S 475,502,503) (S 804,20,485) (S 1119,667,825) (S 1118,825,440) (S 1117,440,665) (S 755,665,666) (S 1116,665,662) (S 752,661,662) (S 815,693,694) (S 814,693,466) (S 813,692,466) (S 430,465,464) (S 1173,464,825) (S 1120,667,688) (S 806,503,203) (S 808,689,599) (S 809,599,690) (S 811,691,471) (D 0,0,0)
 0 1 21 8925 26783  21 (D 0,0,0) (S 75,95,94) (S 74,94,93) (S 170,200,201) (S 848,201,146) (S 118,146,147) (S 119,147,148) (S 120,148,149) (S 847,706,146) (S 117,146,145) (S 915,145,742) (S 293,336,144) (S 116,144,145) (S 914,145,202) (S 913,202,741) (S 912,741,95) (S 76,95,96) (S 647,96,472) (S 648,472,571) (S 580,573,359) (D 0,0,0)
 0 1 22 8943 22332  15 (D 0,0,0) (S 1001,611,647) (S 728,646,575) (S 82,101,102) (S 726,101,501) (S 474,501,502) (S 636,600,362) (S 319,98,362) (S 640,600,99) (S 426,460,361) (S 917,360,691) (S 437,471,472) (S 1081,705,434) (S 906,435,328) (D 0,0,0)
 0 1 23 8978 29686  19 (D 0,0,0) (S 357,394,393) (S 355,391,392) (S 392,392,428) (S 469,428,498) (S 470,498,398) (S 363,387,378) (S 342,378,377) (S 341,377,376) (S 983,385,391) (S 982,391,140) (S 114,140,141) (S 981,140,152) (S 122,152,153) (S 980,152,236) (S 201,236,237) (S 202,237,238) (S 1010,778,779) (D 0,0,0)
 0 1 24 8910 17754  14 (D 0,0,0) (S 307,326,350) (S 306,350,349) (S 135,168,169) (S 633,62,167) (S 134,167,166) (S 133,166,165) (S 132,164,165) (S 832,165,700) (S 835,700,481) (S 291,333,332) (S 290,332,331) (S 289,331,330) (D 0,0,0)
 0 1 25 8521 17980  22 (D 0,0,0) (S 904,740,519) (S 496,518,517) (S 642,517,602) (S 641,602,603) (S 724,603,604) (S 644,604,605) (S 686,605,628) (S 723,645,604) (S 643,604,602) (S 495,517,516) (S 701,515,634) (S 700,634,627) (S 687,627,629) (S 688,629,630) (S 951,629,634) (S 685,627,626) (S 1045,626,581) (S 1044,581,776) (S 1004,776,735) (S 1003,735,740) (D 0,0,0)
 0 1 26 8963 17661  31 (D 0,0,0) (S 284,325,326) (S 308,326,351) (S 499,351,416) (S 381,416,327) (S 402,415,434) (S 401,434,349) (S 305,349,169) (S 634,169,62) (S 49,61,62) (S 844,167,705) (S 843,705,607) (S 842,607,704) (S 841,704,703) (S 840,703,702) (S 839,702,701) (S 1036,701,790) (S 1042,790,660) (S 751,659,660) (S 1041,660,793) (S 1039,792,793) (S 1040,793,785) (S 1023,785,784) (S 1022,784,649) (S 731,649,650) (S 1025,784,786) (S 1024,784,437) (S 927,437,330) (S 288,330,329) (S 287,329,328) (D 0,0,0)
 0 1 27 8366 13600  21 (D 0,0,0) (S 778,677,653) (S 741,63,8) (S 6,8,7) (S 5,7,6) (S 4,5,6) (S 761,6,671) (S 929,671,508) (S 481,508,266) (S 226,266,267) (S 227,267,268) (S 772,268,675) (S 773,675,7) (S 740,8,555) (S 548,555,190) (S 161,190,191) (S 1084,191,4) (S 936,747,727) (S 886,727,728) (S 1083,728,4) (D 0,0,0)
 0 1 28 8341 17160  17 (D 0,0,0) (S 893,736,735) (S 892,735,518) (S 857,518,329) (S 856,329,436) (S 406,437,438) (S 593,438,580) (S 594,580,332) (S 595,332,516) (S 596,516,581) (S 597,581,582) (S 598,582,404) (S 370,404,405) (S 698,405,633) (S 920,744,633) (S 922,582,313) (D 0,0,0)
 0 1 29 8932 25772  16 (D 0,0,0) (S 725,501,24) (S 20,24,25) (S 19,24,23) (S 887,23,729) (S 18,23,22) (S 17,22,21) (S 16,21,20) (S 805,20,503) (S 172,203,202) (S 171,202,201) (S 849,201,707) (S 964,707,741) (S 963,606,741) (S 911,95,591) (D 0,0,0)
 0 1 30 8963 16494  26 (D 0,0,0) (S 1,0,1) (S 1026,3,787) (S 897,737,67) (S 896,67,170) (S 136,170,171) (S 137,171,172) (S 900,171,66) (S 52,66,65) (S 1087,65,451) (S 417,451,419) (S 416,419,450) (S 415,450,449) (S 923,736,313) (S 272,313,310) (S 270,310,311) (S 271,310,312) (S 414,312,449) (S 901,171,450) (S 902,450,739) (S 903,739,740) (S 1002,740,417) (S 384,418,419) (S 1086,451,352) (S 309,352,351) (D 0,0,0)
 0 1 31 8840 22425  20 (D 0,0,0) (S 500,520,351) (S 498,416,519) (S 497,519,518) (S 703,422,439) (S 707,58,456) (S 708,456,562) (S 562,562,563) (S 709,562,93) (S 710,93,637) (S 940,637,749) (S 711,637,638) (S 712,638,200) (S 1161,837,639) (S 713,639,200) (S 965,638,707) (S 850,707,94) (S 851,94,592) (S 42,54,53) (D 0,0,0)
 0 1 32 8924 17092  20 (D 0,0,0) (S 908,704,53) (S 909,53,454) (S 419,454,453) (S 649,453,571) (S 578,571,572) (S 865,572,714) (S 579,572,573) (S 862,573,554) (S 860,709,139) (S 113,138,139) (S 861,139,554) (S 546,554,358) (S 314,358,322) (S 280,321,320) (S 463,320,494) (S 464,494,495) (S 1030,495,325) (S 1029,325,520) (D 0,0,0)
 0 1 33 8982 22442  20 (D 0,0,0) (S 905,519,328) (S 1035,331,580) (S 407,438,439) (S 961,758,760) (S 960,758,759) (S 959,758,635) (S 705,635,636) (S 46,58,57) (S 591,57,579) (S 592,579,438) (S 45,57,56) (S 44,56,55) (S 1043,55,794) (S 1102,794,819) (S 1101,794,51) (S 40,51,52) (S 651,52,607) (S 465,350,495) (D 0,0,0)
 0 1 34 8652 16637  29 (D 0,0,0) (S 769,674,17) (S 13,17,16) (S 12,16,15) (S 399,15,431) (S 302,346,345) (S 344,379,380) (S 345,380,264) (S 223,264,263) (S 338,263,86) (S 67,85,42) (S 32,42,41) (S 31,41,40) (S 336,40,373) (S 750,373,658) (S 337,373,374) (S 749,373,84) (S 66,84,42) (S 33,42,43) (S 1131,823,831) (S 1106,823,822) (S 1105,821,822) (S 1183,822,43) (S 872,380,344) (S 873,344,507) (S 143,178,179) (S 764,179,672) (S 780,672,674) (D 0,0,0)
 0 1 35 8613 19628  15 (D 0,0,0) (S 907,435,704) (S 41,53,52) (S 650,52,453) (S 77,96,97) (S 646,96,606) (S 962,606,689) (S 635,599,362) (S 78,98,97) (S 916,97,690) (S 810,690,691) (S 812,471,334) (S 292,334,335) (S 1133,335,357) (D 0,0,0)
 0 1 36 8618 14448  25 (D 0,0,0) (S 1166,816,738) (S 899,738,66) (S 53,66,67) (S 54,67,68) (S 599,68,404) (S 369,404,403) (S 663,403,613) (S 368,403,170) (S 895,170,449) (S 894,449,736) (S 924,736,739) (S 925,739,418) (S 383,418,417) (S 382,417,416) (S 283,325,324) (S 689,631,324) (S 858,433,708) (S 1152,708,522) (S 768,523,17) (S 770,674,180) (S 771,180,268) (S 228,268,63) (S 742,63,653) (D 0,0,0)
 0 1 37 8949 21695  19 (D 0,0,0) (S 777,676,677) (S 43,54,55) (S 1038,56,791) (S 1037,56,701) (S 838,701,579) (S 422,456,457) (S 421,456,455) (S 852,455,592) (S 616,592,593) (S 615,592,591) (S 910,591,454) (S 420,454,455) (S 853,455,54) (S 854,54,703) (S 855,703,436) (S 404,436,435) (S 286,328,327) (D 0,0,0)
 0 1 38 8723 16399  20 (D 0,0,0) (S 1167,787,816) (S 898,738,737) (S 1165,737,583) (S 601,583,504) (S 476,504,505) (S 774,505,623) (S 683,623,624) (S 1130,624,830) (S 684,624,625) (S 1129,624,829) (S 1128,829,71) (S 58,71,72) (S 57,71,70) (S 56,70,69) (S 696,69,632) (S 1164,632,583) (S 602,504,584) (S 1091,734,4) (D 0,0,0)
 0 1 39 8022 14884  26 (D 0,0,0) (S 971,708,673) (S 969,762,761) (S 968,761,535) (S 331,368,369) (S 490,513,375) (S 489,375,512) (S 1093,512,715) (S 1092,817,715) (S 866,715,371) (S 333,371,370) (S 758,370,669) (S 340,370,375) (S 339,375,86) (S 68,86,85) (S 1096,745,670) (S 1097,670,656) (S 1098,656,818) (S 746,656,655) (S 868,716,655) (S 745,655,262) (S 846,654,82) (S 160,82,190) (S 547,190,81) (S 1107,81,695) (D 0,0,0)
 0 1 40 8819 15769  15 (D 0,0,0) (S 424,355,459) (S 680,353,584) (S 681,584,622) (S 693,622,195) (S 692,195,590) (S 611,590,589) (S 610,589,588) (S 609,588,559) (S 557,559,209) (S 175,206,151) (S 121,151,150) (S 518,150,533) (S 517,150,532) (D 0,0,0)
 0 1 41 8852 12532  15 (D 0,0,0) (S 516,191,532) (S 613,532,585) (S 605,585,206) (S 176,206,207) (S 177,207,208) (S 1121,208,588) (S 166,196,195) (S 165,195,194) (S 164,194,193) (S 321,193,354) (S 425,355,192) (S 162,192,191) (S 1100,191,3) (D 0,0,0)
 0 1 42 8971 13905  16 (D 0,0,0) (S 1108,695,205) (S 173,204,205) (S 174,205,151) (S 266,151,306) (S 555,306,558) (S 556,558,209) (S 178,209,208) (S 691,207,590) (S 612,590,585) (S 604,585,194) (S 603,194,584) (S 679,353,459) (S 1090,733,734) (S 3,4,3) (D 0,0,0)
 0 1 43 8916 30175  14 (D 0,0,0) (S 205,242,241) (S 784,528,678) (S 508,528,241) (S 509,241,291) (S 250,291,242) (S 320,242,363) (S 664,363,156) (S 645,363,155) (S 738,290,137) (S 112,136,137) (S 739,137,427) (S 1019,452,446) (D 0,0,0)
 0 1 44 7521 12707  17 (D 0,0,0) (S 817,0,2) (S 818,2,695) (S 64,81,82) (S 747,656,657) (S 65,83,84) (S 748,84,657) (S 935,657,746) (S 934,657,43) (S 933,43,745) (S 759,670,261) (S 222,261,262) (S 744,262,654) (S 845,654,509) (S 63,81,80) (S 614,80,532) (D 0,0,0)
 0 1 45 8960 18229  15 (D 0,0,0) (S 494,516,515) (S 493,515,514) (S 833,514,333) (S 834,333,481) (S 450,481,482) (S 48,59,60) (S 47,59,58) (S 706,58,636) (S 837,636,579) (S 405,437,436) (S 403,435,415) (S 380,415,327) (S 285,327,326) (D 0,0,0)
 0 1 46 8878 22221  15 (D 0,0,0) (S 600,583,68) (S 55,68,69) (S 697,69,405) (S 371,405,406) (S 1033,70,406) (S 372,406,407) (S 373,407,408) (S 1126,828,407) (S 1127,407,71) (S 1162,838,829) (S 1163,829,632) (S 695,632,505) (S 694,505,622) (D 0,0,0)
 0 1 47 8957 20019  14 (D 0,0,0) (S 163,192,193) (S 1122,208,826) (S 1132,826,558) (S 267,306,300) (S 976,300,587) (S 607,586,587) (S 608,587,559) (S 776,589,196) (S 775,196,623) (S 682,623,622) (S 310,353,354) (S 311,354,355) (D 0,0,0)
 0 1 48 8998 30260  26 (D 0,0,0) (S 1184,609,578) (S 573,567,249) (S 212,249,248) (S 211,248,247) (S 788,222,595) (S 577,570,564) (S 576,564,131) (S 107,131,130) (S 208,130,245) (S 209,245,246) (S 275,246,315) (S 938,748,129) (S 106,129,130) (S 207,130,244) (S 385,243,161) (S 387,420,421) (S 884,421,725) (S 883,725,126) (S 882,126,724) (S 436,470,213) (S 528,295,538) (S 720,537,548) (S 213,249,250) (S 588,567,577) (D 0,0,0)
 0 1 49 8901 29057  26 (D 0,0,0) (S 587,577,364) (S 823,536,285) (S 822,285,681) (S 789,681,222) (S 187,220,221) (S 864,712,713) (S 991,712,38) (S 618,38,135) (S 111,135,134) (S 787,133,595) (S 563,564,275) (S 565,486,211) (S 180,211,212) (S 186,212,219) (S 567,219,462) (S 568,462,539) (S 190,224,223) (S 717,643,223) (S 718,223,247) (S 719,247,537) (S 525,537,248) (S 524,248,536) (S 523,536,364) (S 322,364,29) (D 0,0,0)
 0 1 50 8289 14026  20 (D 0,0,0) (S 816,0,677) (S 792,677,521) (S 690,521,324) (S 859,324,433) (S 400,433,432) (S 1137,432,443) (S 1134,814,357) (S 282,322,323) (S 281,322,321) (S 312,321,356) (S 279,320,319) (S 662,319,443) (S 1136,443,494) (S 1135,494,814) (S 1082,814,788) (S 1032,788,789) (S 1031,788,495) (S 501,520,521) (D 0,0,0)
 0 1 51 8975 23524  7 (D 0,0,0) (S 554,306,557) (S 326,366,226) (S 629,367,269) (S 251,292,293) (S 559,294,258) (D 0,0,0)
 0 1 52 8910 35687  23 (D 0,0,0) (S 819,695,696) (S 95,115,118) (S 97,119,120) (S 27,34,35) (S 826,10,189) (S 827,189,698) (S 159,189,188) (S 157,12,32) (S 975,32,765) (S 1147,765,834) (S 1146,833,834) (S 1174,834,764) (S 973,763,764) (S 1062,125,803) (S 102,125,124) (S 101,124,123) (S 100,123,122) (S 1054,798,122) (S 99,122,121) (S 98,121,119) (S 96,119,118) (D 0,0,0)
 0 1 53 8925 27855  24 (D 0,0,0) (S 560,561,258) (S 253,294,295) (S 255,296,218) (S 256,218,276) (S 237,276,277) (S 238,277,278) (S 246,288,278) (S 247,278,289) (S 183,217,216) (S 232,216,271) (S 231,270,216) (S 622,217,277) (S 621,277,570) (S 620,570,595) (S 29,37,38) (S 990,712,221) (S 989,221,381) (S 346,381,382) (S 584,382,576) (S 585,576,286) (S 586,286,364) (S 1170,577,608) (D 0,0,0)
 0 1 54 8909 22328  11 (D 0,0,0) (S 220,258,259) (S 656,561,365) (S 323,365,117) (S 94,117,116) (S 977,116,300) (S 262,300,301) (S 1125,301,827) (S 1124,301,557) (S 1123,557,205) (D 0,0,0)
 0 1 55 8992 34750  21 (D 0,0,0) (S 624,297,463) (S 429,463,462) (S 428,462,213) (S 453,246,274) (S 235,274,275) (S 564,275,486) (S 455,486,487) (S 454,486,274) (S 236,275,276) (S 257,276,135) (S 1199,135,844) (S 785,680,679) (S 216,252,253) (S 1159,252,802) (S 1061,802,795) (S 1051,162,795) (S 1158,802,726) (S 1157,836,726) (S 885,726,421) (D 0,0,0)
 0 1 56 8842 34545  21 (D 0,0,0) (S 619,595,38) (S 1198,844,842) (S 1189,842,680) (S 786,680,133) (S 575,569,131) (S 108,131,132) (S 200,132,235) (S 716,642,234) (S 198,234,233) (S 541,551,549) (S 540,549,550) (S 542,549,233) (S 197,232,233) (S 199,234,132) (S 109,132,133) (S 110,133,134) (S 992,134,38) (S 188,221,222) (S 189,222,223) (D 0,0,0)
 0 1 57 8845 39832  12 (D 0,0,0) (S 1151,111,808) (S 1071,808,809) (S 1179,545,109) (S 1180,109,45) (S 61,76,77) (S 1182,76,812) (S 1075,812,182) (S 59,74,73) (S 734,652,388) (S 735,388,499) (D 0,0,0)
 0 1 58 8986 28062  21 (D 0,0,0) (S 11,15,14) (S 1080,14,525) (S 506,525,526) (S 521,527,535) (S 519,445,534) (S 418,452,427) (S 248,290,154) (S 123,154,155) (S 511,155,529) (S 1185,529,614) (S 512,529,397) (S 473,89,500) (S 487,500,389) (S 353,389,388) (S 472,499,500) (S 486,500,396) (S 1005,777,393) (S 358,394,395) (S 869,717,427) (D 0,0,0)
 0 1 59 8369 15488  31 (D 0,0,0) (S 781,672,431) (S 782,431,506) (S 478,506,177) (S 479,177,507) (S 480,507,266) (S 225,266,265) (S 298,343,342) (S 297,341,342) (S 760,342,261) (S 221,261,260) (S 224,265,264) (S 871,86,380) (S 343,379,368) (S 522,368,527) (S 507,527,526) (S 1141,526,761) (S 1142,761,316) (S 276,316,317) (S 1156,317,835) (S 277,317,318) (S 278,318,319) (S 410,443,444) (S 1138,432,832) (S 1154,832,719) (S 1078,718,762) (S 970,762,673) (S 767,673,524) (S 504,524,523) (S 503,523,522) (D 0,0,0)
 0 1 60 8713 15952  24 (D 0,0,0) (S 891,734,621) (S 423,458,459) (S 678,459,621) (S 677,620,621) (S 890,621,733) (S 1089,733,816) (S 1088,816,65) (S 51,65,64) (S 50,64,63) (S 1168,63,787) (S 1027,787,64) (S 1028,64,520) (S 502,521,522) (S 505,524,525) (S 477,14,506) (S 142,177,178) (S 398,178,431) (S 783,506,346) (S 303,346,347) (S 1140,347,526) (S 766,524,16) (S 765,16,672) (D 0,0,0)
 0 1 61 8999 26233  20 (D 0,0,0) (S 553,557,215) (S 655,561,609) (S 654,609,608) (S 653,608,29) (S 652,29,287) (S 245,287,286) (S 244,286,285) (S 243,284,285) (S 791,287,576) (S 790,576,681) (S 821,681,381) (S 820,697,381) (S 347,382,383) (S 544,553,383) (S 348,383,30) (S 24,30,31) (S 349,30,384) (S 23,30,29) (D 0,0,0)
 0 1 62 8988 32096  20 (D 0,0,0) (S 558,560,294) (S 252,294,293) (S 93,115,114) (S 92,114,113) (S 91,113,112) (S 152,112,185) (S 151,185,184) (S 536,184,544) (S 1201,846,544) (S 1202,544,847) (S 1209,847,843) (S 1192,843,543) (S 534,543,542) (S 533,542,541) (S 532,541,540) (S 529,539,295) (S 526,224,537) (S 539,548,547) (D 0,0,0)
 0 1 63 8954 34603  24 (D 0,0,0) (S 1056,118,799) (S 1144,799,121) (S 1145,121,33) (S 831,34,120) (S 824,120,35) (S 28,35,36) (S 825,35,10) (S 7,9,10) (S 8,10,11) (S 9,11,12) (S 10,12,13) (S 158,12,188) (S 828,699,188) (S 829,188,11) (S 830,11,34) (S 26,34,33) (S 25,33,32) (S 156,32,123) (S 155,123,187) (S 154,187,186) (S 1195,805,113) (S 328,293,367) (D 0,0,0)
 0 1 64 8952 35329  22 (D 0,0,0) (S 721,566,548) (S 945,541,753) (S 944,753,103) (S 943,103,49) (S 39,49,50) (S 38,48,49) (S 988,49,767) (S 1073,767,806) (S 1066,806,74) (S 60,74,75) (S 145,181,75) (S 146,75,182) (S 147,182,46) (S 87,108,107) (S 1200,107,845) (S 1207,183,845) (S 1208,845,847) (S 1211,841,753) (S 946,541,754) (S 947,754,755) (D 0,0,0)
 0 1 65 8988 21576  17 (D 0,0,0) (S 581,359,574) (S 468,497,461) (S 427,461,460) (S 639,460,99) (S 80,99,100) (S 467,100,461) (S 81,100,101) (S 727,101,575) (S 583,575,497) (S 582,497,574) (S 637,574,601) (S 294,337,338) (S 1021,337,601) (S 1020,601,446) (S 412,446,447) (D 0,0,0)
 0 1 66 8988 26755  25 (D 0,0,0) (S 73,93,92) (S 72,92,91) (S 71,90,91) (S 874,91,282) (S 242,282,283) (S 875,282,720) (S 241,282,281) (S 919,281,743) (S 240,281,280) (S 239,279,280) (S 878,280,723) (S 877,280,198) (S 167,197,198) (S 168,198,199) (S 444,477,92) (S 448,480,59) (S 449,59,481) (S 836,700,636) (S 704,635,439) (S 388,422,423) (S 702,422,515) (S 699,627,633) (S 921,633,582) (D 0,0,0)
 0 1 67 8867 30024  19 (D 0,0,0) (S 169,200,199) (S 62,78,79) (S 797,476,143) (S 115,143,142) (S 440,142,476) (S 798,476,685) (S 441,476,79) (S 442,79,199) (S 443,199,477) (S 918,477,281) (S 445,92,478) (S 996,478,771) (S 446,478,479) (S 997,479,772) (S 447,479,480) (S 995,480,770) (S 1034,166,702) (D 0,0,0)
 0 1 68 8968 31955  16 (D 0,0,0) (S 1172,825,441) (S 1115,662,693) (S 1114,693,683) (S 1113,683,641) (S 714,640,641) (S 1112,641,556) (S 1111,556,303) (S 264,303,304) (S 265,304,305) (S 435,304,469) (S 551,469,473) (S 295,339,340) (S 296,340,18) (S 15,19,20) (D 0,0,0)
 0 1 69 8954 35535  20 (D 0,0,0) (S 803,485,688) (S 756,667,442) (S 757,442,668) (S 409,442,441) (S 1171,840,441) (S 408,441,440) (S 617,594,440) (S 754,665,465) (S 431,465,466) (S 432,466,467) (S 433,467,468) (S 796,467,684) (S 795,467,683) (S 794,682,683) (S 715,641,468) (S 434,468,469) (S 438,473,474) (S 552,473,340) (D 0,0,0)
 0 1 70 8985 44026  13 (D 0,0,0) (S 993,768,19) (S 994,19,769) (S 550,469,556) (S 263,302,303) (S 1110,303,308) (S 268,307,308) (S 269,308,309) (S 1109,824,308) (S 1169,474,839) (S 439,474,475) (S 14,18,19) (D 0,0,0)
