1778238
70
1824688
1797156
 0 1 1 8864 15200  25 (D 0,0,0) (S 780,674,672) (S 782,431,506) (S 302,346,345) (S 301,345,344) (S 300,344,265) (S 930,343,508) (S 482,508,5) (S 483,5,509) (S 761,6,671) (S 762,671,267) (S 226,267,266) (S 481,266,508) (S 929,508,671) (S 928,671,675) (S 773,675,7) (S 6,7,8) (S 740,8,555) (S 548,555,190) (S 161,190,191) (S 1084,191,4) (S 886,728,727) (S 936,747,727) (S 1083,728,4) (D 0,0,0)
 0 1 2 8867 19391  24 (D 0,0,0) (S 3,3,4) (S 1091,4,734) (S 1089,733,816) (S 900,66,171) (S 137,171,172) (S 136,170,171) (S 901,171,450) (S 415,450,449) (S 414,449,312) (S 271,312,310) (S 270,310,311) (S 272,310,313) (S 920,744,633) (S 698,633,405) (S 370,405,404) (S 663,403,613) (S 368,403,170) (S 895,170,449) (S 416,450,419) (S 902,450,739) (S 383,418,417) (S 382,417,416) (D 0,0,0)
 0 1 3 8887 33131  21 (D 0,0,0) (S 1120,688,667) (S 756,667,442) (S 757,442,668) (S 409,442,441) (S 1171,840,441) (S 617,594,440) (S 1116,665,662) (S 815,693,694) (S 1114,693,683) (S 794,682,683) (S 795,683,467) (S 432,467,466) (S 431,466,465) (S 754,465,665) (S 755,665,666) (S 1118,440,825) (S 1119,825,667) (S 803,688,485) (S 807,203,689) (D 0,0,0)
 0 1 4 8901 19229  12 (D 0,0,0) (S 166,195,196) (S 776,196,589) (S 610,589,588) (S 976,587,300) (S 262,300,301) (S 1125,301,827) (S 1124,301,557) (S 554,557,306) (S 518,150,533) (S 517,150,532) (D 0,0,0)
 0 1 5 8991 31508  19 (D 0,0,0) (S 570,566,225) (S 191,225,224) (S 625,538,297) (S 259,297,298) (S 184,217,218) (S 256,218,276) (S 237,276,277) (S 622,277,217) (S 231,270,216) (S 232,216,271) (S 183,216,217) (S 623,217,463) (S 624,463,297) (S 258,297,296) (S 254,296,295) (S 253,295,294) (S 558,560,294) (D 0,0,0)
 0 1 6 8910 26990  25 (D 0,0,0) (S 306,350,349) (S 401,349,434) (S 843,705,607) (S 648,571,472) (S 437,472,471) (S 811,471,691) (S 318,361,98) (S 78,98,97) (S 77,97,96) (S 963,606,741) (S 848,201,146) (S 119,147,148) (S 120,148,149) (S 118,147,146) (S 847,706,146) (S 117,146,145) (S 293,336,144) (S 116,144,145) (S 915,145,742) (S 914,145,202) (S 913,202,741) (S 964,741,707) (S 43,54,55) (D 0,0,0)
 0 1 7 6893 12014  24 (D 0,0,0) (S 228,63,268) (S 772,268,675) (S 931,343,260) (S 932,260,745) (S 1095,745,85) (S 1094,85,512) (S 1093,512,715) (S 866,715,371) (S 758,370,669) (S 332,370,369) (S 606,369,513) (S 491,513,379) (S 343,379,368) (S 331,368,369) (S 522,368,527) (S 507,527,526) (S 506,526,525) (S 505,525,524) (S 766,524,16) (S 13,16,17) (S 768,17,523) (S 503,523,522) (D 0,0,0)
 0 1 8 8936 22920  15 (D 0,0,0) (S 812,334,471) (S 916,690,97) (S 646,96,606) (S 962,606,689) (S 635,599,362) (S 79,98,99) (S 639,99,460) (S 582,574,497) (S 637,574,601) (S 1021,601,337) (S 294,337,338) (S 1020,601,446) (S 520,445,535) (D 0,0,0)
 0 1 9 8950 34806  21 (D 0,0,0) (S 948,115,755) (S 946,754,541) (S 1192,543,843) (S 1203,847,106) (S 86,106,107) (S 36,46,47) (S 1190,48,105) (S 85,105,106) (S 1204,106,47) (S 1205,47,848) (S 37,47,48) (S 38,48,49) (S 39,49,50) (S 987,767,73) (S 986,73,766) (S 1046,766,429) (S 395,429,377) (S 394,377,386) (S 469,428,498) (D 0,0,0)
 0 1 10 8852 33871  20 (D 0,0,0) (S 1138,832,432) (S 358,395,394) (S 357,394,393) (S 356,393,392) (S 983,391,385) (S 350,385,386) (S 341,377,376) (S 984,385,376) (S 985,376,766) (S 397,412,430) (S 377,412,413) (S 396,412,429) (S 1047,429,399) (S 365,399,400) (S 374,409,400) (S 364,399,378) (S 363,378,387) (S 361,398,394) (D 0,0,0)
 0 1 11 8971 17413  17 (D 0,0,0) (S 405,436,437) (S 406,437,438) (S 592,438,579) (S 591,579,57) (S 45,57,56) (S 44,56,55) (S 1043,55,794) (S 1102,794,819) (S 1101,794,51) (S 40,51,52) (S 651,52,607) (S 842,607,704) (S 907,704,435) (S 906,435,328) (S 285,327,326) (D 0,0,0)
 0 1 12 8853 27406  19 (D 0,0,0) (S 404,435,436) (S 1024,437,784) (S 1040,785,793) (S 1041,793,660) (S 751,659,660) (S 1036,790,701) (S 836,636,700) (S 834,333,481) (S 450,481,482) (S 48,59,60) (S 448,59,480) (S 995,480,770) (S 447,480,479) (S 997,479,772) (S 996,478,771) (S 1035,580,331) (S 288,330,329) (D 0,0,0)
 0 1 13 8951 36090  17 (D 0,0,0) (S 527,224,538) (S 529,295,539) (S 944,753,103) (S 84,104,105) (S 1191,105,843) (S 1209,843,847) (S 1208,847,845) (S 1200,845,107) (S 87,107,108) (S 88,108,109) (S 35,45,46) (S 146,182,75) (S 145,181,75) (S 60,75,74) (S 59,74,73) (D 0,0,0)
 0 1 14 8891 32897  16 (D 0,0,0) (S 456,489,488) (S 967,488,710) (S 863,710,711) (S 966,488,618) (S 676,618,619) (S 675,618,617) (S 888,617,730) (S 674,617,492) (S 673,492,483) (S 672,483,22) (S 17,22,21) (S 16,21,20) (S 806,503,203) (S 810,690,691) (D 0,0,0)
 0 1 15 8961 38868  15 (D 0,0,0) (S 808,599,689) (S 994,19,769) (S 993,768,19) (S 264,304,303) (S 263,302,303) (S 1110,303,308) (S 268,307,308) (S 269,308,309) (S 1109,824,308) (S 1111,303,556) (S 715,641,468) (S 433,468,467) (S 814,466,693) (D 0,0,0)
 0 1 16 8817 24955  20 (D 0,0,0) (S 908,704,53) (S 909,53,454) (S 420,454,455) (S 851,592,94) (S 712,638,200) (S 1161,837,639) (S 713,639,200) (S 169,200,199) (S 443,199,477) (S 918,477,281) (S 239,279,280) (S 878,280,723) (S 240,280,281) (S 444,477,92) (S 73,92,93) (S 709,93,562) (S 562,562,563) (S 708,562,456) (D 0,0,0)
 0 1 17 8986 36761  23 (D 0,0,0) (S 96,118,119) (S 824,120,35) (S 28,35,36) (S 825,35,10) (S 8,10,11) (S 830,11,34) (S 831,34,120) (S 7,9,10) (S 826,10,189) (S 827,189,698) (S 159,189,188) (S 829,188,11) (S 9,11,12) (S 158,12,188) (S 828,699,188) (S 10,12,13) (S 156,32,123) (S 100,123,122) (S 1053,798,797) (S 1063,797,804) (S 1143,804,799) (D 0,0,0)
 0 1 18 8929 30872  17 (D 0,0,0) (S 15,20,19) (S 14,19,18) (S 296,18,340) (S 295,339,340) (S 552,340,473) (S 550,469,556) (S 1112,556,641) (S 714,640,641) (S 1113,641,683) (S 1115,693,662) (S 752,661,662) (S 1117,665,440) (S 408,440,441) (S 1172,441,825) (S 501,520,521) (D 0,0,0)
 0 1 19 8870 35704  22 (D 0,0,0) (S 274,159,315) (S 939,315,748) (S 956,748,160) (S 128,160,128) (S 104,128,127) (S 949,756,725) (S 950,725,751) (S 941,750,751) (S 942,751,752) (S 103,126,127) (S 952,127,757) (S 958,757,724) (S 880,314,470) (S 536,544,184) (S 537,184,545) (S 1178,545,809) (S 1177,110,809) (S 1071,809,808) (S 1069,185,114) (S 93,114,115) (D 0,0,0)
 0 1 20 8970 29410  22 (D 0,0,0) (S 656,561,365) (S 192,226,225) (S 627,565,596) (S 626,596,538) (S 568,539,462) (S 429,462,463) (S 428,462,213) (S 210,213,246) (S 275,246,315) (S 105,129,128) (S 129,128,161) (S 386,161,420) (S 387,420,421) (S 884,421,725) (S 883,725,126) (S 882,126,724) (S 881,724,314) (S 273,314,159) (S 138,158,173) (S 1055,173,596) (D 0,0,0)
 0 1 21 7447 16544  12 (D 0,0,0) (S 926,731,28) (S 972,27,686) (S 753,663,664) (S 799,663,686) (S 1018,26,783) (S 21,26,27) (S 22,27,28) (S 889,731,732) (S 1099,732,3) (S 817,2,0) (D 0,0,0)
 0 1 22 8918 28266  18 (D 0,0,0) (S 1019,446,452) (S 510,291,155) (S 511,155,529) (S 512,529,397) (S 513,397,89) (S 514,89,530) (S 70,89,88) (S 69,87,88) (S 473,89,500) (S 471,499,398) (S 362,398,387) (S 351,387,386) (S 393,386,428) (S 1006,498,393) (S 1005,777,393) (S 737,395,290) (D 0,0,0)
 0 1 23 8730 19950  19 (D 0,0,0) (S 743,653,522) (S 970,673,762) (S 1078,762,718) (S 1136,443,494) (S 1135,494,814) (S 292,335,334) (S 647,472,96) (S 76,96,95) (S 75,95,94) (S 74,94,93) (S 710,93,637) (S 940,637,749) (S 711,637,638) (S 965,638,707) (S 850,707,94) (S 852,592,455) (S 854,54,703) (D 0,0,0)
 0 1 24 8963 12637  27 (D 0,0,0) (S 816,0,677) (S 779,653,674) (S 771,180,268) (S 227,268,267) (S 763,267,179) (S 144,179,180) (S 770,180,674) (S 769,674,17) (S 504,523,524) (S 767,524,673) (S 971,673,708) (S 858,708,433) (S 859,433,324) (S 689,631,324) (S 283,324,325) (S 308,326,351) (S 309,351,352) (S 1086,352,451) (S 1087,451,65) (S 1088,65,816) (S 1166,816,738) (S 899,738,66) (S 51,65,64) (S 50,64,63) (S 778,653,677) (D 0,0,0)
 0 1 25 8869 21185  25 (D 0,0,0) (S 927,330,437) (S 1022,784,649) (S 731,649,650) (S 1025,784,786) (S 1023,784,785) (S 1039,792,793) (S 1042,660,790) (S 838,701,579) (S 837,579,636) (S 706,636,58) (S 46,58,57) (S 1038,56,791) (S 1037,56,701) (S 839,701,702) (S 1034,702,166) (S 133,166,165) (S 132,164,165) (S 832,165,700) (S 704,635,439) (S 494,515,516) (S 904,519,740) (S 1002,740,417) (S 499,416,351) (D 0,0,0)
 0 1 26 8850 16908  24 (D 0,0,0) (S 1168,63,787) (S 1167,787,816) (S 897,737,67) (S 896,67,170) (S 894,449,736) (S 893,736,735) (S 1004,735,776) (S 1044,776,581) (S 1045,581,626) (S 685,626,627) (S 687,627,629) (S 688,629,630) (S 951,629,634) (S 703,422,439) (S 407,439,438) (S 593,438,580) (S 594,580,332) (S 290,332,331) (S 289,331,330) (S 857,329,518) (S 497,518,519) (S 498,519,416) (D 0,0,0)
 0 1 27 8849 18952  25 (D 0,0,0) (S 764,672,179) (S 143,179,178) (S 142,178,177) (S 478,177,506) (S 783,506,346) (S 303,346,347) (S 1140,347,526) (S 521,527,535) (S 1142,761,316) (S 276,316,317) (S 278,318,319) (S 279,319,320) (S 280,320,321) (S 312,321,356) (S 281,321,322) (S 282,322,323) (S 314,322,358) (S 546,358,554) (S 861,554,139) (S 860,709,139) (S 113,138,139) (S 862,554,573) (S 580,573,359) (D 0,0,0)
 0 1 28 8971 34779  21 (D 0,0,0) (S 1195,113,805) (S 1064,797,805) (S 1196,805,800) (S 1059,800,187) (S 1060,187,801) (S 1149,124,801) (S 1150,801,111) (S 89,111,110) (S 1176,110,125) (S 1175,125,764) (S 1147,765,834) (S 1146,833,834) (S 1174,834,764) (S 973,763,764) (S 974,764,765) (S 975,765,32) (S 157,32,12) (S 1145,33,121) (S 1144,121,799) (D 0,0,0)
 0 1 29 8960 17331  21 (D 0,0,0) (S 1090,734,733) (S 890,733,621) (S 677,620,621) (S 678,621,459) (S 424,459,355) (S 310,354,353) (S 680,353,584) (S 681,584,622) (S 696,632,69) (S 1033,70,406) (S 371,406,405) (S 697,405,69) (S 55,69,68) (S 600,68,583) (S 601,583,504) (S 599,68,404) (S 598,582,404) (S 369,404,403) (S 52,66,65) (D 0,0,0)
 0 1 30 9000 32006  19 (D 0,0,0) (S 735,499,388) (S 734,388,652) (S 1048,652,399) (S 366,400,401) (S 367,401,402) (S 375,400,410) (S 376,410,411) (S 379,410,401) (S 378,401,414) (S 732,651,414) (S 733,414,652) (S 1049,652,390) (S 487,389,500) (S 486,500,396) (S 360,396,397) (S 1185,529,614) (S 124,156,155) (D 0,0,0)
 0 1 31 8998 42060  11 (D 0,0,0) (S 342,378,377) (S 1066,74,806) (S 1075,182,812) (S 61,76,77) (S 1182,76,812) (S 1181,812,45) (S 34,44,45) (S 1180,45,109) (S 1179,109,545) (D 0,0,0)
 0 1 32 8730 15067  24 (D 0,0,0) (S 398,431,178) (S 479,177,507) (S 873,507,344) (S 872,344,380) (S 223,264,263) (S 338,263,86) (S 339,86,375) (S 489,375,512) (S 488,41,512) (S 1092,817,715) (S 867,715,372) (S 335,372,40) (S 336,40,373) (S 337,373,374) (S 750,373,658) (S 749,373,84) (S 65,83,84) (S 747,657,656) (S 746,656,655) (S 745,655,262) (S 160,82,190) (S 818,695,2) (D 0,0,0)
 0 1 33 8926 33403  27 (D 0,0,0) (S 790,576,681) (S 620,595,570) (S 621,570,277) (S 577,570,564) (S 198,234,233) (S 197,232,233) (S 540,549,550) (S 541,551,549) (S 542,549,233) (S 716,642,234) (S 199,234,132) (S 108,132,131) (S 575,569,131) (S 107,131,130) (S 106,130,129) (S 937,244,129) (S 938,129,748) (S 955,748,245) (S 209,245,246) (S 453,246,274) (S 454,274,486) (S 566,211,219) (S 185,219,218) (S 255,218,296) (S 528,295,538) (D 0,0,0)
 0 1 34 8945 32449  21 (D 0,0,0) (S 947,755,754) (S 1077,754,810) (S 1194,813,113) (S 1065,805,186) (S 153,186,112) (S 90,112,111) (S 1151,111,808) (S 1070,808,185) (S 151,185,184) (S 150,184,183) (S 1206,849,183) (S 1207,183,845) (S 1202,847,544) (S 1201,846,544) (S 535,544,543) (S 533,542,541) (S 532,541,540) (S 530,158,539) (S 539,548,547) (D 0,0,0)
 0 1 35 8955 32715  23 (D 0,0,0) (S 330,174,115) (S 92,114,113) (S 91,113,112) (S 152,185,112) (S 154,186,187) (S 155,187,123) (S 101,123,124) (S 1062,125,803) (S 102,125,124) (S 1148,124,765) (S 25,32,33) (S 26,33,34) (S 27,34,35) (S 97,120,119) (S 98,119,121) (S 99,121,122) (S 1054,122,798) (S 1058,798,800) (S 1057,798,799) (S 1056,799,118) (S 95,118,115) (D 0,0,0)
 0 1 36 8912 16150  20 (D 0,0,0) (S 845,654,509) (S 484,509,510) (S 549,509,555) (S 547,190,81) (S 63,81,80) (S 614,80,532) (S 175,151,206) (S 176,206,207) (S 691,207,590) (S 692,590,195) (S 164,194,193) (S 425,192,355) (S 311,355,354) (S 321,354,193) (S 163,193,192) (S 162,192,191) (S 2,3,2) (S 1,0,1) (D 0,0,0)
 0 1 37 8954 28930  23 (D 0,0,0) (S 849,707,201) (S 170,201,200) (S 798,476,685) (S 797,476,143) (S 115,143,142) (S 440,142,476) (S 441,476,79) (S 62,78,79) (S 442,79,199) (S 168,199,198) (S 167,197,198) (S 877,198,280) (S 919,281,743) (S 241,281,282) (S 242,282,283) (S 875,282,720) (S 874,282,91) (S 71,90,91) (S 72,91,92) (S 445,92,478) (S 446,478,479) (D 0,0,0)
 0 1 38 8994 33228  24 (D 0,0,0) (S 126,158,159) (S 127,159,160) (S 957,160,757) (S 953,127,756) (S 954,756,420) (S 885,421,726) (S 1157,836,726) (S 1158,726,802) (S 1160,252,679) (S 1189,680,842) (S 1198,842,844) (S 1188,842,615) (S 668,615,597) (S 631,597,530) (S 515,530,531) (S 1050,530,390) (S 354,390,389) (S 353,389,388) (S 352,388,387) (S 472,499,500) (S 485,511,396) (S 359,396,395) (D 0,0,0)
 0 1 39 8999 15862  12 (D 0,0,0) (S 1108,695,205) (S 174,205,151) (S 266,151,306) (S 555,306,558) (S 556,558,209) (S 178,209,208) (S 1121,208,588) (S 775,196,623) (S 423,458,459) (S 891,621,734) (D 0,0,0)
 0 1 40 8953 16138  15 (D 0,0,0) (S 597,582,581) (S 596,581,516) (S 595,516,332) (S 291,332,333) (S 833,333,514) (S 493,514,515) (S 701,515,634) (S 700,634,627) (S 699,627,633) (S 921,633,582) (S 922,582,313) (S 923,313,736) (S 924,736,739) (D 0,0,0)
 0 1 41 8619 15476  23 (D 0,0,0) (S 1026,3,787) (S 1027,787,64) (S 1028,64,520) (S 500,520,351) (S 381,416,327) (S 286,327,328) (S 905,328,519) (S 496,518,517) (S 642,517,602) (S 641,602,603) (S 724,603,604) (S 644,604,605) (S 686,605,628) (S 723,645,604) (S 643,604,602) (S 892,518,735) (S 1003,735,740) (S 903,740,739) (S 925,739,418) (S 384,418,419) (S 417,419,451) (D 0,0,0)
 0 1 42 8500 15110  22 (D 0,0,0) (S 792,677,521) (S 690,521,324) (S 400,433,432) (S 1155,832,317) (S 1156,317,835) (S 277,317,318) (S 411,318,445) (S 1008,612,774) (S 999,774,775) (S 998,773,774) (S 1000,774,611) (S 1001,611,647) (S 730,647,648) (S 1007,647,612) (S 659,612,448) (S 660,448,534) (S 661,534,319) (S 662,319,443) (S 410,443,444) (S 1154,832,719) (D 0,0,0)
 0 1 43 8564 21116  14 (D 0,0,0) (S 969,762,761) (S 793,447,646) (S 728,646,575) (S 583,575,497) (S 468,497,461) (S 80,100,99) (S 640,99,600) (S 475,502,503) (S 172,203,202) (S 171,202,201) (S 912,741,95) (S 911,95,591) (D 0,0,0)
 0 1 44 8869 27387  14 (D 0,0,0) (S 112,136,137) (S 738,137,290) (S 123,154,155) (S 645,155,363) (S 205,242,241) (S 784,528,678) (S 508,528,241) (S 509,241,291) (S 249,291,154) (S 248,154,290) (S 739,137,427) (S 413,447,448) (D 0,0,0)
 0 1 45 8763 15968  29 (D 0,0,0) (S 742,653,63) (S 741,63,8) (S 5,7,6) (S 4,6,5) (S 221,260,261) (S 759,261,670) (S 1097,670,656) (S 1098,656,818) (S 1096,670,745) (S 933,745,43) (S 934,43,657) (S 935,657,746) (S 748,657,84) (S 66,84,42) (S 32,42,41) (S 31,41,40) (S 30,40,39) (S 669,616,39) (S 1085,39,815) (S 334,372,371) (S 333,371,370) (S 340,370,375) (S 490,375,513) (S 492,379,345) (S 399,431,15) (S 12,15,16) (S 765,16,672) (D 0,0,0)
 0 1 46 8920 33158  22 (D 0,0,0) (S 788,222,595) (S 29,37,38) (S 110,134,133) (S 786,133,680) (S 785,680,679) (S 216,252,253) (S 1159,252,802) (S 1061,802,795) (S 1051,795,162) (S 131,162,163) (S 130,162,161) (S 385,161,243) (S 206,243,244) (S 207,244,130) (S 208,130,245) (S 235,274,275) (S 563,275,564) (S 576,564,131) (S 200,132,235) (S 109,132,133) (D 0,0,0)
 0 1 47 8883 26593  23 (D 0,0,0) (S 654,609,608) (S 653,608,29) (S 652,29,287) (S 245,287,286) (S 244,286,285) (S 243,284,285) (S 823,285,536) (S 524,536,248) (S 211,248,247) (S 718,247,223) (S 189,223,222) (S 188,222,221) (S 991,712,38) (S 864,712,713) (S 990,712,221) (S 187,220,221) (S 989,221,381) (S 820,697,381) (S 346,381,382) (S 347,382,383) (S 544,553,383) (D 0,0,0)
 0 1 48 8914 28242  17 (D 0,0,0) (S 736,395,499) (S 470,398,498) (S 392,428,392) (S 355,392,391) (S 982,391,140) (S 114,140,141) (S 981,140,152) (S 122,152,153) (S 980,152,236) (S 201,236,237) (S 202,237,238) (S 1009,238,778) (S 1010,778,779) (S 869,717,427) (S 412,446,447) (D 0,0,0)
 0 1 49 8933 32722  20 (D 0,0,0) (S 945,541,753) (S 1211,753,841) (S 1186,841,104) (S 83,104,103) (S 943,103,49) (S 988,49,767) (S 1073,767,806) (S 1074,806,182) (S 147,182,46) (S 148,46,108) (S 149,108,183) (S 1210,843,841) (S 1187,841,542) (S 534,542,543) (S 1193,543,813) (S 1076,813,810) (S 1072,810,811) (S 1212,811,755) (D 0,0,0)
 0 1 50 8924 19227  14 (D 0,0,0) (S 898,738,737) (S 1165,737,583) (S 1164,583,632) (S 1163,632,829) (S 1162,838,829) (S 1128,71,829) (S 1129,829,624) (S 1130,624,830) (S 684,624,625) (S 683,624,623) (S 693,622,195) (S 165,195,194) (D 0,0,0)
 0 1 51 8498 19041  20 (D 0,0,0) (S 284,325,326) (S 287,328,329) (S 856,329,436) (S 855,436,703) (S 853,54,455) (S 421,455,456) (S 422,456,457) (S 707,456,58) (S 47,58,59) (S 449,59,481) (S 835,481,700) (S 705,636,635) (S 959,635,758) (S 961,758,760) (S 960,758,759) (S 388,422,423) (S 702,422,515) (S 495,516,517) (D 0,0,0)
 0 1 52 8988 17185  21 (D 0,0,0) (S 1152,522,708) (S 1153,708,719) (S 870,719,718) (S 1139,718,832) (S 464,494,495) (S 465,495,350) (S 305,349,169) (S 135,168,169) (S 634,169,62) (S 49,61,62) (S 633,62,167) (S 134,167,166) (S 840,702,703) (S 42,54,53) (S 41,53,52) (S 844,705,167) (S 307,350,326) (S 1029,325,520) (S 502,521,522) (D 0,0,0)
 0 1 53 8844 26956  19 (D 0,0,0) (S 418,452,427) (S 250,291,242) (S 320,242,363) (S 664,363,156) (S 125,156,157) (S 665,156,614) (S 666,614,88) (S 667,88,597) (S 632,597,598) (S 1197,615,844) (S 1199,844,135) (S 111,135,134) (S 992,134,38) (S 619,38,595) (S 789,222,681) (S 822,681,285) (S 523,536,364) (D 0,0,0)
 0 1 54 8305 17639  26 (D 0,0,0) (S 777,676,677) (S 344,379,380) (S 1183,43,822) (S 1131,823,831) (S 1106,823,822) (S 1105,821,822) (S 33,43,42) (S 67,42,85) (S 68,85,86) (S 871,86,380) (S 345,380,264) (S 224,264,265) (S 480,507,266) (S 225,266,265) (S 299,265,343) (S 298,343,342) (S 297,341,342) (S 760,342,261) (S 222,261,262) (S 868,716,655) (S 744,262,654) (S 846,654,82) (S 64,82,81) (S 1107,81,695) (D 0,0,0)
 0 1 55 8921 42099  16 (D 0,0,0) (S 787,595,133) (S 1104,243,796) (S 1103,820,796) (S 1052,796,795) (S 214,251,231) (S 196,231,230) (S 234,230,273) (S 233,272,230) (S 217,254,255) (S 261,254,229) (S 260,229,299) (S 543,552,299) (S 195,229,230) (S 215,231,252) (D 0,0,0)
 0 1 56 8875 20295  15 (D 0,0,0) (S 613,532,585) (S 605,585,206) (S 177,207,208) (S 1122,208,826) (S 1132,826,558) (S 267,306,300) (S 977,300,116) (S 94,116,117) (S 323,117,365) (S 324,365,257) (S 219,257,258) (S 220,258,259) (S 560,258,561) (D 0,0,0)
 0 1 57 8992 31003  23 (D 0,0,0) (S 584,576,382) (S 821,381,681) (S 618,38,135) (S 257,135,276) (S 247,278,289) (S 246,288,278) (S 238,278,277) (S 236,276,275) (S 564,275,486) (S 455,486,487) (S 565,486,211) (S 179,210,211) (S 180,211,212) (S 567,219,462) (S 186,219,212) (S 181,212,213) (S 436,213,470) (S 879,470,540) (S 531,540,158) (S 139,173,174) (S 329,174,293) (D 0,0,0)
 0 1 58 8685 28071  16 (D 0,0,0) (S 1030,325,495) (S 805,503,20) (S 804,20,485) (S 452,485,484) (S 451,484,483) (S 460,491,492) (S 461,492,490) (S 457,490,489) (S 466,489,496) (S 800,687,496) (S 801,496,493) (S 462,493,490) (S 458,490,484) (S 459,484,21) (D 0,0,0)
 0 1 59 8670 18884  18 (D 0,0,0) (S 679,459,353) (S 602,584,504) (S 476,504,505) (S 694,505,622) (S 682,622,623) (S 774,623,505) (S 695,505,632) (S 56,69,70) (S 57,70,71) (S 58,71,72) (S 1127,71,407) (S 1126,828,407) (S 373,407,408) (S 372,407,406) (S 54,68,67) (S 53,67,66) (D 0,0,0)
 0 1 60 8938 24448  17 (D 0,0,0) (S 173,204,205) (S 1123,205,557) (S 655,561,609) (S 1170,608,577) (S 587,577,364) (S 586,364,286) (S 585,286,576) (S 791,576,287) (S 545,287,383) (S 348,383,30) (S 349,30,384) (S 24,30,31) (S 23,30,29) (S 322,29,364) (S 588,577,567) (D 0,0,0)
 0 1 61 8995 25175  24 (D 0,0,0) (S 325,257,366) (S 590,366,578) (S 212,249,248) (S 525,248,537) (S 526,537,224) (S 190,224,223) (S 717,643,223) (S 719,247,537) (S 720,537,548) (S 721,548,566) (S 722,566,644) (S 571,566,547) (S 538,546,547) (S 572,547,249) (S 213,249,250) (S 574,567,568) (S 589,567,578) (S 1184,578,609) (S 561,561,214) (S 182,214,215) (S 553,215,557) (S 819,695,696) (D 0,0,0)
 0 1 62 8959 24366  19 (D 0,0,0) (S 11,15,14) (S 1141,526,761) (S 968,761,535) (S 519,445,534) (S 658,612,611) (S 657,610,611) (S 729,647,646) (S 727,575,101) (S 725,501,24) (S 20,24,25) (S 19,24,23) (S 887,23,729) (S 18,23,22) (S 671,22,502) (S 636,600,362) (S 319,362,98) (S 917,360,691) (D 0,0,0)
 0 1 63 8726 34986  19 (D 0,0,0) (S 1169,474,839) (S 439,474,475) (S 438,474,473) (S 551,473,469) (S 265,304,305) (S 435,304,469) (S 434,469,468) (S 796,467,684) (S 813,692,466) (S 430,465,464) (S 1173,464,825) (S 802,493,688) (S 809,599,690) (S 1133,335,357) (S 1082,814,788) (S 1032,788,789) (S 1031,788,495) (D 0,0,0)
 0 1 64 8171 20309  16 (D 0,0,0) (S 380,327,415) (S 402,415,434) (S 1081,434,705) (S 650,52,453) (S 649,453,571) (S 579,572,573) (S 865,572,714) (S 578,572,571) (S 419,453,454) (S 910,454,591) (S 615,591,592) (S 616,592,593) (S 841,703,704) (S 403,435,415) (D 0,0,0)
 0 1 65 8983 26140  8 (D 0,0,0) (S 218,257,256) (S 229,256,227) (S 194,227,228) (S 230,227,269) (S 252,293,294) (S 559,294,258) (D 0,0,0)
 0 1 66 8992 25330  11 (D 0,0,0) (S 326,366,226) (S 327,226,367) (S 629,367,269) (S 304,292,348) (S 251,292,293) (S 328,293,367) (S 628,367,565) (S 569,565,225) (S 573,249,567) (D 0,0,0)
 0 1 67 8996 31071  8 (D 0,0,0) (S 193,226,227) (S 630,269,292) (S 1067,348,175) (S 1068,175,807) (S 141,175,176) (S 140,175,174) (D 0,0,0)
 0 1 68 8961 20732  22 (D 0,0,0) (S 781,672,431) (S 477,506,14) (S 1080,14,525) (S 1079,525,762) (S 463,494,320) (S 315,358,359) (S 581,359,574) (S 638,574,460) (S 427,460,461) (S 467,461,100) (S 81,100,101) (S 82,101,102) (S 726,101,501) (S 474,501,502) (S 670,502,600) (S 426,460,361) (S 317,361,360) (S 316,360,359) (S 313,322,357) (S 1134,357,814) (D 0,0,0)
 0 1 69 8804 27962  18 (D 0,0,0) (S 1137,432,443) (S 390,426,425) (S 1013,425,781) (S 1014,781,237) (S 1015,237,782) (S 979,236,424) (S 978,424,722) (S 876,721,722) (S 389,424,425) (S 1016,781,778) (S 203,238,239) (S 204,239,240) (S 1012,239,780) (S 1011,239,779) (S 1017,779,426) (S 391,426,427) (D 0,0,0)
 0 1 70 8412 17551  13 (D 0,0,0) (S 603,584,194) (S 604,194,585) (S 612,585,590) (S 611,590,589) (S 609,588,559) (S 607,586,587) (S 608,587,559) (S 557,559,209) (S 121,151,150) (S 516,532,191) (S 1100,191,3) (D 0,0,0)
