1749573
70
2401022
2200799
 0 1 1 8870 15987  27 (D 0,0,0) (S 1,0,1) (S 779,653,674) (S 780,674,672) (S 764,672,179) (S 226,267,266) (S 345,264,380) (S 871,380,86) (S 68,86,85) (S 1094,85,512) (S 488,41,512) (S 867,715,372) (S 335,372,40) (S 30,40,39) (S 1085,39,815) (S 669,616,39) (S 31,40,41) (S 32,41,42) (S 67,42,85) (S 1095,85,745) (S 1096,745,670) (S 1097,670,656) (S 868,716,655) (S 744,262,654) (S 64,82,81) (S 1107,81,695) (D 0,0,0)
 0 1 2 7389 10197  12 (D 0,0,0) (S 818,2,695) (S 819,695,696) (S 1108,695,205) (S 173,204,205) (S 174,205,151) (S 121,151,150) (S 518,150,533) (S 517,150,532) (S 1084,191,4) (S 3,4,3) (D 0,0,0)
 0 1 3 7456 11175  18 (D 0,0,0) (S 1026,3,787) (S 1027,787,64) (S 51,64,65) (S 52,65,66) (S 53,66,67) (S 896,67,170) (S 136,170,171) (S 137,171,172) (S 901,171,450) (S 416,450,419) (S 1087,451,65) (S 1088,65,816) (S 1167,816,787) (S 1028,64,520) (S 502,521,522) (S 743,522,653) (D 0,0,0)
 0 1 4 6700 10922  27 (D 0,0,0) (S 778,677,653) (S 781,672,431) (S 399,431,15) (S 477,14,506) (S 782,506,431) (S 398,431,178) (S 873,507,344) (S 301,344,345) (S 492,345,379) (S 343,379,368) (S 331,368,369) (S 606,369,513) (S 489,375,512) (S 1093,512,715) (S 1092,817,715) (S 866,715,371) (S 490,375,513) (S 491,513,379) (S 344,379,380) (S 872,380,344) (S 300,344,265) (S 225,265,266) (S 227,267,268) (S 228,268,63) (S 742,63,653) (D 0,0,0)
 0 1 5 8854 14695  18 (D 0,0,0) (S 50,63,64) (S 900,66,171) (S 368,170,403) (S 369,403,404) (S 370,404,405) (S 371,405,406) (S 1033,406,70) (S 57,70,71) (S 58,71,72) (S 56,70,69) (S 696,69,632) (S 1164,632,583) (S 1165,583,737) (S 899,66,738) (S 1166,738,816) (S 1168,787,63) (D 0,0,0)
 0 1 6 8865 17144  25 (D 0,0,0) (S 741,63,8) (S 6,8,7) (S 5,7,6) (S 483,5,509) (S 845,509,654) (S 222,262,261) (S 221,261,260) (S 298,343,342) (S 297,341,342) (S 760,342,261) (S 759,261,670) (S 33,43,42) (S 66,42,84) (S 65,83,84) (S 748,657,84) (S 749,84,373) (S 750,373,658) (S 337,373,374) (S 336,373,40) (S 334,372,371) (S 333,371,370) (S 505,525,524) (S 503,523,522) (D 0,0,0)
 0 1 7 8605 12778  31 (D 0,0,0) (S 769,674,17) (S 768,17,523) (S 504,523,524) (S 767,524,673) (S 970,673,762) (S 969,762,761) (S 968,761,535) (S 521,535,527) (S 507,527,526) (S 1140,526,347) (S 303,347,346) (S 302,345,346) (S 783,346,506) (S 478,506,177) (S 142,177,178) (S 143,178,179) (S 763,179,267) (S 762,267,671) (S 761,671,6) (S 4,6,5) (S 482,5,508) (S 929,508,671) (S 928,671,675) (S 773,675,7) (S 740,8,555) (S 484,509,510) (S 549,509,555) (S 548,555,190) (S 161,190,191) (D 0,0,0)
 0 1 8 8555 15244  18 (D 0,0,0) (S 162,191,192) (S 425,192,355) (S 311,355,354) (S 310,354,353) (S 680,353,584) (S 603,584,194) (S 321,193,354) (S 424,355,459) (S 423,458,459) (S 678,459,621) (S 890,621,733) (S 1090,733,734) (S 1091,734,4) (S 1083,4,728) (S 886,728,727) (S 936,747,727) (D 0,0,0)
 0 1 9 8956 15619  16 (D 0,0,0) (S 1089,816,733) (S 602,584,504) (S 476,504,505) (S 695,505,632) (S 1163,632,829) (S 1129,829,624) (S 684,624,625) (S 1130,624,830) (S 683,624,623) (S 682,623,622) (S 693,622,195) (S 692,195,590) (S 613,585,532) (S 1100,191,3) (D 0,0,0)
 0 1 10 8272 16544  13 (D 0,0,0) (S 817,0,2) (S 2,2,3) (S 1099,3,732) (S 889,732,731) (S 926,731,28) (S 22,28,27) (S 21,27,26) (S 1018,26,783) (S 753,663,664) (S 799,663,686) (S 972,686,27) (D 0,0,0)
 0 1 11 8672 15360  28 (D 0,0,0) (S 816,0,677) (S 309,351,352) (S 1086,352,451) (S 417,451,419) (S 384,419,418) (S 903,739,740) (S 1003,740,735) (S 893,735,736) (S 923,736,313) (S 272,313,310) (S 270,310,311) (S 271,310,312) (S 414,312,449) (S 894,449,736) (S 892,735,518) (S 642,517,602) (S 641,602,603) (S 724,603,604) (S 723,645,604) (S 686,605,628) (S 644,605,604) (S 643,604,602) (S 497,518,519) (S 498,519,416) (S 500,351,520) (S 792,521,677) (D 0,0,0)
 0 1 12 8726 17455  20 (D 0,0,0) (S 777,676,677) (S 496,518,517) (S 495,517,516) (S 494,516,515) (S 701,515,634) (S 700,634,627) (S 685,627,626) (S 1045,626,581) (S 597,581,582) (S 921,582,633) (S 920,744,633) (S 698,633,405) (S 697,405,69) (S 55,69,68) (S 599,68,404) (S 598,404,582) (S 924,736,739) (S 925,739,418) (D 0,0,0)
 0 1 13 8888 18014  14 (D 0,0,0) (S 382,416,417) (S 922,313,582) (S 699,633,627) (S 687,627,629) (S 688,629,630) (S 951,629,634) (S 493,515,514) (S 833,514,333) (S 291,333,332) (S 290,332,331) (S 289,331,330) (S 857,329,518) (D 0,0,0)
 0 1 14 8966 20944  23 (D 0,0,0) (S 288,329,330) (S 1035,331,580) (S 704,439,635) (S 705,635,636) (S 835,700,481) (S 450,481,482) (S 834,333,481) (S 449,481,59) (S 48,59,60) (S 47,59,58) (S 46,58,57) (S 45,57,56) (S 1036,701,790) (S 1042,790,660) (S 751,659,660) (S 1041,660,793) (S 1039,792,793) (S 1040,793,785) (S 1023,785,784) (S 1024,784,437) (S 927,437,330) (D 0,0,0)
 0 1 15 8985 23912  21 (D 0,0,0) (S 402,415,434) (S 651,607,52) (S 647,472,96) (S 76,96,95) (S 912,95,741) (S 964,741,707) (S 965,707,638) (S 1161,837,639) (S 713,639,200) (S 712,200,638) (S 711,638,637) (S 940,637,749) (S 710,637,93) (S 709,93,562) (S 562,562,563) (S 708,562,456) (S 422,456,457) (S 703,439,422) (S 702,422,515) (D 0,0,0)
 0 1 16 8983 19219  23 (D 0,0,0) (S 1002,417,740) (S 904,740,519) (S 905,519,328) (S 906,328,435) (S 404,435,436) (S 405,436,437) (S 1025,784,786) (S 1022,784,649) (S 731,649,650) (S 406,437,438) (S 592,438,579) (S 838,579,701) (S 1038,56,791) (S 591,57,579) (S 837,579,636) (S 836,636,700) (S 832,700,165) (S 132,164,165) (S 133,165,166) (S 1034,166,702) (S 841,703,704) (D 0,0,0)
 0 1 17 8888 16733  20 (D 0,0,0) (S 381,416,327) (S 842,704,607) (S 650,52,453) (S 649,453,571) (S 865,572,714) (S 578,572,571) (S 648,571,472) (S 437,472,471) (S 812,471,334) (S 292,334,335) (S 1133,335,357) (S 1134,357,814) (S 1082,814,788) (S 1032,788,789) (S 1031,788,495) (S 1030,495,325) (S 283,325,324) (S 690,324,521) (D 0,0,0)
 0 1 18 8093 13917  18 (D 0,0,0) (S 307,326,350) (S 306,350,349) (S 305,349,169) (S 135,168,169) (S 634,169,62) (S 49,61,62) (S 633,62,167) (S 844,705,167) (S 134,167,166) (S 840,702,703) (S 855,703,436) (S 856,436,329) (S 287,329,328) (S 286,328,327) (S 1029,325,520) (S 501,520,521) (D 0,0,0)
 0 1 19 8946 18153  18 (D 0,0,0) (S 284,325,326) (S 285,326,327) (S 380,327,415) (S 403,415,435) (S 907,435,704) (S 839,702,701) (S 1037,701,56) (S 44,56,55) (S 42,54,53) (S 41,53,52) (S 40,52,51) (S 1101,51,794) (S 1102,794,819) (S 1043,794,55) (S 43,55,54) (S 308,326,351) (D 0,0,0)
 0 1 20 8818 22189  19 (D 0,0,0) (S 499,351,416) (S 383,417,418) (S 902,739,450) (S 415,450,449) (S 895,449,170) (S 663,403,613) (S 372,406,407) (S 1126,828,407) (S 373,407,408) (S 1127,407,71) (S 1128,71,829) (S 1162,838,829) (S 694,505,622) (S 681,622,584) (S 679,353,459) (S 677,620,621) (S 891,621,734) (D 0,0,0)
 0 1 21 8982 16368  17 (D 0,0,0) (S 898,738,737) (S 897,737,67) (S 54,67,68) (S 600,68,583) (S 601,583,504) (S 774,505,623) (S 775,623,196) (S 776,196,589) (S 611,589,590) (S 1121,208,588) (S 610,588,589) (S 166,196,195) (S 165,195,194) (S 164,194,193) (S 163,193,192) (D 0,0,0)
 0 1 22 8792 18195  16 (D 0,0,0) (S 605,585,206) (S 176,206,207) (S 1122,208,826) (S 1132,826,558) (S 555,558,306) (S 262,300,301) (S 1125,301,827) (S 1124,301,557) (S 554,557,306) (S 556,558,209) (S 177,208,207) (S 691,207,590) (S 612,590,585) (S 604,585,194) (D 0,0,0)
 0 1 23 8956 18625  10 (D 0,0,0) (S 266,151,306) (S 976,300,587) (S 607,586,587) (S 608,587,559) (S 609,559,588) (S 557,559,209) (S 178,209,208) (S 175,206,151) (D 0,0,0)
 0 1 24 8835 16270  26 (D 0,0,0) (S 771,180,268) (S 772,268,675) (S 299,343,265) (S 224,265,264) (S 223,264,263) (S 338,263,86) (S 339,86,375) (S 340,375,370) (S 758,370,669) (S 332,370,369) (S 522,368,527) (S 1141,526,761) (S 1142,761,316) (S 276,316,317) (S 1156,317,835) (S 400,432,433) (S 859,433,324) (S 689,631,324) (S 858,433,708) (S 870,719,718) (S 1078,718,762) (S 1079,762,525) (S 766,524,16) (S 13,16,17) (D 0,0,0)
 0 1 25 8994 17450  23 (D 0,0,0) (S 1152,522,708) (S 1154,719,832) (S 1137,432,443) (S 279,319,320) (S 281,321,322) (S 314,322,358) (S 546,358,554) (S 861,554,139) (S 860,709,139) (S 113,138,139) (S 862,554,573) (S 579,572,573) (S 580,573,359) (S 315,359,358) (S 313,322,357) (S 1135,814,494) (S 1136,494,443) (S 410,443,444) (S 1138,432,832) (S 1139,832,718) (S 971,673,708) (D 0,0,0)
 0 1 26 8833 14985  26 (D 0,0,0) (S 770,674,180) (S 144,180,179) (S 479,177,507) (S 480,507,266) (S 481,266,508) (S 930,508,343) (S 931,343,260) (S 932,260,745) (S 933,745,43) (S 1183,43,822) (S 1105,821,822) (S 1106,822,823) (S 1131,823,831) (S 934,43,657) (S 935,657,746) (S 747,657,656) (S 1098,656,818) (S 746,656,655) (S 745,655,262) (S 846,654,82) (S 160,82,190) (S 547,190,81) (S 63,81,80) (S 614,80,532) (D 0,0,0)
 0 1 27 8749 19158  21 (D 0,0,0) (S 464,495,494) (S 463,494,320) (S 280,320,321) (S 312,321,356) (S 282,322,323) (S 581,359,574) (S 582,574,497) (S 583,497,575) (S 728,575,646) (S 729,646,647) (S 730,647,648) (S 1001,647,611) (S 1000,611,774) (S 999,774,775) (S 998,773,774) (S 1008,774,612) (S 659,612,448) (S 411,445,318) (S 277,318,317) (D 0,0,0)
 0 1 28 8967 18047  21 (D 0,0,0) (S 465,495,350) (S 401,349,434) (S 1081,434,705) (S 843,705,607) (S 419,453,454) (S 420,454,455) (S 421,455,456) (S 707,456,58) (S 706,58,636) (S 961,758,760) (S 960,758,759) (S 959,758,635) (S 407,439,438) (S 593,438,580) (S 594,580,332) (S 595,332,516) (S 596,516,581) (S 1044,581,776) (S 1004,776,735) (D 0,0,0)
 0 1 29 8984 27304  24 (D 0,0,0) (S 12,16,15) (S 11,15,14) (S 1080,14,525) (S 506,525,526) (S 520,535,445) (S 519,445,534) (S 357,394,393) (S 1006,393,498) (S 469,498,428) (S 392,428,392) (S 355,392,391) (S 983,391,385) (S 984,385,376) (S 350,385,386) (S 351,386,387) (S 352,387,388) (S 472,499,500) (S 473,500,89) (S 513,89,397) (S 360,397,396) (S 359,396,395) (S 738,290,137) (D 0,0,0)
 0 1 30 8965 29345  21 (D 0,0,0) (S 123,154,155) (S 125,156,157) (S 665,156,614) (S 667,88,597) (S 631,597,530) (S 1050,530,390) (S 1049,390,652) (S 734,652,388) (S 353,388,389) (S 487,389,500) (S 486,500,396) (S 485,511,396) (S 412,446,447) (S 793,447,646) (S 1007,647,612) (S 657,610,611) (S 658,611,612) (S 278,319,318) (S 1155,317,832) (D 0,0,0)
 0 1 31 9000 29343  14 (D 0,0,0) (S 661,319,534) (S 112,136,137) (S 509,291,241) (S 508,241,528) (S 784,528,678) (S 205,241,242) (S 320,242,363) (S 664,363,156) (S 124,156,155) (S 510,155,291) (S 869,717,427) (S 1019,452,446) (D 0,0,0)
 0 1 32 8993 27777  19 (D 0,0,0) (S 660,534,448) (S 248,290,154) (S 249,154,291) (S 250,291,242) (S 645,363,155) (S 511,155,529) (S 512,529,397) (S 1185,529,614) (S 666,614,88) (S 69,87,88) (S 70,88,89) (S 514,89,530) (S 515,530,531) (S 354,390,389) (S 735,388,499) (S 736,499,395) (S 739,137,427) (D 0,0,0)
 0 1 33 8886 26152  14 (D 0,0,0) (S 1017,426,779) (S 1010,779,778) (S 202,238,237) (S 201,237,236) (S 979,236,424) (S 876,721,722) (S 978,722,424) (S 389,424,425) (S 1013,425,781) (S 390,425,426) (S 391,426,427) (S 418,427,452) (D 0,0,0)
 0 1 34 8991 28370  19 (D 0,0,0) (S 1011,779,239) (S 204,239,240) (S 1012,239,780) (S 203,239,238) (S 1009,238,778) (S 1016,778,781) (S 1014,781,237) (S 1015,237,782) (S 980,236,152) (S 122,152,153) (S 981,152,140) (S 114,140,141) (S 982,140,391) (S 356,392,393) (S 1005,777,393) (S 358,394,395) (S 737,395,290) (D 0,0,0)
 0 1 35 8858 33397  22 (D 0,0,0) (S 471,499,398) (S 470,398,498) (S 393,428,386) (S 394,386,377) (S 395,377,429) (S 1047,429,399) (S 365,399,400) (S 379,401,410) (S 376,410,411) (S 375,410,400) (S 374,409,400) (S 366,400,401) (S 367,401,402) (S 378,401,414) (S 732,651,414) (S 733,414,652) (S 1048,652,399) (S 364,399,378) (S 363,378,387) (S 362,387,398) (D 0,0,0)
 0 1 36 8900 31515  19 (D 0,0,0) (S 948,115,755) (S 1212,755,811) (S 1072,811,810) (S 1077,810,754) (S 946,754,541) (S 534,542,543) (S 1209,843,847) (S 1203,847,106) (S 85,106,105) (S 1190,105,48) (S 988,49,767) (S 987,767,73) (S 986,73,766) (S 985,766,376) (S 341,376,377) (S 342,377,378) (S 361,398,394) (D 0,0,0)
 0 1 37 8714 36203  19 (D 0,0,0) (S 1069,114,185) (S 1150,111,801) (S 1060,801,187) (S 1059,800,187) (S 1149,801,124) (S 1148,124,765) (S 1147,765,834) (S 1146,833,834) (S 1174,834,764) (S 973,763,764) (S 1062,125,803) (S 1175,125,764) (S 974,764,765) (S 975,765,32) (S 25,32,33) (S 27,34,35) (S 96,119,118) (D 0,0,0)
 0 1 38 8809 35126  20 (D 0,0,0) (S 824,120,35) (S 28,35,36) (S 825,35,10) (S 7,9,10) (S 829,11,188) (S 10,12,13) (S 158,12,188) (S 828,699,188) (S 159,188,189) (S 827,189,698) (S 826,189,10) (S 8,10,11) (S 830,11,34) (S 26,34,33) (S 1145,33,121) (S 99,121,122) (S 95,118,115) (S 330,115,174) (D 0,0,0)
 0 1 39 8911 32999  24 (D 0,0,0) (S 93,115,114) (S 92,114,113) (S 1063,797,804) (S 1143,804,799) (S 1144,799,121) (S 98,121,119) (S 97,119,120) (S 831,120,34) (S 9,11,12) (S 157,12,32) (S 156,32,123) (S 155,123,187) (S 154,187,186) (S 1065,186,805) (S 1195,805,113) (S 1193,813,543) (S 1192,543,843) (S 1191,843,105) (S 84,105,104) (S 83,104,103) (S 944,103,753) (S 945,753,541) (D 0,0,0)
 0 1 40 8974 38633  19 (D 0,0,0) (S 152,112,185) (S 151,185,184) (S 536,184,544) (S 1201,846,544) (S 1202,544,847) (S 1207,845,183) (S 148,108,46) (S 147,46,182) (S 146,182,75) (S 145,181,75) (S 60,75,74) (S 1066,806,74) (S 59,74,73) (S 1046,766,429) (S 377,412,413) (S 397,412,430) (S 396,412,429) (D 0,0,0)
 0 1 41 8944 35045  19 (D 0,0,0) (S 1070,185,808) (S 1178,809,545) (S 537,545,184) (S 150,184,183) (S 1206,849,183) (S 149,183,108) (S 87,108,107) (S 1204,106,47) (S 37,47,48) (S 38,48,49) (S 39,49,50) (S 943,49,103) (S 1186,104,841) (S 1211,841,753) (S 531,540,158) (S 138,158,173) (S 570,225,566) (D 0,0,0)
 0 1 42 8916 40263  12 (D 0,0,0) (S 153,186,112) (S 89,111,110) (S 1179,545,109) (S 1180,109,45) (S 1181,45,812) (S 1182,812,76) (S 61,76,77) (S 1075,812,182) (S 1074,182,806) (S 1073,806,767) (D 0,0,0)
 0 1 43 8823 24865  11 (D 0,0,0) (S 516,191,532) (S 267,306,300) (S 977,300,116) (S 218,257,256) (S 229,256,227) (S 194,227,228) (S 326,226,366) (S 325,366,257) (S 219,257,258) (D 0,0,0)
 0 1 44 8979 31955  22 (D 0,0,0) (S 560,561,258) (S 1056,118,799) (S 1057,799,798) (S 1053,798,797) (S 1064,797,805) (S 1196,805,800) (S 1058,800,798) (S 1054,798,122) (S 100,122,123) (S 101,123,124) (S 102,124,125) (S 1176,125,110) (S 1177,110,809) (S 1071,809,808) (S 1151,808,111) (S 90,111,112) (S 91,112,113) (S 1194,113,813) (S 1076,813,810) (S 947,754,755) (D 0,0,0)
 0 1 45 8972 30808  9 (D 0,0,0) (S 328,367,293) (S 140,174,175) (S 141,175,176) (S 1068,175,807) (S 1067,175,348) (S 304,348,292) (S 629,269,367) (D 0,0,0)
 0 1 46 8976 27411  21 (D 0,0,0) (S 253,294,295) (S 254,295,296) (S 258,296,297) (S 259,297,298) (S 624,297,463) (S 184,217,218) (S 256,218,276) (S 236,276,275) (S 235,275,274) (S 454,274,486) (S 455,486,487) (S 563,275,564) (S 577,564,570) (S 620,570,595) (S 788,595,222) (S 789,222,681) (S 585,576,286) (S 586,286,364) (S 1170,577,608) (D 0,0,0)
 0 1 47 8978 30242  30 (D 0,0,0) (S 587,577,364) (S 524,536,248) (S 525,248,537) (S 625,538,297) (S 623,463,217) (S 231,270,216) (S 232,216,271) (S 183,216,217) (S 429,463,462) (S 428,462,213) (S 436,213,470) (S 881,314,724) (S 952,757,127) (S 103,127,126) (S 953,756,127) (S 104,127,128) (S 128,128,160) (S 956,160,748) (S 939,748,315) (S 275,315,246) (S 453,246,274) (S 564,275,486) (S 565,486,211) (S 180,211,212) (S 186,212,219) (S 185,219,218) (S 255,218,296) (S 539,548,547) (D 0,0,0)
 0 1 48 8931 30553  20 (D 0,0,0) (S 212,249,248) (S 211,248,247) (S 189,223,222) (S 200,132,235) (S 199,132,234) (S 197,232,233) (S 542,233,549) (S 540,549,550) (S 541,551,549) (S 198,233,234) (S 716,642,234) (S 109,132,133) (S 787,133,595) (S 822,681,285) (S 823,285,536) (S 523,536,364) (S 588,577,567) (S 590,578,366) (D 0,0,0)
 0 1 49 8992 26229  10 (D 0,0,0) (S 220,258,259) (S 559,258,294) (S 329,293,174) (S 139,174,173) (S 1055,173,596) (S 627,596,565) (S 628,565,367) (S 327,367,226) (D 0,0,0)
 0 1 50 8994 30022  23 (D 0,0,0) (S 569,225,565) (S 626,596,538) (S 530,539,158) (S 126,158,159) (S 274,159,315) (S 209,246,245) (S 208,245,130) (S 576,131,564) (S 621,570,277) (S 238,277,278) (S 246,288,278) (S 247,278,289) (S 622,277,217) (S 237,277,276) (S 257,276,135) (S 618,135,38) (S 991,38,712) (S 990,712,221) (S 187,220,221) (S 188,221,222) (S 322,364,29) (D 0,0,0)
 0 1 51 9000 30300  22 (D 0,0,0) (S 791,287,576) (S 584,576,382) (S 346,382,381) (S 989,381,221) (S 864,712,713) (S 992,38,134) (S 110,134,133) (S 786,133,680) (S 1189,680,842) (S 1188,842,615) (S 632,597,598) (S 668,597,615) (S 1197,615,844) (S 1198,842,844) (S 1199,844,135) (S 29,37,38) (S 619,38,595) (S 821,681,381) (S 820,697,381) (S 347,382,383) (D 0,0,0)
 0 1 52 8970 40852  17 (D 0,0,0) (S 790,576,681) (S 1159,802,252) (S 233,272,230) (S 195,230,229) (S 543,552,299) (S 260,299,229) (S 261,229,254) (S 217,254,255) (S 234,230,273) (S 196,230,231) (S 214,251,231) (S 215,231,252) (S 216,252,253) (S 1160,252,679) (S 785,679,680) (D 0,0,0)
 0 1 53 8998 33255  29 (D 0,0,0) (S 108,132,131) (S 207,130,244) (S 385,243,161) (S 387,420,421) (S 884,421,725) (S 949,725,756) (S 954,756,420) (S 386,420,161) (S 130,161,162) (S 131,162,163) (S 1061,795,802) (S 1158,802,726) (S 1157,836,726) (S 885,726,421) (S 942,751,752) (S 941,750,751) (S 950,751,725) (S 883,725,126) (S 882,126,724) (S 958,724,757) (S 957,757,160) (S 127,160,159) (S 273,159,314) (S 880,314,470) (S 879,470,540) (S 529,539,295) (S 528,295,538) (D 0,0,0)
 0 1 54 8940 31870  26 (D 0,0,0) (S 527,224,538) (S 568,539,462) (S 567,462,219) (S 566,219,211) (S 179,210,211) (S 181,212,213) (S 210,213,246) (S 955,245,748) (S 938,748,129) (S 937,129,244) (S 206,244,243) (S 1104,243,796) (S 1103,820,796) (S 1052,796,795) (S 1051,795,162) (S 129,161,128) (S 105,128,129) (S 106,129,130) (S 107,130,131) (S 575,569,131) (S 111,134,135) (S 243,284,285) (S 244,285,286) (S 245,286,287) (D 0,0,0)
 0 1 55 8994 36772  16 (D 0,0,0) (S 526,537,224) (S 535,543,544) (S 88,108,109) (S 34,44,45) (S 35,45,46) (S 36,46,47) (S 1205,47,848) (S 86,106,107) (S 1200,107,845) (S 1208,845,847) (S 1210,843,841) (S 1187,841,542) (S 533,542,541) (S 532,541,540) (D 0,0,0)
 0 1 56 8941 27803  9 (D 0,0,0) (S 656,561,365) (S 193,226,227) (S 230,227,269) (S 630,269,292) (S 251,292,293) (S 252,293,294) (S 558,560,294) (D 0,0,0)
 0 1 57 8817 25802  22 (D 0,0,0) (S 94,116,117) (S 323,117,365) (S 324,365,257) (S 192,226,225) (S 191,225,224) (S 190,224,223) (S 717,643,223) (S 718,223,247) (S 719,247,537) (S 720,537,548) (S 721,548,566) (S 722,566,644) (S 571,566,547) (S 538,546,547) (S 572,547,249) (S 213,249,250) (S 573,249,567) (S 574,567,568) (S 589,567,578) (S 1184,578,609) (D 0,0,0)
 0 1 58 8653 22252  16 (D 0,0,0) (S 553,557,215) (S 182,215,214) (S 654,609,608) (S 653,608,29) (S 23,29,30) (S 349,30,384) (S 24,30,31) (S 348,30,383) (S 544,553,383) (S 545,383,287) (S 652,287,29) (S 655,609,561) (S 561,561,214) (S 1123,557,205) (D 0,0,0)
 0 1 59 8972 26923  18 (D 0,0,0) (S 765,672,16) (S 82,101,102) (S 725,501,24) (S 20,24,25) (S 19,24,23) (S 887,23,729) (S 18,23,22) (S 672,22,483) (S 460,491,492) (S 461,492,490) (S 459,484,21) (S 17,21,22) (S 671,22,502) (S 670,502,600) (S 636,600,362) (S 319,362,98) (D 0,0,0)
 0 1 60 8854 25003  18 (D 0,0,0) (S 917,360,691) (S 916,690,97) (S 77,97,96) (S 646,96,606) (S 963,606,741) (S 171,202,201) (S 848,201,146) (S 119,147,148) (S 120,148,149) (S 118,147,146) (S 915,145,742) (S 914,145,202) (S 172,202,203) (S 962,689,606) (S 78,97,98) (S 317,361,360) (D 0,0,0)
 0 1 61 8931 31643  18 (D 0,0,0) (S 810,691,690) (S 809,690,599) (S 462,493,490) (S 457,490,489) (S 466,489,496) (S 800,687,496) (S 801,496,493) (S 802,493,688) (S 1120,688,667) (S 756,667,442) (S 757,442,668) (S 409,442,441) (S 1171,840,441) (S 408,441,440) (S 617,594,440) (S 1118,440,825) (D 0,0,0)
 0 1 62 8935 32641  21 (D 0,0,0) (S 1119,667,825) (S 1117,440,665) (S 755,665,666) (S 1115,662,693) (S 815,693,694) (S 814,693,466) (S 813,692,466) (S 796,467,684) (S 795,467,683) (S 794,682,683) (S 1113,683,641) (S 715,641,468) (S 434,468,469) (S 433,468,467) (S 432,467,466) (S 431,466,465) (S 430,465,464) (S 1173,464,825) (S 803,688,485) (D 0,0,0)
 0 1 63 8989 38730  15 (D 0,0,0) (S 804,20,485) (S 754,465,665) (S 752,661,662) (S 1114,693,683) (S 1111,556,303) (S 1110,303,308) (S 269,308,309) (S 1109,824,308) (S 268,307,308) (S 263,302,303) (S 550,556,469) (S 551,469,473) (S 296,340,18) (D 0,0,0)
 0 1 64 8976 38005  16 (D 0,0,0) (S 14,19,18) (S 295,339,340) (S 552,340,473) (S 1169,474,839) (S 439,474,475) (S 438,474,473) (S 435,469,304) (S 265,304,305) (S 264,304,303) (S 1112,556,641) (S 714,640,641) (S 1116,662,665) (S 1172,441,825) (S 811,691,471) (D 0,0,0)
 0 1 65 8925 25257  16 (D 0,0,0) (S 911,591,95) (S 75,95,94) (S 170,201,200) (S 169,200,199) (S 441,79,476) (S 440,476,142) (S 115,142,143) (S 797,143,476) (S 798,476,685) (S 62,78,79) (S 442,79,199) (S 444,477,92) (S 73,92,93) (S 74,93,94) (D 0,0,0)
 0 1 66 8913 30113  25 (D 0,0,0) (S 919,281,743) (S 240,281,280) (S 878,280,723) (S 239,279,280) (S 877,280,198) (S 167,197,198) (S 168,198,199) (S 443,199,477) (S 918,477,281) (S 241,281,282) (S 242,282,283) (S 875,282,720) (S 874,282,91) (S 71,90,91) (S 72,91,92) (S 445,92,478) (S 996,478,771) (S 446,478,479) (S 997,479,772) (S 447,479,480) (S 995,480,770) (S 448,480,59) (S 388,422,423) (D 0,0,0)
 0 1 67 8949 23901  18 (D 0,0,0) (S 908,704,53) (S 909,53,454) (S 910,454,591) (S 615,591,592) (S 616,592,593) (S 851,592,94) (S 850,94,707) (S 849,707,201) (S 847,706,146) (S 117,146,145) (S 116,145,144) (S 293,336,144) (S 913,202,741) (S 852,592,455) (S 853,455,54) (S 854,54,703) (D 0,0,0)
 0 1 68 8992 21222  18 (D 0,0,0) (S 1153,708,719) (S 662,443,319) (S 413,448,447) (S 1020,446,601) (S 294,337,338) (S 1021,337,601) (S 637,601,574) (S 638,574,460) (S 427,460,461) (S 468,461,497) (S 467,461,100) (S 81,100,101) (S 80,100,99) (S 79,99,98) (S 318,98,361) (S 316,360,359) (D 0,0,0)
 0 1 69 8999 25476  17 (D 0,0,0) (S 727,575,101) (S 726,101,501) (S 474,501,502) (S 475,502,503) (S 805,503,20) (S 993,768,19) (S 994,19,769) (S 15,19,20) (S 806,503,203) (S 807,203,689) (S 808,689,599) (S 635,599,362) (S 640,600,99) (S 639,99,460) (S 426,460,361) (D 0,0,0)
 0 1 70 8944 32897  15 (D 0,0,0) (S 16,20,21) (S 451,484,483) (S 673,483,492) (S 674,492,617) (S 888,617,730) (S 675,617,618) (S 676,618,619) (S 966,618,488) (S 863,710,711) (S 967,710,488) (S 456,488,489) (S 458,490,484) (S 452,484,485) (D 0,0,0)
