1758563
70
1817812
1812142
 0 1 1 8447 11531  23 (D 0,0,0) (S 1,0,1) (S 816,0,677) (S 792,677,521) (S 1028,520,64) (S 50,64,63) (S 741,63,8) (S 6,8,7) (S 773,7,675) (S 928,675,671) (S 762,671,267) (S 763,267,179) (S 143,179,178) (S 142,178,177) (S 479,177,507) (S 873,507,344) (S 872,344,380) (S 344,380,379) (S 783,346,506) (S 782,506,431) (S 398,431,178) (S 764,179,672) (D 0,0,0)
 0 1 2 8969 14723  30 (D 0,0,0) (S 144,180,179) (S 225,266,265) (S 345,264,380) (S 871,380,86) (S 339,86,375) (S 490,375,513) (S 491,513,379) (S 492,379,345) (S 302,345,346) (S 303,346,347) (S 1140,347,526) (S 1141,526,761) (S 1142,761,316) (S 276,316,317) (S 278,318,319) (S 279,319,320) (S 280,320,321) (S 312,321,356) (S 281,321,322) (S 282,322,323) (S 313,322,357) (S 1134,357,814) (S 1082,814,788) (S 1032,788,789) (S 1031,788,495) (S 1030,495,325) (S 1029,325,520) (S 501,520,521) (D 0,0,0)
 0 1 3 9000 18267  22 (D 0,0,0) (S 690,521,324) (S 689,631,324) (S 283,324,325) (S 381,327,416) (S 595,516,332) (S 594,332,580) (S 593,580,438) (S 407,438,439) (S 704,439,635) (S 960,758,759) (S 961,758,760) (S 959,758,635) (S 705,635,636) (S 422,456,457) (S 421,456,455) (S 853,455,54) (S 854,54,703) (S 855,703,436) (S 856,436,329) (S 286,328,327) (D 0,0,0)
 0 1 4 8744 16729  27 (D 0,0,0) (S 499,351,416) (S 857,518,329) (S 927,330,437) (S 1024,437,784) (S 731,649,650) (S 1022,649,784) (S 1025,784,786) (S 1023,784,785) (S 1040,785,793) (S 1039,792,793) (S 1041,793,660) (S 751,659,660) (S 1042,660,790) (S 1036,790,701) (S 1037,701,56) (S 1038,56,791) (S 44,56,55) (S 43,55,54) (S 42,54,53) (S 41,53,52) (S 651,52,607) (S 843,607,705) (S 1081,705,434) (S 402,434,415) (S 380,415,327) (D 0,0,0)
 0 1 5 8633 18105  18 (D 0,0,0) (S 403,415,435) (S 842,704,607) (S 40,52,51) (S 1101,51,794) (S 1102,794,819) (S 1043,794,55) (S 45,56,57) (S 592,579,438) (S 406,438,437) (S 405,437,436) (S 404,436,435) (S 906,435,328) (S 285,327,326) (S 284,326,325) (S 859,324,433) (S 858,433,708) (D 0,0,0)
 0 1 6 8580 33488  21 (D 0,0,0) (S 358,395,394) (S 1047,429,399) (S 1048,399,652) (S 734,652,388) (S 353,388,389) (S 354,389,390) (S 515,530,531) (S 514,530,89) (S 513,89,397) (S 512,397,529) (S 1185,529,614) (S 667,88,597) (S 632,597,598) (S 1198,842,844) (S 668,615,597) (S 631,597,530) (S 1050,530,390) (S 1049,390,652) (S 735,388,499) (D 0,0,0)
 0 1 7 8881 14163  32 (D 0,0,0) (S 779,653,674) (S 781,672,431) (S 399,431,15) (S 477,14,506) (S 478,506,177) (S 480,507,266) (S 481,266,508) (S 930,508,343) (S 299,343,265) (S 300,265,344) (S 301,344,345) (S 343,379,368) (S 331,368,369) (S 606,369,513) (S 489,375,512) (S 1092,817,715) (S 1093,715,512) (S 1094,512,85) (S 1095,85,745) (S 932,745,260) (S 931,260,343) (S 482,508,5) (S 5,6,7) (S 740,8,555) (S 549,555,509) (S 484,509,510) (S 483,509,5) (S 4,5,6) (S 761,6,671) (S 772,675,268) (D 0,0,0)
 0 1 8 8931 17555  32 (D 0,0,0) (S 228,63,268) (S 227,268,267) (S 226,267,266) (S 224,265,264) (S 223,264,263) (S 338,263,86) (S 68,86,85) (S 67,85,42) (S 488,41,512) (S 340,375,370) (S 333,370,371) (S 866,371,715) (S 867,715,372) (S 750,373,658) (S 337,373,374) (S 336,373,40) (S 669,616,39) (S 1085,39,815) (S 30,39,40) (S 335,40,372) (S 334,372,371) (S 758,370,669) (S 332,370,369) (S 522,368,527) (S 521,535,527) (S 507,527,526) (S 506,526,525) (S 505,525,524) (S 504,524,523) (S 769,17,674) (D 0,0,0)
 0 1 9 8693 13603  20 (D 0,0,0) (S 742,653,63) (S 1168,63,787) (S 1167,787,816) (S 1166,816,738) (S 899,738,66) (S 900,66,171) (S 137,171,172) (S 901,171,450) (S 902,450,739) (S 903,739,740) (S 1002,740,417) (S 308,351,326) (S 307,326,350) (S 465,350,495) (S 464,495,494) (S 463,494,320) (S 662,319,443) (S 400,432,433) (D 0,0,0)
 0 1 10 8883 31584  17 (D 0,0,0) (S 737,290,395) (S 736,395,499) (S 471,499,398) (S 363,387,378) (S 364,378,399) (S 365,399,400) (S 366,400,401) (S 367,401,402) (S 374,409,400) (S 375,400,410) (S 376,410,411) (S 379,410,401) (S 378,401,414) (S 732,651,414) (S 733,414,652) (D 0,0,0)
 0 1 11 8999 25014  15 (D 0,0,0) (S 317,360,361) (S 78,98,97) (S 962,606,689) (S 806,203,503) (S 16,20,21) (S 17,21,22) (S 18,22,23) (S 887,23,729) (S 19,23,24) (S 20,24,25) (S 725,24,501) (S 413,447,448) (S 1154,832,719) (D 0,0,0)
 0 1 12 8809 29204  18 (D 0,0,0) (S 778,677,653) (S 1136,443,494) (S 1135,494,814) (S 917,360,691) (S 451,484,483) (S 461,492,490) (S 457,490,489) (S 966,488,618) (S 676,618,619) (S 675,618,617) (S 888,617,730) (S 674,617,492) (S 460,491,492) (S 673,492,483) (S 672,483,22) (S 671,22,502) (D 0,0,0)
 0 1 13 8850 18822  20 (D 0,0,0) (S 502,522,521) (S 314,322,358) (S 315,358,359) (S 581,359,574) (S 637,574,601) (S 294,337,338) (S 1021,337,601) (S 1020,601,446) (S 412,446,447) (S 793,447,646) (S 729,646,647) (S 730,647,648) (S 1001,647,611) (S 658,611,612) (S 660,448,534) (S 519,534,445) (S 970,762,673) (S 1152,708,522) (D 0,0,0)
 0 1 14 8453 15238  23 (D 0,0,0) (S 500,520,351) (S 1003,740,735) (S 1004,735,776) (S 1044,776,581) (S 596,581,516) (S 642,517,602) (S 641,602,603) (S 724,603,604) (S 723,645,604) (S 686,605,628) (S 644,605,604) (S 643,604,602) (S 496,517,518) (S 892,518,735) (S 893,735,736) (S 924,736,739) (S 925,739,418) (S 384,418,419) (S 1087,451,65) (S 51,65,64) (S 1027,64,787) (D 0,0,0)
 0 1 15 8584 18140  22 (D 0,0,0) (S 309,351,352) (S 1086,352,451) (S 417,451,419) (S 416,419,450) (S 415,450,449) (S 894,449,736) (S 923,736,313) (S 921,582,633) (S 920,744,633) (S 699,633,627) (S 687,627,629) (S 688,629,630) (S 951,629,634) (S 701,634,515) (S 700,634,627) (S 685,627,626) (S 1045,626,581) (S 597,581,582) (S 922,582,313) (S 383,418,417) (D 0,0,0)
 0 1 16 8620 19755  18 (D 0,0,0) (S 497,519,518) (S 494,516,515) (S 702,515,422) (S 388,422,423) (S 703,422,439) (S 837,636,579) (S 591,579,57) (S 46,57,58) (S 47,58,59) (S 48,59,60) (S 449,59,481) (S 450,481,482) (S 833,333,514) (S 493,514,515) (S 495,516,517) (S 498,519,416) (D 0,0,0)
 0 1 17 8975 19967  20 (D 0,0,0) (S 414,449,312) (S 271,312,310) (S 270,310,311) (S 272,310,313) (S 698,633,405) (S 371,405,406) (S 372,406,407) (S 373,407,408) (S 1126,828,407) (S 1127,407,71) (S 58,71,72) (S 57,71,70) (S 1033,70,406) (S 56,70,69) (S 55,69,68) (S 54,68,67) (S 897,67,737) (S 898,737,738) (D 0,0,0)
 0 1 18 8693 22048  19 (D 0,0,0) (S 1035,331,580) (S 706,636,58) (S 707,58,456) (S 708,456,562) (S 562,562,563) (S 709,562,93) (S 73,93,92) (S 445,92,478) (S 997,479,772) (S 995,480,770) (S 448,480,59) (S 835,481,700) (S 836,700,636) (S 838,579,701) (S 839,701,702) (S 840,702,703) (S 841,703,704) (D 0,0,0)
 0 1 19 8897 22841  18 (D 0,0,0) (S 908,704,53) (S 615,591,592) (S 616,592,593) (S 850,94,707) (S 965,707,638) (S 711,638,637) (S 710,637,93) (S 74,93,94) (S 75,94,95) (S 911,95,591) (S 910,591,454) (S 419,454,453) (S 650,453,52) (S 135,168,169) (S 305,169,349) (S 401,349,434) (D 0,0,0)
 0 1 20 8892 19070  21 (D 0,0,0) (S 777,676,677) (S 306,350,349) (S 634,169,62) (S 49,61,62) (S 633,62,167) (S 844,167,705) (S 649,453,571) (S 648,571,472) (S 647,472,96) (S 646,96,606) (S 963,606,741) (S 912,741,95) (S 76,95,96) (S 77,96,97) (S 916,97,690) (S 810,690,691) (S 811,691,471) (S 812,471,334) (S 292,334,335) (D 0,0,0)
 0 1 21 8976 24335  19 (D 0,0,0) (S 546,358,554) (S 861,554,139) (S 860,709,139) (S 113,138,139) (S 862,554,573) (S 580,573,359) (S 468,497,461) (S 467,461,100) (S 81,100,101) (S 82,101,102) (S 583,575,497) (S 582,497,574) (S 638,574,460) (S 639,460,99) (S 80,99,100) (S 427,461,460) (S 426,460,361) (D 0,0,0)
 0 1 22 8956 21162  19 (D 0,0,0) (S 316,359,360) (S 318,361,98) (S 79,98,99) (S 640,99,600) (S 670,600,502) (S 474,502,501) (S 726,501,101) (S 727,101,575) (S 728,575,646) (S 1007,647,612) (S 657,610,611) (S 1000,611,774) (S 998,773,774) (S 999,774,775) (S 1008,774,612) (S 659,612,448) (S 410,443,444) (D 0,0,0)
 0 1 23 8940 17655  15 (D 0,0,0) (S 134,167,166) (S 133,166,165) (S 132,164,165) (S 832,165,700) (S 834,481,333) (S 291,333,332) (S 290,332,331) (S 289,331,330) (S 288,330,329) (S 287,329,328) (S 905,328,519) (S 904,519,740) (S 382,417,416) (D 0,0,0)
 0 1 24 8993 26376  22 (D 0,0,0) (S 1034,702,166) (S 447,480,479) (S 446,479,478) (S 996,478,771) (S 444,92,477) (S 918,477,281) (S 919,281,743) (S 240,281,280) (S 239,279,280) (S 878,280,723) (S 877,280,198) (S 167,197,198) (S 168,198,199) (S 169,199,200) (S 1161,837,639) (S 713,639,200) (S 170,200,201) (S 849,201,707) (S 851,94,592) (S 907,704,435) (D 0,0,0)
 0 1 25 8890 27629  22 (D 0,0,0) (S 964,707,741) (S 913,741,202) (S 171,202,201) (S 848,201,146) (S 847,706,146) (S 120,148,149) (S 119,148,147) (S 118,147,146) (S 117,146,145) (S 116,145,144) (S 293,336,144) (S 915,145,742) (S 914,145,202) (S 172,202,203) (S 807,203,689) (S 809,599,690) (S 437,471,472) (S 578,571,572) (S 865,572,714) (S 579,572,573) (D 0,0,0)
 0 1 26 8900 32232  14 (D 0,0,0) (S 808,599,689) (S 804,20,485) (S 801,493,496) (S 800,687,496) (S 466,496,489) (S 456,489,488) (S 967,488,710) (S 863,710,711) (S 458,490,484) (S 459,484,21) (S 635,599,362) (S 319,362,98) (D 0,0,0)
 0 1 27 8996 38670  17 (D 0,0,0) (S 805,503,20) (S 1119,667,825) (S 1172,825,441) (S 408,441,440) (S 752,661,662) (S 1115,662,693) (S 1114,693,683) (S 1112,641,556) (S 1110,303,308) (S 268,307,308) (S 269,308,309) (S 1109,824,308) (S 263,302,303) (S 551,469,473) (S 994,19,769) (D 0,0,0)
 0 1 28 8947 32507  21 (D 0,0,0) (S 1120,688,667) (S 756,667,442) (S 757,442,668) (S 409,442,441) (S 1171,840,441) (S 1116,665,662) (S 815,693,694) (S 814,693,466) (S 813,692,466) (S 431,466,465) (S 754,465,665) (S 755,665,666) (S 1117,665,440) (S 617,594,440) (S 1118,440,825) (S 802,688,493) (S 462,493,490) (S 452,484,485) (S 1133,335,357) (D 0,0,0)
 0 1 29 8960 33249  13 (D 0,0,0) (S 636,362,600) (S 475,502,503) (S 15,20,19) (S 14,19,18) (S 295,339,340) (S 439,474,475) (S 1169,474,839) (S 438,474,473) (S 552,473,340) (S 296,340,18) (S 993,768,19) (D 0,0,0)
 0 1 30 8864 33420  19 (D 0,0,0) (S 803,485,688) (S 1173,825,464) (S 432,466,467) (S 796,467,684) (S 795,467,683) (S 794,682,683) (S 1113,683,641) (S 714,640,641) (S 715,641,468) (S 434,468,469) (S 435,469,304) (S 265,304,305) (S 264,304,303) (S 1111,303,556) (S 550,556,469) (S 433,468,467) (S 430,465,464) (D 0,0,0)
 0 1 31 8971 29124  21 (D 0,0,0) (S 72,92,91) (S 71,90,91) (S 874,91,282) (S 875,282,720) (S 242,282,283) (S 241,282,281) (S 443,477,199) (S 798,476,685) (S 797,476,143) (S 115,143,142) (S 440,142,476) (S 441,476,79) (S 62,78,79) (S 442,79,199) (S 712,200,638) (S 940,637,749) (S 852,592,455) (S 420,455,454) (S 909,454,53) (D 0,0,0)
 0 1 32 8994 31044  16 (D 0,0,0) (S 1138,832,432) (S 869,717,427) (S 248,290,154) (S 250,291,242) (S 664,363,156) (S 125,156,157) (S 645,155,363) (S 320,363,242) (S 205,242,241) (S 508,241,528) (S 784,528,678) (S 509,241,291) (S 249,291,154) (S 112,136,137) (D 0,0,0)
 0 1 33 9000 28351  19 (D 0,0,0) (S 510,291,155) (S 511,155,529) (S 360,397,396) (S 485,511,396) (S 359,396,395) (S 1005,777,393) (S 1006,393,498) (S 470,498,398) (S 472,499,500) (S 473,500,89) (S 70,89,88) (S 69,87,88) (S 666,88,614) (S 665,614,156) (S 124,156,155) (S 123,155,154) (S 738,290,137) (D 0,0,0)
 0 1 34 7874 11090  26 (D 0,0,0) (S 743,653,522) (S 503,522,523) (S 768,523,17) (S 13,17,16) (S 766,16,524) (S 767,524,673) (S 971,673,708) (S 1153,708,719) (S 870,719,718) (S 969,762,761) (S 968,761,535) (S 520,535,445) (S 411,445,318) (S 277,318,317) (S 1156,317,835) (S 1155,317,832) (S 1139,832,718) (S 1078,718,762) (S 1079,762,525) (S 1080,525,14) (S 11,14,15) (S 12,15,16) (S 765,16,672) (S 780,672,674) (D 0,0,0)
 0 1 35 8987 40173  12 (D 0,0,0) (S 469,498,428) (S 59,73,74) (S 1075,182,812) (S 1182,812,76) (S 61,76,77) (S 1181,812,45) (S 88,109,108) (S 85,106,105) (S 84,105,104) (S 944,103,753) (D 0,0,0)
 0 1 36 9000 31989  18 (D 0,0,0) (S 361,394,398) (S 362,398,387) (S 342,378,377) (S 341,377,376) (S 985,376,766) (S 1046,766,429) (S 397,412,430) (S 377,412,413) (S 396,412,429) (S 395,429,377) (S 394,377,386) (S 350,386,385) (S 983,385,391) (S 982,391,140) (S 114,140,141) (S 981,140,152) (D 0,0,0)
 0 1 37 8883 34265  19 (D 0,0,0) (S 357,394,393) (S 356,393,392) (S 393,428,386) (S 984,385,376) (S 986,766,73) (S 987,73,767) (S 1073,767,806) (S 1066,806,74) (S 60,74,75) (S 145,181,75) (S 146,75,182) (S 147,182,46) (S 1205,47,848) (S 1204,47,106) (S 1203,106,847) (S 1202,847,544) (S 138,158,173) (D 0,0,0)
 0 1 38 8944 27962  18 (D 0,0,0) (S 1011,779,239) (S 204,239,240) (S 1012,239,780) (S 203,239,238) (S 1009,238,778) (S 1016,778,781) (S 1013,425,781) (S 1014,781,237) (S 1015,237,782) (S 979,236,424) (S 876,721,722) (S 978,722,424) (S 389,424,425) (S 390,425,426) (S 391,426,427) (S 1019,452,446) (D 0,0,0)
 0 1 39 8976 27779  18 (D 0,0,0) (S 1137,432,443) (S 661,319,534) (S 418,452,427) (S 1017,426,779) (S 1010,779,778) (S 202,238,237) (S 201,237,236) (S 980,236,152) (S 122,152,153) (S 355,391,392) (S 392,392,428) (S 351,386,387) (S 352,387,388) (S 487,389,500) (S 486,500,396) (S 739,137,427) (D 0,0,0)
 0 1 40 8272 16544  13 (D 0,0,0) (S 817,0,2) (S 2,2,3) (S 1099,3,732) (S 889,732,731) (S 926,731,28) (S 22,28,27) (S 21,27,26) (S 1018,26,783) (S 753,663,664) (S 799,663,686) (S 972,686,27) (D 0,0,0)
 0 1 41 8970 12834  18 (D 0,0,0) (S 3,3,4) (S 1091,4,734) (S 891,734,621) (S 679,459,353) (S 603,584,194) (S 164,194,193) (S 321,193,354) (S 424,355,459) (S 678,459,621) (S 677,620,621) (S 1084,4,191) (S 516,191,532) (S 614,532,80) (S 63,80,81) (S 1107,81,695) (S 818,695,2) (D 0,0,0)
 0 1 42 8573 15007  11 (D 0,0,0) (S 1108,695,205) (S 173,204,205) (S 1123,205,557) (S 1124,557,301) (S 1125,301,827) (S 262,301,300) (S 267,300,306) (S 266,306,151) (S 174,151,205) (D 0,0,0)
 0 1 43 8189 15169  15 (D 0,0,0) (S 518,150,533) (S 121,150,151) (S 175,151,206) (S 177,207,208) (S 178,208,209) (S 1132,558,826) (S 1122,826,208) (S 1121,208,588) (S 610,588,589) (S 776,589,196) (S 166,196,195) (S 165,195,194) (S 163,193,192) (D 0,0,0)
 0 1 44 8790 12764  15 (D 0,0,0) (S 162,191,192) (S 425,192,355) (S 311,355,354) (S 310,354,353) (S 602,584,504) (S 476,504,505) (S 694,505,622) (S 693,622,195) (S 692,195,590) (S 691,590,207) (S 176,207,206) (S 605,206,585) (S 613,585,532) (D 0,0,0)
 0 1 45 8865 17493  17 (D 0,0,0) (S 604,194,585) (S 612,585,590) (S 611,590,589) (S 557,559,209) (S 556,209,558) (S 555,558,306) (S 977,300,116) (S 94,116,117) (S 323,117,365) (S 656,365,561) (S 561,561,214) (S 182,214,215) (S 553,215,557) (S 554,557,306) (S 517,150,532) (D 0,0,0)
 0 1 46 7000 12487  19 (D 0,0,0) (S 1100,3,191) (S 161,191,190) (S 547,190,81) (S 64,81,82) (S 846,82,654) (S 744,654,262) (S 868,716,655) (S 1098,656,818) (S 1097,656,670) (S 759,670,261) (S 221,260,261) (S 760,261,342) (S 297,341,342) (S 298,342,343) (S 929,508,671) (S 771,268,180) (S 770,180,674) (D 0,0,0)
 0 1 47 8993 18078  24 (D 0,0,0) (S 160,190,82) (S 222,262,261) (S 1096,670,745) (S 933,745,43) (S 1105,821,822) (S 1106,822,823) (S 1131,823,831) (S 1183,822,43) (S 934,43,657) (S 935,657,746) (S 65,83,84) (S 749,84,373) (S 31,40,41) (S 32,41,42) (S 33,42,43) (S 66,42,84) (S 748,84,657) (S 747,657,656) (S 746,656,655) (S 745,655,262) (S 845,654,509) (S 548,555,190) (D 0,0,0)
 0 1 48 8950 20313  14 (D 0,0,0) (S 890,733,621) (S 423,458,459) (S 680,353,584) (S 601,504,583) (S 1164,583,632) (S 695,632,505) (S 774,505,623) (S 775,623,196) (S 609,588,559) (S 608,559,587) (S 607,586,587) (S 976,587,300) (D 0,0,0)
 0 1 49 8416 19601  15 (D 0,0,0) (S 598,582,404) (S 370,404,405) (S 697,405,69) (S 696,69,632) (S 1163,632,829) (S 1128,71,829) (S 1162,838,829) (S 1129,829,624) (S 684,624,625) (S 1130,624,830) (S 683,624,623) (S 682,623,622) (S 681,622,584) (D 0,0,0)
 0 1 50 8961 16190  20 (D 0,0,0) (S 936,747,727) (S 886,727,728) (S 1083,728,4) (S 1090,734,733) (S 1089,733,816) (S 1088,816,65) (S 52,65,66) (S 53,66,67) (S 896,67,170) (S 895,449,170) (S 136,170,171) (S 368,170,403) (S 663,403,613) (S 369,403,404) (S 599,404,68) (S 600,68,583) (S 1165,583,737) (S 1026,787,3) (D 0,0,0)
 0 1 51 8487 24117  18 (D 0,0,0) (S 655,561,609) (S 654,609,608) (S 653,608,29) (S 652,29,287) (S 544,553,383) (S 348,383,30) (S 349,30,384) (S 24,30,31) (S 23,30,29) (S 322,29,364) (S 587,364,577) (S 588,577,567) (S 574,567,568) (S 589,567,578) (S 590,578,366) (S 325,366,257) (D 0,0,0)
 0 1 52 8937 23795  8 (D 0,0,0) (S 324,365,257) (S 193,226,227) (S 230,227,269) (S 630,269,292) (S 251,292,293) (S 559,294,258) (D 0,0,0)
 0 1 53 8927 29427  26 (D 0,0,0) (S 253,294,295) (S 568,539,462) (S 186,219,212) (S 181,212,213) (S 436,213,470) (S 880,470,314) (S 882,724,126) (S 958,757,724) (S 881,724,314) (S 273,314,159) (S 274,159,315) (S 275,315,246) (S 955,245,748) (S 938,748,129) (S 105,129,128) (S 128,128,160) (S 956,160,748) (S 939,748,315) (S 453,246,274) (S 567,219,462) (S 429,462,463) (S 625,297,538) (S 526,224,537) (S 720,537,548) (D 0,0,0)
 0 1 54 8970 40852  17 (D 0,0,0) (S 790,576,681) (S 785,680,679) (S 1160,679,252) (S 215,252,231) (S 196,231,230) (S 233,272,230) (S 234,230,273) (S 195,230,229) (S 260,229,299) (S 543,552,299) (S 261,229,254) (S 217,254,255) (S 214,251,231) (S 216,252,253) (S 1159,802,252) (D 0,0,0)
 0 1 55 8793 34082  25 (D 0,0,0) (S 1103,820,796) (S 1052,796,795) (S 1061,795,802) (S 1158,802,726) (S 1157,836,726) (S 885,726,421) (S 386,420,161) (S 129,161,128) (S 104,128,127) (S 953,127,756) (S 954,756,420) (S 387,420,421) (S 884,421,725) (S 950,725,751) (S 942,751,752) (S 941,750,751) (S 949,756,725) (S 883,725,126) (S 103,126,127) (S 952,127,757) (S 957,757,160) (S 127,160,159) (S 126,159,158) (D 0,0,0)
 0 1 56 8796 28016  14 (D 0,0,0) (S 572,249,547) (S 538,546,547) (S 539,547,548) (S 721,548,566) (S 570,566,225) (S 192,225,226) (S 194,227,228) (S 229,227,256) (S 218,256,257) (S 219,257,258) (S 560,258,561) (S 819,695,696) (D 0,0,0)
 0 1 57 8941 26481  21 (D 0,0,0) (S 1170,608,577) (S 586,364,286) (S 585,286,576) (S 584,576,382) (S 346,382,381) (S 820,697,381) (S 989,381,221) (S 187,220,221) (S 990,221,712) (S 991,712,38) (S 992,38,134) (S 111,134,135) (S 1199,135,844) (S 1197,844,615) (S 1188,615,842) (S 1189,842,680) (S 786,680,133) (S 787,133,595) (S 791,576,287) (D 0,0,0)
 0 1 58 9000 26899  23 (D 0,0,0) (S 523,364,536) (S 823,536,285) (S 243,284,285) (S 822,285,681) (S 788,222,595) (S 619,595,38) (S 618,38,135) (S 257,135,276) (S 455,486,487) (S 564,486,275) (S 236,275,276) (S 237,276,277) (S 621,277,570) (S 620,570,595) (S 189,222,223) (S 717,643,223) (S 718,223,247) (S 719,247,537) (S 525,537,248) (S 524,248,536) (S 1184,578,609) (D 0,0,0)
 0 1 59 8864 34139  24 (D 0,0,0) (S 577,570,564) (S 575,569,131) (S 199,132,234) (S 542,233,549) (S 540,549,550) (S 541,551,549) (S 197,232,233) (S 198,233,234) (S 576,131,564) (S 563,564,275) (S 235,275,274) (S 454,274,486) (S 565,486,211) (S 180,211,212) (S 179,210,211) (S 566,211,219) (S 185,219,218) (S 255,218,296) (S 527,538,224) (S 191,224,225) (S 722,566,644) (S 213,249,250) (D 0,0,0)
 0 1 60 8977 33616  22 (D 0,0,0) (S 528,538,295) (S 529,295,539) (S 530,539,158) (S 531,158,540) (S 1187,542,841) (S 1186,841,104) (S 83,104,103) (S 943,103,49) (S 988,49,767) (S 1074,806,182) (S 36,46,47) (S 37,47,48) (S 39,49,50) (S 38,49,48) (S 1190,48,105) (S 532,541,540) (S 879,540,470) (S 626,538,596) (S 569,565,225) (S 571,566,547) (D 0,0,0)
 0 1 61 8987 30237  10 (D 0,0,0) (S 326,366,226) (S 327,226,367) (S 628,367,565) (S 627,565,596) (S 1055,596,173) (S 139,173,174) (S 558,560,294) (S 220,258,259) (D 0,0,0)
 0 1 62 8980 30621  9 (D 0,0,0) (S 252,294,293) (S 140,174,175) (S 141,175,176) (S 1068,175,807) (S 1067,175,348) (S 304,348,292) (S 629,269,367) (D 0,0,0)
 0 1 63 8845 34569  14 (D 0,0,0) (S 328,367,293) (S 1070,185,808) (S 1151,808,111) (S 1176,110,125) (S 1150,801,111) (S 89,111,110) (S 1177,110,809) (S 1178,809,545) (S 537,545,184) (S 536,544,184) (S 151,184,185) (S 1069,185,114) (D 0,0,0)
 0 1 64 8973 33257  26 (D 0,0,0) (S 93,115,114) (S 92,114,113) (S 1064,805,797) (S 1063,797,804) (S 1143,804,799) (S 1057,799,798) (S 1054,798,122) (S 1058,798,800) (S 1053,798,797) (S 1196,805,800) (S 1059,800,187) (S 1060,187,801) (S 1149,801,124) (S 101,124,123) (S 155,123,187) (S 154,187,186) (S 1065,186,805) (S 1195,805,113) (S 1194,113,813) (S 1193,813,543) (S 535,543,544) (S 1201,846,544) (S 534,543,542) (S 533,542,541) (D 0,0,0)
 0 1 65 8992 36594  16 (D 0,0,0) (S 947,755,754) (S 1077,754,810) (S 1076,810,813) (S 1192,543,843) (S 1191,843,105) (S 86,106,107) (S 148,108,46) (S 35,46,45) (S 34,44,45) (S 1180,45,109) (S 1179,109,545) (S 1071,809,808) (S 90,111,112) (S 153,112,186) (D 0,0,0)
 0 1 66 8912 34238  19 (D 0,0,0) (S 95,115,118) (S 97,119,120) (S 831,120,34) (S 9,11,12) (S 974,765,764) (S 973,763,764) (S 1147,765,834) (S 1146,833,834) (S 1174,834,764) (S 1175,764,125) (S 1062,125,803) (S 102,125,124) (S 1148,124,765) (S 975,765,32) (S 25,32,33) (S 1145,33,121) (S 98,121,119) (D 0,0,0)
 0 1 67 8873 35963  24 (D 0,0,0) (S 96,118,119) (S 824,120,35) (S 8,10,11) (S 829,11,188) (S 828,699,188) (S 159,188,189) (S 827,189,698) (S 826,189,10) (S 7,9,10) (S 825,10,35) (S 28,35,36) (S 27,35,34) (S 26,33,34) (S 830,34,11) (S 158,188,12) (S 10,12,13) (S 157,12,32) (S 156,32,123) (S 100,123,122) (S 99,122,121) (S 1144,121,799) (S 1056,799,118) (D 0,0,0)
 0 1 68 8980 31415  21 (D 0,0,0) (S 329,293,174) (S 330,174,115) (S 948,115,755) (S 1212,755,811) (S 1072,811,810) (S 946,754,541) (S 945,541,753) (S 1211,753,841) (S 1210,841,843) (S 1209,843,847) (S 1208,847,845) (S 1200,845,107) (S 87,107,108) (S 149,108,183) (S 1206,849,183) (S 1207,183,845) (S 150,183,184) (S 152,185,112) (S 91,112,113) (D 0,0,0)
 0 1 69 8994 32295  24 (D 0,0,0) (S 428,462,213) (S 210,213,246) (S 209,246,245) (S 208,245,130) (S 106,130,129) (S 937,129,244) (S 206,244,243) (S 385,243,161) (S 130,161,162) (S 131,162,163) (S 1051,162,795) (S 1104,796,243) (S 207,244,130) (S 107,130,131) (S 108,131,132) (S 716,642,234) (S 200,132,235) (S 109,132,133) (S 110,133,134) (S 821,681,381) (S 347,382,383) (S 545,383,287) (D 0,0,0)
 0 1 70 8986 32611  26 (D 0,0,0) (S 245,287,286) (S 244,286,285) (S 789,681,222) (S 188,222,221) (S 864,712,713) (S 29,37,38) (S 184,217,218) (S 256,218,276) (S 247,278,289) (S 246,288,278) (S 238,278,277) (S 622,277,217) (S 232,216,271) (S 231,270,216) (S 183,216,217) (S 623,217,463) (S 624,463,297) (S 259,297,298) (S 258,297,296) (S 254,296,295) (S 190,224,223) (S 211,247,248) (S 212,248,249) (S 573,249,567) (D 0,0,0)
