1749466
70
2401000
2359983
 0 1 1 8865 14069  25 (D 0,0,0) (S 743,653,522) (S 502,522,521) (S 500,520,351) (S 308,351,326) (S 285,326,327) (S 286,327,328) (S 905,328,519) (S 904,519,740) (S 903,740,739) (S 924,739,736) (S 894,736,449) (S 414,449,312) (S 271,312,310) (S 270,310,311) (S 272,310,313) (S 597,582,581) (S 1044,581,776) (S 1004,776,735) (S 893,735,736) (S 384,418,419) (S 1087,451,65) (S 51,65,64) (S 1028,64,520) (D 0,0,0)
 0 1 2 8841 22169  22 (D 0,0,0) (S 596,516,581) (S 1045,581,626) (S 685,626,627) (S 687,627,629) (S 688,629,630) (S 951,629,634) (S 701,634,515) (S 705,635,636) (S 837,636,579) (S 592,579,438) (S 407,438,439) (S 704,439,635) (S 959,635,758) (S 960,758,759) (S 961,758,760) (S 703,439,422) (S 388,422,423) (S 702,422,515) (S 700,634,627) (S 699,627,633) (D 0,0,0)
 0 1 3 8993 15463  26 (D 0,0,0) (S 1153,708,719) (S 870,719,718) (S 1155,832,317) (S 277,317,318) (S 411,318,445) (S 519,445,534) (S 660,534,448) (S 413,448,447) (S 793,447,646) (S 729,646,647) (S 730,647,648) (S 1001,647,611) (S 1000,611,774) (S 999,774,775) (S 998,773,774) (S 1008,774,612) (S 657,610,611) (S 658,611,612) (S 659,612,448) (S 520,445,535) (S 969,761,762) (S 767,673,524) (S 766,524,16) (S 765,16,672) (D 0,0,0)
 0 1 4 8400 11697  29 (D 0,0,0) (S 769,674,17) (S 13,17,16) (S 12,16,15) (S 399,15,431) (S 782,431,506) (S 478,506,177) (S 479,177,507) (S 873,507,344) (S 301,344,345) (S 344,379,380) (S 871,380,86) (S 339,86,375) (S 490,375,513) (S 492,379,345) (S 302,345,346) (S 783,346,506) (S 477,506,14) (S 1080,14,525) (S 1079,525,762) (S 1078,762,718) (S 1139,718,832) (S 1138,832,432) (S 400,432,433) (S 859,433,324) (S 689,631,324) (S 690,324,521) (S 792,521,677) (D 0,0,0)
 0 1 5 8830 17070  27 (D 0,0,0) (S 11,15,14) (S 606,369,513) (S 340,375,370) (S 758,370,669) (S 333,370,371) (S 866,371,715) (S 1092,817,715) (S 488,512,41) (S 32,41,42) (S 33,42,43) (S 933,43,745) (S 1096,745,670) (S 759,670,261) (S 760,261,342) (S 297,341,342) (S 298,342,343) (S 482,508,5) (S 4,5,6) (S 5,6,7) (S 740,8,555) (S 483,509,5) (S 761,6,671) (S 481,508,266) (S 143,178,179) (S 764,179,672) (D 0,0,0)
 0 1 6 8828 16914  14 (D 0,0,0) (S 1,0,1) (S 498,416,519) (S 497,519,518) (S 857,518,329) (S 288,329,330) (S 289,330,331) (S 290,331,332) (S 291,332,333) (S 834,333,481) (S 833,333,514) (S 493,514,515) (S 494,515,516) (D 0,0,0)
 0 1 7 8272 16544  13 (D 0,0,0) (S 817,0,2) (S 2,2,3) (S 1099,3,732) (S 926,731,28) (S 22,28,27) (S 21,27,26) (S 1018,26,783) (S 753,663,664) (S 799,663,686) (S 972,686,27) (S 889,731,732) (D 0,0,0)
 0 1 8 8987 21393  18 (D 0,0,0) (S 75,94,95) (S 76,95,96) (S 646,96,606) (S 963,606,741) (S 913,741,202) (S 172,202,203) (S 807,203,689) (S 962,689,606) (S 77,96,97) (S 78,97,98) (S 318,98,361) (S 313,322,357) (S 1082,814,788) (S 1030,495,325) (S 283,325,324) (S 858,433,708) (D 0,0,0)
 0 1 9 8925 22649  18 (D 0,0,0) (S 464,495,494) (S 463,494,320) (S 316,359,360) (S 317,360,361) (S 426,361,460) (S 427,460,461) (S 468,461,497) (S 467,461,100) (S 82,101,102) (S 81,101,100) (S 80,100,99) (S 638,460,574) (S 637,574,601) (S 294,337,338) (S 1021,337,601) (S 1020,601,446) (D 0,0,0)
 0 1 10 8998 27533  19 (D 0,0,0) (S 412,447,446) (S 1017,426,779) (S 1010,779,778) (S 1016,778,781) (S 1013,425,781) (S 1014,781,237) (S 1015,237,782) (S 980,236,152) (S 122,152,153) (S 981,152,140) (S 114,140,141) (S 982,140,391) (S 355,391,392) (S 356,392,393) (S 1005,777,393) (S 357,393,394) (S 739,137,427) (D 0,0,0)
 0 1 11 8972 29623  19 (D 0,0,0) (S 737,290,395) (S 359,395,396) (S 360,396,397) (S 513,397,89) (S 473,89,500) (S 472,500,499) (S 471,499,398) (S 362,398,387) (S 364,378,399) (S 1047,399,429) (S 396,429,412) (S 377,412,413) (S 397,412,430) (S 395,429,377) (S 394,377,386) (S 351,386,387) (S 361,398,394) (D 0,0,0)
 0 1 12 8991 33850  19 (D 0,0,0) (S 410,443,444) (S 734,388,652) (S 1048,652,399) (S 365,399,400) (S 367,401,402) (S 379,401,410) (S 376,410,411) (S 375,410,400) (S 374,409,400) (S 366,400,401) (S 378,401,414) (S 732,651,414) (S 733,414,652) (S 1049,652,390) (S 354,390,389) (S 353,389,388) (S 735,388,499) (D 0,0,0)
 0 1 13 8971 28407  15 (D 0,0,0) (S 248,290,154) (S 249,154,291) (S 509,291,241) (S 508,241,528) (S 784,528,678) (S 205,241,242) (S 320,242,363) (S 664,363,156) (S 125,156,157) (S 124,156,155) (S 123,155,154) (S 738,290,137) (S 112,136,137) (D 0,0,0)
 0 1 14 8999 26989  16 (D 0,0,0) (S 1011,779,239) (S 204,239,240) (S 1012,239,780) (S 203,239,238) (S 1009,238,778) (S 202,238,237) (S 201,237,236) (S 979,236,424) (S 876,721,722) (S 978,722,424) (S 389,424,425) (S 390,425,426) (S 391,426,427) (S 418,427,452) (D 0,0,0)
 0 1 15 8916 17533  19 (D 0,0,0) (S 381,416,327) (S 856,329,436) (S 855,436,703) (S 841,703,704) (S 842,704,607) (S 41,52,53) (S 419,454,453) (S 648,571,472) (S 647,472,96) (S 916,97,690) (S 810,690,691) (S 812,471,334) (S 292,334,335) (S 1133,335,357) (S 1134,357,814) (S 1032,788,789) (S 1031,788,495) (D 0,0,0)
 0 1 16 8970 18411  20 (D 0,0,0) (S 403,415,435) (S 907,435,704) (S 908,704,53) (S 909,53,454) (S 420,454,455) (S 421,455,456) (S 422,456,457) (S 707,456,58) (S 591,57,579) (S 838,579,701) (S 839,701,702) (S 134,166,167) (S 633,167,62) (S 49,61,62) (S 634,62,169) (S 135,168,169) (S 305,169,349) (S 465,350,495) (D 0,0,0)
 0 1 17 8943 30806  19 (D 0,0,0) (S 250,291,242) (S 645,363,155) (S 511,155,529) (S 1185,529,614) (S 665,156,614) (S 666,614,88) (S 69,87,88) (S 70,88,89) (S 667,88,597) (S 632,597,598) (S 668,597,615) (S 631,597,530) (S 1050,390,530) (S 515,530,531) (S 514,530,89) (S 512,397,529) (S 510,155,291) (D 0,0,0)
 0 1 18 8950 33181  21 (D 0,0,0) (S 651,607,52) (S 437,472,471) (S 1120,688,667) (S 756,667,442) (S 757,442,668) (S 409,442,441) (S 1171,840,441) (S 408,441,440) (S 617,594,440) (S 752,661,662) (S 815,693,694) (S 814,693,466) (S 813,692,466) (S 431,466,465) (S 754,465,665) (S 755,665,666) (S 1117,665,440) (S 1172,441,825) (S 808,689,599) (D 0,0,0)
 0 1 19 8987 38116  16 (D 0,0,0) (S 811,471,691) (S 296,18,340) (S 435,469,304) (S 265,304,305) (S 264,304,303) (S 263,302,303) (S 268,307,308) (S 1109,824,308) (S 269,308,309) (S 1110,308,303) (S 1111,303,556) (S 1115,693,662) (S 1116,662,665) (S 804,485,20) (D 0,0,0)
 0 1 20 8987 37662  16 (D 0,0,0) (S 796,467,684) (S 795,467,683) (S 794,682,683) (S 715,641,468) (S 434,468,469) (S 438,473,474) (S 439,474,475) (S 1169,474,839) (S 550,469,556) (S 1112,556,641) (S 714,640,641) (S 1113,641,683) (S 1114,683,693) (S 1118,440,825) (D 0,0,0)
 0 1 21 8960 19863  19 (D 0,0,0) (S 1154,719,832) (S 1137,432,443) (S 662,443,319) (S 279,319,320) (S 280,320,321) (S 312,321,356) (S 281,321,322) (S 315,358,359) (S 581,359,574) (S 582,574,497) (S 583,497,575) (S 726,101,501) (S 474,501,502) (S 670,502,600) (S 636,600,362) (S 635,362,599) (S 809,599,690) (D 0,0,0)
 0 1 22 8960 30265  17 (D 0,0,0) (S 319,98,362) (S 671,502,22) (S 672,22,483) (S 461,492,490) (S 462,490,493) (S 802,493,688) (S 801,493,496) (S 800,687,496) (S 466,496,489) (S 888,617,730) (S 674,617,492) (S 673,492,483) (S 17,22,21) (S 806,503,203) (S 917,691,360) (D 0,0,0)
 0 1 23 8903 32641  15 (D 0,0,0) (S 16,20,21) (S 459,21,484) (S 451,484,483) (S 460,491,492) (S 675,617,618) (S 676,618,619) (S 966,618,488) (S 967,488,710) (S 863,710,711) (S 456,488,489) (S 457,489,490) (S 458,490,484) (S 452,484,485) (D 0,0,0)
 0 1 24 8841 18772  19 (D 0,0,0) (S 1136,443,494) (S 1135,494,814) (S 282,322,323) (S 314,322,358) (S 546,358,554) (S 113,138,139) (S 860,709,139) (S 861,139,554) (S 862,554,573) (S 580,573,359) (S 579,573,572) (S 865,572,714) (S 578,572,571) (S 649,571,453) (S 650,453,52) (S 402,434,415) (S 380,415,327) (D 0,0,0)
 0 1 25 8775 14331  29 (D 0,0,0) (S 816,0,677) (S 779,653,674) (S 144,180,179) (S 763,179,267) (S 226,267,266) (S 299,265,343) (S 931,343,260) (S 932,260,745) (S 1095,745,85) (S 1094,85,512) (S 31,41,40) (S 669,616,39) (S 1085,39,815) (S 30,39,40) (S 337,373,374) (S 750,373,658) (S 336,373,40) (S 335,40,372) (S 334,372,371) (S 332,370,369) (S 331,369,368) (S 522,368,527) (S 507,527,526) (S 506,526,525) (S 505,525,524) (S 504,524,523) (S 503,523,522) (D 0,0,0)
 0 1 26 8670 16391  26 (D 0,0,0) (S 770,674,180) (S 771,180,268) (S 772,268,675) (S 929,671,508) (S 930,508,343) (S 221,260,261) (S 222,261,262) (S 1097,656,670) (S 1183,43,822) (S 1105,821,822) (S 1106,822,823) (S 1131,823,831) (S 934,43,657) (S 749,84,373) (S 867,372,715) (S 1093,715,512) (S 489,512,375) (S 491,513,379) (S 343,379,368) (S 521,527,535) (S 968,535,761) (S 970,762,673) (S 971,673,708) (S 1152,708,522) (D 0,0,0)
 0 1 27 8769 14098  14 (D 0,0,0) (S 1027,787,64) (S 53,66,67) (S 54,67,68) (S 600,68,583) (S 476,504,505) (S 774,505,623) (S 775,623,196) (S 611,589,590) (S 691,590,207) (S 605,206,585) (S 613,585,532) (S 1100,191,3) (D 0,0,0)
 0 1 28 8763 20947  25 (D 0,0,0) (S 404,435,436) (S 405,436,437) (S 1024,437,784) (S 1023,784,785) (S 1040,785,793) (S 1039,792,793) (S 1041,793,660) (S 751,659,660) (S 1042,660,790) (S 1036,790,701) (S 1037,701,56) (S 44,55,56) (S 1038,56,791) (S 45,56,57) (S 46,57,58) (S 47,58,59) (S 48,59,60) (S 449,59,481) (S 832,700,165) (S 132,164,165) (S 133,165,166) (S 1034,166,702) (S 840,702,703) (D 0,0,0)
 0 1 29 8959 27917  22 (D 0,0,0) (S 853,54,455) (S 849,707,201) (S 169,200,199) (S 168,199,198) (S 167,197,198) (S 877,198,280) (S 239,279,280) (S 878,280,723) (S 240,280,281) (S 919,281,743) (S 918,477,281) (S 241,281,282) (S 242,282,283) (S 875,282,720) (S 874,282,91) (S 71,90,91) (S 72,91,92) (S 73,92,93) (S 616,592,593) (S 852,592,455) (D 0,0,0)
 0 1 30 8851 27492  19 (D 0,0,0) (S 706,636,58) (S 708,456,562) (S 562,562,563) (S 709,562,93) (S 710,93,637) (S 940,637,749) (S 711,637,638) (S 712,638,200) (S 440,476,142) (S 115,142,143) (S 797,143,476) (S 798,476,685) (S 441,476,79) (S 62,78,79) (S 442,79,199) (S 443,199,477) (S 444,477,92) (D 0,0,0)
 0 1 31 8979 23450  18 (D 0,0,0) (S 287,328,329) (S 1035,331,580) (S 836,636,700) (S 835,700,481) (S 450,481,482) (S 448,59,480) (S 995,480,770) (S 447,480,479) (S 997,479,772) (S 446,479,478) (S 996,478,771) (S 445,478,92) (S 74,93,94) (S 851,94,592) (S 615,592,591) (S 910,591,454) (D 0,0,0)
 0 1 32 8515 16870  16 (D 0,0,0) (S 906,328,435) (S 42,53,54) (S 43,54,55) (S 1043,55,794) (S 1102,794,819) (S 1101,794,51) (S 40,51,52) (S 843,607,705) (S 844,705,167) (S 1081,705,434) (S 401,434,349) (S 306,349,350) (S 307,350,326) (S 1029,325,520) (D 0,0,0)
 0 1 33 8958 23985  19 (D 0,0,0) (S 639,460,99) (S 640,99,600) (S 18,22,23) (S 887,23,729) (S 19,23,24) (S 20,24,25) (S 725,24,501) (S 727,101,575) (S 728,575,646) (S 1007,647,612) (S 278,319,318) (S 1156,317,835) (S 276,317,316) (S 1142,316,761) (S 1141,761,526) (S 1140,526,347) (S 303,347,346) (D 0,0,0)
 0 1 34 8945 27062  22 (D 0,0,0) (S 854,703,54) (S 850,94,707) (S 965,707,638) (S 713,200,639) (S 1161,837,639) (S 170,200,201) (S 848,201,146) (S 847,706,146) (S 118,146,147) (S 119,147,148) (S 120,148,149) (S 117,146,145) (S 293,336,144) (S 116,144,145) (S 915,145,742) (S 914,145,202) (S 171,202,201) (S 964,707,741) (S 912,741,95) (S 911,95,591) (D 0,0,0)
 0 1 35 8999 28603  18 (D 0,0,0) (S 79,98,99) (S 475,502,503) (S 805,503,20) (S 15,20,19) (S 994,19,769) (S 993,768,19) (S 14,19,18) (S 295,339,340) (S 552,340,473) (S 551,473,469) (S 433,468,467) (S 432,467,466) (S 430,465,464) (S 1173,464,825) (S 1119,825,667) (S 803,688,485) (D 0,0,0)
 0 1 36 8515 16410  14 (D 0,0,0) (S 266,151,306) (S 555,306,558) (S 1132,558,826) (S 1122,826,208) (S 178,208,209) (S 556,558,209) (S 557,209,559) (S 609,559,588) (S 1121,588,208) (S 177,208,207) (S 176,207,206) (S 175,206,151) (D 0,0,0)
 0 1 37 8885 30278  21 (D 0,0,0) (S 661,319,534) (S 1019,446,452) (S 869,717,427) (S 358,395,394) (S 1006,393,498) (S 469,498,428) (S 393,428,386) (S 392,428,392) (S 983,391,385) (S 984,385,376) (S 341,376,377) (S 342,377,378) (S 363,378,387) (S 352,387,388) (S 487,389,500) (S 486,500,396) (S 485,511,396) (S 736,499,395) (S 768,523,17) (D 0,0,0)
 0 1 38 8987 32947  23 (D 0,0,0) (S 212,249,248) (S 525,248,537) (S 529,295,539) (S 530,539,158) (S 531,158,540) (S 535,543,544) (S 151,184,185) (S 152,185,112) (S 153,112,186) (S 154,186,187) (S 1060,187,801) (S 1175,125,764) (S 975,765,32) (S 156,32,123) (S 155,123,187) (S 1059,187,800) (S 1058,800,798) (S 1053,798,797) (S 1064,797,805) (S 1065,805,186) (S 93,114,115) (D 0,0,0)
 0 1 39 8930 33999  22 (D 0,0,0) (S 1056,118,799) (S 1057,799,798) (S 99,122,121) (S 1144,121,799) (S 1143,799,804) (S 1063,804,797) (S 1195,805,113) (S 91,113,112) (S 90,112,111) (S 1150,111,801) (S 1149,801,124) (S 1148,124,765) (S 1147,765,834) (S 1146,833,834) (S 1174,834,764) (S 973,763,764) (S 974,764,765) (S 25,32,33) (S 1145,33,121) (S 98,121,119) (D 0,0,0)
 0 1 40 8895 26237  20 (D 0,0,0) (S 655,561,609) (S 1184,609,578) (S 573,567,249) (S 572,249,547) (S 720,548,537) (S 719,537,247) (S 717,643,223) (S 189,223,222) (S 188,222,221) (S 989,221,381) (S 820,697,381) (S 346,381,382) (S 347,382,383) (S 544,553,383) (S 348,383,30) (S 24,30,31) (S 349,30,384) (S 23,30,29) (D 0,0,0)
 0 1 41 8961 23366  13 (D 0,0,0) (S 219,258,257) (S 218,257,256) (S 229,256,227) (S 193,227,226) (S 192,226,225) (S 570,225,566) (S 571,566,547) (S 213,249,250) (S 590,578,366) (S 324,257,365) (S 656,365,561) (D 0,0,0)
 0 1 42 8964 35889  14 (D 0,0,0) (S 1187,542,841) (S 1208,847,845) (S 1207,845,183) (S 149,183,108) (S 88,108,109) (S 1180,109,45) (S 34,44,45) (S 35,45,46) (S 148,46,108) (S 87,108,107) (S 534,543,542) (S 532,541,540) (D 0,0,0)
 0 1 43 8398 31191  8 (D 0,0,0) (S 194,227,228) (S 230,227,269) (S 630,269,292) (S 251,292,293) (S 252,293,294) (S 558,560,294) (D 0,0,0)
 0 1 44 8973 34437  16 (D 0,0,0) (S 1069,114,185) (S 537,184,545) (S 1178,545,809) (S 1071,809,808) (S 1070,185,808) (S 1151,808,111) (S 89,111,110) (S 1176,110,125) (S 1062,125,803) (S 102,125,124) (S 101,124,123) (S 100,123,122) (S 1054,122,798) (S 1196,800,805) (D 0,0,0)
 0 1 45 8906 39855  13 (D 0,0,0) (S 1177,110,809) (S 1179,545,109) (S 1181,45,812) (S 1182,812,76) (S 61,76,77) (S 1075,812,182) (S 1074,182,806) (S 1066,806,74) (S 59,74,73) (S 1046,766,429) (S 470,498,398) (D 0,0,0)
 0 1 46 8987 35607  24 (D 0,0,0) (S 560,561,258) (S 95,115,118) (S 96,118,119) (S 824,120,35) (S 27,35,34) (S 26,34,33) (S 157,32,12) (S 10,12,13) (S 829,188,11) (S 8,11,10) (S 7,9,10) (S 825,10,35) (S 28,35,36) (S 826,10,189) (S 827,189,698) (S 159,189,188) (S 828,699,188) (S 158,188,12) (S 9,12,11) (S 830,11,34) (S 831,34,120) (S 97,120,119) (D 0,0,0)
 0 1 47 8911 32271  23 (D 0,0,0) (S 553,557,215) (S 182,215,214) (S 574,567,568) (S 588,567,577) (S 789,681,222) (S 620,595,570) (S 576,564,131) (S 575,569,131) (S 200,132,235) (S 199,132,234) (S 716,642,234) (S 198,234,233) (S 197,232,233) (S 542,233,549) (S 540,549,550) (S 541,551,549) (S 109,132,133) (S 110,133,134) (S 992,134,38) (S 821,381,681) (S 791,576,287) (D 0,0,0)
 0 1 48 8991 34978  19 (D 0,0,0) (S 139,174,173) (S 138,173,158) (S 533,541,542) (S 1186,841,104) (S 943,103,49) (S 39,49,50) (S 1073,767,806) (S 60,74,75) (S 145,181,75) (S 146,75,182) (S 147,182,46) (S 36,46,47) (S 1205,47,848) (S 37,47,48) (S 1190,48,105) (S 1191,105,843) (S 1192,843,543) (D 0,0,0)
 0 1 49 8963 30974  16 (D 0,0,0) (S 329,293,174) (S 330,174,115) (S 948,115,755) (S 1077,754,810) (S 1193,813,543) (S 1202,544,847) (S 1203,847,106) (S 1204,106,47) (S 38,48,49) (S 988,49,767) (S 987,767,73) (S 986,73,766) (S 985,766,376) (S 350,385,386) (D 0,0,0)
 0 1 50 8938 34009  23 (D 0,0,0) (S 1211,753,841) (S 1210,841,843) (S 1209,843,847) (S 1201,846,544) (S 536,544,184) (S 150,184,183) (S 1206,849,183) (S 1200,845,107) (S 86,107,106) (S 85,106,105) (S 84,105,104) (S 83,104,103) (S 944,103,753) (S 945,753,541) (S 946,541,754) (S 947,754,755) (S 1212,755,811) (S 1072,811,810) (S 1076,810,813) (S 1194,813,113) (S 92,113,114) (D 0,0,0)
 0 1 51 8943 31719  24 (D 0,0,0) (S 429,463,462) (S 428,462,213) (S 210,213,246) (S 275,246,315) (S 274,315,159) (S 127,159,160) (S 128,160,128) (S 129,128,161) (S 386,161,420) (S 387,420,421) (S 130,161,162) (S 131,162,163) (S 1051,162,795) (S 1061,795,802) (S 216,252,253) (S 1189,680,842) (S 1198,842,844) (S 1199,844,135) (S 29,37,38) (S 619,38,595) (S 790,681,576) (S 653,29,608) (D 0,0,0)
 0 1 52 8812 27228  12 (D 0,0,0) (S 538,546,547) (S 722,566,644) (S 569,225,565) (S 627,565,596) (S 626,596,538) (S 259,297,298) (S 258,297,296) (S 254,296,295) (S 253,295,294) (S 559,294,258) (D 0,0,0)
 0 1 53 8955 29398  26 (D 0,0,0) (S 586,364,286) (S 585,286,576) (S 584,576,382) (S 187,220,221) (S 990,221,712) (S 864,712,713) (S 991,712,38) (S 618,38,135) (S 257,135,276) (S 237,276,277) (S 246,288,278) (S 247,278,289) (S 238,278,277) (S 621,277,570) (S 577,570,564) (S 563,564,275) (S 235,275,274) (S 454,274,486) (S 455,486,487) (S 564,486,275) (S 236,275,276) (S 256,276,218) (S 255,218,296) (S 721,548,566) (D 0,0,0)
 0 1 54 8997 28610  24 (D 0,0,0) (S 589,578,567) (S 527,224,538) (S 625,538,297) (S 624,297,463) (S 623,463,217) (S 183,217,216) (S 232,216,271) (S 231,270,216) (S 622,277,217) (S 184,217,218) (S 185,218,219) (S 186,219,212) (S 180,212,211) (S 179,210,211) (S 566,211,219) (S 181,212,213) (S 436,213,470) (S 273,314,159) (S 126,159,158) (S 1055,173,596) (S 628,565,367) (S 327,367,226) (D 0,0,0)
 0 1 55 8943 31399  25 (D 0,0,0) (S 788,222,595) (S 787,595,133) (S 786,133,680) (S 785,680,679) (S 1159,252,802) (S 1158,802,726) (S 1157,836,726) (S 885,726,421) (S 884,421,725) (S 950,725,751) (S 942,751,752) (S 941,750,751) (S 883,725,126) (S 882,126,724) (S 952,757,127) (S 103,126,127) (S 104,127,128) (S 106,129,130) (S 107,130,131) (S 108,131,132) (S 822,681,285) (S 243,284,285) (S 523,536,364) (D 0,0,0)
 0 1 56 8999 22328  11 (D 0,0,0) (S 1123,205,557) (S 561,214,561) (S 220,258,259) (S 323,365,117) (S 94,117,116) (S 977,116,300) (S 262,300,301) (S 1125,301,827) (S 1124,301,557) (D 0,0,0)
 0 1 57 8776 40770  16 (D 0,0,0) (S 111,134,135) (S 1197,844,615) (S 1188,615,842) (S 1160,679,252) (S 215,252,231) (S 196,231,230) (S 234,230,273) (S 233,272,230) (S 261,229,254) (S 217,254,255) (S 543,552,299) (S 260,299,229) (S 195,229,230) (S 214,251,231) (D 0,0,0)
 0 1 58 8979 32860  31 (D 0,0,0) (S 539,547,548) (S 879,540,470) (S 880,470,314) (S 881,314,724) (S 958,724,757) (S 957,757,160) (S 956,160,748) (S 939,748,315) (S 209,246,245) (S 208,245,130) (S 207,130,244) (S 105,129,128) (S 953,127,756) (S 949,756,725) (S 954,756,420) (S 385,161,243) (S 1103,820,796) (S 1052,795,796) (S 1104,796,243) (S 206,243,244) (S 937,244,129) (S 938,129,748) (S 955,748,245) (S 453,246,274) (S 565,486,211) (S 567,219,462) (S 568,462,539) (S 528,295,538) (S 526,224,537) (D 0,0,0)
 0 1 59 8985 23522  19 (D 0,0,0) (S 554,306,557) (S 654,609,608) (S 1170,608,577) (S 587,577,364) (S 322,364,29) (S 652,29,287) (S 545,383,287) (S 245,287,286) (S 244,286,285) (S 823,285,536) (S 524,536,248) (S 211,248,247) (S 718,247,223) (S 190,223,224) (S 191,224,225) (S 326,226,366) (S 325,366,257) (D 0,0,0)
 0 1 60 8989 13847  34 (D 0,0,0) (S 778,677,653) (S 780,674,672) (S 781,672,431) (S 398,431,178) (S 142,178,177) (S 480,507,266) (S 225,266,265) (S 300,265,344) (S 872,344,380) (S 345,380,264) (S 224,264,265) (S 223,264,263) (S 338,263,86) (S 68,86,85) (S 67,85,42) (S 66,42,84) (S 65,83,84) (S 748,84,657) (S 935,657,746) (S 747,657,656) (S 1098,656,818) (S 746,656,655) (S 868,716,655) (S 745,655,262) (S 744,262,654) (S 845,654,509) (S 484,509,510) (S 549,509,555) (S 548,555,190) (S 547,190,81) (S 1107,81,695) (S 819,695,696) (D 0,0,0)
 0 1 61 7372 9801  12 (D 0,0,0) (S 3,3,4) (S 1084,4,191) (S 516,191,532) (S 517,532,150) (S 518,150,533) (S 121,150,151) (S 174,151,205) (S 173,204,205) (S 1108,205,695) (S 818,695,2) (D 0,0,0)
 0 1 62 8720 16388  17 (D 0,0,0) (S 936,747,727) (S 886,727,728) (S 1083,728,4) (S 1091,4,734) (S 1090,734,733) (S 890,733,621) (S 678,621,459) (S 423,458,459) (S 424,459,355) (S 614,532,80) (S 63,80,81) (S 64,81,82) (S 846,654,82) (S 160,82,190) (S 161,190,191) (D 0,0,0)
 0 1 63 7101 11438  23 (D 0,0,0) (S 777,676,677) (S 501,521,520) (S 309,351,352) (S 1086,352,451) (S 417,451,419) (S 416,419,450) (S 901,450,171) (S 897,67,737) (S 898,737,738) (S 899,738,66) (S 52,66,65) (S 1088,65,816) (S 1168,787,63) (S 741,63,8) (S 6,8,7) (S 773,7,675) (S 928,675,671) (S 762,671,267) (S 227,267,268) (S 228,268,63) (S 742,63,653) (D 0,0,0)
 0 1 64 8824 17185  18 (D 0,0,0) (S 50,63,64) (S 900,66,171) (S 137,171,172) (S 136,171,170) (S 368,170,403) (S 663,403,613) (S 369,403,404) (S 598,404,582) (S 921,582,633) (S 920,744,633) (S 698,633,405) (S 370,405,404) (S 922,582,313) (S 923,313,736) (S 925,739,418) (S 383,418,417) (D 0,0,0)
 0 1 65 8992 19669  19 (D 0,0,0) (S 902,739,450) (S 415,450,449) (S 895,449,170) (S 896,170,67) (S 599,68,404) (S 1033,406,70) (S 57,70,71) (S 58,71,72) (S 1127,71,407) (S 373,407,408) (S 1126,828,407) (S 372,407,406) (S 371,406,405) (S 697,405,69) (S 696,69,632) (S 1165,583,737) (S 1089,816,733) (D 0,0,0)
 0 1 66 8972 30808  9 (D 0,0,0) (S 328,367,293) (S 140,174,175) (S 141,175,176) (S 1068,175,807) (S 1067,175,348) (S 304,348,292) (S 629,269,367) (D 0,0,0)
 0 1 67 8471 18357  13 (D 0,0,0) (S 267,306,300) (S 976,300,587) (S 607,586,587) (S 608,587,559) (S 610,588,589) (S 776,589,196) (S 166,196,195) (S 165,195,194) (S 603,194,584) (S 679,353,459) (S 677,620,621) (D 0,0,0)
 0 1 68 8715 15152  21 (D 0,0,0) (S 891,734,621) (S 680,353,584) (S 602,584,504) (S 601,504,583) (S 1164,583,632) (S 1129,829,624) (S 684,624,625) (S 1130,624,830) (S 683,624,623) (S 682,623,622) (S 693,622,195) (S 692,195,590) (S 612,590,585) (S 604,585,194) (S 164,194,193) (S 321,193,354) (S 311,354,355) (S 425,355,192) (S 162,192,191) (D 0,0,0)
 0 1 69 8588 17352  15 (D 0,0,0) (S 163,192,193) (S 310,354,353) (S 681,584,622) (S 694,622,505) (S 695,505,632) (S 1163,632,829) (S 1162,838,829) (S 1128,829,71) (S 56,70,69) (S 55,69,68) (S 1166,738,816) (S 1167,816,787) (S 1026,787,3) (D 0,0,0)
 0 1 70 7968 16421  25 (D 0,0,0) (S 284,325,326) (S 927,330,437) (S 1022,784,649) (S 731,649,650) (S 1025,784,786) (S 406,437,438) (S 593,438,580) (S 594,580,332) (S 595,332,516) (S 495,516,517) (S 643,602,604) (S 644,604,605) (S 686,605,628) (S 723,645,604) (S 724,604,603) (S 641,603,602) (S 642,602,517) (S 496,517,518) (S 892,518,735) (S 1003,735,740) (S 1002,740,417) (S 382,417,416) (S 499,416,351) (D 0,0,0)
