1772096
70
1820765
1737735
 0 1 1 8734 17938  23 (D 0,0,0) (S 817,0,2) (S 1167,787,816) (S 1166,816,738) (S 898,738,737) (S 897,737,67) (S 896,67,170) (S 371,405,406) (S 372,406,407) (S 373,407,408) (S 1126,828,407) (S 1127,407,71) (S 58,71,72) (S 57,71,70) (S 56,70,69) (S 599,68,404) (S 598,404,582) (S 923,313,736) (S 924,736,739) (S 925,739,418) (S 383,418,417) (S 382,417,416) (D 0,0,0)
 0 1 2 8937 15942  29 (D 0,0,0) (S 773,675,7) (S 761,6,671) (S 929,671,508) (S 931,343,260) (S 933,745,43) (S 934,43,657) (S 748,657,84) (S 749,84,373) (S 337,373,374) (S 750,373,658) (S 336,373,40) (S 334,372,371) (S 333,371,370) (S 758,370,669) (S 332,370,369) (S 331,369,368) (S 343,368,379) (S 606,513,369) (S 522,368,527) (S 1140,526,347) (S 303,347,346) (S 783,346,506) (S 782,506,431) (S 781,431,672) (S 765,672,16) (S 13,16,17) (S 769,17,674) (D 0,0,0)
 0 1 3 8369 15079  22 (D 0,0,0) (S 1152,522,708) (S 1154,719,832) (S 1138,832,432) (S 662,443,319) (S 661,534,319) (S 279,319,320) (S 463,320,494) (S 1135,494,814) (S 1082,814,788) (S 1032,788,789) (S 1031,788,495) (S 465,495,350) (S 306,350,349) (S 305,349,169) (S 135,168,169) (S 844,167,705) (S 1081,705,434) (S 402,434,415) (S 380,415,327) (S 308,326,351) (D 0,0,0)
 0 1 4 8943 20569  21 (D 0,0,0) (S 284,325,326) (S 285,326,327) (S 403,415,435) (S 840,703,702) (S 1034,166,702) (S 839,702,701) (S 1037,701,56) (S 43,55,54) (S 42,54,53) (S 41,53,52) (S 40,52,51) (S 1101,51,794) (S 1102,794,819) (S 1043,794,55) (S 44,55,56) (S 1038,56,791) (S 45,56,57) (S 592,579,438) (S 406,438,437) (D 0,0,0)
 0 1 5 8995 21053  18 (D 0,0,0) (S 905,519,328) (S 907,435,704) (S 841,704,703) (S 854,703,54) (S 853,54,455) (S 421,455,456) (S 422,456,457) (S 707,456,58) (S 47,58,59) (S 48,59,60) (S 449,59,481) (S 834,333,481) (S 450,481,482) (S 835,481,700) (S 837,636,579) (S 1035,580,331) (D 0,0,0)
 0 1 6 8975 16241  22 (D 0,0,0) (S 500,520,351) (S 499,351,416) (S 498,416,519) (S 904,519,740) (S 1003,740,735) (S 1004,735,776) (S 1044,776,581) (S 596,581,516) (S 701,515,634) (S 920,744,633) (S 921,633,582) (S 922,582,313) (S 272,313,310) (S 270,310,311) (S 271,310,312) (S 414,312,449) (S 415,449,450) (S 902,450,739) (S 903,739,740) (S 1002,740,417) (D 0,0,0)
 0 1 7 8993 16577  17 (D 0,0,0) (S 286,327,328) (S 287,328,329) (S 856,329,436) (S 405,436,437) (S 407,438,439) (S 704,439,635) (S 836,636,700) (S 832,700,165) (S 132,164,165) (S 133,165,166) (S 134,166,167) (S 633,167,62) (S 49,61,62) (S 634,62,169) (S 307,350,326) (D 0,0,0)
 0 1 8 7018 16544  11 (D 0,0,0) (S 926,731,28) (S 22,28,27) (S 972,27,686) (S 799,686,663) (S 753,663,664) (S 1018,26,783) (S 21,26,27) (S 889,731,732) (S 1099,732,3) (D 0,0,0)
 0 1 9 8660 16450  22 (D 0,0,0) (S 2,2,3) (S 3,3,4) (S 1083,4,728) (S 936,747,727) (S 886,727,728) (S 1084,4,191) (S 425,192,355) (S 311,355,354) (S 310,354,353) (S 679,353,459) (S 678,459,621) (S 677,620,621) (S 890,621,733) (S 899,738,66) (S 900,66,171) (S 136,171,170) (S 895,170,449) (S 894,449,736) (S 893,736,735) (S 892,735,518) (D 0,0,0)
 0 1 10 8527 17520  20 (D 0,0,0) (S 309,351,352) (S 1086,352,451) (S 417,451,419) (S 384,419,418) (S 597,582,581) (S 1045,581,626) (S 685,626,627) (S 700,627,634) (S 951,634,629) (S 688,629,630) (S 687,629,627) (S 699,627,633) (S 698,633,405) (S 1033,406,70) (S 55,69,68) (S 600,68,583) (S 1165,583,737) (S 1168,787,63) (D 0,0,0)
 0 1 11 8576 13993  18 (D 0,0,0) (S 1091,4,734) (S 424,459,355) (S 321,354,193) (S 164,193,194) (S 611,590,589) (S 776,589,196) (S 775,196,623) (S 774,623,505) (S 476,505,504) (S 601,504,583) (S 54,68,67) (S 53,67,66) (S 52,66,65) (S 1088,65,816) (S 1089,816,733) (S 1090,733,734) (D 0,0,0)
 0 1 12 8954 19682  31 (D 0,0,0) (S 497,519,518) (S 857,518,329) (S 288,329,330) (S 289,330,331) (S 595,332,516) (S 702,515,422) (S 388,422,423) (S 703,422,439) (S 961,758,760) (S 960,758,759) (S 959,758,635) (S 705,635,636) (S 706,636,58) (S 46,58,57) (S 591,57,579) (S 838,579,701) (S 1036,701,790) (S 1042,790,660) (S 751,659,660) (S 1041,660,793) (S 1039,792,793) (S 1040,793,785) (S 1023,785,784) (S 1022,784,649) (S 731,649,650) (S 1025,784,786) (S 1024,784,437) (S 927,437,330) (S 381,327,416) (D 0,0,0)
 0 1 13 8875 17658  15 (D 0,0,0) (S 496,518,517) (S 643,602,604) (S 723,645,604) (S 686,605,628) (S 644,605,604) (S 724,604,603) (S 641,603,602) (S 642,602,517) (S 495,517,516) (S 494,516,515) (S 493,515,514) (S 833,514,333) (S 291,333,332) (D 0,0,0)
 0 1 14 8974 12742  19 (D 0,0,0) (S 792,677,521) (S 690,521,324) (S 689,631,324) (S 283,324,325) (S 1030,325,495) (S 464,495,494) (S 1136,494,443) (S 410,443,444) (S 1137,443,432) (S 400,432,433) (S 859,433,324) (S 858,433,708) (S 1153,708,719) (S 870,719,718) (S 1078,718,762) (S 970,762,673) (S 971,673,708) (D 0,0,0)
 0 1 15 8892 16205  11 (D 0,0,0) (S 603,584,194) (S 605,585,206) (S 178,208,209) (S 556,558,209) (S 557,209,559) (S 1121,588,208) (S 691,207,590) (S 613,585,532) (S 1100,191,3) (D 0,0,0)
 0 1 16 8256 13405  29 (D 0,0,0) (S 302,346,345) (S 492,345,379) (S 344,379,380) (S 871,380,86) (S 68,86,85) (S 67,85,42) (S 32,42,41) (S 488,41,512) (S 489,512,375) (S 339,375,86) (S 338,86,263) (S 223,263,264) (S 224,264,265) (S 225,265,266) (S 226,266,267) (S 762,267,671) (S 482,508,5) (S 4,5,6) (S 5,6,7) (S 6,7,8) (S 740,8,555) (S 548,555,190) (S 64,82,81) (S 63,81,80) (S 614,80,532) (S 516,532,191) (S 1,0,1) (D 0,0,0)
 0 1 17 8903 17700  27 (D 0,0,0) (S 816,0,677) (S 777,676,677) (S 780,674,672) (S 764,672,179) (S 143,179,178) (S 398,178,431) (S 399,431,15) (S 1080,14,525) (S 506,525,526) (S 968,535,761) (S 1142,761,316) (S 276,316,317) (S 277,317,318) (S 519,445,534) (S 413,448,447) (S 412,446,447) (S 793,447,646) (S 729,646,647) (S 730,647,648) (S 1001,647,611) (S 657,610,611) (S 1000,611,774) (S 999,774,775) (S 998,773,774) (S 1008,774,612) (D 0,0,0)
 0 1 18 7984 14684  13 (D 0,0,0) (S 161,190,191) (S 517,532,150) (S 518,150,533) (S 121,150,151) (S 266,151,306) (S 555,306,558) (S 1132,558,826) (S 1122,826,208) (S 177,208,207) (S 176,207,206) (S 175,206,151) (D 0,0,0)
 0 1 19 8627 12557  24 (D 0,0,0) (S 743,653,522) (S 503,522,523) (S 504,523,524) (S 767,524,673) (S 969,762,761) (S 1141,761,526) (S 507,526,527) (S 521,527,535) (S 520,535,445) (S 411,445,318) (S 1156,317,835) (S 1155,317,832) (S 1139,832,718) (S 1079,762,525) (S 505,525,524) (S 766,524,16) (S 768,17,523) (S 502,522,521) (S 501,521,520) (S 1028,520,64) (S 1027,64,787) (S 1026,787,3) (D 0,0,0)
 0 1 20 7935 10552  24 (D 0,0,0) (S 818,2,695) (S 1107,695,81) (S 547,81,190) (S 160,190,82) (S 846,82,654) (S 744,654,262) (S 222,262,261) (S 221,261,260) (S 932,260,745) (S 1096,745,670) (S 759,670,261) (S 760,261,342) (S 297,341,342) (S 298,342,343) (S 930,343,508) (S 928,671,675) (S 772,675,268) (S 227,268,267) (S 763,267,179) (S 771,180,268) (S 228,268,63) (S 742,63,653) (D 0,0,0)
 0 1 21 8087 14484  32 (D 0,0,0) (S 770,674,180) (S 144,180,179) (S 142,178,177) (S 480,507,266) (S 481,266,508) (S 299,343,265) (S 300,265,344) (S 872,344,380) (S 345,380,264) (S 1094,85,512) (S 1092,817,715) (S 867,715,372) (S 335,372,40) (S 1085,39,815) (S 669,616,39) (S 30,39,40) (S 31,40,41) (S 1093,512,715) (S 866,715,371) (S 340,370,375) (S 490,375,513) (S 491,513,379) (S 301,345,344) (S 873,344,507) (S 479,507,177) (S 478,177,506) (S 477,506,14) (S 11,14,15) (S 12,15,16) (S 779,674,653) (D 0,0,0)
 0 1 22 8744 18726  23 (D 0,0,0) (S 778,677,653) (S 741,63,8) (S 483,5,509) (S 484,509,510) (S 1097,656,670) (S 1095,745,85) (S 1105,821,822) (S 1131,823,831) (S 1106,823,822) (S 1183,822,43) (S 33,43,42) (S 66,42,84) (S 65,83,84) (S 935,657,746) (S 747,657,656) (S 1098,656,818) (S 746,656,655) (S 868,716,655) (S 745,655,262) (S 845,654,509) (S 549,509,555) (D 0,0,0)
 0 1 23 8898 19899  16 (D 0,0,0) (S 681,584,622) (S 682,622,623) (S 683,623,624) (S 1130,624,830) (S 684,624,625) (S 1129,624,829) (S 1128,71,829) (S 1162,838,829) (S 1163,829,632) (S 1164,632,583) (S 602,504,584) (S 680,584,353) (S 423,458,459) (S 891,621,734) (D 0,0,0)
 0 1 24 8914 22096  17 (D 0,0,0) (S 1134,814,357) (S 1133,357,335) (S 292,335,334) (S 812,334,471) (S 809,690,599) (S 808,599,689) (S 172,203,202) (S 171,202,201) (S 849,201,707) (S 962,606,689) (S 635,599,362) (S 318,98,361) (S 580,573,359) (S 282,322,323) (S 313,322,357) (D 0,0,0)
 0 1 25 8992 18424  20 (D 0,0,0) (S 312,321,356) (S 314,322,358) (S 546,358,554) (S 861,554,139) (S 113,138,139) (S 860,709,139) (S 862,554,573) (S 579,573,572) (S 865,572,714) (S 578,572,571) (S 649,571,453) (S 650,453,52) (S 651,52,607) (S 842,607,704) (S 855,703,436) (S 404,436,435) (S 906,435,328) (S 1029,325,520) (D 0,0,0)
 0 1 26 8705 23059  16 (D 0,0,0) (S 659,448,612) (S 658,612,611) (S 728,646,575) (S 727,575,101) (S 82,101,102) (S 725,501,24) (S 20,24,25) (S 81,101,100) (S 427,461,460) (S 638,460,574) (S 581,574,359) (S 315,359,358) (S 281,322,321) (S 280,321,320) (D 0,0,0)
 0 1 27 8901 26309  16 (D 0,0,0) (S 278,318,319) (S 418,452,427) (S 739,427,137) (S 112,136,137) (S 738,137,290) (S 737,290,395) (S 485,511,396) (S 486,396,500) (S 473,500,89) (S 513,89,397) (S 512,397,529) (S 1185,529,614) (S 665,614,156) (S 510,155,291) (D 0,0,0)
 0 1 28 8946 29373  16 (D 0,0,0) (S 358,395,394) (S 361,394,398) (S 471,398,499) (S 736,499,395) (S 359,395,396) (S 360,396,397) (S 511,529,155) (S 645,155,363) (S 320,363,242) (S 205,242,241) (S 784,528,678) (S 508,528,241) (S 509,241,291) (S 249,291,154) (D 0,0,0)
 0 1 29 8883 28751  19 (D 0,0,0) (S 357,394,393) (S 1005,777,393) (S 1006,393,498) (S 350,386,385) (S 984,385,376) (S 341,376,377) (S 395,377,429) (S 1048,399,652) (S 1049,652,390) (S 515,530,531) (S 514,530,89) (S 70,89,88) (S 69,87,88) (S 666,88,614) (S 124,156,155) (S 123,155,154) (S 248,154,290) (D 0,0,0)
 0 1 30 8989 28382  19 (D 0,0,0) (S 1011,779,239) (S 204,239,240) (S 1012,239,780) (S 203,239,238) (S 1009,238,778) (S 202,238,237) (S 201,237,236) (S 979,236,424) (S 876,721,722) (S 978,722,424) (S 389,424,425) (S 1013,425,781) (S 1016,781,778) (S 1010,778,779) (S 1017,779,426) (S 391,426,427) (S 869,717,427) (D 0,0,0)
 0 1 31 8938 29473  17 (D 0,0,0) (S 660,534,448) (S 472,499,500) (S 487,500,389) (S 353,389,388) (S 352,388,387) (S 351,387,386) (S 392,428,392) (S 982,391,140) (S 114,140,141) (S 981,140,152) (S 122,152,153) (S 980,152,236) (S 1015,237,782) (S 1014,237,781) (S 390,425,426) (D 0,0,0)
 0 1 32 9000 35885  21 (D 0,0,0) (S 735,499,388) (S 734,388,652) (S 733,652,414) (S 732,651,414) (S 378,414,401) (S 366,400,401) (S 367,401,402) (S 379,401,410) (S 376,410,411) (S 375,410,400) (S 374,409,400) (S 365,400,399) (S 363,378,387) (S 354,389,390) (S 1050,390,530) (S 631,530,597) (S 668,597,615) (S 1197,615,844) (S 1198,844,842) (D 0,0,0)
 0 1 33 8997 33645  21 (D 0,0,0) (S 587,577,364) (S 563,564,275) (S 576,564,131) (S 107,131,130) (S 937,244,129) (S 105,129,128) (S 129,128,161) (S 131,162,163) (S 1061,795,802) (S 1159,802,252) (S 216,252,253) (S 1160,252,679) (S 1189,680,842) (S 1188,842,615) (S 632,597,598) (S 667,597,88) (S 125,156,157) (S 664,156,363) (S 250,242,291) (D 0,0,0)
 0 1 34 8997 34260  25 (D 0,0,0) (S 252,294,293) (S 948,115,755) (S 1212,755,811) (S 1072,811,810) (S 1076,810,813) (S 1191,843,105) (S 1190,105,48) (S 1205,47,848) (S 37,47,48) (S 38,48,49) (S 39,49,50) (S 943,49,103) (S 1186,104,841) (S 1211,841,753) (S 83,103,104) (S 84,104,105) (S 85,105,106) (S 86,106,107) (S 1200,107,845) (S 1208,845,847) (S 1209,847,843) (S 1210,843,841) (S 1187,841,542) (D 0,0,0)
 0 1 35 8942 36044  13 (D 0,0,0) (S 1077,754,810) (S 1193,813,543) (S 537,184,545) (S 1179,545,109) (S 1180,109,45) (S 34,44,45) (S 35,45,46) (S 36,46,47) (S 1204,47,106) (S 1203,106,847) (S 1202,847,544) (D 0,0,0)
 0 1 36 8916 37641  20 (D 0,0,0) (S 91,113,112) (S 153,112,186) (S 154,186,187) (S 156,123,32) (S 975,32,765) (S 1174,764,834) (S 1146,833,834) (S 1147,834,765) (S 157,32,12) (S 158,12,188) (S 10,12,13) (S 9,12,11) (S 825,10,35) (S 824,35,120) (S 1054,122,798) (S 1058,798,800) (S 1196,800,805) (S 92,113,114) (D 0,0,0)
 0 1 37 9000 35223  19 (D 0,0,0) (S 93,115,114) (S 1069,114,185) (S 152,185,112) (S 1151,111,808) (S 1071,808,809) (S 1178,809,545) (S 1177,809,110) (S 1062,125,803) (S 102,125,124) (S 101,124,123) (S 155,123,187) (S 1059,800,187) (S 1150,801,111) (S 90,111,112) (S 1065,186,805) (S 1064,797,805) (S 1195,805,113) (D 0,0,0)
 0 1 38 8989 34922  21 (D 0,0,0) (S 96,118,119) (S 98,119,121) (S 99,121,122) (S 100,122,123) (S 1060,187,801) (S 1149,801,124) (S 1148,124,765) (S 974,765,764) (S 973,763,764) (S 1175,764,125) (S 1176,125,110) (S 89,110,111) (S 1070,808,185) (S 151,185,184) (S 150,184,183) (S 1206,849,183) (S 1207,183,845) (S 534,543,542) (S 533,542,541) (D 0,0,0)
 0 1 39 8954 32021  25 (D 0,0,0) (S 97,119,120) (S 831,120,34) (S 830,34,11) (S 8,11,10) (S 7,9,10) (S 826,10,189) (S 827,189,698) (S 159,189,188) (S 828,699,188) (S 829,188,11) (S 27,34,35) (S 28,35,36) (S 26,34,33) (S 25,32,33) (S 1145,33,121) (S 1144,121,799) (S 1143,799,804) (S 1063,804,797) (S 1053,797,798) (S 1057,798,799) (S 1056,799,118) (S 95,118,115) (S 330,115,174) (D 0,0,0)
 0 1 40 8978 40162  12 (D 0,0,0) (S 362,398,387) (S 1066,74,806) (S 1074,806,182) (S 1075,182,812) (S 61,76,77) (S 1182,76,812) (S 1181,812,45) (S 88,109,108) (S 87,108,107) (S 1192,843,543) (D 0,0,0)
 0 1 41 8994 33117  18 (D 0,0,0) (S 356,393,392) (S 355,392,391) (S 983,391,385) (S 985,376,766) (S 986,766,73) (S 59,73,74) (S 60,74,75) (S 145,181,75) (S 146,75,182) (S 147,182,46) (S 148,46,108) (S 149,108,183) (S 536,184,544) (S 1201,846,544) (S 535,544,543) (S 1194,813,113) (D 0,0,0)
 0 1 42 8964 21188  10 (D 0,0,0) (S 1108,695,205) (S 1123,205,557) (S 553,557,215) (S 182,215,214) (S 561,214,561) (S 560,561,258) (S 559,258,294) (S 558,560,294) (D 0,0,0)
 0 1 43 8867 27703  18 (D 0,0,0) (S 253,294,295) (S 529,295,539) (S 530,539,158) (S 139,173,174) (S 329,174,293) (S 626,596,538) (S 190,224,223) (S 717,643,223) (S 718,223,247) (S 211,247,248) (S 212,248,249) (S 213,249,250) (S 589,567,578) (S 590,578,366) (S 325,366,257) (S 656,365,561) (D 0,0,0)
 0 1 44 8954 28089  25 (D 0,0,0) (S 523,364,536) (S 524,536,248) (S 525,248,537) (S 254,295,296) (S 255,296,218) (S 185,218,219) (S 184,218,217) (S 622,217,277) (S 621,570,277) (S 246,288,278) (S 247,278,289) (S 238,278,277) (S 237,277,276) (S 257,276,135) (S 991,38,712) (S 864,712,713) (S 990,712,221) (S 188,221,222) (S 822,681,285) (S 243,284,285) (S 244,285,286) (S 586,286,364) (S 1170,577,608) (D 0,0,0)
 0 1 45 8985 29342  29 (D 0,0,0) (S 571,547,566) (S 570,566,225) (S 1055,596,173) (S 138,173,158) (S 126,158,159) (S 127,159,160) (S 957,160,757) (S 952,757,127) (S 103,126,127) (S 104,127,128) (S 128,128,160) (S 956,160,748) (S 938,748,129) (S 106,129,130) (S 208,130,245) (S 209,245,246) (S 955,245,748) (S 939,748,315) (S 275,315,246) (S 453,246,274) (S 454,274,486) (S 455,486,487) (S 179,210,211) (S 566,211,219) (S 186,219,212) (S 567,219,462) (S 568,462,539) (D 0,0,0)
 0 1 46 8945 31095  26 (D 0,0,0) (S 526,537,224) (S 528,538,295) (S 531,158,540) (S 879,540,470) (S 880,470,314) (S 881,314,724) (S 882,724,126) (S 883,126,725) (S 949,756,725) (S 942,751,752) (S 941,750,751) (S 950,751,725) (S 884,725,421) (S 885,421,726) (S 1157,836,726) (S 1158,726,802) (S 785,679,680) (S 786,680,133) (S 110,133,134) (S 111,134,135) (S 618,135,38) (S 29,37,38) (S 789,222,681) (S 823,285,536) (D 0,0,0)
 0 1 47 8815 32158  25 (D 0,0,0) (S 322,29,364) (S 790,576,681) (S 620,595,570) (S 577,570,564) (S 575,569,131) (S 207,130,244) (S 206,244,243) (S 1104,243,796) (S 1103,820,796) (S 1052,796,795) (S 130,162,161) (S 385,243,161) (S 386,161,420) (S 387,420,421) (S 954,420,756) (S 953,756,127) (S 958,757,724) (S 273,314,159) (S 274,159,315) (S 210,246,213) (S 428,213,462) (S 429,462,463) (S 625,297,538) (D 0,0,0)
 0 1 48 8920 33011  22 (D 0,0,0) (S 192,226,225) (S 627,565,596) (S 258,296,297) (S 259,297,298) (S 624,297,463) (S 623,463,217) (S 183,217,216) (S 232,216,271) (S 231,270,216) (S 256,218,276) (S 236,276,275) (S 235,274,275) (S 564,275,486) (S 565,486,211) (S 180,211,212) (S 181,212,213) (S 436,213,470) (S 532,540,541) (S 946,541,754) (S 947,754,755) (D 0,0,0)
 0 1 49 8875 27295  11 (D 0,0,0) (S 655,561,609) (S 573,567,249) (S 722,566,644) (S 721,566,548) (S 191,224,225) (S 569,225,565) (S 628,565,367) (S 629,367,269) (S 251,292,293) (D 0,0,0)
 0 1 50 8958 36705  20 (D 0,0,0) (S 470,398,498) (S 469,498,428) (S 393,428,386) (S 394,386,377) (S 342,377,378) (S 364,378,399) (S 1047,399,429) (S 396,429,412) (S 397,412,430) (S 377,412,413) (S 1046,429,766) (S 987,73,767) (S 1073,767,806) (S 988,767,49) (S 944,103,753) (S 945,753,541) (S 538,546,547) (S 1184,578,609) (D 0,0,0)
 0 1 51 8989 40863  16 (D 0,0,0) (S 619,595,38) (S 1199,135,844) (S 215,252,231) (S 214,251,231) (S 234,230,273) (S 195,230,229) (S 543,552,299) (S 260,299,229) (S 217,254,255) (S 261,254,229) (S 233,272,230) (S 196,230,231) (S 1051,795,162) (S 527,538,224) (D 0,0,0)
 0 1 52 8971 31897  24 (D 0,0,0) (S 245,287,286) (S 585,286,576) (S 788,222,595) (S 787,595,133) (S 197,232,233) (S 542,233,549) (S 540,549,550) (S 541,551,549) (S 198,233,234) (S 716,642,234) (S 199,234,132) (S 200,132,235) (S 108,131,132) (S 109,132,133) (S 992,134,38) (S 189,222,223) (S 719,247,537) (S 720,537,548) (S 539,548,547) (S 572,547,249) (S 574,567,568) (S 588,567,577) (D 0,0,0)
 0 1 53 8856 27357  19 (D 0,0,0) (S 654,609,608) (S 653,608,29) (S 652,29,287) (S 545,287,383) (S 544,553,383) (S 791,287,576) (S 584,576,382) (S 820,697,381) (S 821,381,681) (S 187,220,221) (S 989,221,381) (S 346,381,382) (S 347,382,383) (S 348,383,30) (S 24,30,31) (S 349,30,384) (S 23,30,29) (D 0,0,0)
 0 1 54 8838 24401  7 (D 0,0,0) (S 218,257,256) (S 229,256,227) (S 194,227,228) (S 193,227,226) (S 326,226,366) (D 0,0,0)
 0 1 55 8889 31258  11 (D 0,0,0) (S 230,227,269) (S 630,269,292) (S 304,292,348) (S 1067,348,175) (S 1068,175,807) (S 141,175,176) (S 140,175,174) (S 328,293,367) (S 327,367,226) (D 0,0,0)
 0 1 56 8784 23197  13 (D 0,0,0) (S 554,306,557) (S 1124,557,301) (S 1125,301,827) (S 262,301,300) (S 977,300,116) (S 94,116,117) (S 323,117,365) (S 324,365,257) (S 219,257,258) (S 220,258,259) (S 819,695,696) (D 0,0,0)
 0 1 57 8340 18346  15 (D 0,0,0) (S 163,192,193) (S 604,194,585) (S 612,585,590) (S 692,590,195) (S 166,195,196) (S 610,589,588) (S 609,588,559) (S 608,559,587) (S 607,586,587) (S 976,587,300) (S 267,300,306) (S 174,151,205) (S 173,204,205) (D 0,0,0)
 0 1 58 8967 29375  20 (D 0,0,0) (S 290,331,332) (S 594,332,580) (S 593,580,438) (S 997,479,772) (S 446,479,478) (S 996,478,771) (S 72,92,91) (S 71,90,91) (S 73,92,93) (S 940,637,749) (S 711,637,638) (S 712,638,200) (S 710,637,93) (S 74,93,94) (S 75,94,95) (S 615,591,592) (S 616,592,593) (S 420,455,454) (D 0,0,0)
 0 1 59 8934 26945  19 (D 0,0,0) (S 910,454,591) (S 912,95,741) (S 964,741,707) (S 965,707,638) (S 713,200,639) (S 1161,837,639) (S 170,200,201) (S 169,200,199) (S 918,477,281) (S 919,281,743) (S 241,281,282) (S 875,282,720) (S 242,282,283) (S 874,282,91) (S 709,93,562) (S 562,562,563) (S 708,562,456) (D 0,0,0)
 0 1 60 8931 23946  22 (D 0,0,0) (S 852,455,592) (S 851,592,94) (S 850,94,707) (S 848,201,146) (S 117,146,145) (S 915,145,742) (S 116,145,144) (S 293,336,144) (S 118,146,147) (S 119,147,148) (S 120,148,149) (S 847,706,146) (S 914,145,202) (S 913,202,741) (S 963,741,606) (S 646,606,96) (S 647,96,472) (S 648,472,571) (S 843,607,705) (S 401,434,349) (D 0,0,0)
 0 1 61 8948 33650  14 (D 0,0,0) (S 911,591,95) (S 76,95,96) (S 807,689,203) (S 14,19,18) (S 552,340,473) (S 439,474,475) (S 1169,474,839) (S 438,474,473) (S 295,339,340) (S 296,340,18) (S 15,19,20) (S 810,690,691) (D 0,0,0)
 0 1 62 8958 33285  16 (D 0,0,0) (S 811,471,691) (S 804,20,485) (S 456,489,488) (S 863,710,711) (S 967,710,488) (S 966,488,618) (S 676,618,619) (S 675,618,617) (S 888,617,730) (S 674,617,492) (S 461,492,490) (S 462,490,493) (S 802,493,688) (S 803,688,485) (D 0,0,0)
 0 1 63 8796 21990  18 (D 0,0,0) (S 1019,452,446) (S 1020,446,601) (S 294,337,338) (S 1021,337,601) (S 637,601,574) (S 582,574,497) (S 468,497,461) (S 467,461,100) (S 80,100,99) (S 79,99,98) (S 317,361,360) (S 917,360,691) (S 437,471,472) (S 419,453,454) (S 909,454,53) (S 908,53,704) (D 0,0,0)
 0 1 64 8912 28050  14 (D 0,0,0) (S 806,203,503) (S 16,20,21) (S 458,484,490) (S 457,490,489) (S 466,489,496) (S 800,687,496) (S 801,496,493) (S 672,483,22) (S 671,22,502) (S 474,502,501) (S 726,501,101) (S 1007,647,612) (D 0,0,0)
 0 1 65 8952 28417  19 (D 0,0,0) (S 583,497,575) (S 19,24,23) (S 887,23,729) (S 18,23,22) (S 17,22,21) (S 459,21,484) (S 460,491,492) (S 673,492,483) (S 451,483,484) (S 452,484,485) (S 475,503,502) (S 670,502,600) (S 636,600,362) (S 319,362,98) (S 78,98,97) (S 77,96,97) (S 916,97,690) (D 0,0,0)
 0 1 66 8943 36438  20 (D 0,0,0) (S 757,442,668) (S 409,442,441) (S 1171,840,441) (S 408,441,440) (S 617,594,440) (S 1116,665,662) (S 752,661,662) (S 794,682,683) (S 1113,683,641) (S 1112,556,641) (S 714,640,641) (S 715,641,468) (S 434,468,469) (S 433,468,467) (S 796,467,684) (S 432,467,466) (S 814,466,693) (S 754,665,465) (D 0,0,0)
 0 1 67 8884 28989  22 (D 0,0,0) (S 756,667,442) (S 1172,441,825) (S 1173,825,464) (S 430,464,465) (S 431,465,466) (S 813,692,466) (S 795,467,683) (S 1114,683,693) (S 815,693,694) (S 1115,693,662) (S 755,665,666) (S 1117,665,440) (S 1118,440,825) (S 1119,825,667) (S 1120,667,688) (S 805,20,503) (S 640,600,99) (S 639,99,460) (S 426,460,361) (S 316,360,359) (D 0,0,0)
 0 1 68 8976 38903  15 (D 0,0,0) (S 993,768,19) (S 435,469,304) (S 265,304,305) (S 264,304,303) (S 263,302,303) (S 268,307,308) (S 1109,824,308) (S 269,308,309) (S 1110,308,303) (S 1111,303,556) (S 550,556,469) (S 551,469,473) (S 994,19,769) (D 0,0,0)
 0 1 69 8864 28598  21 (D 0,0,0) (S 240,281,280) (S 878,280,723) (S 239,279,280) (S 877,280,198) (S 167,197,198) (S 168,198,199) (S 442,199,79) (S 440,476,142) (S 115,142,143) (S 797,143,476) (S 798,476,685) (S 441,476,79) (S 62,78,79) (S 443,199,477) (S 444,477,92) (S 445,92,478) (S 447,479,480) (S 995,480,770) (S 448,480,59) (D 0,0,0)
 0 1 70 8871 14618  19 (D 0,0,0) (S 162,191,192) (S 165,194,195) (S 693,195,622) (S 694,622,505) (S 695,505,632) (S 696,632,69) (S 697,69,405) (S 370,405,404) (S 369,404,403) (S 663,403,613) (S 368,403,170) (S 137,171,172) (S 901,171,450) (S 416,450,419) (S 1087,451,65) (S 51,65,64) (S 50,64,63) (D 0,0,0)
