1751337
70
1819108
1760609
 0 1 1 8797 18786  15 (D 0,0,0) (S 681,584,622) (S 682,622,623) (S 683,623,624) (S 684,624,625) (S 1130,624,830) (S 1129,624,829) (S 1162,838,829) (S 1163,829,632) (S 1164,632,583) (S 601,583,504) (S 602,504,584) (S 310,353,354) (S 425,355,192) (D 0,0,0)
 0 1 2 8547 14626  19 (D 0,0,0) (S 502,522,521) (S 1030,325,495) (S 464,495,494) (S 463,494,320) (S 279,320,319) (S 662,319,443) (S 410,443,444) (S 1136,443,494) (S 1135,494,814) (S 1134,814,357) (S 282,322,323) (S 281,322,321) (S 312,321,356) (S 280,321,320) (S 1137,443,432) (S 400,432,433) (S 858,433,708) (D 0,0,0)
 0 1 3 7018 16544  11 (D 0,0,0) (S 889,732,731) (S 1018,26,783) (S 21,26,27) (S 753,663,664) (S 799,663,686) (S 972,686,27) (S 22,27,28) (S 926,28,731) (S 1099,732,3) (D 0,0,0)
 0 1 4 8998 20429  15 (D 0,0,0) (S 314,322,358) (S 315,358,359) (S 581,359,574) (S 582,574,497) (S 80,100,99) (S 635,362,599) (S 962,689,606) (S 963,606,741) (S 912,741,95) (S 76,95,96) (S 647,96,472) (S 812,471,334) (S 292,334,335) (D 0,0,0)
 0 1 5 8844 27962  18 (D 0,0,0) (S 1017,426,779) (S 1011,779,239) (S 1012,239,780) (S 204,239,240) (S 203,239,238) (S 1009,238,778) (S 1016,778,781) (S 1014,781,237) (S 1015,237,782) (S 201,237,236) (S 979,236,424) (S 978,424,722) (S 876,721,722) (S 389,424,425) (S 1013,425,781) (S 390,425,426) (D 0,0,0)
 0 1 6 8938 28646  17 (D 0,0,0) (S 418,452,427) (S 513,397,89) (S 473,89,500) (S 472,500,499) (S 471,499,398) (S 470,398,498) (S 392,428,392) (S 982,391,140) (S 114,140,141) (S 981,140,152) (S 122,152,153) (S 980,152,236) (S 202,237,238) (S 1010,778,779) (S 391,426,427) (D 0,0,0)
 0 1 7 8823 31280  21 (D 0,0,0) (S 511,155,529) (S 1185,529,614) (S 69,87,88) (S 70,88,89) (S 514,89,530) (S 515,530,531) (S 631,530,597) (S 632,597,598) (S 1197,615,844) (S 1198,844,842) (S 1189,842,680) (S 786,680,133) (S 110,133,134) (S 992,134,38) (S 29,37,38) (S 991,38,712) (S 864,712,713) (S 990,712,221) (S 187,220,221) (D 0,0,0)
 0 1 8 8908 26685  20 (D 0,0,0) (S 1019,446,452) (S 739,427,137) (S 738,137,290) (S 248,290,154) (S 512,529,397) (S 360,397,396) (S 485,511,396) (S 359,396,395) (S 357,394,393) (S 1006,393,498) (S 469,498,428) (S 393,428,386) (S 350,386,385) (S 984,385,376) (S 983,385,391) (S 355,391,392) (S 356,392,393) (S 737,395,290) (D 0,0,0)
 0 1 9 8981 20303  16 (D 0,0,0) (S 412,447,446) (S 1020,446,601) (S 1021,601,337) (S 294,337,338) (S 637,601,574) (S 638,574,460) (S 427,460,461) (S 81,100,101) (S 467,100,461) (S 468,461,497) (S 583,497,575) (S 728,575,646) (S 1001,647,611) (S 1154,832,719) (D 0,0,0)
 0 1 10 8752 25869  13 (D 0,0,0) (S 727,575,101) (S 726,101,501) (S 725,501,24) (S 20,24,25) (S 19,24,23) (S 887,23,729) (S 18,23,22) (S 16,21,20) (S 475,503,502) (S 474,502,501) (S 82,101,102) (D 0,0,0)
 0 1 11 8851 28053  17 (D 0,0,0) (S 316,359,360) (S 640,99,600) (S 670,600,502) (S 671,502,22) (S 17,22,21) (S 459,21,484) (S 458,484,490) (S 462,490,493) (S 801,493,496) (S 800,687,496) (S 466,496,489) (S 457,489,490) (S 460,491,492) (S 672,483,22) (S 636,600,362) (D 0,0,0)
 0 1 12 8868 23812  20 (D 0,0,0) (S 811,471,691) (S 917,691,360) (S 317,360,361) (S 318,361,98) (S 78,98,97) (S 77,96,97) (S 916,97,690) (S 437,471,472) (S 419,453,454) (S 420,454,455) (S 852,455,592) (S 616,592,593) (S 853,455,54) (S 42,54,53) (S 908,53,704) (S 381,327,416) (S 382,416,417) (S 383,417,418) (D 0,0,0)
 0 1 13 8961 15759  31 (D 0,0,0) (S 779,653,674) (S 144,180,179) (S 763,179,267) (S 226,267,266) (S 225,266,265) (S 299,265,343) (S 932,260,745) (S 1106,822,823) (S 1131,823,831) (S 1105,821,822) (S 1183,822,43) (S 933,43,745) (S 1095,745,85) (S 67,85,42) (S 32,42,41) (S 1093,512,715) (S 866,715,371) (S 333,371,370) (S 758,370,669) (S 340,370,375) (S 339,375,86) (S 871,86,380) (S 345,380,264) (S 224,264,265) (S 930,343,508) (S 929,508,671) (S 762,671,267) (S 227,267,268) (S 228,268,63) (D 0,0,0)
 0 1 14 8893 41051  17 (D 0,0,0) (S 207,130,244) (S 1159,802,252) (S 215,252,231) (S 195,230,229) (S 543,552,299) (S 260,299,229) (S 261,229,254) (S 217,254,255) (S 233,272,230) (S 234,230,273) (S 196,230,231) (S 214,251,231) (S 216,252,253) (S 1160,252,679) (S 785,679,680) (D 0,0,0)
 0 1 15 8174 13286  21 (D 0,0,0) (S 1168,63,787) (S 1167,787,816) (S 1088,816,65) (S 900,66,171) (S 136,171,170) (S 368,170,403) (S 663,403,613) (S 369,403,404) (S 598,404,582) (S 597,582,581) (S 596,581,516) (S 595,516,332) (S 594,332,580) (S 1035,580,331) (S 289,331,330) (S 288,330,329) (S 287,329,328) (S 905,328,519) (S 498,519,416) (D 0,0,0)
 0 1 16 8627 16476  19 (D 0,0,0) (S 690,521,324) (S 859,433,324) (S 689,631,324) (S 283,324,325) (S 284,325,326) (S 285,326,327) (S 380,327,415) (S 403,415,435) (S 404,435,436) (S 855,436,703) (S 421,455,456) (S 422,456,457) (S 707,456,58) (S 591,57,579) (S 592,579,438) (S 406,438,437) (S 927,437,330) (D 0,0,0)
 0 1 17 8411 15043  26 (D 0,0,0) (S 768,17,523) (S 505,524,525) (S 506,525,526) (S 507,526,527) (S 522,527,368) (S 332,369,370) (S 334,371,372) (S 335,372,40) (S 337,373,374) (S 749,373,84) (S 935,657,746) (S 934,657,43) (S 33,43,42) (S 66,42,84) (S 65,83,84) (S 748,84,657) (S 747,657,656) (S 1097,656,670) (S 1096,745,670) (S 759,670,261) (S 221,261,260) (S 931,260,343) (S 482,508,5) (S 773,7,675) (D 0,0,0)
 0 1 18 8945 33620  22 (D 0,0,0) (S 1138,832,432) (S 342,378,377) (S 395,377,429) (S 986,766,73) (S 59,73,74) (S 1066,74,806) (S 1074,806,182) (S 146,182,75) (S 145,181,75) (S 60,75,74) (S 987,73,767) (S 988,767,49) (S 39,49,50) (S 38,49,48) (S 1190,48,105) (S 84,105,104) (S 944,103,753) (S 528,295,538) (S 721,548,566) (S 571,566,547) (D 0,0,0)
 0 1 19 8784 13509  16 (D 0,0,0) (S 1,0,1) (S 2,2,3) (S 890,733,621) (S 677,620,621) (S 678,621,459) (S 424,459,355) (S 311,355,354) (S 321,354,193) (S 604,194,585) (S 605,585,206) (S 175,206,151) (S 174,151,205) (S 173,204,205) (S 1108,205,695) (D 0,0,0)
 0 1 20 8378 13817  24 (D 0,0,0) (S 50,63,64) (S 1087,65,451) (S 417,451,419) (S 416,419,450) (S 901,450,171) (S 137,171,172) (S 923,736,313) (S 272,313,310) (S 270,310,311) (S 271,310,312) (S 414,312,449) (S 894,449,736) (S 924,736,739) (S 902,739,450) (S 415,450,449) (S 895,449,170) (S 896,170,67) (S 899,66,738) (S 1166,738,816) (S 1089,816,733) (S 1090,733,734) (S 817,2,0) (D 0,0,0)
 0 1 21 8992 15122  18 (D 0,0,0) (S 1091,4,734) (S 891,734,621) (S 423,458,459) (S 679,459,353) (S 680,353,584) (S 603,584,194) (S 166,195,196) (S 776,196,589) (S 610,589,588) (S 557,559,209) (S 177,208,207) (S 691,207,590) (S 692,590,195) (S 165,195,194) (S 163,193,192) (S 162,192,191) (D 0,0,0)
 0 1 22 8816 16435  13 (D 0,0,0) (S 613,532,585) (S 612,585,590) (S 611,590,589) (S 1121,588,208) (S 178,208,209) (S 556,209,558) (S 1132,558,826) (S 1122,826,208) (S 176,206,207) (S 555,558,306) (S 266,306,151) (D 0,0,0)
 0 1 23 8886 18886  12 (D 0,0,0) (S 164,193,194) (S 693,195,622) (S 694,622,505) (S 774,505,623) (S 775,623,196) (S 609,588,559) (S 608,559,587) (S 607,586,587) (S 976,587,300) (S 267,300,306) (D 0,0,0)
 0 1 24 8772 10518  17 (D 0,0,0) (S 778,677,653) (S 770,674,180) (S 771,180,268) (S 772,268,675) (S 928,675,671) (S 761,671,6) (S 740,8,555) (S 161,190,191) (S 1100,191,3) (S 1026,3,787) (S 1027,787,64) (S 1028,64,520) (S 501,520,521) (S 792,521,677) (S 816,677,0) (D 0,0,0)
 0 1 25 7566 12331  17 (D 0,0,0) (S 3,3,4) (S 886,728,727) (S 936,747,727) (S 1083,728,4) (S 1084,4,191) (S 516,191,532) (S 518,150,533) (S 517,150,532) (S 614,532,80) (S 63,80,81) (S 547,81,190) (S 64,82,81) (S 1107,81,695) (S 819,695,696) (S 818,695,2) (D 0,0,0)
 0 1 26 8998 31971  22 (D 0,0,0) (S 765,672,16) (S 12,16,15) (S 486,396,500) (S 487,500,389) (S 353,388,389) (S 354,389,390) (S 1050,390,530) (S 1049,390,652) (S 733,652,414) (S 732,651,414) (S 378,414,401) (S 366,401,400) (S 374,409,400) (S 365,400,399) (S 364,399,378) (S 363,378,387) (S 362,387,398) (S 361,398,394) (S 1005,777,393) (S 358,394,395) (D 0,0,0)
 0 1 27 8986 33530  20 (D 0,0,0) (S 736,395,499) (S 735,499,388) (S 352,388,387) (S 351,387,386) (S 394,386,377) (S 341,377,376) (S 985,376,766) (S 1046,766,429) (S 396,429,412) (S 377,412,413) (S 397,412,430) (S 1047,429,399) (S 375,400,410) (S 376,410,411) (S 379,410,401) (S 367,401,402) (S 1048,399,652) (S 734,652,388) (D 0,0,0)
 0 1 28 8652 16070  27 (D 0,0,0) (S 781,672,431) (S 399,431,15) (S 11,15,14) (S 1079,525,762) (S 520,535,445) (S 519,445,534) (S 660,534,448) (S 659,448,612) (S 1008,612,774) (S 998,773,774) (S 999,774,775) (S 1000,774,611) (S 657,610,611) (S 658,611,612) (S 1007,612,647) (S 730,647,648) (S 729,647,646) (S 793,646,447) (S 413,447,448) (S 661,534,319) (S 278,319,318) (S 411,445,318) (S 277,318,317) (S 1078,718,762) (S 767,673,524) (D 0,0,0)
 0 1 29 8897 27370  8 (D 0,0,0) (S 326,366,226) (S 193,226,227) (S 194,227,228) (S 630,269,292) (S 251,292,293) (S 327,367,226) (D 0,0,0)
 0 1 30 8988 30643  15 (D 0,0,0) (S 869,717,427) (S 112,136,137) (S 249,154,291) (S 250,291,242) (S 205,242,241) (S 508,241,528) (S 784,528,678) (S 509,241,291) (S 510,291,155) (S 124,155,156) (S 125,156,157) (S 664,156,363) (S 320,363,242) (D 0,0,0)
 0 1 31 8985 30657  30 (D 0,0,0) (S 619,595,38) (S 618,38,135) (S 257,135,276) (S 237,276,277) (S 622,277,217) (S 184,217,218) (S 185,218,219) (S 565,211,486) (S 455,486,487) (S 564,486,275) (S 235,275,274) (S 453,274,246) (S 209,246,245) (S 955,245,748) (S 956,748,160) (S 128,160,128) (S 104,128,127) (S 103,127,126) (S 883,126,725) (S 941,750,751) (S 942,751,752) (S 950,751,725) (S 949,725,756) (S 952,127,757) (S 958,757,724) (S 880,314,470) (S 436,470,213) (S 428,213,462) (D 0,0,0)
 0 1 32 8988 33609  15 (D 0,0,0) (S 431,465,466) (S 814,466,693) (S 815,693,694) (S 1114,693,683) (S 794,682,683) (S 795,683,467) (S 796,467,684) (S 433,467,468) (S 434,468,469) (S 295,339,340) (S 296,340,18) (S 993,768,19) (S 15,19,20) (D 0,0,0)
 0 1 33 8969 39219  15 (D 0,0,0) (S 807,689,203) (S 813,692,466) (S 432,466,467) (S 1111,556,303) (S 1109,824,308) (S 268,307,308) (S 269,308,309) (S 1110,308,303) (S 263,302,303) (S 264,303,304) (S 265,304,305) (S 435,304,469) (S 14,18,19) (D 0,0,0)
 0 1 34 8900 26557  21 (D 0,0,0) (S 810,691,690) (S 809,690,599) (S 172,203,202) (S 171,202,201) (S 848,201,146) (S 847,706,146) (S 118,146,147) (S 119,147,148) (S 120,148,149) (S 117,146,145) (S 915,145,742) (S 116,145,144) (S 293,336,144) (S 914,145,202) (S 913,202,741) (S 646,606,96) (S 648,472,571) (S 579,572,573) (S 580,573,359) (D 0,0,0)
 0 1 35 8719 35109  19 (D 0,0,0) (S 803,485,688) (S 1119,667,825) (S 1118,825,440) (S 1116,665,662) (S 752,661,662) (S 1115,662,693) (S 1113,683,641) (S 714,640,641) (S 715,641,468) (S 1112,641,556) (S 550,556,469) (S 551,469,473) (S 439,474,475) (S 1169,474,839) (S 438,474,473) (S 552,473,340) (S 994,19,769) (D 0,0,0)
 0 1 36 8975 33063  16 (D 0,0,0) (S 674,492,617) (S 888,617,730) (S 675,617,618) (S 676,618,619) (S 966,618,488) (S 967,488,710) (S 863,710,711) (S 456,488,489) (S 461,490,492) (S 673,492,483) (S 451,483,484) (S 452,484,485) (S 804,485,20) (S 806,503,203) (D 0,0,0)
 0 1 37 8900 29341  22 (D 0,0,0) (S 874,91,282) (S 875,282,720) (S 919,281,743) (S 240,281,280) (S 878,280,723) (S 239,279,280) (S 877,280,198) (S 167,197,198) (S 168,198,199) (S 442,199,79) (S 62,78,79) (S 441,79,476) (S 798,476,685) (S 440,476,142) (S 115,142,143) (S 797,143,476) (S 443,199,477) (S 169,199,200) (S 712,200,638) (S 965,638,707) (D 0,0,0)
 0 1 38 8990 18398  21 (D 0,0,0) (S 286,327,328) (S 907,435,704) (S 41,53,52) (S 650,52,453) (S 649,453,571) (S 578,571,572) (S 865,572,714) (S 862,573,554) (S 860,709,139) (S 113,138,139) (S 861,139,554) (S 546,554,358) (S 313,322,357) (S 1082,814,788) (S 1032,788,789) (S 1031,788,495) (S 465,495,350) (S 307,350,326) (S 308,326,351) (D 0,0,0)
 0 1 39 8866 12849  31 (D 0,0,0) (S 777,676,677) (S 769,674,17) (S 13,17,16) (S 766,16,524) (S 504,524,523) (S 503,523,522) (S 1152,522,708) (S 1153,708,719) (S 870,719,718) (S 1139,718,832) (S 1155,832,317) (S 1156,317,835) (S 276,317,316) (S 1142,316,761) (S 1141,761,526) (S 1080,525,14) (S 477,14,506) (S 478,506,177) (S 398,178,431) (S 782,431,506) (S 783,506,346) (S 303,346,347) (S 1140,347,526) (S 521,527,535) (S 968,535,761) (S 969,761,762) (S 970,762,673) (S 971,673,708) (S 743,522,653) (D 0,0,0)
 0 1 40 8849 20492  16 (D 0,0,0) (S 839,702,701) (S 1037,701,56) (S 45,56,57) (S 46,57,58) (S 706,636,58) (S 47,58,59) (S 48,59,60) (S 995,480,770) (S 448,480,59) (S 449,59,481) (S 834,481,333) (S 833,333,514) (S 493,514,515) (S 494,515,516) (D 0,0,0)
 0 1 41 8887 18610  28 (D 0,0,0) (S 497,519,518) (S 857,518,329) (S 856,329,436) (S 405,436,437) (S 1024,437,784) (S 731,649,650) (S 1022,649,784) (S 1025,784,786) (S 1023,784,785) (S 1040,785,793) (S 1039,792,793) (S 1041,793,660) (S 751,659,660) (S 1042,660,790) (S 1036,790,701) (S 838,701,579) (S 837,579,636) (S 705,636,635) (S 960,758,759) (S 961,758,760) (S 959,758,635) (S 704,635,439) (S 703,439,422) (S 388,422,423) (S 702,422,515) (S 496,517,518) (D 0,0,0)
 0 1 42 8931 18954  22 (D 0,0,0) (S 641,602,603) (S 724,603,604) (S 723,645,604) (S 686,605,628) (S 644,605,604) (S 643,604,602) (S 642,602,517) (S 495,517,516) (S 701,515,634) (S 951,634,629) (S 688,629,630) (S 687,629,627) (S 698,633,405) (S 370,405,404) (S 599,404,68) (S 600,68,583) (S 1165,583,737) (S 53,67,66) (S 52,66,65) (S 51,65,64) (D 0,0,0)
 0 1 43 8718 15413  23 (D 0,0,0) (S 499,351,416) (S 1002,417,740) (S 1003,740,735) (S 1004,735,776) (S 1044,776,581) (S 1045,581,626) (S 685,626,627) (S 700,627,634) (S 699,627,633) (S 920,744,633) (S 921,633,582) (S 922,582,313) (S 893,736,735) (S 892,735,518) (S 904,519,740) (S 903,740,739) (S 925,739,418) (S 384,418,419) (S 1086,451,352) (S 309,352,351) (S 500,351,520) (D 0,0,0)
 0 1 44 8994 19584  19 (D 0,0,0) (S 1029,520,325) (S 402,415,434) (S 1081,434,705) (S 844,705,167) (S 134,167,166) (S 1034,166,702) (S 840,702,703) (S 854,703,54) (S 43,54,55) (S 44,55,56) (S 1038,56,791) (S 1043,55,794) (S 1102,794,819) (S 1101,794,51) (S 40,51,52) (S 651,52,607) (S 401,434,349) (D 0,0,0)
 0 1 45 8861 20166  18 (D 0,0,0) (S 306,350,349) (S 305,349,169) (S 135,168,169) (S 634,169,62) (S 49,61,62) (S 633,62,167) (S 843,705,607) (S 842,607,704) (S 841,704,703) (S 133,166,165) (S 132,164,165) (S 832,165,700) (S 835,700,481) (S 450,481,482) (S 291,333,332) (S 290,332,331) (D 0,0,0)
 0 1 46 8972 25618  20 (D 0,0,0) (S 593,580,438) (S 407,438,439) (S 708,456,562) (S 562,562,563) (S 709,562,93) (S 73,93,92) (S 72,92,91) (S 71,90,91) (S 242,282,283) (S 241,282,281) (S 918,281,477) (S 444,477,92) (S 445,92,478) (S 996,478,771) (S 446,478,479) (S 997,479,772) (S 447,479,480) (S 836,700,636) (D 0,0,0)
 0 1 47 8970 21565  19 (D 0,0,0) (S 906,328,435) (S 909,53,454) (S 910,454,591) (S 615,591,592) (S 851,592,94) (S 850,94,707) (S 964,741,707) (S 849,707,201) (S 170,201,200) (S 1161,837,639) (S 713,639,200) (S 711,638,637) (S 940,637,749) (S 710,637,93) (S 74,93,94) (S 75,94,95) (S 911,95,591) (D 0,0,0)
 0 1 48 8875 19319  20 (D 0,0,0) (S 476,504,505) (S 695,505,632) (S 696,632,69) (S 697,69,405) (S 371,405,406) (S 1033,70,406) (S 372,406,407) (S 1126,828,407) (S 373,407,408) (S 1127,407,71) (S 1128,71,829) (S 58,71,72) (S 57,71,70) (S 56,70,69) (S 55,69,68) (S 54,68,67) (S 897,67,737) (S 898,737,738) (D 0,0,0)
 0 1 49 8980 24112  20 (D 0,0,0) (S 1123,205,557) (S 553,557,215) (S 653,608,29) (S 322,29,364) (S 586,364,286) (S 243,284,285) (S 244,285,286) (S 585,286,576) (S 790,576,681) (S 189,222,223) (S 717,643,223) (S 718,223,247) (S 719,247,537) (S 539,548,547) (S 538,546,547) (S 573,249,567) (S 590,578,366) (S 325,366,257) (D 0,0,0)
 0 1 50 8983 29790  23 (D 0,0,0) (S 426,361,460) (S 639,460,99) (S 79,99,98) (S 319,98,362) (S 802,493,688) (S 1171,840,441) (S 1172,441,825) (S 1173,825,464) (S 430,464,465) (S 754,465,665) (S 755,665,666) (S 1117,665,440) (S 617,594,440) (S 408,440,441) (S 409,441,442) (S 757,442,668) (S 756,442,667) (S 1120,667,688) (S 805,20,503) (S 808,689,599) (S 1133,335,357) (D 0,0,0)
 0 1 51 8939 26224  15 (D 0,0,0) (S 561,214,561) (S 560,561,258) (S 559,258,294) (S 252,293,294) (S 558,560,294) (S 253,294,295) (S 254,295,296) (S 258,296,297) (S 625,297,538) (S 190,224,223) (S 211,247,248) (S 212,248,249) (S 213,249,250) (D 0,0,0)
 0 1 52 8965 34307  16 (D 0,0,0) (S 526,537,224) (S 945,541,753) (S 1211,753,841) (S 1186,841,104) (S 83,104,103) (S 943,103,49) (S 1073,767,806) (S 147,182,46) (S 35,46,45) (S 1180,45,109) (S 1179,109,545) (S 1071,809,808) (S 92,113,114) (S 329,174,293) (D 0,0,0)
 0 1 53 8992 32824  22 (D 0,0,0) (S 554,306,557) (S 787,595,133) (S 199,132,234) (S 198,234,233) (S 197,232,233) (S 542,233,549) (S 540,549,550) (S 541,551,549) (S 716,642,234) (S 200,132,235) (S 108,132,131) (S 576,131,564) (S 577,564,570) (S 247,278,289) (S 246,288,278) (S 238,278,277) (S 621,277,570) (S 620,570,595) (S 245,286,287) (S 182,214,215) (D 0,0,0)
 0 1 54 8995 33503  21 (D 0,0,0) (S 656,561,365) (S 324,365,257) (S 192,226,225) (S 126,158,159) (S 273,159,314) (S 532,540,541) (S 946,541,754) (S 947,754,755) (S 1077,754,810) (S 1076,810,813) (S 1192,543,843) (S 1209,843,847) (S 85,106,105) (S 1191,105,843) (S 534,543,542) (S 533,542,541) (S 1072,810,811) (S 1212,811,755) (S 948,755,115) (D 0,0,0)
 0 1 55 8971 23669  10 (D 0,0,0) (S 219,258,257) (S 218,257,256) (S 229,256,227) (S 230,227,269) (S 629,269,367) (S 628,367,565) (S 569,565,225) (S 570,225,566) (D 0,0,0)
 0 1 56 8982 31338  19 (D 0,0,0) (S 328,367,293) (S 330,174,115) (S 93,115,114) (S 1069,114,185) (S 151,185,184) (S 150,184,183) (S 1207,183,845) (S 1208,845,847) (S 1203,847,106) (S 86,106,107) (S 87,107,108) (S 149,108,183) (S 1206,849,183) (S 536,184,544) (S 535,544,543) (S 1193,543,813) (S 1194,813,113) (D 0,0,0)
 0 1 57 8935 34454  24 (D 0,0,0) (S 1195,113,805) (S 1059,800,187) (S 1060,187,801) (S 154,187,186) (S 153,186,112) (S 90,112,111) (S 1150,111,801) (S 1149,801,124) (S 102,124,125) (S 1062,125,803) (S 1176,125,110) (S 1151,111,808) (S 1070,808,185) (S 152,185,112) (S 1065,186,805) (S 1053,797,798) (S 1058,798,800) (S 1196,800,805) (S 1064,805,797) (S 1063,797,804) (S 1143,804,799) (S 1056,799,118) (D 0,0,0)
 0 1 58 8992 34951  24 (D 0,0,0) (S 95,115,118) (S 96,118,119) (S 97,119,120) (S 824,120,35) (S 28,35,36) (S 27,35,34) (S 1145,33,121) (S 1144,121,799) (S 1057,799,798) (S 1054,798,122) (S 155,187,123) (S 156,123,32) (S 25,32,33) (S 26,33,34) (S 830,34,11) (S 829,11,188) (S 828,699,188) (S 158,12,188) (S 159,188,189) (S 827,189,698) (S 826,189,10) (S 831,34,120) (D 0,0,0)
 0 1 59 8961 36434  20 (D 0,0,0) (S 825,35,10) (S 7,9,10) (S 8,10,11) (S 9,11,12) (S 10,12,13) (S 157,12,32) (S 975,32,765) (S 974,765,764) (S 973,763,764) (S 1175,764,125) (S 1174,764,834) (S 1146,833,834) (S 1147,834,765) (S 1148,765,124) (S 101,124,123) (S 100,123,122) (S 99,122,121) (S 98,121,119) (D 0,0,0)
 0 1 60 8980 34034  24 (D 0,0,0) (S 572,249,547) (S 627,565,596) (S 626,596,538) (S 255,296,218) (S 256,218,276) (S 236,276,275) (S 563,275,564) (S 575,569,131) (S 208,130,245) (S 454,274,486) (S 180,211,212) (S 179,210,211) (S 566,211,219) (S 429,462,463) (S 623,463,217) (S 232,216,271) (S 231,270,216) (S 183,216,217) (S 624,463,297) (S 259,297,298) (S 191,224,225) (S 722,566,644) (D 0,0,0)
 0 1 61 8942 31720  23 (D 0,0,0) (S 720,548,537) (S 527,224,538) (S 138,173,158) (S 274,159,315) (S 127,159,160) (S 957,160,757) (S 953,127,756) (S 954,756,420) (S 387,420,421) (S 885,421,726) (S 1157,836,726) (S 1158,726,802) (S 1061,802,795) (S 1051,795,162) (S 131,162,163) (S 130,162,161) (S 129,161,128) (S 105,128,129) (S 106,129,130) (S 107,130,131) (S 109,132,133) (D 0,0,0)
 0 1 62 8963 35005  18 (D 0,0,0) (S 1170,608,577) (S 524,536,248) (S 525,248,537) (S 1201,846,544) (S 1202,544,847) (S 1200,845,107) (S 1204,106,47) (S 1205,47,848) (S 37,47,48) (S 36,47,46) (S 148,46,108) (S 88,108,109) (S 1178,545,809) (S 1177,809,110) (S 89,110,111) (S 91,112,113) (D 0,0,0)
 0 1 63 8709 27482  18 (D 0,0,0) (S 652,29,287) (S 791,287,576) (S 584,576,382) (S 346,382,381) (S 820,697,381) (S 821,381,681) (S 788,222,595) (S 111,134,135) (S 1199,135,844) (S 1188,842,615) (S 668,615,597) (S 667,597,88) (S 666,88,614) (S 665,614,156) (S 645,363,155) (S 123,155,154) (D 0,0,0)
 0 1 64 8790 26038  19 (D 0,0,0) (S 654,609,608) (S 23,29,30) (S 24,30,31) (S 349,30,384) (S 348,30,383) (S 545,383,287) (S 544,553,383) (S 347,383,382) (S 989,381,221) (S 188,221,222) (S 789,222,681) (S 822,681,285) (S 823,285,536) (S 523,536,364) (S 587,364,577) (S 588,577,567) (S 1184,578,609) (D 0,0,0)
 0 1 65 8894 32900  10 (D 0,0,0) (S 304,292,348) (S 1067,348,175) (S 141,175,176) (S 1068,175,807) (S 140,175,174) (S 139,174,173) (S 1055,173,596) (S 574,567,568) (D 0,0,0)
 0 1 66 8886 22709  10 (D 0,0,0) (S 220,258,259) (S 323,365,117) (S 94,117,116) (S 977,116,300) (S 262,300,301) (S 1125,301,827) (S 1124,301,557) (S 121,151,150) (D 0,0,0)
 0 1 67 8987 42643  10 (D 0,0,0) (S 537,184,545) (S 34,44,45) (S 1181,45,812) (S 1182,812,76) (S 61,76,77) (S 1075,812,182) (S 1210,843,841) (S 1187,841,542) (D 0,0,0)
 0 1 68 8856 30044  26 (D 0,0,0) (S 529,295,539) (S 530,539,158) (S 531,158,540) (S 879,540,470) (S 881,314,724) (S 882,724,126) (S 884,725,421) (S 386,420,161) (S 385,161,243) (S 1104,243,796) (S 1103,820,796) (S 1052,795,796) (S 206,243,244) (S 937,244,129) (S 938,129,748) (S 939,748,315) (S 275,315,246) (S 210,246,213) (S 181,213,212) (S 186,212,219) (S 567,219,462) (S 568,462,539) (S 589,567,578) (S 655,609,561) (D 0,0,0)
 0 1 69 8245 16626  28 (D 0,0,0) (S 302,346,345) (S 343,379,368) (S 331,368,369) (S 606,369,513) (S 492,379,345) (S 301,345,344) (S 872,344,380) (S 344,380,379) (S 491,379,513) (S 490,513,375) (S 489,375,512) (S 488,512,41) (S 31,41,40) (S 336,40,373) (S 750,373,658) (S 669,616,39) (S 1085,39,815) (S 30,39,40) (S 867,372,715) (S 1092,817,715) (S 1094,512,85) (S 68,85,86) (S 338,86,263) (S 223,263,264) (S 300,265,344) (S 873,344,507) (D 0,0,0)
 0 1 70 8430 13575  30 (D 0,0,0) (S 780,674,672) (S 764,672,179) (S 143,179,178) (S 142,178,177) (S 479,177,507) (S 480,507,266) (S 481,266,508) (S 298,343,342) (S 297,341,342) (S 760,342,261) (S 222,261,262) (S 745,262,655) (S 868,716,655) (S 746,655,656) (S 1098,656,818) (S 744,262,654) (S 846,654,82) (S 160,82,190) (S 548,190,555) (S 549,555,509) (S 845,509,654) (S 484,509,510) (S 483,509,5) (S 4,5,6) (S 5,6,7) (S 6,7,8) (S 741,8,63) (S 742,63,653) (D 0,0,0)
