1745234
70
2401109
2383406
 0 1 1 8272 16544  13 (D 0,0,0) (S 817,0,2) (S 926,731,28) (S 799,686,663) (S 753,663,664) (S 972,686,27) (S 1018,26,783) (S 21,26,27) (S 22,27,28) (S 889,731,732) (S 1099,732,3) (S 2,3,2) (D 0,0,0)
 0 1 2 8848 15965  18 (D 0,0,0) (S 1026,3,787) (S 1164,583,632) (S 1163,632,829) (S 1129,829,624) (S 684,624,625) (S 1130,624,830) (S 683,624,623) (S 682,623,622) (S 693,622,195) (S 692,195,590) (S 612,590,585) (S 603,194,584) (S 679,353,459) (S 677,620,621) (S 891,621,734) (S 3,4,3) (D 0,0,0)
 0 1 3 7994 12514  13 (D 0,0,0) (S 162,191,192) (S 425,192,355) (S 321,354,193) (S 165,194,195) (S 166,195,196) (S 776,196,589) (S 611,589,590) (S 691,590,207) (S 176,207,206) (S 605,206,585) (S 613,585,532) (D 0,0,0)
 0 1 4 8940 16410  15 (D 0,0,0) (S 516,191,532) (S 517,532,150) (S 121,150,151) (S 175,151,206) (S 177,207,208) (S 1121,208,588) (S 609,588,559) (S 557,559,209) (S 556,209,558) (S 1132,558,826) (S 1122,826,208) (S 178,208,209) (S 555,558,306) (D 0,0,0)
 0 1 5 8972 17103  22 (D 0,0,0) (S 163,192,193) (S 164,193,194) (S 775,196,623) (S 774,623,505) (S 694,505,622) (S 681,622,584) (S 602,584,504) (S 601,504,583) (S 599,68,404) (S 922,582,313) (S 272,313,310) (S 270,310,311) (S 271,310,312) (S 414,312,449) (S 894,449,736) (S 924,736,739) (S 384,418,419) (S 1087,451,65) (S 51,65,64) (S 1027,64,787) (D 0,0,0)
 0 1 6 8736 22260  15 (D 0,0,0) (S 1166,816,738) (S 1165,737,583) (S 600,583,68) (S 57,70,71) (S 58,71,72) (S 1128,71,829) (S 1162,838,829) (S 1127,71,407) (S 373,407,408) (S 1126,828,407) (S 372,407,406) (S 598,404,582) (S 923,313,736) (D 0,0,0)
 0 1 7 8999 22111  17 (D 0,0,0) (S 834,333,481) (S 449,481,59) (S 448,59,480) (S 447,480,479) (S 996,478,771) (S 445,478,92) (S 73,92,93) (S 562,562,563) (S 708,562,456) (S 707,456,58) (S 837,636,579) (S 592,579,438) (S 593,438,580) (S 594,580,332) (S 595,332,516) (D 0,0,0)
 0 1 8 8959 15850  21 (D 0,0,0) (S 890,733,621) (S 678,621,459) (S 423,458,459) (S 424,459,355) (S 311,355,354) (S 310,354,353) (S 680,353,584) (S 476,504,505) (S 695,505,632) (S 696,632,69) (S 56,69,70) (S 1033,70,406) (S 371,406,405) (S 370,405,404) (S 369,404,403) (S 663,403,613) (S 368,403,170) (S 52,66,65) (S 1088,65,816) (D 0,0,0)
 0 1 9 8775 14707  28 (D 0,0,0) (S 501,521,520) (S 1029,520,325) (S 286,327,328) (S 905,328,519) (S 496,518,517) (S 642,517,602) (S 641,602,603) (S 724,603,604) (S 723,645,604) (S 644,604,605) (S 686,605,628) (S 643,604,602) (S 495,517,516) (S 494,516,515) (S 701,515,634) (S 700,634,627) (S 685,627,626) (S 1045,626,581) (S 1044,581,776) (S 1004,776,735) (S 1003,735,740) (S 903,740,739) (S 925,739,418) (S 383,418,417) (S 382,417,416) (S 499,416,351) (D 0,0,0)
 0 1 10 8975 14929  24 (D 0,0,0) (S 689,631,324) (S 859,324,433) (S 858,433,708) (S 1153,708,719) (S 1154,719,832) (S 1155,832,317) (S 1156,317,835) (S 277,317,318) (S 278,318,319) (S 279,319,320) (S 280,320,321) (S 312,321,356) (S 281,321,322) (S 282,322,323) (S 313,322,357) (S 1134,357,814) (S 1135,814,494) (S 1136,494,443) (S 410,443,444) (S 1137,443,432) (S 400,432,433) (S 690,324,521) (D 0,0,0)
 0 1 11 8700 11997  28 (D 0,0,0) (S 816,0,677) (S 792,677,521) (S 500,520,351) (S 309,351,352) (S 1086,352,451) (S 417,451,419) (S 416,419,450) (S 901,450,171) (S 137,171,172) (S 896,170,67) (S 897,67,737) (S 898,737,738) (S 899,738,66) (S 900,66,171) (S 136,171,170) (S 895,170,449) (S 415,449,450) (S 902,450,739) (S 893,736,735) (S 892,735,518) (S 497,518,519) (S 904,519,740) (S 1002,740,417) (S 381,416,327) (S 285,327,326) (S 284,326,325) (D 0,0,0)
 0 1 12 8763 16164  20 (D 0,0,0) (S 308,351,326) (S 380,327,415) (S 907,435,704) (S 841,704,703) (S 840,703,702) (S 839,702,701) (S 838,701,579) (S 591,579,57) (S 46,57,58) (S 422,456,457) (S 421,456,455) (S 420,455,454) (S 419,454,453) (S 650,453,52) (S 651,52,607) (S 401,434,349) (S 465,350,495) (S 1030,495,325) (D 0,0,0)
 0 1 13 8906 22372  18 (D 0,0,0) (S 283,324,325) (S 852,455,592) (S 616,592,593) (S 615,592,591) (S 76,95,96) (S 647,96,472) (S 648,472,571) (S 578,571,572) (S 865,572,714) (S 579,572,573) (S 862,573,554) (S 861,554,139) (S 860,709,139) (S 113,138,139) (S 546,554,358) (S 314,358,322) (D 0,0,0)
 0 1 14 8883 19662  19 (D 0,0,0) (S 498,416,519) (S 857,518,329) (S 856,329,436) (S 855,436,703) (S 1034,702,166) (S 133,166,165) (S 132,164,165) (S 832,165,700) (S 48,59,60) (S 47,59,58) (S 706,58,636) (S 705,636,635) (S 961,758,760) (S 960,758,759) (S 959,758,635) (S 704,635,439) (S 1035,580,331) (D 0,0,0)
 0 1 15 8987 28978  23 (D 0,0,0) (S 74,94,93) (S 710,93,637) (S 940,637,749) (S 711,637,638) (S 712,638,200) (S 713,200,639) (S 1161,837,639) (S 848,201,146) (S 847,706,146) (S 119,147,148) (S 120,148,149) (S 118,147,146) (S 117,146,145) (S 116,145,144) (S 293,336,144) (S 915,145,742) (S 914,145,202) (S 913,202,741) (S 963,741,606) (S 646,606,96) (S 77,96,97) (D 0,0,0)
 0 1 16 8903 33574  14 (D 0,0,0) (S 809,690,599) (S 15,20,19) (S 993,768,19) (S 14,19,18) (S 552,340,473) (S 1169,474,839) (S 439,474,475) (S 438,474,473) (S 551,469,473) (S 295,339,340) (S 296,340,18) (S 994,19,769) (D 0,0,0)
 0 1 17 8994 39051  14 (D 0,0,0) (S 1112,641,556) (S 550,556,469) (S 435,469,304) (S 265,304,305) (S 264,304,303) (S 1110,303,308) (S 268,307,308) (S 1109,824,308) (S 269,308,309) (S 263,302,303) (S 1111,303,556) (S 1114,683,693) (D 0,0,0)
 0 1 18 8955 33153  21 (D 0,0,0) (S 1173,825,464) (S 430,464,465) (S 431,465,466) (S 433,467,468) (S 434,468,469) (S 715,468,641) (S 714,640,641) (S 1113,641,683) (S 794,682,683) (S 795,683,467) (S 796,467,684) (S 432,467,466) (S 813,692,466) (S 814,466,693) (S 754,465,665) (S 1172,441,825) (S 1119,825,667) (S 802,493,688) (S 804,485,20) (D 0,0,0)
 0 1 19 8903 30347  22 (D 0,0,0) (S 806,203,503) (S 805,503,20) (S 803,485,688) (S 1118,825,440) (S 1117,440,665) (S 755,665,666) (S 1116,665,662) (S 1115,662,693) (S 815,693,694) (S 752,661,662) (S 617,594,440) (S 408,440,441) (S 1171,840,441) (S 409,441,442) (S 757,442,668) (S 756,442,667) (S 1120,667,688) (S 812,471,334) (S 1133,335,357) (S 1031,788,495) (D 0,0,0)
 0 1 20 8266 17439  16 (D 0,0,0) (S 307,326,350) (S 634,169,62) (S 844,167,705) (S 842,607,704) (S 908,704,53) (S 42,53,54) (S 43,54,55) (S 1043,55,794) (S 1102,794,819) (S 1101,794,51) (S 40,51,52) (S 843,607,705) (S 1081,705,434) (S 402,434,415) (D 0,0,0)
 0 1 21 8996 15572  27 (D 0,0,0) (S 870,719,718) (S 1139,718,832) (S 1138,832,432) (S 662,443,319) (S 661,319,534) (S 660,534,448) (S 659,448,612) (S 658,611,612) (S 1008,612,774) (S 998,773,774) (S 999,774,775) (S 1000,774,611) (S 657,610,611) (S 1001,611,647) (S 730,647,648) (S 729,647,646) (S 793,646,447) (S 413,447,448) (S 519,534,445) (S 411,445,318) (S 1078,718,762) (S 970,762,673) (S 766,524,16) (S 13,16,17) (S 769,17,674) (D 0,0,0)
 0 1 22 8386 12993  26 (D 0,0,0) (S 765,672,16) (S 12,16,15) (S 1080,14,525) (S 1079,525,762) (S 969,762,761) (S 1142,761,316) (S 276,316,317) (S 520,445,535) (S 968,535,761) (S 1141,761,526) (S 1140,526,347) (S 303,347,346) (S 302,346,345) (S 301,345,344) (S 300,344,265) (S 931,343,260) (S 221,260,261) (S 222,261,262) (S 744,262,654) (S 845,654,509) (S 484,509,510) (S 549,509,555) (S 548,555,190) (S 161,190,191) (D 0,0,0)
 0 1 23 7721 13541  21 (D 0,0,0) (S 818,2,695) (S 1107,695,81) (S 64,81,82) (S 868,716,655) (S 1097,656,670) (S 1096,670,745) (S 1095,745,85) (S 67,85,42) (S 33,42,43) (S 1183,43,822) (S 1131,823,831) (S 1106,823,822) (S 1105,821,822) (S 933,43,745) (S 932,745,260) (S 929,508,671) (S 928,671,675) (S 771,268,180) (S 770,180,674) (D 0,0,0)
 0 1 24 7651 15122  26 (D 0,0,0) (S 764,672,179) (S 144,179,180) (S 142,178,177) (S 479,177,507) (S 873,507,344) (S 872,344,380) (S 344,380,379) (S 343,379,368) (S 332,369,370) (S 334,371,372) (S 335,372,40) (S 336,40,373) (S 750,373,658) (S 337,373,374) (S 749,373,84) (S 935,657,746) (S 934,657,43) (S 759,670,261) (S 760,261,342) (S 297,341,342) (S 298,342,343) (S 481,508,266) (S 226,266,267) (S 227,267,268) (D 0,0,0)
 0 1 25 8107 11607  30 (D 0,0,0) (S 778,677,653) (S 742,653,63) (S 228,63,268) (S 772,268,675) (S 773,675,7) (S 6,7,8) (S 5,7,6) (S 4,6,5) (S 482,5,508) (S 930,508,343) (S 299,343,265) (S 345,264,380) (S 871,380,86) (S 338,86,263) (S 223,263,264) (S 224,264,265) (S 225,265,266) (S 480,266,507) (S 478,177,506) (S 782,506,431) (S 398,431,178) (S 143,178,179) (S 763,179,267) (S 762,267,671) (S 761,671,6) (S 483,5,509) (S 740,555,8) (S 741,8,63) (D 0,0,0)
 0 1 26 8864 25048  17 (D 0,0,0) (S 75,95,94) (S 849,707,201) (S 170,201,200) (S 169,200,199) (S 441,79,476) (S 797,476,143) (S 115,143,142) (S 440,142,476) (S 798,476,685) (S 62,78,79) (S 442,79,199) (S 965,638,707) (S 850,707,94) (S 851,94,592) (S 853,455,54) (D 0,0,0)
 0 1 27 8312 19064  15 (D 0,0,0) (S 596,516,581) (S 597,581,582) (S 921,582,633) (S 951,634,629) (S 688,629,630) (S 687,629,627) (S 699,627,633) (S 920,744,633) (S 698,633,405) (S 697,405,69) (S 55,69,68) (S 54,68,67) (S 53,67,66) (D 0,0,0)
 0 1 28 8939 23481  15 (D 0,0,0) (S 315,358,359) (S 316,359,360) (S 319,98,362) (S 636,362,600) (S 475,502,503) (S 16,20,21) (S 18,22,23) (S 887,23,729) (S 19,23,24) (S 20,24,25) (S 725,24,501) (S 728,575,646) (S 1007,647,612) (D 0,0,0)
 0 1 29 8863 28744  21 (D 0,0,0) (S 504,523,524) (S 521,527,535) (S 249,154,291) (S 510,291,155) (S 124,155,156) (S 665,156,614) (S 69,87,88) (S 667,88,597) (S 632,597,598) (S 1197,615,844) (S 1198,844,842) (S 1188,842,615) (S 668,615,597) (S 631,597,530) (S 515,530,531) (S 514,530,89) (S 513,89,397) (S 360,397,396) (S 359,396,395) (D 0,0,0)
 0 1 30 8894 21763  18 (D 0,0,0) (S 464,495,494) (S 463,494,320) (S 580,573,359) (S 581,359,574) (S 582,574,497) (S 468,461,497) (S 583,497,575) (S 727,575,101) (S 81,101,100) (S 467,100,461) (S 427,461,460) (S 638,460,574) (S 637,574,601) (S 294,337,338) (S 1021,337,601) (S 1020,601,446) (D 0,0,0)
 0 1 31 8935 21798  18 (D 0,0,0) (S 318,361,98) (S 79,98,99) (S 80,99,100) (S 82,101,102) (S 726,101,501) (S 474,501,502) (S 670,502,600) (S 640,600,99) (S 639,99,460) (S 426,460,361) (S 317,361,360) (S 917,360,691) (S 811,691,471) (S 292,334,335) (S 1082,814,788) (S 1032,788,789) (D 0,0,0)
 0 1 32 8916 19152  26 (D 0,0,0) (S 306,350,349) (S 305,349,169) (S 135,168,169) (S 49,61,62) (S 633,62,167) (S 134,167,166) (S 854,703,54) (S 44,55,56) (S 1038,56,791) (S 1037,56,701) (S 1036,701,790) (S 1042,790,660) (S 751,659,660) (S 1041,660,793) (S 1039,792,793) (S 1040,793,785) (S 1023,785,784) (S 731,649,650) (S 1022,649,784) (S 1025,784,786) (S 1024,784,437) (S 927,437,330) (S 288,330,329) (S 287,329,328) (D 0,0,0)
 0 1 33 8978 16169  15 (D 0,0,0) (S 906,328,435) (S 404,435,436) (S 405,436,437) (S 406,437,438) (S 407,438,439) (S 703,439,422) (S 388,422,423) (S 702,422,515) (S 493,515,514) (S 833,514,333) (S 291,333,332) (S 290,332,331) (S 289,331,330) (D 0,0,0)
 0 1 34 8891 21571  17 (D 0,0,0) (S 403,415,435) (S 41,53,52) (S 649,453,571) (S 437,472,471) (S 810,691,690) (S 916,690,97) (S 78,97,98) (S 635,362,599) (S 807,689,203) (S 172,203,202) (S 171,202,201) (S 964,707,741) (S 912,741,95) (S 910,591,454) (S 909,454,53) (D 0,0,0)
 0 1 35 8420 12673  31 (D 0,0,0) (S 777,676,677) (S 779,653,674) (S 780,674,672) (S 781,672,431) (S 399,431,15) (S 11,15,14) (S 477,14,506) (S 783,506,346) (S 492,345,379) (S 491,379,513) (S 490,513,375) (S 339,375,86) (S 68,86,85) (S 1094,85,512) (S 1093,512,715) (S 1092,817,715) (S 866,715,371) (S 333,371,370) (S 758,370,669) (S 340,370,375) (S 606,513,369) (S 331,369,368) (S 522,368,527) (S 507,527,526) (S 506,526,525) (S 505,525,524) (S 767,524,673) (S 971,673,708) (S 743,522,653) (D 0,0,0)
 0 1 36 8714 29193  26 (D 0,0,0) (S 836,636,700) (S 835,700,481) (S 450,481,482) (S 995,480,770) (S 997,479,772) (S 446,479,478) (S 444,92,477) (S 918,477,281) (S 240,281,280) (S 239,279,280) (S 878,280,723) (S 877,280,198) (S 167,197,198) (S 168,198,199) (S 443,199,477) (S 919,281,743) (S 241,281,282) (S 242,282,283) (S 875,282,720) (S 874,282,91) (S 71,90,91) (S 72,91,92) (S 709,93,562) (S 45,57,56) (D 0,0,0)
 0 1 37 8980 14733  18 (D 0,0,0) (S 1,0,1) (S 1100,3,191) (S 1084,191,4) (S 1083,4,728) (S 886,728,727) (S 936,747,727) (S 1091,4,734) (S 1090,734,733) (S 1089,733,816) (S 1167,816,787) (S 1168,787,63) (S 50,63,64) (S 1028,64,520) (S 502,521,522) (S 503,522,523) (S 768,523,17) (D 0,0,0)
 0 1 38 8908 17449  23 (D 0,0,0) (S 489,375,512) (S 488,41,512) (S 867,715,372) (S 30,40,39) (S 1085,39,815) (S 669,616,39) (S 31,40,41) (S 32,41,42) (S 66,42,84) (S 65,83,84) (S 748,84,657) (S 747,657,656) (S 1098,656,818) (S 746,656,655) (S 745,655,262) (S 846,654,82) (S 160,82,190) (S 547,190,81) (S 63,81,80) (S 614,80,532) (S 518,150,533) (D 0,0,0)
 0 1 39 8923 28470  15 (D 0,0,0) (S 671,502,22) (S 17,22,21) (S 459,21,484) (S 451,484,483) (S 673,483,492) (S 461,492,490) (S 466,489,496) (S 800,687,496) (S 801,496,493) (S 462,493,490) (S 452,484,485) (S 962,689,606) (S 911,95,591) (D 0,0,0)
 0 1 40 8897 33838  15 (D 0,0,0) (S 672,22,483) (S 460,491,492) (S 674,492,617) (S 888,617,730) (S 675,617,618) (S 676,618,619) (S 966,618,488) (S 967,488,710) (S 863,710,711) (S 456,488,489) (S 457,489,490) (S 458,490,484) (S 808,689,599) (D 0,0,0)
 0 1 41 8986 26992  18 (D 0,0,0) (S 1152,522,708) (S 737,290,395) (S 358,395,394) (S 357,394,393) (S 1005,777,393) (S 356,393,392) (S 982,391,140) (S 114,140,141) (S 981,140,152) (S 122,152,153) (S 980,152,236) (S 1015,237,782) (S 202,237,238) (S 1009,238,778) (S 1010,778,779) (S 1019,452,446) (D 0,0,0)
 0 1 42 8921 34687  19 (D 0,0,0) (S 361,394,398) (S 470,398,498) (S 395,377,429) (S 396,429,412) (S 397,412,430) (S 377,412,413) (S 375,400,410) (S 376,410,411) (S 379,410,401) (S 367,401,402) (S 732,651,414) (S 733,414,652) (S 734,652,388) (S 353,388,389) (S 352,388,387) (S 471,398,499) (S 736,499,395) (D 0,0,0)
 0 1 43 8942 30487  14 (D 0,0,0) (S 248,290,154) (S 250,291,242) (S 509,291,241) (S 508,241,528) (S 784,528,678) (S 205,241,242) (S 320,242,363) (S 664,363,156) (S 125,156,157) (S 645,363,155) (S 123,155,154) (S 112,136,137) (D 0,0,0)
 0 1 44 8945 32743  20 (D 0,0,0) (S 418,452,427) (S 1185,529,614) (S 666,614,88) (S 70,88,89) (S 473,89,500) (S 472,500,499) (S 735,499,388) (S 378,414,401) (S 366,401,400) (S 374,409,400) (S 365,400,399) (S 364,399,378) (S 351,387,386) (S 342,377,378) (S 363,378,387) (S 362,387,398) (S 486,500,396) (S 485,511,396) (D 0,0,0)
 0 1 45 8882 27530  17 (D 0,0,0) (S 390,426,425) (S 1013,425,781) (S 1014,781,237) (S 201,237,236) (S 979,236,424) (S 978,424,722) (S 876,721,722) (S 389,424,425) (S 1016,781,778) (S 203,238,239) (S 1012,239,780) (S 204,239,240) (S 1011,239,779) (S 1017,779,426) (S 391,426,427) (D 0,0,0)
 0 1 46 8868 40172  15 (D 0,0,0) (S 786,133,680) (S 215,252,231) (S 214,251,231) (S 233,272,230) (S 234,230,273) (S 261,229,254) (S 217,254,255) (S 260,229,299) (S 543,552,299) (S 195,229,230) (S 196,230,231) (S 216,252,253) (S 785,679,680) (D 0,0,0)
 0 1 47 8839 24739  21 (D 0,0,0) (S 655,561,609) (S 653,608,29) (S 652,29,287) (S 545,287,383) (S 544,553,383) (S 347,383,382) (S 820,697,381) (S 989,381,221) (S 187,220,221) (S 990,221,712) (S 864,712,713) (S 188,221,222) (S 189,222,223) (S 717,643,223) (S 719,247,537) (S 525,537,248) (S 212,248,249) (S 589,567,578) (S 1184,578,609) (D 0,0,0)
 0 1 48 8724 28224  21 (D 0,0,0) (S 1006,393,498) (S 469,498,428) (S 393,428,386) (S 394,386,377) (S 341,377,376) (S 985,376,766) (S 1046,766,429) (S 1047,429,399) (S 1048,399,652) (S 1049,652,390) (S 1050,390,530) (S 354,390,389) (S 487,389,500) (S 512,397,529) (S 511,529,155) (S 738,290,137) (S 739,137,427) (S 869,717,427) (S 412,446,447) (D 0,0,0)
 0 1 49 8839 39910  12 (D 0,0,0) (S 355,392,391) (S 983,391,385) (S 59,73,74) (S 1074,806,182) (S 1075,182,812) (S 1182,812,76) (S 61,76,77) (S 1181,812,45) (S 1071,809,808) (S 152,185,112) (D 0,0,0)
 0 1 50 8714 19395  12 (D 0,0,0) (S 1108,695,205) (S 173,204,205) (S 174,205,151) (S 266,151,306) (S 267,306,300) (S 977,300,116) (S 94,116,117) (S 323,117,365) (S 656,365,561) (S 220,258,259) (D 0,0,0)
 0 1 51 8967 26267  15 (D 0,0,0) (S 325,257,366) (S 326,366,226) (S 192,226,225) (S 588,567,577) (S 586,364,286) (S 245,286,287) (S 348,383,30) (S 349,30,384) (S 24,30,31) (S 23,30,29) (S 322,29,364) (S 1170,577,608) (S 654,608,609) (D 0,0,0)
 0 1 52 8956 32196  18 (D 0,0,0) (S 538,546,547) (S 571,547,566) (S 569,225,565) (S 627,565,596) (S 626,596,538) (S 532,540,541) (S 1192,543,843) (S 1191,843,105) (S 84,105,104) (S 83,104,103) (S 943,103,49) (S 987,767,73) (S 986,73,766) (S 984,376,385) (S 350,385,386) (S 392,428,392) (D 0,0,0)
 0 1 53 9000 29941  27 (D 0,0,0) (S 182,215,214) (S 585,576,286) (S 244,286,285) (S 822,285,681) (S 619,595,38) (S 29,37,38) (S 992,38,134) (S 111,134,135) (S 257,135,276) (S 237,276,277) (S 238,277,278) (S 247,278,289) (S 246,288,278) (S 622,277,217) (S 183,217,216) (S 232,216,271) (S 231,270,216) (S 184,217,218) (S 254,296,295) (S 529,295,539) (S 190,224,223) (S 718,223,247) (S 211,247,248) (S 524,248,536) (S 523,536,364) (D 0,0,0)
 0 1 54 8985 27664  22 (D 0,0,0) (S 587,577,364) (S 823,536,285) (S 243,284,285) (S 788,222,595) (S 787,595,133) (S 109,133,132) (S 106,130,129) (S 938,129,748) (S 939,748,315) (S 275,315,246) (S 274,315,159) (S 273,159,314) (S 958,724,757) (S 957,757,160) (S 127,160,159) (S 126,159,158) (S 138,158,173) (S 1055,173,596) (S 628,565,367) (S 327,367,226) (D 0,0,0)
 0 1 55 8995 23143  7 (D 0,0,0) (S 629,367,269) (S 630,269,292) (S 251,292,293) (S 559,294,258) (S 1123,557,205) (D 0,0,0)
 0 1 56 8955 21240  11 (D 0,0,0) (S 554,306,557) (S 1124,557,301) (S 1125,301,827) (S 262,301,300) (S 976,300,587) (S 607,586,587) (S 608,587,559) (S 610,588,589) (S 604,585,194) (D 0,0,0)
 0 1 57 8931 24603  11 (D 0,0,0) (S 553,557,215) (S 561,214,561) (S 324,365,257) (S 193,226,227) (S 194,227,228) (S 229,227,256) (S 218,256,257) (S 219,257,258) (S 560,258,561) (D 0,0,0)
 0 1 58 8981 34077  30 (D 0,0,0) (S 572,249,547) (S 623,463,217) (S 621,277,570) (S 576,564,131) (S 107,131,130) (S 105,129,128) (S 104,128,127) (S 953,127,756) (S 949,756,725) (S 950,725,751) (S 942,751,752) (S 941,750,751) (S 884,725,421) (S 387,420,421) (S 885,421,726) (S 1157,836,726) (S 1158,726,802) (S 1052,795,796) (S 1103,820,796) (S 1104,796,243) (S 207,244,130) (S 208,130,245) (S 453,246,274) (S 454,274,486) (S 455,486,487) (S 564,275,486) (S 565,486,211) (S 539,548,547) (D 0,0,0)
 0 1 59 8977 29810  19 (D 0,0,0) (S 570,566,225) (S 191,225,224) (S 624,297,463) (S 429,463,462) (S 567,462,219) (S 566,219,211) (S 179,210,211) (S 180,211,212) (S 186,212,219) (S 185,218,219) (S 181,212,213) (S 436,213,470) (S 879,470,540) (S 531,540,158) (S 530,158,539) (S 253,295,294) (S 558,560,294) (D 0,0,0)
 0 1 60 8938 35141  22 (D 0,0,0) (S 252,294,293) (S 1212,755,811) (S 1072,811,810) (S 1194,813,113) (S 153,112,186) (S 154,186,187) (S 1058,800,798) (S 1054,798,122) (S 1145,121,33) (S 26,33,34) (S 25,33,32) (S 1147,765,834) (S 1146,833,834) (S 1174,834,764) (S 1175,764,125) (S 1062,125,803) (S 101,124,123) (S 100,123,122) (S 99,122,121) (S 96,119,118) (D 0,0,0)
 0 1 61 8964 35538  23 (D 0,0,0) (S 95,115,118) (S 1056,118,799) (S 1144,799,121) (S 98,121,119) (S 831,120,34) (S 27,34,35) (S 825,35,10) (S 7,9,10) (S 826,10,189) (S 827,189,698) (S 159,189,188) (S 828,699,188) (S 830,11,34) (S 9,11,12) (S 10,12,13) (S 158,12,188) (S 829,188,11) (S 8,11,10) (S 28,35,36) (S 824,35,120) (S 97,120,119) (D 0,0,0)
 0 1 62 8944 34041  21 (D 0,0,0) (S 948,115,755) (S 947,755,754) (S 946,754,541) (S 533,541,542) (S 1187,542,841) (S 1210,841,843) (S 1209,843,847) (S 1208,847,845) (S 87,107,108) (S 148,108,46) (S 147,46,182) (S 146,182,75) (S 145,181,75) (S 60,75,74) (S 1066,74,806) (S 1073,806,767) (S 988,767,49) (S 1186,104,841) (S 1211,841,753) (D 0,0,0)
 0 1 63 8938 36217  26 (D 0,0,0) (S 880,470,314) (S 881,314,724) (S 882,724,126) (S 952,757,127) (S 103,127,126) (S 883,126,725) (S 954,756,420) (S 386,420,161) (S 385,161,243) (S 206,243,244) (S 937,244,129) (S 575,569,131) (S 108,131,132) (S 200,132,235) (S 199,132,234) (S 716,642,234) (S 198,234,233) (S 542,233,549) (S 540,549,550) (S 541,551,549) (S 197,232,233) (S 110,133,134) (S 991,38,712) (S 821,381,681) (D 0,0,0)
 0 1 64 8976 29767  23 (D 0,0,0) (S 819,695,696) (S 790,576,681) (S 789,681,222) (S 620,595,570) (S 577,570,564) (S 563,564,275) (S 235,274,275) (S 236,275,276) (S 256,276,218) (S 255,218,296) (S 258,296,297) (S 259,297,298) (S 625,297,538) (S 527,538,224) (S 526,224,537) (S 720,537,548) (S 721,548,566) (S 722,566,644) (S 213,249,250) (S 574,567,568) (S 590,578,366) (D 0,0,0)
 0 1 65 8996 29345  24 (D 0,0,0) (S 791,287,576) (S 584,576,382) (S 346,382,381) (S 618,38,135) (S 1199,135,844) (S 1189,842,680) (S 1160,679,252) (S 1159,252,802) (S 1061,802,795) (S 1051,795,162) (S 131,162,163) (S 130,162,161) (S 129,161,128) (S 128,128,160) (S 956,160,748) (S 955,748,245) (S 209,245,246) (S 210,246,213) (S 428,213,462) (S 568,462,539) (S 528,295,538) (S 573,249,567) (D 0,0,0)
 0 1 66 8965 33670  20 (D 0,0,0) (S 139,174,173) (S 534,542,543) (S 535,543,544) (S 1202,544,847) (S 1203,847,106) (S 85,106,105) (S 1190,105,48) (S 37,48,47) (S 1204,47,106) (S 86,106,107) (S 1200,107,845) (S 1207,845,183) (S 1206,849,183) (S 151,184,185) (S 1070,185,808) (S 1151,808,111) (S 90,111,112) (S 91,112,113) (D 0,0,0)
 0 1 67 8839 36123  13 (D 0,0,0) (S 1069,114,185) (S 537,184,545) (S 1180,109,45) (S 34,44,45) (S 35,45,46) (S 36,46,47) (S 1205,47,848) (S 38,48,49) (S 39,49,50) (S 944,103,753) (S 945,753,541) (D 0,0,0)
 0 1 68 9000 33900  18 (D 0,0,0) (S 1065,805,186) (S 1060,187,801) (S 1149,124,801) (S 1150,801,111) (S 89,111,110) (S 1177,110,809) (S 1178,809,545) (S 1179,545,109) (S 88,109,108) (S 149,108,183) (S 150,183,184) (S 536,184,544) (S 1201,846,544) (S 1193,543,813) (S 1076,813,810) (S 1077,810,754) (D 0,0,0)
 0 1 69 8998 33303  22 (D 0,0,0) (S 1176,110,125) (S 102,125,124) (S 1148,124,765) (S 974,765,764) (S 973,763,764) (S 975,765,32) (S 157,32,12) (S 156,32,123) (S 155,123,187) (S 1059,187,800) (S 1196,800,805) (S 1053,797,798) (S 1057,798,799) (S 1143,799,804) (S 1063,804,797) (S 1064,797,805) (S 1195,805,113) (S 92,113,114) (S 93,114,115) (S 330,115,174) (D 0,0,0)
 0 1 70 8787 31258  10 (D 0,0,0) (S 230,227,269) (S 304,292,348) (S 1067,348,175) (S 141,175,176) (S 1068,175,807) (S 140,175,174) (S 329,174,293) (S 328,293,367) (D 0,0,0)
