1757288
70
1818845
1806048
 0 1 1 7843 16544  12 (D 0,0,0) (S 2,2,3) (S 753,663,664) (S 799,663,686) (S 972,686,27) (S 21,27,26) (S 1018,26,783) (S 22,27,28) (S 926,28,731) (S 889,731,732) (S 1099,732,3) (D 0,0,0)
 0 1 2 8905 14562  27 (D 0,0,0) (S 1026,3,787) (S 1167,787,816) (S 1166,816,738) (S 899,738,66) (S 137,171,172) (S 901,171,450) (S 902,450,739) (S 903,739,740) (S 904,740,519) (S 498,519,416) (S 381,416,327) (S 286,327,328) (S 905,328,519) (S 892,518,735) (S 893,735,736) (S 924,736,739) (S 384,418,419) (S 1086,451,352) (S 309,352,351) (S 308,351,326) (S 284,326,325) (S 689,631,324) (S 858,433,708) (S 1152,708,522) (S 502,522,521) (D 0,0,0)
 0 1 3 8899 17314  17 (D 0,0,0) (S 817,0,2) (S 1089,733,816) (S 1088,816,65) (S 900,66,171) (S 136,171,170) (S 896,170,67) (S 54,67,68) (S 1033,70,406) (S 371,406,405) (S 698,405,633) (S 920,744,633) (S 597,582,581) (S 596,581,516) (S 495,516,517) (S 496,517,518) (D 0,0,0)
 0 1 4 8741 16529  22 (D 0,0,0) (S 1028,520,64) (S 1087,65,451) (S 417,451,419) (S 416,419,450) (S 415,450,449) (S 414,449,312) (S 271,312,310) (S 270,310,311) (S 272,310,313) (S 598,582,404) (S 476,504,505) (S 695,505,632) (S 696,632,69) (S 697,69,405) (S 370,405,404) (S 369,404,403) (S 663,403,613) (S 368,403,170) (S 895,170,449) (S 894,449,736) (D 0,0,0)
 0 1 5 8984 14362  24 (D 0,0,0) (S 382,416,417) (S 1002,417,740) (S 1003,740,735) (S 1004,735,776) (S 1044,776,581) (S 1045,581,626) (S 685,626,627) (S 687,627,629) (S 688,629,630) (S 951,629,634) (S 701,634,515) (S 700,634,627) (S 699,627,633) (S 921,633,582) (S 922,582,313) (S 923,313,736) (S 925,739,418) (S 383,418,417) (S 499,416,351) (S 500,351,520) (S 501,520,521) (S 792,521,677) (D 0,0,0)
 0 1 6 8798 20564  16 (D 0,0,0) (S 412,447,446) (S 1020,446,601) (S 1021,601,337) (S 294,337,338) (S 637,601,574) (S 638,574,460) (S 639,460,99) (S 79,99,98) (S 78,98,97) (S 810,690,691) (S 917,691,360) (S 281,322,321) (S 463,320,494) (S 1030,495,325) (D 0,0,0)
 0 1 7 8963 22026  21 (D 0,0,0) (S 1031,495,788) (S 1032,788,789) (S 812,334,471) (S 172,203,202) (S 915,145,742) (S 847,706,146) (S 848,146,201) (S 849,201,707) (S 964,707,741) (S 963,741,606) (S 646,606,96) (S 77,96,97) (S 916,97,690) (S 437,471,472) (S 648,472,571) (S 649,571,453) (S 650,453,52) (S 843,607,705) (S 402,434,415) (D 0,0,0)
 0 1 8 8922 14514  23 (D 0,0,0) (S 777,676,677) (S 690,521,324) (S 283,324,325) (S 307,326,350) (S 305,349,169) (S 135,168,169) (S 634,169,62) (S 49,61,62) (S 633,62,167) (S 844,167,705) (S 1081,705,434) (S 401,434,349) (S 306,349,350) (S 465,350,495) (S 464,495,494) (S 1136,494,443) (S 410,443,444) (S 1137,443,432) (S 1138,432,832) (S 1154,832,719) (S 1153,719,708) (D 0,0,0)
 0 1 9 8930 29990  16 (D 0,0,0) (S 738,137,290) (S 737,290,395) (S 359,395,396) (S 485,511,396) (S 360,396,397) (S 513,397,89) (S 70,89,88) (S 666,88,614) (S 665,614,156) (S 645,363,155) (S 511,155,529) (S 512,529,397) (S 736,499,395) (S 112,136,137) (D 0,0,0)
 0 1 10 8937 20174  20 (D 0,0,0) (S 316,359,360) (S 317,360,361) (S 426,361,460) (S 427,460,461) (S 468,461,497) (S 583,497,575) (S 727,575,101) (S 81,101,100) (S 80,100,99) (S 640,99,600) (S 670,600,502) (S 475,502,503) (S 806,503,203) (S 808,689,599) (S 809,599,690) (S 811,691,471) (S 292,334,335) (S 1133,335,357) (D 0,0,0)
 0 1 11 8780 30112  17 (D 0,0,0) (S 807,689,203) (S 16,20,21) (S 459,21,484) (S 462,490,493) (S 802,493,688) (S 801,493,496) (S 800,687,496) (S 466,496,489) (S 461,490,492) (S 673,492,483) (S 672,483,22) (S 17,21,22) (S 474,502,501) (S 467,100,461) (S 582,497,574) (D 0,0,0)
 0 1 12 8920 21141  21 (D 0,0,0) (S 279,319,320) (S 280,320,321) (S 312,321,356) (S 314,322,358) (S 546,358,554) (S 860,709,139) (S 113,138,139) (S 861,139,554) (S 862,554,573) (S 579,573,572) (S 865,572,714) (S 578,571,572) (S 580,573,359) (S 581,359,574) (S 315,359,358) (S 282,322,323) (S 313,322,357) (S 1134,357,814) (S 1135,814,494) (D 0,0,0)
 0 1 13 8964 36923  17 (D 0,0,0) (S 318,361,98) (S 1115,662,693) (S 1114,693,683) (S 795,683,467) (S 434,468,469) (S 435,469,304) (S 265,304,305) (S 264,304,303) (S 269,308,309) (S 268,307,308) (S 1109,824,308) (S 1110,308,303) (S 550,556,469) (S 551,469,473) (S 1082,814,788) (D 0,0,0)
 0 1 14 8929 27060  20 (D 0,0,0) (S 278,318,319) (S 1019,446,452) (S 1017,426,779) (S 1010,779,778) (S 1009,778,238) (S 1012,239,780) (S 204,239,240) (S 1011,239,779) (S 869,717,427) (S 739,427,137) (S 248,290,154) (S 123,154,155) (S 124,155,156) (S 125,156,157) (S 664,156,363) (S 320,363,242) (S 250,242,291) (S 662,319,443) (D 0,0,0)
 0 1 15 8977 27072  15 (D 0,0,0) (S 1139,718,832) (S 418,452,427) (S 391,427,426) (S 390,426,425) (S 1013,425,781) (S 1014,781,237) (S 1015,237,782) (S 201,237,236) (S 979,236,424) (S 876,721,722) (S 978,722,424) (S 389,424,425) (S 1016,781,778) (D 0,0,0)
 0 1 16 8961 34147  19 (D 0,0,0) (S 356,393,392) (S 392,392,428) (S 393,428,386) (S 341,377,376) (S 985,376,766) (S 1066,74,806) (S 987,767,73) (S 986,73,766) (S 1046,766,429) (S 377,412,413) (S 397,412,430) (S 396,412,429) (S 364,399,378) (S 363,378,387) (S 362,387,398) (S 361,398,394) (S 358,394,395) (D 0,0,0)
 0 1 17 8742 30326  24 (D 0,0,0) (S 789,681,222) (S 188,222,221) (S 990,221,712) (S 864,712,713) (S 991,712,38) (S 110,134,133) (S 786,133,680) (S 1189,680,842) (S 1188,842,615) (S 632,597,598) (S 631,597,530) (S 515,530,531) (S 1050,390,530) (S 514,530,89) (S 473,89,500) (S 472,500,499) (S 471,499,398) (S 470,398,498) (S 469,428,498) (S 1006,498,393) (S 1005,777,393) (S 357,393,394) (D 0,0,0)
 0 1 18 8985 17627  30 (D 0,0,0) (S 302,346,345) (S 492,345,379) (S 344,379,380) (S 871,380,86) (S 68,86,85) (S 67,85,42) (S 32,42,41) (S 31,41,40) (S 669,616,39) (S 1085,39,815) (S 30,39,40) (S 335,40,372) (S 867,372,715) (S 1093,715,512) (S 1094,512,85) (S 1095,85,745) (S 1096,745,670) (S 221,261,260) (S 932,260,745) (S 933,745,43) (S 1131,823,831) (S 1106,823,822) (S 1105,821,822) (S 1183,822,43) (S 931,260,343) (S 299,343,265) (S 300,265,344) (S 301,344,345) (D 0,0,0)
 0 1 19 8993 16050  24 (D 0,0,0) (S 399,431,15) (S 1080,14,525) (S 1142,761,316) (S 276,316,317) (S 519,445,534) (S 660,534,448) (S 413,448,447) (S 793,447,646) (S 729,646,647) (S 1001,611,647) (S 730,647,648) (S 1007,647,612) (S 1008,612,774) (S 999,774,775) (S 998,773,774) (S 1000,774,611) (S 657,610,611) (S 658,611,612) (S 659,612,448) (S 661,534,319) (S 400,432,433) (S 859,433,324) (D 0,0,0)
 0 1 20 8874 12761  27 (D 0,0,0) (S 1100,3,191) (S 161,191,190) (S 160,190,82) (S 846,82,654) (S 845,654,509) (S 483,509,5) (S 761,6,671) (S 929,671,508) (S 481,508,266) (S 480,266,507) (S 479,507,177) (S 142,177,178) (S 143,178,179) (S 763,179,267) (S 762,267,671) (S 772,675,268) (S 228,268,63) (S 50,63,64) (S 1027,64,787) (S 1168,787,63) (S 771,268,180) (S 144,180,179) (S 398,178,431) (S 764,672,179) (S 770,180,674) (D 0,0,0)
 0 1 21 8976 23668  14 (D 0,0,0) (S 768,17,523) (S 728,646,575) (S 82,101,102) (S 726,101,501) (S 725,501,24) (S 20,24,25) (S 19,24,23) (S 887,23,729) (S 18,23,22) (S 671,22,502) (S 636,600,362) (S 319,362,98) (D 0,0,0)
 0 1 22 6040 10086  20 (D 0,0,0) (S 743,653,522) (S 971,708,673) (S 506,525,526) (S 1141,526,761) (S 968,761,535) (S 520,535,445) (S 411,445,318) (S 277,318,317) (S 1156,317,835) (S 1155,317,832) (S 870,719,718) (S 1078,718,762) (S 1079,762,525) (S 505,525,524) (S 766,524,16) (S 13,16,17) (S 769,17,674) (S 778,653,677) (D 0,0,0)
 0 1 23 8987 33135  18 (D 0,0,0) (S 734,388,652) (S 733,652,414) (S 732,651,414) (S 378,414,401) (S 366,401,400) (S 374,409,400) (S 375,400,410) (S 376,410,411) (S 379,410,401) (S 367,401,402) (S 365,400,399) (S 1048,399,652) (S 1049,652,390) (S 354,390,389) (S 487,389,500) (S 486,500,396) (D 0,0,0)
 0 1 24 8893 31041  19 (D 0,0,0) (S 735,499,388) (S 353,388,389) (S 352,388,387) (S 342,378,377) (S 395,377,429) (S 1047,429,399) (S 394,377,386) (S 350,386,385) (S 983,385,391) (S 355,391,392) (S 982,391,140) (S 114,140,141) (S 981,140,152) (S 122,152,153) (S 980,152,236) (S 202,237,238) (S 203,238,239) (D 0,0,0)
 0 1 25 8969 31290  17 (D 0,0,0) (S 249,154,291) (S 205,242,241) (S 784,528,678) (S 508,528,241) (S 509,241,291) (S 510,291,155) (S 1185,529,614) (S 69,87,88) (S 667,88,597) (S 668,597,615) (S 1197,615,844) (S 1199,844,135) (S 618,135,38) (S 821,381,681) (S 791,576,287) (D 0,0,0)
 0 1 26 8400 12898  30 (D 0,0,0) (S 816,0,677) (S 503,522,523) (S 504,523,524) (S 767,524,673) (S 970,673,762) (S 969,762,761) (S 521,535,527) (S 522,527,368) (S 343,368,379) (S 491,379,513) (S 606,513,369) (S 332,369,370) (S 758,370,669) (S 333,370,371) (S 334,371,372) (S 866,371,715) (S 1092,817,715) (S 340,375,370) (S 331,369,368) (S 507,527,526) (S 1140,526,347) (S 303,347,346) (S 783,346,506) (S 477,506,14) (S 11,14,15) (S 12,15,16) (S 765,16,672) (S 780,672,674) (D 0,0,0)
 0 1 27 8989 16546  28 (D 0,0,0) (S 779,653,674) (S 781,672,431) (S 782,431,506) (S 478,506,177) (S 873,507,344) (S 872,344,380) (S 345,380,264) (S 223,264,263) (S 338,263,86) (S 339,86,375) (S 490,375,513) (S 489,375,512) (S 488,512,41) (S 336,40,373) (S 750,373,658) (S 337,373,374) (S 749,373,84) (S 748,84,657) (S 934,657,43) (S 33,43,42) (S 66,42,84) (S 65,83,84) (S 935,657,746) (S 747,657,656) (S 484,509,510) (S 549,509,555) (D 0,0,0)
 0 1 28 8628 14591  28 (D 0,0,0) (S 818,2,695) (S 819,695,696) (S 1107,695,81) (S 64,81,82) (S 744,654,262) (S 745,262,655) (S 868,716,655) (S 746,655,656) (S 1098,656,818) (S 1097,656,670) (S 759,670,261) (S 222,261,262) (S 760,261,342) (S 297,341,342) (S 298,342,343) (S 930,343,508) (S 482,508,5) (S 4,5,6) (S 5,6,7) (S 6,7,8) (S 773,7,675) (S 928,675,671) (S 224,264,265) (S 225,265,266) (S 226,266,267) (S 227,267,268) (D 0,0,0)
 0 1 29 8505 11296  13 (D 0,0,0) (S 742,653,63) (S 741,63,8) (S 740,8,555) (S 548,555,190) (S 547,190,81) (S 63,81,80) (S 614,80,532) (S 517,532,150) (S 121,150,151) (S 174,151,205) (S 1108,205,695) (D 0,0,0)
 0 1 30 8938 35310  25 (D 0,0,0) (S 351,387,386) (S 984,385,376) (S 59,73,74) (S 60,74,75) (S 145,181,75) (S 146,75,182) (S 147,182,46) (S 148,46,108) (S 87,108,107) (S 1203,106,847) (S 1202,847,544) (S 1201,846,544) (S 535,544,543) (S 1192,543,843) (S 1191,843,105) (S 85,105,106) (S 86,106,107) (S 1200,107,845) (S 1208,845,847) (S 1209,847,843) (S 1210,843,841) (S 1211,841,753) (S 721,548,566) (D 0,0,0)
 0 1 31 8995 40027  17 (D 0,0,0) (S 585,286,576) (S 790,576,681) (S 1198,844,842) (S 785,680,679) (S 1160,679,252) (S 215,252,231) (S 214,251,231) (S 196,231,230) (S 233,272,230) (S 234,230,273) (S 261,229,254) (S 217,254,255) (S 543,552,299) (S 260,299,229) (S 195,229,230) (D 0,0,0)
 0 1 32 8960 26381  14 (D 0,0,0) (S 559,258,294) (S 253,294,295) (S 529,295,539) (S 568,539,462) (S 428,462,213) (S 186,212,219) (S 255,218,296) (S 258,296,297) (S 259,297,298) (S 569,565,225) (S 570,225,566) (S 571,566,547) (D 0,0,0)
 0 1 33 8724 23077  13 (D 0,0,0) (S 220,258,259) (S 219,258,257) (S 324,257,365) (S 323,365,117) (S 94,117,116) (S 977,116,300) (S 554,306,557) (S 1124,557,301) (S 1125,301,827) (S 262,301,300) (S 267,300,306) (D 0,0,0)
 0 1 34 8952 35187  19 (D 0,0,0) (S 1058,798,800) (S 1059,800,187) (S 1060,187,801) (S 1150,801,111) (S 1151,111,808) (S 1071,808,809) (S 1176,110,125) (S 1175,125,764) (S 1174,764,834) (S 1146,833,834) (S 1147,834,765) (S 974,765,764) (S 973,763,764) (S 100,123,122) (S 1054,122,798) (S 1056,799,118) (S 95,118,115) (D 0,0,0)
 0 1 35 8722 32788  14 (D 0,0,0) (S 1069,114,185) (S 151,185,184) (S 150,184,183) (S 1207,183,845) (S 1206,849,183) (S 149,183,108) (S 88,108,109) (S 1179,109,545) (S 537,545,184) (S 536,184,544) (S 534,543,542) (S 1184,578,609) (D 0,0,0)
 0 1 36 8504 30672  20 (D 0,0,0) (S 530,539,158) (S 531,158,540) (S 532,540,541) (S 533,541,542) (S 1187,542,841) (S 1186,841,104) (S 84,104,105) (S 1190,105,48) (S 1205,47,848) (S 37,47,48) (S 38,48,49) (S 943,49,103) (S 83,103,104) (S 944,103,753) (S 945,753,541) (S 947,754,755) (S 948,755,115) (S 328,293,367) (D 0,0,0)
 0 1 37 8991 33760  25 (D 0,0,0) (S 126,158,159) (S 956,748,160) (S 128,160,128) (S 104,128,127) (S 953,127,756) (S 942,751,752) (S 941,750,751) (S 950,751,725) (S 884,725,421) (S 386,420,161) (S 1061,795,802) (S 216,252,253) (S 1159,252,802) (S 1158,802,726) (S 1157,836,726) (S 885,726,421) (S 387,421,420) (S 954,420,756) (S 949,756,725) (S 883,725,126) (S 958,724,757) (S 138,158,173) (S 139,173,174) (D 0,0,0)
 0 1 38 8960 34881  23 (D 0,0,0) (S 93,115,114) (S 92,114,113) (S 1065,805,186) (S 155,187,123) (S 156,123,32) (S 25,32,33) (S 831,34,120) (S 830,34,11) (S 9,11,12) (S 10,12,13) (S 157,12,32) (S 975,32,765) (S 1148,765,124) (S 1062,125,803) (S 102,125,124) (S 1149,124,801) (S 101,124,123) (S 99,122,121) (S 98,121,119) (S 96,119,118) (S 561,561,214) (D 0,0,0)
 0 1 39 8967 33718  24 (D 0,0,0) (S 330,174,115) (S 1143,799,804) (S 1063,804,797) (S 1064,797,805) (S 1053,797,798) (S 1057,798,799) (S 1144,799,121) (S 1145,121,33) (S 26,33,34) (S 27,34,35) (S 28,35,36) (S 825,35,10) (S 7,9,10) (S 826,10,189) (S 827,189,698) (S 159,189,188) (S 828,699,188) (S 158,12,188) (S 829,188,11) (S 8,11,10) (S 824,35,120) (S 97,120,119) (D 0,0,0)
 0 1 40 8996 35913  14 (D 0,0,0) (S 90,112,111) (S 89,111,110) (S 1177,110,809) (S 1178,809,545) (S 1180,109,45) (S 34,44,45) (S 35,45,46) (S 36,46,47) (S 1204,47,106) (S 1193,543,813) (S 1072,810,811) (S 1212,811,755) (D 0,0,0)
 0 1 41 8885 40084  13 (D 0,0,0) (S 39,49,50) (S 988,49,767) (S 1073,767,806) (S 1074,806,182) (S 1075,182,812) (S 61,76,77) (S 1182,76,812) (S 1181,812,45) (S 1070,808,185) (S 152,185,112) (S 91,112,113) (D 0,0,0)
 0 1 42 8951 31047  30 (D 0,0,0) (S 1055,596,173) (S 127,159,160) (S 957,160,757) (S 952,757,127) (S 103,127,126) (S 882,126,724) (S 881,724,314) (S 273,314,159) (S 274,159,315) (S 939,315,748) (S 955,748,245) (S 454,274,486) (S 565,486,211) (S 179,210,211) (S 185,219,218) (S 184,218,217) (S 246,288,278) (S 247,278,289) (S 238,278,277) (S 622,277,217) (S 623,217,463) (S 624,463,297) (S 625,297,538) (S 190,224,223) (S 717,643,223) (S 211,247,248) (S 524,248,536) (S 523,536,364) (D 0,0,0)
 0 1 43 8939 26108  8 (D 0,0,0) (S 192,225,226) (S 193,226,227) (S 194,227,228) (S 229,227,256) (S 218,256,257) (S 173,204,205) (D 0,0,0)
 0 1 44 8997 27583  23 (D 0,0,0) (S 560,561,258) (S 325,257,366) (S 327,226,367) (S 628,367,565) (S 627,565,596) (S 626,596,538) (S 183,217,216) (S 231,270,216) (S 232,216,271) (S 621,570,277) (S 237,277,276) (S 257,276,135) (S 111,135,134) (S 992,134,38) (S 29,37,38) (S 619,38,595) (S 788,595,222) (S 189,222,223) (S 718,223,247) (S 719,247,537) (S 720,537,548) (D 0,0,0)
 0 1 45 9000 27461  19 (D 0,0,0) (S 589,578,567) (S 574,567,568) (S 588,567,577) (S 322,364,29) (S 652,29,287) (S 544,553,383) (S 545,383,287) (S 245,287,286) (S 243,284,285) (S 823,285,536) (S 212,248,249) (S 572,249,547) (S 538,546,547) (S 722,566,644) (S 213,249,250) (S 1170,577,608) (S 1123,557,205) (D 0,0,0)
 0 1 46 8979 25642  18 (D 0,0,0) (S 182,215,214) (S 655,561,609) (S 653,608,29) (S 23,29,30) (S 349,30,384) (S 24,30,31) (S 348,30,383) (S 347,383,382) (S 346,382,381) (S 820,697,381) (S 187,220,221) (S 989,221,381) (S 584,382,576) (S 586,286,364) (S 587,364,577) (S 654,608,609) (D 0,0,0)
 0 1 47 8932 31345  24 (D 0,0,0) (S 573,567,249) (S 525,248,537) (S 429,463,462) (S 210,213,246) (S 275,246,315) (S 938,748,129) (S 937,129,244) (S 206,244,243) (S 385,243,161) (S 130,161,162) (S 131,162,163) (S 1051,162,795) (S 1052,795,796) (S 1103,820,796) (S 1104,796,243) (S 129,161,128) (S 105,128,129) (S 106,129,130) (S 107,130,131) (S 576,131,564) (S 577,564,570) (S 620,570,595) (D 0,0,0)
 0 1 48 8982 33496  28 (D 0,0,0) (S 553,557,215) (S 244,286,285) (S 822,285,681) (S 787,595,133) (S 109,133,132) (S 200,132,235) (S 199,132,234) (S 716,642,234) (S 198,234,233) (S 197,232,233) (S 542,233,549) (S 540,549,550) (S 541,551,549) (S 108,132,131) (S 575,569,131) (S 207,244,130) (S 208,130,245) (S 209,245,246) (S 453,246,274) (S 235,274,275) (S 563,564,275) (S 566,211,219) (S 567,219,462) (S 528,295,538) (S 526,224,537) (S 539,548,547) (D 0,0,0)
 0 1 49 8929 31801  24 (D 0,0,0) (S 656,561,365) (S 590,366,578) (S 191,225,224) (S 527,224,538) (S 254,295,296) (S 256,218,276) (S 236,276,275) (S 564,275,486) (S 455,486,487) (S 180,211,212) (S 181,212,213) (S 436,213,470) (S 880,470,314) (S 879,470,540) (S 946,541,754) (S 1077,754,810) (S 1076,810,813) (S 1194,813,113) (S 153,112,186) (S 154,186,187) (S 1196,800,805) (S 1195,805,113) (D 0,0,0)
 0 1 50 8577 31071  9 (D 0,0,0) (S 230,227,269) (S 304,292,348) (S 1067,348,175) (S 141,175,176) (S 1068,175,807) (S 140,175,174) (S 329,174,293) (D 0,0,0)
 0 1 51 8938 27151  8 (D 0,0,0) (S 326,366,226) (S 629,367,269) (S 630,269,292) (S 251,292,293) (S 252,293,294) (S 558,560,294) (D 0,0,0)
 0 1 52 8814 16193  17 (D 0,0,0) (S 3,3,4) (S 1084,4,191) (S 516,191,532) (S 518,150,533) (S 175,151,206) (S 691,207,590) (S 692,590,195) (S 166,195,196) (S 775,196,623) (S 774,623,505) (S 694,505,622) (S 681,622,584) (S 603,584,194) (S 321,193,354) (S 425,355,192) (D 0,0,0)
 0 1 53 8973 15701  20 (D 0,0,0) (S 163,192,193) (S 164,193,194) (S 165,194,195) (S 693,195,622) (S 682,622,623) (S 683,623,624) (S 684,624,625) (S 1130,624,830) (S 1129,624,829) (S 58,71,72) (S 57,71,70) (S 56,70,69) (S 55,69,68) (S 1165,583,737) (S 897,737,67) (S 53,67,66) (S 52,66,65) (S 51,65,64) (D 0,0,0)
 0 1 54 8995 21153  17 (D 0,0,0) (S 891,734,621) (S 680,353,584) (S 602,584,504) (S 601,504,583) (S 600,583,68) (S 599,68,404) (S 372,406,407) (S 1126,828,407) (S 373,407,408) (S 1127,407,71) (S 1128,71,829) (S 1162,838,829) (S 1163,829,632) (S 1164,632,583) (S 898,737,738) (D 0,0,0)
 0 1 55 8881 16362  13 (D 0,0,0) (S 613,532,585) (S 605,585,206) (S 176,206,207) (S 177,207,208) (S 1121,208,588) (S 557,559,209) (S 178,209,208) (S 1122,208,826) (S 1132,826,558) (S 556,558,209) (S 555,558,306) (D 0,0,0)
 0 1 56 8987 17031  13 (D 0,0,0) (S 266,151,306) (S 976,300,587) (S 607,586,587) (S 608,587,559) (S 609,559,588) (S 610,588,589) (S 776,196,589) (S 611,589,590) (S 612,590,585) (S 604,585,194) (S 162,192,191) (D 0,0,0)
 0 1 57 7211 15165  16 (D 0,0,0) (S 1,0,1) (S 936,747,727) (S 886,727,728) (S 1083,728,4) (S 1091,4,734) (S 1090,734,733) (S 890,733,621) (S 677,620,621) (S 678,621,459) (S 423,458,459) (S 679,459,353) (S 310,353,354) (S 311,354,355) (S 424,355,459) (D 0,0,0)
 0 1 58 8987 16748  17 (D 0,0,0) (S 497,519,518) (S 857,518,329) (S 288,329,330) (S 1035,331,580) (S 593,580,438) (S 592,438,579) (S 591,579,57) (S 46,57,58) (S 47,58,59) (S 48,59,60) (S 449,59,481) (S 834,481,333) (S 291,333,332) (S 290,332,331) (S 289,331,330) (D 0,0,0)
 0 1 59 8991 19884  13 (D 0,0,0) (S 595,332,516) (S 493,515,514) (S 833,514,333) (S 450,481,482) (S 835,481,700) (S 832,700,165) (S 132,164,165) (S 133,165,166) (S 134,166,167) (S 907,704,435) (S 906,435,328) (D 0,0,0)
 0 1 60 8895 19957  19 (D 0,0,0) (S 287,328,329) (S 856,329,436) (S 855,436,703) (S 854,703,54) (S 853,54,455) (S 421,455,456) (S 562,562,563) (S 708,562,456) (S 422,456,457) (S 707,456,58) (S 706,58,636) (S 705,636,635) (S 959,635,758) (S 960,758,759) (S 961,758,760) (S 704,635,439) (S 594,580,332) (D 0,0,0)
 0 1 61 8906 21904  24 (D 0,0,0) (S 285,326,327) (S 840,703,702) (S 1034,166,702) (S 1043,55,794) (S 1102,794,819) (S 1101,794,51) (S 40,51,52) (S 41,52,53) (S 42,53,54) (S 43,54,55) (S 44,55,56) (S 1038,56,791) (S 45,56,57) (S 1037,56,701) (S 1036,701,790) (S 1042,790,660) (S 751,659,660) (S 1041,660,793) (S 1039,792,793) (S 1040,793,785) (S 1023,785,784) (S 1024,784,437) (D 0,0,0)
 0 1 62 8670 18822  24 (D 0,0,0) (S 1029,520,325) (S 380,327,415) (S 403,415,435) (S 404,435,436) (S 405,436,437) (S 927,437,330) (S 1022,784,649) (S 731,649,650) (S 1025,784,786) (S 406,437,438) (S 407,438,439) (S 703,439,422) (S 388,422,423) (S 702,422,515) (S 494,515,516) (S 641,602,603) (S 724,603,604) (S 723,645,604) (S 644,604,605) (S 686,605,628) (S 643,604,602) (S 642,602,517) (D 0,0,0)
 0 1 63 8905 27252  23 (D 0,0,0) (S 836,636,700) (S 448,59,480) (S 995,480,770) (S 447,480,479) (S 997,479,772) (S 446,479,478) (S 996,478,771) (S 445,478,92) (S 72,92,91) (S 71,90,91) (S 874,91,282) (S 242,282,283) (S 875,282,720) (S 241,282,281) (S 919,281,743) (S 443,477,199) (S 709,93,562) (S 837,636,579) (S 838,579,701) (S 839,701,702) (S 841,703,704) (D 0,0,0)
 0 1 64 8997 23504  18 (D 0,0,0) (S 842,704,607) (S 651,607,52) (S 419,453,454) (S 647,472,96) (S 76,96,95) (S 75,95,94) (S 850,94,707) (S 711,638,637) (S 940,637,749) (S 710,637,93) (S 74,93,94) (S 851,94,592) (S 616,592,593) (S 615,592,591) (S 910,591,454) (S 909,454,53) (D 0,0,0)
 0 1 65 8824 31532  20 (D 0,0,0) (S 804,20,485) (S 803,485,688) (S 1120,688,667) (S 1119,667,825) (S 1172,825,441) (S 1171,840,441) (S 408,441,440) (S 617,594,440) (S 1117,440,665) (S 755,665,666) (S 754,665,465) (S 431,465,466) (S 813,692,466) (S 814,466,693) (S 815,693,694) (S 752,661,662) (S 1118,440,825) (S 805,20,503) (D 0,0,0)
 0 1 66 8906 34039  13 (D 0,0,0) (S 15,20,19) (S 993,768,19) (S 994,19,769) (S 295,339,340) (S 438,473,474) (S 1169,474,839) (S 439,474,475) (S 552,473,340) (S 296,340,18) (S 14,18,19) (S 962,689,606) (D 0,0,0)
 0 1 67 8929 26621  20 (D 0,0,0) (S 912,95,741) (S 913,741,202) (S 118,146,147) (S 119,147,148) (S 120,148,149) (S 117,146,145) (S 116,145,144) (S 293,336,144) (S 914,145,202) (S 171,202,201) (S 170,201,200) (S 713,200,639) (S 1161,837,639) (S 712,200,638) (S 965,638,707) (S 852,592,455) (S 420,455,454) (S 908,53,704) (D 0,0,0)
 0 1 68 8771 27435  20 (D 0,0,0) (S 911,591,95) (S 169,200,199) (S 442,199,79) (S 798,476,685) (S 797,476,143) (S 115,143,142) (S 440,142,476) (S 441,476,79) (S 62,78,79) (S 168,199,198) (S 167,197,198) (S 877,198,280) (S 239,279,280) (S 878,280,723) (S 240,280,281) (S 918,281,477) (S 444,477,92) (S 73,92,93) (D 0,0,0)
 0 1 69 8963 34149  15 (D 0,0,0) (S 458,484,490) (S 457,490,489) (S 456,489,488) (S 863,710,711) (S 967,710,488) (S 966,488,618) (S 676,618,619) (S 675,618,617) (S 888,617,730) (S 674,617,492) (S 460,491,492) (S 451,483,484) (S 452,484,485) (D 0,0,0)
 0 1 70 8920 34984  19 (D 0,0,0) (S 756,667,442) (S 757,442,668) (S 409,442,441) (S 1116,665,662) (S 794,682,683) (S 1113,683,641) (S 714,640,641) (S 1112,641,556) (S 263,302,303) (S 1111,303,556) (S 715,641,468) (S 433,468,467) (S 796,467,684) (S 432,467,466) (S 430,465,464) (S 1173,464,825) (S 635,599,362) (D 0,0,0)
