1759686
70
2401375
2364905
 0 1 1 6631 14649  23 (D 0,0,0) (S 1,0,1) (S 223,264,263) (S 338,263,86) (S 68,86,85) (S 67,85,42) (S 32,42,41) (S 488,41,512) (S 31,41,40) (S 669,616,39) (S 1085,39,815) (S 30,39,40) (S 335,40,372) (S 334,372,371) (S 758,370,669) (S 332,370,369) (S 522,368,527) (S 507,527,526) (S 506,526,525) (S 1080,525,14) (S 399,15,431) (S 779,674,653) (D 0,0,0)
 0 1 2 8973 16860  29 (D 0,0,0) (S 780,674,672) (S 142,178,177) (S 873,507,344) (S 872,344,380) (S 871,380,86) (S 339,86,375) (S 489,375,512) (S 1093,512,715) (S 1092,817,715) (S 867,715,372) (S 336,40,373) (S 337,373,374) (S 750,373,658) (S 749,373,84) (S 65,83,84) (S 935,657,746) (S 934,657,43) (S 759,670,261) (S 222,261,262) (S 1098,656,818) (S 746,656,655) (S 868,716,655) (S 745,655,262) (S 744,262,654) (S 846,654,82) (S 64,82,81) (S 1107,81,695) (D 0,0,0)
 0 1 3 8960 17501  8 (D 0,0,0) (S 1108,695,205) (S 266,151,306) (S 976,300,587) (S 607,586,587) (S 608,587,559) (S 166,196,195) (D 0,0,0)
 0 1 4 8794 19906  16 (D 0,0,0) (S 682,622,623) (S 774,623,505) (S 476,505,504) (S 601,504,583) (S 1163,632,829) (S 1162,838,829) (S 1128,829,71) (S 57,71,70) (S 1033,70,406) (S 56,70,69) (S 55,69,68) (S 600,68,583) (S 602,504,584) (S 679,353,459) (D 0,0,0)
 0 1 5 8983 18670  15 (D 0,0,0) (S 163,192,193) (S 692,195,590) (S 609,588,559) (S 557,559,209) (S 556,209,558) (S 555,558,306) (S 267,306,300) (S 262,300,301) (S 1125,301,827) (S 1124,301,557) (S 1123,557,205) (S 173,204,205) (S 174,205,151) (D 0,0,0)
 0 1 6 8369 12790  13 (D 0,0,0) (S 1100,3,191) (S 516,191,532) (S 517,532,150) (S 518,150,533) (S 121,150,151) (S 175,151,206) (S 691,207,590) (S 612,590,585) (S 613,585,532) (S 614,532,80) (S 63,80,81) (D 0,0,0)
 0 1 7 8713 14721  18 (D 0,0,0) (S 162,191,192) (S 425,192,355) (S 424,355,459) (S 423,458,459) (S 680,353,584) (S 603,584,194) (S 165,194,195) (S 693,195,622) (S 694,622,505) (S 695,505,632) (S 1164,632,583) (S 1165,583,737) (S 898,737,738) (S 1089,816,733) (S 677,620,621) (S 891,621,734) (D 0,0,0)
 0 1 8 8996 17102  19 (D 0,0,0) (S 1091,4,734) (S 1090,734,733) (S 890,733,621) (S 681,584,622) (S 775,623,196) (S 776,196,589) (S 611,589,590) (S 610,589,588) (S 1121,588,208) (S 178,208,209) (S 1132,558,826) (S 1122,826,208) (S 177,208,207) (S 176,207,206) (S 605,206,585) (S 604,585,194) (S 164,194,193) (D 0,0,0)
 0 1 9 8158 13200  19 (D 0,0,0) (S 2,2,3) (S 3,3,4) (S 936,747,727) (S 886,727,728) (S 1083,728,4) (S 1084,4,191) (S 161,191,190) (S 160,190,82) (S 845,654,509) (S 484,509,510) (S 483,509,5) (S 482,5,508) (S 929,508,671) (S 761,671,6) (S 4,5,6) (S 5,6,7) (S 741,8,63) (D 0,0,0)
 0 1 10 8864 14876  24 (D 0,0,0) (S 1168,63,787) (S 1027,787,64) (S 51,64,65) (S 53,66,67) (S 54,67,68) (S 599,68,404) (S 369,404,403) (S 663,403,613) (S 368,403,170) (S 895,170,449) (S 894,449,736) (S 923,736,313) (S 272,313,310) (S 270,310,311) (S 271,310,312) (S 414,312,449) (S 415,449,450) (S 901,450,171) (S 137,171,172) (S 900,171,66) (S 899,66,738) (S 1166,738,816) (D 0,0,0)
 0 1 11 8339 11934  31 (D 0,0,0) (S 742,653,63) (S 228,63,268) (S 227,268,267) (S 226,267,266) (S 225,266,265) (S 300,265,344) (S 301,344,345) (S 492,345,379) (S 491,379,513) (S 606,513,369) (S 331,369,368) (S 343,368,379) (S 344,379,380) (S 345,380,264) (S 224,264,265) (S 299,265,343) (S 931,343,260) (S 221,260,261) (S 760,261,342) (S 297,341,342) (S 298,342,343) (S 481,508,266) (S 480,266,507) (S 479,507,177) (S 478,177,506) (S 398,431,178) (S 143,178,179) (S 144,179,180) (S 770,180,674) (D 0,0,0)
 0 1 12 8745 15530  26 (D 0,0,0) (S 771,180,268) (S 772,268,675) (S 930,508,343) (S 932,260,745) (S 933,745,43) (S 1105,821,822) (S 1106,822,823) (S 1131,823,831) (S 1183,822,43) (S 33,43,42) (S 66,42,84) (S 748,84,657) (S 747,657,656) (S 1097,656,670) (S 1096,670,745) (S 1095,745,85) (S 1094,85,512) (S 866,715,371) (S 333,371,370) (S 340,370,375) (S 490,375,513) (S 302,345,346) (S 782,506,431) (S 781,431,672) (D 0,0,0)
 0 1 13 8894 13065  29 (D 0,0,0) (S 777,676,677) (S 769,674,17) (S 768,17,523) (S 970,673,762) (S 969,762,761) (S 1142,761,316) (S 276,316,317) (S 1156,317,835) (S 1155,317,832) (S 1139,832,718) (S 1078,718,762) (S 1079,762,525) (S 505,525,524) (S 766,524,16) (S 765,16,672) (S 764,672,179) (S 763,179,267) (S 762,267,671) (S 928,671,675) (S 773,675,7) (S 6,7,8) (S 740,8,555) (S 549,555,509) (S 548,555,190) (S 547,190,81) (S 819,695,696) (S 818,695,2) (D 0,0,0)
 0 1 14 7447 16544  12 (D 0,0,0) (S 817,0,2) (S 22,28,27) (S 972,27,686) (S 799,686,663) (S 753,663,664) (S 1018,26,783) (S 21,26,27) (S 926,28,731) (S 889,731,732) (S 1099,732,3) (D 0,0,0)
 0 1 15 8445 11422  20 (D 0,0,0) (S 816,0,677) (S 13,17,16) (S 12,16,15) (S 11,15,14) (S 477,14,506) (S 783,506,346) (S 303,346,347) (S 1140,347,526) (S 1141,526,761) (S 968,761,535) (S 520,535,445) (S 411,445,318) (S 278,318,319) (S 279,319,320) (S 464,494,495) (S 1030,495,325) (S 1028,520,64) (S 50,64,63) (D 0,0,0)
 0 1 16 8688 19045  15 (D 0,0,0) (S 792,677,521) (S 1004,735,776) (S 1044,776,581) (S 596,581,516) (S 595,516,332) (S 594,332,580) (S 591,579,57) (S 45,57,56) (S 1043,55,794) (S 1102,794,819) (S 1101,794,51) (S 40,51,52) (S 41,52,53) (D 0,0,0)
 0 1 17 8387 17333  19 (D 0,0,0) (S 381,416,327) (S 906,328,435) (S 907,435,704) (S 419,454,453) (S 649,453,571) (S 648,571,472) (S 437,472,471) (S 917,691,360) (S 316,360,359) (S 579,573,572) (S 865,572,714) (S 578,572,571) (S 650,453,52) (S 651,52,607) (S 843,607,705) (S 1081,705,434) (S 401,434,349) (D 0,0,0)
 0 1 18 8955 23418  21 (D 0,0,0) (S 499,351,416) (S 705,635,636) (S 448,59,480) (S 995,480,770) (S 447,480,479) (S 444,92,477) (S 918,477,281) (S 919,281,743) (S 241,281,282) (S 242,282,283) (S 875,282,720) (S 874,282,91) (S 71,90,91) (S 72,91,92) (S 73,92,93) (S 709,93,562) (S 708,562,456) (S 707,456,58) (S 837,636,579) (D 0,0,0)
 0 1 19 8810 18545  17 (D 0,0,0) (S 495,517,516) (S 494,516,515) (S 493,515,514) (S 833,514,333) (S 450,481,482) (S 835,481,700) (S 133,165,166) (S 134,166,167) (S 633,167,62) (S 49,61,62) (S 634,62,169) (S 135,168,169) (S 305,169,349) (S 306,349,350) (S 1029,325,520) (D 0,0,0)
 0 1 20 8677 15591  28 (D 0,0,0) (S 500,520,351) (S 309,351,352) (S 1086,352,451) (S 417,451,419) (S 384,419,418) (S 924,739,736) (S 893,736,735) (S 642,517,602) (S 641,602,603) (S 724,603,604) (S 723,645,604) (S 644,604,605) (S 686,605,628) (S 643,604,602) (S 496,517,518) (S 892,518,735) (S 1003,735,740) (S 1002,740,417) (S 382,417,416) (S 308,351,326) (S 858,433,708) (S 971,708,673) (S 767,673,524) (S 504,524,523) (S 503,523,522) (S 743,522,653) (D 0,0,0)
 0 1 21 8958 19957  24 (D 0,0,0) (S 778,677,653) (S 1152,522,708) (S 1154,719,832) (S 662,443,319) (S 661,319,534) (S 660,534,448) (S 659,448,612) (S 658,612,611) (S 1000,611,774) (S 998,773,774) (S 999,774,775) (S 1008,774,612) (S 1007,612,647) (S 730,647,648) (S 1001,647,611) (S 657,610,611) (S 729,647,646) (S 793,646,447) (S 1019,446,452) (S 869,717,427) (S 418,427,452) (S 412,446,447) (D 0,0,0)
 0 1 22 8757 21697  21 (D 0,0,0) (S 277,317,318) (S 1020,446,601) (S 1021,601,337) (S 294,337,338) (S 637,601,574) (S 582,574,497) (S 468,497,461) (S 467,461,100) (S 81,100,101) (S 80,100,99) (S 79,99,98) (S 636,362,600) (S 640,600,99) (S 639,99,460) (S 426,460,361) (S 317,361,360) (S 315,359,358) (S 1135,814,494) (S 1138,432,832) (D 0,0,0)
 0 1 23 8915 16342  28 (D 0,0,0) (S 502,522,521) (S 285,326,327) (S 286,327,328) (S 927,330,437) (S 406,437,438) (S 592,438,579) (S 838,579,701) (S 1036,701,790) (S 1042,790,660) (S 751,659,660) (S 1041,660,793) (S 1039,792,793) (S 1040,793,785) (S 1023,785,784) (S 1022,784,649) (S 731,649,650) (S 1025,784,786) (S 1024,784,437) (S 405,437,436) (S 856,436,329) (S 287,329,328) (S 905,328,519) (S 904,519,740) (S 903,740,739) (S 925,739,418) (S 383,418,417) (D 0,0,0)
 0 1 24 8965 18094  26 (D 0,0,0) (S 501,521,520) (S 498,416,519) (S 497,519,518) (S 857,518,329) (S 288,329,330) (S 289,330,331) (S 1035,331,580) (S 593,580,438) (S 407,438,439) (S 959,635,758) (S 961,758,760) (S 960,758,759) (S 704,635,439) (S 703,439,422) (S 388,422,423) (S 702,422,515) (S 701,515,634) (S 698,633,405) (S 697,405,69) (S 696,69,632) (S 897,737,67) (S 896,67,170) (S 136,170,171) (S 52,66,65) (D 0,0,0)
 0 1 25 8789 20282  18 (D 0,0,0) (S 598,582,404) (S 370,404,405) (S 371,405,406) (S 372,406,407) (S 373,407,408) (S 1126,828,407) (S 1127,407,71) (S 58,71,72) (S 1129,829,624) (S 1130,624,830) (S 684,624,625) (S 683,624,623) (S 310,353,354) (S 321,354,193) (S 311,354,355) (S 678,459,621) (D 0,0,0)
 0 1 26 8985 14928  23 (D 0,0,0) (S 689,631,324) (S 859,324,433) (S 400,433,432) (S 1137,432,443) (S 410,443,444) (S 1136,443,494) (S 463,494,320) (S 280,320,321) (S 312,321,356) (S 281,321,322) (S 282,322,323) (S 313,322,357) (S 1134,357,814) (S 1082,814,788) (S 1032,788,789) (S 1031,788,495) (S 465,495,350) (S 307,350,326) (S 284,326,325) (S 283,325,324) (S 690,324,521) (D 0,0,0)
 0 1 27 8920 20209  16 (D 0,0,0) (S 1133,357,335) (S 292,335,334) (S 812,334,471) (S 916,690,97) (S 78,97,98) (S 319,98,362) (S 670,600,502) (S 474,502,501) (S 726,501,101) (S 82,101,102) (S 727,101,575) (S 413,447,448) (S 519,534,445) (S 521,535,527) (D 0,0,0)
 0 1 28 8990 19733  16 (D 0,0,0) (S 314,322,358) (S 546,358,554) (S 861,554,139) (S 113,138,139) (S 860,709,139) (S 862,554,573) (S 580,573,359) (S 581,359,574) (S 638,574,460) (S 427,460,461) (S 583,497,575) (S 728,575,646) (S 870,718,719) (S 1153,719,708) (D 0,0,0)
 0 1 29 8963 18091  19 (D 0,0,0) (S 597,582,581) (S 1045,581,626) (S 685,626,627) (S 687,627,629) (S 688,629,630) (S 951,629,634) (S 700,634,627) (S 699,627,633) (S 920,744,633) (S 921,633,582) (S 922,582,313) (S 902,739,450) (S 416,450,419) (S 1087,451,65) (S 1088,65,816) (S 1167,816,787) (S 1026,787,3) (D 0,0,0)
 0 1 30 8889 24219  15 (D 0,0,0) (S 402,415,434) (S 647,472,96) (S 646,96,606) (S 962,606,689) (S 805,503,20) (S 16,20,21) (S 459,484,21) (S 17,21,22) (S 671,22,502) (S 475,502,503) (S 806,503,203) (S 172,203,202) (S 963,741,606) (D 0,0,0)
 0 1 31 8641 25178  21 (D 0,0,0) (S 851,592,94) (S 74,94,93) (S 711,637,638) (S 965,638,707) (S 964,707,741) (S 913,741,202) (S 914,202,145) (S 915,145,742) (S 116,145,144) (S 293,336,144) (S 117,145,146) (S 847,706,146) (S 118,146,147) (S 119,147,148) (S 120,148,149) (S 848,146,201) (S 171,201,202) (S 912,741,95) (S 911,95,591) (D 0,0,0)
 0 1 32 8340 28434  19 (D 0,0,0) (S 854,703,54) (S 443,477,199) (S 62,78,79) (S 441,79,476) (S 798,476,685) (S 797,476,143) (S 115,143,142) (S 440,142,476) (S 442,79,199) (S 713,200,639) (S 1161,837,639) (S 170,200,201) (S 849,201,707) (S 850,707,94) (S 75,94,95) (S 76,95,96) (S 77,96,97) (D 0,0,0)
 0 1 33 8958 28476  24 (D 0,0,0) (S 811,471,691) (S 810,691,690) (S 809,690,599) (S 804,20,485) (S 802,493,688) (S 1120,688,667) (S 1119,667,825) (S 1173,825,464) (S 430,464,465) (S 754,465,665) (S 755,665,666) (S 1117,665,440) (S 617,594,440) (S 1118,440,825) (S 1172,825,441) (S 1171,840,441) (S 409,441,442) (S 757,442,668) (S 756,442,667) (S 807,203,689) (S 635,599,362) (S 318,98,361) (D 0,0,0)
 0 1 34 8983 36648  18 (D 0,0,0) (S 808,599,689) (S 431,465,466) (S 796,467,684) (S 795,467,683) (S 794,682,683) (S 1113,683,641) (S 714,640,641) (S 715,641,468) (S 434,468,469) (S 435,469,304) (S 265,304,305) (S 264,304,303) (S 550,556,469) (S 295,339,340) (S 994,19,769) (S 993,768,19) (D 0,0,0)
 0 1 35 8675 32374  16 (D 0,0,0) (S 15,20,19) (S 14,19,18) (S 296,18,340) (S 552,340,473) (S 438,473,474) (S 439,474,475) (S 1169,474,839) (S 551,473,469) (S 433,468,467) (S 432,467,466) (S 813,692,466) (S 814,466,693) (S 752,661,662) (S 1116,662,665) (D 0,0,0)
 0 1 36 8888 39409  14 (D 0,0,0) (S 803,485,688) (S 408,441,440) (S 1115,662,693) (S 815,693,694) (S 1112,641,556) (S 1111,556,303) (S 1110,303,308) (S 1109,824,308) (S 268,307,308) (S 269,308,309) (S 263,302,303) (S 1114,683,693) (D 0,0,0)
 0 1 37 8992 30572  14 (D 0,0,0) (S 462,490,493) (S 801,493,496) (S 800,687,496) (S 466,496,489) (S 461,490,492) (S 673,492,483) (S 672,483,22) (S 18,22,23) (S 887,23,729) (S 19,23,24) (S 20,24,25) (S 725,24,501) (D 0,0,0)
 0 1 38 8963 34149  15 (D 0,0,0) (S 452,485,484) (S 451,484,483) (S 460,491,492) (S 674,492,617) (S 888,617,730) (S 675,617,618) (S 676,618,619) (S 966,618,488) (S 967,488,710) (S 863,710,711) (S 456,488,489) (S 457,489,490) (S 458,490,484) (D 0,0,0)
 0 1 39 8823 20491  16 (D 0,0,0) (S 844,167,705) (S 842,607,704) (S 841,704,703) (S 1034,702,166) (S 132,164,165) (S 832,165,700) (S 836,700,636) (S 706,636,58) (S 47,58,59) (S 48,59,60) (S 449,59,481) (S 834,481,333) (S 291,333,332) (S 290,332,331) (D 0,0,0)
 0 1 40 8974 18378  19 (D 0,0,0) (S 404,435,436) (S 855,436,703) (S 42,54,53) (S 909,53,454) (S 910,454,591) (S 615,591,592) (S 616,592,593) (S 852,592,455) (S 853,455,54) (S 43,54,55) (S 44,55,56) (S 1038,56,791) (S 1037,56,701) (S 839,701,702) (S 840,702,703) (S 403,435,415) (S 380,415,327) (D 0,0,0)
 0 1 41 8955 29017  22 (D 0,0,0) (S 46,57,58) (S 997,479,772) (S 446,479,478) (S 996,478,771) (S 445,478,92) (S 240,281,280) (S 239,279,280) (S 878,280,723) (S 877,280,198) (S 167,197,198) (S 168,198,199) (S 169,199,200) (S 712,200,638) (S 940,637,749) (S 710,637,93) (S 562,562,563) (S 422,456,457) (S 421,456,455) (S 420,455,454) (S 908,53,704) (D 0,0,0)
 0 1 42 8998 28787  18 (D 0,0,0) (S 739,427,137) (S 249,154,291) (S 250,291,242) (S 320,242,363) (S 665,156,614) (S 666,614,88) (S 70,88,89) (S 473,89,500) (S 486,500,396) (S 360,396,397) (S 513,397,89) (S 514,89,530) (S 487,389,500) (S 472,499,500) (S 512,397,529) (S 511,529,155) (D 0,0,0)
 0 1 43 8974 41748  17 (D 0,0,0) (S 69,87,88) (S 667,88,597) (S 1197,615,844) (S 1189,842,680) (S 215,252,231) (S 196,231,230) (S 233,272,230) (S 234,230,273) (S 217,254,255) (S 261,254,229) (S 260,229,299) (S 543,552,299) (S 195,229,230) (S 214,251,231) (S 785,679,680) (D 0,0,0)
 0 1 44 8961 34622  19 (D 0,0,0) (S 361,394,398) (S 362,398,387) (S 352,387,388) (S 733,652,414) (S 732,651,414) (S 378,414,401) (S 367,401,402) (S 366,400,401) (S 379,401,410) (S 376,410,411) (S 375,410,400) (S 374,409,400) (S 365,400,399) (S 1048,399,652) (S 1049,652,390) (S 485,511,396) (S 359,396,395) (D 0,0,0)
 0 1 45 8998 28539  13 (D 0,0,0) (S 737,290,395) (S 471,499,398) (S 470,398,498) (S 983,385,391) (S 355,391,392) (S 982,391,140) (S 114,140,141) (S 981,140,152) (S 122,152,153) (S 980,152,236) (S 390,425,426) (D 0,0,0)
 0 1 46 8986 28245  20 (D 0,0,0) (S 1010,779,778) (S 1014,781,237) (S 1015,237,782) (S 1009,238,778) (S 1016,778,781) (S 1013,781,425) (S 389,425,424) (S 978,424,722) (S 876,721,722) (S 979,424,236) (S 201,236,237) (S 202,237,238) (S 203,238,239) (S 1012,239,780) (S 204,239,240) (S 1011,239,779) (S 1017,779,426) (S 391,426,427) (D 0,0,0)
 0 1 47 8946 29354  15 (D 0,0,0) (S 738,137,290) (S 248,290,154) (S 123,154,155) (S 124,155,156) (S 125,156,157) (S 1185,529,614) (S 664,156,363) (S 645,363,155) (S 510,155,291) (S 509,291,241) (S 508,241,528) (S 784,528,678) (S 205,241,242) (D 0,0,0)
 0 1 48 8835 27532  24 (D 0,0,0) (S 736,395,499) (S 735,499,388) (S 353,388,389) (S 354,389,390) (S 1050,390,530) (S 515,530,531) (S 631,530,597) (S 632,597,598) (S 668,597,615) (S 1188,615,842) (S 1198,842,844) (S 1199,844,135) (S 618,135,38) (S 619,38,595) (S 821,681,381) (S 820,697,381) (S 346,381,382) (S 584,382,576) (S 585,576,286) (S 586,286,364) (S 588,577,567) (S 589,567,578) (D 0,0,0)
 0 1 49 8953 35300  21 (D 0,0,0) (S 554,306,557) (S 95,115,118) (S 1144,799,121) (S 100,122,123) (S 101,123,124) (S 1148,765,124) (S 155,187,123) (S 156,123,32) (S 158,12,188) (S 8,11,10) (S 825,35,10) (S 7,9,10) (S 826,10,189) (S 827,189,698) (S 159,189,188) (S 828,699,188) (S 829,188,11) (S 831,34,120) (S 97,120,119) (D 0,0,0)
 0 1 50 8983 34886  19 (D 0,0,0) (S 1056,118,799) (S 1057,799,798) (S 1058,798,800) (S 1059,800,187) (S 1149,801,124) (S 102,124,125) (S 1062,125,803) (S 973,763,764) (S 1174,764,834) (S 1146,833,834) (S 1147,834,765) (S 974,765,764) (S 1175,764,125) (S 1176,125,110) (S 1151,111,808) (S 1070,808,185) (S 1069,185,114) (D 0,0,0)
 0 1 51 8958 32998  18 (D 0,0,0) (S 1195,113,805) (S 1196,805,800) (S 1060,187,801) (S 1150,801,111) (S 89,111,110) (S 1177,110,809) (S 1178,809,545) (S 537,545,184) (S 151,184,185) (S 152,185,112) (S 154,186,187) (S 1053,798,797) (S 1065,805,186) (S 153,186,112) (S 91,112,113) (S 93,114,115) (D 0,0,0)
 0 1 52 8930 35181  24 (D 0,0,0) (S 330,174,115) (S 1212,755,811) (S 1072,811,810) (S 1076,810,813) (S 1064,805,797) (S 1063,797,804) (S 1143,804,799) (S 1054,798,122) (S 99,122,121) (S 98,119,121) (S 1145,121,33) (S 26,33,34) (S 830,34,11) (S 9,11,12) (S 10,12,13) (S 157,12,32) (S 975,765,32) (S 25,32,33) (S 27,34,35) (S 28,35,36) (S 824,35,120) (S 96,119,118) (D 0,0,0)
 0 1 53 8923 41995  11 (D 0,0,0) (S 90,112,111) (S 1071,808,809) (S 1179,545,109) (S 34,44,45) (S 1181,45,812) (S 1182,812,76) (S 61,76,77) (S 1075,812,182) (S 146,182,75) (D 0,0,0)
 0 1 54 8991 34164  17 (D 0,0,0) (S 1211,753,841) (S 1186,841,104) (S 83,104,103) (S 943,103,49) (S 39,49,50) (S 37,48,47) (S 36,47,46) (S 35,46,45) (S 1180,45,109) (S 88,109,108) (S 87,108,107) (S 1209,847,843) (S 1210,843,841) (S 1187,841,542) (S 533,542,541) (D 0,0,0)
 0 1 55 8998 30374  25 (D 0,0,0) (S 531,158,540) (S 880,470,314) (S 881,314,724) (S 882,724,126) (S 103,126,127) (S 104,127,128) (S 129,128,161) (S 130,161,162) (S 131,162,163) (S 1051,162,795) (S 1052,795,796) (S 1103,820,796) (S 1104,796,243) (S 206,243,244) (S 937,244,129) (S 105,129,128) (S 128,128,160) (S 127,160,159) (S 530,158,539) (S 539,548,547) (S 1184,578,609) (S 655,609,561) (S 561,561,214) (D 0,0,0)
 0 1 56 8999 27891  14 (D 0,0,0) (S 182,215,214) (S 220,258,259) (S 653,608,29) (S 23,29,30) (S 24,30,31) (S 349,30,384) (S 348,30,383) (S 544,553,383) (S 652,287,29) (S 322,29,364) (S 587,364,577) (S 654,608,609) (D 0,0,0)
 0 1 57 8902 31774  19 (D 0,0,0) (S 1170,608,577) (S 786,133,680) (S 1160,679,252) (S 216,252,253) (S 1159,252,802) (S 1061,802,795) (S 1158,802,726) (S 1157,836,726) (S 885,726,421) (S 387,421,420) (S 954,420,756) (S 953,756,127) (S 952,127,757) (S 958,757,724) (S 273,314,159) (S 138,158,173) (S 327,367,226) (D 0,0,0)
 0 1 58 9000 26425  10 (D 0,0,0) (S 559,258,294) (S 558,560,294) (S 253,294,295) (S 528,295,538) (S 1055,596,173) (S 139,173,174) (S 329,174,293) (S 252,293,294) (D 0,0,0)
 0 1 59 8992 32329  21 (D 0,0,0) (S 527,224,538) (S 529,295,539) (S 534,542,543) (S 535,543,544) (S 1201,846,544) (S 536,544,184) (S 150,184,183) (S 1208,845,847) (S 1204,106,47) (S 1205,47,848) (S 85,106,105) (S 84,105,104) (S 944,103,753) (S 945,753,541) (S 532,541,540) (S 879,540,470) (S 436,470,213) (S 428,213,462) (S 568,462,539) (D 0,0,0)
 0 1 60 8982 30459  21 (D 0,0,0) (S 523,364,536) (S 822,285,681) (S 187,220,221) (S 188,221,222) (S 620,595,570) (S 621,570,277) (S 257,276,135) (S 111,135,134) (S 200,132,235) (S 109,132,133) (S 110,133,134) (S 992,134,38) (S 29,37,38) (S 991,38,712) (S 864,712,713) (S 990,712,221) (S 989,221,381) (S 347,382,383) (S 545,383,287) (D 0,0,0)
 0 1 61 8992 33409  27 (D 0,0,0) (S 245,287,286) (S 788,222,595) (S 787,595,133) (S 716,642,234) (S 542,233,549) (S 540,549,550) (S 541,551,549) (S 197,232,233) (S 198,233,234) (S 199,234,132) (S 107,131,130) (S 106,130,129) (S 938,129,748) (S 939,748,315) (S 275,315,246) (S 210,246,213) (S 181,213,212) (S 565,211,486) (S 455,486,487) (S 564,486,275) (S 576,564,131) (S 575,569,131) (S 108,131,132) (S 790,681,576) (S 791,576,287) (D 0,0,0)
 0 1 62 8962 33249  22 (D 0,0,0) (S 1005,777,393) (S 1006,393,498) (S 469,498,428) (S 393,428,386) (S 350,386,385) (S 984,385,376) (S 341,376,377) (S 342,377,378) (S 395,377,429) (S 377,412,413) (S 397,412,430) (S 396,412,429) (S 364,399,378) (S 363,378,387) (S 351,387,386) (S 392,428,392) (S 356,392,393) (S 357,393,394) (S 358,394,395) (S 112,136,137) (D 0,0,0)
 0 1 63 8754 34489  21 (D 0,0,0) (S 734,388,652) (S 1047,399,429) (S 1046,429,766) (S 987,73,767) (S 1073,767,806) (S 1074,806,182) (S 147,182,46) (S 148,46,108) (S 149,108,183) (S 1206,849,183) (S 1207,183,845) (S 1200,845,107) (S 86,107,106) (S 1203,106,847) (S 1202,847,544) (S 946,541,754) (S 1077,810,754) (S 947,754,755) (S 948,755,115) (D 0,0,0)
 0 1 64 8987 27793  23 (D 0,0,0) (S 590,366,578) (S 573,567,249) (S 538,546,547) (S 571,547,566) (S 722,566,644) (S 721,566,548) (S 720,548,537) (S 525,537,248) (S 211,248,247) (S 719,247,537) (S 526,537,224) (S 190,224,223) (S 718,223,247) (S 717,643,223) (S 189,223,222) (S 789,222,681) (S 244,286,285) (S 243,284,285) (S 823,285,536) (S 524,536,248) (S 212,248,249) (D 0,0,0)
 0 1 65 8995 32193  34 (D 0,0,0) (S 574,567,568) (S 570,566,225) (S 191,225,224) (S 625,538,297) (S 624,297,463) (S 429,463,462) (S 567,462,219) (S 186,219,212) (S 180,212,211) (S 179,210,211) (S 566,211,219) (S 185,219,218) (S 256,218,276) (S 454,486,274) (S 209,246,245) (S 208,245,130) (S 207,130,244) (S 385,243,161) (S 386,161,420) (S 884,421,725) (S 949,756,725) (S 950,725,751) (S 941,750,751) (S 942,751,752) (S 883,725,126) (S 957,757,160) (S 956,160,748) (S 955,748,245) (S 453,246,274) (S 563,275,564) (S 577,564,570) (S 623,217,463) (D 0,0,0)
 0 1 66 8980 24401  8 (D 0,0,0) (S 560,561,258) (S 218,257,256) (S 229,256,227) (S 194,227,228) (S 193,227,226) (S 326,226,366) (D 0,0,0)
 0 1 67 8969 30621  9 (D 0,0,0) (S 219,258,257) (S 629,367,269) (S 304,292,348) (S 1067,348,175) (S 1068,175,807) (S 141,175,176) (S 140,175,174) (D 0,0,0)
 0 1 68 8735 31861  24 (D 0,0,0) (S 656,561,365) (S 325,257,366) (S 192,226,225) (S 627,565,596) (S 626,596,538) (S 254,295,296) (S 259,297,298) (S 258,297,296) (S 255,296,218) (S 184,218,217) (S 183,217,216) (S 231,270,216) (S 232,216,271) (S 622,217,277) (S 238,277,278) (S 246,288,278) (S 247,278,289) (S 237,277,276) (S 236,276,275) (S 235,275,274) (S 274,315,159) (S 126,159,158) (D 0,0,0)
 0 1 69 8987 33391  18 (D 0,0,0) (S 553,557,215) (S 92,114,113) (S 1194,113,813) (S 1193,813,543) (S 1192,543,843) (S 1191,843,105) (S 1190,105,48) (S 38,48,49) (S 988,49,767) (S 1066,806,74) (S 145,181,75) (S 60,75,74) (S 59,74,73) (S 986,73,766) (S 985,766,376) (S 394,377,386) (D 0,0,0)
 0 1 70 8956 26296  14 (D 0,0,0) (S 977,300,116) (S 94,116,117) (S 323,117,365) (S 324,365,257) (S 230,227,269) (S 630,269,292) (S 251,292,293) (S 328,293,367) (S 628,367,565) (S 569,565,225) (S 572,547,249) (S 213,249,250) (D 0,0,0)
