1774220
70
2401111
2290765
 0 1 1 8625 16654  21 (D 0,0,0) (S 792,677,521) (S 501,521,520) (S 500,520,351) (S 905,519,328) (S 906,328,435) (S 908,704,53) (S 909,53,454) (S 420,454,455) (S 421,455,456) (S 422,456,457) (S 704,635,439) (S 703,439,422) (S 388,422,423) (S 702,422,515) (S 494,515,516) (S 596,516,581) (S 923,313,736) (S 925,739,418) (S 382,417,416) (D 0,0,0)
 0 1 2 8920 19399  20 (D 0,0,0) (S 777,676,677) (S 306,350,349) (S 634,169,62) (S 633,62,167) (S 134,167,166) (S 1034,166,702) (S 133,166,165) (S 132,164,165) (S 832,165,700) (S 836,700,636) (S 960,758,759) (S 961,758,760) (S 959,758,635) (S 407,439,438) (S 406,438,437) (S 927,437,330) (S 857,329,518) (S 497,518,519) (D 0,0,0)
 0 1 3 8291 16928  15 (D 0,0,0) (S 285,326,327) (S 856,329,436) (S 855,436,703) (S 854,703,54) (S 853,54,455) (S 852,455,592) (S 616,592,593) (S 615,592,591) (S 910,591,454) (S 419,454,453) (S 650,453,52) (S 651,52,607) (S 1081,705,434) (D 0,0,0)
 0 1 4 8853 19912  17 (D 0,0,0) (S 594,332,580) (S 593,580,438) (S 592,438,579) (S 837,579,636) (S 46,58,57) (S 1038,56,791) (S 44,56,55) (S 43,55,54) (S 42,54,53) (S 41,53,52) (S 40,52,51) (S 1101,51,794) (S 1102,794,819) (S 1043,794,55) (S 907,704,435) (D 0,0,0)
 0 1 5 8984 28851  19 (D 0,0,0) (S 712,638,200) (S 1161,837,639) (S 713,639,200) (S 169,200,199) (S 442,199,79) (S 62,78,79) (S 441,79,476) (S 440,476,142) (S 115,142,143) (S 797,143,476) (S 798,476,685) (S 443,199,477) (S 444,477,92) (S 445,92,478) (S 996,478,771) (S 446,478,479) (S 835,481,700) (D 0,0,0)
 0 1 6 8976 24110  24 (D 0,0,0) (S 286,327,328) (S 404,435,436) (S 405,436,437) (S 707,58,456) (S 708,456,562) (S 562,562,563) (S 709,562,93) (S 710,93,637) (S 940,637,749) (S 711,637,638) (S 965,638,707) (S 848,201,146) (S 847,706,146) (S 119,147,148) (S 120,148,149) (S 118,147,146) (S 117,146,145) (S 915,145,742) (S 914,145,202) (S 171,202,201) (S 849,201,707) (S 851,94,592) (D 0,0,0)
 0 1 7 8901 18974  30 (D 0,0,0) (S 284,325,326) (S 1024,437,784) (S 1025,784,786) (S 731,649,650) (S 1022,649,784) (S 1023,784,785) (S 1040,785,793) (S 1039,792,793) (S 1041,793,660) (S 751,659,660) (S 1042,660,790) (S 1036,790,701) (S 838,701,579) (S 591,579,57) (S 45,57,56) (S 1037,56,701) (S 839,701,702) (S 840,702,703) (S 841,703,704) (S 842,704,607) (S 844,705,167) (S 49,61,62) (S 135,168,169) (S 305,169,349) (S 401,349,434) (S 402,434,415) (S 380,415,327) (S 381,327,416) (D 0,0,0)
 0 1 8 8574 15226  24 (D 0,0,0) (S 383,417,418) (S 384,418,419) (S 417,419,451) (S 1086,451,352) (S 309,352,351) (S 308,351,326) (S 307,326,350) (S 465,350,495) (S 1031,495,788) (S 1032,788,789) (S 1082,788,814) (S 282,322,323) (S 281,322,321) (S 312,321,356) (S 280,321,320) (S 279,320,319) (S 278,319,318) (S 411,318,445) (S 520,445,535) (S 504,524,523) (S 503,523,522) (S 778,653,677) (D 0,0,0)
 0 1 9 8981 21409  19 (D 0,0,0) (S 1139,718,832) (S 412,447,446) (S 1020,446,601) (S 1021,601,337) (S 294,337,338) (S 637,601,574) (S 582,574,497) (S 468,461,497) (S 583,497,575) (S 728,575,646) (S 730,647,648) (S 1007,647,612) (S 1008,612,774) (S 998,773,774) (S 999,774,775) (S 1000,774,611) (S 658,611,612) (D 0,0,0)
 0 1 10 8830 34453  15 (D 0,0,0) (S 318,361,98) (S 15,20,19) (S 994,19,769) (S 993,768,19) (S 14,19,18) (S 296,18,340) (S 295,339,340) (S 552,340,473) (S 438,473,474) (S 1169,474,839) (S 439,474,475) (S 551,473,469) (S 1173,464,825) (D 0,0,0)
 0 1 11 8995 20901  20 (D 0,0,0) (S 316,359,360) (S 317,360,361) (S 426,361,460) (S 427,460,461) (S 467,461,100) (S 726,101,501) (S 474,501,502) (S 636,600,362) (S 635,599,362) (S 319,362,98) (S 79,98,99) (S 639,99,460) (S 638,460,574) (S 581,574,359) (S 315,359,358) (S 1134,357,814) (S 1135,814,494) (S 1138,432,832) (D 0,0,0)
 0 1 12 8968 31045  21 (D 0,0,0) (S 843,705,607) (S 649,453,571) (S 647,472,96) (S 916,97,690) (S 809,690,599) (S 806,203,503) (S 803,485,688) (S 1120,688,667) (S 1118,825,440) (S 617,594,440) (S 1116,665,662) (S 1115,662,693) (S 815,693,694) (S 752,661,662) (S 1117,665,440) (S 1171,840,441) (S 409,441,442) (S 757,442,668) (S 756,442,667) (D 0,0,0)
 0 1 13 8830 33808  14 (D 0,0,0) (S 452,485,484) (S 458,484,490) (S 462,490,493) (S 456,489,488) (S 863,710,711) (S 967,710,488) (S 966,488,618) (S 676,618,619) (S 675,618,617) (S 888,617,730) (S 674,617,492) (S 672,483,22) (D 0,0,0)
 0 1 14 8952 28429  19 (D 0,0,0) (S 475,502,503) (S 804,20,485) (S 802,688,493) (S 801,493,496) (S 800,687,496) (S 466,496,489) (S 457,489,490) (S 461,490,492) (S 460,491,492) (S 673,492,483) (S 451,483,484) (S 459,484,21) (S 17,21,22) (S 16,21,20) (S 805,20,503) (S 808,689,599) (S 810,690,691) (D 0,0,0)
 0 1 15 8997 22889  18 (D 0,0,0) (S 811,471,691) (S 917,691,360) (S 78,98,97) (S 77,97,96) (S 76,96,95) (S 912,95,741) (S 913,741,202) (S 172,202,203) (S 807,203,689) (S 962,689,606) (S 646,606,96) (S 963,606,741) (S 964,741,707) (S 850,707,94) (S 75,94,95) (S 911,95,591) (D 0,0,0)
 0 1 16 8797 29259  22 (D 0,0,0) (S 293,336,144) (S 116,144,145) (S 170,201,200) (S 168,199,198) (S 167,197,198) (S 877,198,280) (S 878,280,723) (S 239,279,280) (S 240,280,281) (S 918,477,281) (S 919,281,743) (S 241,281,282) (S 242,282,283) (S 875,282,720) (S 874,282,91) (S 71,90,91) (S 72,91,92) (S 73,92,93) (S 74,93,94) (S 403,435,415) (D 0,0,0)
 0 1 17 8377 24526  15 (D 0,0,0) (S 662,443,319) (S 727,575,101) (S 725,501,24) (S 20,24,25) (S 19,24,23) (S 887,23,729) (S 18,23,22) (S 671,22,502) (S 670,502,600) (S 640,600,99) (S 80,99,100) (S 81,100,101) (S 82,101,102) (D 0,0,0)
 0 1 18 8997 33652  20 (D 0,0,0) (S 1119,667,825) (S 1172,825,441) (S 408,441,440) (S 755,665,666) (S 754,665,465) (S 814,466,693) (S 433,467,468) (S 550,469,556) (S 1112,556,641) (S 714,640,641) (S 1113,641,683) (S 794,682,683) (S 795,683,467) (S 796,467,684) (S 432,467,466) (S 813,692,466) (S 431,466,465) (S 430,465,464) (D 0,0,0)
 0 1 19 8728 19586  19 (D 0,0,0) (S 313,357,322) (S 314,322,358) (S 546,358,554) (S 861,554,139) (S 113,138,139) (S 860,709,139) (S 862,554,573) (S 580,573,359) (S 579,573,572) (S 865,572,714) (S 578,572,571) (S 648,571,472) (S 437,472,471) (S 812,471,334) (S 292,334,335) (S 1133,335,357) (S 463,320,494) (D 0,0,0)
 0 1 20 8923 38980  14 (D 0,0,0) (S 1111,556,303) (S 1110,303,308) (S 269,308,309) (S 1109,824,308) (S 268,307,308) (S 263,302,303) (S 264,303,304) (S 265,304,305) (S 435,304,469) (S 434,469,468) (S 715,468,641) (S 1114,683,693) (D 0,0,0)
 0 1 21 8951 39873  15 (D 0,0,0) (S 787,595,133) (S 215,252,231) (S 214,251,231) (S 234,230,273) (S 233,272,230) (S 261,229,254) (S 217,254,255) (S 543,552,299) (S 260,299,229) (S 195,229,230) (S 196,230,231) (S 786,680,133) (S 110,133,134) (D 0,0,0)
 0 1 22 8922 32319  24 (D 0,0,0) (S 1123,205,557) (S 539,547,548) (S 526,537,224) (S 625,538,297) (S 258,297,296) (S 621,277,570) (S 577,570,564) (S 576,564,131) (S 107,130,131) (S 575,569,131) (S 108,131,132) (S 200,132,235) (S 716,642,234) (S 197,232,233) (S 541,551,549) (S 540,549,550) (S 542,549,233) (S 198,233,234) (S 199,234,132) (S 109,132,133) (S 788,595,222) (S 790,681,576) (D 0,0,0)
 0 1 23 8919 26395  10 (D 0,0,0) (S 182,215,214) (S 219,258,257) (S 326,366,226) (S 558,560,294) (S 559,294,258) (S 220,258,259) (S 560,258,561) (S 553,215,557) (D 0,0,0)
 0 1 24 8967 27470  20 (D 0,0,0) (S 655,561,609) (S 589,578,567) (S 572,249,547) (S 191,225,224) (S 190,224,223) (S 718,223,247) (S 719,247,537) (S 525,537,248) (S 524,248,536) (S 586,364,286) (S 347,382,383) (S 545,383,287) (S 544,553,383) (S 348,383,30) (S 349,30,384) (S 24,30,31) (S 23,30,29) (S 654,608,609) (D 0,0,0)
 0 1 25 8989 27517  24 (D 0,0,0) (S 652,29,287) (S 245,287,286) (S 244,286,285) (S 243,284,285) (S 585,286,576) (S 584,576,382) (S 346,382,381) (S 820,697,381) (S 989,381,221) (S 864,712,713) (S 990,712,221) (S 187,220,221) (S 188,221,222) (S 189,222,223) (S 717,643,223) (S 211,247,248) (S 212,248,249) (S 213,249,250) (S 574,567,568) (S 587,577,364) (S 322,364,29) (S 653,29,608) (D 0,0,0)
 0 1 26 8844 30459  25 (D 0,0,0) (S 721,566,548) (S 254,295,296) (S 255,296,218) (S 185,218,219) (S 566,219,211) (S 179,210,211) (S 207,130,244) (S 1104,243,796) (S 1052,796,795) (S 1061,795,802) (S 1159,802,252) (S 216,252,253) (S 1160,252,679) (S 785,679,680) (S 1189,680,842) (S 1198,842,844) (S 1199,844,135) (S 111,135,134) (S 992,134,38) (S 29,37,38) (S 619,38,595) (S 789,222,681) (S 791,576,287) (D 0,0,0)
 0 1 27 8872 26848  23 (D 0,0,0) (S 523,364,536) (S 823,536,285) (S 822,285,681) (S 620,595,570) (S 563,564,275) (S 235,275,274) (S 454,274,486) (S 564,486,275) (S 453,274,246) (S 209,246,245) (S 955,245,748) (S 938,748,129) (S 106,129,130) (S 208,130,245) (S 275,246,315) (S 274,315,159) (S 126,159,158) (S 138,158,173) (S 1055,173,596) (S 569,565,225) (S 571,566,547) (D 0,0,0)
 0 1 28 8689 23874  9 (D 0,0,0) (S 218,257,256) (S 229,256,227) (S 193,227,226) (S 192,226,225) (S 570,225,566) (S 722,566,644) (S 1184,578,609) (D 0,0,0)
 0 1 29 8931 33158  18 (D 0,0,0) (S 561,214,561) (S 1069,114,185) (S 1070,185,808) (S 1071,808,809) (S 1178,809,545) (S 537,545,184) (S 150,184,183) (S 1206,849,183) (S 149,183,108) (S 87,108,107) (S 1200,107,845) (S 86,107,106) (S 1203,106,847) (S 1209,847,843) (S 1210,843,841) (S 1187,841,542) (D 0,0,0)
 0 1 30 8969 32971  23 (D 0,0,0) (S 385,243,161) (S 130,161,162) (S 131,162,163) (S 1051,162,795) (S 1103,820,796) (S 206,243,244) (S 937,244,129) (S 105,129,128) (S 129,128,161) (S 386,161,420) (S 953,756,127) (S 104,127,128) (S 128,128,160) (S 956,160,748) (S 939,748,315) (S 210,246,213) (S 181,213,212) (S 186,212,219) (S 567,219,462) (S 568,462,539) (S 253,295,294) (D 0,0,0)
 0 1 31 8999 32657  25 (D 0,0,0) (S 259,297,298) (S 624,297,463) (S 622,217,277) (S 247,278,289) (S 246,288,278) (S 238,278,277) (S 237,277,276) (S 236,276,275) (S 455,486,487) (S 565,486,211) (S 180,211,212) (S 428,213,462) (S 429,462,463) (S 623,463,217) (S 232,216,271) (S 231,270,216) (S 183,216,217) (S 184,217,218) (S 256,218,276) (S 257,276,135) (S 618,135,38) (S 991,38,712) (S 821,381,681) (D 0,0,0)
 0 1 32 8504 29785  11 (D 0,0,0) (S 626,538,596) (S 627,596,565) (S 628,565,367) (S 251,293,292) (S 630,292,269) (S 230,269,227) (S 194,227,228) (S 325,366,257) (S 324,257,365) (D 0,0,0)
 0 1 33 8760 32858  21 (D 0,0,0) (S 252,294,293) (S 330,174,115) (S 96,118,119) (S 98,119,121) (S 99,121,122) (S 100,122,123) (S 101,123,124) (S 102,124,125) (S 1062,125,803) (S 1175,125,764) (S 973,763,764) (S 974,764,765) (S 1174,764,834) (S 1146,833,834) (S 1147,834,765) (S 975,765,32) (S 26,33,34) (S 831,34,120) (S 97,120,119) (D 0,0,0)
 0 1 34 8963 37128  22 (D 0,0,0) (S 824,120,35) (S 28,35,36) (S 7,9,10) (S 825,10,35) (S 27,35,34) (S 830,34,11) (S 829,11,188) (S 158,188,12) (S 10,12,13) (S 9,12,11) (S 8,11,10) (S 826,10,189) (S 827,189,698) (S 159,189,188) (S 828,699,188) (S 157,12,32) (S 1148,765,124) (S 1149,124,801) (S 1150,801,111) (S 91,112,113) (D 0,0,0)
 0 1 35 8975 37367  15 (D 0,0,0) (S 1151,808,111) (S 1177,110,809) (S 1179,545,109) (S 1180,109,45) (S 34,44,45) (S 35,45,46) (S 1074,182,806) (S 1066,806,74) (S 59,74,73) (S 985,766,376) (S 350,385,386) (S 351,386,387) (S 361,398,394) (D 0,0,0)
 0 1 36 8964 31474  21 (D 0,0,0) (S 1170,608,577) (S 588,577,567) (S 573,567,249) (S 538,546,547) (S 720,548,537) (S 527,224,538) (S 528,538,295) (S 529,295,539) (S 532,540,541) (S 946,541,754) (S 1077,754,810) (S 1193,813,543) (S 944,753,103) (S 1186,104,841) (S 1211,841,753) (S 945,753,541) (S 947,754,755) (S 328,293,367) (S 327,367,226) (D 0,0,0)
 0 1 37 8975 30210  22 (D 0,0,0) (S 95,115,118) (S 1056,118,799) (S 1057,799,798) (S 1054,798,122) (S 1058,798,800) (S 1059,800,187) (S 155,187,123) (S 156,123,32) (S 25,32,33) (S 1145,33,121) (S 1144,121,799) (S 1143,799,804) (S 1063,804,797) (S 1195,805,113) (S 1194,113,813) (S 1076,813,810) (S 1072,810,811) (S 1212,811,755) (S 948,755,115) (S 329,174,293) (D 0,0,0)
 0 1 38 8762 30621  8 (D 0,0,0) (S 140,174,175) (S 141,175,176) (S 1068,175,807) (S 1067,175,348) (S 304,348,292) (S 629,269,367) (D 0,0,0)
 0 1 39 8984 32924  26 (D 0,0,0) (S 590,366,578) (S 436,213,470) (S 881,314,724) (S 958,757,724) (S 882,724,126) (S 950,725,751) (S 942,751,752) (S 941,750,751) (S 884,725,421) (S 885,421,726) (S 1157,836,726) (S 1158,726,802) (S 387,421,420) (S 954,420,756) (S 949,756,725) (S 883,725,126) (S 103,126,127) (S 952,127,757) (S 957,757,160) (S 127,160,159) (S 273,159,314) (S 880,314,470) (S 879,470,540) (S 530,158,539) (D 0,0,0)
 0 1 40 8978 35677  22 (D 0,0,0) (S 533,541,542) (S 1192,543,843) (S 1191,843,105) (S 84,105,104) (S 83,104,103) (S 943,103,49) (S 39,49,50) (S 38,49,48) (S 37,48,47) (S 1204,47,106) (S 85,106,105) (S 1190,105,48) (S 1205,47,848) (S 36,47,46) (S 147,46,182) (S 146,182,75) (S 145,181,75) (S 60,75,74) (S 1046,766,429) (S 342,377,378) (D 0,0,0)
 0 1 41 8968 40501  12 (D 0,0,0) (S 534,542,543) (S 1208,847,845) (S 1207,845,183) (S 148,108,46) (S 1075,182,812) (S 61,76,77) (S 1182,76,812) (S 1181,812,45) (S 88,109,108) (S 531,540,158) (D 0,0,0)
 0 1 42 8994 34509  21 (D 0,0,0) (S 139,174,173) (S 535,543,544) (S 1202,544,847) (S 1201,846,544) (S 536,544,184) (S 151,184,185) (S 152,185,112) (S 153,112,186) (S 154,186,187) (S 1060,187,801) (S 1176,125,110) (S 89,110,111) (S 90,111,112) (S 1065,186,805) (S 1196,805,800) (S 1053,798,797) (S 1064,797,805) (S 92,113,114) (S 93,114,115) (D 0,0,0)
 0 1 43 8749 12151  10 (D 0,0,0) (S 818,2,695) (S 1108,695,205) (S 174,205,151) (S 121,151,150) (S 518,150,533) (S 614,532,80) (S 547,81,190) (S 161,190,191) (D 0,0,0)
 0 1 44 8887 18236  20 (D 0,0,0) (S 1091,4,734) (S 1090,734,733) (S 890,733,621) (S 679,459,353) (S 602,584,504) (S 601,504,583) (S 600,583,68) (S 55,68,69) (S 56,69,70) (S 1033,70,406) (S 372,406,407) (S 1126,828,407) (S 373,407,408) (S 697,69,405) (S 698,405,633) (S 699,633,627) (S 700,627,634) (S 496,517,518) (D 0,0,0)
 0 1 45 8927 18556  14 (D 0,0,0) (S 1165,737,583) (S 1164,583,632) (S 1163,632,829) (S 1162,838,829) (S 1129,829,624) (S 1130,624,830) (S 684,624,625) (S 683,624,623) (S 682,623,622) (S 681,622,584) (S 310,353,354) (S 425,355,192) (D 0,0,0)
 0 1 46 8640 18299  15 (D 0,0,0) (S 164,193,194) (S 692,195,590) (S 611,590,589) (S 608,559,587) (S 607,586,587) (S 609,559,588) (S 1121,588,208) (S 178,208,209) (S 556,209,558) (S 1132,558,826) (S 1122,826,208) (S 177,208,207) (S 175,206,151) (D 0,0,0)
 0 1 47 8921 20215  13 (D 0,0,0) (S 173,204,205) (S 1124,557,301) (S 1125,301,827) (S 262,301,300) (S 267,300,306) (S 555,306,558) (S 557,209,559) (S 775,196,623) (S 774,623,505) (S 694,505,622) (S 693,622,195) (D 0,0,0)
 0 1 48 8933 17693  14 (D 0,0,0) (S 165,194,195) (S 166,195,196) (S 776,196,589) (S 610,589,588) (S 976,587,300) (S 977,300,116) (S 94,116,117) (S 323,117,365) (S 656,365,561) (S 554,557,306) (S 266,306,151) (S 517,150,532) (D 0,0,0)
 0 1 49 8399 13386  16 (D 0,0,0) (S 891,734,621) (S 678,621,459) (S 423,458,459) (S 680,353,584) (S 603,584,194) (S 604,194,585) (S 612,585,590) (S 691,590,207) (S 176,207,206) (S 605,206,585) (S 613,585,532) (S 516,532,191) (S 1100,191,3) (S 1,0,1) (D 0,0,0)
 0 1 50 8785 16500  21 (D 0,0,0) (S 2,2,3) (S 53,66,67) (S 896,67,170) (S 368,170,403) (S 663,403,613) (S 369,403,404) (S 370,404,405) (S 371,405,406) (S 1127,407,71) (S 1128,71,829) (S 58,71,72) (S 57,71,70) (S 696,69,632) (S 695,632,505) (S 476,505,504) (S 54,68,67) (S 897,67,737) (S 898,737,738) (S 742,63,653) (D 0,0,0)
 0 1 51 8940 15086  32 (D 0,0,0) (S 228,63,268) (S 772,268,675) (S 773,675,7) (S 6,7,8) (S 5,7,6) (S 4,6,5) (S 222,262,261) (S 760,261,342) (S 297,341,342) (S 298,342,343) (S 299,343,265) (S 300,265,344) (S 301,344,345) (S 344,379,380) (S 872,380,344) (S 873,344,507) (S 479,507,177) (S 142,177,178) (S 398,178,431) (S 764,672,179) (S 763,179,267) (S 762,267,671) (S 929,671,508) (S 482,508,5) (S 483,5,509) (S 549,509,555) (S 548,555,190) (S 160,190,82) (S 63,80,81) (S 1107,81,695) (D 0,0,0)
 0 1 52 8881 17745  27 (D 0,0,0) (S 819,695,696) (S 64,81,82) (S 846,82,654) (S 745,262,655) (S 868,716,655) (S 747,656,657) (S 934,657,43) (S 1183,43,822) (S 1105,821,822) (S 1131,823,831) (S 1106,823,822) (S 31,41,40) (S 335,40,372) (S 334,372,371) (S 866,371,715) (S 333,371,370) (S 758,370,669) (S 332,370,369) (S 331,369,368) (S 522,368,527) (S 507,527,526) (S 1140,526,347) (S 303,347,346) (S 783,346,506) (S 782,506,431) (D 0,0,0)
 0 1 53 8975 17501  30 (D 0,0,0) (S 781,672,431) (S 491,379,513) (S 490,513,375) (S 489,375,512) (S 1093,512,715) (S 1092,817,715) (S 867,715,372) (S 30,40,39) (S 1085,39,815) (S 669,616,39) (S 336,40,373) (S 750,373,658) (S 337,373,374) (S 749,373,84) (S 65,83,84) (S 935,657,746) (S 748,657,84) (S 66,84,42) (S 33,42,43) (S 933,43,745) (S 1096,745,670) (S 759,670,261) (S 221,261,260) (S 931,260,343) (S 930,343,508) (S 761,6,671) (S 928,671,675) (S 770,180,674) (D 0,0,0)
 0 1 54 8473 13116  33 (D 0,0,0) (S 769,674,17) (S 768,17,523) (S 767,524,673) (S 970,673,762) (S 1078,762,718) (S 870,718,719) (S 1153,719,708) (S 971,708,673) (S 1079,762,525) (S 506,525,526) (S 1141,526,761) (S 968,761,535) (S 521,535,527) (S 343,368,379) (S 224,264,265) (S 225,265,266) (S 480,507,266) (S 481,266,508) (S 226,266,267) (S 227,267,268) (S 771,268,180) (S 144,180,179) (S 143,179,178) (S 478,177,506) (S 399,431,15) (S 11,15,14) (S 1080,14,525) (S 505,525,524) (S 766,524,16) (S 13,16,17) (S 779,674,653) (D 0,0,0)
 0 1 55 8909 14488  30 (D 0,0,0) (S 780,674,672) (S 765,672,16) (S 12,16,15) (S 477,14,506) (S 302,346,345) (S 492,345,379) (S 606,513,369) (S 340,370,375) (S 339,375,86) (S 871,86,380) (S 345,380,264) (S 223,264,263) (S 338,263,86) (S 68,86,85) (S 67,85,42) (S 32,42,41) (S 488,41,512) (S 1094,512,85) (S 1095,85,745) (S 932,745,260) (S 1097,670,656) (S 1098,656,818) (S 746,656,655) (S 744,262,654) (S 845,654,509) (S 484,509,510) (S 740,555,8) (S 741,8,63) (D 0,0,0)
 0 1 56 8724 19385  19 (D 0,0,0) (S 50,63,64) (S 51,64,65) (S 1088,65,816) (S 1166,816,738) (S 899,738,66) (S 599,68,404) (S 598,404,582) (S 921,582,633) (S 920,744,633) (S 1045,581,626) (S 685,626,627) (S 687,627,629) (S 688,629,630) (S 951,629,634) (S 701,634,515) (S 904,519,740) (S 499,416,351) (D 0,0,0)
 0 1 57 6962 10488  15 (D 0,0,0) (S 1152,522,708) (S 858,708,433) (S 400,433,432) (S 1137,432,443) (S 410,443,444) (S 1136,443,494) (S 464,494,495) (S 1030,495,325) (S 283,325,324) (S 689,631,324) (S 859,433,324) (S 690,324,521) (S 816,677,0) (D 0,0,0)
 0 1 58 8929 18463  18 (D 0,0,0) (S 498,416,519) (S 643,602,604) (S 644,604,605) (S 686,605,628) (S 723,645,604) (S 724,604,603) (S 641,603,602) (S 642,602,517) (S 495,517,516) (S 595,516,332) (S 291,332,333) (S 833,333,514) (S 493,514,515) (S 892,518,735) (S 893,735,736) (S 903,739,740) (D 0,0,0)
 0 1 59 8437 18108  21 (D 0,0,0) (S 1154,719,832) (S 1155,832,317) (S 1156,317,835) (S 277,317,318) (S 519,445,534) (S 413,448,447) (S 869,717,427) (S 418,427,452) (S 1019,452,446) (S 793,447,646) (S 729,646,647) (S 1001,647,611) (S 657,610,611) (S 659,612,448) (S 660,448,534) (S 661,534,319) (S 276,317,316) (S 1142,316,761) (S 969,761,762) (D 0,0,0)
 0 1 60 8994 14383  20 (D 0,0,0) (S 743,653,522) (S 502,522,521) (S 1028,520,64) (S 1027,64,787) (S 1167,787,816) (S 1089,816,733) (S 677,620,621) (S 424,459,355) (S 311,355,354) (S 321,354,193) (S 163,193,192) (S 162,192,191) (S 1084,191,4) (S 1083,4,728) (S 936,747,727) (S 886,727,728) (S 3,4,3) (S 817,2,0) (D 0,0,0)
 0 1 61 8518 22994  19 (D 0,0,0) (S 1035,331,580) (S 705,635,636) (S 706,636,58) (S 47,58,59) (S 448,59,480) (S 447,480,479) (S 997,479,772) (S 995,480,770) (S 48,59,60) (S 449,59,481) (S 450,481,482) (S 834,481,333) (S 290,332,331) (S 289,331,330) (S 288,330,329) (S 287,329,328) (S 1029,325,520) (D 0,0,0)
 0 1 62 8585 16201  24 (D 0,0,0) (S 52,65,66) (S 900,66,171) (S 137,171,172) (S 901,171,450) (S 902,450,739) (S 924,739,736) (S 894,736,449) (S 414,449,312) (S 271,312,310) (S 270,310,311) (S 272,310,313) (S 922,313,582) (S 597,582,581) (S 1044,581,776) (S 1004,776,735) (S 1003,735,740) (S 1002,740,417) (S 416,419,450) (S 415,450,449) (S 895,449,170) (S 136,170,171) (S 1087,451,65) (D 0,0,0)
 0 1 63 8760 18706  13 (D 0,0,0) (S 22,28,27) (S 972,27,686) (S 799,686,663) (S 753,663,664) (S 21,27,26) (S 1018,26,783) (S 926,28,731) (S 889,731,732) (S 1099,732,3) (S 1026,3,787) (S 1168,787,63) (D 0,0,0)
 0 1 64 8882 27530  17 (D 0,0,0) (S 391,427,426) (S 1017,426,779) (S 1011,779,239) (S 1012,239,780) (S 204,239,240) (S 203,239,238) (S 1016,778,781) (S 1014,781,237) (S 201,237,236) (S 979,236,424) (S 876,721,722) (S 978,722,424) (S 389,424,425) (S 1013,425,781) (S 390,425,426) (D 0,0,0)
 0 1 65 8880 29417  19 (D 0,0,0) (S 1010,779,778) (S 1009,778,238) (S 202,238,237) (S 1015,237,782) (S 980,236,152) (S 122,152,153) (S 981,152,140) (S 114,140,141) (S 982,140,391) (S 355,391,392) (S 983,391,385) (S 984,385,376) (S 341,376,377) (S 394,377,386) (S 392,428,392) (S 356,392,393) (S 357,393,394) (D 0,0,0)
 0 1 66 8915 36131  20 (D 0,0,0) (S 358,395,394) (S 1005,777,393) (S 1006,393,498) (S 470,498,398) (S 364,378,399) (S 375,400,410) (S 376,410,411) (S 379,410,401) (S 367,401,402) (S 366,401,400) (S 374,409,400) (S 1047,399,429) (S 397,412,430) (S 377,412,413) (S 396,412,429) (S 395,429,377) (S 393,386,428) (S 469,428,498) (D 0,0,0)
 0 1 67 8893 32666  21 (D 0,0,0) (S 736,395,499) (S 471,499,398) (S 362,398,387) (S 363,387,378) (S 1048,399,652) (S 1049,652,390) (S 354,390,389) (S 353,389,388) (S 352,388,387) (S 487,500,389) (S 1050,390,530) (S 515,530,531) (S 631,530,597) (S 632,597,598) (S 1197,615,844) (S 1188,842,615) (S 668,615,597) (S 514,530,89) (S 473,89,500) (D 0,0,0)
 0 1 68 8926 29747  15 (D 0,0,0) (S 123,154,155) (S 645,155,363) (S 124,155,156) (S 665,156,614) (S 125,156,157) (S 664,156,363) (S 320,363,242) (S 509,291,241) (S 508,241,528) (S 784,528,678) (S 205,241,242) (S 250,242,291) (S 248,154,290) (D 0,0,0)
 0 1 69 8764 32350  16 (D 0,0,0) (S 738,137,290) (S 737,290,395) (S 486,396,500) (S 472,500,499) (S 735,499,388) (S 734,388,652) (S 733,652,414) (S 732,651,414) (S 378,414,401) (S 365,400,399) (S 986,766,73) (S 987,73,767) (S 1073,767,806) (S 988,767,49) (D 0,0,0)
 0 1 70 8811 29093  17 (D 0,0,0) (S 739,427,137) (S 112,136,137) (S 359,395,396) (S 485,511,396) (S 360,396,397) (S 1185,529,614) (S 666,614,88) (S 69,87,88) (S 667,88,597) (S 70,88,89) (S 513,89,397) (S 512,397,529) (S 511,529,155) (S 510,155,291) (S 249,291,154) (D 0,0,0)
