1760777
70
1818015
1749015
 0 1 1 8766 14433  16 (D 0,0,0) (S 1100,3,191) (S 162,191,192) (S 425,192,355) (S 311,355,354) (S 310,354,353) (S 693,622,195) (S 166,195,196) (S 776,196,589) (S 609,588,559) (S 557,559,209) (S 691,207,590) (S 612,590,585) (S 164,194,193) (S 163,193,192) (D 0,0,0)
 0 1 2 8624 16010  25 (D 0,0,0) (S 500,520,351) (S 382,416,417) (S 1002,417,740) (S 1003,740,735) (S 892,735,518) (S 857,518,329) (S 856,329,436) (S 405,436,437) (S 593,438,580) (S 594,580,332) (S 595,332,516) (S 642,517,602) (S 641,602,603) (S 724,603,604) (S 723,645,604) (S 644,604,605) (S 686,605,628) (S 643,604,602) (S 495,517,516) (S 596,516,581) (S 1044,581,776) (S 1004,776,735) (S 903,739,740) (D 0,0,0)
 0 1 3 8636 15388  23 (D 0,0,0) (S 690,521,324) (S 689,631,324) (S 859,324,433) (S 858,433,708) (S 971,708,673) (S 970,673,762) (S 1139,718,832) (S 1138,832,432) (S 1137,432,443) (S 410,443,444) (S 662,443,319) (S 279,319,320) (S 463,320,494) (S 1135,494,814) (S 313,357,322) (S 282,322,323) (S 281,322,321) (S 312,321,356) (S 280,321,320) (S 1136,494,443) (S 400,432,433) (D 0,0,0)
 0 1 4 8997 18042  21 (D 0,0,0) (S 380,327,415) (S 403,415,435) (S 404,435,436) (S 855,436,703) (S 133,166,165) (S 132,164,165) (S 832,165,700) (S 450,481,482) (S 835,481,700) (S 836,700,636) (S 705,636,635) (S 704,635,439) (S 703,439,422) (S 388,422,423) (S 702,422,515) (S 497,518,519) (S 905,519,328) (S 286,328,327) (S 284,326,325) (D 0,0,0)
 0 1 5 8897 18489  25 (D 0,0,0) (S 501,521,520) (S 1030,325,495) (S 465,495,350) (S 306,350,349) (S 633,62,167) (S 134,167,166) (S 1034,166,702) (S 839,702,701) (S 838,701,579) (S 592,579,438) (S 406,438,437) (S 1024,437,784) (S 731,649,650) (S 1022,649,784) (S 1025,784,786) (S 1023,784,785) (S 1040,785,793) (S 1039,792,793) (S 1041,793,660) (S 751,659,660) (S 1042,660,790) (S 1036,790,701) (S 840,702,703) (D 0,0,0)
 0 1 6 8991 16801  24 (D 0,0,0) (S 417,451,419) (S 415,450,449) (S 894,449,736) (S 893,736,735) (S 496,518,517) (S 494,516,515) (S 701,515,634) (S 951,634,629) (S 688,629,630) (S 687,629,627) (S 685,627,626) (S 1045,626,581) (S 597,581,582) (S 598,582,404) (S 369,404,403) (S 663,403,613) (S 368,403,170) (S 901,171,450) (S 416,450,419) (S 384,419,418) (S 383,418,417) (S 499,416,351) (D 0,0,0)
 0 1 7 8944 21388  19 (D 0,0,0) (S 661,319,534) (S 659,448,612) (S 658,612,611) (S 1001,611,647) (S 583,575,497) (S 582,574,497) (S 468,497,461) (S 427,461,460) (S 639,460,99) (S 79,99,98) (S 78,98,97) (S 647,96,472) (S 648,472,571) (S 578,571,572) (S 865,572,714) (S 579,572,573) (S 546,554,358) (D 0,0,0)
 0 1 8 8832 32936  20 (D 0,0,0) (S 1118,825,440) (S 617,594,440) (S 1117,440,665) (S 755,665,666) (S 794,682,683) (S 1114,683,693) (S 815,693,694) (S 814,693,466) (S 431,466,465) (S 754,465,665) (S 409,441,442) (S 757,442,668) (S 756,442,667) (S 803,688,485) (S 806,503,203) (S 808,689,599) (S 810,690,691) (S 1032,788,789) (D 0,0,0)
 0 1 9 8995 18372  17 (D 0,0,0) (S 307,326,350) (S 1081,434,705) (S 651,607,52) (S 650,52,453) (S 419,453,454) (S 420,454,455) (S 421,455,456) (S 562,562,563) (S 708,562,456) (S 707,456,58) (S 46,58,57) (S 1037,56,701) (S 927,437,330) (S 288,330,329) (S 381,327,416) (D 0,0,0)
 0 1 10 8838 14786  25 (D 0,0,0) (S 502,522,521) (S 1028,520,64) (S 51,64,65) (S 1088,65,816) (S 1166,816,738) (S 898,738,737) (S 897,737,67) (S 896,67,170) (S 136,170,171) (S 902,450,739) (S 923,736,313) (S 272,313,310) (S 270,310,311) (S 271,310,312) (S 414,312,449) (S 895,449,170) (S 137,171,172) (S 52,66,65) (S 1087,65,451) (S 1086,451,352) (S 309,352,351) (S 308,351,326) (S 1029,325,520) (D 0,0,0)
 0 1 11 8999 31675  21 (D 0,0,0) (S 411,318,445) (S 1019,446,452) (S 738,137,290) (S 736,395,499) (S 735,499,388) (S 734,388,652) (S 733,652,414) (S 732,651,414) (S 378,414,401) (S 379,401,410) (S 376,410,411) (S 375,410,400) (S 374,409,400) (S 366,400,401) (S 367,401,402) (S 365,400,399) (S 364,399,378) (S 363,378,387) (S 362,387,398) (D 0,0,0)
 0 1 12 8995 14559  32 (D 0,0,0) (S 781,672,431) (S 782,431,506) (S 478,506,177) (S 479,177,507) (S 480,507,266) (S 225,266,265) (S 224,265,264) (S 223,264,263) (S 871,86,380) (S 344,380,379) (S 490,513,375) (S 489,375,512) (S 1094,512,85) (S 67,85,42) (S 66,42,84) (S 65,83,84) (S 748,84,657) (S 747,657,656) (S 222,262,261) (S 760,261,342) (S 297,341,342) (S 298,342,343) (S 929,508,671) (S 772,675,268) (S 771,268,180) (S 144,180,179) (S 143,179,178) (S 398,178,431) (S 399,431,15) (S 13,16,17) (D 0,0,0)
 0 1 13 8694 20112  16 (D 0,0,0) (S 792,677,521) (S 287,328,329) (S 1035,331,580) (S 407,438,439) (S 960,758,759) (S 961,758,760) (S 959,758,635) (S 448,59,480) (S 995,480,770) (S 449,59,481) (S 834,481,333) (S 291,333,332) (S 290,332,331) (S 289,331,330) (D 0,0,0)
 0 1 14 8881 18776  17 (D 0,0,0) (S 464,495,494) (S 316,359,360) (S 917,360,691) (S 809,690,599) (S 962,689,606) (S 963,606,741) (S 912,741,95) (S 76,95,96) (S 77,96,97) (S 916,97,690) (S 812,471,334) (S 292,334,335) (S 1133,335,357) (S 1134,357,814) (S 1153,719,708) (D 0,0,0)
 0 1 15 8909 33492  13 (D 0,0,0) (S 1031,495,788) (S 15,20,19) (S 994,19,769) (S 14,19,18) (S 295,339,340) (S 552,340,473) (S 438,473,474) (S 439,474,475) (S 1169,474,839) (S 437,471,472) (S 649,571,453) (D 0,0,0)
 0 1 16 8980 31515  22 (D 0,0,0) (S 584,576,382) (S 346,382,381) (S 990,221,712) (S 864,712,713) (S 991,712,38) (S 618,38,135) (S 111,135,134) (S 992,134,38) (S 29,37,38) (S 619,38,595) (S 621,570,277) (S 237,277,276) (S 257,276,135) (S 1199,135,844) (S 1188,842,615) (S 668,615,597) (S 631,597,530) (S 515,530,531) (S 1050,390,530) (S 514,530,89) (D 0,0,0)
 0 1 17 8955 27730  16 (D 0,0,0) (S 277,317,318) (S 278,318,319) (S 123,154,155) (S 645,155,363) (S 664,363,156) (S 125,156,157) (S 124,156,155) (S 510,155,291) (S 509,291,241) (S 784,528,678) (S 508,528,241) (S 205,241,242) (S 250,242,291) (S 249,291,154) (D 0,0,0)
 0 1 18 8986 17303  14 (D 0,0,0) (S 517,532,150) (S 518,150,533) (S 121,150,151) (S 175,151,206) (S 176,206,207) (S 178,208,209) (S 556,209,558) (S 555,558,306) (S 554,306,557) (S 1124,557,301) (S 1125,301,827) (S 262,301,300) (D 0,0,0)
 0 1 19 8969 18209  15 (D 0,0,0) (S 1026,3,787) (S 899,738,66) (S 53,66,67) (S 54,67,68) (S 55,68,69) (S 696,69,632) (S 1163,632,829) (S 1162,838,829) (S 1129,829,624) (S 684,624,625) (S 1130,624,830) (S 683,624,623) (S 682,623,622) (D 0,0,0)
 0 1 20 8706 20115  12 (D 0,0,0) (S 681,584,622) (S 694,622,505) (S 774,505,623) (S 775,623,196) (S 608,559,587) (S 607,586,587) (S 976,587,300) (S 1132,558,826) (S 1122,826,208) (S 177,208,207) (D 0,0,0)
 0 1 21 8980 14893  28 (D 0,0,0) (S 818,2,695) (S 1107,695,81) (S 547,81,190) (S 548,190,555) (S 549,555,509) (S 484,509,510) (S 483,509,5) (S 4,5,6) (S 482,5,508) (S 930,508,343) (S 931,343,260) (S 932,260,745) (S 933,745,43) (S 33,43,42) (S 32,42,41) (S 488,41,512) (S 31,41,40) (S 337,373,374) (S 750,373,658) (S 867,372,715) (S 1092,817,715) (S 1093,715,512) (S 301,345,344) (S 873,344,507) (S 142,177,178) (S 770,180,674) (D 0,0,0)
 0 1 22 8823 22249  22 (D 0,0,0) (S 768,17,523) (S 767,524,673) (S 1008,612,774) (S 998,773,774) (S 999,774,775) (S 1000,774,611) (S 657,610,611) (S 1007,612,647) (S 730,647,648) (S 729,647,646) (S 728,646,575) (S 727,575,101) (S 474,501,502) (S 670,502,600) (S 636,600,362) (S 319,362,98) (S 426,361,460) (S 638,460,574) (S 315,359,358) (S 1152,708,522) (D 0,0,0)
 0 1 23 8980 27421  17 (D 0,0,0) (S 413,448,447) (S 390,426,425) (S 389,425,424) (S 978,424,722) (S 876,721,722) (S 979,424,236) (S 1015,237,782) (S 202,237,238) (S 1009,238,778) (S 203,238,239) (S 204,239,240) (S 1012,239,780) (S 1011,239,779) (S 1017,779,426) (S 391,426,427) (D 0,0,0)
 0 1 24 8999 29416  19 (D 0,0,0) (S 660,534,448) (S 1010,779,778) (S 1016,778,781) (S 1013,425,781) (S 1014,781,237) (S 201,237,236) (S 980,236,152) (S 122,152,153) (S 981,152,140) (S 114,140,141) (S 982,140,391) (S 355,391,392) (S 392,392,428) (S 341,377,376) (S 350,385,386) (S 351,386,387) (S 361,398,394) (D 0,0,0)
 0 1 25 8553 14025  28 (D 0,0,0) (S 779,653,674) (S 780,674,672) (S 764,672,179) (S 763,179,267) (S 226,267,266) (S 481,266,508) (S 299,343,265) (S 300,265,344) (S 872,344,380) (S 345,380,264) (S 338,263,86) (S 339,86,375) (S 340,375,370) (S 866,371,715) (S 68,85,86) (S 1095,85,745) (S 1096,745,670) (S 1097,670,656) (S 1098,656,818) (S 746,656,655) (S 868,716,655) (S 745,655,262) (S 744,262,654) (S 64,82,81) (S 63,81,80) (S 614,80,532) (D 0,0,0)
 0 1 26 8980 20106  18 (D 0,0,0) (S 742,653,63) (S 50,63,64) (S 900,66,171) (S 372,406,407) (S 1126,828,407) (S 373,407,408) (S 1127,407,71) (S 1128,71,829) (S 58,71,72) (S 57,71,70) (S 56,70,69) (S 697,69,405) (S 371,405,406) (S 1033,406,70) (S 1165,583,737) (S 1027,64,787) (D 0,0,0)
 0 1 27 5152 9018  13 (D 0,0,0) (S 741,63,8) (S 6,8,7) (S 5,7,6) (S 761,6,671) (S 928,671,675) (S 773,675,7) (S 740,8,555) (S 845,509,654) (S 846,654,82) (S 160,82,190) (S 161,190,191) (D 0,0,0)
 0 1 28 8868 40172  15 (D 0,0,0) (S 786,133,680) (S 785,680,679) (S 216,252,253) (S 215,252,231) (S 214,251,231) (S 234,230,273) (S 233,272,230) (S 260,229,299) (S 543,552,299) (S 217,254,255) (S 261,254,229) (S 195,229,230) (S 196,230,231) (D 0,0,0)
 0 1 29 8993 13196  31 (D 0,0,0) (S 777,676,677) (S 765,672,16) (S 12,16,15) (S 11,15,14) (S 1080,14,525) (S 506,525,526) (S 1141,526,761) (S 1142,761,316) (S 276,316,317) (S 1156,317,835) (S 1155,317,832) (S 1154,832,719) (S 870,719,718) (S 1078,718,762) (S 968,761,535) (S 521,535,527) (S 507,527,526) (S 1140,526,347) (S 303,347,346) (S 492,345,379) (S 491,379,513) (S 606,513,369) (S 331,369,368) (S 343,368,379) (S 302,345,346) (S 783,346,506) (S 477,506,14) (S 769,17,674) (S 816,677,0) (D 0,0,0)
 0 1 30 7018 16544  11 (D 0,0,0) (S 1099,3,732) (S 889,732,731) (S 926,731,28) (S 22,28,27) (S 21,27,26) (S 1018,26,783) (S 753,663,664) (S 799,663,686) (S 972,686,27) (D 0,0,0)
 0 1 31 8903 11534  19 (D 0,0,0) (S 817,0,2) (S 2,2,3) (S 3,3,4) (S 1084,4,191) (S 516,191,532) (S 613,532,585) (S 604,585,194) (S 603,194,584) (S 680,584,353) (S 679,353,459) (S 423,458,459) (S 891,621,734) (S 1090,734,733) (S 1089,733,816) (S 1167,816,787) (S 1168,787,63) (S 778,653,677) (D 0,0,0)
 0 1 32 8937 19386  12 (D 0,0,0) (S 819,695,696) (S 173,204,205) (S 1123,205,557) (S 182,215,214) (S 560,561,258) (S 220,258,259) (S 561,561,214) (S 266,306,151) (S 174,151,205) (S 1108,205,695) (D 0,0,0)
 0 1 33 8676 17784  17 (D 0,0,0) (S 936,747,727) (S 886,727,728) (S 1083,728,4) (S 1091,4,734) (S 890,733,621) (S 677,620,621) (S 678,621,459) (S 424,459,355) (S 321,354,193) (S 165,194,195) (S 692,195,590) (S 611,590,589) (S 610,589,588) (S 1121,588,208) (S 605,206,585) (D 0,0,0)
 0 1 34 8886 23836  22 (D 0,0,0) (S 1184,609,578) (S 212,249,248) (S 525,248,537) (S 719,537,247) (S 189,223,222) (S 188,222,221) (S 187,220,221) (S 989,221,381) (S 820,697,381) (S 821,381,681) (S 790,681,576) (S 585,576,286) (S 245,286,287) (S 545,383,287) (S 652,287,29) (S 656,561,365) (S 323,365,117) (S 94,117,116) (S 977,116,300) (S 267,300,306) (D 0,0,0)
 0 1 35 8966 25368  18 (D 0,0,0) (S 653,608,29) (S 23,29,30) (S 24,30,31) (S 349,30,384) (S 348,30,383) (S 544,553,383) (S 347,383,382) (S 791,576,287) (S 244,286,285) (S 243,284,285) (S 823,285,536) (S 523,536,364) (S 587,364,577) (S 1170,577,608) (S 654,608,609) (S 655,609,561) (D 0,0,0)
 0 1 36 8899 29690  30 (D 0,0,0) (S 720,548,537) (S 526,537,224) (S 527,224,538) (S 529,295,539) (S 530,539,158) (S 568,539,462) (S 567,462,219) (S 186,219,212) (S 180,212,211) (S 179,210,211) (S 566,211,219) (S 185,219,218) (S 184,218,217) (S 238,277,278) (S 247,278,289) (S 246,288,278) (S 622,277,217) (S 232,216,271) (S 231,270,216) (S 183,216,217) (S 623,217,463) (S 625,297,538) (S 190,224,223) (S 717,643,223) (S 718,223,247) (S 211,247,248) (S 524,248,536) (S 322,364,29) (D 0,0,0)
 0 1 37 8974 30005  28 (D 0,0,0) (S 538,546,547) (S 571,547,566) (S 191,225,224) (S 528,538,295) (S 254,295,296) (S 255,296,218) (S 256,218,276) (S 236,276,275) (S 235,274,275) (S 455,486,487) (S 454,486,274) (S 453,274,246) (S 209,246,245) (S 955,245,748) (S 939,748,315) (S 275,315,246) (S 208,245,130) (S 207,130,244) (S 937,244,129) (S 106,129,130) (S 107,130,131) (S 108,131,132) (S 200,132,235) (S 787,133,595) (S 788,595,222) (S 789,222,681) (D 0,0,0)
 0 1 38 8983 26196  8 (D 0,0,0) (S 574,567,568) (S 192,225,226) (S 193,226,227) (S 194,227,228) (S 229,227,256) (S 218,256,257) (D 0,0,0)
 0 1 39 8866 31273  10 (D 0,0,0) (S 324,365,257) (S 230,227,269) (S 304,292,348) (S 1067,348,175) (S 1068,175,807) (S 141,175,176) (S 140,175,174) (S 329,174,293) (D 0,0,0)
 0 1 40 8769 26987  12 (D 0,0,0) (S 252,294,293) (S 251,293,292) (S 630,292,269) (S 629,269,367) (S 628,367,565) (S 570,225,566) (S 722,566,644) (S 213,249,250) (S 573,249,567) (S 589,567,578) (D 0,0,0)
 0 1 41 8938 24682  14 (D 0,0,0) (S 559,258,294) (S 558,560,294) (S 253,294,295) (S 626,538,596) (S 627,596,565) (S 569,565,225) (S 721,566,548) (S 539,548,547) (S 590,578,366) (S 325,366,257) (S 219,257,258) (S 553,215,557) (D 0,0,0)
 0 1 42 8956 31595  20 (D 0,0,0) (S 248,290,154) (S 1185,614,529) (S 360,397,396) (S 485,511,396) (S 486,396,500) (S 487,500,389) (S 353,389,388) (S 352,388,387) (S 469,428,498) (S 470,498,398) (S 471,398,499) (S 472,499,500) (S 473,500,89) (S 513,89,397) (S 512,397,529) (S 511,529,155) (S 112,136,137) (S 869,717,427) (D 0,0,0)
 0 1 43 8967 35581  16 (D 0,0,0) (S 1047,399,429) (S 986,766,73) (S 59,73,74) (S 60,74,75) (S 145,181,75) (S 1066,74,806) (S 987,767,73) (S 1048,399,652) (S 1049,652,390) (S 354,390,389) (S 69,87,88) (S 70,88,89) (S 359,396,395) (S 737,395,290) (D 0,0,0)
 0 1 44 8576 18395  18 (D 0,0,0) (S 283,324,325) (S 285,326,327) (S 906,328,435) (S 908,704,53) (S 42,53,54) (S 44,55,56) (S 1038,56,791) (S 45,56,57) (S 591,57,579) (S 837,579,636) (S 706,636,58) (S 47,58,59) (S 48,59,60) (S 833,333,514) (S 493,514,515) (S 498,519,416) (D 0,0,0)
 0 1 45 8975 30777  23 (D 0,0,0) (S 327,226,367) (S 328,367,293) (S 139,174,173) (S 138,173,158) (S 126,158,159) (S 274,159,315) (S 273,159,314) (S 880,314,470) (S 436,470,213) (S 210,213,246) (S 206,244,243) (S 385,243,161) (S 386,161,420) (S 129,161,128) (S 128,128,160) (S 957,160,757) (S 952,757,127) (S 103,127,126) (S 881,724,314) (S 879,470,540) (S 572,547,249) (D 0,0,0)
 0 1 46 8851 34621  22 (D 0,0,0) (S 258,296,297) (S 259,297,298) (S 624,297,463) (S 429,463,462) (S 428,462,213) (S 181,213,212) (S 565,211,486) (S 564,486,275) (S 563,275,564) (S 576,564,131) (S 575,569,131) (S 199,132,234) (S 716,642,234) (S 197,232,233) (S 540,549,550) (S 541,551,549) (S 542,549,233) (S 198,233,234) (S 109,132,133) (S 110,133,134) (D 0,0,0)
 0 1 47 8971 33279  22 (D 0,0,0) (S 948,115,755) (S 1212,755,811) (S 1072,811,810) (S 946,754,541) (S 1211,753,841) (S 1186,841,104) (S 83,104,103) (S 943,103,49) (S 39,49,50) (S 38,49,48) (S 37,48,47) (S 1205,47,848) (S 36,47,46) (S 147,46,182) (S 1074,182,806) (S 1073,806,767) (S 988,767,49) (S 944,103,753) (S 945,753,541) (S 531,540,158) (D 0,0,0)
 0 1 48 8981 32675  21 (D 0,0,0) (S 93,115,114) (S 1063,797,804) (S 1143,804,799) (S 96,118,119) (S 97,119,120) (S 831,120,34) (S 830,34,11) (S 8,11,10) (S 826,10,189) (S 827,189,698) (S 159,189,188) (S 829,188,11) (S 828,699,188) (S 158,188,12) (S 25,32,33) (S 1145,33,121) (S 98,121,119) (S 95,118,115) (S 330,115,174) (D 0,0,0)
 0 1 49 8786 32214  20 (D 0,0,0) (S 588,567,577) (S 586,364,286) (S 822,285,681) (S 620,595,570) (S 577,570,564) (S 1104,243,796) (S 1103,820,796) (S 1052,796,795) (S 1061,795,802) (S 1158,802,726) (S 1157,836,726) (S 885,726,421) (S 954,420,756) (S 949,756,725) (S 883,725,126) (S 882,126,724) (S 958,724,757) (S 1055,173,596) (D 0,0,0)
 0 1 50 8967 35987  15 (D 0,0,0) (S 91,113,112) (S 152,112,185) (S 1070,185,808) (S 1178,809,545) (S 1179,545,109) (S 34,44,45) (S 1180,45,109) (S 88,109,108) (S 87,108,107) (S 85,106,105) (S 1191,105,843) (S 1192,843,543) (S 1194,813,113) (D 0,0,0)
 0 1 51 8894 40228  10 (D 0,0,0) (S 84,104,105) (S 1190,105,48) (S 35,46,45) (S 1181,45,812) (S 1182,812,76) (S 61,76,77) (S 1075,812,182) (S 146,182,75) (D 0,0,0)
 0 1 52 8966 32498  19 (D 0,0,0) (S 532,540,541) (S 533,541,542) (S 1187,542,841) (S 1210,841,843) (S 1209,843,847) (S 1208,847,845) (S 1207,845,183) (S 1206,849,183) (S 149,183,108) (S 148,108,46) (S 1204,47,106) (S 1203,106,847) (S 1202,847,544) (S 1201,846,544) (S 536,544,184) (S 151,184,185) (S 1069,185,114) (D 0,0,0)
 0 1 53 8982 33933  19 (D 0,0,0) (S 947,755,754) (S 1077,754,810) (S 1076,810,813) (S 1193,813,543) (S 534,542,543) (S 535,543,544) (S 86,106,107) (S 1200,107,845) (S 150,183,184) (S 537,184,545) (S 1071,809,808) (S 1151,808,111) (S 90,111,112) (S 153,112,186) (S 1064,805,797) (S 1053,797,798) (S 326,226,366) (D 0,0,0)
 0 1 54 8901 34589  24 (D 0,0,0) (S 1056,118,799) (S 1144,799,121) (S 99,121,122) (S 100,122,123) (S 101,123,124) (S 102,124,125) (S 1175,125,764) (S 974,764,765) (S 975,765,32) (S 26,33,34) (S 27,34,35) (S 824,120,35) (S 28,35,36) (S 825,35,10) (S 7,9,10) (S 9,11,12) (S 10,12,13) (S 157,12,32) (S 156,32,123) (S 155,123,187) (S 1196,800,805) (S 1195,805,113) (D 0,0,0)
 0 1 55 8944 35802  21 (D 0,0,0) (S 1057,799,798) (S 1054,798,122) (S 1058,798,800) (S 1059,800,187) (S 1150,801,111) (S 89,111,110) (S 1177,110,809) (S 1176,110,125) (S 1062,125,803) (S 973,763,764) (S 1174,764,834) (S 1146,833,834) (S 1147,834,765) (S 1148,765,124) (S 1149,124,801) (S 1060,801,187) (S 154,187,186) (S 1065,186,805) (S 92,113,114) (D 0,0,0)
 0 1 56 8943 33605  26 (D 0,0,0) (S 127,159,160) (S 956,160,748) (S 938,748,129) (S 105,129,128) (S 104,128,127) (S 953,127,756) (S 942,751,752) (S 941,750,751) (S 950,751,725) (S 884,725,421) (S 387,421,420) (S 130,161,162) (S 131,162,163) (S 1051,162,795) (S 1159,802,252) (S 1160,252,679) (S 1189,680,842) (S 1198,842,844) (S 1197,844,615) (S 632,597,598) (S 667,597,88) (S 666,88,614) (S 665,614,156) (S 320,363,242) (D 0,0,0)
 0 1 57 8630 26102  19 (D 0,0,0) (S 904,740,519) (S 422,456,457) (S 709,562,93) (S 710,93,637) (S 940,637,749) (S 711,637,638) (S 712,638,200) (S 713,200,639) (S 1161,837,639) (S 170,200,201) (S 171,201,202) (S 913,202,741) (S 850,707,94) (S 75,94,95) (S 615,591,592) (S 616,592,593) (S 852,592,455) (D 0,0,0)
 0 1 58 8912 27530  23 (D 0,0,0) (S 447,480,479) (S 997,479,772) (S 446,479,478) (S 996,478,771) (S 445,478,92) (S 71,90,91) (S 874,91,282) (S 242,282,283) (S 875,282,720) (S 241,282,281) (S 240,281,280) (S 239,279,280) (S 878,280,723) (S 919,281,743) (S 918,281,477) (S 443,199,477) (S 444,477,92) (S 73,92,93) (S 74,93,94) (S 853,455,54) (S 854,54,703) (D 0,0,0)
 0 1 59 8880 19732  19 (D 0,0,0) (S 402,415,434) (S 401,434,349) (S 305,349,169) (S 135,168,169) (S 634,169,62) (S 49,61,62) (S 844,167,705) (S 843,705,607) (S 842,607,704) (S 41,53,52) (S 40,52,51) (S 1101,51,794) (S 1102,794,819) (S 1043,794,55) (S 43,55,54) (S 841,703,704) (S 907,704,435) (D 0,0,0)
 0 1 60 8977 28840  18 (D 0,0,0) (S 1082,788,814) (S 318,361,98) (S 640,99,600) (S 475,502,503) (S 805,503,20) (S 16,20,21) (S 17,21,22) (S 672,22,483) (S 460,491,492) (S 461,492,490) (S 457,490,489) (S 466,489,496) (S 800,687,496) (S 801,496,493) (S 458,490,484) (S 459,484,21) (D 0,0,0)
 0 1 61 8830 18275  27 (D 0,0,0) (S 228,63,268) (S 227,268,267) (S 762,267,671) (S 221,260,261) (S 759,261,670) (S 1106,822,823) (S 1131,823,831) (S 1105,821,822) (S 1183,822,43) (S 934,43,657) (S 935,657,746) (S 749,84,373) (S 336,373,40) (S 669,616,39) (S 1085,39,815) (S 30,39,40) (S 335,40,372) (S 334,372,371) (S 333,371,370) (S 758,370,669) (S 332,370,369) (S 522,368,527) (S 504,524,523) (S 503,523,522) (S 743,522,653) (D 0,0,0)
 0 1 62 8940 20146  19 (D 0,0,0) (S 861,554,139) (S 113,138,139) (S 860,709,139) (S 862,554,573) (S 580,573,359) (S 581,359,574) (S 637,574,601) (S 1021,601,337) (S 294,337,338) (S 1020,601,446) (S 412,446,447) (S 519,534,445) (S 520,445,535) (S 969,761,762) (S 1079,762,525) (S 505,525,524) (S 766,524,16) (D 0,0,0)
 0 1 63 8690 18373  19 (D 0,0,0) (S 1,0,1) (S 602,584,504) (S 601,504,583) (S 1164,583,632) (S 695,632,505) (S 476,505,504) (S 600,583,68) (S 599,68,404) (S 370,404,405) (S 698,405,633) (S 920,744,633) (S 699,633,627) (S 700,627,634) (S 921,633,582) (S 922,582,313) (S 924,736,739) (S 925,739,418) (D 0,0,0)
 0 1 64 8916 30381  20 (D 0,0,0) (S 357,394,393) (S 356,393,392) (S 983,391,385) (S 984,385,376) (S 985,376,766) (S 1046,766,429) (S 377,412,413) (S 397,412,430) (S 396,412,429) (S 395,429,377) (S 342,377,378) (S 394,377,386) (S 393,386,428) (S 1006,498,393) (S 1005,777,393) (S 358,394,395) (S 739,137,427) (S 418,427,452) (D 0,0,0)
 0 1 65 8985 25098  14 (D 0,0,0) (S 81,101,100) (S 467,100,461) (S 80,100,99) (S 671,502,22) (S 18,22,23) (S 887,23,729) (S 19,23,24) (S 20,24,25) (S 725,24,501) (S 726,501,101) (S 82,101,102) (S 793,646,447) (D 0,0,0)
 0 1 66 8985 26006  19 (D 0,0,0) (S 314,322,358) (S 317,360,361) (S 635,362,599) (S 172,203,202) (S 914,202,145) (S 915,145,742) (S 293,336,144) (S 116,144,145) (S 117,145,146) (S 847,706,146) (S 118,146,147) (S 119,147,148) (S 120,148,149) (S 848,146,201) (S 849,201,707) (S 646,606,96) (S 910,591,454) (D 0,0,0)
 0 1 67 8785 26372  19 (D 0,0,0) (S 909,53,454) (S 911,591,95) (S 964,741,707) (S 965,707,638) (S 169,200,199) (S 798,476,685) (S 797,476,143) (S 115,143,142) (S 440,142,476) (S 441,476,79) (S 62,78,79) (S 442,79,199) (S 168,199,198) (S 167,197,198) (S 877,198,280) (S 72,91,92) (S 851,94,592) (D 0,0,0)
 0 1 68 8886 33176  15 (D 0,0,0) (S 802,688,493) (S 462,493,490) (S 456,489,488) (S 967,488,710) (S 863,710,711) (S 966,488,618) (S 676,618,619) (S 675,618,617) (S 888,617,730) (S 674,617,492) (S 673,492,483) (S 451,483,484) (S 452,484,485) (D 0,0,0)
 0 1 69 8967 32633  24 (D 0,0,0) (S 811,471,691) (S 807,689,203) (S 804,20,485) (S 1119,667,825) (S 1173,825,464) (S 430,464,465) (S 433,467,468) (S 715,468,641) (S 714,640,641) (S 434,468,469) (S 550,469,556) (S 1112,556,641) (S 1113,641,683) (S 795,683,467) (S 796,467,684) (S 432,467,466) (S 813,692,466) (S 1115,693,662) (S 752,661,662) (S 408,440,441) (S 1171,840,441) (S 1172,441,825) (D 0,0,0)
 0 1 70 8997 38422  16 (D 0,0,0) (S 1120,688,667) (S 1116,665,662) (S 1111,556,303) (S 263,302,303) (S 268,307,308) (S 1109,824,308) (S 269,308,309) (S 1110,308,303) (S 264,303,304) (S 265,304,305) (S 435,304,469) (S 551,469,473) (S 296,340,18) (S 993,768,19) (D 0,0,0)
