1740281
70
3601141
3017970
 0 1 1 7681 17870  12 (D 0,0,0) (S 1,0,1) (S 1099,3,732) (S 889,732,731) (S 926,731,28) (S 22,28,27) (S 972,27,686) (S 799,686,663) (S 753,663,664) (S 21,27,26) (S 1018,26,783) (D 0,0,0)
 0 1 2 8595 13955  16 (D 0,0,0) (S 936,747,727) (S 886,727,728) (S 1083,728,4) (S 1090,734,733) (S 890,733,621) (S 677,620,621) (S 678,621,459) (S 424,459,355) (S 311,355,354) (S 321,354,193) (S 163,193,192) (S 162,192,191) (S 161,191,190) (S 818,695,2) (D 0,0,0)
 0 1 3 8692 14208  15 (D 0,0,0) (S 516,191,532) (S 121,150,151) (S 175,151,206) (S 176,206,207) (S 177,207,208) (S 1122,208,826) (S 1132,826,558) (S 556,558,209) (S 557,209,559) (S 610,588,589) (S 611,589,590) (S 692,590,195) (S 164,194,193) (D 0,0,0)
 0 1 4 8655 17322  13 (D 0,0,0) (S 603,584,194) (S 612,585,590) (S 691,590,207) (S 178,208,209) (S 555,558,306) (S 267,306,300) (S 262,300,301) (S 1125,301,827) (S 1124,301,557) (S 173,204,205) (S 1108,205,695) (D 0,0,0)
 0 1 5 8989 17705  23 (D 0,0,0) (S 819,695,696) (S 846,82,654) (S 747,656,657) (S 748,657,84) (S 749,84,373) (S 750,373,658) (S 337,373,374) (S 336,373,40) (S 669,616,39) (S 1085,39,815) (S 30,39,40) (S 334,372,371) (S 758,370,669) (S 340,370,375) (S 339,375,86) (S 871,86,380) (S 872,380,344) (S 873,344,507) (S 142,177,178) (S 764,179,672) (S 780,672,674) (D 0,0,0)
 0 1 6 8957 29900  18 (D 0,0,0) (S 769,674,17) (S 11,15,14) (S 507,526,527) (S 413,448,447) (S 294,337,338) (S 1021,337,601) (S 1020,601,446) (S 112,136,137) (S 509,291,241) (S 508,241,528) (S 784,528,678) (S 205,241,242) (S 250,242,291) (S 249,291,154) (S 248,154,290) (S 738,290,137) (D 0,0,0)
 0 1 7 8866 27506  18 (D 0,0,0) (S 418,452,427) (S 1010,779,778) (S 1016,778,781) (S 1013,425,781) (S 1014,781,237) (S 201,237,236) (S 980,236,152) (S 122,152,153) (S 981,152,140) (S 114,140,141) (S 982,140,391) (S 355,391,392) (S 392,392,428) (S 469,428,498) (S 1006,498,393) (S 357,393,394) (D 0,0,0)
 0 1 8 8970 19403  18 (D 0,0,0) (S 1007,612,647) (S 728,646,575) (S 82,101,102) (S 81,101,100) (S 467,100,461) (S 468,461,497) (S 581,574,359) (S 580,359,573) (S 579,573,572) (S 578,572,571) (S 437,472,471) (S 812,471,334) (S 292,334,335) (S 1133,335,357) (S 1135,814,494) (S 464,494,495) (D 0,0,0)
 0 1 9 8958 17754  27 (D 0,0,0) (S 307,326,350) (S 305,349,169) (S 135,168,169) (S 634,169,62) (S 49,61,62) (S 633,62,167) (S 844,167,705) (S 843,705,607) (S 41,52,53) (S 42,53,54) (S 840,703,702) (S 839,702,701) (S 1036,701,790) (S 1042,790,660) (S 751,659,660) (S 1041,660,793) (S 1039,792,793) (S 1040,793,785) (S 1023,785,784) (S 1022,784,649) (S 731,649,650) (S 1025,784,786) (S 1024,784,437) (S 405,437,436) (S 856,436,329) (D 0,0,0)
 0 1 10 8840 17316  19 (D 0,0,0) (S 497,519,518) (S 857,518,329) (S 288,329,330) (S 1035,331,580) (S 592,438,579) (S 838,579,701) (S 1037,701,56) (S 44,56,55) (S 1043,55,794) (S 1102,794,819) (S 1101,794,51) (S 40,51,52) (S 651,52,607) (S 1081,705,434) (S 401,434,349) (S 306,349,350) (S 465,350,495) (D 0,0,0)
 0 1 11 8998 23832  18 (D 0,0,0) (S 381,416,327) (S 842,704,607) (S 647,472,96) (S 76,96,95) (S 912,95,741) (S 964,741,707) (S 965,707,638) (S 1161,837,639) (S 713,639,200) (S 170,200,201) (S 171,201,202) (S 172,202,203) (S 806,203,503) (S 475,503,502) (S 640,600,99) (S 79,99,98) (D 0,0,0)
 0 1 12 8955 31609  24 (D 0,0,0) (S 317,360,361) (S 635,362,599) (S 807,689,203) (S 803,485,688) (S 1119,667,825) (S 1172,825,441) (S 1117,440,665) (S 755,665,666) (S 1116,665,662) (S 752,661,662) (S 1115,662,693) (S 815,693,694) (S 814,693,466) (S 754,465,665) (S 408,440,441) (S 1171,840,441) (S 409,441,442) (S 757,442,668) (S 756,442,667) (S 802,688,493) (S 462,493,490) (S 452,484,485) (D 0,0,0)
 0 1 13 8940 38116  15 (D 0,0,0) (S 811,471,691) (S 1114,693,683) (S 1112,641,556) (S 1111,556,303) (S 263,302,303) (S 1110,303,308) (S 1109,824,308) (S 269,308,309) (S 268,307,308) (S 264,303,304) (S 265,304,305) (S 435,304,469) (S 551,469,473) (D 0,0,0)
 0 1 14 8276 20493  14 (D 0,0,0) (S 316,359,360) (S 917,360,691) (S 810,691,690) (S 916,690,97) (S 78,97,98) (S 426,361,460) (S 639,460,99) (S 80,99,100) (S 427,461,460) (S 638,460,574) (S 637,574,601) (S 412,446,447) (D 0,0,0)
 0 1 15 8879 27533  18 (D 0,0,0) (S 277,317,318) (S 411,318,445) (S 391,427,426) (S 1017,426,779) (S 1011,779,239) (S 1012,239,780) (S 204,239,240) (S 203,239,238) (S 1009,238,778) (S 202,238,237) (S 1015,237,782) (S 979,236,424) (S 876,721,722) (S 978,722,424) (S 389,424,425) (S 390,425,426) (D 0,0,0)
 0 1 16 8912 23181  16 (D 0,0,0) (S 582,574,497) (S 583,497,575) (S 726,101,501) (S 725,501,24) (S 20,24,25) (S 19,24,23) (S 887,23,729) (S 18,23,22) (S 671,22,502) (S 670,502,600) (S 636,600,362) (S 319,362,98) (S 318,98,361) (S 315,359,358) (D 0,0,0)
 0 1 17 8895 23848  22 (D 0,0,0) (S 650,52,453) (S 648,571,472) (S 646,96,606) (S 963,606,741) (S 913,741,202) (S 914,202,145) (S 915,145,742) (S 116,145,144) (S 293,336,144) (S 117,145,146) (S 847,706,146) (S 118,146,147) (S 119,147,148) (S 120,148,149) (S 848,146,201) (S 849,201,707) (S 850,707,94) (S 75,94,95) (S 911,95,591) (S 910,591,454) (D 0,0,0)
 0 1 18 8985 22846  19 (D 0,0,0) (S 908,704,53) (S 420,454,455) (S 852,455,592) (S 616,592,593) (S 851,592,94) (S 74,94,93) (S 709,93,562) (S 562,562,563) (S 708,562,456) (S 422,456,457) (S 706,58,636) (S 837,636,579) (S 591,579,57) (S 45,57,56) (S 1038,56,791) (S 854,54,703) (S 841,703,704) (D 0,0,0)
 0 1 19 8984 28993  20 (D 0,0,0) (S 1034,702,166) (S 447,480,479) (S 996,478,771) (S 444,92,477) (S 918,477,281) (S 442,199,79) (S 798,476,685) (S 797,476,143) (S 115,143,142) (S 440,142,476) (S 441,476,79) (S 62,78,79) (S 169,199,200) (S 712,200,638) (S 711,638,637) (S 940,637,749) (S 710,637,93) (S 615,592,591) (D 0,0,0)
 0 1 20 8983 30487  16 (D 0,0,0) (S 77,97,96) (S 962,606,689) (S 804,20,485) (S 801,493,496) (S 800,687,496) (S 466,496,489) (S 461,490,492) (S 460,491,492) (S 673,492,483) (S 451,483,484) (S 459,484,21) (S 17,21,22) (S 474,502,501) (S 727,101,575) (D 0,0,0)
 0 1 21 8923 32586  15 (D 0,0,0) (S 672,22,483) (S 674,492,617) (S 888,617,730) (S 675,617,618) (S 676,618,619) (S 966,618,488) (S 863,710,711) (S 967,710,488) (S 456,488,489) (S 457,489,490) (S 458,490,484) (S 16,21,20) (S 805,20,503) (D 0,0,0)
 0 1 22 8925 32834  14 (D 0,0,0) (S 809,690,599) (S 808,599,689) (S 15,20,19) (S 994,19,769) (S 439,474,475) (S 1169,474,839) (S 438,474,473) (S 552,473,340) (S 295,339,340) (S 296,340,18) (S 14,18,19) (S 993,768,19) (D 0,0,0)
 0 1 23 8991 34466  19 (D 0,0,0) (S 1173,825,464) (S 430,464,465) (S 431,465,466) (S 813,692,466) (S 432,466,467) (S 796,467,684) (S 795,467,683) (S 794,682,683) (S 714,640,641) (S 715,641,468) (S 433,467,468) (S 434,468,469) (S 550,469,556) (S 1113,641,683) (S 617,594,440) (S 1118,440,825) (S 1120,667,688) (D 0,0,0)
 0 1 24 8950 19898  17 (D 0,0,0) (S 43,54,55) (S 46,57,58) (S 47,58,59) (S 48,59,60) (S 449,59,481) (S 450,481,482) (S 835,481,700) (S 832,700,165) (S 132,164,165) (S 133,165,166) (S 134,166,167) (S 402,434,415) (S 380,415,327) (S 285,327,326) (S 284,326,325) (D 0,0,0)
 0 1 25 8831 17326  20 (D 0,0,0) (S 286,327,328) (S 287,328,329) (S 927,330,437) (S 406,437,438) (S 704,439,635) (S 960,758,759) (S 961,758,760) (S 959,758,635) (S 705,635,636) (S 836,700,636) (S 707,58,456) (S 421,456,455) (S 853,455,54) (S 855,703,436) (S 404,436,435) (S 906,435,328) (S 905,328,519) (S 904,519,740) (D 0,0,0)
 0 1 26 8901 18132  14 (D 0,0,0) (S 498,416,519) (S 494,516,515) (S 701,515,634) (S 700,634,627) (S 687,627,629) (S 688,629,630) (S 951,629,634) (S 493,515,514) (S 833,514,333) (S 291,333,332) (S 290,332,331) (S 289,331,330) (D 0,0,0)
 0 1 27 8948 17148  25 (D 0,0,0) (S 1003,740,735) (S 892,735,518) (S 496,518,517) (S 641,602,603) (S 724,603,604) (S 723,645,604) (S 644,604,605) (S 686,605,628) (S 643,604,602) (S 642,602,517) (S 495,517,516) (S 595,516,332) (S 594,332,580) (S 593,580,438) (S 407,438,439) (S 703,439,422) (S 388,422,423) (S 702,422,515) (S 596,516,581) (S 597,581,582) (S 922,582,313) (S 383,418,417) (S 499,416,351) (D 0,0,0)
 0 1 28 8908 15948  22 (D 0,0,0) (S 382,416,417) (S 1002,417,740) (S 903,740,739) (S 924,739,736) (S 893,736,735) (S 1004,735,776) (S 1044,776,581) (S 1045,581,626) (S 685,626,627) (S 699,627,633) (S 920,744,633) (S 921,633,582) (S 598,582,404) (S 599,404,68) (S 600,68,583) (S 601,583,504) (S 602,504,584) (S 310,353,354) (S 425,355,192) (S 1084,191,4) (D 0,0,0)
 0 1 29 8856 18774  17 (D 0,0,0) (S 1089,733,816) (S 1166,816,738) (S 897,737,67) (S 54,67,68) (S 55,68,69) (S 56,69,70) (S 1033,70,406) (S 372,406,407) (S 1126,828,407) (S 373,407,408) (S 1127,407,71) (S 58,71,72) (S 57,71,70) (S 371,406,405) (S 698,405,633) (D 0,0,0)
 0 1 30 8971 20722  14 (D 0,0,0) (S 166,195,196) (S 776,196,589) (S 775,196,623) (S 683,623,624) (S 684,624,625) (S 1130,624,830) (S 1129,624,829) (S 1128,71,829) (S 1162,838,829) (S 1163,829,632) (S 695,632,505) (S 476,505,504) (D 0,0,0)
 0 1 31 8892 18798  11 (D 0,0,0) (S 605,585,206) (S 1121,208,588) (S 609,588,559) (S 608,559,587) (S 607,586,587) (S 976,587,300) (S 266,306,151) (S 518,150,533) (S 517,150,532) (D 0,0,0)
 0 1 32 8978 12319  22 (D 0,0,0) (S 816,0,677) (S 778,677,653) (S 1168,63,787) (S 1167,787,816) (S 1088,816,65) (S 899,66,738) (S 898,738,737) (S 1165,737,583) (S 1164,583,632) (S 696,632,69) (S 697,69,405) (S 370,405,404) (S 369,404,403) (S 663,403,613) (S 368,403,170) (S 896,170,67) (S 53,67,66) (S 51,65,64) (S 1027,64,787) (S 1026,787,3) (D 0,0,0)
 0 1 33 8556 12071  18 (D 0,0,0) (S 817,0,2) (S 3,3,4) (S 1091,4,734) (S 891,734,621) (S 423,458,459) (S 679,459,353) (S 680,353,584) (S 681,584,622) (S 694,622,505) (S 774,505,623) (S 682,623,622) (S 693,622,195) (S 165,195,194) (S 604,194,585) (S 613,585,532) (S 1100,191,3) (D 0,0,0)
 0 1 34 7109 11272  22 (D 0,0,0) (S 13,17,16) (S 12,16,15) (S 399,15,431) (S 478,506,177) (S 479,177,507) (S 480,507,266) (S 481,266,508) (S 298,343,342) (S 297,341,342) (S 760,342,261) (S 222,261,262) (S 845,654,509) (S 484,509,510) (S 549,509,555) (S 548,555,190) (S 160,190,82) (S 64,82,81) (S 63,81,80) (S 614,80,532) (S 2,3,2) (D 0,0,0)
 0 1 35 7990 13983  25 (D 0,0,0) (S 1087,451,65) (S 52,65,66) (S 900,66,171) (S 136,171,170) (S 895,170,449) (S 894,449,736) (S 923,736,313) (S 272,313,310) (S 270,310,311) (S 271,310,312) (S 414,312,449) (S 415,449,450) (S 902,450,739) (S 925,739,418) (S 384,418,419) (S 416,419,450) (S 137,171,172) (S 901,171,450) (S 417,419,451) (S 1086,451,352) (S 309,352,351) (S 500,351,520) (S 501,520,521) (D 0,0,0)
 0 1 36 8792 15551  23 (D 0,0,0) (S 858,708,433) (S 859,433,324) (S 400,433,432) (S 662,443,319) (S 661,319,534) (S 659,448,612) (S 1000,611,774) (S 999,774,775) (S 998,773,774) (S 1008,774,612) (S 658,612,611) (S 657,610,611) (S 1001,611,647) (S 730,647,648) (S 729,647,646) (S 793,646,447) (S 519,534,445) (S 520,445,535) (S 521,535,527) (S 506,526,525) (S 505,525,524) (D 0,0,0)
 0 1 37 8750 18103  21 (D 0,0,0) (S 503,522,523) (S 767,524,673) (S 1139,718,832) (S 1137,432,443) (S 1136,443,494) (S 463,494,320) (S 314,322,358) (S 546,358,554) (S 861,554,139) (S 113,138,139) (S 860,709,139) (S 862,554,573) (S 865,572,714) (S 649,571,453) (S 419,453,454) (S 909,454,53) (S 907,704,435) (S 403,435,415) (S 308,326,351) (D 0,0,0)
 0 1 38 8546 14348  28 (D 0,0,0) (S 971,708,673) (S 970,673,762) (S 969,762,761) (S 968,761,535) (S 522,527,368) (S 331,368,369) (S 343,368,379) (S 301,345,344) (S 300,344,265) (S 299,265,343) (S 221,260,261) (S 759,261,670) (S 1096,745,670) (S 1097,670,656) (S 1098,656,818) (S 746,656,655) (S 868,716,655) (S 745,655,262) (S 744,262,654) (S 483,509,5) (S 4,5,6) (S 5,6,7) (S 6,7,8) (S 740,8,555) (S 547,190,81) (S 1107,81,695) (D 0,0,0)
 0 1 39 8970 16242  30 (D 0,0,0) (S 742,653,63) (S 741,63,8) (S 773,7,675) (S 929,671,508) (S 930,508,343) (S 931,343,260) (S 932,260,745) (S 1131,823,831) (S 1106,823,822) (S 1105,821,822) (S 1183,822,43) (S 934,43,657) (S 935,657,746) (S 65,83,84) (S 66,84,42) (S 33,42,43) (S 933,43,745) (S 1095,745,85) (S 67,85,42) (S 32,42,41) (S 1094,512,85) (S 68,85,86) (S 338,86,263) (S 223,263,264) (S 482,508,5) (S 761,6,671) (S 928,671,675) (S 772,675,268) (D 0,0,0)
 0 1 40 8746 15025  26 (D 0,0,0) (S 781,672,431) (S 782,431,506) (S 783,506,346) (S 303,346,347) (S 1140,347,526) (S 1141,526,761) (S 1142,761,316) (S 276,316,317) (S 1156,317,835) (S 1155,317,832) (S 1138,832,432) (S 410,443,444) (S 279,319,320) (S 280,320,321) (S 312,321,356) (S 281,321,322) (S 282,322,323) (S 313,322,357) (S 1134,357,814) (S 1082,814,788) (S 1032,788,789) (S 1031,788,495) (S 1030,495,325) (S 502,521,522) (D 0,0,0)
 0 1 41 8806 12221  33 (D 0,0,0) (S 743,653,522) (S 1152,522,708) (S 1153,708,719) (S 870,719,718) (S 1078,718,762) (S 1079,762,525) (S 1080,525,14) (S 477,14,506) (S 302,346,345) (S 492,345,379) (S 490,513,375) (S 489,375,512) (S 1092,817,715) (S 867,715,372) (S 335,372,40) (S 31,40,41) (S 488,41,512) (S 1093,512,715) (S 866,715,371) (S 333,371,370) (S 332,370,369) (S 606,369,513) (S 491,513,379) (S 344,379,380) (S 345,380,264) (S 224,264,265) (S 225,265,266) (S 226,266,267) (S 763,267,179) (S 770,180,674) (S 779,674,653) (D 0,0,0)
 0 1 42 8799 26725  18 (D 0,0,0) (S 1154,719,832) (S 278,318,319) (S 660,534,448) (S 359,395,396) (S 485,511,396) (S 360,396,397) (S 512,397,529) (S 1185,529,614) (S 665,614,156) (S 664,156,363) (S 320,242,363) (S 645,363,155) (S 510,155,291) (S 739,137,427) (S 869,717,427) (S 1019,452,446) (D 0,0,0)
 0 1 43 8854 28115  23 (D 0,0,0) (S 834,333,481) (S 448,59,480) (S 995,480,770) (S 997,479,772) (S 446,479,478) (S 445,478,92) (S 72,92,91) (S 71,90,91) (S 874,91,282) (S 875,282,720) (S 242,282,283) (S 241,282,281) (S 919,281,743) (S 240,281,280) (S 878,280,723) (S 239,279,280) (S 877,280,198) (S 167,197,198) (S 168,198,199) (S 443,199,477) (S 73,92,93) (D 0,0,0)
 0 1 44 7113 11194  21 (D 0,0,0) (S 777,676,677) (S 792,677,521) (S 690,521,324) (S 689,631,324) (S 283,324,325) (S 1029,325,520) (S 1028,520,64) (S 50,64,63) (S 228,63,268) (S 227,268,267) (S 762,267,671) (S 771,268,180) (S 144,180,179) (S 143,179,178) (S 398,178,431) (S 765,672,16) (S 766,16,524) (S 504,524,523) (S 768,523,17) (D 0,0,0)
 0 1 45 8820 29089  23 (D 0,0,0) (S 553,557,215) (S 588,567,577) (S 585,286,576) (S 584,576,382) (S 346,382,381) (S 821,381,681) (S 788,222,595) (S 620,595,570) (S 577,570,564) (S 563,564,275) (S 564,275,486) (S 454,486,274) (S 236,275,276) (S 257,276,135) (S 1197,844,615) (S 1198,842,844) (S 1199,844,135) (S 992,134,38) (S 619,38,595) (S 789,222,681) (S 790,681,576) (D 0,0,0)
 0 1 46 8992 33328  24 (D 0,0,0) (S 244,286,285) (S 243,284,285) (S 822,285,681) (S 187,220,221) (S 990,221,712) (S 864,712,713) (S 991,712,38) (S 29,37,38) (S 618,38,135) (S 111,135,134) (S 110,134,133) (S 109,133,132) (S 200,132,235) (S 199,132,234) (S 716,642,234) (S 542,233,549) (S 540,549,550) (S 541,551,549) (S 197,232,233) (S 198,233,234) (S 791,576,287) (S 652,287,29) (D 0,0,0)
 0 1 47 8990 27811  19 (D 0,0,0) (S 545,287,383) (S 347,383,382) (S 820,697,381) (S 989,381,221) (S 188,221,222) (S 787,595,133) (S 786,133,680) (S 1189,680,842) (S 1188,842,615) (S 668,615,597) (S 632,597,598) (S 667,597,88) (S 69,87,88) (S 666,88,614) (S 125,156,157) (S 124,156,155) (S 123,155,154) (D 0,0,0)
 0 1 48 8962 31466  18 (D 0,0,0) (S 737,290,395) (S 361,394,398) (S 470,398,498) (S 393,428,386) (S 394,386,377) (S 342,377,378) (S 364,378,399) (S 367,401,402) (S 366,401,400) (S 374,409,400) (S 1046,429,766) (S 985,766,376) (S 983,385,391) (S 356,392,393) (S 1005,777,393) (S 358,394,395) (D 0,0,0)
 0 1 49 8994 31643  20 (D 0,0,0) (S 736,395,499) (S 353,388,389) (S 734,388,652) (S 1048,652,399) (S 1047,399,429) (S 396,429,412) (S 377,412,413) (S 397,412,430) (S 395,429,377) (S 341,377,376) (S 984,376,385) (S 350,385,386) (S 351,386,387) (S 471,398,499) (S 472,499,500) (S 473,500,89) (S 513,89,397) (S 511,529,155) (D 0,0,0)
 0 1 50 8961 31924  21 (D 0,0,0) (S 735,499,388) (S 352,388,387) (S 363,387,378) (S 365,399,400) (S 375,400,410) (S 376,410,411) (S 379,410,401) (S 378,401,414) (S 732,651,414) (S 733,414,652) (S 1049,652,390) (S 1050,390,530) (S 515,530,531) (S 514,530,89) (S 70,89,88) (S 631,597,530) (S 354,390,389) (S 487,389,500) (S 486,500,396) (D 0,0,0)
 0 1 51 8939 34248  18 (D 0,0,0) (S 362,398,387) (S 986,766,73) (S 987,73,767) (S 1073,767,806) (S 1066,806,74) (S 59,73,74) (S 60,74,75) (S 145,181,75) (S 146,75,182) (S 147,182,46) (S 148,46,108) (S 149,108,183) (S 1207,183,845) (S 150,183,184) (S 151,184,185) (S 152,185,112) (D 0,0,0)
 0 1 52 8972 32129  19 (D 0,0,0) (S 1069,114,185) (S 1070,185,808) (S 1151,808,111) (S 1150,111,801) (S 1149,801,124) (S 1148,124,765) (S 975,765,32) (S 156,32,123) (S 101,123,124) (S 102,124,125) (S 1060,801,187) (S 155,187,123) (S 100,123,122) (S 1054,122,798) (S 1053,798,797) (S 93,114,115) (S 182,214,215) (D 0,0,0)
 0 1 53 8888 22837  15 (D 0,0,0) (S 561,214,561) (S 1170,608,577) (S 587,577,364) (S 523,364,536) (S 823,536,285) (S 189,222,223) (S 717,643,223) (S 719,247,537) (S 191,224,225) (S 192,225,226) (S 326,226,366) (S 1123,557,205) (S 174,205,151) (D 0,0,0)
 0 1 54 8916 30096  24 (D 0,0,0) (S 560,561,258) (S 253,294,295) (S 254,295,296) (S 258,296,297) (S 259,297,298) (S 624,297,463) (S 623,463,217) (S 183,217,216) (S 231,270,216) (S 232,216,271) (S 247,278,289) (S 246,288,278) (S 238,278,277) (S 237,277,276) (S 256,276,218) (S 185,218,219) (S 429,462,463) (S 625,297,538) (S 190,224,223) (S 718,223,247) (S 211,247,248) (S 212,248,249) (D 0,0,0)
 0 1 55 8982 33215  24 (D 0,0,0) (S 539,547,548) (S 530,539,158) (S 532,540,541) (S 533,541,542) (S 534,542,543) (S 535,543,544) (S 1206,849,183) (S 87,108,107) (S 1200,107,845) (S 1208,845,847) (S 1202,847,544) (S 1194,813,113) (S 1195,113,805) (S 1196,805,800) (S 1058,798,800) (S 1059,800,187) (S 154,187,186) (S 1064,805,797) (S 1063,797,804) (S 1143,804,799) (S 1056,799,118) (S 95,118,115) (D 0,0,0)
 0 1 56 8947 32537  24 (D 0,0,0) (S 948,115,755) (S 1212,755,811) (S 1072,811,810) (S 1076,810,813) (S 1193,813,543) (S 1192,543,843) (S 1191,843,105) (S 85,105,106) (S 1204,106,47) (S 1205,47,848) (S 37,47,48) (S 38,48,49) (S 39,49,50) (S 944,103,753) (S 436,470,213) (S 181,213,212) (S 180,211,212) (S 186,212,219) (S 567,219,462) (S 529,539,295) (S 720,537,548) (S 721,548,566) (D 0,0,0)
 0 1 57 8988 32376  11 (D 0,0,0) (S 571,547,566) (S 627,565,596) (S 1055,596,173) (S 139,173,174) (S 140,174,175) (S 141,175,176) (S 1068,175,807) (S 1067,175,348) (S 304,348,292) (D 0,0,0)
 0 1 58 8998 28689  9 (D 0,0,0) (S 252,294,293) (S 251,293,292) (S 630,292,269) (S 194,227,228) (S 230,227,269) (S 629,269,367) (S 327,367,226) (D 0,0,0)
 0 1 59 8997 31883  17 (D 0,0,0) (S 329,293,174) (S 947,755,754) (S 1077,810,754) (S 946,754,541) (S 945,541,753) (S 1211,753,841) (S 1210,841,843) (S 1209,843,847) (S 536,544,184) (S 537,184,545) (S 1178,545,809) (S 1177,809,110) (S 89,110,111) (S 91,112,113) (S 554,557,306) (D 0,0,0)
 0 1 60 8955 21477  11 (D 0,0,0) (S 656,561,365) (S 324,365,257) (S 325,257,366) (S 193,226,227) (S 229,227,256) (S 218,256,257) (S 323,365,117) (S 94,117,116) (S 977,116,300) (D 0,0,0)
 0 1 61 8907 27449  12 (D 0,0,0) (S 655,561,609) (S 1184,609,578) (S 589,578,567) (S 573,567,249) (S 213,249,250) (S 538,546,547) (S 722,566,644) (S 628,565,367) (S 558,560,294) (S 559,294,258) (D 0,0,0)
 0 1 62 8994 28713  15 (D 0,0,0) (S 654,609,608) (S 653,608,29) (S 23,29,30) (S 24,30,31) (S 349,30,384) (S 348,30,383) (S 544,553,383) (S 245,287,286) (S 586,286,364) (S 574,567,568) (S 590,578,366) (S 219,257,258) (S 220,258,259) (D 0,0,0)
 0 1 63 8919 28879  30 (D 0,0,0) (S 322,29,364) (S 524,536,248) (S 525,248,537) (S 527,224,538) (S 528,538,295) (S 568,539,462) (S 566,219,211) (S 179,210,211) (S 565,211,486) (S 455,486,487) (S 235,275,274) (S 453,274,246) (S 275,315,246) (S 209,246,245) (S 955,245,748) (S 939,748,315) (S 274,315,159) (S 127,159,160) (S 957,160,757) (S 103,126,127) (S 952,127,757) (S 958,757,724) (S 273,314,159) (S 126,159,158) (S 138,158,173) (S 569,565,225) (S 570,225,566) (S 572,547,249) (D 0,0,0)
 0 1 64 8983 32505  27 (D 0,0,0) (S 526,537,224) (S 255,296,218) (S 184,218,217) (S 622,217,277) (S 621,277,570) (S 576,564,131) (S 575,569,131) (S 206,244,243) (S 1103,820,796) (S 1104,796,243) (S 385,243,161) (S 386,161,420) (S 954,420,756) (S 950,725,751) (S 942,751,752) (S 941,750,751) (S 949,725,756) (S 953,756,127) (S 104,127,128) (S 105,128,129) (S 937,129,244) (S 208,130,245) (S 210,246,213) (S 428,213,462) (S 626,538,596) (D 0,0,0)
 0 1 65 8789 31769  25 (D 0,0,0) (S 108,132,131) (S 107,131,130) (S 106,130,129) (S 938,129,748) (S 956,748,160) (S 128,160,128) (S 129,128,161) (S 130,161,162) (S 131,162,163) (S 1051,162,795) (S 1061,795,802) (S 1159,802,252) (S 1158,802,726) (S 1157,836,726) (S 885,726,421) (S 387,420,421) (S 884,421,725) (S 883,725,126) (S 882,126,724) (S 881,724,314) (S 880,314,470) (S 879,470,540) (S 531,540,158) (D 0,0,0)
 0 1 66 8974 40228  12 (D 0,0,0) (S 83,103,104) (S 943,103,49) (S 988,49,767) (S 1074,806,182) (S 1075,182,812) (S 61,76,77) (S 1182,76,812) (S 1181,812,45) (S 1179,109,545) (S 1071,809,808) (D 0,0,0)
 0 1 67 8943 34928  22 (D 0,0,0) (S 92,114,113) (S 1065,805,186) (S 153,186,112) (S 90,112,111) (S 1176,110,125) (S 1062,125,803) (S 1175,125,764) (S 973,763,764) (S 974,764,765) (S 1174,764,834) (S 1146,833,834) (S 1147,834,765) (S 26,33,34) (S 27,34,35) (S 825,35,10) (S 28,35,36) (S 824,35,120) (S 96,119,118) (S 330,115,174) (S 328,293,367) (D 0,0,0)
 0 1 68 8939 35791  22 (D 0,0,0) (S 1057,799,798) (S 99,122,121) (S 98,121,119) (S 97,119,120) (S 831,120,34) (S 830,34,11) (S 8,11,10) (S 7,9,10) (S 826,10,189) (S 827,189,698) (S 159,189,188) (S 158,188,12) (S 10,12,13) (S 9,12,11) (S 829,11,188) (S 828,699,188) (S 157,12,32) (S 25,32,33) (S 1145,33,121) (S 1144,121,799) (D 0,0,0)
 0 1 69 8989 36542  14 (D 0,0,0) (S 1201,846,544) (S 1203,847,106) (S 86,106,107) (S 88,108,109) (S 1180,109,45) (S 34,44,45) (S 35,45,46) (S 36,46,47) (S 1190,48,105) (S 84,105,104) (S 1186,104,841) (S 1187,841,542) (D 0,0,0)
 0 1 70 8924 41051  17 (D 0,0,0) (S 785,680,679) (S 1160,679,252) (S 216,252,253) (S 215,252,231) (S 214,251,231) (S 234,230,273) (S 233,272,230) (S 261,229,254) (S 217,254,255) (S 543,552,299) (S 260,299,229) (S 195,229,230) (S 196,230,231) (S 1052,795,796) (S 207,244,130) (D 0,0,0)
