1743401
70
2401439
2361916
 0 1 1 8775 11696  33 (D 0,0,0) (S 1,0,1) (S 816,0,677) (S 778,677,653) (S 769,674,17) (S 12,16,15) (S 11,14,15) (S 399,15,431) (S 398,431,178) (S 142,178,177) (S 479,177,507) (S 225,266,265) (S 224,265,264) (S 223,264,263) (S 338,263,86) (S 871,86,380) (S 344,380,379) (S 491,379,513) (S 606,513,369) (S 331,369,368) (S 343,368,379) (S 492,379,345) (S 301,345,344) (S 873,344,507) (S 480,507,266) (S 481,266,508) (S 482,508,5) (S 761,6,671) (S 762,671,267) (S 227,267,268) (S 228,268,63) (S 742,63,653) (D 0,0,0)
 0 1 2 8864 13291  28 (D 0,0,0) (S 779,653,674) (S 13,17,16) (S 765,16,672) (S 764,672,179) (S 143,179,178) (S 478,177,506) (S 783,506,346) (S 303,346,347) (S 1140,347,526) (S 507,526,527) (S 521,527,535) (S 968,535,761) (S 1142,761,316) (S 276,316,317) (S 1156,317,835) (S 277,317,318) (S 278,318,319) (S 279,319,320) (S 280,320,321) (S 312,321,356) (S 313,322,357) (S 1134,357,814) (S 1135,814,494) (S 1136,494,443) (S 400,432,433) (S 858,433,708) (D 0,0,0)
 0 1 3 8560 26231  14 (D 0,0,0) (S 743,653,522) (S 971,708,673) (S 520,535,445) (S 519,445,534) (S 248,290,154) (S 123,154,155) (S 124,155,156) (S 664,156,363) (S 205,242,241) (S 508,241,528) (S 784,528,678) (S 509,241,291) (D 0,0,0)
 0 1 4 7858 15221  23 (D 0,0,0) (S 870,719,718) (S 1139,718,832) (S 1137,432,443) (S 410,443,444) (S 662,443,319) (S 661,319,534) (S 659,448,612) (S 1000,611,774) (S 998,773,774) (S 999,774,775) (S 1008,774,612) (S 658,612,611) (S 657,610,611) (S 1001,611,647) (S 730,647,648) (S 1007,647,612) (S 660,448,534) (S 411,445,318) (S 1155,317,832) (S 1154,832,719) (S 1153,719,708) (D 0,0,0)
 0 1 5 8750 28081  20 (D 0,0,0) (S 1152,522,708) (S 358,395,394) (S 357,394,393) (S 1005,777,393) (S 1006,393,498) (S 469,498,428) (S 392,428,392) (S 355,392,391) (S 982,391,140) (S 114,140,141) (S 981,140,152) (S 122,152,153) (S 980,152,236) (S 1015,237,782) (S 202,237,238) (S 1009,238,778) (S 1010,778,779) (S 391,426,427) (D 0,0,0)
 0 1 6 8159 11631  23 (D 0,0,0) (S 768,17,523) (S 505,524,525) (S 506,525,526) (S 1141,526,761) (S 969,761,762) (S 970,762,673) (S 767,673,524) (S 504,524,523) (S 503,523,522) (S 502,522,521) (S 690,521,324) (S 859,433,324) (S 689,631,324) (S 283,324,325) (S 1030,325,495) (S 465,495,350) (S 307,350,326) (S 308,326,351) (S 500,351,520) (S 501,520,521) (S 792,521,677) (D 0,0,0)
 0 1 7 8864 17723  31 (D 0,0,0) (S 777,676,677) (S 780,674,672) (S 782,431,506) (S 477,506,14) (S 1080,14,525) (S 522,527,368) (S 332,369,370) (S 334,371,372) (S 30,40,39) (S 1085,39,815) (S 669,616,39) (S 336,40,373) (S 337,373,374) (S 750,373,658) (S 749,373,84) (S 935,657,746) (S 748,657,84) (S 65,83,84) (S 66,84,42) (S 33,42,43) (S 933,43,745) (S 932,745,260) (S 299,343,265) (S 300,265,344) (S 872,344,380) (S 345,380,264) (S 226,266,267) (S 763,267,179) (S 144,179,180) (D 0,0,0)
 0 1 8 8824 14320  32 (D 0,0,0) (S 770,674,180) (S 771,180,268) (S 772,268,675) (S 928,675,671) (S 929,671,508) (S 930,508,343) (S 931,343,260) (S 221,260,261) (S 759,261,670) (S 1096,670,745) (S 1095,745,85) (S 1094,85,512) (S 1092,817,715) (S 867,715,372) (S 335,372,40) (S 31,40,41) (S 488,41,512) (S 32,41,42) (S 67,42,85) (S 68,85,86) (S 339,86,375) (S 340,375,370) (S 758,370,669) (S 333,370,371) (S 866,371,715) (S 1093,715,512) (S 489,512,375) (S 490,375,513) (S 302,345,346) (S 781,431,672) (D 0,0,0)
 0 1 9 8868 18957  18 (D 0,0,0) (S 1028,520,64) (S 53,66,67) (S 54,67,68) (S 599,68,404) (S 370,404,405) (S 371,405,406) (S 57,70,71) (S 1127,71,407) (S 1126,828,407) (S 373,407,408) (S 372,407,406) (S 1033,406,70) (S 56,70,69) (S 696,69,632) (S 896,67,170) (S 1027,64,787) (D 0,0,0)
 0 1 10 8115 18860  19 (D 0,0,0) (S 1029,520,325) (S 1032,788,789) (S 1082,788,814) (S 1133,357,335) (S 292,335,334) (S 812,334,471) (S 811,471,691) (S 917,691,360) (S 316,360,359) (S 580,359,573) (S 862,573,554) (S 113,138,139) (S 860,709,139) (S 861,139,554) (S 546,554,358) (S 282,322,323) (S 1031,788,495) (D 0,0,0)
 0 1 11 9000 19816  20 (D 0,0,0) (S 284,325,326) (S 285,326,327) (S 402,415,434) (S 651,607,52) (S 648,571,472) (S 647,472,96) (S 916,97,690) (S 809,690,599) (S 635,599,362) (S 636,362,600) (S 640,600,99) (S 639,99,460) (S 427,460,461) (S 467,100,461) (S 468,461,497) (S 583,497,575) (S 728,575,646) (S 729,646,647) (D 0,0,0)
 0 1 12 8902 16100  22 (D 0,0,0) (S 309,351,352) (S 1086,352,451) (S 417,451,419) (S 416,419,450) (S 415,450,449) (S 414,449,312) (S 271,312,310) (S 270,310,311) (S 272,310,313) (S 922,313,582) (S 921,582,633) (S 920,744,633) (S 698,633,405) (S 697,405,69) (S 55,69,68) (S 600,68,583) (S 897,737,67) (S 899,66,738) (S 1166,738,816) (S 1168,787,63) (D 0,0,0)
 0 1 13 8545 13788  23 (D 0,0,0) (S 382,416,417) (S 383,417,418) (S 925,418,739) (S 902,739,450) (S 901,450,171) (S 137,171,172) (S 895,170,449) (S 894,449,736) (S 893,736,735) (S 1004,735,776) (S 1044,776,581) (S 597,581,582) (S 598,582,404) (S 369,404,403) (S 663,403,613) (S 368,403,170) (S 136,170,171) (S 900,171,66) (S 52,66,65) (S 51,65,64) (S 50,64,63) (D 0,0,0)
 0 1 14 8577 20297  19 (D 0,0,0) (S 908,704,53) (S 909,53,454) (S 649,453,571) (S 578,571,572) (S 865,572,714) (S 579,572,573) (S 581,359,574) (S 582,574,497) (S 637,574,601) (S 294,337,338) (S 1021,337,601) (S 1020,601,446) (S 412,446,447) (S 413,447,448) (S 1078,718,762) (S 1079,762,525) (S 766,524,16) (D 0,0,0)
 0 1 15 8978 30655  20 (D 0,0,0) (S 1138,832,432) (S 738,137,290) (S 359,395,396) (S 486,396,500) (S 472,500,499) (S 735,499,388) (S 734,388,652) (S 1049,652,390) (S 631,530,597) (S 668,597,615) (S 1188,615,842) (S 1197,844,615) (S 632,597,598) (S 667,597,88) (S 70,88,89) (S 512,397,529) (S 510,155,291) (S 112,136,137) (D 0,0,0)
 0 1 16 8891 28417  20 (D 0,0,0) (S 737,290,395) (S 487,389,500) (S 473,500,89) (S 514,89,530) (S 515,530,531) (S 1050,530,390) (S 354,390,389) (S 353,389,388) (S 352,388,387) (S 363,387,378) (S 342,378,377) (S 341,377,376) (S 984,376,385) (S 350,385,386) (S 393,386,428) (S 470,498,398) (S 471,398,499) (S 736,499,395) (D 0,0,0)
 0 1 17 8967 34085  19 (D 0,0,0) (S 356,393,392) (S 983,391,385) (S 985,376,766) (S 1047,429,399) (S 365,399,400) (S 374,409,400) (S 366,400,401) (S 367,401,402) (S 375,400,410) (S 376,410,411) (S 379,410,401) (S 378,401,414) (S 732,651,414) (S 733,414,652) (S 1048,652,399) (S 364,399,378) (S 361,398,394) (D 0,0,0)
 0 1 18 8948 27964  18 (D 0,0,0) (S 418,452,427) (S 869,717,427) (S 739,427,137) (S 485,511,396) (S 360,396,397) (S 513,397,89) (S 69,87,88) (S 666,88,614) (S 665,614,156) (S 125,156,157) (S 1185,614,529) (S 511,529,155) (S 645,155,363) (S 320,363,242) (S 250,242,291) (S 249,291,154) (D 0,0,0)
 0 1 19 8870 27530  17 (D 0,0,0) (S 390,426,425) (S 1013,425,781) (S 389,425,424) (S 876,721,722) (S 978,722,424) (S 979,424,236) (S 201,236,237) (S 1014,237,781) (S 1016,781,778) (S 203,238,239) (S 204,239,240) (S 1012,239,780) (S 1011,239,779) (S 1017,779,426) (S 1019,452,446) (D 0,0,0)
 0 1 20 8953 33702  19 (D 0,0,0) (S 720,548,537) (S 526,537,224) (S 532,540,541) (S 944,753,103) (S 83,103,104) (S 943,103,49) (S 39,49,50) (S 987,767,73) (S 986,73,766) (S 1046,766,429) (S 396,429,412) (S 377,412,413) (S 397,412,430) (S 395,429,377) (S 394,377,386) (S 351,386,387) (S 362,387,398) (D 0,0,0)
 0 1 21 8815 33857  22 (D 0,0,0) (S 721,566,548) (S 528,538,295) (S 530,539,158) (S 945,541,753) (S 1211,753,841) (S 85,105,106) (S 1204,106,47) (S 1205,47,848) (S 86,106,107) (S 1200,107,845) (S 1206,849,183) (S 150,183,184) (S 151,184,185) (S 152,185,112) (S 153,112,186) (S 1065,186,805) (S 1194,113,813) (S 1076,813,810) (S 1072,810,811) (S 1212,811,755) (D 0,0,0)
 0 1 22 8926 33569  20 (D 0,0,0) (S 946,754,541) (S 533,541,542) (S 534,542,543) (S 1192,543,843) (S 1209,843,847) (S 1203,847,106) (S 87,107,108) (S 148,108,46) (S 147,46,182) (S 1074,182,806) (S 1066,806,74) (S 1073,806,767) (S 988,767,49) (S 38,49,48) (S 1190,48,105) (S 84,105,104) (S 1186,104,841) (S 1187,841,542) (D 0,0,0)
 0 1 23 8945 35942  15 (D 0,0,0) (S 535,543,544) (S 1202,544,847) (S 1208,847,845) (S 1207,845,183) (S 149,183,108) (S 88,108,109) (S 1180,109,45) (S 34,44,45) (S 35,45,46) (S 36,46,47) (S 37,47,48) (S 1191,105,843) (S 1210,843,841) (D 0,0,0)
 0 1 24 8864 40585  13 (D 0,0,0) (S 91,113,112) (S 1070,185,808) (S 1179,545,109) (S 1181,45,812) (S 1182,812,76) (S 61,76,77) (S 1075,812,182) (S 146,182,75) (S 145,181,75) (S 60,75,74) (S 59,74,73) (D 0,0,0)
 0 1 25 8923 31822  15 (D 0,0,0) (S 330,174,115) (S 1069,114,185) (S 90,112,111) (S 1151,111,808) (S 1071,808,809) (S 1178,809,545) (S 537,545,184) (S 536,184,544) (S 1201,846,544) (S 1193,543,813) (S 1077,810,754) (S 947,754,755) (S 948,755,115) (D 0,0,0)
 0 1 26 8982 35600  20 (D 0,0,0) (S 1196,805,800) (S 1150,801,111) (S 89,111,110) (S 1177,110,809) (S 1176,110,125) (S 973,763,764) (S 1174,764,834) (S 1146,833,834) (S 1147,834,765) (S 1148,765,124) (S 101,124,123) (S 100,123,122) (S 99,121,122) (S 1054,122,798) (S 1053,798,797) (S 1063,797,804) (S 1143,804,799) (S 1056,799,118) (D 0,0,0)
 0 1 27 8926 33589  25 (D 0,0,0) (S 108,132,131) (S 107,131,130) (S 207,130,244) (S 206,244,243) (S 1104,243,796) (S 1103,820,796) (S 1052,796,795) (S 1051,795,162) (S 131,162,163) (S 1061,795,802) (S 1158,802,726) (S 1157,836,726) (S 885,726,421) (S 387,421,420) (S 385,161,243) (S 937,244,129) (S 106,129,130) (S 208,130,245) (S 209,245,246) (S 235,274,275) (S 577,564,570) (S 622,277,217) (S 623,217,463) (D 0,0,0)
 0 1 28 8926 25904  10 (D 0,0,0) (S 553,557,215) (S 182,215,214) (S 193,226,227) (S 194,227,228) (S 230,227,269) (S 629,269,367) (S 327,367,226) (S 325,366,257) (D 0,0,0)
 0 1 29 8787 23783  9 (D 0,0,0) (S 326,366,226) (S 328,367,293) (S 251,293,292) (S 630,292,269) (S 229,227,256) (S 218,256,257) (S 219,257,258) (D 0,0,0)
 0 1 30 8959 36519  24 (D 0,0,0) (S 560,561,258) (S 1145,121,33) (S 25,33,32) (S 157,32,12) (S 10,12,13) (S 158,12,188) (S 828,699,188) (S 159,188,189) (S 827,189,698) (S 826,189,10) (S 7,9,10) (S 825,10,35) (S 28,35,36) (S 824,35,120) (S 831,120,34) (S 27,34,35) (S 8,10,11) (S 9,11,12) (S 829,188,11) (S 830,11,34) (S 26,33,34) (S 97,120,119) (D 0,0,0)
 0 1 31 8837 34629  9 (D 0,0,0) (S 558,560,294) (S 252,294,293) (S 140,174,175) (S 141,175,176) (S 1068,175,807) (S 1067,175,348) (S 304,348,292) (D 0,0,0)
 0 1 32 8921 30101  29 (D 0,0,0) (S 539,547,548) (S 624,297,463) (S 429,463,462) (S 566,219,211) (S 565,211,486) (S 455,486,487) (S 564,275,486) (S 454,486,274) (S 453,274,246) (S 275,246,315) (S 939,315,748) (S 938,748,129) (S 105,129,128) (S 104,128,127) (S 953,127,756) (S 950,725,751) (S 941,750,751) (S 942,751,752) (S 884,725,421) (S 883,725,126) (S 882,126,724) (S 958,757,724) (S 881,724,314) (S 273,314,159) (S 126,159,158) (S 139,173,174) (S 329,174,293) (D 0,0,0)
 0 1 33 8945 24932  22 (D 0,0,0) (S 573,567,249) (S 212,249,248) (S 211,248,247) (S 718,247,223) (S 189,223,222) (S 188,222,221) (S 187,220,221) (S 989,221,381) (S 346,381,382) (S 347,382,383) (S 544,553,383) (S 791,287,576) (S 790,576,681) (S 821,681,381) (S 820,697,381) (S 584,382,576) (S 652,287,29) (S 653,29,608) (S 655,609,561) (S 554,557,306) (D 0,0,0)
 0 1 34 8729 30966  24 (D 0,0,0) (S 561,214,561) (S 95,115,118) (S 96,118,119) (S 98,119,121) (S 1144,121,799) (S 1057,799,798) (S 1058,798,800) (S 1059,800,187) (S 155,187,123) (S 156,123,32) (S 975,32,765) (S 974,765,764) (S 1175,764,125) (S 1062,125,803) (S 102,125,124) (S 1149,124,801) (S 1060,801,187) (S 154,187,186) (S 1064,797,805) (S 1195,805,113) (S 92,113,114) (S 93,114,115) (D 0,0,0)
 0 1 35 8946 29798  23 (D 0,0,0) (S 524,536,248) (S 525,248,537) (S 719,537,247) (S 717,643,223) (S 190,223,224) (S 255,296,218) (S 184,218,217) (S 232,216,271) (S 231,270,216) (S 183,216,217) (S 186,219,212) (S 179,210,211) (S 180,211,212) (S 181,212,213) (S 436,213,470) (S 880,470,314) (S 879,470,540) (S 531,540,158) (S 138,158,173) (S 1055,173,596) (S 628,565,367) (D 0,0,0)
 0 1 36 8872 32389  24 (D 0,0,0) (S 586,364,286) (S 244,286,285) (S 822,285,681) (S 788,222,595) (S 619,595,38) (S 29,37,38) (S 618,38,135) (S 111,135,134) (S 110,134,133) (S 109,133,132) (S 200,132,235) (S 198,234,233) (S 541,551,549) (S 540,549,550) (S 542,549,233) (S 197,232,233) (S 716,642,234) (S 199,234,132) (S 992,134,38) (S 991,38,712) (S 864,712,713) (S 990,712,221) (D 0,0,0)
 0 1 37 8908 31826  28 (D 0,0,0) (S 789,681,222) (S 620,595,570) (S 621,570,277) (S 247,278,289) (S 246,288,278) (S 238,278,277) (S 237,277,276) (S 236,276,275) (S 563,275,564) (S 576,564,131) (S 575,569,131) (S 955,245,748) (S 956,748,160) (S 957,160,757) (S 952,757,127) (S 103,127,126) (S 949,725,756) (S 954,756,420) (S 386,420,161) (S 130,161,162) (S 129,161,128) (S 128,128,160) (S 127,160,159) (S 274,159,315) (S 210,246,213) (S 428,213,462) (D 0,0,0)
 0 1 38 8975 28201  17 (D 0,0,0) (S 787,595,133) (S 786,133,680) (S 1189,680,842) (S 1198,842,844) (S 1199,844,135) (S 257,135,276) (S 256,276,218) (S 185,218,219) (S 567,219,462) (S 568,462,539) (S 529,539,295) (S 527,538,224) (S 191,224,225) (S 570,225,566) (S 538,546,547) (D 0,0,0)
 0 1 39 8513 25298  18 (D 0,0,0) (S 654,609,608) (S 1170,608,577) (S 587,577,364) (S 523,364,536) (S 823,536,285) (S 243,284,285) (S 245,286,287) (S 545,287,383) (S 348,383,30) (S 24,30,31) (S 349,30,384) (S 23,30,29) (S 322,29,364) (S 588,577,567) (S 574,567,568) (S 1184,578,609) (D 0,0,0)
 0 1 40 8965 41001  17 (D 0,0,0) (S 585,286,576) (S 214,251,231) (S 261,229,254) (S 217,254,255) (S 543,552,299) (S 260,299,229) (S 195,229,230) (S 233,272,230) (S 234,230,273) (S 196,230,231) (S 215,231,252) (S 216,252,253) (S 1159,802,252) (S 1160,252,679) (S 785,679,680) (D 0,0,0)
 0 1 41 8272 16544  13 (D 0,0,0) (S 817,0,2) (S 1099,3,732) (S 889,732,731) (S 926,731,28) (S 22,28,27) (S 799,686,663) (S 753,663,664) (S 972,686,27) (S 21,27,26) (S 1018,26,783) (S 2,3,2) (D 0,0,0)
 0 1 42 8918 13790  15 (D 0,0,0) (S 1100,3,191) (S 425,192,355) (S 424,355,459) (S 423,458,459) (S 679,459,353) (S 310,353,354) (S 311,354,355) (S 321,354,193) (S 164,193,194) (S 605,585,206) (S 175,206,151) (S 174,151,205) (S 1108,205,695) (D 0,0,0)
 0 1 43 8797 18777  15 (D 0,0,0) (S 173,204,205) (S 1123,205,557) (S 1124,557,301) (S 1125,301,827) (S 262,301,300) (S 555,306,558) (S 556,558,209) (S 1132,558,826) (S 1122,826,208) (S 692,590,195) (S 693,195,622) (S 681,622,584) (S 680,584,353) (D 0,0,0)
 0 1 44 8810 21127  15 (D 0,0,0) (S 476,504,505) (S 774,505,623) (S 683,623,624) (S 1130,624,830) (S 684,624,625) (S 1129,624,829) (S 1128,829,71) (S 58,71,72) (S 1162,838,829) (S 1163,829,632) (S 601,583,504) (S 602,504,584) (S 890,621,733) (D 0,0,0)
 0 1 45 8179 14076  14 (D 0,0,0) (S 3,3,4) (S 1084,4,191) (S 613,532,585) (S 612,585,590) (S 691,590,207) (S 177,207,208) (S 1121,208,588) (S 557,559,209) (S 178,209,208) (S 176,207,206) (S 604,585,194) (S 163,193,192) (D 0,0,0)
 0 1 46 8755 17031  13 (D 0,0,0) (S 162,191,192) (S 611,590,589) (S 776,196,589) (S 610,589,588) (S 609,588,559) (S 608,559,587) (S 607,586,587) (S 976,587,300) (S 267,300,306) (S 266,306,151) (S 517,150,532) (D 0,0,0)
 0 1 47 8713 14559  17 (D 0,0,0) (S 161,191,190) (S 160,190,82) (S 846,82,654) (S 744,654,262) (S 222,262,261) (S 1131,823,831) (S 1106,823,822) (S 1105,821,822) (S 1183,822,43) (S 934,43,657) (S 747,657,656) (S 549,509,555) (S 547,190,81) (S 1107,81,695) (S 818,695,2) (D 0,0,0)
 0 1 48 8806 25067  14 (D 0,0,0) (S 819,695,696) (S 324,365,257) (S 192,226,225) (S 569,225,565) (S 627,565,596) (S 626,596,538) (S 625,538,297) (S 259,297,298) (S 258,297,296) (S 254,296,295) (S 253,295,294) (S 559,294,258) (D 0,0,0)
 0 1 49 8984 25898  15 (D 0,0,0) (S 220,258,259) (S 590,366,578) (S 589,578,567) (S 213,249,250) (S 572,249,547) (S 571,547,566) (S 722,566,644) (S 656,561,365) (S 323,365,117) (S 94,117,116) (S 977,116,300) (S 121,151,150) (S 518,150,533) (D 0,0,0)
 0 1 50 8988 13865  17 (D 0,0,0) (S 1026,3,787) (S 1167,787,816) (S 898,738,737) (S 1165,737,583) (S 1164,583,632) (S 695,632,505) (S 694,505,622) (S 682,622,623) (S 775,623,196) (S 166,196,195) (S 165,195,194) (S 603,194,584) (S 678,459,621) (S 677,620,621) (S 891,621,734) (D 0,0,0)
 0 1 51 8784 15227  24 (D 0,0,0) (S 741,63,8) (S 773,7,675) (S 298,343,342) (S 297,341,342) (S 760,342,261) (S 1097,670,656) (S 1098,656,818) (S 746,656,655) (S 868,716,655) (S 745,655,262) (S 845,654,509) (S 484,509,510) (S 483,509,5) (S 4,5,6) (S 5,6,7) (S 6,7,8) (S 740,8,555) (S 548,555,190) (S 64,82,81) (S 63,81,80) (S 614,80,532) (S 516,532,191) (D 0,0,0)
 0 1 52 8793 17956  22 (D 0,0,0) (S 498,416,519) (S 641,602,603) (S 724,603,604) (S 723,645,604) (S 686,605,628) (S 644,605,604) (S 643,604,602) (S 642,602,517) (S 496,517,518) (S 904,519,740) (S 1002,740,417) (S 384,418,419) (S 1087,451,65) (S 1088,65,816) (S 1089,816,733) (S 1090,733,734) (S 1091,734,4) (S 886,728,727) (S 936,747,727) (S 1083,728,4) (D 0,0,0)
 0 1 53 8411 16862  18 (D 0,0,0) (S 499,351,416) (S 903,740,739) (S 924,739,736) (S 923,736,313) (S 699,633,627) (S 700,627,634) (S 702,515,422) (S 388,422,423) (S 493,515,514) (S 833,514,333) (S 291,333,332) (S 290,332,331) (S 289,331,330) (S 857,329,518) (S 892,518,735) (S 1003,735,740) (D 0,0,0)
 0 1 54 8962 17994  18 (D 0,0,0) (S 381,416,327) (S 286,327,328) (S 906,328,435) (S 404,435,436) (S 855,436,703) (S 1043,55,794) (S 1102,794,819) (S 1101,794,51) (S 40,51,52) (S 844,705,167) (S 633,167,62) (S 49,61,62) (S 634,62,169) (S 135,168,169) (S 305,169,349) (S 306,349,350) (D 0,0,0)
 0 1 55 8913 20623  17 (D 0,0,0) (S 464,495,494) (S 463,494,320) (S 281,321,322) (S 314,322,358) (S 315,358,359) (S 638,574,460) (S 426,460,361) (S 78,98,97) (S 77,97,96) (S 76,96,95) (S 75,95,94) (S 851,94,592) (S 616,592,593) (S 615,592,591) (S 910,591,454) (D 0,0,0)
 0 1 56 8942 18717  24 (D 0,0,0) (S 907,435,704) (S 840,703,702) (S 1034,702,166) (S 133,166,165) (S 132,164,165) (S 832,165,700) (S 836,700,636) (S 837,636,579) (S 838,579,701) (S 1036,701,790) (S 1042,790,660) (S 751,659,660) (S 1041,660,793) (S 1039,792,793) (S 1040,793,785) (S 1023,785,784) (S 1022,784,649) (S 731,649,650) (S 1025,784,786) (S 1024,784,437) (S 405,437,436) (S 856,436,329) (D 0,0,0)
 0 1 57 8948 17529  21 (D 0,0,0) (S 288,329,330) (S 927,330,437) (S 406,437,438) (S 407,438,439) (S 704,439,635) (S 960,758,759) (S 961,758,760) (S 959,758,635) (S 705,635,636) (S 706,636,58) (S 707,58,456) (S 422,456,457) (S 421,456,455) (S 420,455,454) (S 419,454,453) (S 650,453,52) (S 843,607,705) (S 1081,705,434) (S 401,434,349) (D 0,0,0)
 0 1 58 8970 19887  21 (D 0,0,0) (S 134,167,166) (S 839,702,701) (S 1037,701,56) (S 1038,56,791) (S 45,56,57) (S 591,57,579) (S 592,579,438) (S 594,580,332) (S 595,332,516) (S 494,516,515) (S 701,515,634) (S 951,634,629) (S 688,629,630) (S 687,629,627) (S 685,627,626) (S 1045,626,581) (S 596,581,516) (S 495,516,517) (S 497,518,519) (D 0,0,0)
 0 1 59 8686 20328  19 (D 0,0,0) (S 287,328,329) (S 1035,331,580) (S 593,580,438) (S 835,700,481) (S 450,481,482) (S 834,333,481) (S 449,481,59) (S 48,59,60) (S 47,59,58) (S 46,58,57) (S 44,56,55) (S 43,55,54) (S 42,54,53) (S 41,53,52) (S 842,607,704) (S 403,435,415) (S 380,415,327) (D 0,0,0)
 0 1 60 8882 27269  24 (D 0,0,0) (S 841,704,703) (S 853,54,455) (S 74,94,93) (S 72,92,91) (S 71,90,91) (S 874,91,282) (S 242,282,283) (S 875,282,720) (S 241,282,281) (S 919,281,743) (S 240,281,280) (S 239,279,280) (S 878,280,723) (S 877,280,198) (S 167,197,198) (S 168,198,199) (S 169,199,200) (S 713,200,639) (S 1161,837,639) (S 170,200,201) (S 849,201,707) (S 963,741,606) (D 0,0,0)
 0 1 61 8889 24294  18 (D 0,0,0) (S 448,59,480) (S 995,480,770) (S 447,480,479) (S 997,479,772) (S 446,479,478) (S 996,478,771) (S 445,478,92) (S 73,92,93) (S 710,93,637) (S 940,637,749) (S 711,637,638) (S 965,638,707) (S 850,707,94) (S 852,592,455) (S 854,54,703) (S 905,328,519) (D 0,0,0)
 0 1 62 8899 26910  19 (D 0,0,0) (S 703,422,439) (S 708,456,562) (S 562,562,563) (S 709,562,93) (S 444,92,477) (S 918,477,281) (S 443,477,199) (S 442,199,79) (S 62,78,79) (S 441,79,476) (S 440,476,142) (S 115,142,143) (S 797,143,476) (S 798,476,685) (S 712,200,638) (S 964,707,741) (S 911,95,591) (D 0,0,0)
 0 1 63 8989 26186  19 (D 0,0,0) (S 437,471,472) (S 646,96,606) (S 962,606,689) (S 172,203,202) (S 914,202,145) (S 293,336,144) (S 116,144,145) (S 915,145,742) (S 117,145,146) (S 847,706,146) (S 118,146,147) (S 119,147,148) (S 120,148,149) (S 848,146,201) (S 171,201,202) (S 913,202,741) (S 912,741,95) (D 0,0,0)
 0 1 64 8923 32834  15 (D 0,0,0) (S 808,599,689) (S 806,203,503) (S 15,20,19) (S 993,768,19) (S 14,19,18) (S 296,18,340) (S 295,339,340) (S 1169,474,839) (S 439,474,475) (S 438,474,473) (S 994,19,769) (S 805,20,503) (S 810,690,691) (D 0,0,0)
 0 1 65 8963 33285  15 (D 0,0,0) (S 807,689,203) (S 804,20,485) (S 452,485,484) (S 458,484,490) (S 674,492,617) (S 888,617,730) (S 675,617,618) (S 676,618,619) (S 966,618,488) (S 967,488,710) (S 863,710,711) (S 456,488,489) (S 462,490,493) (D 0,0,0)
 0 1 66 8955 27012  14 (D 0,0,0) (S 802,688,493) (S 801,493,496) (S 800,687,496) (S 466,496,489) (S 457,489,490) (S 461,490,492) (S 672,483,22) (S 671,22,502) (S 474,502,501) (S 726,501,101) (S 727,101,575) (S 793,646,447) (D 0,0,0)
 0 1 67 8963 28573  17 (D 0,0,0) (S 16,20,21) (S 17,21,22) (S 673,483,492) (S 460,491,492) (S 451,483,484) (S 459,484,21) (S 18,22,23) (S 887,23,729) (S 19,23,24) (S 20,24,25) (S 725,24,501) (S 82,101,102) (S 81,101,100) (S 80,100,99) (S 79,99,98) (D 0,0,0)
 0 1 68 8912 29498  23 (D 0,0,0) (S 803,485,688) (S 1120,688,667) (S 756,667,442) (S 757,442,668) (S 409,442,441) (S 1171,840,441) (S 1172,441,825) (S 1173,825,464) (S 430,464,465) (S 754,465,665) (S 755,665,666) (S 752,661,662) (S 1116,662,665) (S 617,594,440) (S 1118,440,825) (S 1119,825,667) (S 475,503,502) (S 670,502,600) (S 319,362,98) (S 318,98,361) (S 317,361,360) (D 0,0,0)
 0 1 69 8874 34891  19 (D 0,0,0) (S 408,441,440) (S 1115,662,693) (S 815,693,694) (S 814,693,466) (S 813,692,466) (S 432,466,467) (S 796,467,684) (S 433,467,468) (S 715,641,468) (S 434,468,469) (S 550,469,556) (S 1112,556,641) (S 714,640,641) (S 1113,641,683) (S 794,682,683) (S 795,683,467) (S 431,466,465) (D 0,0,0)
 0 1 70 8965 38116  15 (D 0,0,0) (S 1117,440,665) (S 1114,693,683) (S 1111,556,303) (S 1109,824,308) (S 269,308,309) (S 268,307,308) (S 1110,308,303) (S 263,302,303) (S 264,303,304) (S 265,304,305) (S 435,304,469) (S 551,469,473) (S 552,473,340) (D 0,0,0)
