1759210
70
2401150
2014835
 0 1 1 8272 16544  13 (D 0,0,0) (S 817,0,2) (S 2,2,3) (S 889,732,731) (S 1018,26,783) (S 21,26,27) (S 753,663,664) (S 799,663,686) (S 972,686,27) (S 22,27,28) (S 926,28,731) (S 1099,732,3) (D 0,0,0)
 0 1 2 8972 18601  12 (D 0,0,0) (S 1100,3,191) (S 516,191,532) (S 517,532,150) (S 266,151,306) (S 555,306,558) (S 557,209,559) (S 608,559,587) (S 607,586,587) (S 976,587,300) (S 267,300,306) (D 0,0,0)
 0 1 3 8803 14928  16 (D 0,0,0) (S 162,191,192) (S 163,192,193) (S 603,194,584) (S 476,504,505) (S 774,505,623) (S 775,623,196) (S 611,589,590) (S 691,590,207) (S 176,207,206) (S 605,206,585) (S 604,585,194) (S 164,194,193) (S 321,193,354) (S 425,355,192) (D 0,0,0)
 0 1 4 8831 14954  16 (D 0,0,0) (S 175,151,206) (S 177,207,208) (S 178,208,209) (S 556,209,558) (S 1132,558,826) (S 1122,826,208) (S 1121,208,588) (S 609,559,588) (S 610,588,589) (S 776,589,196) (S 166,196,195) (S 692,195,590) (S 612,590,585) (S 613,585,532) (D 0,0,0)
 0 1 5 8835 19333  18 (D 0,0,0) (S 598,582,404) (S 370,404,405) (S 371,405,406) (S 372,406,407) (S 1126,828,407) (S 373,407,408) (S 1127,407,71) (S 58,71,72) (S 1128,71,829) (S 1129,829,624) (S 1130,624,830) (S 684,624,625) (S 683,624,623) (S 682,623,622) (S 693,622,195) (S 165,195,194) (D 0,0,0)
 0 1 6 8873 18126  15 (D 0,0,0) (S 1166,816,738) (S 897,737,67) (S 54,67,68) (S 55,68,69) (S 56,69,70) (S 1033,70,406) (S 57,70,71) (S 1162,838,829) (S 1163,829,632) (S 695,632,505) (S 694,505,622) (S 681,622,584) (S 679,353,459) (D 0,0,0)
 0 1 7 7852 13636  16 (D 0,0,0) (S 547,81,190) (S 161,190,191) (S 1084,191,4) (S 1083,4,728) (S 936,747,727) (S 886,727,728) (S 1090,734,733) (S 890,733,621) (S 1089,733,816) (S 1088,816,65) (S 51,65,64) (S 1028,64,520) (S 501,520,521) (S 792,521,677) (D 0,0,0)
 0 1 8 8786 15178  33 (D 0,0,0) (S 770,674,180) (S 771,180,268) (S 227,268,267) (S 762,267,671) (S 929,671,508) (S 930,508,343) (S 931,343,260) (S 932,260,745) (S 933,745,43) (S 1183,43,822) (S 1105,821,822) (S 1106,822,823) (S 1131,823,831) (S 934,43,657) (S 935,657,746) (S 748,657,84) (S 66,84,42) (S 33,42,43) (S 1096,745,670) (S 1095,745,85) (S 871,86,380) (S 344,380,379) (S 492,379,345) (S 300,344,265) (S 481,266,508) (S 482,508,5) (S 4,5,6) (S 761,6,671) (S 928,671,675) (S 772,675,268) (S 228,268,63) (D 0,0,0)
 0 1 9 8406 13219  24 (D 0,0,0) (S 1,0,1) (S 816,0,677) (S 500,520,351) (S 309,351,352) (S 1086,352,451) (S 416,419,450) (S 901,450,171) (S 137,171,172) (S 136,171,170) (S 895,170,449) (S 414,449,312) (S 271,312,310) (S 270,310,311) (S 272,310,313) (S 923,313,736) (S 924,736,739) (S 925,739,418) (S 384,418,419) (S 417,419,451) (S 1087,451,65) (S 1027,64,787) (S 1168,787,63) (D 0,0,0)
 0 1 10 8948 21257  22 (D 0,0,0) (S 502,522,521) (S 1031,495,788) (S 1032,788,789) (S 1082,788,814) (S 313,357,322) (S 282,322,323) (S 580,359,573) (S 579,573,572) (S 578,571,572) (S 865,572,714) (S 862,573,554) (S 861,554,139) (S 113,138,139) (S 860,709,139) (S 546,554,358) (S 314,358,322) (S 281,322,321) (S 312,321,356) (S 280,321,320) (S 662,319,443) (D 0,0,0)
 0 1 11 8609 15054  23 (D 0,0,0) (S 1154,719,832) (S 1155,832,317) (S 1156,317,835) (S 277,317,318) (S 278,318,319) (S 661,319,534) (S 413,448,447) (S 793,447,646) (S 729,646,647) (S 1007,647,612) (S 658,612,611) (S 657,610,611) (S 1000,611,774) (S 999,774,775) (S 998,773,774) (S 1008,774,612) (S 659,612,448) (S 519,534,445) (S 411,445,318) (S 870,718,719) (S 1153,719,708) (D 0,0,0)
 0 1 12 8918 29881  23 (D 0,0,0) (S 1152,522,708) (S 358,395,394) (S 357,394,393) (S 470,498,398) (S 362,398,387) (S 342,378,377) (S 394,377,386) (S 350,386,385) (S 982,391,140) (S 114,140,141) (S 981,140,152) (S 122,152,153) (S 980,152,236) (S 201,236,237) (S 1014,237,781) (S 1016,781,778) (S 203,238,239) (S 1012,239,780) (S 204,239,240) (S 1011,239,779) (S 1017,779,426) (D 0,0,0)
 0 1 13 8421 11410  11 (D 0,0,0) (S 1108,695,205) (S 173,204,205) (S 174,205,151) (S 121,151,150) (S 518,150,533) (S 614,532,80) (S 63,80,81) (S 1107,81,695) (S 818,695,2) (D 0,0,0)
 0 1 14 8108 13403  29 (D 0,0,0) (S 779,653,674) (S 144,180,179) (S 143,179,178) (S 873,507,344) (S 67,85,42) (S 32,42,41) (S 488,41,512) (S 490,375,513) (S 606,513,369) (S 332,369,370) (S 758,370,669) (S 340,370,375) (S 491,513,379) (S 343,379,368) (S 522,368,527) (S 507,527,526) (S 1141,526,761) (S 969,761,762) (S 1079,762,525) (S 477,14,506) (S 478,506,177) (S 398,178,431) (S 399,431,15) (S 13,16,17) (S 768,17,523) (S 503,523,522) (S 743,522,653) (D 0,0,0)
 0 1 15 8731 15430  24 (D 0,0,0) (S 64,81,82) (S 548,190,555) (S 160,190,82) (S 846,82,654) (S 222,262,261) (S 759,261,670) (S 1097,670,656) (S 747,656,657) (S 65,83,84) (S 749,84,373) (S 337,373,374) (S 750,373,658) (S 336,373,40) (S 31,40,41) (S 1094,512,85) (S 68,85,86) (S 223,263,264) (S 224,264,265) (S 226,266,267) (S 763,267,179) (S 764,179,672) (S 780,672,674) (D 0,0,0)
 0 1 16 8641 14257  28 (D 0,0,0) (S 504,523,524) (S 505,524,525) (S 506,525,526) (S 521,527,535) (S 968,535,761) (S 1142,761,316) (S 276,316,317) (S 279,319,320) (S 463,320,494) (S 1136,494,443) (S 410,443,444) (S 1137,443,432) (S 400,432,433) (S 283,324,325) (S 284,325,326) (S 285,326,327) (S 286,327,328) (S 287,328,329) (S 857,329,518) (S 892,518,735) (S 893,735,736) (S 894,736,449) (S 415,449,450) (S 902,450,739) (S 903,739,740) (S 499,416,351) (D 0,0,0)
 0 1 17 8915 15790  33 (D 0,0,0) (S 690,521,324) (S 689,631,324) (S 859,324,433) (S 858,433,708) (S 971,708,673) (S 767,673,524) (S 766,524,16) (S 12,16,15) (S 11,15,14) (S 1080,14,525) (S 331,368,369) (S 333,370,371) (S 867,715,372) (S 335,372,40) (S 30,40,39) (S 669,616,39) (S 1085,39,815) (S 334,372,371) (S 866,371,715) (S 1092,817,715) (S 1093,715,512) (S 489,512,375) (S 339,375,86) (S 338,86,263) (S 345,264,380) (S 872,380,344) (S 301,344,345) (S 302,345,346) (S 783,346,506) (S 782,506,431) (S 781,431,672) (D 0,0,0)
 0 1 18 8874 16213  18 (D 0,0,0) (S 383,417,418) (S 922,313,582) (S 921,582,633) (S 920,744,633) (S 698,633,405) (S 697,405,69) (S 696,69,632) (S 1164,632,583) (S 600,583,68) (S 599,68,404) (S 369,404,403) (S 663,403,613) (S 368,403,170) (S 900,171,66) (S 1167,816,787) (S 1026,787,3) (D 0,0,0)
 0 1 19 8931 13570  21 (D 0,0,0) (S 3,3,4) (S 1091,4,734) (S 891,734,621) (S 677,620,621) (S 678,621,459) (S 423,458,459) (S 424,459,355) (S 311,355,354) (S 310,354,353) (S 680,353,584) (S 602,584,504) (S 601,504,583) (S 1165,583,737) (S 898,737,738) (S 899,738,66) (S 53,66,67) (S 896,67,170) (S 52,66,65) (S 50,64,63) (D 0,0,0)
 0 1 20 8881 20258  18 (D 0,0,0) (S 648,571,472) (S 437,472,471) (S 917,691,360) (S 317,360,361) (S 426,361,460) (S 427,460,461) (S 468,461,497) (S 582,497,574) (S 637,574,601) (S 294,337,338) (S 1021,337,601) (S 1020,601,446) (S 412,446,447) (S 520,445,535) (S 1140,526,347) (S 303,347,346) (D 0,0,0)
 0 1 21 8937 16104  30 (D 0,0,0) (S 777,676,677) (S 778,677,653) (S 742,653,63) (S 741,63,8) (S 5,7,6) (S 483,5,509) (S 484,509,510) (S 845,509,654) (S 744,654,262) (S 868,716,655) (S 1098,656,818) (S 746,656,655) (S 745,655,262) (S 549,509,555) (S 740,555,8) (S 6,8,7) (S 773,7,675) (S 221,260,261) (S 760,261,342) (S 297,341,342) (S 298,342,343) (S 299,343,265) (S 225,265,266) (S 480,266,507) (S 479,507,177) (S 142,177,178) (S 765,672,16) (S 769,17,674) (D 0,0,0)
 0 1 22 7971 13817  17 (D 0,0,0) (S 308,351,326) (S 307,326,350) (S 305,349,169) (S 135,168,169) (S 634,169,62) (S 49,61,62) (S 633,62,167) (S 134,167,166) (S 1034,166,702) (S 840,702,703) (S 855,703,436) (S 404,436,435) (S 906,435,328) (S 905,328,519) (S 498,519,416) (D 0,0,0)
 0 1 23 8951 20584  24 (D 0,0,0) (S 497,519,518) (S 495,517,516) (S 596,516,581) (S 597,581,582) (S 699,633,627) (S 700,627,634) (S 702,515,422) (S 388,422,423) (S 703,422,439) (S 704,439,635) (S 959,635,758) (S 961,758,760) (S 960,758,759) (S 705,635,636) (S 836,636,700) (S 832,700,165) (S 132,164,165) (S 133,165,166) (S 839,702,701) (S 1037,701,56) (S 44,56,55) (S 907,704,435) (D 0,0,0)
 0 1 24 8819 21667  23 (D 0,0,0) (S 841,704,703) (S 854,703,54) (S 1038,56,791) (S 45,56,57) (S 46,57,58) (S 707,58,456) (S 708,456,562) (S 562,562,563) (S 709,562,93) (S 710,93,637) (S 940,637,749) (S 711,637,638) (S 850,707,94) (S 75,94,95) (S 76,95,96) (S 77,96,97) (S 647,96,472) (S 649,571,453) (S 650,453,52) (S 843,607,705) (S 402,434,415) (D 0,0,0)
 0 1 25 8935 17458  23 (D 0,0,0) (S 904,740,519) (S 496,518,517) (S 641,602,603) (S 724,603,604) (S 723,645,604) (S 686,605,628) (S 644,605,604) (S 643,604,602) (S 642,602,517) (S 494,516,515) (S 701,515,634) (S 951,634,629) (S 688,629,630) (S 687,629,627) (S 685,627,626) (S 1045,626,581) (S 1044,581,776) (S 1004,776,735) (S 1003,735,740) (S 1002,740,417) (S 382,417,416) (D 0,0,0)
 0 1 26 8968 27876  20 (D 0,0,0) (S 912,95,741) (S 913,741,202) (S 171,202,201) (S 169,200,199) (S 62,78,79) (S 798,476,685) (S 440,476,142) (S 115,142,143) (S 797,143,476) (S 441,476,79) (S 442,79,199) (S 241,281,282) (S 242,282,283) (S 875,282,720) (S 874,282,91) (S 71,90,91) (S 72,91,92) (S 74,93,94) (D 0,0,0)
 0 1 27 8981 19546  16 (D 0,0,0) (S 908,704,53) (S 909,53,454) (S 910,454,591) (S 615,591,592) (S 616,592,593) (S 852,592,455) (S 421,455,456) (S 422,456,457) (S 706,58,636) (S 407,439,438) (S 406,438,437) (S 405,437,436) (S 403,435,415) (S 380,415,327) (D 0,0,0)
 0 1 28 8032 18825  24 (D 0,0,0) (S 856,329,436) (S 594,580,332) (S 595,332,516) (S 1035,331,580) (S 593,580,438) (S 592,438,579) (S 591,579,57) (S 837,636,579) (S 838,579,701) (S 1036,701,790) (S 1042,790,660) (S 751,659,660) (S 1041,660,793) (S 1039,792,793) (S 1040,793,785) (S 1023,785,784) (S 1025,784,786) (S 731,649,650) (S 1022,649,784) (S 1024,784,437) (S 927,437,330) (S 381,327,416) (D 0,0,0)
 0 1 29 8931 19941  19 (D 0,0,0) (S 465,495,350) (S 844,167,705) (S 651,607,52) (S 41,52,53) (S 42,53,54) (S 43,54,55) (S 1043,55,794) (S 1102,794,819) (S 1101,794,51) (S 40,51,52) (S 419,453,454) (S 420,454,455) (S 853,455,54) (S 842,704,607) (S 1081,705,434) (S 401,434,349) (S 306,349,350) (D 0,0,0)
 0 1 30 8947 21329  15 (D 0,0,0) (S 1135,494,814) (S 1133,357,335) (S 916,690,97) (S 78,97,98) (S 319,98,362) (S 807,689,203) (S 172,203,202) (S 963,741,606) (S 962,606,689) (S 808,689,599) (S 809,599,690) (S 812,471,334) (S 292,334,335) (D 0,0,0)
 0 1 31 8935 22886  18 (D 0,0,0) (S 1134,814,357) (S 811,471,691) (S 635,599,362) (S 636,362,600) (S 474,502,501) (S 726,501,101) (S 82,101,102) (S 81,101,100) (S 467,100,461) (S 583,497,575) (S 727,575,101) (S 80,100,99) (S 639,99,460) (S 638,460,574) (S 581,574,359) (S 315,359,358) (D 0,0,0)
 0 1 32 8851 24031  17 (D 0,0,0) (S 970,673,762) (S 1078,762,718) (S 1139,718,832) (S 660,534,448) (S 1001,611,647) (S 730,647,648) (S 728,646,575) (S 725,501,24) (S 20,24,25) (S 19,24,23) (S 887,23,729) (S 18,23,22) (S 671,22,502) (S 670,502,600) (S 810,690,691) (D 0,0,0)
 0 1 33 8883 19385  13 (D 0,0,0) (S 288,329,330) (S 289,330,331) (S 290,331,332) (S 291,332,333) (S 450,481,482) (S 835,481,700) (S 48,59,60) (S 449,59,481) (S 834,481,333) (S 833,333,514) (S 493,514,515) (D 0,0,0)
 0 1 34 8830 27062  22 (D 0,0,0) (S 851,592,94) (S 965,707,638) (S 712,638,200) (S 713,200,639) (S 1161,837,639) (S 170,200,201) (S 848,201,146) (S 120,148,149) (S 119,148,147) (S 118,147,146) (S 847,706,146) (S 117,146,145) (S 116,145,144) (S 293,336,144) (S 915,145,742) (S 914,145,202) (S 849,201,707) (S 964,707,741) (S 911,95,591) (S 1029,325,520) (D 0,0,0)
 0 1 35 8976 32595  23 (D 0,0,0) (S 646,96,606) (S 803,485,688) (S 1120,688,667) (S 1116,665,662) (S 795,683,467) (S 813,692,466) (S 431,466,465) (S 754,465,665) (S 755,665,666) (S 617,594,440) (S 408,440,441) (S 1171,840,441) (S 409,441,442) (S 757,442,668) (S 756,442,667) (S 802,688,493) (S 801,496,493) (S 462,493,490) (S 452,484,485) (S 804,485,20) (S 806,503,203) (D 0,0,0)
 0 1 36 8959 26695  21 (D 0,0,0) (S 73,93,92) (S 443,477,199) (S 168,199,198) (S 167,197,198) (S 877,198,280) (S 878,280,723) (S 239,279,280) (S 240,280,281) (S 919,281,743) (S 918,281,477) (S 444,477,92) (S 445,92,478) (S 996,478,771) (S 446,478,479) (S 997,479,772) (S 447,479,480) (S 995,480,770) (S 448,480,59) (S 47,59,58) (D 0,0,0)
 0 1 37 8988 28928  18 (D 0,0,0) (S 1030,325,495) (S 464,495,494) (S 316,359,360) (S 318,361,98) (S 79,98,99) (S 672,22,483) (S 673,483,492) (S 460,491,492) (S 674,492,617) (S 888,617,730) (S 675,617,618) (S 676,618,619) (S 966,618,488) (S 461,490,492) (S 451,483,484) (S 17,21,22) (D 0,0,0)
 0 1 38 8928 36042  19 (D 0,0,0) (S 805,503,20) (S 993,768,19) (S 994,19,769) (S 296,18,340) (S 295,339,340) (S 439,474,475) (S 1169,474,839) (S 438,474,473) (S 434,469,468) (S 715,641,468) (S 433,468,467) (S 796,467,684) (S 432,467,466) (S 814,466,693) (S 1115,693,662) (S 1118,440,825) (S 1119,825,667) (D 0,0,0)
 0 1 39 8899 38629  14 (D 0,0,0) (S 1173,825,464) (S 430,464,465) (S 1111,556,303) (S 1110,303,308) (S 1109,824,308) (S 268,307,308) (S 269,308,309) (S 263,302,303) (S 264,303,304) (S 265,304,305) (S 435,304,469) (S 552,473,340) (D 0,0,0)
 0 1 40 8983 32266  15 (D 0,0,0) (S 1172,825,441) (S 1117,440,665) (S 752,661,662) (S 815,693,694) (S 1114,693,683) (S 794,682,683) (S 1113,683,641) (S 714,640,641) (S 1112,641,556) (S 550,556,469) (S 551,469,473) (S 14,18,19) (S 15,19,20) (D 0,0,0)
 0 1 41 8970 32432  13 (D 0,0,0) (S 640,99,600) (S 475,502,503) (S 16,20,21) (S 459,21,484) (S 458,484,490) (S 457,490,489) (S 863,710,711) (S 967,710,488) (S 456,488,489) (S 466,489,496) (S 800,687,496) (D 0,0,0)
 0 1 42 8874 27387  13 (D 0,0,0) (S 1019,446,452) (S 418,452,427) (S 739,427,137) (S 112,136,137) (S 123,154,155) (S 645,155,363) (S 205,242,241) (S 508,241,528) (S 784,528,678) (S 509,241,291) (S 249,291,154) (D 0,0,0)
 0 1 43 8711 28712  17 (D 0,0,0) (S 485,511,396) (S 486,396,500) (S 473,500,89) (S 70,89,88) (S 69,87,88) (S 666,88,614) (S 1185,614,529) (S 511,529,155) (S 510,155,291) (S 250,291,242) (S 320,242,363) (S 664,363,156) (S 125,156,157) (S 124,156,155) (S 248,154,290) (D 0,0,0)
 0 1 44 8992 40411  12 (D 0,0,0) (S 1138,832,432) (S 363,387,378) (S 987,73,767) (S 1075,182,812) (S 61,76,77) (S 1182,76,812) (S 1181,812,45) (S 88,109,108) (S 149,108,183) (S 1208,845,847) (D 0,0,0)
 0 1 45 8720 33636  19 (D 0,0,0) (S 471,398,499) (S 472,499,500) (S 487,500,389) (S 353,389,388) (S 1048,652,399) (S 365,399,400) (S 374,409,400) (S 366,400,401) (S 367,401,402) (S 375,400,410) (S 376,410,411) (S 379,410,401) (S 378,401,414) (S 732,651,414) (S 733,414,652) (S 734,652,388) (S 735,388,499) (D 0,0,0)
 0 1 46 8919 32430  22 (D 0,0,0) (S 736,395,499) (S 352,388,387) (S 351,387,386) (S 393,386,428) (S 392,428,392) (S 1005,777,393) (S 356,393,392) (S 355,392,391) (S 983,391,385) (S 984,385,376) (S 341,376,377) (S 395,377,429) (S 1049,652,390) (S 354,389,390) (S 1050,390,530) (S 515,530,531) (S 631,530,597) (S 632,597,598) (S 667,597,88) (S 665,614,156) (D 0,0,0)
 0 1 47 8061 27626  14 (D 0,0,0) (S 869,717,427) (S 391,427,426) (S 1010,779,778) (S 1009,778,238) (S 202,238,237) (S 1015,237,782) (S 979,236,424) (S 876,721,722) (S 978,722,424) (S 389,424,425) (S 1013,425,781) (S 390,425,426) (D 0,0,0)
 0 1 48 8980 27972  18 (D 0,0,0) (S 738,137,290) (S 737,290,395) (S 359,395,396) (S 360,396,397) (S 512,529,397) (S 513,397,89) (S 514,89,530) (S 668,597,615) (S 1188,615,842) (S 1189,842,680) (S 1197,615,844) (S 1199,844,135) (S 618,135,38) (S 29,37,38) (S 189,222,223) (S 719,247,537) (D 0,0,0)
 0 1 49 8911 35593  18 (D 0,0,0) (S 1006,393,498) (S 469,498,428) (S 985,376,766) (S 1066,74,806) (S 146,182,75) (S 145,181,75) (S 60,75,74) (S 59,74,73) (S 986,73,766) (S 1046,766,429) (S 396,429,412) (S 397,412,430) (S 377,412,413) (S 1047,429,399) (S 364,399,378) (S 361,398,394) (D 0,0,0)
 0 1 50 8962 23795  17 (D 0,0,0) (S 1123,205,557) (S 656,561,365) (S 324,365,257) (S 325,257,366) (S 590,366,578) (S 588,567,577) (S 322,364,29) (S 652,29,287) (S 545,287,383) (S 544,553,383) (S 348,383,30) (S 24,30,31) (S 349,30,384) (S 23,30,29) (S 653,29,608) (D 0,0,0)
 0 1 51 8777 26575  20 (D 0,0,0) (S 1170,608,577) (S 587,577,364) (S 586,364,286) (S 584,576,382) (S 820,697,381) (S 989,381,221) (S 991,712,38) (S 992,38,134) (S 111,134,135) (S 257,135,276) (S 236,276,275) (S 564,275,486) (S 455,486,487) (S 179,210,211) (S 180,211,212) (S 428,213,462) (S 568,462,539) (S 253,295,294) (D 0,0,0)
 0 1 52 8918 22801  13 (D 0,0,0) (S 1124,557,301) (S 1125,301,827) (S 262,301,300) (S 977,300,116) (S 94,116,117) (S 323,117,365) (S 219,257,258) (S 220,258,259) (S 561,561,214) (S 553,215,557) (S 554,557,306) (D 0,0,0)
 0 1 53 8910 28200  18 (D 0,0,0) (S 182,215,214) (S 655,561,609) (S 589,578,567) (S 574,567,568) (S 573,567,249) (S 538,546,547) (S 571,547,566) (S 722,566,644) (S 721,566,548) (S 720,548,537) (S 191,224,225) (S 192,225,226) (S 327,226,367) (S 328,367,293) (S 558,560,294) (S 560,258,561) (D 0,0,0)
 0 1 54 8920 25195  8 (D 0,0,0) (S 559,258,294) (S 251,293,292) (S 630,292,269) (S 629,269,367) (S 628,367,565) (S 213,249,250) (D 0,0,0)
 0 1 55 8989 32574  23 (D 0,0,0) (S 1184,609,578) (S 570,566,225) (S 1055,596,173) (S 139,173,174) (S 138,173,158) (S 879,540,470) (S 881,314,724) (S 958,724,757) (S 952,757,127) (S 103,127,126) (S 884,725,421) (S 387,421,420) (S 386,420,161) (S 107,130,131) (S 575,569,131) (S 108,131,132) (S 200,132,235) (S 109,132,133) (S 110,133,134) (S 864,712,713) (S 990,712,221) (D 0,0,0)
 0 1 56 8954 39710  15 (D 0,0,0) (S 786,133,680) (S 785,680,679) (S 215,252,231) (S 196,231,230) (S 234,230,273) (S 233,272,230) (S 543,552,299) (S 260,299,229) (S 217,254,255) (S 261,254,229) (S 195,229,230) (S 214,251,231) (S 245,286,287) (D 0,0,0)
 0 1 57 8838 24401  7 (D 0,0,0) (S 326,366,226) (S 193,226,227) (S 194,227,228) (S 229,227,256) (S 218,256,257) (D 0,0,0)
 0 1 58 8795 31071  10 (D 0,0,0) (S 230,227,269) (S 304,292,348) (S 1067,348,175) (S 141,175,176) (S 1068,175,807) (S 140,175,174) (S 329,174,293) (S 252,293,294) (D 0,0,0)
 0 1 59 8988 37622  26 (D 0,0,0) (S 1196,805,800) (S 1053,797,798) (S 1054,798,122) (S 99,122,121) (S 98,121,119) (S 97,119,120) (S 27,34,35) (S 826,10,189) (S 827,189,698) (S 159,189,188) (S 10,12,13) (S 9,12,11) (S 8,11,10) (S 7,9,10) (S 825,10,35) (S 28,35,36) (S 824,35,120) (S 831,120,34) (S 26,34,33) (S 100,122,123) (S 155,123,187) (S 154,187,186) (S 153,186,112) (S 91,112,113) (D 0,0,0)
 0 1 60 8991 36828  19 (D 0,0,0) (S 96,118,119) (S 830,34,11) (S 829,11,188) (S 828,699,188) (S 158,188,12) (S 157,12,32) (S 974,765,764) (S 973,763,764) (S 1176,125,110) (S 90,111,112) (S 152,112,185) (S 151,184,185) (S 1070,185,808) (S 1151,808,111) (S 1194,113,813) (S 1077,810,754) (S 948,755,115) (D 0,0,0)
 0 1 61 8970 33460  20 (D 0,0,0) (S 95,115,118) (S 1056,118,799) (S 1144,799,121) (S 1145,121,33) (S 25,33,32) (S 1147,765,834) (S 1146,833,834) (S 1174,834,764) (S 1175,764,125) (S 1062,125,803) (S 102,125,124) (S 1148,124,765) (S 975,765,32) (S 156,32,123) (S 101,123,124) (S 1149,124,801) (S 1065,186,805) (S 92,113,114) (D 0,0,0)
 0 1 62 8906 32444  20 (D 0,0,0) (S 330,174,115) (S 93,115,114) (S 1195,113,805) (S 1064,805,797) (S 1063,797,804) (S 1143,804,799) (S 1057,799,798) (S 1058,798,800) (S 1059,800,187) (S 1060,187,801) (S 1150,801,111) (S 89,111,110) (S 1177,110,809) (S 537,545,184) (S 536,184,544) (S 1209,847,843) (S 1210,843,841) (S 1211,841,753) (D 0,0,0)
 0 1 63 8928 35315  13 (D 0,0,0) (S 84,104,105) (S 85,105,106) (S 87,107,108) (S 148,108,46) (S 35,46,45) (S 34,44,45) (S 1180,45,109) (S 1179,109,545) (S 1178,545,809) (S 1071,809,808) (S 1069,185,114) (D 0,0,0)
 0 1 64 8939 31706  26 (D 0,0,0) (S 524,536,248) (S 211,248,247) (S 718,247,223) (S 717,643,223) (S 190,223,224) (S 528,538,295) (S 255,296,218) (S 185,218,219) (S 186,219,212) (S 181,212,213) (S 210,213,246) (S 275,315,246) (S 955,245,748) (S 956,748,160) (S 957,160,757) (S 882,724,126) (S 883,126,725) (S 885,421,726) (S 1157,836,726) (S 1158,726,802) (S 1160,252,679) (S 1198,842,844) (S 619,38,595) (S 791,576,287) (D 0,0,0)
 0 1 65 8915 30499  28 (D 0,0,0) (S 572,249,547) (S 527,224,538) (S 625,538,297) (S 623,463,217) (S 231,270,216) (S 232,216,271) (S 183,216,217) (S 184,217,218) (S 256,218,276) (S 237,276,277) (S 247,278,289) (S 246,288,278) (S 238,278,277) (S 621,277,570) (S 577,570,564) (S 563,564,275) (S 454,274,486) (S 565,486,211) (S 566,211,219) (S 567,219,462) (S 429,462,463) (S 624,463,297) (S 259,297,298) (S 258,297,296) (S 254,296,295) (S 212,248,249) (D 0,0,0)
 0 1 66 8884 33062  23 (D 0,0,0) (S 347,383,382) (S 346,382,381) (S 821,381,681) (S 822,681,285) (S 243,284,285) (S 244,285,286) (S 585,286,576) (S 790,576,681) (S 788,222,595) (S 620,595,570) (S 576,564,131) (S 716,642,234) (S 198,234,233) (S 197,232,233) (S 541,551,549) (S 540,549,550) (S 542,549,233) (S 199,234,132) (S 787,133,595) (S 187,220,221) (S 188,221,222) (D 0,0,0)
 0 1 67 8921 32585  22 (D 0,0,0) (S 526,537,224) (S 529,295,539) (S 531,158,540) (S 532,540,541) (S 533,541,542) (S 534,542,543) (S 1187,542,841) (S 1186,841,104) (S 83,104,103) (S 943,103,49) (S 39,49,50) (S 38,49,48) (S 1205,47,848) (S 36,47,46) (S 147,46,182) (S 1074,182,806) (S 1073,806,767) (S 988,767,49) (S 944,103,753) (S 945,753,541) (D 0,0,0)
 0 1 68 8912 34479  22 (D 0,0,0) (S 1212,755,811) (S 1072,811,810) (S 1076,810,813) (S 1193,813,543) (S 1192,543,843) (S 1191,843,105) (S 1190,105,48) (S 37,48,47) (S 1204,47,106) (S 1203,106,847) (S 1202,847,544) (S 1201,846,544) (S 150,184,183) (S 1206,849,183) (S 1207,183,845) (S 1200,845,107) (S 86,107,106) (S 535,544,543) (S 946,541,754) (S 947,754,755) (D 0,0,0)
 0 1 69 8978 32776  26 (D 0,0,0) (S 539,547,548) (S 436,213,470) (S 880,470,314) (S 273,314,159) (S 274,159,315) (S 939,315,748) (S 938,748,129) (S 106,129,130) (S 937,244,129) (S 105,129,128) (S 129,128,161) (S 130,161,162) (S 131,162,163) (S 1051,162,795) (S 1103,820,796) (S 1104,796,243) (S 206,243,244) (S 207,244,130) (S 208,130,245) (S 209,245,246) (S 453,246,274) (S 235,274,275) (S 622,277,217) (S 525,537,248) (D 0,0,0)
 0 1 70 8933 31205  26 (D 0,0,0) (S 819,695,696) (S 569,225,565) (S 627,565,596) (S 626,596,538) (S 530,539,158) (S 126,158,159) (S 127,159,160) (S 128,160,128) (S 104,128,127) (S 953,127,756) (S 942,751,752) (S 941,750,751) (S 950,751,725) (S 949,725,756) (S 954,756,420) (S 385,161,243) (S 1052,796,795) (S 1061,795,802) (S 1159,802,252) (S 216,252,253) (S 789,222,681) (S 823,285,536) (S 523,536,364) (S 654,608,609) (D 0,0,0)
