1764049
70
1825578
1740750
 0 1 1 8874 30979  19 (D 0,0,0) (S 1011,779,239) (S 1012,239,780) (S 204,239,240) (S 203,239,238) (S 1015,237,782) (S 980,236,152) (S 122,152,153) (S 981,152,140) (S 114,140,141) (S 982,140,391) (S 350,385,386) (S 351,386,387) (S 352,387,388) (S 487,389,500) (S 486,500,396) (S 485,511,396) (S 359,396,395) (D 0,0,0)
 0 1 2 8952 32018  25 (D 0,0,0) (S 526,537,224) (S 184,217,218) (S 185,218,219) (S 566,219,211) (S 179,210,211) (S 564,486,275) (S 563,275,564) (S 576,564,131) (S 108,131,132) (S 200,132,235) (S 199,132,234) (S 716,642,234) (S 198,234,233) (S 540,549,550) (S 541,551,549) (S 542,549,233) (S 197,232,233) (S 109,132,133) (S 787,133,595) (S 789,222,681) (S 823,285,536) (S 523,536,364) (S 322,364,29) (D 0,0,0)
 0 1 3 8926 40388  16 (D 0,0,0) (S 214,251,231) (S 234,230,273) (S 543,552,299) (S 260,299,229) (S 217,254,255) (S 261,254,229) (S 195,229,230) (S 233,272,230) (S 196,230,231) (S 215,231,252) (S 1160,252,679) (S 785,679,680) (S 1188,842,615) (S 1197,615,844) (D 0,0,0)
 0 1 4 8089 12087  18 (D 0,0,0) (S 1026,3,787) (S 1167,787,816) (S 52,65,66) (S 53,66,67) (S 137,171,172) (S 900,171,66) (S 899,66,738) (S 1166,738,816) (S 1088,816,65) (S 51,65,64) (S 1027,64,787) (S 1168,787,63) (S 50,63,64) (S 1028,64,520) (S 502,521,522) (S 743,522,653) (D 0,0,0)
 0 1 5 8909 33321  19 (D 0,0,0) (S 328,367,293) (S 329,293,174) (S 948,115,755) (S 1212,755,811) (S 1072,811,810) (S 1193,813,543) (S 535,543,544) (S 1208,847,845) (S 1207,845,183) (S 1206,849,183) (S 150,183,184) (S 537,184,545) (S 1178,545,809) (S 1176,110,125) (S 101,124,123) (S 100,123,122) (S 1057,798,799) (D 0,0,0)
 0 1 6 8656 21029  19 (D 0,0,0) (S 496,518,517) (S 642,517,602) (S 643,602,604) (S 644,604,605) (S 686,605,628) (S 723,645,604) (S 724,604,603) (S 641,603,602) (S 495,517,516) (S 596,516,581) (S 687,627,629) (S 688,629,630) (S 951,629,634) (S 700,634,627) (S 920,744,633) (S 921,633,582) (S 923,313,736) (D 0,0,0)
 0 1 7 8998 20658  17 (D 0,0,0) (S 402,415,434) (S 650,52,453) (S 419,453,454) (S 910,454,591) (S 911,591,95) (S 912,95,741) (S 172,202,203) (S 807,203,689) (S 809,599,690) (S 810,690,691) (S 916,690,97) (S 647,96,472) (S 437,472,471) (S 1133,335,357) (S 464,494,495) (D 0,0,0)
 0 1 8 8987 33028  18 (D 0,0,0) (S 355,392,391) (S 983,391,385) (S 984,385,376) (S 985,376,766) (S 986,766,73) (S 987,73,767) (S 1073,767,806) (S 1074,806,182) (S 145,181,75) (S 147,182,46) (S 148,46,108) (S 87,108,107) (S 1203,106,847) (S 1210,843,841) (S 1211,841,753) (S 945,753,541) (D 0,0,0)
 0 1 9 8989 37396  16 (D 0,0,0) (S 151,185,184) (S 536,184,544) (S 1201,846,544) (S 1202,544,847) (S 1200,845,107) (S 86,107,106) (S 36,47,46) (S 35,46,45) (S 34,44,45) (S 1180,45,109) (S 1179,109,545) (S 1070,808,185) (S 152,185,112) (S 92,113,114) (D 0,0,0)
 0 1 10 8619 21408  22 (D 0,0,0) (S 319,98,362) (S 635,362,599) (S 808,599,689) (S 962,689,606) (S 963,606,741) (S 646,606,96) (S 648,472,571) (S 649,571,453) (S 578,571,572) (S 865,572,714) (S 579,572,573) (S 580,573,359) (S 315,359,358) (S 313,322,357) (S 1135,814,494) (S 1136,494,443) (S 1139,832,718) (S 1078,718,762) (S 766,524,16) (S 765,16,672) (D 0,0,0)
 0 1 11 8942 27253  16 (D 0,0,0) (S 278,318,319) (S 1019,446,452) (S 739,427,137) (S 249,154,291) (S 509,291,241) (S 784,528,678) (S 508,528,241) (S 205,241,242) (S 664,363,156) (S 125,156,157) (S 124,156,155) (S 123,155,154) (S 248,154,290) (S 869,717,427) (D 0,0,0)
 0 1 12 8654 15072  21 (D 0,0,0) (S 1029,520,325) (S 285,326,327) (S 286,327,328) (S 906,328,435) (S 404,435,436) (S 405,436,437) (S 1041,793,660) (S 751,659,660) (S 839,701,702) (S 1034,702,166) (S 134,166,167) (S 633,167,62) (S 49,61,62) (S 634,62,169) (S 135,168,169) (S 305,169,349) (S 306,349,350) (S 307,350,326) (S 284,326,325) (D 0,0,0)
 0 1 13 8170 12884  22 (D 0,0,0) (S 777,676,677) (S 779,653,674) (S 768,17,523) (S 971,673,708) (S 858,708,433) (S 400,433,432) (S 1138,432,832) (S 1154,832,719) (S 870,719,718) (S 1079,762,525) (S 1080,525,14) (S 477,14,506) (S 478,506,177) (S 479,177,507) (S 480,507,266) (S 481,266,508) (S 482,508,5) (S 4,5,6) (S 773,675,7) (S 741,8,63) (D 0,0,0)
 0 1 14 8846 25670  24 (D 0,0,0) (S 287,328,329) (S 1035,331,580) (S 593,580,438) (S 407,438,439) (S 706,636,58) (S 422,456,457) (S 708,456,562) (S 562,562,563) (S 709,562,93) (S 710,93,637) (S 940,637,749) (S 711,637,638) (S 712,638,200) (S 965,638,707) (S 120,148,149) (S 119,148,147) (S 118,147,146) (S 847,706,146) (S 915,145,742) (S 914,145,202) (S 913,202,741) (S 964,741,707) (D 0,0,0)
 0 1 15 8773 14202  25 (D 0,0,0) (S 1091,4,734) (S 1090,734,733) (S 1089,733,816) (S 898,738,737) (S 54,67,68) (S 370,404,405) (S 698,405,633) (S 699,633,627) (S 685,627,626) (S 1045,626,581) (S 597,581,582) (S 922,582,313) (S 272,313,310) (S 270,310,311) (S 271,310,312) (S 414,312,449) (S 895,449,170) (S 136,170,171) (S 901,171,450) (S 902,450,739) (S 925,739,418) (S 382,417,416) (S 499,416,351) (D 0,0,0)
 0 1 16 8907 30487  21 (D 0,0,0) (S 505,524,525) (S 521,527,535) (S 520,535,445) (S 357,394,393) (S 1005,777,393) (S 1006,393,498) (S 469,498,428) (S 393,428,386) (S 394,386,377) (S 395,377,429) (S 397,412,430) (S 377,412,413) (S 396,412,429) (S 1047,429,399) (S 1048,399,652) (S 1049,652,390) (S 354,390,389) (S 353,389,388) (S 736,499,395) (D 0,0,0)
 0 1 17 8661 25809  20 (D 0,0,0) (S 23,29,30) (S 24,30,31) (S 349,30,384) (S 348,30,383) (S 544,553,383) (S 545,383,287) (S 245,287,286) (S 585,286,576) (S 584,576,382) (S 820,697,381) (S 821,381,681) (S 822,681,285) (S 243,284,285) (S 244,285,286) (S 586,286,364) (S 587,364,577) (S 1170,577,608) (S 655,609,561) (D 0,0,0)
 0 1 18 8671 19932  16 (D 0,0,0) (S 383,417,418) (S 894,736,449) (S 368,170,403) (S 663,403,613) (S 369,403,404) (S 599,404,68) (S 55,68,69) (S 56,69,70) (S 57,70,71) (S 58,71,72) (S 1162,838,829) (S 1163,829,632) (S 695,632,505) (S 694,505,622) (D 0,0,0)
 0 1 19 8836 33762  23 (D 0,0,0) (S 273,314,159) (S 127,159,160) (S 957,160,757) (S 882,724,126) (S 103,126,127) (S 953,127,756) (S 954,756,420) (S 387,420,421) (S 885,421,726) (S 1157,836,726) (S 1158,726,802) (S 1159,802,252) (S 216,252,253) (S 1061,802,795) (S 1052,795,796) (S 1103,820,796) (S 1104,796,243) (S 428,213,462) (S 429,462,463) (S 624,463,297) (S 258,297,296) (D 0,0,0)
 0 1 20 8842 33461  30 (D 0,0,0) (S 254,295,296) (S 255,296,218) (S 256,218,276) (S 237,276,277) (S 621,277,570) (S 577,570,564) (S 575,569,131) (S 107,131,130) (S 106,130,129) (S 937,129,244) (S 206,244,243) (S 1051,795,162) (S 131,162,163) (S 130,162,161) (S 385,161,243) (S 207,244,130) (S 208,130,245) (S 209,245,246) (S 210,246,213) (S 181,213,212) (S 180,212,211) (S 565,211,486) (S 455,486,487) (S 454,486,274) (S 238,277,278) (S 246,288,278) (S 247,278,289) (S 622,277,217) (D 0,0,0)
 0 1 21 8782 18798  11 (D 0,0,0) (S 163,192,193) (S 604,194,585) (S 1121,208,588) (S 609,588,559) (S 608,559,587) (S 607,586,587) (S 976,587,300) (S 121,151,150) (S 518,150,533) (D 0,0,0)
 0 1 22 8828 14933  26 (D 0,0,0) (S 614,532,80) (S 63,80,81) (S 64,81,82) (S 846,82,654) (S 744,654,262) (S 868,716,655) (S 746,655,656) (S 1098,656,818) (S 747,656,657) (S 935,657,746) (S 748,657,84) (S 65,83,84) (S 66,84,42) (S 32,42,41) (S 1093,715,512) (S 489,512,375) (S 490,375,513) (S 606,513,369) (S 343,368,379) (S 491,513,379) (S 492,379,345) (S 302,345,346) (S 783,346,506) (S 782,506,431) (D 0,0,0)
 0 1 23 8816 20210  15 (D 0,0,0) (S 842,704,607) (S 40,52,51) (S 1101,51,794) (S 1102,794,819) (S 1043,794,55) (S 853,54,455) (S 421,455,456) (S 707,456,58) (S 46,58,57) (S 45,57,56) (S 838,701,579) (S 592,579,438) (S 406,438,437) (D 0,0,0)
 0 1 24 8988 33348  22 (D 0,0,0) (S 569,225,565) (S 627,565,596) (S 1055,596,173) (S 138,173,158) (S 531,158,540) (S 946,541,754) (S 1077,754,810) (S 1076,810,813) (S 1192,543,843) (S 1209,847,843) (S 1191,843,105) (S 1190,105,48) (S 39,49,50) (S 988,49,767) (S 1066,806,74) (S 59,74,73) (S 1046,766,429) (S 362,387,398) (S 738,290,137) (S 660,448,534) (D 0,0,0)
 0 1 25 8996 18102  22 (D 0,0,0) (S 503,522,523) (S 504,523,524) (S 767,524,673) (S 970,673,762) (S 969,762,761) (S 1142,761,316) (S 276,316,317) (S 280,320,321) (S 312,321,356) (S 281,321,322) (S 314,322,358) (S 546,358,554) (S 861,554,139) (S 113,138,139) (S 860,709,139) (S 862,554,573) (S 1082,814,788) (S 1032,788,789) (S 1031,788,495) (S 1030,495,325) (D 0,0,0)
 0 1 26 8994 28018  21 (D 0,0,0) (S 1184,609,578) (S 589,578,567) (S 574,567,568) (S 212,249,248) (S 211,248,247) (S 717,643,223) (S 190,223,224) (S 527,224,538) (S 625,538,297) (S 259,297,298) (S 623,463,217) (S 231,270,216) (S 232,216,271) (S 183,216,217) (S 620,570,595) (S 788,595,222) (S 790,681,576) (S 791,576,287) (S 653,29,608) (D 0,0,0)
 0 1 27 8992 33781  18 (D 0,0,0) (S 559,258,294) (S 558,560,294) (S 95,115,118) (S 28,35,36) (S 27,35,34) (S 830,34,11) (S 7,9,10) (S 825,10,35) (S 824,35,120) (S 97,120,119) (S 98,119,121) (S 99,121,122) (S 1054,122,798) (S 1053,798,797) (S 1194,113,813) (S 947,754,755) (D 0,0,0)
 0 1 28 8838 24401  7 (D 0,0,0) (S 326,366,226) (S 193,226,227) (S 194,227,228) (S 229,227,256) (S 218,256,257) (D 0,0,0)
 0 1 29 8959 32602  14 (D 0,0,0) (S 456,489,488) (S 863,710,711) (S 967,710,488) (S 966,488,618) (S 676,618,619) (S 675,618,617) (S 888,617,730) (S 674,617,492) (S 671,22,502) (S 640,600,99) (S 79,99,98) (S 317,361,360) (D 0,0,0)
 0 1 30 8999 33832  21 (D 0,0,0) (S 356,393,392) (S 392,392,428) (S 470,498,398) (S 363,387,378) (S 342,378,377) (S 341,376,377) (S 364,378,399) (S 365,399,400) (S 374,409,400) (S 366,400,401) (S 367,401,402) (S 379,401,410) (S 376,410,411) (S 375,410,400) (S 378,401,414) (S 732,651,414) (S 733,414,652) (S 734,652,388) (S 735,388,499) (D 0,0,0)
 0 1 31 9000 29118  22 (D 0,0,0) (S 841,704,703) (S 850,94,707) (S 171,201,202) (S 116,145,144) (S 293,336,144) (S 117,145,146) (S 848,146,201) (S 170,201,200) (S 1161,837,639) (S 713,639,200) (S 169,200,199) (S 443,199,477) (S 919,281,743) (S 241,281,282) (S 242,282,283) (S 875,282,720) (S 874,282,91) (S 71,90,91) (S 72,91,92) (S 851,94,592) (D 0,0,0)
 0 1 32 8949 34640  21 (D 0,0,0) (S 571,547,566) (S 139,173,174) (S 91,113,112) (S 153,112,186) (S 154,186,187) (S 155,187,123) (S 156,123,32) (S 157,32,12) (S 158,12,188) (S 828,699,188) (S 159,188,189) (S 827,189,698) (S 826,189,10) (S 8,10,11) (S 9,11,12) (S 829,188,11) (S 1145,33,121) (S 1144,121,799) (S 1056,799,118) (D 0,0,0)
 0 1 33 8991 27508  23 (D 0,0,0) (S 854,703,54) (S 849,707,201) (S 442,199,79) (S 62,78,79) (S 441,79,476) (S 798,476,685) (S 440,476,142) (S 115,142,143) (S 797,143,476) (S 168,199,198) (S 167,197,198) (S 877,198,280) (S 878,280,723) (S 239,279,280) (S 240,280,281) (S 918,281,477) (S 444,477,92) (S 73,92,93) (S 75,94,95) (S 909,454,53) (S 908,53,704) (D 0,0,0)
 0 1 34 8984 19800  19 (D 0,0,0) (S 425,192,355) (S 310,354,353) (S 683,623,624) (S 1130,624,830) (S 684,624,625) (S 1129,624,829) (S 1128,829,71) (S 1127,71,407) (S 1126,828,407) (S 373,407,408) (S 372,407,406) (S 1033,70,406) (S 371,406,405) (S 697,405,69) (S 696,69,632) (S 476,505,504) (S 678,459,621) (D 0,0,0)
 0 1 35 8999 29897  25 (D 0,0,0) (S 656,561,365) (S 325,257,366) (S 590,366,578) (S 539,547,548) (S 568,539,462) (S 567,462,219) (S 186,219,212) (S 436,213,470) (S 883,126,725) (S 950,725,751) (S 942,751,752) (S 941,750,751) (S 949,756,725) (S 884,725,421) (S 386,420,161) (S 129,161,128) (S 104,128,127) (S 952,127,757) (S 958,757,724) (S 881,724,314) (S 880,314,470) (S 879,470,540) (S 253,295,294) (D 0,0,0)
 0 1 36 8849 18260  16 (D 0,0,0) (S 516,191,532) (S 517,532,150) (S 266,151,306) (S 977,300,116) (S 94,116,117) (S 323,117,365) (S 324,365,257) (S 219,257,258) (S 220,258,259) (S 560,258,561) (S 561,561,214) (S 182,214,215) (S 553,215,557) (S 1123,557,205) (D 0,0,0)
 0 1 37 8530 26563  21 (D 0,0,0) (S 654,609,608) (S 652,29,287) (S 188,222,221) (S 187,220,221) (S 991,712,38) (S 992,38,134) (S 110,134,133) (S 786,133,680) (S 1189,680,842) (S 1198,842,844) (S 1199,844,135) (S 111,135,134) (S 619,38,595) (S 189,222,223) (S 718,223,247) (S 719,247,537) (S 720,537,548) (S 721,548,566) (S 572,547,249) (D 0,0,0)
 0 1 38 8919 31452  10 (D 0,0,0) (S 554,306,557) (S 140,174,175) (S 141,175,176) (S 1068,175,807) (S 1067,175,348) (S 304,348,292) (S 630,292,269) (S 230,269,227) (D 0,0,0)
 0 1 39 7447 16544  12 (D 0,0,0) (S 817,0,2) (S 22,28,27) (S 799,686,663) (S 753,663,664) (S 972,686,27) (S 21,27,26) (S 1018,26,783) (S 926,28,731) (S 889,731,732) (S 1099,732,3) (D 0,0,0)
 0 1 40 8923 29328  15 (D 0,0,0) (S 727,575,101) (S 474,501,502) (S 475,502,503) (S 805,503,20) (S 16,20,21) (S 672,22,483) (S 673,483,492) (S 460,491,492) (S 461,492,490) (S 457,490,489) (S 466,489,496) (S 800,687,496) (S 801,496,493) (D 0,0,0)
 0 1 41 8767 12175  30 (D 0,0,0) (S 769,674,17) (S 13,17,16) (S 12,16,15) (S 399,15,431) (S 398,431,178) (S 142,178,177) (S 873,507,344) (S 872,344,380) (S 345,380,264) (S 223,264,263) (S 871,86,380) (S 344,380,379) (S 301,345,344) (S 300,344,265) (S 299,265,343) (S 932,260,745) (S 1096,745,670) (S 1097,670,656) (S 745,655,262) (S 222,262,261) (S 221,261,260) (S 931,260,343) (S 483,5,509) (S 549,509,555) (S 548,555,190) (S 547,190,81) (S 1107,81,695) (S 818,695,2) (D 0,0,0)
 0 1 42 8954 16481  30 (D 0,0,0) (S 780,674,672) (S 781,672,431) (S 303,346,347) (S 1140,347,526) (S 507,526,527) (S 522,527,368) (S 331,368,369) (S 332,369,370) (S 334,371,372) (S 30,40,39) (S 669,616,39) (S 1085,39,815) (S 336,40,373) (S 750,373,658) (S 337,373,374) (S 749,373,84) (S 934,657,43) (S 933,43,745) (S 759,670,261) (S 760,261,342) (S 297,341,342) (S 298,342,343) (S 930,343,508) (S 929,508,671) (S 928,671,675) (S 772,675,268) (S 771,268,180) (S 770,180,674) (D 0,0,0)
 0 1 43 8287 16749  28 (D 0,0,0) (S 904,740,519) (S 497,519,518) (S 857,518,329) (S 288,329,330) (S 927,330,437) (S 1024,437,784) (S 1025,784,786) (S 731,649,650) (S 1022,649,784) (S 1023,784,785) (S 1040,785,793) (S 1039,792,793) (S 1042,660,790) (S 1036,790,701) (S 1037,701,56) (S 1038,56,791) (S 44,56,55) (S 43,55,54) (S 42,54,53) (S 41,53,52) (S 651,52,607) (S 843,607,705) (S 844,705,167) (S 1081,705,434) (S 401,434,349) (S 465,350,495) (D 0,0,0)
 0 1 44 8858 17257  17 (D 0,0,0) (S 856,329,436) (S 855,436,703) (S 840,703,702) (S 133,166,165) (S 132,164,165) (S 832,165,700) (S 834,481,333) (S 833,333,514) (S 493,514,515) (S 494,515,516) (S 892,518,735) (S 893,735,736) (S 924,736,739) (S 903,739,740) (S 1002,740,417) (D 0,0,0)
 0 1 45 8952 31046  19 (D 0,0,0) (S 412,447,446) (S 510,291,155) (S 665,156,614) (S 69,87,88) (S 70,88,89) (S 514,89,530) (S 1050,390,530) (S 515,530,531) (S 631,530,597) (S 668,597,615) (S 632,597,598) (S 667,597,88) (S 666,88,614) (S 1185,614,529) (S 512,529,397) (S 360,397,396) (S 112,136,137) (D 0,0,0)
 0 1 46 8944 31773  19 (D 0,0,0) (S 330,174,115) (S 93,115,114) (S 1069,114,185) (S 1065,186,805) (S 1195,805,113) (S 90,112,111) (S 1151,111,808) (S 1071,808,809) (S 1177,809,110) (S 89,110,111) (S 1150,111,801) (S 1060,801,187) (S 1059,187,800) (S 1196,800,805) (S 1064,805,797) (S 1063,797,804) (S 1143,804,799) (D 0,0,0)
 0 1 47 8979 34821  13 (D 0,0,0) (S 434,469,468) (S 715,468,641) (S 1112,641,556) (S 550,556,469) (S 551,469,473) (S 438,473,474) (S 439,474,475) (S 1169,474,839) (S 552,473,340) (S 295,339,340) (S 15,19,20) (D 0,0,0)
 0 1 48 8394 13988  16 (D 0,0,0) (S 321,193,354) (S 311,354,355) (S 424,355,459) (S 423,458,459) (S 679,459,353) (S 680,353,584) (S 681,584,622) (S 775,623,196) (S 776,196,589) (S 166,196,195) (S 692,195,590) (S 612,590,585) (S 613,585,532) (S 1100,191,3) (D 0,0,0)
 0 1 49 9000 29371  27 (D 0,0,0) (S 347,383,382) (S 346,382,381) (S 989,381,221) (S 990,221,712) (S 864,712,713) (S 29,37,38) (S 618,38,135) (S 257,135,276) (S 236,276,275) (S 235,275,274) (S 453,274,246) (S 955,245,748) (S 938,748,129) (S 105,129,128) (S 128,128,160) (S 956,160,748) (S 939,748,315) (S 275,315,246) (S 274,315,159) (S 126,159,158) (S 529,539,295) (S 528,295,538) (S 525,537,248) (S 524,248,536) (S 588,577,567) (D 0,0,0)
 0 1 50 8857 16870  29 (D 0,0,0) (S 764,672,179) (S 143,179,178) (S 225,266,265) (S 224,265,264) (S 339,86,375) (S 340,375,370) (S 758,370,669) (S 333,370,371) (S 866,371,715) (S 1092,817,715) (S 867,715,372) (S 335,372,40) (S 31,40,41) (S 488,41,512) (S 1094,512,85) (S 1095,85,745) (S 1183,43,822) (S 1106,822,823) (S 1131,823,831) (S 1105,821,822) (S 33,43,42) (S 67,42,85) (S 68,85,86) (S 338,86,263) (S 226,266,267) (S 763,267,179) (S 144,179,180) (D 0,0,0)
 0 1 51 8752 23920  15 (D 0,0,0) (S 289,330,331) (S 290,331,332) (S 291,332,333) (S 450,481,482) (S 449,481,59) (S 448,59,480) (S 995,480,770) (S 447,480,479) (S 997,479,772) (S 446,479,478) (S 996,478,771) (S 445,478,92) (S 74,93,94) (D 0,0,0)
 0 1 52 8995 30749  20 (D 0,0,0) (S 628,367,565) (S 626,596,538) (S 530,539,158) (S 533,541,542) (S 1187,542,841) (S 1186,841,104) (S 943,103,49) (S 38,49,48) (S 37,48,47) (S 1205,47,848) (S 1204,47,106) (S 85,106,105) (S 84,105,104) (S 83,104,103) (S 944,103,753) (S 532,541,540) (S 191,224,225) (S 570,225,566) (D 0,0,0)
 0 1 53 8537 10502  20 (D 0,0,0) (S 1,0,1) (S 2,2,3) (S 3,3,4) (S 1084,4,191) (S 161,191,190) (S 160,190,82) (S 845,654,509) (S 484,509,510) (S 740,555,8) (S 6,8,7) (S 5,7,6) (S 761,6,671) (S 762,671,267) (S 227,267,268) (S 228,268,63) (S 742,63,653) (S 778,653,677) (S 816,677,0) (D 0,0,0)
 0 1 54 8982 20224  23 (D 0,0,0) (S 1137,432,443) (S 659,448,612) (S 1007,612,647) (S 1001,647,611) (S 657,610,611) (S 658,611,612) (S 1008,612,774) (S 998,773,774) (S 999,774,775) (S 1000,774,611) (S 730,647,648) (S 729,647,646) (S 583,575,497) (S 468,497,461) (S 427,461,460) (S 426,460,361) (S 917,360,691) (S 811,691,471) (S 812,471,334) (S 292,334,335) (S 1134,357,814) (D 0,0,0)
 0 1 55 8951 27193  17 (D 0,0,0) (S 1152,522,708) (S 1017,426,779) (S 1010,779,778) (S 1009,778,238) (S 202,238,237) (S 1014,237,781) (S 1013,781,425) (S 389,425,424) (S 876,721,722) (S 978,722,424) (S 979,424,236) (S 201,236,237) (S 1016,778,781) (S 390,425,426) (S 391,426,427) (D 0,0,0)
 0 1 56 9000 24258  15 (D 0,0,0) (S 636,362,600) (S 670,600,502) (S 18,22,23) (S 887,23,729) (S 19,23,24) (S 20,24,25) (S 725,24,501) (S 726,501,101) (S 82,101,102) (S 81,100,101) (S 728,575,646) (S 793,646,447) (S 661,534,319) (D 0,0,0)
 0 1 57 8955 21116  22 (D 0,0,0) (S 1003,740,735) (S 1004,735,776) (S 1044,776,581) (S 701,634,515) (S 702,515,422) (S 388,422,423) (S 703,422,439) (S 705,635,636) (S 837,636,579) (S 591,579,57) (S 47,58,59) (S 48,59,60) (S 835,481,700) (S 836,700,636) (S 961,758,760) (S 960,758,759) (S 959,758,635) (S 704,635,439) (S 594,580,332) (S 595,332,516) (D 0,0,0)
 0 1 58 8980 33805  20 (D 0,0,0) (S 803,485,688) (S 1120,688,667) (S 1118,825,440) (S 752,661,662) (S 1115,662,693) (S 815,693,694) (S 1114,693,683) (S 794,682,683) (S 1113,683,641) (S 714,640,641) (S 795,683,467) (S 433,467,468) (S 796,467,684) (S 432,467,466) (S 431,466,465) (S 754,465,665) (S 1117,665,440) (S 408,440,441) (D 0,0,0)
 0 1 59 8897 28700  10 (D 0,0,0) (S 573,567,249) (S 213,249,250) (S 538,546,547) (S 722,566,644) (S 192,225,226) (S 327,226,367) (S 629,367,269) (S 251,292,293) (D 0,0,0)
 0 1 60 8868 20186  19 (D 0,0,0) (S 463,494,320) (S 581,359,574) (S 638,574,460) (S 639,460,99) (S 80,99,100) (S 467,100,461) (S 582,497,574) (S 637,574,601) (S 1021,601,337) (S 294,337,338) (S 1020,601,446) (S 413,447,448) (S 519,534,445) (S 411,445,318) (S 277,318,317) (S 1156,317,835) (S 1155,317,832) (D 0,0,0)
 0 1 61 8837 38720  15 (D 0,0,0) (S 1111,556,303) (S 263,302,303) (S 1110,303,308) (S 268,307,308) (S 1109,824,308) (S 269,308,309) (S 264,303,304) (S 265,304,305) (S 435,304,469) (S 296,340,18) (S 14,18,19) (S 994,19,769) (S 993,768,19) (D 0,0,0)
 0 1 62 8999 24970  18 (D 0,0,0) (S 737,290,395) (S 358,395,394) (S 361,394,398) (S 471,398,499) (S 472,499,500) (S 473,500,89) (S 513,89,397) (S 511,529,155) (S 645,155,363) (S 320,363,242) (S 250,242,291) (S 418,427,452) (S 968,535,761) (S 1141,761,526) (S 506,526,525) (S 11,14,15) (D 0,0,0)
 0 1 63 8568 21221  17 (D 0,0,0) (S 1153,708,719) (S 410,443,444) (S 662,443,319) (S 279,319,320) (S 282,322,323) (S 316,359,360) (S 318,361,98) (S 78,98,97) (S 77,97,96) (S 76,96,95) (S 615,591,592) (S 616,592,593) (S 852,592,455) (S 420,455,454) (S 907,704,435) (D 0,0,0)
 0 1 64 8933 37714  20 (D 0,0,0) (S 252,294,293) (S 96,118,119) (S 831,120,34) (S 26,34,33) (S 25,33,32) (S 10,12,13) (S 975,32,765) (S 1147,765,834) (S 1146,833,834) (S 1174,834,764) (S 974,764,765) (S 1148,765,124) (S 1175,125,764) (S 973,763,764) (S 1062,125,803) (S 102,125,124) (S 1149,124,801) (S 1058,800,798) (D 0,0,0)
 0 1 65 8723 12291  20 (D 0,0,0) (S 162,191,192) (S 164,193,194) (S 165,194,195) (S 693,195,622) (S 682,622,623) (S 774,623,505) (S 1164,632,583) (S 1165,583,737) (S 897,737,67) (S 896,67,170) (S 415,449,450) (S 416,450,419) (S 417,419,451) (S 1086,451,352) (S 309,352,351) (S 500,351,520) (S 501,520,521) (S 792,521,677) (D 0,0,0)
 0 1 66 8890 19444  15 (D 0,0,0) (S 605,585,206) (S 691,207,590) (S 611,590,589) (S 610,589,588) (S 557,559,209) (S 556,209,558) (S 1132,558,826) (S 1122,826,208) (S 603,194,584) (S 602,584,504) (S 601,504,583) (S 600,583,68) (S 598,404,582) (D 0,0,0)
 0 1 67 8998 31813  24 (D 0,0,0) (S 806,203,503) (S 804,20,485) (S 1119,667,825) (S 1173,825,464) (S 430,464,465) (S 813,692,466) (S 814,466,693) (S 1116,662,665) (S 755,665,666) (S 617,594,440) (S 1172,825,441) (S 1171,840,441) (S 409,441,442) (S 757,442,668) (S 756,442,667) (S 802,688,493) (S 462,493,490) (S 458,490,484) (S 451,484,483) (S 17,22,21) (S 459,21,484) (S 452,484,485) (D 0,0,0)
 0 1 68 8895 39986  11 (D 0,0,0) (S 534,542,543) (S 149,183,108) (S 88,108,109) (S 1181,45,812) (S 61,76,77) (S 1182,76,812) (S 1075,812,182) (S 146,182,75) (S 60,75,74) (D 0,0,0)
 0 1 69 8932 17489  15 (D 0,0,0) (S 173,204,205) (S 1124,557,301) (S 1125,301,827) (S 262,301,300) (S 267,300,306) (S 555,306,558) (S 178,209,208) (S 177,208,207) (S 176,207,206) (S 175,206,151) (S 174,151,205) (S 1108,205,695) (S 819,695,696) (D 0,0,0)
 0 1 70 8009 17238  20 (D 0,0,0) (S 690,521,324) (S 859,433,324) (S 689,631,324) (S 283,324,325) (S 308,326,351) (S 498,416,519) (S 905,519,328) (S 403,435,415) (S 380,415,327) (S 381,327,416) (S 384,418,419) (S 1087,451,65) (S 890,733,621) (S 677,620,621) (S 891,621,734) (S 1083,4,728) (S 936,747,727) (S 886,727,728) (D 0,0,0)
