1769869
70
1824468
1805772
 0 1 1 8987 31373  21 (D 0,0,0) (S 359,395,396) (S 485,511,396) (S 360,396,397) (S 69,87,88) (S 667,88,597) (S 632,597,598) (S 1188,615,842) (S 1189,842,680) (S 1198,842,844) (S 1197,844,615) (S 668,615,597) (S 631,597,530) (S 515,530,531) (S 514,530,89) (S 70,89,88) (S 666,88,614) (S 125,156,157) (S 664,156,363) (S 250,242,291) (D 0,0,0)
 0 1 2 8258 19945  14 (D 0,0,0) (S 603,194,584) (S 682,622,623) (S 683,623,624) (S 684,624,625) (S 1130,624,830) (S 1129,624,829) (S 1162,838,829) (S 1128,829,71) (S 57,71,70) (S 56,70,69) (S 696,69,632) (S 693,622,195) (D 0,0,0)
 0 1 3 8906 27795  15 (D 0,0,0) (S 248,290,154) (S 509,291,241) (S 784,528,678) (S 508,528,241) (S 205,241,242) (S 320,242,363) (S 645,363,155) (S 511,155,529) (S 1185,529,614) (S 665,614,156) (S 124,156,155) (S 510,155,291) (S 249,291,154) (D 0,0,0)
 0 1 4 8795 31071  10 (D 0,0,0) (S 230,227,269) (S 304,292,348) (S 1067,348,175) (S 141,175,176) (S 1068,175,807) (S 140,175,174) (S 329,174,293) (S 252,293,294) (D 0,0,0)
 0 1 5 8942 32235  19 (D 0,0,0) (S 93,115,114) (S 92,114,113) (S 1195,113,805) (S 1196,805,800) (S 1065,805,186) (S 90,112,111) (S 1150,111,801) (S 1060,801,187) (S 155,187,123) (S 101,123,124) (S 102,124,125) (S 1062,125,803) (S 1176,125,110) (S 1177,110,809) (S 1071,809,808) (S 1070,808,185) (S 1069,185,114) (D 0,0,0)
 0 1 6 8762 29902  20 (D 0,0,0) (S 589,578,567) (S 574,567,568) (S 571,547,566) (S 722,566,644) (S 721,566,548) (S 539,548,547) (S 538,546,547) (S 213,249,250) (S 573,249,567) (S 588,567,577) (S 587,577,364) (S 322,364,29) (S 23,29,30) (S 349,30,384) (S 24,30,31) (S 348,30,383) (S 545,383,287) (S 245,287,286) (D 0,0,0)
 0 1 7 8844 16031  27 (D 0,0,0) (S 777,676,677) (S 770,674,180) (S 144,180,179) (S 143,179,178) (S 142,178,177) (S 873,507,344) (S 872,344,380) (S 345,380,264) (S 224,264,265) (S 300,265,344) (S 301,344,345) (S 492,345,379) (S 343,379,368) (S 522,368,527) (S 1140,526,347) (S 303,347,346) (S 478,506,177) (S 479,177,507) (S 480,507,266) (S 481,266,508) (S 161,190,191) (S 1084,191,4) (S 936,747,727) (S 886,727,728) (S 1083,728,4) (D 0,0,0)
 0 1 8 8893 35802  21 (D 0,0,0) (S 1054,798,122) (S 100,122,123) (S 156,123,32) (S 25,32,33) (S 975,32,765) (S 1175,764,125) (S 1149,124,801) (S 1148,124,765) (S 974,765,764) (S 973,763,764) (S 1174,764,834) (S 1146,833,834) (S 1147,834,765) (S 157,32,12) (S 9,12,11) (S 8,10,11) (S 26,34,33) (S 1145,33,121) (S 98,121,119) (D 0,0,0)
 0 1 9 8919 15117  26 (D 0,0,0) (S 816,0,677) (S 768,17,523) (S 505,524,525) (S 1141,526,761) (S 1142,761,316) (S 276,316,317) (S 1156,317,835) (S 411,318,445) (S 1008,612,774) (S 998,773,774) (S 999,774,775) (S 1000,774,611) (S 657,610,611) (S 1001,611,647) (S 730,647,648) (S 1007,647,612) (S 659,612,448) (S 519,534,445) (S 520,445,535) (S 968,535,761) (S 969,761,762) (S 970,762,673) (S 504,524,523) (S 503,523,522) (D 0,0,0)
 0 1 10 8992 25838  19 (D 0,0,0) (S 1184,609,578) (S 590,578,366) (S 192,226,225) (S 569,565,225) (S 191,225,224) (S 190,224,223) (S 717,643,223) (S 211,247,248) (S 823,536,285) (S 244,285,286) (S 585,286,576) (S 584,576,382) (S 346,382,381) (S 790,681,576) (S 791,576,287) (S 652,287,29) (S 653,29,608) (D 0,0,0)
 0 1 11 8994 32733  25 (D 0,0,0) (S 95,115,118) (S 1056,118,799) (S 1057,799,798) (S 99,122,121) (S 1144,121,799) (S 1143,799,804) (S 1063,804,797) (S 1064,797,805) (S 1053,797,798) (S 1058,798,800) (S 1059,800,187) (S 154,187,186) (S 153,186,112) (S 152,112,185) (S 151,185,184) (S 536,184,544) (S 1201,846,544) (S 1203,847,106) (S 85,106,105) (S 1191,105,843) (S 1192,843,543) (S 533,542,541) (S 529,539,295) (D 0,0,0)
 0 1 12 8867 20870  12 (D 0,0,0) (S 1124,557,301) (S 1125,301,827) (S 262,301,300) (S 976,300,587) (S 607,586,587) (S 608,587,559) (S 609,559,588) (S 610,588,589) (S 776,589,196) (S 165,195,194) (D 0,0,0)
 0 1 13 8482 17097  28 (D 0,0,0) (S 228,63,268) (S 928,675,671) (S 762,671,267) (S 226,267,266) (S 299,265,343) (S 221,260,261) (S 759,261,670) (S 1096,670,745) (S 933,745,43) (S 1183,43,822) (S 1105,821,822) (S 1106,822,823) (S 1131,823,831) (S 33,43,42) (S 67,42,85) (S 1094,85,512) (S 32,41,42) (S 66,42,84) (S 748,84,657) (S 934,657,43) (S 1097,670,656) (S 1098,656,818) (S 746,656,655) (S 868,716,655) (S 744,262,654) (S 64,82,81) (D 0,0,0)
 0 1 14 8995 31019  23 (D 0,0,0) (S 788,222,595) (S 787,595,133) (S 786,133,680) (S 1160,679,252) (S 1159,252,802) (S 1158,802,726) (S 1157,836,726) (S 885,726,421) (S 883,725,126) (S 953,127,756) (S 949,756,725) (S 941,750,751) (S 942,751,752) (S 950,751,725) (S 884,725,421) (S 387,421,420) (S 386,420,161) (S 129,161,128) (S 128,128,160) (S 127,160,159) (S 126,159,158) (D 0,0,0)
 0 1 15 8998 33475  27 (D 0,0,0) (S 258,296,297) (S 624,297,463) (S 247,278,289) (S 246,288,278) (S 238,278,277) (S 621,277,570) (S 563,564,275) (S 235,275,274) (S 453,274,246) (S 275,246,315) (S 939,315,748) (S 938,748,129) (S 937,129,244) (S 206,244,243) (S 1104,243,796) (S 1103,820,796) (S 1052,796,795) (S 131,162,163) (S 130,162,161) (S 954,420,756) (S 104,127,128) (S 105,128,129) (S 106,129,130) (S 107,130,131) (S 109,132,133) (D 0,0,0)
 0 1 16 8900 19892  17 (D 0,0,0) (S 381,416,327) (S 906,328,435) (S 908,704,53) (S 909,53,454) (S 910,454,591) (S 615,591,592) (S 852,592,455) (S 420,455,454) (S 419,454,453) (S 40,52,51) (S 1101,51,794) (S 1102,794,819) (S 1043,794,55) (S 854,54,703) (S 308,326,351) (D 0,0,0)
 0 1 17 8922 17406  26 (D 0,0,0) (S 782,431,506) (S 783,506,346) (S 302,346,345) (S 491,379,513) (S 490,513,375) (S 336,40,373) (S 337,373,374) (S 750,373,658) (S 749,373,84) (S 65,83,84) (S 935,657,746) (S 747,657,656) (S 745,655,262) (S 222,262,261) (S 760,261,342) (S 297,341,342) (S 298,342,343) (S 931,343,260) (S 932,260,745) (S 1095,745,85) (S 68,85,86) (S 871,86,380) (S 344,380,379) (S 477,506,14) (D 0,0,0)
 0 1 18 8972 33461  22 (D 0,0,0) (S 528,538,295) (S 531,158,540) (S 532,540,541) (S 945,541,753) (S 944,753,103) (S 83,103,104) (S 84,104,105) (S 1190,105,48) (S 988,49,767) (S 60,74,75) (S 145,181,75) (S 146,75,182) (S 1074,182,806) (S 1066,806,74) (S 59,74,73) (S 985,766,376) (S 350,385,386) (S 392,428,392) (S 356,392,393) (S 357,393,394) (D 0,0,0)
 0 1 19 8938 34496  22 (D 0,0,0) (S 139,174,173) (S 436,470,213) (S 210,213,246) (S 209,246,245) (S 208,245,130) (S 575,569,131) (S 108,131,132) (S 199,132,234) (S 197,232,233) (S 542,233,549) (S 541,551,549) (S 540,549,550) (S 198,233,234) (S 716,642,234) (S 110,133,134) (S 992,134,38) (S 29,37,38) (S 991,38,712) (S 347,382,383) (S 544,553,383) (D 0,0,0)
 0 1 20 8668 18147  19 (D 0,0,0) (S 604,194,585) (S 611,589,590) (S 692,590,195) (S 166,195,196) (S 775,196,623) (S 774,623,505) (S 695,505,632) (S 1033,70,406) (S 371,406,405) (S 697,405,69) (S 55,69,68) (S 896,67,170) (S 895,170,449) (S 415,449,450) (S 902,450,739) (S 383,418,417) (S 499,416,351) (D 0,0,0)
 0 1 21 8898 17913  14 (D 0,0,0) (S 905,519,328) (S 287,328,329) (S 1035,331,580) (S 594,580,332) (S 291,332,333) (S 450,481,482) (S 834,481,333) (S 833,333,514) (S 493,514,515) (S 495,516,517) (S 497,518,519) (S 498,519,416) (D 0,0,0)
 0 1 22 8993 28326  17 (D 0,0,0) (S 421,455,456) (S 713,200,639) (S 1161,837,639) (S 168,199,198) (S 167,197,198) (S 442,199,79) (S 62,78,79) (S 440,476,142) (S 115,142,143) (S 797,143,476) (S 798,476,685) (S 441,476,79) (S 169,199,200) (S 170,200,201) (S 850,707,94) (D 0,0,0)
 0 1 23 8992 24304  20 (D 0,0,0) (S 313,357,322) (S 318,361,98) (S 319,98,362) (S 635,362,599) (S 807,689,203) (S 172,203,202) (S 171,202,201) (S 851,94,592) (S 616,592,593) (S 75,94,95) (S 76,95,96) (S 77,96,97) (S 916,97,690) (S 812,471,334) (S 281,322,321) (S 280,321,320) (S 278,319,318) (S 277,318,317) (D 0,0,0)
 0 1 24 8996 35561  17 (D 0,0,0) (S 948,115,755) (S 1212,755,811) (S 1072,811,810) (S 1076,810,813) (S 1194,813,113) (S 150,184,183) (S 1206,849,183) (S 149,183,108) (S 88,108,109) (S 537,545,184) (S 1207,183,845) (S 1209,847,843) (S 1210,843,841) (S 1211,841,753) (S 946,541,754) (D 0,0,0)
 0 1 25 8951 15157  22 (D 0,0,0) (S 1152,522,708) (S 858,708,433) (S 859,433,324) (S 689,631,324) (S 400,433,432) (S 1137,432,443) (S 410,443,444) (S 1136,443,494) (S 464,494,495) (S 1031,495,788) (S 1032,788,789) (S 1082,788,814) (S 1135,814,494) (S 463,494,320) (S 279,320,319) (S 1155,317,832) (S 870,718,719) (S 1153,719,708) (S 971,708,673) (S 767,673,524) (D 0,0,0)
 0 1 26 8968 16439  27 (D 0,0,0) (S 50,63,64) (S 51,64,65) (S 1087,65,451) (S 417,451,419) (S 384,419,418) (S 925,418,739) (S 924,739,736) (S 923,736,313) (S 272,313,310) (S 270,310,311) (S 271,310,312) (S 414,312,449) (S 894,449,736) (S 903,739,740) (S 904,740,519) (S 496,518,517) (S 642,517,602) (S 643,602,604) (S 723,645,604) (S 686,605,628) (S 644,605,604) (S 724,604,603) (S 641,603,602) (S 857,518,329) (S 286,328,327) (D 0,0,0)
 0 1 27 8838 13949  17 (D 0,0,0) (S 163,192,193) (S 164,193,194) (S 612,585,590) (S 691,590,207) (S 177,207,208) (S 178,208,209) (S 556,209,558) (S 1132,558,826) (S 1122,826,208) (S 176,207,206) (S 175,206,151) (S 174,151,205) (S 173,204,205) (S 1108,205,695) (S 819,695,696) (D 0,0,0)
 0 1 28 8838 24401  7 (D 0,0,0) (S 218,257,256) (S 229,256,227) (S 194,227,228) (S 193,227,226) (S 326,226,366) (D 0,0,0)
 0 1 29 8904 21813  19 (D 0,0,0) (S 314,322,358) (S 315,358,359) (S 316,359,360) (S 79,98,99) (S 80,99,100) (S 467,100,461) (S 81,100,101) (S 727,101,575) (S 582,497,574) (S 581,574,359) (S 580,359,573) (S 862,573,554) (S 860,709,139) (S 113,138,139) (S 861,139,554) (S 546,554,358) (S 282,322,323) (D 0,0,0)
 0 1 30 8920 34223  21 (D 0,0,0) (S 325,257,366) (S 327,226,367) (S 330,174,115) (S 97,119,120) (S 831,120,34) (S 830,34,11) (S 829,11,188) (S 10,12,13) (S 158,12,188) (S 828,699,188) (S 159,188,189) (S 827,189,698) (S 826,189,10) (S 7,9,10) (S 825,10,35) (S 28,35,36) (S 27,34,35) (S 824,35,120) (S 96,119,118) (D 0,0,0)
 0 1 31 8815 15029  24 (D 0,0,0) (S 382,416,417) (S 1002,417,740) (S 1003,740,735) (S 893,735,736) (S 922,313,582) (S 597,582,581) (S 596,581,516) (S 595,516,332) (S 290,332,331) (S 289,331,330) (S 288,330,329) (S 856,329,436) (S 1022,784,649) (S 731,649,650) (S 1025,784,786) (S 405,437,436) (S 404,436,435) (S 403,435,415) (S 380,415,327) (S 283,325,324) (S 690,324,521) (S 502,521,522) (D 0,0,0)
 0 1 32 8884 15281  11 (D 0,0,0) (S 1100,3,191) (S 613,532,585) (S 605,585,206) (S 1121,208,588) (S 557,559,209) (S 555,558,306) (S 121,151,150) (S 518,150,533) (S 517,150,532) (D 0,0,0)
 0 1 33 7766 24646  22 (D 0,0,0) (S 586,364,286) (S 243,284,285) (S 822,285,681) (S 821,681,381) (S 820,697,381) (S 989,381,221) (S 187,220,221) (S 864,712,713) (S 990,712,221) (S 188,221,222) (S 789,222,681) (S 189,222,223) (S 718,223,247) (S 719,247,537) (S 525,537,248) (S 524,248,536) (S 523,536,364) (S 1170,577,608) (S 654,608,609) (S 655,609,561) (D 0,0,0)
 0 1 34 8327 19165  16 (D 0,0,0) (S 554,306,557) (S 553,557,215) (S 182,215,214) (S 561,214,561) (S 324,365,257) (S 219,257,258) (S 220,258,259) (S 560,258,561) (S 656,561,365) (S 323,365,117) (S 94,117,116) (S 977,116,300) (S 267,300,306) (S 266,306,151) (D 0,0,0)
 0 1 35 8801 21286  19 (D 0,0,0) (S 769,674,17) (S 766,16,524) (S 521,527,535) (S 660,534,448) (S 1020,446,601) (S 294,337,338) (S 1021,337,601) (S 637,601,574) (S 638,574,460) (S 639,460,99) (S 78,98,97) (S 437,471,472) (S 648,472,571) (S 649,571,453) (S 650,453,52) (S 41,52,53) (S 285,327,326) (D 0,0,0)
 0 1 36 8898 31946  24 (D 0,0,0) (S 253,294,295) (S 577,570,564) (S 564,275,486) (S 455,486,487) (S 179,210,211) (S 180,211,212) (S 568,462,539) (S 530,539,158) (S 879,540,470) (S 880,470,314) (S 273,314,159) (S 274,159,315) (S 955,245,748) (S 956,748,160) (S 957,160,757) (S 958,757,724) (S 882,724,126) (S 103,126,127) (S 952,127,757) (S 881,724,314) (S 138,158,173) (S 1055,173,596) (D 0,0,0)
 0 1 37 8546 16329  18 (D 0,0,0) (S 1026,3,787) (S 898,738,737) (S 663,403,613) (S 369,403,404) (S 370,404,405) (S 698,405,633) (S 699,633,627) (S 687,627,629) (S 688,629,630) (S 951,629,634) (S 700,634,627) (S 685,627,626) (S 1045,626,581) (S 1044,581,776) (S 1004,776,735) (S 892,735,518) (D 0,0,0)
 0 1 38 8928 33671  20 (D 0,0,0) (S 394,386,377) (S 342,377,378) (S 364,378,399) (S 365,399,400) (S 375,400,410) (S 376,410,411) (S 379,410,401) (S 367,401,402) (S 374,409,400) (S 366,400,401) (S 378,401,414) (S 732,651,414) (S 733,414,652) (S 1049,652,390) (S 1050,390,530) (S 354,390,389) (S 487,389,500) (S 486,500,396) (D 0,0,0)
 0 1 39 8927 31794  22 (D 0,0,0) (S 1173,825,464) (S 430,464,465) (S 431,465,466) (S 813,692,466) (S 433,467,468) (S 434,468,469) (S 550,469,556) (S 1112,556,641) (S 715,641,468) (S 814,466,693) (S 815,693,694) (S 1115,693,662) (S 752,661,662) (S 408,440,441) (S 1171,840,441) (S 409,441,442) (S 757,442,668) (S 756,442,667) (S 803,688,485) (S 804,485,20) (D 0,0,0)
 0 1 40 8847 36284  15 (D 0,0,0) (S 1151,111,808) (S 1178,809,545) (S 1180,109,45) (S 34,44,45) (S 35,45,46) (S 37,47,48) (S 38,48,49) (S 39,49,50) (S 943,49,103) (S 1186,104,841) (S 1187,841,542) (S 527,538,224) (S 570,225,566) (D 0,0,0)
 0 1 41 8697 32834  14 (D 0,0,0) (S 808,599,689) (S 15,20,19) (S 993,768,19) (S 994,19,769) (S 296,18,340) (S 439,474,475) (S 1169,474,839) (S 438,474,473) (S 552,473,340) (S 295,339,340) (S 14,18,19) (S 805,20,503) (D 0,0,0)
 0 1 42 8987 20733  19 (D 0,0,0) (S 12,16,15) (S 1079,525,762) (S 1078,762,718) (S 1139,718,832) (S 1138,832,432) (S 413,448,447) (S 728,646,575) (S 82,101,102) (S 726,101,501) (S 474,501,502) (S 427,460,461) (S 468,461,497) (S 583,497,575) (S 729,646,647) (S 658,611,612) (S 662,319,443) (S 743,522,653) (D 0,0,0)
 0 1 43 8272 16544  13 (D 0,0,0) (S 817,0,2) (S 2,2,3) (S 889,732,731) (S 21,27,26) (S 1018,26,783) (S 972,27,686) (S 799,686,663) (S 753,663,664) (S 22,27,28) (S 926,28,731) (S 1099,732,3) (D 0,0,0)
 0 1 44 8953 38116  15 (D 0,0,0) (S 551,473,469) (S 435,469,304) (S 265,304,305) (S 264,304,303) (S 268,307,308) (S 269,308,309) (S 1109,824,308) (S 1110,308,303) (S 263,302,303) (S 1111,303,556) (S 1114,683,693) (S 1116,662,665) (S 1117,665,440) (D 0,0,0)
 0 1 45 8314 17423  18 (D 0,0,0) (S 778,677,653) (S 1168,63,787) (S 1166,816,738) (S 899,738,66) (S 900,66,171) (S 136,171,170) (S 897,67,737) (S 1165,737,583) (S 599,68,404) (S 598,404,582) (S 921,582,633) (S 920,744,633) (S 701,634,515) (S 388,422,423) (S 702,422,515) (S 494,515,516) (D 0,0,0)
 0 1 46 8986 33811  12 (D 0,0,0) (S 651,607,52) (S 962,606,689) (S 458,484,490) (S 863,710,711) (S 967,710,488) (S 466,489,496) (S 800,687,496) (S 801,496,493) (S 462,493,490) (S 452,484,485) (D 0,0,0)
 0 1 47 8951 28154  18 (D 0,0,0) (S 412,447,446) (S 418,452,427) (S 739,427,137) (S 123,154,155) (S 512,529,397) (S 513,397,89) (S 473,89,500) (S 472,500,499) (S 353,388,389) (S 352,388,387) (S 351,387,386) (S 393,386,428) (S 1006,498,393) (S 1005,777,393) (S 358,394,395) (S 112,136,137) (D 0,0,0)
 0 1 48 8931 16263  32 (D 0,0,0) (S 780,674,672) (S 399,431,15) (S 11,15,14) (S 1080,14,525) (S 506,525,526) (S 507,526,527) (S 331,368,369) (S 332,369,370) (S 333,370,371) (S 334,371,372) (S 866,371,715) (S 1093,715,512) (S 488,512,41) (S 31,41,40) (S 1085,39,815) (S 669,616,39) (S 30,39,40) (S 335,40,372) (S 867,372,715) (S 1092,817,715) (S 489,512,375) (S 340,375,370) (S 758,370,669) (S 606,369,513) (S 339,375,86) (S 338,86,263) (S 223,263,264) (S 225,265,266) (S 398,178,431) (S 781,431,672) (D 0,0,0)
 0 1 49 8669 16535  21 (D 0,0,0) (S 1030,325,495) (S 465,495,350) (S 402,434,415) (S 907,435,704) (S 42,53,54) (S 853,455,54) (S 43,54,55) (S 44,55,56) (S 1038,56,791) (S 841,703,704) (S 842,704,607) (S 843,607,705) (S 1081,705,434) (S 401,434,349) (S 305,349,169) (S 135,168,169) (S 306,349,350) (S 307,350,326) (S 284,326,325) (D 0,0,0)
 0 1 50 8993 24337  16 (D 0,0,0) (S 793,447,646) (S 725,501,24) (S 20,24,25) (S 19,24,23) (S 887,23,729) (S 18,23,22) (S 17,22,21) (S 475,503,502) (S 670,502,600) (S 640,600,99) (S 426,460,361) (S 917,360,691) (S 292,334,335) (S 1133,335,357) (D 0,0,0)
 0 1 51 8809 28549  19 (D 0,0,0) (S 317,360,361) (S 636,362,600) (S 671,502,22) (S 672,22,483) (S 673,483,492) (S 674,492,617) (S 888,617,730) (S 675,617,618) (S 676,618,619) (S 966,618,488) (S 456,488,489) (S 457,489,490) (S 461,490,492) (S 460,491,492) (S 451,483,484) (S 459,484,21) (S 16,21,20) (D 0,0,0)
 0 1 52 8921 32621  19 (D 0,0,0) (S 212,249,248) (S 567,462,219) (S 186,219,212) (S 181,212,213) (S 428,213,462) (S 429,462,463) (S 623,463,217) (S 232,216,271) (S 231,270,216) (S 183,216,217) (S 259,297,298) (S 625,297,538) (S 626,538,596) (S 627,596,565) (S 628,565,367) (S 328,367,293) (S 558,560,294) (D 0,0,0)
 0 1 53 8722 31912  22 (D 0,0,0) (S 526,537,224) (S 254,295,296) (S 255,296,218) (S 184,218,217) (S 622,217,277) (S 237,277,276) (S 236,276,275) (S 454,274,486) (S 565,486,211) (S 566,211,219) (S 185,219,218) (S 256,218,276) (S 257,276,135) (S 1199,844,135) (S 111,134,135) (S 618,135,38) (S 619,38,595) (S 200,132,235) (S 576,131,564) (S 620,570,595) (D 0,0,0)
 0 1 54 8841 30646  19 (D 0,0,0) (S 1154,719,832) (S 736,395,499) (S 735,499,388) (S 734,388,652) (S 1048,652,399) (S 1047,399,429) (S 396,429,412) (S 377,412,413) (S 397,412,430) (S 395,429,377) (S 341,377,376) (S 984,376,385) (S 983,385,391) (S 355,391,392) (S 469,428,498) (S 470,498,398) (S 361,398,394) (D 0,0,0)
 0 1 55 8918 33245  21 (D 0,0,0) (S 1134,814,357) (S 811,471,691) (S 810,691,690) (S 809,690,599) (S 1172,825,441) (S 755,665,666) (S 794,682,683) (S 1113,683,641) (S 714,640,641) (S 795,683,467) (S 796,467,684) (S 432,467,466) (S 754,465,665) (S 617,594,440) (S 1118,440,825) (S 1119,825,667) (S 1120,667,688) (S 802,493,688) (S 806,503,203) (D 0,0,0)
 0 1 56 8952 39910  14 (D 0,0,0) (S 572,249,547) (S 720,548,537) (S 534,542,543) (S 87,107,108) (S 148,108,46) (S 1075,182,812) (S 1182,812,76) (S 61,76,77) (S 1181,812,45) (S 1179,109,545) (S 89,110,111) (S 91,112,113) (D 0,0,0)
 0 1 57 8809 21982  21 (D 0,0,0) (S 501,521,520) (S 1029,520,325) (S 855,436,703) (S 840,703,702) (S 1034,166,702) (S 839,702,701) (S 1037,701,56) (S 45,56,57) (S 46,57,58) (S 47,58,59) (S 48,59,60) (S 997,479,772) (S 447,479,480) (S 995,480,770) (S 448,480,59) (S 449,59,481) (S 835,481,700) (S 705,636,635) (S 703,439,422) (D 0,0,0)
 0 1 58 8668 19350  19 (D 0,0,0) (S 500,520,351) (S 309,351,352) (S 1086,352,451) (S 416,419,450) (S 901,450,171) (S 137,171,172) (S 368,170,403) (S 372,406,407) (S 1126,828,407) (S 373,407,408) (S 1127,407,71) (S 58,71,72) (S 1163,829,632) (S 1164,632,583) (S 602,504,584) (S 310,353,354) (S 425,355,192) (D 0,0,0)
 0 1 59 8589 12905  18 (D 0,0,0) (S 1,0,1) (S 818,2,695) (S 1107,695,81) (S 547,81,190) (S 63,81,80) (S 614,80,532) (S 516,532,191) (S 162,191,192) (S 321,193,354) (S 311,354,355) (S 424,355,459) (S 423,458,459) (S 678,459,621) (S 677,620,621) (S 890,621,733) (S 1090,733,734) (D 0,0,0)
 0 1 60 8761 26822  23 (D 0,0,0) (S 911,591,95) (S 912,95,741) (S 913,741,202) (S 914,202,145) (S 116,145,144) (S 293,336,144) (S 915,145,742) (S 117,145,146) (S 120,148,149) (S 119,148,147) (S 118,147,146) (S 847,706,146) (S 848,146,201) (S 849,201,707) (S 964,707,741) (S 963,741,606) (S 646,606,96) (S 578,571,572) (S 865,572,714) (S 579,572,573) (S 312,321,356) (D 0,0,0)
 0 1 61 8995 23143  7 (D 0,0,0) (S 1123,205,557) (S 559,258,294) (S 251,293,292) (S 630,292,269) (S 629,269,367) (D 0,0,0)
 0 1 62 8026 11762  28 (D 0,0,0) (S 742,653,63) (S 741,63,8) (S 6,7,8) (S 740,8,555) (S 549,555,509) (S 484,509,510) (S 548,555,190) (S 160,190,82) (S 846,82,654) (S 845,654,509) (S 483,509,5) (S 761,6,671) (S 929,671,508) (S 930,508,343) (S 482,508,5) (S 4,5,6) (S 5,6,7) (S 773,7,675) (S 772,675,268) (S 771,180,268) (S 227,268,267) (S 763,267,179) (S 764,179,672) (S 765,672,16) (S 13,16,17) (S 779,674,653) (D 0,0,0)
 0 1 63 8978 26308  16 (D 0,0,0) (S 1019,446,452) (S 391,427,426) (S 1017,426,779) (S 1010,779,778) (S 1009,778,238) (S 202,238,237) (S 1015,237,782) (S 980,236,152) (S 122,152,153) (S 981,152,140) (S 114,140,141) (S 982,140,391) (S 737,395,290) (S 738,290,137) (D 0,0,0)
 0 1 64 8506 19281  17 (D 0,0,0) (S 927,330,437) (S 406,437,438) (S 592,438,579) (S 837,579,636) (S 959,635,758) (S 960,758,759) (S 961,758,760) (S 836,636,700) (S 832,700,165) (S 132,164,165) (S 133,165,166) (S 134,166,167) (S 633,167,62) (S 49,61,62) (S 634,62,169) (D 0,0,0)
 0 1 65 8984 26557  25 (D 0,0,0) (S 74,94,93) (S 73,93,92) (S 72,92,91) (S 71,90,91) (S 874,91,282) (S 242,282,283) (S 875,282,720) (S 241,282,281) (S 443,477,199) (S 877,198,280) (S 878,280,723) (S 239,279,280) (S 240,280,281) (S 919,281,743) (S 918,281,477) (S 444,477,92) (S 445,92,478) (S 996,478,771) (S 446,478,479) (S 706,58,636) (S 704,635,439) (S 407,439,438) (S 593,438,580) (D 0,0,0)
 0 1 66 8958 28572  17 (D 0,0,0) (S 661,319,534) (S 1011,779,239) (S 204,239,240) (S 1012,239,780) (S 203,239,238) (S 1016,778,781) (S 1013,425,781) (S 1014,781,237) (S 201,237,236) (S 979,236,424) (S 876,721,722) (S 978,722,424) (S 389,424,425) (S 390,425,426) (S 869,717,427) (D 0,0,0)
 0 1 67 8955 41274  18 (D 0,0,0) (S 207,130,244) (S 385,243,161) (S 1051,162,795) (S 1061,795,802) (S 216,252,253) (S 215,252,231) (S 196,231,230) (S 217,254,255) (S 261,254,229) (S 543,552,299) (S 260,299,229) (S 195,229,230) (S 234,230,273) (S 233,272,230) (S 214,251,231) (S 785,679,680) (D 0,0,0)
 0 1 68 8992 24487  24 (D 0,0,0) (S 844,167,705) (S 647,472,96) (S 965,707,638) (S 712,638,200) (S 711,638,637) (S 940,637,749) (S 710,637,93) (S 709,93,562) (S 562,562,563) (S 708,562,456) (S 422,456,457) (S 707,456,58) (S 591,57,579) (S 838,579,701) (S 1036,701,790) (S 1042,790,660) (S 751,659,660) (S 1041,660,793) (S 1039,792,793) (S 1040,793,785) (S 1023,785,784) (S 1024,784,437) (D 0,0,0)
 0 1 69 8983 32467  21 (D 0,0,0) (S 471,499,398) (S 362,398,387) (S 363,387,378) (S 1046,429,766) (S 986,766,73) (S 987,73,767) (S 1073,767,806) (S 147,182,46) (S 36,46,47) (S 1205,47,848) (S 1204,47,106) (S 86,106,107) (S 1200,107,845) (S 1208,845,847) (S 1202,847,544) (S 535,544,543) (S 1193,543,813) (S 1077,810,754) (S 947,754,755) (D 0,0,0)
 0 1 70 8586 12104  21 (D 0,0,0) (S 792,677,521) (S 1028,520,64) (S 1027,64,787) (S 1167,787,816) (S 1089,816,733) (S 1088,816,65) (S 52,65,66) (S 53,66,67) (S 54,67,68) (S 600,68,583) (S 601,583,504) (S 476,504,505) (S 694,505,622) (S 681,622,584) (S 680,584,353) (S 679,353,459) (S 891,621,734) (S 1091,734,4) (S 3,4,3) (D 0,0,0)
