1772879
70
1824874
1824031
 0 1 1 8996 21531  17 (D 0,0,0) (S 1035,331,580) (S 593,580,438) (S 407,438,439) (S 707,58,456) (S 422,456,457) (S 708,456,562) (S 709,562,93) (S 710,93,637) (S 965,638,707) (S 850,707,94) (S 851,94,592) (S 616,592,593) (S 615,592,591) (S 910,591,454) (S 908,53,704) (D 0,0,0)
 0 1 2 8943 34537  18 (D 0,0,0) (S 1069,114,185) (S 151,185,184) (S 1187,542,841) (S 1186,841,104) (S 39,49,50) (S 38,49,48) (S 37,48,47) (S 36,47,46) (S 147,46,182) (S 1074,182,806) (S 1073,806,767) (S 988,767,49) (S 943,49,103) (S 944,103,753) (S 946,541,754) (S 947,754,755) (D 0,0,0)
 0 1 3 8862 29571  20 (D 0,0,0) (S 412,447,446) (S 735,499,388) (S 353,388,389) (S 515,530,531) (S 514,530,89) (S 667,88,597) (S 632,597,598) (S 668,597,615) (S 1188,615,842) (S 1199,844,135) (S 111,135,134) (S 992,134,38) (S 991,38,712) (S 990,712,221) (S 187,220,221) (S 188,221,222) (S 586,286,364) (S 587,364,577) (D 0,0,0)
 0 1 4 8940 34115  16 (D 0,0,0) (S 317,360,361) (S 17,22,21) (S 456,489,488) (S 863,710,711) (S 967,710,488) (S 966,488,618) (S 676,618,619) (S 675,618,617) (S 888,617,730) (S 674,617,492) (S 460,491,492) (S 673,492,483) (S 672,483,22) (S 636,600,362) (D 0,0,0)
 0 1 5 8916 33493  21 (D 0,0,0) (S 1056,118,799) (S 1053,798,797) (S 1064,797,805) (S 153,186,112) (S 90,112,111) (S 89,111,110) (S 1177,110,809) (S 1151,808,111) (S 1150,111,801) (S 1149,801,124) (S 102,124,125) (S 1175,125,764) (S 974,764,765) (S 1148,765,124) (S 100,123,122) (S 1054,122,798) (S 1058,798,800) (S 1196,800,805) (S 93,114,115) (D 0,0,0)
 0 1 6 8536 16061  29 (D 0,0,0) (S 144,180,179) (S 142,178,177) (S 479,177,507) (S 872,344,380) (S 871,380,86) (S 339,86,375) (S 340,375,370) (S 333,370,371) (S 334,371,372) (S 335,372,40) (S 336,40,373) (S 337,373,374) (S 750,373,658) (S 749,373,84) (S 934,657,43) (S 1183,43,822) (S 1131,823,831) (S 1106,823,822) (S 1105,821,822) (S 33,43,42) (S 67,42,85) (S 68,85,86) (S 338,86,263) (S 223,263,264) (S 225,265,266) (S 227,267,268) (S 228,268,63) (D 0,0,0)
 0 1 7 8896 27424  18 (D 0,0,0) (S 743,653,522) (S 869,717,427) (S 739,427,137) (S 112,136,137) (S 390,426,425) (S 1014,781,237) (S 1015,237,782) (S 202,237,238) (S 1009,238,778) (S 1010,778,779) (S 1017,779,426) (S 418,427,452) (S 1021,601,337) (S 294,337,338) (S 519,534,445) (S 411,445,318) (D 0,0,0)
 0 1 8 8967 16473  30 (D 0,0,0) (S 477,506,14) (S 1080,14,525) (S 507,526,527) (S 522,527,368) (S 331,368,369) (S 490,513,375) (S 489,375,512) (S 488,41,512) (S 1093,512,715) (S 866,715,371) (S 758,370,669) (S 332,370,369) (S 606,369,513) (S 491,513,379) (S 344,379,380) (S 345,380,264) (S 224,264,265) (S 299,265,343) (S 221,260,261) (S 759,261,670) (S 933,745,43) (S 1096,745,670) (S 1097,670,656) (S 745,655,262) (S 845,654,509) (S 740,555,8) (S 6,7,8) (S 741,8,63) (D 0,0,0)
 0 1 9 8911 28195  20 (D 0,0,0) (S 849,707,201) (S 170,201,200) (S 442,199,79) (S 62,78,79) (S 797,476,143) (S 115,143,142) (S 440,142,476) (S 798,476,685) (S 441,476,79) (S 168,199,198) (S 167,197,198) (S 877,198,280) (S 878,280,723) (S 239,279,280) (S 240,280,281) (S 919,281,743) (S 444,477,92) (S 421,456,455) (D 0,0,0)
 0 1 10 8821 20392  15 (D 0,0,0) (S 694,622,505) (S 695,505,632) (S 696,632,69) (S 56,69,70) (S 58,71,72) (S 1128,71,829) (S 1162,838,829) (S 1129,829,624) (S 1130,624,830) (S 1163,829,632) (S 1164,632,583) (S 1165,583,737) (S 1089,816,733) (D 0,0,0)
 0 1 11 8983 23127  21 (D 0,0,0) (S 286,327,328) (S 853,54,455) (S 420,455,454) (S 419,454,453) (S 649,453,571) (S 578,571,572) (S 865,572,714) (S 579,572,573) (S 318,361,98) (S 319,98,362) (S 635,362,599) (S 962,689,606) (S 964,741,707) (S 963,741,606) (S 646,606,96) (S 77,96,97) (S 437,472,471) (S 917,691,360) (S 316,360,359) (D 0,0,0)
 0 1 12 8956 34611  27 (D 0,0,0) (S 254,295,296) (S 258,296,297) (S 429,463,462) (S 567,462,219) (S 566,219,211) (S 179,210,211) (S 565,211,486) (S 209,246,245) (S 129,128,161) (S 386,161,420) (S 387,420,421) (S 885,421,726) (S 1157,836,726) (S 1158,726,802) (S 1159,802,252) (S 1061,802,795) (S 954,420,756) (S 953,756,127) (S 952,127,757) (S 958,757,724) (S 957,757,160) (S 127,160,159) (S 210,246,213) (S 186,212,219) (S 538,546,547) (D 0,0,0)
 0 1 13 7843 16544  12 (D 0,0,0) (S 2,2,3) (S 1099,3,732) (S 21,27,26) (S 1018,26,783) (S 753,663,664) (S 799,663,686) (S 972,686,27) (S 22,27,28) (S 926,28,731) (S 889,731,732) (D 0,0,0)
 0 1 14 8941 24521  17 (D 0,0,0) (S 581,359,574) (S 468,497,461) (S 467,461,100) (S 80,100,99) (S 640,99,600) (S 670,600,502) (S 671,502,22) (S 18,22,23) (S 887,23,729) (S 19,23,24) (S 20,24,25) (S 725,24,501) (S 660,448,534) (S 410,443,444) (S 1137,443,432) (D 0,0,0)
 0 1 15 8919 27370  9 (D 0,0,0) (S 327,226,367) (S 328,367,293) (S 251,293,292) (S 630,292,269) (S 230,269,227) (S 194,227,228) (S 193,227,226) (D 0,0,0)
 0 1 16 8922 22915  12 (D 0,0,0) (S 819,695,696) (S 182,215,214) (S 560,561,258) (S 218,257,256) (S 229,256,227) (S 629,269,367) (S 326,226,366) (S 324,257,365) (S 656,365,561) (S 553,215,557) (D 0,0,0)
 0 1 17 8652 27559  14 (D 0,0,0) (S 1138,832,432) (S 726,101,501) (S 474,501,502) (S 475,502,503) (S 805,503,20) (S 16,20,21) (S 459,21,484) (S 458,484,490) (S 457,490,489) (S 466,489,496) (S 800,687,496) (S 801,496,493) (D 0,0,0)
 0 1 18 8922 22612  24 (D 0,0,0) (S 1034,702,166) (S 132,164,165) (S 835,700,481) (S 450,481,482) (S 449,481,59) (S 48,59,60) (S 46,58,57) (S 591,57,579) (S 838,579,701) (S 1036,701,790) (S 1042,790,660) (S 751,659,660) (S 1041,660,793) (S 1039,792,793) (S 1040,793,785) (S 1023,785,784) (S 1025,784,786) (S 731,649,650) (S 1022,649,784) (S 1024,784,437) (S 906,435,328) (S 816,677,0) (D 0,0,0)
 0 1 19 8786 16745  25 (D 0,0,0) (S 1107,695,81) (S 64,81,82) (S 868,716,655) (S 746,655,656) (S 1098,656,818) (S 747,656,657) (S 935,657,746) (S 748,657,84) (S 65,83,84) (S 66,84,42) (S 32,42,41) (S 31,41,40) (S 669,616,39) (S 1085,39,815) (S 30,39,40) (S 867,372,715) (S 1092,817,715) (S 1094,512,85) (S 1095,85,745) (S 932,745,260) (S 931,260,343) (S 930,343,508) (S 226,266,267) (D 0,0,0)
 0 1 20 8897 14659  25 (D 0,0,0) (S 498,416,519) (S 497,519,518) (S 857,518,329) (S 856,329,436) (S 855,436,703) (S 840,703,702) (S 839,702,701) (S 1037,701,56) (S 1038,56,791) (S 44,56,55) (S 841,703,704) (S 842,704,607) (S 843,607,705) (S 844,705,167) (S 633,167,62) (S 49,61,62) (S 634,62,169) (S 135,168,169) (S 305,169,349) (S 306,349,350) (S 465,350,495) (S 1030,495,325) (S 1029,325,520) (D 0,0,0)
 0 1 21 8965 42307  10 (D 0,0,0) (S 537,184,545) (S 34,44,45) (S 1181,45,812) (S 1182,812,76) (S 61,76,77) (S 1075,812,182) (S 146,182,75) (S 355,391,392) (D 0,0,0)
 0 1 22 8965 33994  22 (D 0,0,0) (S 255,296,218) (S 185,218,219) (S 180,211,212) (S 181,212,213) (S 436,213,470) (S 879,470,540) (S 534,542,543) (S 1192,543,843) (S 1191,843,105) (S 1190,105,48) (S 1205,47,848) (S 1204,47,106) (S 1203,106,847) (S 1208,847,845) (S 1200,845,107) (S 1201,846,544) (S 535,544,543) (S 1193,543,813) (S 1076,813,810) (S 1077,810,754) (D 0,0,0)
 0 1 23 8885 30698  26 (D 0,0,0) (S 539,547,548) (S 526,537,224) (S 527,224,538) (S 528,538,295) (S 568,539,462) (S 428,462,213) (S 955,245,748) (S 938,748,129) (S 937,129,244) (S 385,243,161) (S 130,161,162) (S 131,162,163) (S 1051,162,795) (S 1052,795,796) (S 1103,820,796) (S 1104,796,243) (S 206,243,244) (S 207,244,130) (S 208,130,245) (S 453,246,274) (S 235,274,275) (S 563,275,564) (S 577,564,570) (S 789,222,681) (D 0,0,0)
 0 1 24 8867 12075  30 (D 0,0,0) (S 777,676,677) (S 792,677,521) (S 502,521,522) (S 1153,708,719) (S 870,719,718) (S 1139,718,832) (S 1155,832,317) (S 1156,317,835) (S 276,317,316) (S 1142,316,761) (S 969,761,762) (S 970,762,673) (S 767,673,524) (S 766,524,16) (S 765,16,672) (S 781,672,431) (S 782,431,506) (S 783,506,346) (S 302,346,345) (S 301,345,344) (S 873,344,507) (S 480,507,266) (S 481,266,508) (S 929,508,671) (S 928,671,675) (S 772,675,268) (S 771,268,180) (S 770,180,674) (D 0,0,0)
 0 1 25 8966 33910  31 (D 0,0,0) (S 584,576,382) (S 346,382,381) (S 820,697,381) (S 989,381,221) (S 864,712,713) (S 29,37,38) (S 110,134,133) (S 109,133,132) (S 575,569,131) (S 107,131,130) (S 106,130,129) (S 105,129,128) (S 128,128,160) (S 956,160,748) (S 939,748,315) (S 274,315,159) (S 273,159,314) (S 880,470,314) (S 881,314,724) (S 882,724,126) (S 883,126,725) (S 950,725,751) (S 942,751,752) (S 941,750,751) (S 884,725,421) (S 949,756,725) (S 103,126,127) (S 104,127,128) (S 628,565,367) (D 0,0,0)
 0 1 26 8972 18134  20 (D 0,0,0) (S 308,351,326) (S 307,326,350) (S 464,495,494) (S 463,494,320) (S 280,320,321) (S 312,321,356) (S 281,321,322) (S 282,322,323) (S 546,358,554) (S 861,554,139) (S 860,709,139) (S 113,138,139) (S 862,554,573) (S 580,573,359) (S 314,358,322) (S 1135,814,494) (S 1154,832,719) (S 1152,708,522) (D 0,0,0)
 0 1 27 8962 27642  21 (D 0,0,0) (S 359,395,396) (S 485,511,396) (S 486,396,500) (S 487,500,389) (S 354,389,390) (S 1050,390,530) (S 631,530,597) (S 1197,615,844) (S 1198,844,842) (S 1189,842,680) (S 786,680,133) (S 790,681,576) (S 585,576,286) (S 244,286,285) (S 823,285,536) (S 524,536,248) (S 212,248,249) (S 589,567,578) (S 1184,578,609) (D 0,0,0)
 0 1 28 8990 15815  20 (D 0,0,0) (S 383,417,418) (S 925,418,739) (S 923,736,313) (S 922,313,582) (S 920,744,633) (S 698,633,405) (S 370,405,404) (S 369,404,403) (S 663,403,613) (S 368,403,170) (S 136,170,171) (S 901,171,450) (S 416,450,419) (S 417,419,451) (S 1087,451,65) (S 51,65,64) (S 1027,64,787) (S 1168,787,63) (D 0,0,0)
 0 1 29 8838 33568  23 (D 0,0,0) (S 523,364,536) (S 211,248,247) (S 718,247,223) (S 717,643,223) (S 189,223,222) (S 788,222,595) (S 200,132,235) (S 199,132,234) (S 716,642,234) (S 541,551,549) (S 540,549,550) (S 542,549,233) (S 197,232,233) (S 198,233,234) (S 108,132,131) (S 576,131,564) (S 621,570,277) (S 238,277,278) (S 246,288,278) (S 247,278,289) (S 620,570,595) (D 0,0,0)
 0 1 30 8981 34998  18 (D 0,0,0) (S 572,249,547) (S 536,544,184) (S 150,184,183) (S 1207,183,845) (S 1206,849,183) (S 149,183,108) (S 148,108,46) (S 35,46,45) (S 1180,45,109) (S 88,109,108) (S 87,108,107) (S 86,107,106) (S 85,106,105) (S 84,105,104) (S 83,104,103) (S 525,537,248) (D 0,0,0)
 0 1 31 8800 15490  23 (D 0,0,0) (S 779,653,674) (S 769,674,17) (S 768,17,523) (S 858,708,433) (S 689,631,324) (S 859,324,433) (S 400,433,432) (S 1141,761,526) (S 1140,526,347) (S 303,347,346) (S 300,344,265) (S 298,343,342) (S 297,341,342) (S 760,342,261) (S 222,261,262) (S 744,262,654) (S 846,654,82) (S 160,82,190) (S 547,190,81) (S 63,81,80) (S 614,80,532) (D 0,0,0)
 0 1 32 8883 20986  17 (D 0,0,0) (S 403,415,435) (S 854,703,54) (S 852,455,592) (S 75,94,95) (S 76,95,96) (S 647,96,472) (S 648,472,571) (S 650,453,52) (S 40,52,51) (S 1101,51,794) (S 1102,794,819) (S 1043,794,55) (S 43,55,54) (S 42,54,53) (S 907,704,435) (D 0,0,0)
 0 1 33 8958 30382  21 (D 0,0,0) (S 329,293,174) (S 948,115,755) (S 1212,755,811) (S 1072,811,810) (S 1194,813,113) (S 1195,113,805) (S 1065,805,186) (S 154,186,187) (S 155,187,123) (S 156,123,32) (S 101,123,124) (S 1060,801,187) (S 1059,187,800) (S 1057,798,799) (S 98,121,119) (S 96,119,118) (S 95,118,115) (S 330,115,174) (S 252,293,294) (D 0,0,0)
 0 1 34 8920 24655  22 (D 0,0,0) (S 501,521,520) (S 911,591,95) (S 912,95,741) (S 913,741,202) (S 914,202,145) (S 915,145,742) (S 116,145,144) (S 293,336,144) (S 117,145,146) (S 118,146,147) (S 119,147,148) (S 120,148,149) (S 847,706,146) (S 848,146,201) (S 171,201,202) (S 172,202,203) (S 807,203,689) (S 808,689,599) (S 809,599,690) (S 810,690,691) (D 0,0,0)
 0 1 35 8959 35764  17 (D 0,0,0) (S 1173,825,464) (S 430,464,465) (S 435,469,304) (S 263,302,303) (S 1111,303,556) (S 550,556,469) (S 715,468,641) (S 1113,641,683) (S 794,682,683) (S 1114,683,693) (S 815,693,694) (S 1115,693,662) (S 752,661,662) (S 1117,665,440) (S 1172,441,825) (D 0,0,0)
 0 1 36 8808 23636  19 (D 0,0,0) (S 655,561,609) (S 654,609,608) (S 1170,608,577) (S 588,577,567) (S 574,567,568) (S 213,249,250) (S 722,566,644) (S 721,566,548) (S 720,548,537) (S 719,537,247) (S 190,223,224) (S 191,224,225) (S 192,225,226) (S 325,366,257) (S 323,365,117) (S 94,117,116) (S 977,116,300) (D 0,0,0)
 0 1 37 8290 16811  24 (D 0,0,0) (S 496,518,517) (S 642,517,602) (S 641,602,603) (S 724,603,604) (S 723,645,604) (S 686,605,628) (S 644,605,604) (S 643,604,602) (S 494,516,515) (S 701,634,515) (S 702,515,422) (S 388,422,423) (S 703,422,439) (S 594,580,332) (S 290,332,331) (S 289,331,330) (S 288,330,329) (S 287,329,328) (S 905,328,519) (S 904,519,740) (S 1002,740,417) (S 500,351,520) (D 0,0,0)
 0 1 38 8987 29966  16 (D 0,0,0) (S 971,708,673) (S 1011,779,239) (S 204,239,240) (S 203,239,238) (S 201,237,236) (S 122,152,153) (S 980,152,236) (S 979,236,424) (S 876,721,722) (S 978,722,424) (S 389,424,425) (S 1013,425,781) (S 1016,781,778) (S 391,426,427) (D 0,0,0)
 0 1 39 8656 28728  24 (D 0,0,0) (S 927,330,437) (S 704,439,635) (S 959,635,758) (S 960,758,759) (S 961,758,760) (S 705,635,636) (S 706,636,58) (S 562,562,563) (S 72,92,91) (S 71,90,91) (S 874,91,282) (S 875,282,720) (S 242,282,283) (S 241,282,281) (S 918,281,477) (S 443,477,199) (S 169,199,200) (S 713,200,639) (S 1161,837,639) (S 712,200,638) (S 711,638,637) (S 940,637,749) (D 0,0,0)
 0 1 40 8953 18986  19 (D 0,0,0) (S 1,0,1) (S 1031,495,788) (S 1032,788,789) (S 1082,788,814) (S 1133,357,335) (S 292,335,334) (S 812,334,471) (S 811,471,691) (S 916,690,97) (S 78,97,98) (S 79,98,99) (S 639,99,460) (S 426,460,361) (S 315,359,358) (S 313,322,357) (S 1134,357,814) (S 1136,494,443) (D 0,0,0)
 0 1 41 7259 12281  19 (D 0,0,0) (S 778,677,653) (S 780,674,672) (S 764,672,179) (S 143,178,179) (S 763,179,267) (S 762,267,671) (S 482,508,5) (S 483,5,509) (S 484,509,510) (S 549,509,555) (S 548,555,190) (S 161,190,191) (S 1084,191,4) (S 1083,4,728) (S 886,728,727) (S 936,747,727) (S 3,4,3) (D 0,0,0)
 0 1 42 8854 32376  10 (D 0,0,0) (S 304,292,348) (S 1067,348,175) (S 141,175,176) (S 1068,175,807) (S 140,175,174) (S 139,174,173) (S 1055,173,596) (S 627,596,565) (D 0,0,0)
 0 1 43 8997 30830  24 (D 0,0,0) (S 806,203,503) (S 804,20,485) (S 452,485,484) (S 451,484,483) (S 461,492,490) (S 462,490,493) (S 802,493,688) (S 1120,688,667) (S 756,667,442) (S 757,442,668) (S 409,442,441) (S 1171,840,441) (S 408,441,440) (S 617,594,440) (S 754,665,465) (S 813,692,466) (S 814,466,693) (S 1116,662,665) (S 755,665,666) (S 1118,440,825) (S 1119,825,667) (S 803,688,485) (D 0,0,0)
 0 1 44 8999 14952  11 (D 0,0,0) (S 266,151,306) (S 554,306,557) (S 1124,557,301) (S 1125,301,827) (S 262,301,300) (S 267,300,306) (S 174,151,205) (S 1108,205,695) (S 818,695,2) (D 0,0,0)
 0 1 45 8917 40172  16 (D 0,0,0) (S 785,680,679) (S 1160,679,252) (S 216,252,253) (S 215,252,231) (S 214,251,231) (S 233,272,230) (S 195,230,229) (S 543,552,299) (S 260,299,229) (S 261,229,254) (S 217,254,255) (S 234,230,273) (S 196,230,231) (S 787,133,595) (D 0,0,0)
 0 1 46 8950 37932  23 (D 0,0,0) (S 831,120,34) (S 26,34,33) (S 99,121,122) (S 1063,797,804) (S 1143,804,799) (S 1144,799,121) (S 1145,121,33) (S 25,33,32) (S 10,12,13) (S 158,12,188) (S 828,699,188) (S 829,188,11) (S 830,11,34) (S 159,188,189) (S 827,189,698) (S 826,189,10) (S 7,9,10) (S 825,10,35) (S 28,35,36) (S 27,35,34) (S 97,120,119) (D 0,0,0)
 0 1 47 8803 20984  19 (D 0,0,0) (S 657,610,611) (S 1001,611,647) (S 728,646,575) (S 638,574,460) (S 427,460,461) (S 81,100,101) (S 82,101,102) (S 727,101,575) (S 583,575,497) (S 582,497,574) (S 637,574,601) (S 1020,601,446) (S 661,534,319) (S 1078,718,762) (S 1079,762,525) (S 11,14,15) (S 12,15,16) (D 0,0,0)
 0 1 48 8685 23162  17 (D 0,0,0) (S 401,349,434) (S 651,607,52) (S 41,52,53) (S 909,53,454) (S 74,94,93) (S 73,93,92) (S 445,92,478) (S 996,478,771) (S 446,478,479) (S 997,479,772) (S 447,479,480) (S 995,480,770) (S 448,480,59) (S 47,59,58) (S 45,57,56) (D 0,0,0)
 0 1 49 8906 34355  19 (D 0,0,0) (S 1005,777,393) (S 356,393,392) (S 392,392,428) (S 393,428,386) (S 350,386,385) (S 984,385,376) (S 985,376,766) (S 987,73,767) (S 1066,806,74) (S 145,181,75) (S 60,75,74) (S 59,74,73) (S 986,73,766) (S 1046,766,429) (S 1048,399,652) (S 1049,652,390) (S 360,397,396) (D 0,0,0)
 0 1 50 8999 37093  20 (D 0,0,0) (S 824,120,35) (S 8,10,11) (S 9,11,12) (S 157,12,32) (S 975,32,765) (S 1147,765,834) (S 1146,833,834) (S 1174,834,764) (S 973,763,764) (S 1062,125,803) (S 1176,125,110) (S 1179,545,109) (S 1178,545,809) (S 1071,809,808) (S 1070,808,185) (S 152,185,112) (S 91,112,113) (S 92,113,114) (D 0,0,0)
 0 1 51 8044 16785  18 (D 0,0,0) (S 1026,3,787) (S 1167,787,816) (S 899,738,66) (S 53,66,67) (S 54,67,68) (S 55,68,69) (S 697,69,405) (S 371,405,406) (S 1033,406,70) (S 57,70,71) (S 1127,71,407) (S 1126,828,407) (S 373,407,408) (S 372,407,406) (S 382,417,416) (S 499,416,351) (D 0,0,0)
 0 1 52 8985 16068  20 (D 0,0,0) (S 1090,734,733) (S 890,733,621) (S 677,620,621) (S 678,621,459) (S 423,458,459) (S 424,459,355) (S 311,355,354) (S 310,354,353) (S 681,584,622) (S 682,622,623) (S 684,624,625) (S 683,624,623) (S 774,623,505) (S 476,505,504) (S 602,504,584) (S 321,354,193) (S 163,193,192) (S 162,192,191) (D 0,0,0)
 0 1 53 8474 16250  13 (D 0,0,0) (S 603,584,194) (S 611,590,589) (S 610,589,588) (S 557,559,209) (S 1132,558,826) (S 1122,826,208) (S 176,207,206) (S 175,206,151) (S 121,151,150) (S 518,150,533) (S 517,150,532) (D 0,0,0)
 0 1 54 8879 26177  19 (D 0,0,0) (S 510,291,155) (S 511,155,529) (S 513,397,89) (S 70,89,88) (S 69,87,88) (S 666,88,614) (S 665,614,156) (S 125,156,157) (S 1185,614,529) (S 512,529,397) (S 473,89,500) (S 472,500,499) (S 736,499,395) (S 737,395,290) (S 738,290,137) (S 1019,452,446) (S 662,319,443) (D 0,0,0)
 0 1 55 8966 33005  21 (D 0,0,0) (S 471,499,398) (S 362,398,387) (S 363,387,378) (S 364,378,399) (S 365,399,400) (S 374,409,400) (S 366,400,401) (S 367,401,402) (S 379,401,410) (S 376,410,411) (S 375,410,400) (S 378,401,414) (S 732,651,414) (S 733,414,652) (S 734,652,388) (S 352,388,387) (S 351,387,386) (S 1006,498,393) (S 357,393,394) (D 0,0,0)
 0 1 56 8728 34004  14 (D 0,0,0) (S 279,319,320) (S 993,768,19) (S 994,19,769) (S 295,339,340) (S 552,340,473) (S 438,473,474) (S 1169,474,839) (S 439,474,475) (S 551,469,473) (S 296,340,18) (S 14,18,19) (S 15,19,20) (D 0,0,0)
 0 1 57 8990 28350  22 (D 0,0,0) (S 791,287,576) (S 619,595,38) (S 618,38,135) (S 257,135,276) (S 256,276,218) (S 184,218,217) (S 232,216,271) (S 231,270,216) (S 183,216,217) (S 623,217,463) (S 624,463,297) (S 259,297,298) (S 625,297,538) (S 626,538,596) (S 569,565,225) (S 570,225,566) (S 571,566,547) (S 573,249,567) (S 590,578,366) (S 219,257,258) (D 0,0,0)
 0 1 58 8998 32482  19 (D 0,0,0) (S 1012,239,780) (S 981,152,140) (S 114,140,141) (S 982,140,391) (S 983,391,385) (S 341,376,377) (S 342,377,378) (S 1047,399,429) (S 396,429,412) (S 397,412,430) (S 377,412,413) (S 395,429,377) (S 394,377,386) (S 469,428,498) (S 470,498,398) (S 361,398,394) (S 358,394,395) (D 0,0,0)
 0 1 59 8916 14610  19 (D 0,0,0) (S 381,416,327) (S 380,327,415) (S 402,415,434) (S 1081,434,705) (S 134,167,166) (S 133,166,165) (S 832,165,700) (S 836,700,636) (S 837,636,579) (S 592,579,438) (S 406,438,437) (S 405,437,436) (S 404,436,435) (S 285,327,326) (S 284,326,325) (S 283,325,324) (S 690,324,521) (D 0,0,0)
 0 1 60 8893 14522  15 (D 0,0,0) (S 1100,3,191) (S 425,192,355) (S 164,193,194) (S 165,194,195) (S 691,590,207) (S 1121,208,588) (S 776,589,196) (S 775,196,623) (S 693,622,195) (S 692,195,590) (S 612,590,585) (S 613,585,532) (S 516,532,191) (D 0,0,0)
 0 1 61 8759 18722  13 (D 0,0,0) (S 166,195,196) (S 609,588,559) (S 608,559,587) (S 607,586,587) (S 976,587,300) (S 555,306,558) (S 556,558,209) (S 178,209,208) (S 177,208,207) (S 605,206,585) (S 604,585,194) (D 0,0,0)
 0 1 62 8170 25772  7 (D 0,0,0) (S 1123,205,557) (S 220,258,259) (S 558,560,294) (S 559,294,258) (S 817,2,0) (D 0,0,0)
 0 1 63 8889 17167  12 (D 0,0,0) (S 495,517,516) (S 595,516,332) (S 291,332,333) (S 834,333,481) (S 833,333,514) (S 493,514,515) (S 596,516,581) (S 1044,581,776) (S 1004,776,735) (S 892,735,518) (D 0,0,0)
 0 1 64 8636 26976  18 (D 0,0,0) (S 653,608,29) (S 652,29,287) (S 545,287,383) (S 544,553,383) (S 245,287,286) (S 243,284,285) (S 822,285,681) (S 821,681,381) (S 347,382,383) (S 348,383,30) (S 24,30,31) (S 349,30,384) (S 23,30,29) (S 322,29,364) (S 561,561,214) (S 173,204,205) (D 0,0,0)
 0 1 65 8871 38581  16 (D 0,0,0) (S 432,466,467) (S 796,467,684) (S 433,467,468) (S 434,468,469) (S 265,304,305) (S 264,304,303) (S 1110,303,308) (S 268,307,308) (S 1109,824,308) (S 269,308,309) (S 1112,556,641) (S 714,640,641) (S 795,683,467) (S 431,466,465) (D 0,0,0)
 0 1 66 8925 17505  27 (D 0,0,0) (S 309,351,352) (S 1086,352,451) (S 384,419,418) (S 924,739,736) (S 414,449,312) (S 271,312,310) (S 270,310,311) (S 272,310,313) (S 921,582,633) (S 699,633,627) (S 687,627,629) (S 688,629,630) (S 951,629,634) (S 700,634,627) (S 685,627,626) (S 1045,626,581) (S 597,581,582) (S 598,582,404) (S 599,404,68) (S 600,68,583) (S 601,583,504) (S 680,584,353) (S 679,353,459) (S 891,621,734) (S 1091,734,4) (D 0,0,0)
 0 1 67 8654 16123  28 (D 0,0,0) (S 503,522,523) (S 504,523,524) (S 505,524,525) (S 506,525,526) (S 521,527,535) (S 968,535,761) (S 277,317,318) (S 278,318,319) (S 413,448,447) (S 793,447,646) (S 729,646,647) (S 730,647,648) (S 1007,647,612) (S 658,612,611) (S 1000,611,774) (S 998,773,774) (S 999,774,775) (S 1008,774,612) (S 659,612,448) (S 520,445,535) (S 343,368,379) (S 492,379,345) (S 478,506,177) (S 398,178,431) (S 399,431,15) (S 13,16,17) (D 0,0,0)
 0 1 68 8557 14593  24 (D 0,0,0) (S 1028,520,64) (S 52,65,66) (S 900,66,171) (S 137,171,172) (S 895,170,449) (S 415,449,450) (S 902,450,739) (S 903,739,740) (S 1003,740,735) (S 893,735,736) (S 894,736,449) (S 896,170,67) (S 897,67,737) (S 898,737,738) (S 1166,738,816) (S 1088,816,65) (S 50,64,63) (S 761,671,6) (S 4,5,6) (S 5,6,7) (S 773,7,675) (S 742,63,653) (D 0,0,0)
 0 1 69 8890 28791  14 (D 0,0,0) (S 123,154,155) (S 124,155,156) (S 664,156,363) (S 645,155,363) (S 320,363,242) (S 509,291,241) (S 508,241,528) (S 784,528,678) (S 205,241,242) (S 250,242,291) (S 249,291,154) (S 248,154,290) (D 0,0,0)
 0 1 70 8970 31259  22 (D 0,0,0) (S 253,294,295) (S 529,295,539) (S 530,539,158) (S 138,158,173) (S 531,158,540) (S 945,541,753) (S 1211,753,841) (S 1210,841,843) (S 1209,843,847) (S 1202,847,544) (S 533,542,541) (S 532,541,540) (S 126,158,159) (S 275,315,246) (S 454,274,486) (S 455,486,487) (S 564,486,275) (S 236,275,276) (S 237,276,277) (S 622,277,217) (D 0,0,0)
