1763277
70
3624058
3594370
 0 1 1 8788 25248  23 (D 0,0,0) (S 561,214,561) (S 1170,608,577) (S 587,577,364) (S 586,364,286) (S 585,286,576) (S 791,576,287) (S 347,383,382) (S 820,697,381) (S 346,381,382) (S 584,382,576) (S 790,576,681) (S 821,681,381) (S 989,381,221) (S 187,220,221) (S 188,221,222) (S 189,222,223) (S 717,643,223) (S 719,247,537) (S 720,537,548) (S 539,548,547) (S 573,249,567) (D 0,0,0)
 0 1 2 8910 24911  20 (D 0,0,0) (S 285,326,327) (S 42,54,53) (S 910,454,591) (S 911,591,95) (S 850,94,707) (S 848,201,146) (S 118,146,147) (S 120,148,149) (S 119,148,147) (S 847,706,146) (S 117,146,145) (S 116,145,144) (S 293,336,144) (S 915,145,742) (S 914,145,202) (S 172,202,203) (S 809,599,690) (S 811,691,471) (D 0,0,0)
 0 1 3 8989 41326  18 (D 0,0,0) (S 215,252,231) (S 196,231,230) (S 195,230,229) (S 543,552,299) (S 260,299,229) (S 217,254,255) (S 261,254,229) (S 234,230,273) (S 233,272,230) (S 214,251,231) (S 1159,252,802) (S 1061,802,795) (S 385,161,243) (S 207,244,130) (S 107,130,131) (S 575,569,131) (D 0,0,0)
 0 1 4 8989 28382  19 (D 0,0,0) (S 869,717,427) (S 1011,779,239) (S 204,239,240) (S 1012,239,780) (S 203,239,238) (S 202,238,237) (S 201,237,236) (S 979,236,424) (S 978,424,722) (S 876,721,722) (S 389,424,425) (S 1013,425,781) (S 1016,781,778) (S 1009,238,778) (S 1010,778,779) (S 1017,779,426) (S 391,426,427) (D 0,0,0)
 0 1 5 8917 20728  15 (D 0,0,0) (S 500,520,351) (S 499,351,416) (S 495,517,516) (S 494,516,515) (S 47,58,59) (S 48,59,60) (S 448,59,480) (S 995,480,770) (S 449,59,481) (S 450,481,482) (S 834,481,333) (S 291,333,332) (S 595,332,516) (D 0,0,0)
 0 1 6 8951 24719  18 (D 0,0,0) (S 655,561,609) (S 654,609,608) (S 322,29,364) (S 823,536,285) (S 243,284,285) (S 244,285,286) (S 245,286,287) (S 545,287,383) (S 544,553,383) (S 348,383,30) (S 349,30,384) (S 24,30,31) (S 23,30,29) (S 653,29,608) (S 266,306,151) (S 516,532,191) (D 0,0,0)
 0 1 7 8389 14213  17 (D 0,0,0) (S 1,0,1) (S 890,733,621) (S 677,620,621) (S 678,621,459) (S 310,353,354) (S 311,354,355) (S 425,355,192) (S 163,192,193) (S 164,193,194) (S 605,585,206) (S 175,206,151) (S 121,151,150) (S 518,150,533) (S 517,150,532) (S 817,2,0) (D 0,0,0)
 0 1 8 8337 11599  21 (D 0,0,0) (S 816,0,677) (S 768,17,523) (S 767,524,673) (S 970,673,762) (S 969,762,761) (S 1142,761,316) (S 276,316,317) (S 278,318,319) (S 1136,443,494) (S 463,494,320) (S 279,320,319) (S 662,319,443) (S 410,443,444) (S 1137,443,432) (S 400,432,433) (S 859,433,324) (S 689,631,324) (S 690,324,521) (S 792,521,677) (D 0,0,0)
 0 1 9 8898 29203  18 (D 0,0,0) (S 511,155,529) (S 512,529,397) (S 360,397,396) (S 486,396,500) (S 473,500,89) (S 667,88,597) (S 631,597,530) (S 515,530,531) (S 514,530,89) (S 513,397,89) (S 70,89,88) (S 69,87,88) (S 666,88,614) (S 125,156,157) (S 124,156,155) (S 510,155,291) (D 0,0,0)
 0 1 10 8994 25194  16 (D 0,0,0) (S 382,416,417) (S 383,417,418) (S 924,739,736) (S 687,627,629) (S 688,629,630) (S 951,629,634) (S 700,634,627) (S 699,627,633) (S 920,744,633) (S 698,633,405) (S 1033,406,70) (S 57,70,71) (S 1128,71,829) (S 1162,838,829) (D 0,0,0)
 0 1 11 8941 22906  18 (D 0,0,0) (S 812,334,471) (S 916,690,97) (S 646,96,606) (S 963,606,741) (S 913,741,202) (S 171,202,201) (S 849,201,707) (S 965,707,638) (S 711,638,637) (S 562,562,563) (S 422,456,457) (S 421,456,455) (S 420,455,454) (S 419,454,453) (S 650,453,52) (S 41,52,53) (D 0,0,0)
 0 1 12 8904 16228  13 (D 0,0,0) (S 176,206,207) (S 177,207,208) (S 178,208,209) (S 556,209,558) (S 555,558,306) (S 262,300,301) (S 1125,301,827) (S 1124,301,557) (S 1123,557,205) (S 173,204,205) (S 1108,205,695) (D 0,0,0)
 0 1 13 8908 21902  21 (D 0,0,0) (S 858,708,433) (S 1031,495,788) (S 1032,788,789) (S 1134,814,357) (S 313,357,322) (S 546,358,554) (S 113,138,139) (S 860,709,139) (S 861,139,554) (S 862,554,573) (S 580,573,359) (S 316,359,360) (S 917,360,691) (S 437,471,472) (S 648,472,571) (S 578,571,572) (S 865,572,714) (S 579,572,573) (S 870,718,719) (D 0,0,0)
 0 1 14 8995 27458  18 (D 0,0,0) (S 426,361,460) (S 639,460,99) (S 640,99,600) (S 670,600,502) (S 671,502,22) (S 17,22,21) (S 459,21,484) (S 458,484,490) (S 457,490,489) (S 466,489,496) (S 800,687,496) (S 801,496,493) (S 79,99,98) (S 315,359,358) (S 282,322,323) (S 1082,814,788) (D 0,0,0)
 0 1 15 8724 31790  22 (D 0,0,0) (S 1120,688,667) (S 1118,825,440) (S 755,665,666) (S 1116,665,662) (S 752,661,662) (S 1115,662,693) (S 1114,693,683) (S 1113,683,641) (S 714,640,641) (S 1112,641,556) (S 264,303,304) (S 265,304,305) (S 435,304,469) (S 434,469,468) (S 433,468,467) (S 430,465,464) (S 1173,464,825) (S 1172,825,441) (S 409,441,442) (S 756,442,667) (D 0,0,0)
 0 1 16 8939 39633  12 (D 0,0,0) (S 469,498,428) (S 985,376,766) (S 60,74,75) (S 1075,182,812) (S 1182,812,76) (S 61,76,77) (S 1181,812,45) (S 1179,109,545) (S 537,545,184) (S 534,543,542) (D 0,0,0)
 0 1 17 8819 11872  25 (D 0,0,0) (S 2,2,3) (S 1026,3,787) (S 1168,787,63) (S 771,268,180) (S 770,180,674) (S 769,674,17) (S 13,17,16) (S 12,16,15) (S 11,15,14) (S 477,14,506) (S 783,506,346) (S 301,345,344) (S 872,344,380) (S 344,380,379) (S 343,379,368) (S 521,527,535) (S 520,535,445) (S 411,445,318) (S 277,318,317) (S 1156,317,835) (S 1155,317,832) (S 1154,832,719) (S 743,522,653) (D 0,0,0)
 0 1 18 8861 31358  21 (D 0,0,0) (S 1019,446,452) (S 358,395,394) (S 1006,393,498) (S 470,498,398) (S 342,378,377) (S 395,377,429) (S 377,412,413) (S 397,412,430) (S 396,412,429) (S 1047,429,399) (S 1048,399,652) (S 734,652,388) (S 353,388,389) (S 352,388,387) (S 351,387,386) (S 393,386,428) (S 392,428,392) (S 356,392,393) (S 357,393,394) (D 0,0,0)
 0 1 19 8944 16613  19 (D 0,0,0) (S 894,736,449) (S 895,449,170) (S 896,170,67) (S 897,67,737) (S 1165,737,583) (S 1164,583,632) (S 1163,632,829) (S 1129,829,624) (S 684,624,625) (S 1130,624,830) (S 683,624,623) (S 682,623,622) (S 693,622,195) (S 692,195,590) (S 612,590,585) (S 321,193,354) (S 424,355,459) (D 0,0,0)
 0 1 20 8836 30278  17 (D 0,0,0) (S 390,426,425) (S 1014,781,237) (S 1015,237,782) (S 980,236,152) (S 122,152,153) (S 981,152,140) (S 114,140,141) (S 982,140,391) (S 350,385,386) (S 394,386,377) (S 341,377,376) (S 984,376,385) (S 983,385,391) (S 355,391,392) (S 1005,777,393) (D 0,0,0)
 0 1 21 8990 33717  19 (D 0,0,0) (S 883,126,725) (S 884,725,421) (S 885,421,726) (S 1157,836,726) (S 1158,726,802) (S 216,252,253) (S 1160,252,679) (S 785,679,680) (S 1198,842,844) (S 1199,844,135) (S 1197,844,615) (S 632,597,598) (S 668,597,615) (S 1188,615,842) (S 1189,842,680) (S 786,680,133) (S 787,133,595) (D 0,0,0)
 0 1 22 8974 17538  27 (D 0,0,0) (S 778,677,653) (S 971,708,673) (S 1079,762,525) (S 332,369,370) (S 333,370,371) (S 334,371,372) (S 335,372,40) (S 30,40,39) (S 669,616,39) (S 1085,39,815) (S 867,372,715) (S 488,512,41) (S 32,41,42) (S 66,42,84) (S 749,84,373) (S 337,373,374) (S 750,373,658) (S 336,373,40) (S 31,40,41) (S 933,43,745) (S 1095,745,85) (S 871,86,380) (S 345,380,264) (S 224,264,265) (S 227,267,268) (D 0,0,0)
 0 1 23 8900 18763  19 (D 0,0,0) (S 288,329,330) (S 289,330,331) (S 290,331,332) (S 594,332,580) (S 593,580,438) (S 407,438,439) (S 704,439,635) (S 961,758,760) (S 960,758,759) (S 959,758,635) (S 832,700,165) (S 132,164,165) (S 133,165,166) (S 1034,166,702) (S 134,166,167) (S 307,350,326) (S 283,325,324) (D 0,0,0)
 0 1 24 8988 34645  20 (D 0,0,0) (S 471,499,398) (S 986,766,73) (S 59,73,74) (S 1066,74,806) (S 1074,806,182) (S 145,181,75) (S 146,75,182) (S 147,182,46) (S 148,46,108) (S 87,108,107) (S 1200,107,845) (S 86,107,106) (S 1203,106,847) (S 1202,847,544) (S 1201,846,544) (S 535,544,543) (S 1193,543,813) (S 947,754,755) (D 0,0,0)
 0 1 25 8272 16710  12 (D 0,0,0) (S 976,300,587) (S 607,586,587) (S 608,587,559) (S 609,559,588) (S 610,588,589) (S 776,589,196) (S 166,196,195) (S 165,195,194) (S 162,192,191) (S 1100,191,3) (D 0,0,0)
 0 1 26 8980 25942  8 (D 0,0,0) (S 174,151,205) (S 560,561,258) (S 220,258,259) (S 218,257,256) (S 229,256,227) (S 193,227,226) (D 0,0,0)
 0 1 27 8882 33177  24 (D 0,0,0) (S 1152,522,708) (S 1138,832,432) (S 361,394,398) (S 362,398,387) (S 363,387,378) (S 364,378,399) (S 1046,429,766) (S 987,73,767) (S 1073,767,806) (S 988,767,49) (S 39,49,50) (S 37,48,47) (S 1204,47,106) (S 85,106,105) (S 1190,105,48) (S 38,48,49) (S 943,49,103) (S 944,103,753) (S 529,539,295) (S 526,224,537) (S 721,548,566) (S 571,566,547) (D 0,0,0)
 0 1 28 8765 21102  17 (D 0,0,0) (S 765,672,16) (S 766,16,524) (S 1141,526,761) (S 968,761,535) (S 519,445,534) (S 250,291,242) (S 320,242,363) (S 645,363,155) (S 123,155,154) (S 248,154,290) (S 739,137,427) (S 418,427,452) (S 412,446,447) (S 413,447,448) (S 661,534,319) (D 0,0,0)
 0 1 29 8947 28547  25 (D 0,0,0) (S 73,93,92) (S 444,92,477) (S 918,477,281) (S 919,281,743) (S 240,281,280) (S 239,279,280) (S 878,280,723) (S 877,280,198) (S 167,197,198) (S 168,198,199) (S 443,199,477) (S 241,281,282) (S 875,282,720) (S 242,282,283) (S 874,282,91) (S 71,90,91) (S 72,91,92) (S 445,92,478) (S 996,478,771) (S 446,478,479) (S 997,479,772) (S 447,479,480) (S 1035,580,331) (D 0,0,0)
 0 1 30 8973 16796  18 (D 0,0,0) (S 287,328,329) (S 927,330,437) (S 406,437,438) (S 592,438,579) (S 837,579,636) (S 836,636,700) (S 835,700,481) (S 833,333,514) (S 493,514,515) (S 685,627,626) (S 1045,626,581) (S 1044,581,776) (S 1004,776,735) (S 892,735,518) (S 904,519,740) (S 1002,740,417) (D 0,0,0)
 0 1 31 8999 30517  18 (D 0,0,0) (S 528,538,295) (S 531,158,540) (S 1187,542,841) (S 1186,841,104) (S 84,104,105) (S 1191,105,843) (S 1209,843,847) (S 1208,847,845) (S 1207,845,183) (S 1206,849,183) (S 151,184,185) (S 152,185,112) (S 153,112,186) (S 329,174,293) (S 559,294,258) (S 554,557,306) (D 0,0,0)
 0 1 32 8638 21436  18 (D 0,0,0) (S 404,435,436) (S 1023,784,785) (S 751,659,660) (S 1036,790,701) (S 1038,56,791) (S 45,56,57) (S 707,58,456) (S 708,456,562) (S 709,562,93) (S 74,93,94) (S 851,94,592) (S 616,592,593) (S 852,592,455) (S 853,455,54) (S 854,54,703) (S 905,328,519) (D 0,0,0)
 0 1 33 8998 28204  19 (D 0,0,0) (S 710,93,637) (S 940,637,749) (S 712,638,200) (S 169,200,199) (S 797,476,143) (S 115,143,142) (S 440,142,476) (S 798,476,685) (S 441,476,79) (S 62,78,79) (S 442,79,199) (S 713,200,639) (S 1161,837,639) (S 170,200,201) (S 964,707,741) (S 912,741,95) (S 286,328,327) (D 0,0,0)
 0 1 34 8877 34348  20 (D 0,0,0) (S 804,20,485) (S 757,442,668) (S 1171,840,441) (S 408,441,440) (S 1117,440,665) (S 815,693,694) (S 814,693,466) (S 432,466,467) (S 795,467,683) (S 794,682,683) (S 796,467,684) (S 813,692,466) (S 431,466,465) (S 754,465,665) (S 617,594,440) (S 1119,825,667) (S 805,20,503) (S 810,690,691) (D 0,0,0)
 0 1 35 8863 28843  10 (D 0,0,0) (S 656,561,365) (S 326,366,226) (S 194,227,228) (S 230,227,269) (S 630,269,292) (S 251,292,293) (S 328,293,367) (S 192,226,225) (D 0,0,0)
 0 1 36 8844 29978  19 (D 0,0,0) (S 254,295,296) (S 255,296,218) (S 185,218,219) (S 186,219,212) (S 567,219,462) (S 428,462,213) (S 436,213,470) (S 879,470,540) (S 533,541,542) (S 1192,543,843) (S 1210,843,841) (S 1211,841,753) (S 945,753,541) (S 138,158,173) (S 1055,173,596) (S 628,565,367) (S 252,293,294) (D 0,0,0)
 0 1 37 8972 22064  17 (D 0,0,0) (S 381,416,327) (S 402,415,434) (S 649,453,571) (S 647,472,96) (S 962,606,689) (S 807,689,203) (S 475,503,502) (S 474,502,501) (S 726,501,101) (S 82,101,102) (S 81,101,100) (S 467,100,461) (S 427,461,460) (S 638,460,574) (S 581,574,359) (D 0,0,0)
 0 1 38 8988 31932  17 (D 0,0,0) (S 95,115,118) (S 96,118,119) (S 98,119,121) (S 99,121,122) (S 101,123,124) (S 1149,124,801) (S 1150,801,111) (S 1151,111,808) (S 1177,110,809) (S 1178,809,545) (S 1071,809,808) (S 1070,808,185) (S 1069,185,114) (S 93,114,115) (S 330,115,174) (D 0,0,0)
 0 1 39 8997 37006  15 (D 0,0,0) (S 948,115,755) (S 1212,755,811) (S 1072,811,810) (S 536,544,184) (S 150,184,183) (S 149,183,108) (S 88,108,109) (S 1180,109,45) (S 34,44,45) (S 35,45,46) (S 36,46,47) (S 1205,47,848) (S 83,104,103) (D 0,0,0)
 0 1 40 8912 18180  20 (D 0,0,0) (S 498,416,519) (S 857,518,329) (S 856,329,436) (S 1040,785,793) (S 1039,792,793) (S 1041,793,660) (S 1042,660,790) (S 1037,701,56) (S 44,56,55) (S 43,54,55) (S 1043,55,794) (S 1102,794,819) (S 1101,794,51) (S 40,51,52) (S 651,52,607) (S 1081,705,434) (S 401,434,349) (S 306,349,350) (D 0,0,0)
 0 1 41 8969 30621  9 (D 0,0,0) (S 219,258,257) (S 629,367,269) (S 304,292,348) (S 1067,348,175) (S 141,175,176) (S 1068,175,807) (S 140,175,174) (D 0,0,0)
 0 1 42 8918 15652  18 (D 0,0,0) (S 1091,4,734) (S 891,734,621) (S 423,458,459) (S 679,459,353) (S 601,504,583) (S 600,68,583) (S 603,584,194) (S 604,194,585) (S 613,585,532) (S 614,532,80) (S 63,80,81) (S 547,81,190) (S 548,190,555) (S 740,555,8) (S 6,7,8) (S 741,8,63) (D 0,0,0)
 0 1 43 8813 30344  14 (D 0,0,0) (S 737,290,395) (S 359,395,396) (S 485,511,396) (S 1185,529,614) (S 665,614,156) (S 664,156,363) (S 205,242,241) (S 784,528,678) (S 508,528,241) (S 509,241,291) (S 249,291,154) (S 112,136,137) (D 0,0,0)
 0 1 44 7018 16544  11 (D 0,0,0) (S 1099,3,732) (S 21,27,26) (S 1018,26,783) (S 972,27,686) (S 799,686,663) (S 753,663,664) (S 22,27,28) (S 926,28,731) (S 889,731,732) (D 0,0,0)
 0 1 45 8456 13051  25 (D 0,0,0) (S 50,63,64) (S 1027,64,787) (S 1167,787,816) (S 1166,816,738) (S 898,738,737) (S 53,67,66) (S 900,66,171) (S 136,170,171) (S 137,171,172) (S 901,171,450) (S 415,450,449) (S 414,449,312) (S 271,312,310) (S 893,736,735) (S 1003,735,740) (S 903,740,739) (S 902,739,450) (S 416,450,419) (S 417,419,451) (S 1087,451,65) (S 51,65,64) (S 1028,64,520) (S 501,520,521) (D 0,0,0)
 0 1 46 8967 16217  22 (D 0,0,0) (S 1090,734,733) (S 1089,733,816) (S 899,738,66) (S 54,67,68) (S 55,68,69) (S 697,69,405) (S 370,405,404) (S 598,404,582) (S 597,582,581) (S 596,581,516) (S 642,517,602) (S 641,602,603) (S 724,603,604) (S 723,645,604) (S 686,605,628) (S 644,605,604) (S 643,604,602) (S 496,517,518) (S 497,518,519) (S 502,521,522) (D 0,0,0)
 0 1 47 8832 32198  30 (D 0,0,0) (S 822,285,681) (S 990,221,712) (S 864,712,713) (S 991,712,38) (S 618,38,135) (S 257,135,276) (S 237,276,277) (S 621,277,570) (S 563,564,275) (S 564,275,486) (S 565,486,211) (S 180,211,212) (S 181,212,213) (S 210,213,246) (S 454,274,486) (S 455,486,487) (S 179,210,211) (S 566,211,219) (S 184,218,217) (S 183,217,216) (S 231,270,216) (S 232,216,271) (S 238,277,278) (S 246,288,278) (S 247,278,289) (S 622,277,217) (S 623,217,463) (S 589,567,578) (D 0,0,0)
 0 1 48 8983 33285  15 (D 0,0,0) (S 452,485,484) (S 461,490,492) (S 674,492,617) (S 888,617,730) (S 675,617,618) (S 676,618,619) (S 966,618,488) (S 863,710,711) (S 967,710,488) (S 456,488,489) (S 462,490,493) (S 802,493,688) (S 803,688,485) (D 0,0,0)
 0 1 49 8872 37815  14 (D 0,0,0) (S 715,468,641) (S 1111,556,303) (S 269,308,309) (S 1109,824,308) (S 268,307,308) (S 1110,308,303) (S 263,302,303) (S 550,556,469) (S 551,469,473) (S 808,689,599) (S 1135,814,494) (S 464,494,495) (D 0,0,0)
 0 1 50 8922 32146  22 (D 0,0,0) (S 91,113,112) (S 90,112,111) (S 89,111,110) (S 1176,110,125) (S 1060,801,187) (S 1059,187,800) (S 1196,800,805) (S 1064,805,797) (S 1053,797,798) (S 1054,798,122) (S 100,122,123) (S 155,123,187) (S 154,187,186) (S 1065,186,805) (S 1195,805,113) (S 1194,113,813) (S 1076,813,810) (S 1077,810,754) (S 946,754,541) (S 532,541,540) (D 0,0,0)
 0 1 51 8973 14566  35 (D 0,0,0) (S 772,268,675) (S 773,675,7) (S 5,7,6) (S 761,6,671) (S 762,671,267) (S 763,267,179) (S 143,179,178) (S 398,178,431) (S 399,431,15) (S 1080,14,525) (S 1140,526,347) (S 303,347,346) (S 302,346,345) (S 492,345,379) (S 491,379,513) (S 489,375,512) (S 1093,512,715) (S 1092,817,715) (S 866,715,371) (S 758,370,669) (S 340,370,375) (S 339,375,86) (S 68,86,85) (S 1094,85,512) (S 490,375,513) (S 606,513,369) (S 331,369,368) (S 522,368,527) (S 507,527,526) (S 506,526,525) (S 505,525,524) (S 504,524,523) (S 503,523,522) (D 0,0,0)
 0 1 52 8975 17844  29 (D 0,0,0) (S 928,675,671) (S 929,671,508) (S 930,508,343) (S 223,264,263) (S 338,263,86) (S 67,85,42) (S 33,42,43) (S 1183,43,822) (S 1105,821,822) (S 1131,823,831) (S 1106,823,822) (S 934,43,657) (S 748,657,84) (S 65,83,84) (S 935,657,746) (S 747,657,656) (S 1098,656,818) (S 868,716,655) (S 745,262,655) (S 746,655,656) (S 1097,656,670) (S 759,670,261) (S 931,260,343) (S 299,343,265) (S 225,265,266) (S 226,266,267) (S 764,179,672) (D 0,0,0)
 0 1 53 8878 31826  23 (D 0,0,0) (S 652,29,287) (S 789,681,222) (S 619,595,38) (S 29,37,38) (S 992,38,134) (S 111,134,135) (S 110,134,133) (S 109,133,132) (S 200,132,235) (S 199,132,234) (S 540,549,550) (S 541,551,549) (S 542,549,233) (S 197,232,233) (S 198,233,234) (S 716,642,234) (S 108,132,131) (S 576,131,564) (S 577,564,570) (S 620,570,595) (S 788,595,222) (D 0,0,0)
 0 1 54 6564 10617  12 (D 0,0,0) (S 818,2,695) (S 819,695,696) (S 1107,695,81) (S 64,81,82) (S 161,190,191) (S 1084,191,4) (S 886,728,727) (S 936,747,727) (S 1083,728,4) (S 3,4,3) (D 0,0,0)
 0 1 55 8832 30252  29 (D 0,0,0) (S 569,225,565) (S 627,565,596) (S 626,596,538) (S 126,158,159) (S 939,315,748) (S 955,748,245) (S 209,245,246) (S 208,245,130) (S 106,130,129) (S 105,129,128) (S 104,128,127) (S 952,127,757) (S 957,757,160) (S 128,160,128) (S 129,128,161) (S 386,161,420) (S 387,420,421) (S 941,750,751) (S 942,751,752) (S 950,751,725) (S 949,725,756) (S 953,756,127) (S 103,127,126) (S 882,126,724) (S 881,724,314) (S 880,314,470) (S 530,158,539) (D 0,0,0)
 0 1 56 8673 13389  32 (D 0,0,0) (S 779,653,674) (S 780,674,672) (S 781,672,431) (S 782,431,506) (S 478,506,177) (S 479,177,507) (S 873,507,344) (S 300,344,265) (S 298,343,342) (S 297,341,342) (S 760,342,261) (S 1096,670,745) (S 932,745,260) (S 221,260,261) (S 222,261,262) (S 744,262,654) (S 846,654,82) (S 160,82,190) (S 549,555,509) (S 484,509,510) (S 845,509,654) (S 483,509,5) (S 4,5,6) (S 482,5,508) (S 481,508,266) (S 480,266,507) (S 142,177,178) (S 144,179,180) (S 228,268,63) (S 742,63,653) (D 0,0,0)
 0 1 57 8664 23837  19 (D 0,0,0) (S 1184,609,578) (S 213,249,250) (S 212,249,248) (S 211,248,247) (S 718,247,223) (S 190,223,224) (S 191,224,225) (S 570,225,566) (S 722,566,644) (S 538,546,547) (S 590,578,366) (S 325,366,257) (S 324,257,365) (S 323,365,117) (S 94,117,116) (S 977,116,300) (S 267,300,306) (D 0,0,0)
 0 1 58 8778 19536  21 (D 0,0,0) (S 1153,708,719) (S 659,448,612) (S 1008,612,774) (S 999,774,775) (S 998,773,774) (S 1000,774,611) (S 1007,647,612) (S 658,612,611) (S 657,610,611) (S 1001,611,647) (S 730,647,648) (S 729,647,646) (S 728,646,575) (S 583,575,497) (S 582,497,574) (S 314,358,322) (S 281,322,321) (S 312,321,356) (S 280,321,320) (D 0,0,0)
 0 1 59 8843 16479  23 (D 0,0,0) (S 777,676,677) (S 1030,325,495) (S 465,495,350) (S 305,349,169) (S 135,168,169) (S 634,169,62) (S 49,61,62) (S 633,62,167) (S 844,167,705) (S 843,705,607) (S 842,607,704) (S 841,704,703) (S 855,703,436) (S 1025,784,786) (S 1022,784,649) (S 731,649,650) (S 1024,784,437) (S 405,437,436) (S 403,435,415) (S 380,415,327) (S 308,326,351) (D 0,0,0)
 0 1 60 8955 36093  22 (D 0,0,0) (S 327,226,367) (S 824,120,35) (S 28,35,36) (S 825,35,10) (S 7,9,10) (S 826,10,189) (S 827,189,698) (S 159,189,188) (S 828,699,188) (S 158,188,12) (S 9,12,11) (S 829,11,188) (S 10,12,13) (S 157,12,32) (S 25,32,33) (S 1145,33,121) (S 1144,121,799) (S 1143,799,804) (S 1063,804,797) (S 92,113,114) (D 0,0,0)
 0 1 61 8956 35372  22 (D 0,0,0) (S 1056,118,799) (S 1057,799,798) (S 1058,798,800) (S 156,123,32) (S 975,32,765) (S 974,765,764) (S 973,763,764) (S 1147,765,834) (S 1146,833,834) (S 1174,834,764) (S 1175,764,125) (S 1062,125,803) (S 102,125,124) (S 1148,124,765) (S 26,33,34) (S 27,34,35) (S 8,10,11) (S 830,11,34) (S 831,34,120) (S 97,120,119) (D 0,0,0)
 0 1 62 8927 16276  26 (D 0,0,0) (S 309,351,352) (S 1086,352,451) (S 384,419,418) (S 925,418,739) (S 923,736,313) (S 272,313,310) (S 270,310,311) (S 922,313,582) (S 921,582,633) (S 701,634,515) (S 702,515,422) (S 388,422,423) (S 703,422,439) (S 705,635,636) (S 706,636,58) (S 46,58,57) (S 591,57,579) (S 838,579,701) (S 839,701,702) (S 840,702,703) (S 907,704,435) (S 906,435,328) (S 284,326,325) (S 1029,325,520) (D 0,0,0)
 0 1 63 8985 28601  16 (D 0,0,0) (S 558,560,294) (S 253,294,295) (S 568,539,462) (S 429,462,463) (S 624,463,297) (S 259,297,298) (S 625,297,538) (S 527,538,224) (S 525,537,248) (S 524,248,536) (S 523,536,364) (S 588,577,567) (S 182,214,215) (S 553,215,557) (D 0,0,0)
 0 1 64 8668 18556  12 (D 0,0,0) (S 681,584,622) (S 694,622,505) (S 774,505,623) (S 775,623,196) (S 611,589,590) (S 691,590,207) (S 557,209,559) (S 1121,588,208) (S 1122,208,826) (S 1132,826,558) (D 0,0,0)
 0 1 65 8991 25277  18 (D 0,0,0) (S 660,534,448) (S 793,447,646) (S 727,575,101) (S 725,501,24) (S 20,24,25) (S 19,24,23) (S 887,23,729) (S 18,23,22) (S 672,22,483) (S 460,491,492) (S 673,492,483) (S 451,483,484) (S 16,21,20) (S 806,503,203) (S 292,334,335) (S 1133,335,357) (D 0,0,0)
 0 1 66 8905 22432  19 (D 0,0,0) (S 1078,762,718) (S 1139,718,832) (S 1020,446,601) (S 294,337,338) (S 1021,337,601) (S 637,601,574) (S 468,497,461) (S 80,100,99) (S 636,600,362) (S 319,362,98) (S 78,98,97) (S 77,97,96) (S 76,96,95) (S 75,95,94) (S 615,592,591) (S 909,454,53) (S 908,53,704) (D 0,0,0)
 0 1 67 8891 33620  20 (D 0,0,0) (S 738,137,290) (S 735,499,388) (S 732,651,414) (S 378,414,401) (S 367,401,402) (S 379,401,410) (S 376,410,411) (S 375,410,400) (S 365,399,400) (S 374,409,400) (S 366,400,401) (S 733,414,652) (S 1049,652,390) (S 1050,390,530) (S 354,390,389) (S 487,389,500) (S 472,500,499) (S 736,499,395) (D 0,0,0)
 0 1 68 8892 33205  26 (D 0,0,0) (S 139,174,173) (S 273,159,314) (S 958,724,757) (S 954,756,420) (S 130,161,162) (S 131,162,163) (S 1051,162,795) (S 1052,795,796) (S 1103,820,796) (S 1104,796,243) (S 206,243,244) (S 937,244,129) (S 938,129,748) (S 956,748,160) (S 127,160,159) (S 274,159,315) (S 275,315,246) (S 453,246,274) (S 235,274,275) (S 236,275,276) (S 256,276,218) (S 258,296,297) (S 572,547,249) (S 574,567,568) (D 0,0,0)
 0 1 69 8956 33383  15 (D 0,0,0) (S 317,360,361) (S 318,361,98) (S 635,362,599) (S 15,20,19) (S 296,18,340) (S 295,339,340) (S 552,340,473) (S 438,473,474) (S 439,474,475) (S 1169,474,839) (S 14,18,19) (S 993,768,19) (S 994,19,769) (D 0,0,0)
 0 1 70 8929 19237  20 (D 0,0,0) (S 1088,816,65) (S 52,65,66) (S 368,170,403) (S 663,403,613) (S 369,403,404) (S 599,404,68) (S 371,405,406) (S 372,406,407) (S 1126,828,407) (S 373,407,408) (S 1127,407,71) (S 58,71,72) (S 56,70,69) (S 696,69,632) (S 695,632,505) (S 476,505,504) (S 602,504,584) (S 680,584,353) (D 0,0,0)
