1759289
70
3624934
3584749
 0 1 1 8903 38116  14 (D 0,0,0) (S 1114,693,683) (S 1113,683,641) (S 1112,641,556) (S 1111,556,303) (S 268,307,308) (S 269,308,309) (S 1109,824,308) (S 1110,308,303) (S 263,302,303) (S 264,303,304) (S 265,304,305) (S 435,304,469) (D 0,0,0)
 0 1 2 8794 16710  13 (D 0,0,0) (S 1100,3,191) (S 267,306,300) (S 976,300,587) (S 607,586,587) (S 608,587,559) (S 776,589,196) (S 166,196,195) (S 165,195,194) (S 164,194,193) (S 163,193,192) (S 162,192,191) (D 0,0,0)
 0 1 3 8992 20914  17 (D 0,0,0) (S 1136,443,494) (S 1133,357,335) (S 292,335,334) (S 437,471,472) (S 647,472,96) (S 77,96,97) (S 76,96,95) (S 912,95,741) (S 850,707,94) (S 851,94,592) (S 616,592,593) (S 852,592,455) (S 842,704,607) (S 401,434,349) (S 465,350,495) (D 0,0,0)
 0 1 4 8991 18126  18 (D 0,0,0) (S 284,325,326) (S 380,327,415) (S 403,415,435) (S 907,435,704) (S 908,704,53) (S 41,53,52) (S 40,52,51) (S 1101,51,794) (S 1102,794,819) (S 1043,794,55) (S 44,55,56) (S 1038,56,791) (S 1037,56,701) (S 1042,790,660) (S 1040,793,785) (S 1023,785,784) (D 0,0,0)
 0 1 5 8254 16355  21 (D 0,0,0) (S 1029,520,325) (S 307,326,350) (S 305,349,169) (S 634,169,62) (S 844,167,705) (S 651,607,52) (S 650,52,453) (S 419,453,454) (S 420,454,455) (S 615,592,591) (S 910,591,454) (S 42,53,54) (S 43,54,55) (S 1034,166,702) (S 840,702,703) (S 855,703,436) (S 404,436,435) (S 906,435,328) (S 905,328,519) (D 0,0,0)
 0 1 6 8976 32459  20 (D 0,0,0) (S 992,38,134) (S 110,134,133) (S 198,234,233) (S 542,233,549) (S 541,551,549) (S 540,549,550) (S 197,232,233) (S 716,642,234) (S 199,234,132) (S 200,132,235) (S 786,133,680) (S 1189,680,842) (S 1198,842,844) (S 1199,844,135) (S 618,135,38) (S 788,595,222) (S 790,681,576) (S 652,287,29) (D 0,0,0)
 0 1 7 8935 17870  14 (D 0,0,0) (S 1,0,1) (S 817,0,2) (S 2,2,3) (S 22,28,27) (S 1018,26,783) (S 21,26,27) (S 753,663,664) (S 799,663,686) (S 972,686,27) (S 926,28,731) (S 889,731,732) (S 1099,732,3) (D 0,0,0)
 0 1 8 8983 27768  16 (D 0,0,0) (S 250,291,242) (S 205,242,241) (S 508,241,528) (S 784,528,678) (S 509,241,291) (S 510,291,155) (S 124,155,156) (S 665,156,614) (S 1185,614,529) (S 511,529,155) (S 123,155,154) (S 248,154,290) (S 1139,832,718) (S 765,16,672) (D 0,0,0)
 0 1 9 8391 14009  18 (D 0,0,0) (S 1026,3,787) (S 51,64,65) (S 1088,65,816) (S 1089,816,733) (S 890,733,621) (S 677,620,621) (S 423,458,459) (S 424,459,355) (S 311,355,354) (S 321,354,193) (S 604,194,585) (S 612,585,590) (S 691,590,207) (S 605,206,585) (S 613,585,532) (S 516,532,191) (D 0,0,0)
 0 1 10 8833 30699  27 (D 0,0,0) (S 539,547,548) (S 720,548,537) (S 436,213,470) (S 881,314,724) (S 882,724,126) (S 884,725,421) (S 386,420,161) (S 129,161,128) (S 128,128,160) (S 957,160,757) (S 952,757,127) (S 103,127,126) (S 883,126,725) (S 950,725,751) (S 941,750,751) (S 942,751,752) (S 949,725,756) (S 104,127,128) (S 105,128,129) (S 937,129,244) (S 576,131,564) (S 577,564,570) (S 620,570,595) (S 789,222,681) (S 791,576,287) (D 0,0,0)
 0 1 11 8962 27738  25 (D 0,0,0) (S 839,702,701) (S 707,58,456) (S 422,456,457) (S 562,562,563) (S 72,92,91) (S 71,90,91) (S 874,91,282) (S 242,282,283) (S 875,282,720) (S 241,282,281) (S 443,477,199) (S 168,199,198) (S 167,197,198) (S 877,198,280) (S 239,279,280) (S 878,280,723) (S 240,280,281) (S 919,281,743) (S 918,281,477) (S 444,477,92) (S 73,92,93) (S 74,93,94) (S 75,94,95) (D 0,0,0)
 0 1 12 8854 27572  11 (D 0,0,0) (S 324,365,257) (S 325,257,366) (S 326,366,226) (S 327,226,367) (S 328,367,293) (S 251,293,292) (S 630,292,269) (S 230,269,227) (S 194,227,228) (D 0,0,0)
 0 1 13 8730 20082  19 (D 0,0,0) (S 288,329,330) (S 927,330,437) (S 1039,792,793) (S 1041,793,660) (S 751,659,660) (S 1036,790,701) (S 838,701,579) (S 837,579,636) (S 706,636,58) (S 47,58,59) (S 48,59,60) (S 449,59,481) (S 833,333,514) (S 493,514,515) (S 700,634,627) (S 699,627,633) (S 500,351,520) (D 0,0,0)
 0 1 14 8885 31774  14 (D 0,0,0) (S 1196,805,800) (S 153,186,112) (S 90,112,111) (S 1151,111,808) (S 1071,808,809) (S 1178,809,545) (S 537,545,184) (S 151,184,185) (S 1070,185,808) (S 1069,185,114) (S 93,114,115) (S 330,115,174) (D 0,0,0)
 0 1 15 8669 35889  22 (D 0,0,0) (S 1144,799,121) (S 98,121,119) (S 97,119,120) (S 824,120,35) (S 28,35,36) (S 825,35,10) (S 7,9,10) (S 826,10,189) (S 827,189,698) (S 159,189,188) (S 829,188,11) (S 828,699,188) (S 158,188,12) (S 10,12,13) (S 157,12,32) (S 25,32,33) (S 26,33,34) (S 1145,33,121) (S 99,121,122) (S 1054,122,798) (D 0,0,0)
 0 1 16 8920 18374  20 (D 0,0,0) (S 1030,325,495) (S 464,495,494) (S 463,494,320) (S 312,321,356) (S 281,321,322) (S 282,322,323) (S 314,322,358) (S 546,358,554) (S 861,554,139) (S 860,709,139) (S 113,138,139) (S 862,554,573) (S 649,571,453) (S 843,607,705) (S 1081,705,434) (S 402,434,415) (S 285,327,326) (S 308,326,351) (D 0,0,0)
 0 1 17 8870 39917  13 (D 0,0,0) (S 92,114,113) (S 1177,110,809) (S 1179,545,109) (S 1181,45,812) (S 1182,812,76) (S 61,76,77) (S 1075,812,182) (S 1074,182,806) (S 1073,806,767) (S 987,767,73) (S 469,428,498) (D 0,0,0)
 0 1 18 8942 25802  18 (D 0,0,0) (S 503,522,523) (S 505,524,525) (S 727,575,101) (S 725,501,24) (S 20,24,25) (S 19,24,23) (S 887,23,729) (S 18,23,22) (S 17,22,21) (S 16,21,20) (S 809,599,690) (S 648,472,571) (S 578,571,572) (S 865,572,714) (S 579,572,573) (S 580,573,359) (D 0,0,0)
 0 1 19 8957 36546  14 (D 0,0,0) (S 589,578,567) (S 535,543,544) (S 536,544,184) (S 148,108,46) (S 35,46,45) (S 34,44,45) (S 1180,45,109) (S 88,109,108) (S 86,107,106) (S 85,106,105) (S 1187,841,542) (S 946,541,754) (D 0,0,0)
 0 1 20 8803 32759  19 (D 0,0,0) (S 487,500,389) (S 1049,390,652) (S 733,652,414) (S 732,651,414) (S 378,414,401) (S 366,401,400) (S 374,409,400) (S 375,400,410) (S 376,410,411) (S 379,410,401) (S 367,401,402) (S 365,400,399) (S 364,399,378) (S 363,378,387) (S 471,398,499) (S 736,499,395) (S 738,290,137) (D 0,0,0)
 0 1 21 8998 17491  27 (D 0,0,0) (S 499,351,416) (S 498,416,519) (S 497,519,518) (S 496,518,517) (S 643,602,604) (S 686,605,628) (S 644,605,604) (S 723,645,604) (S 724,604,603) (S 641,603,602) (S 642,602,517) (S 495,517,516) (S 595,516,332) (S 406,438,437) (S 1022,784,649) (S 731,649,650) (S 1025,784,786) (S 1024,784,437) (S 405,437,436) (S 856,436,329) (S 286,328,327) (S 283,325,324) (S 689,631,324) (S 859,324,433) (S 858,433,708) (D 0,0,0)
 0 1 22 8941 29515  17 (D 0,0,0) (S 1184,609,578) (S 212,249,248) (S 525,248,537) (S 428,462,213) (S 181,212,213) (S 210,213,246) (S 275,315,246) (S 955,245,748) (S 939,748,315) (S 274,315,159) (S 126,159,158) (S 138,158,173) (S 139,173,174) (S 329,174,293) (S 558,560,294) (D 0,0,0)
 0 1 23 8817 31478  23 (D 0,0,0) (S 588,567,577) (S 524,536,248) (S 258,296,297) (S 259,297,298) (S 232,216,271) (S 231,270,216) (S 183,216,217) (S 622,217,277) (S 256,276,218) (S 255,218,296) (S 254,296,295) (S 528,295,538) (S 719,537,247) (S 718,247,223) (S 717,643,223) (S 189,223,222) (S 188,222,221) (S 989,221,381) (S 346,381,382) (S 347,382,383) (S 545,383,287) (D 0,0,0)
 0 1 24 8993 24693  19 (D 0,0,0) (S 45,56,57) (S 448,59,480) (S 995,480,770) (S 447,480,479) (S 997,479,772) (S 446,479,478) (S 996,478,771) (S 445,478,92) (S 711,637,638) (S 940,637,749) (S 710,637,93) (S 709,93,562) (S 708,562,456) (S 421,456,455) (S 853,455,54) (S 854,54,703) (S 841,703,704) (D 0,0,0)
 0 1 25 8990 32178  23 (D 0,0,0) (S 807,689,203) (S 806,203,503) (S 1120,688,667) (S 1119,667,825) (S 1172,825,441) (S 408,441,440) (S 617,594,440) (S 755,665,666) (S 754,665,465) (S 814,466,693) (S 815,693,694) (S 1115,693,662) (S 752,661,662) (S 1116,662,665) (S 1117,665,440) (S 1118,440,825) (S 1171,840,441) (S 409,441,442) (S 757,442,668) (S 756,442,667) (S 804,485,20) (D 0,0,0)
 0 1 26 8915 35537  23 (D 0,0,0) (S 561,214,561) (S 1057,799,798) (S 1058,798,800) (S 1059,800,187) (S 1060,187,801) (S 1149,801,124) (S 156,123,32) (S 975,32,765) (S 974,764,765) (S 1147,765,834) (S 1146,833,834) (S 1174,834,764) (S 973,763,764) (S 1175,764,125) (S 1148,124,765) (S 9,12,11) (S 830,11,34) (S 8,11,10) (S 27,35,34) (S 831,34,120) (S 96,119,118) (D 0,0,0)
 0 1 27 8871 22352  16 (D 0,0,0) (S 898,738,737) (S 897,67,737) (S 1163,632,829) (S 58,71,72) (S 1127,71,407) (S 1126,828,407) (S 373,407,408) (S 372,407,406) (S 1033,70,406) (S 371,406,405) (S 698,405,633) (S 920,744,633) (S 921,633,582) (S 892,735,518) (D 0,0,0)
 0 1 28 8580 13706  17 (D 0,0,0) (S 819,695,696) (S 1108,695,205) (S 121,151,150) (S 518,150,533) (S 517,150,532) (S 614,532,80) (S 63,80,81) (S 547,81,190) (S 548,190,555) (S 549,555,509) (S 740,555,8) (S 6,8,7) (S 773,7,675) (S 772,675,268) (S 771,268,180) (D 0,0,0)
 0 1 29 8938 33353  23 (D 0,0,0) (S 173,204,205) (S 526,537,224) (S 531,158,540) (S 532,540,541) (S 945,541,753) (S 1211,841,753) (S 944,753,103) (S 83,103,104) (S 1190,105,48) (S 37,48,47) (S 1205,47,848) (S 36,47,46) (S 147,46,182) (S 146,182,75) (S 145,181,75) (S 60,75,74) (S 59,74,73) (S 985,766,376) (S 394,377,386) (S 392,428,392) (S 356,392,393) (D 0,0,0)
 0 1 30 8967 14841  31 (D 0,0,0) (S 780,674,672) (S 781,672,431) (S 398,431,178) (S 479,177,507) (S 224,265,264) (S 345,264,380) (S 871,380,86) (S 68,86,85) (S 67,85,42) (S 1106,822,823) (S 1131,823,831) (S 1105,821,822) (S 1183,822,43) (S 33,43,42) (S 32,42,41) (S 488,41,512) (S 1094,512,85) (S 1095,85,745) (S 932,745,260) (S 221,260,261) (S 760,261,342) (S 297,341,342) (S 298,342,343) (S 930,343,508) (S 929,508,671) (S 762,671,267) (S 227,267,268) (S 228,268,63) (S 742,63,653) (D 0,0,0)
 0 1 31 8946 18397  19 (D 0,0,0) (S 1002,417,740) (S 904,740,519) (S 857,518,329) (S 289,330,331) (S 291,332,333) (S 834,333,481) (S 450,481,482) (S 835,481,700) (S 836,700,636) (S 704,635,439) (S 703,439,422) (S 388,422,423) (S 702,515,422) (S 407,439,438) (S 1035,580,331) (S 287,329,328) (S 381,327,416) (D 0,0,0)
 0 1 32 8507 16286  20 (D 0,0,0) (S 52,65,66) (S 900,66,171) (S 137,171,172) (S 901,171,450) (S 902,450,739) (S 903,739,740) (S 1003,740,735) (S 922,313,582) (S 598,582,404) (S 370,404,405) (S 697,405,69) (S 55,69,68) (S 600,68,583) (S 601,583,504) (S 695,632,505) (S 476,505,504) (S 602,504,584) (S 603,584,194) (D 0,0,0)
 0 1 33 8820 17121  27 (D 0,0,0) (S 777,676,677) (S 384,418,419) (S 416,419,450) (S 415,450,449) (S 414,449,312) (S 271,312,310) (S 270,310,311) (S 272,310,313) (S 893,736,735) (S 1004,735,776) (S 1044,776,581) (S 596,581,516) (S 494,516,515) (S 701,515,634) (S 951,634,629) (S 688,629,630) (S 687,629,627) (S 685,627,626) (S 1045,626,581) (S 597,581,582) (S 923,313,736) (S 924,736,739) (S 925,739,418) (S 383,418,417) (S 382,417,416) (D 0,0,0)
 0 1 34 8555 12364  18 (D 0,0,0) (S 792,677,521) (S 309,351,352) (S 1086,352,451) (S 417,419,451) (S 1087,451,65) (S 50,64,63) (S 1168,63,787) (S 1027,787,64) (S 1028,64,520) (S 502,521,522) (S 971,708,673) (S 970,673,762) (S 1078,762,718) (S 870,718,719) (S 743,522,653) (S 778,653,677) (D 0,0,0)
 0 1 35 8981 18596  23 (D 0,0,0) (S 770,674,180) (S 144,180,179) (S 763,179,267) (S 226,267,266) (S 299,265,343) (S 931,343,260) (S 1097,670,656) (S 1098,656,818) (S 747,656,657) (S 935,657,746) (S 65,83,84) (S 749,84,373) (S 750,373,658) (S 337,373,374) (S 336,373,40) (S 31,40,41) (S 30,40,39) (S 669,616,39) (S 1085,39,815) (S 335,40,372) (S 606,369,513) (D 0,0,0)
 0 1 36 8994 41051  17 (D 0,0,0) (S 785,680,679) (S 1160,679,252) (S 216,252,253) (S 215,252,231) (S 214,251,231) (S 196,231,230) (S 234,230,273) (S 233,272,230) (S 261,229,254) (S 217,254,255) (S 543,552,299) (S 260,299,229) (S 195,229,230) (S 1159,252,802) (S 1104,796,243) (D 0,0,0)
 0 1 37 8903 26112  19 (D 0,0,0) (S 646,96,606) (S 962,606,689) (S 172,203,202) (S 914,202,145) (S 117,145,146) (S 119,147,148) (S 120,148,149) (S 118,147,146) (S 915,145,742) (S 293,336,144) (S 116,144,145) (S 847,706,146) (S 848,146,201) (S 171,201,202) (S 913,202,741) (S 911,95,591) (S 909,454,53) (D 0,0,0)
 0 1 38 8952 22464  12 (D 0,0,0) (S 590,366,578) (S 573,567,249) (S 572,249,547) (S 571,547,566) (S 192,225,226) (S 193,226,227) (S 229,227,256) (S 218,256,257) (S 219,257,258) (S 182,214,215) (D 0,0,0)
 0 1 39 8899 27347  29 (D 0,0,0) (S 721,548,566) (S 191,225,224) (S 527,224,538) (S 529,295,539) (S 530,539,158) (S 879,540,470) (S 880,470,314) (S 273,314,159) (S 127,159,160) (S 956,160,748) (S 938,748,129) (S 106,129,130) (S 208,130,245) (S 209,245,246) (S 453,246,274) (S 235,274,275) (S 454,274,486) (S 565,486,211) (S 180,211,212) (S 186,212,219) (S 185,219,218) (S 184,218,217) (S 623,217,463) (S 624,463,297) (S 625,297,538) (S 190,224,223) (S 211,247,248) (D 0,0,0)
 0 1 40 8892 27626  15 (D 0,0,0) (S 1138,832,432) (S 418,452,427) (S 869,717,427) (S 391,427,426) (S 390,426,425) (S 1013,425,781) (S 389,425,424) (S 978,424,722) (S 876,721,722) (S 979,424,236) (S 1015,237,782) (S 1009,238,778) (S 1017,779,426) (D 0,0,0)
 0 1 41 8978 33387  23 (D 0,0,0) (S 958,724,757) (S 953,127,756) (S 954,756,420) (S 387,420,421) (S 885,421,726) (S 1157,836,726) (S 1158,726,802) (S 1061,802,795) (S 1103,820,796) (S 1052,796,795) (S 1051,795,162) (S 131,162,163) (S 130,162,161) (S 385,161,243) (S 206,243,244) (S 207,244,130) (S 107,130,131) (S 575,569,131) (S 108,131,132) (S 109,132,133) (S 787,133,595) (D 0,0,0)
 0 1 42 8918 26666  19 (D 0,0,0) (S 654,609,608) (S 653,608,29) (S 322,29,364) (S 586,364,286) (S 585,286,576) (S 584,576,382) (S 544,553,383) (S 348,383,30) (S 24,30,31) (S 349,30,384) (S 23,30,29) (S 245,287,286) (S 244,286,285) (S 523,536,364) (S 587,364,577) (S 1170,577,608) (S 655,609,561) (D 0,0,0)
 0 1 43 8949 13181  28 (D 0,0,0) (S 818,2,695) (S 1107,695,81) (S 64,81,82) (S 222,262,261) (S 759,261,670) (S 1096,670,745) (S 933,745,43) (S 934,43,657) (S 748,657,84) (S 66,84,42) (S 1093,512,715) (S 867,715,372) (S 334,372,371) (S 333,371,370) (S 758,370,669) (S 332,370,369) (S 331,369,368) (S 522,527,368) (S 343,368,379) (S 492,379,345) (S 302,345,346) (S 783,346,506) (S 782,506,431) (S 399,431,15) (S 13,16,17) (S 769,17,674) (D 0,0,0)
 0 1 44 8943 20773  20 (D 0,0,0) (S 1031,495,788) (S 1032,788,789) (S 1082,788,814) (S 1134,814,357) (S 313,357,322) (S 316,359,360) (S 917,360,691) (S 810,691,690) (S 916,690,97) (S 78,97,98) (S 79,98,99) (S 80,99,100) (S 81,100,101) (S 82,101,102) (S 729,646,647) (S 730,647,648) (S 658,611,612) (S 1154,832,719) (D 0,0,0)
 0 1 45 8982 24948  13 (D 0,0,0) (S 1123,205,557) (S 574,567,568) (S 213,249,250) (S 538,546,547) (S 722,566,644) (S 570,566,225) (S 569,225,565) (S 627,565,596) (S 626,596,538) (S 253,295,294) (S 559,294,258) (D 0,0,0)
 0 1 46 8911 18388  19 (D 0,0,0) (S 767,524,673) (S 520,535,445) (S 413,448,447) (S 412,447,446) (S 1020,446,601) (S 1021,601,337) (S 294,337,338) (S 637,601,574) (S 638,574,460) (S 426,460,361) (S 315,359,358) (S 280,321,320) (S 279,320,319) (S 278,319,318) (S 1156,317,835) (S 1155,317,832) (S 1153,719,708) (D 0,0,0)
 0 1 47 8890 14431  21 (D 0,0,0) (S 816,0,677) (S 741,63,8) (S 5,7,6) (S 4,6,5) (S 483,5,509) (S 484,509,510) (S 845,509,654) (S 745,262,655) (S 746,655,656) (S 868,716,655) (S 744,262,654) (S 846,654,82) (S 160,82,190) (S 161,190,191) (S 1084,191,4) (S 886,728,727) (S 936,747,727) (S 1083,728,4) (S 3,4,3) (D 0,0,0)
 0 1 48 8980 30621  9 (D 0,0,0) (S 629,367,269) (S 304,292,348) (S 1067,348,175) (S 141,175,176) (S 1068,175,807) (S 140,175,174) (S 252,293,294) (D 0,0,0)
 0 1 49 8979 30371  21 (D 0,0,0) (S 662,443,319) (S 1011,779,239) (S 204,239,240) (S 1012,239,780) (S 203,239,238) (S 202,238,237) (S 122,152,153) (S 981,152,140) (S 355,391,392) (S 393,428,386) (S 350,386,385) (S 983,385,391) (S 982,391,140) (S 114,140,141) (S 980,152,236) (S 201,236,237) (S 1014,237,781) (S 1016,781,778) (S 1010,778,779) (D 0,0,0)
 0 1 50 8949 34738  20 (D 0,0,0) (S 619,595,38) (S 29,37,38) (S 1197,844,615) (S 1188,615,842) (S 668,615,597) (S 632,597,598) (S 514,530,89) (S 360,397,396) (S 485,511,396) (S 486,396,500) (S 473,500,89) (S 70,89,88) (S 69,87,88) (S 666,88,614) (S 125,156,157) (S 664,156,363) (S 112,136,137) (S 1152,708,522) (D 0,0,0)
 0 1 51 5573 11773  14 (D 0,0,0) (S 1167,787,816) (S 1166,816,738) (S 899,738,66) (S 136,171,170) (S 368,170,403) (S 663,403,613) (S 369,403,404) (S 599,404,68) (S 54,68,67) (S 896,67,170) (S 895,170,449) (S 894,449,736) (D 0,0,0)
 0 1 52 8952 28541  20 (D 0,0,0) (S 357,394,393) (S 1005,777,393) (S 1006,393,498) (S 470,498,398) (S 352,387,388) (S 353,388,389) (S 354,389,390) (S 1050,390,530) (S 515,530,531) (S 631,530,597) (S 667,597,88) (S 513,89,397) (S 512,397,529) (S 645,155,363) (S 320,363,242) (S 249,291,154) (S 739,137,427) (S 1019,452,446) (D 0,0,0)
 0 1 53 8993 29833  19 (D 0,0,0) (S 358,395,394) (S 361,394,398) (S 362,398,387) (S 351,387,386) (S 984,385,376) (S 341,376,377) (S 395,377,429) (S 377,412,413) (S 397,412,430) (S 396,412,429) (S 1047,429,399) (S 1048,399,652) (S 734,652,388) (S 735,388,499) (S 472,499,500) (S 359,396,395) (S 737,395,290) (D 0,0,0)
 0 1 54 8858 20833  16 (D 0,0,0) (S 410,443,444) (S 1135,494,814) (S 581,359,574) (S 582,574,497) (S 467,461,100) (S 726,101,501) (S 474,501,502) (S 640,600,99) (S 639,99,460) (S 427,460,461) (S 468,461,497) (S 583,497,575) (S 728,575,646) (S 793,646,447) (D 0,0,0)
 0 1 55 8411 16204  16 (D 0,0,0) (S 425,192,355) (S 310,354,353) (S 680,353,584) (S 681,584,622) (S 682,622,623) (S 775,623,196) (S 1121,588,208) (S 178,208,209) (S 1132,558,826) (S 1122,826,208) (S 177,208,207) (S 176,207,206) (S 175,206,151) (S 174,151,205) (D 0,0,0)
 0 1 56 8991 33180  22 (D 0,0,0) (S 95,115,118) (S 1056,118,799) (S 1143,799,804) (S 1063,804,797) (S 1053,797,798) (S 100,122,123) (S 1150,801,111) (S 89,111,110) (S 1176,110,125) (S 1062,125,803) (S 102,125,124) (S 101,124,123) (S 155,123,187) (S 154,187,186) (S 1065,186,805) (S 1064,797,805) (S 1195,805,113) (S 1194,113,813) (S 1077,810,754) (S 947,754,755) (D 0,0,0)
 0 1 57 8986 31567  27 (D 0,0,0) (S 568,539,462) (S 429,462,463) (S 567,462,219) (S 566,219,211) (S 179,210,211) (S 455,486,487) (S 564,486,275) (S 563,275,564) (S 621,570,277) (S 238,277,278) (S 246,288,278) (S 247,278,289) (S 237,277,276) (S 236,275,276) (S 257,276,135) (S 111,135,134) (S 991,38,712) (S 864,712,713) (S 990,712,221) (S 187,220,221) (S 820,697,381) (S 821,381,681) (S 822,681,285) (S 243,284,285) (S 823,285,536) (D 0,0,0)
 0 1 58 8928 20579  21 (D 0,0,0) (S 501,521,520) (S 306,350,349) (S 135,168,169) (S 49,61,62) (S 633,62,167) (S 134,167,166) (S 133,166,165) (S 132,164,165) (S 832,165,700) (S 959,635,758) (S 960,758,759) (S 961,758,760) (S 705,635,636) (S 46,58,57) (S 591,57,579) (S 592,579,438) (S 593,438,580) (S 594,580,332) (S 290,332,331) (D 0,0,0)
 0 1 59 8970 14835  27 (D 0,0,0) (S 764,672,179) (S 143,179,178) (S 142,178,177) (S 478,177,506) (S 477,506,14) (S 506,525,526) (S 1141,526,761) (S 1142,761,316) (S 276,316,317) (S 277,317,318) (S 411,318,445) (S 519,445,534) (S 660,534,448) (S 659,448,612) (S 1007,612,647) (S 1001,647,611) (S 657,610,611) (S 1000,611,774) (S 999,774,775) (S 998,773,774) (S 1008,774,612) (S 661,534,319) (S 1137,443,432) (S 400,432,433) (S 690,324,521) (D 0,0,0)
 0 1 60 8985 34299  19 (D 0,0,0) (S 342,378,377) (S 1046,429,766) (S 986,766,73) (S 1066,74,806) (S 988,767,49) (S 943,49,103) (S 39,49,50) (S 38,49,48) (S 1204,47,106) (S 1203,106,847) (S 1202,847,544) (S 1201,846,544) (S 1193,543,813) (S 1076,813,810) (S 1072,810,811) (S 1212,811,755) (S 948,755,115) (D 0,0,0)
 0 1 61 8677 29945  18 (D 0,0,0) (S 803,485,688) (S 802,493,688) (S 431,465,466) (S 813,692,466) (S 432,466,467) (S 795,467,683) (S 794,682,683) (S 796,467,684) (S 433,467,468) (S 434,468,469) (S 551,469,473) (S 552,473,340) (S 296,340,18) (S 14,18,19) (S 15,19,20) (S 475,503,502) (D 0,0,0)
 0 1 62 8996 27740  18 (D 0,0,0) (S 452,485,484) (S 458,484,490) (S 462,490,493) (S 801,493,496) (S 800,687,496) (S 466,496,489) (S 457,489,490) (S 461,490,492) (S 460,491,492) (S 673,492,483) (S 672,483,22) (S 671,22,502) (S 670,502,600) (S 636,600,362) (S 318,98,361) (S 317,361,360) (D 0,0,0)
 0 1 63 8966 36883  16 (D 0,0,0) (S 811,471,691) (S 1173,825,464) (S 430,464,465) (S 715,468,641) (S 714,640,641) (S 550,556,469) (S 439,474,475) (S 1169,474,839) (S 438,474,473) (S 295,339,340) (S 994,19,769) (S 993,768,19) (S 808,689,599) (S 812,471,334) (D 0,0,0)
 0 1 64 8893 27750  18 (D 0,0,0) (S 963,606,741) (S 964,741,707) (S 965,707,638) (S 712,638,200) (S 169,200,199) (S 442,199,79) (S 797,476,143) (S 115,143,142) (S 440,142,476) (S 798,476,685) (S 441,476,79) (S 62,78,79) (S 713,200,639) (S 1161,837,639) (S 170,200,201) (S 849,201,707) (D 0,0,0)
 0 1 65 8999 19436  17 (D 0,0,0) (S 1090,734,733) (S 694,622,505) (S 774,505,623) (S 683,623,624) (S 1130,624,830) (S 684,624,625) (S 1129,624,829) (S 1162,838,829) (S 1128,829,71) (S 57,71,70) (S 56,70,69) (S 696,69,632) (S 1164,632,583) (S 1165,583,737) (S 53,67,66) (D 0,0,0)
 0 1 66 8763 22709  13 (D 0,0,0) (S 1124,557,301) (S 1125,301,827) (S 262,301,300) (S 977,300,116) (S 94,116,117) (S 323,117,365) (S 656,365,561) (S 220,258,259) (S 560,258,561) (S 553,215,557) (S 554,557,306) (D 0,0,0)
 0 1 67 8491 14353  15 (D 0,0,0) (S 266,151,306) (S 555,306,558) (S 556,558,209) (S 557,209,559) (S 609,559,588) (S 610,588,589) (S 611,589,590) (S 692,590,195) (S 693,195,622) (S 679,353,459) (S 678,459,621) (S 891,621,734) (S 1091,734,4) (D 0,0,0)
 0 1 68 8128 13086  36 (D 0,0,0) (S 928,675,671) (S 761,671,6) (S 482,5,508) (S 481,508,266) (S 225,266,265) (S 223,264,263) (S 338,263,86) (S 339,86,375) (S 340,375,370) (S 866,371,715) (S 1092,817,715) (S 489,512,375) (S 490,375,513) (S 491,513,379) (S 344,379,380) (S 872,380,344) (S 300,344,265) (S 480,266,507) (S 873,507,344) (S 301,344,345) (S 303,346,347) (S 1140,347,526) (S 507,526,527) (S 521,527,535) (S 968,535,761) (S 969,761,762) (S 1079,762,525) (S 1080,525,14) (S 11,14,15) (S 12,15,16) (S 766,16,524) (S 504,524,523) (S 768,523,17) (S 779,674,653) (D 0,0,0)
 0 1 69 8703 32806  21 (D 0,0,0) (S 628,367,565) (S 1055,596,173) (S 533,541,542) (S 534,542,543) (S 1192,543,843) (S 1191,843,105) (S 84,105,104) (S 1186,104,841) (S 1210,841,843) (S 1209,843,847) (S 1208,847,845) (S 1200,845,107) (S 87,107,108) (S 149,108,183) (S 1206,849,183) (S 1207,183,845) (S 150,183,184) (S 152,185,112) (S 91,112,113) (D 0,0,0)
 0 1 70 8932 33446  15 (D 0,0,0) (S 459,21,484) (S 456,489,488) (S 967,488,710) (S 863,710,711) (S 966,488,618) (S 676,618,619) (S 675,618,617) (S 888,617,730) (S 674,617,492) (S 451,483,484) (S 805,20,503) (S 635,599,362) (S 319,362,98) (D 0,0,0)
