1792681
70
2401636
2381126
 0 1 1 8925 20180  14 (D 0,0,0) (S 604,194,585) (S 605,585,206) (S 177,207,208) (S 178,208,209) (S 556,209,558) (S 555,558,306) (S 977,300,116) (S 94,116,117) (S 323,117,365) (S 220,258,259) (S 182,214,215) (S 1123,557,205) (D 0,0,0)
 0 1 2 8964 26401  18 (D 0,0,0) (S 971,708,673) (S 767,673,524) (S 505,524,525) (S 1019,446,452) (S 738,137,290) (S 123,154,155) (S 645,155,363) (S 666,614,88) (S 69,87,88) (S 70,88,89) (S 473,89,500) (S 486,500,396) (S 360,396,397) (S 512,397,529) (S 511,529,155) (S 739,137,427) (D 0,0,0)
 0 1 3 8994 13846  29 (D 0,0,0) (S 1,0,1) (S 777,676,677) (S 779,653,674) (S 770,674,180) (S 144,180,179) (S 143,179,178) (S 142,178,177) (S 480,507,266) (S 225,266,265) (S 300,265,344) (S 872,344,380) (S 345,380,264) (S 224,264,265) (S 299,265,343) (S 298,343,342) (S 297,341,342) (S 760,342,261) (S 222,261,262) (S 744,262,654) (S 845,654,509) (S 484,509,510) (S 548,555,190) (S 63,81,80) (S 614,80,532) (S 516,532,191) (S 1084,191,4) (S 3,4,3) (D 0,0,0)
 0 1 4 7862 15125  24 (D 0,0,0) (S 816,0,677) (S 1029,520,325) (S 284,325,326) (S 308,326,351) (S 309,351,352) (S 417,451,419) (S 415,450,449) (S 895,449,170) (S 368,170,403) (S 663,403,613) (S 136,170,171) (S 137,171,172) (S 902,450,739) (S 903,739,740) (S 904,740,519) (S 381,416,327) (S 285,327,326) (S 502,521,522) (S 1154,719,832) (S 1139,832,718) (S 970,762,673) (S 503,523,522) (D 0,0,0)
 0 1 5 7447 16544  12 (D 0,0,0) (S 1099,3,732) (S 926,731,28) (S 21,27,26) (S 1018,26,783) (S 753,663,664) (S 799,663,686) (S 972,686,27) (S 22,27,28) (S 889,731,732) (S 817,2,0) (D 0,0,0)
 0 1 6 8989 22281  18 (D 0,0,0) (S 1020,446,601) (S 637,601,574) (S 468,497,461) (S 80,100,99) (S 640,99,600) (S 636,600,362) (S 319,362,98) (S 78,98,97) (S 916,690,97) (S 77,97,96) (S 646,96,606) (S 963,606,741) (S 912,741,95) (S 911,95,591) (S 615,591,592) (S 841,703,704) (D 0,0,0)
 0 1 7 8793 36210  24 (D 0,0,0) (S 1144,799,121) (S 98,121,119) (S 97,119,120) (S 824,120,35) (S 825,35,10) (S 7,9,10) (S 8,10,11) (S 830,11,34) (S 26,34,33) (S 157,32,12) (S 828,699,188) (S 158,188,12) (S 10,12,13) (S 9,12,11) (S 829,11,188) (S 159,188,189) (S 827,189,698) (S 826,189,10) (S 28,35,36) (S 27,35,34) (S 831,34,120) (S 96,119,118) (D 0,0,0)
 0 1 8 8995 34558  17 (D 0,0,0) (S 947,755,754) (S 1077,754,810) (S 1076,810,813) (S 1194,813,113) (S 1069,114,185) (S 1070,185,808) (S 1071,808,809) (S 1179,545,109) (S 88,109,108) (S 149,108,183) (S 1206,849,183) (S 1207,183,845) (S 1208,845,847) (S 1210,843,841) (S 1211,841,753) (D 0,0,0)
 0 1 9 8996 32624  24 (D 0,0,0) (S 807,689,203) (S 803,485,688) (S 756,667,442) (S 757,442,668) (S 408,441,440) (S 1116,665,662) (S 752,661,662) (S 755,665,666) (S 754,665,465) (S 431,465,466) (S 814,466,693) (S 794,682,683) (S 1113,683,641) (S 715,641,468) (S 430,465,464) (S 1173,464,825) (S 1172,825,441) (S 1171,840,441) (S 409,441,442) (S 1120,667,688) (S 810,690,691) (S 811,691,471) (D 0,0,0)
 0 1 10 8804 12872  27 (D 0,0,0) (S 743,653,522) (S 1153,708,719) (S 870,719,718) (S 1078,718,762) (S 1079,762,525) (S 1080,525,14) (S 477,14,506) (S 478,506,177) (S 479,177,507) (S 873,507,344) (S 301,344,345) (S 302,345,346) (S 783,346,506) (S 782,506,431) (S 398,431,178) (S 771,180,268) (S 50,63,64) (S 51,64,65) (S 1088,65,816) (S 1166,816,738) (S 899,738,66) (S 52,66,65) (S 1087,65,451) (S 1086,451,352) (S 501,520,521) (D 0,0,0)
 0 1 11 8935 24562  15 (D 0,0,0) (S 907,435,704) (S 852,455,592) (S 616,592,593) (S 851,592,94) (S 850,94,707) (S 849,707,201) (S 170,201,200) (S 169,199,200) (S 1161,837,639) (S 713,639,200) (S 712,200,638) (S 965,638,707) (S 905,328,519) (D 0,0,0)
 0 1 12 8844 18920  19 (D 0,0,0) (S 893,735,736) (S 923,736,313) (S 922,313,582) (S 698,633,405) (S 371,405,406) (S 372,406,407) (S 373,407,408) (S 1126,828,407) (S 1127,407,71) (S 58,71,72) (S 57,71,70) (S 1033,70,406) (S 56,70,69) (S 696,69,632) (S 695,632,505) (S 476,505,504) (S 602,504,584) (D 0,0,0)
 0 1 13 8837 19917  20 (D 0,0,0) (S 768,17,523) (S 504,523,524) (S 969,762,761) (S 1142,761,316) (S 276,316,317) (S 277,317,318) (S 278,318,319) (S 279,319,320) (S 314,322,358) (S 581,359,574) (S 917,360,691) (S 426,361,460) (S 427,460,461) (S 467,461,100) (S 81,100,101) (S 82,101,102) (S 727,101,575) (S 728,575,646) (D 0,0,0)
 0 1 14 8748 17479  14 (D 0,0,0) (S 892,735,518) (S 857,518,329) (S 1035,331,580) (S 494,516,515) (S 493,515,514) (S 833,514,333) (S 834,333,481) (S 291,333,332) (S 290,332,331) (S 289,331,330) (S 288,330,329) (S 287,329,328) (D 0,0,0)
 0 1 15 8813 33712  15 (D 0,0,0) (S 994,19,769) (S 993,768,19) (S 14,19,18) (S 295,339,340) (S 438,473,474) (S 1169,474,839) (S 439,474,475) (S 552,473,340) (S 296,340,18) (S 15,19,20) (S 806,503,203) (S 1133,335,357) (S 1032,788,789) (D 0,0,0)
 0 1 16 8930 32025  24 (D 0,0,0) (S 526,537,224) (S 625,538,297) (S 624,297,463) (S 428,462,213) (S 210,213,246) (S 541,551,549) (S 540,549,550) (S 542,549,233) (S 197,232,233) (S 198,233,234) (S 716,642,234) (S 199,234,132) (S 992,134,38) (S 29,37,38) (S 990,712,221) (S 187,220,221) (S 789,222,681) (S 790,681,576) (S 585,576,286) (S 586,286,364) (S 587,364,577) (S 1170,577,608) (D 0,0,0)
 0 1 17 8162 15010  28 (D 0,0,0) (S 780,674,672) (S 399,431,15) (S 522,527,368) (S 331,368,369) (S 332,369,370) (S 606,369,513) (S 488,512,41) (S 31,41,40) (S 336,40,373) (S 337,373,374) (S 750,373,658) (S 749,373,84) (S 748,657,84) (S 65,83,84) (S 66,84,42) (S 33,42,43) (S 933,43,745) (S 931,260,343) (S 930,343,508) (S 482,508,5) (S 4,5,6) (S 5,6,7) (S 773,7,675) (S 762,671,267) (S 763,267,179) (S 764,179,672) (D 0,0,0)
 0 1 18 8235 13256  20 (D 0,0,0) (S 792,677,521) (S 500,520,351) (S 499,351,416) (S 1002,417,740) (S 901,450,171) (S 900,171,66) (S 53,66,67) (S 897,67,737) (S 1165,737,583) (S 600,583,68) (S 55,68,69) (S 697,69,405) (S 370,405,404) (S 599,404,68) (S 54,68,67) (S 896,67,170) (S 416,450,419) (S 384,419,418) (D 0,0,0)
 0 1 19 8901 28758  21 (D 0,0,0) (S 812,334,471) (S 809,690,599) (S 452,485,484) (S 459,484,21) (S 962,689,606) (S 913,741,202) (S 171,202,201) (S 848,201,146) (S 120,148,149) (S 119,148,147) (S 118,147,146) (S 847,706,146) (S 117,146,145) (S 915,145,742) (S 116,145,144) (S 293,336,144) (S 914,145,202) (S 964,741,707) (S 910,591,454) (D 0,0,0)
 0 1 20 8730 19457  15 (D 0,0,0) (S 164,193,194) (S 693,195,622) (S 682,622,623) (S 683,623,624) (S 684,624,625) (S 1130,624,830) (S 1129,624,829) (S 1128,71,829) (S 1162,838,829) (S 1163,829,632) (S 1164,632,583) (S 601,583,504) (S 680,584,353) (D 0,0,0)
 0 1 21 8944 18627  28 (D 0,0,0) (S 497,519,518) (S 496,518,517) (S 723,645,604) (S 724,604,603) (S 641,603,602) (S 643,602,604) (S 644,604,605) (S 686,605,628) (S 642,602,517) (S 495,517,516) (S 595,516,332) (S 594,332,580) (S 407,438,439) (S 703,439,422) (S 388,422,423) (S 702,422,515) (S 596,516,581) (S 597,581,582) (S 272,313,310) (S 270,310,311) (S 271,310,312) (S 414,312,449) (S 894,449,736) (S 924,736,739) (S 925,739,418) (S 383,418,417) (D 0,0,0)
 0 1 22 8992 29648  17 (D 0,0,0) (S 412,447,446) (S 418,452,427) (S 737,290,395) (S 736,395,499) (S 342,378,377) (S 397,412,430) (S 377,412,413) (S 396,412,429) (S 395,429,377) (S 341,377,376) (S 985,376,766) (S 984,376,385) (S 350,385,386) (S 469,428,498) (S 1006,498,393) (D 0,0,0)
 0 1 23 8972 18917  21 (D 0,0,0) (S 286,327,328) (S 906,328,435) (S 42,53,54) (S 43,54,55) (S 44,55,56) (S 1038,56,791) (S 1036,701,790) (S 1042,790,660) (S 751,659,660) (S 133,166,165) (S 132,164,165) (S 832,165,700) (S 836,700,636) (S 46,58,57) (S 591,57,579) (S 592,579,438) (S 406,438,437) (S 405,437,436) (S 856,436,329) (D 0,0,0)
 0 1 24 8963 14619  20 (D 0,0,0) (S 818,2,695) (S 1107,695,81) (S 64,81,82) (S 846,82,654) (S 745,262,655) (S 747,656,657) (S 935,657,746) (S 934,657,43) (S 1131,823,831) (S 1106,823,822) (S 1105,821,822) (S 1183,822,43) (S 1096,745,670) (S 929,508,671) (S 928,671,675) (S 772,675,268) (S 1168,63,787) (S 1026,787,3) (D 0,0,0)
 0 1 25 8931 15122  29 (D 0,0,0) (S 742,653,63) (S 741,63,8) (S 6,7,8) (S 740,8,555) (S 549,555,509) (S 483,509,5) (S 761,6,671) (S 481,508,266) (S 223,264,263) (S 338,263,86) (S 68,86,85) (S 67,85,42) (S 32,42,41) (S 30,40,39) (S 1085,39,815) (S 669,616,39) (S 335,40,372) (S 867,372,715) (S 1093,715,512) (S 489,512,375) (S 339,375,86) (S 871,86,380) (S 344,380,379) (S 492,379,345) (S 226,266,267) (S 227,267,268) (S 228,268,63) (D 0,0,0)
 0 1 26 7628 14312  16 (D 0,0,0) (S 1028,520,64) (S 1027,64,787) (S 1167,787,816) (S 1089,816,733) (S 1083,4,728) (S 886,728,727) (S 936,747,727) (S 1090,734,733) (S 890,733,621) (S 677,620,621) (S 424,459,355) (S 425,355,192) (S 162,192,191) (S 2,3,2) (D 0,0,0)
 0 1 27 8813 14949  19 (D 0,0,0) (S 380,327,415) (S 403,415,435) (S 404,435,436) (S 855,436,703) (S 842,704,607) (S 649,453,571) (S 437,472,471) (S 292,334,335) (S 1134,357,814) (S 1135,814,494) (S 464,494,495) (S 1030,495,325) (S 283,325,324) (S 859,324,433) (S 858,433,708) (S 1152,708,522) (S 778,653,677) (D 0,0,0)
 0 1 28 8822 19567  19 (D 0,0,0) (S 465,495,350) (S 401,349,434) (S 402,434,415) (S 839,702,701) (S 1037,701,56) (S 1043,55,794) (S 1102,794,819) (S 1101,794,51) (S 40,51,52) (S 843,607,705) (S 844,705,167) (S 49,61,62) (S 634,62,169) (S 135,168,169) (S 305,169,349) (S 306,349,350) (S 307,350,326) (D 0,0,0)
 0 1 29 8748 30333  24 (D 0,0,0) (S 420,454,455) (S 444,92,477) (S 919,281,743) (S 918,281,477) (S 443,477,199) (S 442,199,79) (S 441,79,476) (S 440,476,142) (S 115,142,143) (S 797,143,476) (S 798,476,685) (S 62,78,79) (S 168,199,198) (S 167,197,198) (S 877,198,280) (S 239,279,280) (S 878,280,723) (S 240,280,281) (S 241,281,282) (S 875,282,720) (S 242,282,283) (S 874,282,91) (D 0,0,0)
 0 1 30 8852 17766  13 (D 0,0,0) (S 163,192,193) (S 166,195,196) (S 610,589,588) (S 609,588,559) (S 608,559,587) (S 607,586,587) (S 976,587,300) (S 267,300,306) (S 121,151,150) (S 518,150,533) (S 517,150,532) (D 0,0,0)
 0 1 31 8956 29931  15 (D 0,0,0) (S 475,502,503) (S 16,20,21) (S 17,21,22) (S 672,22,483) (S 451,483,484) (S 458,484,490) (S 456,489,488) (S 967,488,710) (S 863,710,711) (S 462,490,493) (S 802,493,688) (S 805,20,503) (S 172,203,202) (D 0,0,0)
 0 1 32 8513 15846  26 (D 0,0,0) (S 1155,832,317) (S 1156,317,835) (S 661,319,534) (S 413,448,447) (S 793,447,646) (S 729,646,647) (S 657,610,611) (S 1000,611,774) (S 999,774,775) (S 998,773,774) (S 1008,774,612) (S 658,612,611) (S 1001,611,647) (S 730,647,648) (S 1007,647,612) (S 659,612,448) (S 519,534,445) (S 520,445,535) (S 968,535,761) (S 1141,761,526) (S 506,526,525) (S 11,14,15) (S 12,15,16) (S 765,16,672) (D 0,0,0)
 0 1 33 8925 33095  23 (D 0,0,0) (S 1138,832,432) (S 665,156,614) (S 1185,614,529) (S 513,397,89) (S 487,500,389) (S 353,389,388) (S 734,388,652) (S 733,652,414) (S 732,651,414) (S 378,414,401) (S 366,401,400) (S 375,400,410) (S 376,410,411) (S 379,410,401) (S 367,401,402) (S 1047,399,429) (S 394,377,386) (S 351,386,387) (S 352,387,388) (S 735,388,499) (S 471,499,398) (D 0,0,0)
 0 1 34 8994 26152  18 (D 0,0,0) (S 411,318,445) (S 725,501,24) (S 20,24,25) (S 19,24,23) (S 887,23,729) (S 18,23,22) (S 671,22,502) (S 639,99,460) (S 638,460,574) (S 1021,601,337) (S 294,337,338) (S 521,535,527) (S 507,527,526) (S 1140,526,347) (S 303,347,346) (S 781,431,672) (D 0,0,0)
 0 1 35 8699 13501  15 (D 0,0,0) (S 891,734,621) (S 678,621,459) (S 311,355,354) (S 321,354,193) (S 310,354,353) (S 603,584,194) (S 165,194,195) (S 692,195,590) (S 691,590,207) (S 176,207,206) (S 175,206,151) (S 174,151,205) (S 1108,205,695) (D 0,0,0)
 0 1 36 8959 32005  26 (D 0,0,0) (S 660,534,448) (S 359,395,396) (S 485,511,396) (S 472,500,499) (S 354,389,390) (S 1050,390,530) (S 515,530,531) (S 631,530,597) (S 632,597,598) (S 1197,615,844) (S 1188,615,842) (S 785,679,680) (S 1189,680,842) (S 1198,842,844) (S 1199,844,135) (S 618,135,38) (S 991,38,712) (S 864,712,713) (S 619,38,595) (S 788,595,222) (S 822,681,285) (S 243,284,285) (S 244,285,286) (S 245,286,287) (D 0,0,0)
 0 1 37 8874 18835  19 (D 0,0,0) (S 898,738,737) (S 369,403,404) (S 598,404,582) (S 921,582,633) (S 920,744,633) (S 699,633,627) (S 700,627,634) (S 701,634,515) (S 951,634,629) (S 688,629,630) (S 687,629,627) (S 685,627,626) (S 1045,626,581) (S 1044,581,776) (S 1004,776,735) (S 1003,735,740) (S 382,417,416) (D 0,0,0)
 0 1 38 8990 16189  26 (D 0,0,0) (S 769,674,17) (S 13,17,16) (S 766,16,524) (S 343,368,379) (S 491,379,513) (S 490,513,375) (S 340,375,370) (S 758,370,669) (S 333,370,371) (S 334,371,372) (S 866,371,715) (S 1092,817,715) (S 1094,512,85) (S 1095,85,745) (S 932,745,260) (S 221,260,261) (S 759,261,670) (S 1097,670,656) (S 1098,656,818) (S 746,656,655) (S 868,716,655) (S 160,82,190) (S 547,81,190) (S 161,190,191) (D 0,0,0)
 0 1 39 8973 23733  21 (D 0,0,0) (S 593,580,438) (S 704,439,635) (S 960,758,759) (S 961,758,760) (S 959,758,635) (S 705,635,636) (S 835,700,481) (S 450,481,482) (S 449,481,59) (S 48,59,60) (S 708,456,562) (S 709,562,93) (S 74,93,94) (S 75,94,95) (S 76,95,96) (S 647,96,472) (S 648,472,571) (S 651,52,607) (S 1081,705,434) (D 0,0,0)
 0 1 40 8980 19367  23 (D 0,0,0) (S 633,62,167) (S 134,167,166) (S 1034,166,702) (S 840,702,703) (S 854,703,54) (S 853,54,455) (S 421,455,456) (S 422,456,457) (S 707,456,58) (S 706,58,636) (S 837,636,579) (S 838,579,701) (S 1041,660,793) (S 1039,792,793) (S 1040,793,785) (S 1023,785,784) (S 1025,784,786) (S 1022,784,649) (S 731,649,650) (S 1024,784,437) (S 927,437,330) (D 0,0,0)
 0 1 41 8984 34173  16 (D 0,0,0) (S 317,360,361) (S 673,483,492) (S 461,492,490) (S 457,489,490) (S 460,491,492) (S 674,492,617) (S 888,617,730) (S 675,617,618) (S 676,618,619) (S 966,618,488) (S 466,489,496) (S 800,687,496) (S 801,496,493) (S 804,485,20) (D 0,0,0)
 0 1 42 8178 13007  14 (D 0,0,0) (S 1100,3,191) (S 613,532,585) (S 612,585,590) (S 611,590,589) (S 776,589,196) (S 775,196,623) (S 774,623,505) (S 694,505,622) (S 681,622,584) (S 679,353,459) (S 423,458,459) (S 1091,734,4) (D 0,0,0)
 0 1 43 8956 29601  15 (D 0,0,0) (S 112,136,137) (S 248,290,154) (S 249,154,291) (S 320,242,363) (S 664,363,156) (S 125,156,157) (S 124,156,155) (S 510,155,291) (S 509,291,241) (S 508,241,528) (S 784,528,678) (S 205,241,242) (S 250,242,291) (D 0,0,0)
 0 1 44 8771 29145  18 (D 0,0,0) (S 1010,779,778) (S 1016,778,781) (S 1014,781,237) (S 1009,238,778) (S 204,239,240) (S 1012,239,780) (S 203,239,238) (S 202,238,237) (S 1015,237,782) (S 201,237,236) (S 979,236,424) (S 876,721,722) (S 978,722,424) (S 389,424,425) (S 1013,425,781) (S 390,425,426) (D 0,0,0)
 0 1 45 8926 26971  19 (D 0,0,0) (S 498,416,519) (S 562,562,563) (S 710,93,637) (S 940,637,749) (S 711,637,638) (S 73,93,92) (S 72,92,91) (S 71,90,91) (S 445,92,478) (S 996,478,771) (S 446,478,479) (S 997,479,772) (S 447,479,480) (S 995,480,770) (S 448,480,59) (S 47,59,58) (S 45,57,56) (D 0,0,0)
 0 1 46 8951 29106  18 (D 0,0,0) (S 358,395,394) (S 357,394,393) (S 356,393,392) (S 355,392,391) (S 983,391,385) (S 393,386,428) (S 392,428,392) (S 982,391,140) (S 114,140,141) (S 981,140,152) (S 122,152,153) (S 980,152,236) (S 1011,239,779) (S 1017,779,426) (S 391,426,427) (S 869,717,427) (D 0,0,0)
 0 1 47 8992 32179  16 (D 0,0,0) (S 787,595,133) (S 786,133,680) (S 668,615,597) (S 667,597,88) (S 514,89,530) (S 1049,390,652) (S 1048,652,399) (S 374,409,400) (S 365,400,399) (S 364,399,378) (S 363,378,387) (S 362,387,398) (S 470,498,398) (S 361,398,394) (D 0,0,0)
 0 1 48 8749 31482  21 (D 0,0,0) (S 533,541,542) (S 1187,542,841) (S 1186,841,104) (S 84,104,105) (S 1190,105,48) (S 37,48,47) (S 1205,47,848) (S 1204,47,106) (S 86,106,107) (S 85,106,105) (S 1191,105,843) (S 1209,847,843) (S 1192,843,543) (S 1193,543,813) (S 1072,810,811) (S 1212,811,755) (S 948,755,115) (S 330,115,174) (S 328,293,367) (D 0,0,0)
 0 1 49 8980 33649  33 (D 0,0,0) (S 568,539,462) (S 429,462,463) (S 623,463,217) (S 184,217,218) (S 185,218,219) (S 566,219,211) (S 179,210,211) (S 455,486,487) (S 454,486,274) (S 453,274,246) (S 955,245,748) (S 939,748,315) (S 275,315,246) (S 209,246,245) (S 208,245,130) (S 106,130,129) (S 105,129,128) (S 956,160,748) (S 938,748,129) (S 937,129,244) (S 207,244,130) (S 575,569,131) (S 621,570,277) (S 238,277,278) (S 246,288,278) (S 247,278,289) (S 622,277,217) (S 231,270,216) (S 232,216,271) (S 183,216,217) (S 620,570,595) (D 0,0,0)
 0 1 50 8881 34803  18 (D 0,0,0) (S 1005,777,393) (S 1046,429,766) (S 986,766,73) (S 59,73,74) (S 1066,74,806) (S 1073,806,767) (S 987,767,73) (S 60,74,75) (S 145,181,75) (S 146,75,182) (S 147,182,46) (S 36,46,47) (S 38,48,49) (S 943,49,103) (S 945,753,541) (S 819,695,696) (D 0,0,0)
 0 1 51 8984 34354  29 (D 0,0,0) (S 655,561,609) (S 881,314,724) (S 958,724,757) (S 952,757,127) (S 883,126,725) (S 950,725,751) (S 942,751,752) (S 941,750,751) (S 954,756,420) (S 385,161,243) (S 206,243,244) (S 1104,243,796) (S 1103,820,796) (S 1052,796,795) (S 1051,795,162) (S 131,162,163) (S 386,161,420) (S 387,420,421) (S 884,421,725) (S 949,725,756) (S 953,756,127) (S 128,128,160) (S 127,160,159) (S 273,159,314) (S 880,314,470) (S 879,470,540) (S 539,548,547) (D 0,0,0)
 0 1 52 8941 26903  20 (D 0,0,0) (S 173,204,205) (S 653,608,29) (S 23,29,30) (S 349,30,384) (S 24,30,31) (S 348,30,383) (S 544,553,383) (S 347,383,382) (S 821,381,681) (S 188,222,221) (S 989,221,381) (S 820,697,381) (S 346,381,382) (S 584,382,576) (S 791,576,287) (S 545,383,287) (S 652,287,29) (S 654,608,609) (D 0,0,0)
 0 1 53 8924 27313  12 (D 0,0,0) (S 561,214,561) (S 656,561,365) (S 324,365,257) (S 229,256,227) (S 194,227,228) (S 193,227,226) (S 327,226,367) (S 628,367,565) (S 627,596,565) (S 569,565,225) (D 0,0,0)
 0 1 54 8996 27944  19 (D 0,0,0) (S 322,29,364) (S 823,536,285) (S 189,222,223) (S 717,643,223) (S 719,247,537) (S 720,537,548) (S 721,548,566) (S 571,566,547) (S 538,546,547) (S 572,547,249) (S 213,249,250) (S 573,249,567) (S 589,567,578) (S 590,578,366) (S 325,366,257) (S 218,256,257) (S 219,257,258) (D 0,0,0)
 0 1 55 8603 28422  7 (D 0,0,0) (S 558,560,294) (S 251,293,292) (S 630,292,269) (S 629,269,367) (S 192,226,225) (D 0,0,0)
 0 1 56 8928 23083  19 (D 0,0,0) (S 662,443,319) (S 280,320,321) (S 79,98,99) (S 670,600,502) (S 474,502,501) (S 726,501,101) (S 583,575,497) (S 582,497,574) (S 580,359,573) (S 579,573,572) (S 865,572,714) (S 578,572,571) (S 41,53,52) (S 650,52,453) (S 419,453,454) (S 909,454,53) (S 908,53,704) (D 0,0,0)
 0 1 57 8977 31071  10 (D 0,0,0) (S 252,294,293) (S 140,174,175) (S 141,175,176) (S 1068,175,807) (S 1067,175,348) (S 304,348,292) (S 230,269,227) (S 326,226,366) (D 0,0,0)
 0 1 58 8993 20267  11 (D 0,0,0) (S 266,151,306) (S 1132,558,826) (S 1122,826,208) (S 1121,208,588) (S 557,559,209) (S 262,300,301) (S 1125,301,827) (S 1124,301,557) (S 554,557,306) (D 0,0,0)
 0 1 59 8959 40949  17 (D 0,0,0) (S 588,567,577) (S 577,570,564) (S 576,564,131) (S 107,131,130) (S 215,252,231) (S 196,231,230) (S 234,230,273) (S 233,272,230) (S 261,229,254) (S 217,254,255) (S 543,552,299) (S 260,299,229) (S 195,229,230) (S 214,251,231) (S 1160,252,679) (D 0,0,0)
 0 1 60 8918 35586  19 (D 0,0,0) (S 93,115,114) (S 91,113,112) (S 1151,111,808) (S 1150,111,801) (S 1149,801,124) (S 1148,124,765) (S 975,765,32) (S 973,763,764) (S 1174,764,834) (S 1146,833,834) (S 1147,834,765) (S 974,765,764) (S 1175,764,125) (S 1062,125,803) (S 102,125,124) (S 101,124,123) (S 100,123,122) (D 0,0,0)
 0 1 61 8978 31609  23 (D 0,0,0) (S 530,539,158) (S 531,158,540) (S 436,470,213) (S 181,213,212) (S 186,212,219) (S 567,219,462) (S 180,212,211) (S 565,211,486) (S 564,486,275) (S 236,275,276) (S 235,274,275) (S 563,275,564) (S 108,131,132) (S 200,132,235) (S 109,132,133) (S 110,133,134) (S 111,134,135) (S 257,135,276) (S 237,276,277) (S 256,276,218) (S 255,218,296) (D 0,0,0)
 0 1 62 8987 32453  22 (D 0,0,0) (S 882,724,126) (S 103,126,127) (S 104,127,128) (S 129,128,161) (S 130,161,162) (S 1061,795,802) (S 1159,802,252) (S 216,252,253) (S 1158,802,726) (S 1157,836,726) (S 885,726,421) (S 957,757,160) (S 274,315,159) (S 126,159,158) (S 138,158,173) (S 1055,173,596) (S 626,596,538) (S 525,537,248) (S 524,248,536) (S 523,536,364) (D 0,0,0)
 0 1 63 8591 33929  16 (D 0,0,0) (S 1195,113,805) (S 154,186,187) (S 1060,187,801) (S 1176,125,110) (S 1177,110,809) (S 1178,809,545) (S 537,545,184) (S 536,184,544) (S 1201,846,544) (S 535,544,543) (S 83,104,103) (S 944,103,753) (S 139,173,174) (S 329,174,293) (D 0,0,0)
 0 1 64 8883 23926  15 (D 0,0,0) (S 560,561,258) (S 559,258,294) (S 253,294,295) (S 254,295,296) (S 258,296,297) (S 259,297,298) (S 527,538,224) (S 190,224,223) (S 718,223,247) (S 211,247,248) (S 212,248,249) (S 1184,578,609) (S 553,215,557) (D 0,0,0)
 0 1 65 8994 37703  18 (D 0,0,0) (S 1143,799,804) (S 1063,804,797) (S 1064,797,805) (S 1065,805,186) (S 153,186,112) (S 152,112,185) (S 151,185,184) (S 150,184,183) (S 1200,845,107) (S 87,107,108) (S 148,108,46) (S 35,46,45) (S 34,44,45) (S 1203,106,847) (S 1202,847,544) (S 534,543,542) (D 0,0,0)
 0 1 66 8892 33461  23 (D 0,0,0) (S 1056,118,799) (S 1057,799,798) (S 1059,800,187) (S 155,187,123) (S 156,123,32) (S 25,32,33) (S 1145,33,121) (S 99,121,122) (S 1054,122,798) (S 1053,798,797) (S 1196,805,800) (S 1058,800,798) (S 95,118,115) (S 946,754,541) (S 532,541,540) (S 529,539,295) (S 528,295,538) (S 191,224,225) (S 570,225,566) (S 722,566,644) (S 574,567,568) (D 0,0,0)
 0 1 67 8923 39980  13 (D 0,0,0) (S 39,49,50) (S 988,49,767) (S 1074,806,182) (S 1075,182,812) (S 61,76,77) (S 1182,76,812) (S 1181,812,45) (S 1180,45,109) (S 89,110,111) (S 90,111,112) (S 92,113,114) (D 0,0,0)
 0 1 68 8869 40521  15 (D 0,0,0) (S 1119,667,825) (S 813,692,466) (S 432,466,467) (S 796,467,684) (S 434,468,469) (S 263,302,303) (S 1110,303,308) (S 268,307,308) (S 269,308,309) (S 1109,824,308) (S 1111,303,556) (S 1112,556,641) (S 714,640,641) (D 0,0,0)
 0 1 69 8662 20085  21 (D 0,0,0) (S 690,521,324) (S 689,631,324) (S 400,433,432) (S 1137,432,443) (S 410,443,444) (S 1136,443,494) (S 463,494,320) (S 312,321,356) (S 281,321,322) (S 315,358,359) (S 862,573,554) (S 861,554,139) (S 113,138,139) (S 860,709,139) (S 546,554,358) (S 282,322,323) (S 313,322,357) (S 1082,814,788) (S 1031,788,495) (D 0,0,0)
 0 1 70 8975 32755  19 (D 0,0,0) (S 316,359,360) (S 318,361,98) (S 635,362,599) (S 808,599,689) (S 1118,825,440) (S 617,594,440) (S 1117,440,665) (S 1115,662,693) (S 815,693,694) (S 1114,693,683) (S 795,683,467) (S 433,467,468) (S 550,469,556) (S 264,303,304) (S 265,304,305) (S 435,304,469) (S 551,469,473) (D 0,0,0)
