1804654
70
319167
302813
 0 1 1 8915 19142  16 (D 0,0,0) (S 816,0,677) (S 699,633,627) (S 700,627,634) (S 493,515,514) (S 833,514,333) (S 832,700,165) (S 133,165,166) (S 134,166,167) (S 633,167,62) (S 49,61,62) (S 634,62,169) (S 135,168,169) (S 305,169,349) (S 402,434,415) (D 0,0,0)
 0 1 2 8821 22823  17 (D 0,0,0) (S 594,332,580) (S 592,438,579) (S 591,579,57) (S 46,57,58) (S 47,58,59) (S 48,59,60) (S 995,480,770) (S 448,480,59) (S 834,333,481) (S 450,481,482) (S 835,481,700) (S 836,700,636) (S 703,439,422) (S 388,422,423) (S 702,422,515) (D 0,0,0)
 0 1 3 8206 13924  36 (D 0,0,0) (S 144,180,179) (S 143,179,178) (S 142,178,177) (S 479,177,507) (S 480,507,266) (S 225,266,265) (S 224,265,264) (S 344,380,379) (S 492,379,345) (S 301,345,344) (S 872,344,380) (S 871,380,86) (S 68,86,85) (S 1094,85,512) (S 1093,512,715) (S 1092,817,715) (S 333,371,370) (S 340,370,375) (S 339,375,86) (S 338,86,263) (S 223,263,264) (S 345,264,380) (S 491,379,513) (S 606,513,369) (S 758,370,669) (S 332,370,369) (S 331,369,368) (S 522,368,527) (S 507,527,526) (S 506,526,525) (S 1080,525,14) (S 399,15,431) (S 781,431,672) (S 780,672,674) (D 0,0,0)
 0 1 4 8956 14294  31 (D 0,0,0) (S 779,653,674) (S 12,16,15) (S 11,15,14) (S 477,14,506) (S 782,506,431) (S 398,431,178) (S 478,177,506) (S 783,506,346) (S 303,346,347) (S 1140,347,526) (S 1141,526,761) (S 1142,761,316) (S 276,316,317) (S 277,317,318) (S 411,318,445) (S 660,534,448) (S 1000,611,774) (S 998,773,774) (S 999,774,775) (S 1008,774,612) (S 519,534,445) (S 520,445,535) (S 968,535,761) (S 969,761,762) (S 970,762,673) (S 971,673,708) (S 1152,708,522) (S 743,522,653) (S 778,653,677) (D 0,0,0)
 0 1 5 8942 18386  27 (D 0,0,0) (S 490,513,375) (S 489,375,512) (S 866,715,371) (S 334,371,372) (S 336,40,373) (S 750,373,658) (S 337,373,374) (S 749,373,84) (S 65,83,84) (S 934,657,43) (S 1183,43,822) (S 1105,821,822) (S 1131,823,831) (S 1106,823,822) (S 33,43,42) (S 67,42,85) (S 1095,85,745) (S 760,261,342) (S 297,341,342) (S 298,342,343) (S 930,343,508) (S 481,508,266) (S 226,266,267) (S 227,267,268) (S 228,268,63) (D 0,0,0)
 0 1 6 8881 14298  30 (D 0,0,0) (S 742,653,63) (S 741,63,8) (S 6,8,7) (S 4,6,5) (S 549,555,509) (S 484,509,510) (S 845,509,654) (S 745,262,655) (S 868,716,655) (S 746,655,656) (S 1098,656,818) (S 1097,656,670) (S 759,670,261) (S 221,261,260) (S 932,260,745) (S 1096,745,670) (S 222,261,262) (S 744,262,654) (S 483,509,5) (S 482,5,508) (S 929,508,671) (S 761,671,6) (S 5,6,7) (S 773,7,675) (S 928,675,671) (S 772,675,268) (S 771,268,180) (S 770,180,674) (D 0,0,0)
 0 1 7 8876 24070  24 (D 0,0,0) (S 404,435,436) (S 405,436,437) (S 406,437,438) (S 407,438,439) (S 706,636,58) (S 707,58,456) (S 422,456,457) (S 712,638,200) (S 1161,837,639) (S 713,639,200) (S 171,201,202) (S 913,202,741) (S 963,741,606) (S 962,606,689) (S 808,689,599) (S 1139,832,718) (S 1078,718,762) (S 1079,762,525) (S 505,525,524) (S 766,524,16) (S 768,17,523) (S 503,523,522) (D 0,0,0)
 0 1 8 8897 29980  17 (D 0,0,0) (S 319,98,362) (S 636,362,600) (S 671,502,22) (S 672,22,483) (S 460,491,492) (S 674,492,617) (S 888,617,730) (S 675,617,618) (S 676,618,619) (S 966,618,488) (S 412,446,447) (S 413,447,448) (S 521,535,527) (S 343,368,379) (S 302,345,346) (D 0,0,0)
 0 1 9 8914 22901  22 (D 0,0,0) (S 581,359,574) (S 468,497,461) (S 81,100,101) (S 727,101,575) (S 583,575,497) (S 582,497,574) (S 637,574,601) (S 1021,601,337) (S 294,337,338) (S 1020,601,446) (S 729,646,647) (S 730,647,648) (S 1007,647,612) (S 658,612,611) (S 657,610,611) (S 1001,611,647) (S 659,612,448) (S 278,319,318) (S 1156,317,835) (S 1155,317,832) (D 0,0,0)
 0 1 10 8979 20998  17 (D 0,0,0) (S 1138,832,432) (S 662,443,319) (S 661,319,534) (S 793,447,646) (S 728,646,575) (S 82,101,102) (S 726,101,501) (S 474,501,502) (S 670,502,600) (S 640,600,99) (S 79,99,98) (S 78,98,97) (S 437,471,472) (S 649,571,453) (S 381,327,416) (D 0,0,0)
 0 1 11 8742 17058  22 (D 0,0,0) (S 382,416,417) (S 1002,417,740) (S 1003,740,735) (S 1004,735,776) (S 1044,776,581) (S 1045,581,626) (S 685,626,627) (S 687,627,629) (S 688,629,630) (S 951,629,634) (S 701,634,515) (S 494,515,516) (S 596,516,581) (S 597,581,582) (S 598,582,404) (S 136,170,171) (S 137,171,172) (S 900,171,66) (S 899,66,738) (S 1089,816,733) (D 0,0,0)
 0 1 12 8530 17091  14 (D 0,0,0) (S 1026,3,787) (S 1166,816,738) (S 898,738,737) (S 1165,737,583) (S 600,583,68) (S 55,68,69) (S 56,69,70) (S 57,70,71) (S 1162,838,829) (S 1129,829,624) (S 682,623,622) (S 681,622,584) (D 0,0,0)
 0 1 13 8970 19790  21 (D 0,0,0) (S 601,504,583) (S 1164,583,632) (S 1163,632,829) (S 1128,829,71) (S 58,71,72) (S 1127,71,407) (S 1126,828,407) (S 373,407,408) (S 369,404,403) (S 663,403,613) (S 368,403,170) (S 895,170,449) (S 415,449,450) (S 901,450,171) (S 896,170,67) (S 897,67,737) (S 1167,816,787) (S 1027,787,64) (S 50,64,63) (D 0,0,0)
 0 1 14 8565 12970  25 (D 0,0,0) (S 777,676,677) (S 792,677,521) (S 500,520,351) (S 309,351,352) (S 1086,352,451) (S 416,419,450) (S 902,450,739) (S 272,313,310) (S 270,310,311) (S 271,310,312) (S 414,312,449) (S 894,449,736) (S 893,736,735) (S 892,735,518) (S 497,518,519) (S 904,519,740) (S 903,740,739) (S 925,739,418) (S 384,418,419) (S 417,419,451) (S 1087,451,65) (S 51,65,64) (S 1028,64,520) (D 0,0,0)
 0 1 15 8788 17513  21 (D 0,0,0) (S 501,521,520) (S 498,416,519) (S 496,518,517) (S 643,602,604) (S 644,604,605) (S 686,605,628) (S 723,645,604) (S 724,604,603) (S 641,603,602) (S 642,602,517) (S 495,517,516) (S 595,516,332) (S 291,332,333) (S 290,332,331) (S 289,331,330) (S 288,330,329) (S 287,329,328) (S 286,328,327) (S 1029,325,520) (D 0,0,0)
 0 1 16 8889 17937  28 (D 0,0,0) (S 307,326,350) (S 306,350,349) (S 844,167,705) (S 843,705,607) (S 651,607,52) (S 650,52,453) (S 419,453,454) (S 909,454,53) (S 42,53,54) (S 43,54,55) (S 44,55,56) (S 1038,56,791) (S 1037,56,701) (S 1036,701,790) (S 1042,790,660) (S 751,659,660) (S 1041,660,793) (S 1039,792,793) (S 1040,793,785) (S 1023,785,784) (S 1025,784,786) (S 731,649,650) (S 1022,649,784) (S 1024,784,437) (S 927,437,330) (S 284,326,325) (D 0,0,0)
 0 1 17 8942 25102  21 (D 0,0,0) (S 308,351,326) (S 850,94,707) (S 849,707,201) (S 848,201,146) (S 847,706,146) (S 120,148,149) (S 119,148,147) (S 118,147,146) (S 117,146,145) (S 915,145,742) (S 293,336,144) (S 116,144,145) (S 914,145,202) (S 172,202,203) (S 807,203,689) (S 1031,788,495) (S 1030,495,325) (S 283,325,324) (S 858,433,708) (D 0,0,0)
 0 1 18 8757 21836  23 (D 0,0,0) (S 1153,708,719) (S 1154,719,832) (S 580,359,573) (S 579,573,572) (S 865,572,714) (S 578,572,571) (S 648,571,472) (S 647,472,96) (S 77,96,97) (S 76,96,95) (S 911,95,591) (S 420,454,455) (S 838,701,579) (S 837,579,636) (S 705,636,635) (S 959,635,758) (S 960,758,759) (S 961,758,760) (S 704,635,439) (S 593,438,580) (S 1035,580,331) (D 0,0,0)
 0 1 19 8668 18621  16 (D 0,0,0) (S 905,519,328) (S 906,328,435) (S 842,704,607) (S 40,52,51) (S 1101,51,794) (S 1102,794,819) (S 1043,794,55) (S 45,56,57) (S 839,701,702) (S 1034,166,702) (S 840,702,703) (S 855,703,436) (S 856,436,329) (S 857,329,518) (D 0,0,0)
 0 1 20 6630 13743  16 (D 0,0,0) (S 690,521,324) (S 689,631,324) (S 859,324,433) (S 400,433,432) (S 410,443,444) (S 1136,443,494) (S 1135,494,814) (S 1134,814,357) (S 282,322,323) (S 281,322,321) (S 312,321,356) (S 280,321,320) (S 463,320,494) (S 464,494,495) (D 0,0,0)
 0 1 21 8750 17196  16 (D 0,0,0) (S 465,495,350) (S 401,349,434) (S 1081,434,705) (S 41,52,53) (S 910,454,591) (S 615,591,592) (S 616,592,593) (S 852,592,455) (S 853,455,54) (S 841,703,704) (S 907,704,435) (S 403,435,415) (S 380,415,327) (S 285,327,326) (D 0,0,0)
 0 1 22 8854 14880  18 (D 0,0,0) (S 502,522,521) (S 499,351,416) (S 383,417,418) (S 924,739,736) (S 923,736,313) (S 922,313,582) (S 921,582,633) (S 920,744,633) (S 698,633,405) (S 370,405,404) (S 599,404,68) (S 54,68,67) (S 53,67,66) (S 52,66,65) (S 1088,65,816) (S 1168,787,63) (D 0,0,0)
 0 1 23 8708 17493  16 (D 0,0,0) (S 1100,3,191) (S 163,192,193) (S 610,589,588) (S 609,588,559) (S 557,559,209) (S 556,209,558) (S 555,558,306) (S 554,306,557) (S 182,215,214) (S 656,561,365) (S 323,365,117) (S 94,117,116) (S 977,116,300) (S 266,306,151) (D 0,0,0)
 0 1 24 8927 17367  14 (D 0,0,0) (S 1123,205,557) (S 1124,557,301) (S 1125,301,827) (S 262,301,300) (S 267,300,306) (S 121,151,150) (S 518,150,533) (S 517,150,532) (S 516,532,191) (S 161,191,190) (S 160,190,82) (S 64,82,81) (D 0,0,0)
 0 1 25 8916 16185  27 (D 0,0,0) (S 1107,695,81) (S 846,82,654) (S 747,656,657) (S 935,657,746) (S 748,657,84) (S 66,84,42) (S 32,42,41) (S 31,41,40) (S 669,616,39) (S 1085,39,815) (S 30,39,40) (S 335,40,372) (S 867,372,715) (S 488,512,41) (S 933,43,745) (S 931,260,343) (S 299,343,265) (S 300,265,344) (S 873,344,507) (S 762,671,267) (S 763,267,179) (S 764,179,672) (S 765,672,16) (S 13,16,17) (S 769,17,674) (D 0,0,0)
 0 1 26 8921 27423  17 (D 0,0,0) (S 504,523,524) (S 767,524,673) (S 418,452,427) (S 869,717,427) (S 390,426,425) (S 876,721,722) (S 978,722,424) (S 389,424,425) (S 1013,425,781) (S 1016,781,778) (S 1009,778,238) (S 203,238,239) (S 204,239,240) (S 1011,239,779) (S 391,426,427) (D 0,0,0)
 0 1 27 8751 28541  19 (D 0,0,0) (S 738,137,290) (S 510,291,155) (S 124,155,156) (S 125,156,157) (S 665,156,614) (S 1185,529,614) (S 666,614,88) (S 70,88,89) (S 473,89,500) (S 487,500,389) (S 354,389,390) (S 667,597,88) (S 69,87,88) (S 513,89,397) (S 512,397,529) (S 511,529,155) (S 1019,452,446) (D 0,0,0)
 0 1 28 8881 29609  16 (D 0,0,0) (S 112,136,137) (S 1006,393,498) (S 392,428,392) (S 355,392,391) (S 982,391,140) (S 114,140,141) (S 981,140,152) (S 122,152,153) (S 980,152,236) (S 201,236,237) (S 1015,237,782) (S 202,237,238) (S 1010,778,779) (S 1017,779,426) (D 0,0,0)
 0 1 29 8943 30185  19 (D 0,0,0) (S 737,290,395) (S 358,395,394) (S 1005,777,393) (S 361,394,398) (S 470,398,498) (S 469,498,428) (S 393,428,386) (S 395,377,429) (S 366,400,401) (S 378,401,414) (S 732,651,414) (S 733,414,652) (S 1049,652,390) (S 515,530,531) (S 514,530,89) (S 360,397,396) (S 736,499,395) (D 0,0,0)
 0 1 30 8997 27963  14 (D 0,0,0) (S 249,154,291) (S 205,242,241) (S 508,241,528) (S 784,528,678) (S 509,241,291) (S 250,291,242) (S 320,242,363) (S 664,363,156) (S 645,363,155) (S 123,155,154) (S 248,154,290) (S 739,137,427) (D 0,0,0)
 0 1 31 8571 20301  19 (D 0,0,0) (S 1082,788,814) (S 314,322,358) (S 546,358,554) (S 113,138,139) (S 860,709,139) (S 861,139,554) (S 862,554,573) (S 316,359,360) (S 317,360,361) (S 426,361,460) (S 639,460,99) (S 80,99,100) (S 467,100,461) (S 427,461,460) (S 638,460,574) (S 315,359,358) (S 313,322,357) (D 0,0,0)
 0 1 32 8982 28792  16 (D 0,0,0) (S 812,334,471) (S 809,690,599) (S 635,599,362) (S 475,502,503) (S 804,20,485) (S 452,485,484) (S 457,490,489) (S 863,710,711) (S 967,710,488) (S 456,488,489) (S 17,21,22) (S 279,320,319) (S 1137,443,432) (S 870,718,719) (D 0,0,0)
 0 1 33 8784 18803  14 (D 0,0,0) (S 817,0,2) (S 164,193,194) (S 165,194,195) (S 692,195,590) (S 608,559,587) (S 607,586,587) (S 976,587,300) (S 1132,558,826) (S 1122,826,208) (S 177,208,207) (S 176,207,206) (S 605,206,585) (D 0,0,0)
 0 1 34 7610 14069  13 (D 0,0,0) (S 612,585,590) (S 611,590,589) (S 166,196,195) (S 693,195,622) (S 694,622,505) (S 476,505,504) (S 602,504,584) (S 603,584,194) (S 321,193,354) (S 425,355,192) (S 162,192,191) (D 0,0,0)
 0 1 35 8940 16363  19 (D 0,0,0) (S 2,2,3) (S 1083,4,728) (S 936,747,727) (S 886,727,728) (S 891,734,621) (S 677,620,621) (S 423,458,459) (S 424,459,355) (S 311,355,354) (S 310,354,353) (S 679,353,459) (S 678,459,621) (S 890,621,733) (S 1090,733,734) (S 1091,734,4) (S 1099,3,732) (S 889,731,732) (D 0,0,0)
 0 1 36 8568 21187  14 (D 0,0,0) (S 926,731,28) (S 22,28,27) (S 21,27,26) (S 1018,26,783) (S 972,27,686) (S 799,686,663) (S 753,663,664) (S 614,532,80) (S 63,80,81) (S 547,81,190) (S 548,190,555) (S 740,555,8) (D 0,0,0)
 0 1 37 8594 12315  12 (D 0,0,0) (S 1,0,1) (S 3,3,4) (S 1084,4,191) (S 613,532,585) (S 175,206,151) (S 174,151,205) (S 173,204,205) (S 1108,205,695) (S 819,695,696) (S 818,695,2) (D 0,0,0)
 0 1 38 8863 20226  19 (D 0,0,0) (S 604,194,585) (S 691,590,207) (S 178,208,209) (S 1121,208,588) (S 776,589,196) (S 775,196,623) (S 774,623,505) (S 695,505,632) (S 696,632,69) (S 697,69,405) (S 371,405,406) (S 372,406,407) (S 1033,406,70) (S 1130,624,830) (S 684,624,625) (S 683,624,623) (S 680,584,353) (D 0,0,0)
 0 1 39 8857 21732  18 (D 0,0,0) (S 854,703,54) (S 421,455,456) (S 708,456,562) (S 562,562,563) (S 709,562,93) (S 710,93,637) (S 940,637,749) (S 711,637,638) (S 965,638,707) (S 964,707,741) (S 646,606,96) (S 916,97,690) (S 811,691,471) (S 292,334,335) (S 1133,335,357) (S 1032,788,789) (D 0,0,0)
 0 1 40 8984 28113  22 (D 0,0,0) (S 912,95,741) (S 170,201,200) (S 440,476,142) (S 115,142,143) (S 797,143,476) (S 798,476,685) (S 441,476,79) (S 62,78,79) (S 442,79,199) (S 443,199,477) (S 918,477,281) (S 240,281,280) (S 239,279,280) (S 878,280,723) (S 877,280,198) (S 167,197,198) (S 168,198,199) (S 169,199,200) (S 75,94,95) (S 908,53,704) (D 0,0,0)
 0 1 41 8784 27261  20 (D 0,0,0) (S 851,592,94) (S 74,94,93) (S 73,93,92) (S 444,92,477) (S 919,281,743) (S 241,281,282) (S 242,282,283) (S 875,282,720) (S 874,282,91) (S 71,90,91) (S 72,91,92) (S 445,92,478) (S 996,478,771) (S 446,478,479) (S 997,479,772) (S 447,479,480) (S 449,59,481) (S 132,164,165) (D 0,0,0)
 0 1 42 8976 33698  19 (D 0,0,0) (S 318,361,98) (S 803,485,688) (S 1120,688,667) (S 1119,667,825) (S 430,464,465) (S 431,465,466) (S 813,692,466) (S 814,466,693) (S 815,693,694) (S 1115,693,662) (S 755,665,666) (S 408,440,441) (S 409,441,442) (S 757,442,668) (S 756,442,667) (S 802,688,493) (S 800,687,496) (D 0,0,0)
 0 1 43 8847 34736  14 (D 0,0,0) (S 1172,825,441) (S 1171,840,441) (S 794,682,683) (S 795,683,467) (S 433,467,468) (S 434,468,469) (S 1169,474,839) (S 439,474,475) (S 438,474,473) (S 552,473,340) (S 993,768,19) (S 15,19,20) (D 0,0,0)
 0 1 44 8978 34033  19 (D 0,0,0) (S 1118,825,440) (S 617,594,440) (S 1117,440,665) (S 754,465,665) (S 1116,665,662) (S 752,661,662) (S 1114,693,683) (S 1113,683,641) (S 714,640,641) (S 1112,641,556) (S 550,556,469) (S 551,469,473) (S 295,339,340) (S 296,340,18) (S 14,18,19) (S 994,19,769) (S 805,20,503) (D 0,0,0)
 0 1 45 8989 27114  19 (D 0,0,0) (S 725,501,24) (S 20,24,25) (S 19,24,23) (S 887,23,729) (S 18,23,22) (S 451,483,484) (S 458,484,490) (S 466,489,496) (S 801,496,493) (S 462,493,490) (S 461,490,492) (S 673,492,483) (S 459,484,21) (S 16,21,20) (S 806,503,203) (S 810,690,691) (S 917,691,360) (D 0,0,0)
 0 1 46 8997 39234  15 (D 0,0,0) (S 435,469,304) (S 265,304,305) (S 264,304,303) (S 1109,824,308) (S 269,308,309) (S 268,307,308) (S 1110,308,303) (S 263,302,303) (S 1111,303,556) (S 715,641,468) (S 796,467,684) (S 432,467,466) (S 1173,464,825) (D 0,0,0)
 0 1 47 8845 35730  19 (D 0,0,0) (S 1012,239,780) (S 1014,237,781) (S 979,424,236) (S 983,391,385) (S 341,376,377) (S 342,377,378) (S 394,377,386) (S 350,386,385) (S 984,385,376) (S 985,376,766) (S 986,766,73) (S 1066,806,74) (S 987,73,767) (S 943,49,103) (S 1186,104,841) (S 1187,841,542) (S 533,542,541) (D 0,0,0)
 0 1 48 8975 35887  21 (D 0,0,0) (S 945,541,753) (S 944,753,103) (S 83,103,104) (S 84,104,105) (S 1190,105,48) (S 38,48,49) (S 39,49,50) (S 988,49,767) (S 1073,767,806) (S 1074,806,182) (S 60,75,74) (S 59,74,73) (S 1046,766,429) (S 396,429,412) (S 397,412,430) (S 377,412,413) (S 1047,429,399) (S 362,387,398) (S 471,398,499) (D 0,0,0)
 0 1 49 8995 31572  25 (D 0,0,0) (S 257,135,276) (S 576,564,131) (S 575,569,131) (S 107,131,130) (S 106,130,129) (S 938,129,748) (S 956,748,160) (S 274,159,315) (S 210,246,213) (S 181,212,213) (S 209,246,245) (S 955,245,748) (S 939,748,315) (S 275,315,246) (S 453,246,274) (S 454,274,486) (S 566,211,219) (S 567,219,462) (S 429,462,463) (S 568,462,539) (S 626,538,596) (S 569,565,225) (S 191,225,224) (D 0,0,0)
 0 1 50 8793 31945  23 (D 0,0,0) (S 791,287,576) (S 790,576,681) (S 787,595,133) (S 108,132,131) (S 207,130,244) (S 937,244,129) (S 105,129,128) (S 129,128,161) (S 385,161,243) (S 1103,820,796) (S 1052,796,795) (S 1061,795,802) (S 1158,802,726) (S 1157,836,726) (S 885,726,421) (S 883,725,126) (S 103,126,127) (S 104,127,128) (S 128,128,160) (S 957,160,757) (S 127,160,159) (D 0,0,0)
 0 1 51 8809 41730  12 (D 0,0,0) (S 530,539,158) (S 1202,544,847) (S 148,108,46) (S 147,46,182) (S 146,182,75) (S 145,181,75) (S 1075,182,812) (S 1182,812,76) (S 61,76,77) (S 1181,812,45) (D 0,0,0)
 0 1 52 8976 37146  15 (D 0,0,0) (S 1191,843,105) (S 37,48,47) (S 1205,47,848) (S 36,47,46) (S 35,46,45) (S 34,44,45) (S 1180,45,109) (S 537,545,184) (S 536,184,544) (S 1201,846,544) (S 535,544,543) (S 1193,543,813) (S 1077,810,754) (D 0,0,0)
 0 1 53 8958 34517  18 (D 0,0,0) (S 138,173,158) (S 534,542,543) (S 1192,543,843) (S 1209,843,847) (S 1207,845,183) (S 88,108,109) (S 1179,109,545) (S 1178,545,809) (S 1177,110,809) (S 1071,809,808) (S 1151,808,111) (S 1150,111,801) (S 1149,124,801) (S 1060,801,187) (S 1057,798,799) (S 1056,799,118) (D 0,0,0)
 0 1 54 8919 34230  23 (D 0,0,0) (S 1144,799,121) (S 98,121,119) (S 824,120,35) (S 28,35,36) (S 27,35,34) (S 25,33,32) (S 975,32,765) (S 1147,765,834) (S 1146,833,834) (S 1174,834,764) (S 158,12,188) (S 828,699,188) (S 159,188,189) (S 827,189,698) (S 826,189,10) (S 7,9,10) (S 825,10,35) (S 96,119,118) (S 95,118,115) (S 329,174,293) (S 328,293,367) (D 0,0,0)
 0 1 55 8940 31142  9 (D 0,0,0) (S 327,226,367) (S 629,367,269) (S 630,269,292) (S 141,175,176) (S 1068,175,807) (S 230,269,227) (S 193,227,226) (D 0,0,0)
 0 1 56 8971 27091  9 (D 0,0,0) (S 252,294,293) (S 251,293,292) (S 304,292,348) (S 1067,348,175) (S 140,175,174) (S 139,174,173) (S 1055,173,596) (D 0,0,0)
 0 1 57 8871 31730  22 (D 0,0,0) (S 526,537,224) (S 258,297,296) (S 254,296,295) (S 529,295,539) (S 531,158,540) (S 532,540,541) (S 946,541,754) (S 947,754,755) (S 948,755,115) (S 1069,114,185) (S 152,185,112) (S 154,186,187) (S 1059,187,800) (S 1058,800,798) (S 1064,797,805) (S 1195,805,113) (S 1194,113,813) (S 1076,813,810) (S 1072,810,811) (S 1212,811,755) (D 0,0,0)
 0 1 58 8863 38434  15 (D 0,0,0) (S 97,119,120) (S 831,120,34) (S 9,11,12) (S 10,12,13) (S 157,12,32) (S 974,765,764) (S 973,763,764) (S 1175,764,125) (S 1062,125,803) (S 102,124,125) (S 1176,125,110) (S 89,110,111) (S 558,560,294) (D 0,0,0)
 0 1 59 8995 27225  20 (D 0,0,0) (S 326,366,226) (S 192,226,225) (S 570,225,566) (S 722,566,644) (S 525,537,248) (S 524,248,536) (S 823,536,285) (S 243,284,285) (S 821,681,381) (S 820,697,381) (S 989,381,221) (S 187,220,221) (S 188,221,222) (S 189,222,223) (S 717,643,223) (S 718,223,247) (S 211,247,248) (S 1184,578,609) (D 0,0,0)
 0 1 60 8959 33855  27 (D 0,0,0) (S 788,222,595) (S 200,132,235) (S 199,132,234) (S 197,232,233) (S 542,233,549) (S 540,549,550) (S 541,551,549) (S 198,233,234) (S 716,642,234) (S 109,132,133) (S 110,133,134) (S 992,134,38) (S 619,38,595) (S 620,595,570) (S 577,570,564) (S 563,564,275) (S 564,275,486) (S 455,486,487) (S 565,486,211) (S 179,210,211) (S 185,219,218) (S 256,218,276) (S 237,276,277) (S 622,277,217) (S 624,463,297) (D 0,0,0)
 0 1 61 8899 34363  21 (D 0,0,0) (S 720,548,537) (S 719,537,247) (S 190,223,224) (S 1211,753,841) (S 1210,841,843) (S 85,105,106) (S 1200,107,845) (S 1208,845,847) (S 1203,847,106) (S 1204,106,47) (S 86,106,107) (S 87,107,108) (S 149,108,183) (S 1206,849,183) (S 150,183,184) (S 151,184,185) (S 1070,185,808) (S 90,111,112) (S 330,115,174) (D 0,0,0)
 0 1 62 8914 34638  24 (D 0,0,0) (S 99,121,122) (S 100,122,123) (S 101,123,124) (S 1148,124,765) (S 829,188,11) (S 8,10,11) (S 830,11,34) (S 26,34,33) (S 1145,33,121) (S 1143,799,804) (S 1063,804,797) (S 1053,797,798) (S 1054,798,122) (S 156,123,32) (S 155,123,187) (S 1196,800,805) (S 1065,805,186) (S 153,186,112) (S 91,112,113) (S 92,113,114) (S 93,114,115) (S 553,215,557) (D 0,0,0)
 0 1 63 8953 33107  24 (D 0,0,0) (S 561,214,561) (S 587,577,364) (S 527,224,538) (S 625,538,297) (S 259,297,298) (S 623,463,217) (S 231,270,216) (S 232,216,271) (S 183,216,217) (S 621,570,277) (S 238,277,278) (S 247,278,289) (S 246,288,278) (S 184,217,218) (S 180,211,212) (S 186,212,219) (S 428,462,213) (S 436,213,470) (S 880,470,314) (S 879,470,540) (S 523,536,364) (S 322,364,29) (D 0,0,0)
 0 1 64 9000 27105  19 (D 0,0,0) (S 652,29,287) (S 544,553,383) (S 545,383,287) (S 245,287,286) (S 585,286,576) (S 584,576,382) (S 990,221,712) (S 864,712,713) (S 346,381,382) (S 347,382,383) (S 348,383,30) (S 24,30,31) (S 349,30,384) (S 23,30,29) (S 653,29,608) (S 654,608,609) (S 655,609,561) (D 0,0,0)
 0 1 65 8938 28391  11 (D 0,0,0) (S 560,561,258) (S 559,258,294) (S 253,294,295) (S 528,295,538) (S 627,596,565) (S 628,565,367) (S 194,227,228) (S 229,227,256) (S 324,257,365) (D 0,0,0)
 0 1 66 8961 28400  17 (D 0,0,0) (S 220,258,259) (S 219,258,257) (S 218,256,257) (S 325,257,366) (S 590,366,578) (S 589,578,567) (S 213,249,250) (S 572,249,547) (S 538,546,547) (S 571,547,566) (S 721,566,548) (S 539,548,547) (S 573,249,567) (S 588,567,577) (S 1170,577,608) (D 0,0,0)
 0 1 67 8684 29182  22 (D 0,0,0) (S 359,395,396) (S 485,511,396) (S 486,396,500) (S 472,500,499) (S 735,499,388) (S 353,388,389) (S 1050,390,530) (S 631,530,597) (S 632,597,598) (S 668,597,615) (S 1188,615,842) (S 1198,842,844) (S 1199,844,135) (S 111,134,135) (S 618,135,38) (S 29,37,38) (S 991,38,712) (S 822,681,285) (S 244,285,286) (S 586,286,364) (D 0,0,0)
 0 1 68 8962 32898  28 (D 0,0,0) (S 574,567,568) (S 212,249,248) (S 255,296,218) (S 236,276,275) (S 235,275,274) (S 208,245,130) (S 206,244,243) (S 1104,243,796) (S 1051,795,162) (S 131,162,163) (S 130,162,161) (S 386,161,420) (S 950,725,751) (S 942,751,752) (S 941,750,751) (S 949,725,756) (S 954,756,420) (S 387,420,421) (S 884,421,725) (S 953,756,127) (S 952,127,757) (S 958,757,724) (S 882,724,126) (S 881,724,314) (S 273,314,159) (S 126,159,158) (D 0,0,0)
 0 1 69 8814 36188  19 (D 0,0,0) (S 786,133,680) (S 1189,680,842) (S 1197,844,615) (S 352,388,387) (S 363,387,378) (S 364,378,399) (S 365,399,400) (S 374,409,400) (S 367,401,402) (S 379,401,410) (S 376,410,411) (S 375,410,400) (S 1048,399,652) (S 734,652,388) (S 351,387,386) (S 356,392,393) (S 357,393,394) (D 0,0,0)
 0 1 70 8943 40852  17 (D 0,0,0) (S 1159,802,252) (S 214,251,231) (S 543,552,299) (S 260,299,229) (S 261,229,254) (S 217,254,255) (S 195,229,230) (S 233,272,230) (S 234,230,273) (S 196,230,231) (S 215,231,252) (S 216,252,253) (S 1160,252,679) (S 785,679,680) (S 789,222,681) (D 0,0,0)
