1780129
70
1818570
1812656
 0 1 1 8699 12647  35 (D 0,0,0) (S 777,676,677) (S 743,653,522) (S 503,522,523) (S 504,523,524) (S 766,524,16) (S 765,16,672) (S 764,672,179) (S 763,179,267) (S 227,267,268) (S 928,675,671) (S 762,671,267) (S 226,267,266) (S 481,266,508) (S 930,508,343) (S 931,343,260) (S 932,260,745) (S 1096,745,670) (S 759,670,261) (S 760,261,342) (S 297,341,342) (S 298,342,343) (S 299,343,265) (S 300,265,344) (S 873,344,507) (S 479,507,177) (S 478,177,506) (S 477,506,14) (S 11,14,15) (S 399,15,431) (S 398,431,178) (S 143,178,179) (S 144,179,180) (S 770,180,674) (D 0,0,0)
 0 1 2 8748 18826  20 (D 0,0,0) (S 51,64,65) (S 53,66,67) (S 55,68,69) (S 697,69,405) (S 371,405,406) (S 372,406,407) (S 373,407,408) (S 1126,828,407) (S 1127,407,71) (S 1129,829,624) (S 1130,624,830) (S 684,624,625) (S 683,624,623) (S 682,623,622) (S 693,622,195) (S 321,193,354) (S 311,354,355) (S 425,355,192) (D 0,0,0)
 0 1 3 7354 11849  9 (D 0,0,0) (S 518,150,533) (S 121,150,151) (S 266,151,306) (S 554,306,557) (S 1123,557,205) (S 173,204,205) (S 1108,205,695) (D 0,0,0)
 0 1 4 8999 18243  17 (D 0,0,0) (S 1026,3,787) (S 52,65,66) (S 54,67,68) (S 370,404,405) (S 698,405,633) (S 700,627,634) (S 951,634,629) (S 688,629,630) (S 687,629,627) (S 699,627,633) (S 920,744,633) (S 921,633,582) (S 925,739,418) (S 383,418,417) (S 382,417,416) (D 0,0,0)
 0 1 5 8937 28031  16 (D 0,0,0) (S 1019,446,452) (S 869,717,427) (S 391,427,426) (S 390,426,425) (S 389,425,424) (S 978,424,722) (S 876,721,722) (S 979,424,236) (S 201,236,237) (S 1009,238,778) (S 203,238,239) (S 204,239,240) (S 1012,239,780) (S 1011,239,779) (D 0,0,0)
 0 1 6 8569 20616  17 (D 0,0,0) (S 681,584,622) (S 694,622,505) (S 695,505,632) (S 1163,632,829) (S 1162,838,829) (S 1128,829,71) (S 58,71,72) (S 57,71,70) (S 1033,70,406) (S 56,70,69) (S 696,69,632) (S 1164,632,583) (S 896,67,170) (S 136,170,171) (S 384,419,418) (D 0,0,0)
 0 1 7 8998 19372  13 (D 0,0,0) (S 516,191,532) (S 976,300,587) (S 607,586,587) (S 608,587,559) (S 609,559,588) (S 1121,588,208) (S 177,208,207) (S 176,207,206) (S 605,585,206) (S 175,206,151) (S 517,150,532) (D 0,0,0)
 0 1 8 8980 14356  25 (D 0,0,0) (S 818,2,695) (S 819,695,696) (S 1107,695,81) (S 547,81,190) (S 160,190,82) (S 222,262,261) (S 221,260,261) (S 1097,670,656) (S 746,656,655) (S 868,716,655) (S 1098,656,818) (S 747,656,657) (S 934,657,43) (S 933,43,745) (S 1095,745,85) (S 67,42,85) (S 338,86,263) (S 223,263,264) (S 224,264,265) (S 225,265,266) (S 480,266,507) (S 142,177,178) (S 780,672,674) (D 0,0,0)
 0 1 9 7447 16544  12 (D 0,0,0) (S 817,0,2) (S 926,731,28) (S 22,28,27) (S 799,686,663) (S 753,663,664) (S 972,686,27) (S 21,27,26) (S 1018,26,783) (S 889,731,732) (S 1099,732,3) (D 0,0,0)
 0 1 10 8907 13148  15 (D 0,0,0) (S 613,532,585) (S 165,194,195) (S 692,195,590) (S 611,590,589) (S 610,589,588) (S 557,559,209) (S 178,209,208) (S 691,207,590) (S 612,590,585) (S 604,585,194) (S 164,194,193) (S 163,193,192) (S 162,192,191) (D 0,0,0)
 0 1 11 8965 31858  22 (D 0,0,0) (S 252,294,293) (S 330,174,115) (S 1194,113,813) (S 1193,813,543) (S 1192,543,843) (S 1209,843,847) (S 1203,847,106) (S 1204,106,47) (S 1205,47,848) (S 37,47,48) (S 36,47,46) (S 87,108,107) (S 86,107,106) (S 85,106,105) (S 1191,105,843) (S 1210,843,841) (S 1187,841,542) (S 530,158,539) (S 529,539,295) (S 528,295,538) (D 0,0,0)
 0 1 12 8992 24449  13 (D 0,0,0) (S 182,215,214) (S 220,258,259) (S 561,561,214) (S 553,215,557) (S 1124,557,301) (S 1125,301,827) (S 262,301,300) (S 556,558,209) (S 1122,208,826) (S 1132,826,558) (S 555,558,306) (D 0,0,0)
 0 1 13 8745 25150  11 (D 0,0,0) (S 656,561,365) (S 324,365,257) (S 325,257,366) (S 326,366,226) (S 194,227,228) (S 229,227,256) (S 218,256,257) (S 219,257,258) (S 174,205,151) (D 0,0,0)
 0 1 14 8860 24568  14 (D 0,0,0) (S 560,561,258) (S 559,258,294) (S 558,560,294) (S 328,293,367) (S 327,367,226) (S 192,226,225) (S 213,249,250) (S 589,567,578) (S 323,365,117) (S 94,117,116) (S 977,116,300) (S 267,300,306) (D 0,0,0)
 0 1 15 8985 25518  21 (D 0,0,0) (S 654,609,608) (S 653,608,29) (S 322,29,364) (S 586,364,286) (S 243,284,285) (S 585,286,576) (S 584,576,382) (S 346,382,381) (S 821,381,681) (S 189,222,223) (S 190,223,224) (S 527,224,538) (S 626,538,596) (S 627,596,565) (S 569,565,225) (S 570,225,566) (S 571,566,547) (S 538,546,547) (S 573,249,567) (D 0,0,0)
 0 1 16 8940 35375  21 (D 0,0,0) (S 533,541,542) (S 1202,544,847) (S 1208,847,845) (S 1207,845,183) (S 149,183,108) (S 148,108,46) (S 147,46,182) (S 146,182,75) (S 145,181,75) (S 1066,74,806) (S 1073,806,767) (S 988,767,49) (S 39,49,50) (S 38,49,48) (S 1190,48,105) (S 84,105,104) (S 946,541,754) (S 1072,810,811) (S 1212,811,755) (D 0,0,0)
 0 1 17 8905 30319  19 (D 0,0,0) (S 628,367,565) (S 1055,596,173) (S 126,158,159) (S 274,159,315) (S 127,159,160) (S 957,160,757) (S 952,757,127) (S 103,127,126) (S 882,126,724) (S 958,757,724) (S 881,724,314) (S 273,314,159) (S 436,470,213) (S 428,213,462) (S 568,462,539) (S 138,158,173) (S 139,173,174) (D 0,0,0)
 0 1 18 8993 33551  30 (D 0,0,0) (S 108,132,131) (S 575,569,131) (S 107,131,130) (S 106,130,129) (S 938,129,748) (S 956,748,160) (S 128,160,128) (S 105,128,129) (S 937,129,244) (S 206,244,243) (S 386,161,420) (S 131,162,163) (S 130,162,161) (S 129,161,128) (S 104,128,127) (S 953,127,756) (S 950,725,751) (S 942,751,752) (S 941,750,751) (S 949,725,756) (S 954,756,420) (S 387,420,421) (S 884,421,725) (S 883,725,126) (S 880,314,470) (S 879,470,540) (S 539,548,547) (S 572,547,249) (D 0,0,0)
 0 1 19 8862 29122  20 (D 0,0,0) (S 211,248,247) (S 717,643,223) (S 718,223,247) (S 719,247,537) (S 720,537,548) (S 721,548,566) (S 722,566,644) (S 191,225,224) (S 526,224,537) (S 525,537,248) (S 823,536,285) (S 244,285,286) (S 245,286,287) (S 545,287,383) (S 348,383,30) (S 349,30,384) (S 24,30,31) (S 23,30,29) (D 0,0,0)
 0 1 20 8726 30459  20 (D 0,0,0) (S 788,222,595) (S 29,37,38) (S 257,135,276) (S 236,276,275) (S 235,275,274) (S 453,274,246) (S 275,246,315) (S 939,315,748) (S 955,748,245) (S 210,246,213) (S 181,213,212) (S 179,210,211) (S 566,211,219) (S 255,218,296) (S 258,296,297) (S 259,297,298) (S 254,296,295) (S 253,295,294) (D 0,0,0)
 0 1 21 8988 31360  22 (D 0,0,0) (S 791,287,576) (S 790,576,681) (S 789,681,222) (S 787,595,133) (S 786,133,680) (S 1189,680,842) (S 1198,842,844) (S 1188,615,842) (S 785,680,679) (S 1160,679,252) (S 216,252,253) (S 1159,252,802) (S 1061,802,795) (S 1052,795,796) (S 1103,820,796) (S 1104,796,243) (S 207,244,130) (S 208,130,245) (S 209,245,246) (S 625,297,538) (D 0,0,0)
 0 1 22 8446 15474  19 (D 0,0,0) (S 1028,520,64) (S 1167,787,816) (S 1166,816,738) (S 900,66,171) (S 137,171,172) (S 368,170,403) (S 663,403,613) (S 369,403,404) (S 598,404,582) (S 597,582,581) (S 596,581,516) (S 701,515,634) (S 685,627,626) (S 1045,626,581) (S 922,582,313) (S 903,739,740) (S 1002,740,417) (D 0,0,0)
 0 1 23 9000 42597  17 (D 0,0,0) (S 385,243,161) (S 1051,162,795) (S 215,252,231) (S 214,251,231) (S 196,231,230) (S 233,272,230) (S 234,230,273) (S 195,230,229) (S 217,254,255) (S 261,254,229) (S 543,552,299) (S 260,299,229) (S 1158,802,726) (S 1157,836,726) (S 885,726,421) (D 0,0,0)
 0 1 24 8922 34977  30 (D 0,0,0) (S 574,567,568) (S 588,567,577) (S 523,364,536) (S 524,536,248) (S 624,297,463) (S 429,463,462) (S 567,219,462) (S 623,463,217) (S 231,270,216) (S 232,216,271) (S 183,216,217) (S 184,217,218) (S 185,218,219) (S 186,219,212) (S 180,212,211) (S 565,211,486) (S 455,486,487) (S 199,132,234) (S 197,232,233) (S 541,551,549) (S 540,549,550) (S 542,549,233) (S 198,233,234) (S 716,642,234) (S 110,133,134) (S 111,134,135) (S 618,135,38) (S 619,38,595) (D 0,0,0)
 0 1 25 8886 27395  10 (D 0,0,0) (S 655,561,609) (S 1184,609,578) (S 590,578,366) (S 629,367,269) (S 630,269,292) (S 1068,175,807) (S 140,175,174) (S 329,174,293) (D 0,0,0)
 0 1 26 8652 31044  19 (D 0,0,0) (S 531,158,540) (S 532,540,541) (S 945,541,753) (S 944,753,103) (S 83,103,104) (S 1186,104,841) (S 1211,841,753) (S 943,103,49) (S 987,767,73) (S 986,73,766) (S 985,766,376) (S 984,376,385) (S 350,385,386) (S 351,386,387) (S 470,398,498) (S 469,498,428) (S 392,428,392) (D 0,0,0)
 0 1 27 8857 33676  22 (D 0,0,0) (S 95,115,118) (S 1143,799,804) (S 1063,804,797) (S 1053,797,798) (S 1054,798,122) (S 99,122,121) (S 98,121,119) (S 97,119,120) (S 824,120,35) (S 28,35,36) (S 7,9,10) (S 8,10,11) (S 9,11,12) (S 10,12,13) (S 158,12,188) (S 829,188,11) (S 830,11,34) (S 26,34,33) (S 1145,33,121) (S 1144,121,799) (D 0,0,0)
 0 1 28 8735 21236  18 (D 0,0,0) (S 316,359,360) (S 317,360,361) (S 319,98,362) (S 635,362,599) (S 809,599,690) (S 810,690,691) (S 811,691,471) (S 437,471,472) (S 615,591,592) (S 616,592,593) (S 852,592,455) (S 420,455,454) (S 909,454,53) (S 908,53,704) (S 907,704,435) (S 906,435,328) (D 0,0,0)
 0 1 29 8970 31460  26 (D 0,0,0) (S 587,577,364) (S 620,595,570) (S 621,570,277) (S 247,278,289) (S 246,288,278) (S 238,278,277) (S 622,277,217) (S 256,218,276) (S 237,276,277) (S 577,570,564) (S 563,564,275) (S 454,274,486) (S 564,486,275) (S 576,564,131) (S 200,132,235) (S 109,132,133) (S 992,134,38) (S 864,712,713) (S 990,712,221) (S 989,221,381) (S 820,697,381) (S 347,382,383) (S 544,553,383) (S 652,287,29) (D 0,0,0)
 0 1 30 8940 34465  21 (D 0,0,0) (S 471,499,398) (S 352,387,388) (S 734,388,652) (S 733,652,414) (S 732,651,414) (S 378,414,401) (S 367,401,402) (S 366,401,400) (S 397,412,430) (S 377,412,413) (S 396,412,429) (S 395,429,377) (S 394,377,386) (S 393,386,428) (S 1006,498,393) (S 356,393,392) (S 355,392,391) (S 202,237,238) (S 1017,779,426) (D 0,0,0)
 0 1 31 8924 29785  8 (D 0,0,0) (S 193,226,227) (S 230,227,269) (S 1067,348,175) (S 141,175,176) (S 304,348,292) (S 251,292,293) (D 0,0,0)
 0 1 32 8949 35232  20 (D 0,0,0) (S 948,115,755) (S 947,755,754) (S 1077,754,810) (S 1076,810,813) (S 535,543,544) (S 536,544,184) (S 150,184,183) (S 1206,849,183) (S 1200,845,107) (S 1179,109,545) (S 537,545,184) (S 151,184,185) (S 152,185,112) (S 154,186,187) (S 155,187,123) (S 100,123,122) (S 1057,798,799) (S 1056,799,118) (D 0,0,0)
 0 1 33 8852 35113  23 (D 0,0,0) (S 96,118,119) (S 831,120,34) (S 27,34,35) (S 825,35,10) (S 826,10,189) (S 827,189,698) (S 159,189,188) (S 828,699,188) (S 157,12,32) (S 25,32,33) (S 156,32,123) (S 101,123,124) (S 1150,801,111) (S 89,111,110) (S 1177,110,809) (S 1151,808,111) (S 90,111,112) (S 153,112,186) (S 1065,186,805) (S 1064,797,805) (S 93,114,115) (D 0,0,0)
 0 1 34 8905 35972  21 (D 0,0,0) (S 91,113,112) (S 1176,110,125) (S 1175,125,764) (S 1174,764,834) (S 1146,833,834) (S 1147,834,765) (S 975,765,32) (S 973,763,764) (S 974,764,765) (S 1148,765,124) (S 1062,125,803) (S 102,125,124) (S 1149,124,801) (S 1060,801,187) (S 1059,187,800) (S 1058,798,800) (S 1196,800,805) (S 1195,805,113) (S 92,113,114) (D 0,0,0)
 0 1 35 8987 18063  22 (D 0,0,0) (S 1,0,1) (S 1091,4,734) (S 1090,734,733) (S 890,733,621) (S 677,620,621) (S 678,621,459) (S 424,459,355) (S 310,354,353) (S 423,458,459) (S 1089,733,816) (S 898,738,737) (S 600,583,68) (S 599,68,404) (S 1044,581,776) (S 1004,776,735) (S 1003,735,740) (S 904,740,519) (S 498,519,416) (S 499,416,351) (S 500,351,520) (D 0,0,0)
 0 1 36 8705 29683  19 (D 0,0,0) (S 358,395,394) (S 361,394,398) (S 362,398,387) (S 364,378,399) (S 1047,399,429) (S 341,377,376) (S 983,385,391) (S 982,391,140) (S 114,140,141) (S 981,140,152) (S 122,152,153) (S 980,152,236) (S 1015,237,782) (S 1014,237,781) (S 1013,425,781) (S 1016,781,778) (S 1010,778,779) (D 0,0,0)
 0 1 37 8994 20839  25 (D 0,0,0) (S 381,416,327) (S 403,415,435) (S 404,435,436) (S 405,436,437) (S 1024,437,784) (S 1025,784,786) (S 731,649,650) (S 1022,649,784) (S 1023,784,785) (S 1040,785,793) (S 1039,792,793) (S 1041,793,660) (S 751,659,660) (S 1042,660,790) (S 1036,790,701) (S 1037,701,56) (S 1043,55,794) (S 1102,794,819) (S 1101,794,51) (S 40,51,52) (S 401,434,349) (S 306,349,350) (S 465,350,495) (D 0,0,0)
 0 1 38 8957 19059  18 (D 0,0,0) (S 1031,495,788) (S 1032,788,789) (S 1082,788,814) (S 313,357,322) (S 581,359,574) (S 582,574,497) (S 468,497,461) (S 427,461,460) (S 638,460,574) (S 637,574,601) (S 1021,601,337) (S 294,337,338) (S 1020,601,446) (S 412,446,447) (S 413,447,448) (S 661,534,319) (D 0,0,0)
 0 1 39 8736 20864  15 (D 0,0,0) (S 1154,719,832) (S 1137,432,443) (S 662,443,319) (S 1007,612,647) (S 728,646,575) (S 726,101,501) (S 474,501,502) (S 475,502,503) (S 16,20,21) (S 17,21,22) (S 671,22,502) (S 670,502,600) (S 318,98,361) (D 0,0,0)
 0 1 40 8980 36101  14 (D 0,0,0) (S 363,387,378) (S 342,378,377) (S 1046,429,766) (S 59,73,74) (S 1074,806,182) (S 35,46,45) (S 34,44,45) (S 1180,45,109) (S 1178,545,809) (S 1071,809,808) (S 1070,808,185) (S 1069,185,114) (D 0,0,0)
 0 1 41 8711 15667  14 (D 0,0,0) (S 285,326,327) (S 286,327,328) (S 905,328,519) (S 497,519,518) (S 493,515,514) (S 833,514,333) (S 291,333,332) (S 594,332,580) (S 406,438,437) (S 927,437,330) (S 288,330,329) (S 857,329,518) (D 0,0,0)
 0 1 42 8685 17421  16 (D 0,0,0) (S 380,327,415) (S 650,52,453) (S 648,571,472) (S 647,472,96) (S 77,96,97) (S 78,97,98) (S 79,98,99) (S 639,99,460) (S 426,460,361) (S 917,360,691) (S 812,471,334) (S 292,334,335) (S 1133,335,357) (S 1134,357,814) (D 0,0,0)
 0 1 43 8568 17965  19 (D 0,0,0) (S 280,320,321) (S 312,321,356) (S 281,321,322) (S 282,322,323) (S 314,322,358) (S 546,358,554) (S 861,554,139) (S 113,138,139) (S 860,709,139) (S 862,554,573) (S 580,573,359) (S 315,359,358) (S 1135,814,494) (S 464,494,495) (S 1030,495,325) (S 283,325,324) (S 858,433,708) (D 0,0,0)
 0 1 44 8925 15671  29 (D 0,0,0) (S 971,708,673) (S 1078,762,718) (S 1155,832,317) (S 277,317,318) (S 411,318,445) (S 519,445,534) (S 660,534,448) (S 659,448,612) (S 1008,612,774) (S 998,773,774) (S 999,774,775) (S 1000,774,611) (S 657,610,611) (S 1001,611,647) (S 730,647,648) (S 729,647,646) (S 793,646,447) (S 520,445,535) (S 968,535,761) (S 969,761,762) (S 970,762,673) (S 767,673,524) (S 505,524,525) (S 1080,525,14) (S 12,15,16) (S 13,16,17) (S 769,17,674) (D 0,0,0)
 0 1 45 8973 16538  32 (D 0,0,0) (S 768,17,523) (S 521,535,527) (S 522,527,368) (S 331,368,369) (S 332,369,370) (S 758,370,669) (S 340,370,375) (S 339,375,86) (S 345,264,380) (S 872,380,344) (S 301,344,345) (S 344,379,380) (S 871,380,86) (S 68,86,85) (S 1094,85,512) (S 1093,512,715) (S 1092,817,715) (S 866,715,371) (S 334,371,372) (S 335,372,40) (S 669,616,39) (S 1085,39,815) (S 30,39,40) (S 31,40,41) (S 488,41,512) (S 489,512,375) (S 492,379,345) (S 302,345,346) (S 783,346,506) (S 779,674,653) (D 0,0,0)
 0 1 46 8945 16286  18 (D 0,0,0) (S 1087,451,65) (S 1088,65,816) (S 899,738,66) (S 897,67,737) (S 1165,737,583) (S 601,583,504) (S 602,504,584) (S 603,584,194) (S 166,195,196) (S 776,196,589) (S 775,196,623) (S 774,623,505) (S 476,505,504) (S 680,584,353) (S 679,353,459) (S 891,621,734) (D 0,0,0)
 0 1 47 8894 14486  23 (D 0,0,0) (S 778,677,653) (S 1153,708,719) (S 870,719,718) (S 410,443,444) (S 1136,443,494) (S 463,494,320) (S 279,320,319) (S 278,319,318) (S 1156,317,835) (S 276,317,316) (S 1142,316,761) (S 1141,761,526) (S 506,526,525) (S 1079,525,762) (S 1139,718,832) (S 1138,832,432) (S 400,432,433) (S 859,433,324) (S 689,631,324) (S 690,324,521) (S 502,521,522) (D 0,0,0)
 0 1 48 8669 16576  29 (D 0,0,0) (S 641,602,603) (S 724,603,604) (S 723,645,604) (S 686,605,628) (S 644,605,604) (S 643,604,602) (S 642,602,517) (S 496,517,518) (S 892,518,735) (S 893,735,736) (S 894,736,449) (S 414,449,312) (S 271,312,310) (S 270,310,311) (S 272,310,313) (S 923,313,736) (S 924,736,739) (S 902,739,450) (S 415,450,449) (S 895,449,170) (S 901,171,450) (S 416,450,419) (S 417,419,451) (S 1086,451,352) (S 309,352,351) (S 308,351,326) (S 501,520,521) (D 0,0,0)
 0 1 49 8769 18876  27 (D 0,0,0) (S 303,346,347) (S 1140,347,526) (S 507,526,527) (S 343,368,379) (S 490,513,375) (S 32,41,42) (S 1131,823,831) (S 1106,823,822) (S 1105,821,822) (S 1183,822,43) (S 33,43,42) (S 66,42,84) (S 748,84,657) (S 935,657,746) (S 65,83,84) (S 749,84,373) (S 337,373,374) (S 750,373,658) (S 336,373,40) (S 867,372,715) (S 333,371,370) (S 606,369,513) (S 491,513,379) (S 782,506,431) (S 781,431,672) (D 0,0,0)
 0 1 50 8827 29437  17 (D 0,0,0) (S 360,396,397) (S 513,397,89) (S 70,88,89) (S 514,89,530) (S 631,530,597) (S 69,87,88) (S 666,88,614) (S 125,156,157) (S 664,156,363) (S 320,363,242) (S 250,242,291) (S 248,154,290) (S 738,290,137) (S 112,136,137) (S 739,137,427) (D 0,0,0)
 0 1 51 8898 26228  18 (D 0,0,0) (S 289,330,331) (S 290,331,332) (S 834,333,481) (S 450,481,482) (S 835,481,700) (S 449,481,59) (S 448,59,480) (S 995,480,770) (S 447,480,479) (S 446,479,478) (S 996,478,771) (S 997,479,772) (S 48,59,60) (S 47,59,58) (S 592,579,438) (S 595,332,516) (D 0,0,0)
 0 1 52 8970 19469  21 (D 0,0,0) (S 495,517,516) (S 494,516,515) (S 702,515,422) (S 388,422,423) (S 703,422,439) (S 705,635,636) (S 706,636,58) (S 707,58,456) (S 562,562,563) (S 708,562,456) (S 422,456,457) (S 421,456,455) (S 853,455,54) (S 42,54,53) (S 41,53,52) (S 651,52,607) (S 843,607,705) (S 1081,705,434) (S 402,434,415) (D 0,0,0)
 0 1 53 8891 18279  18 (D 0,0,0) (S 1029,520,325) (S 305,349,169) (S 135,168,169) (S 49,61,62) (S 134,167,166) (S 839,702,701) (S 838,701,579) (S 837,579,636) (S 836,636,700) (S 832,700,165) (S 132,164,165) (S 133,165,166) (S 1034,166,702) (S 840,702,703) (S 855,703,436) (S 856,436,329) (D 0,0,0)
 0 1 54 8604 16909  25 (D 0,0,0) (S 287,328,329) (S 1035,331,580) (S 593,580,438) (S 407,438,439) (S 704,439,635) (S 959,635,758) (S 960,758,759) (S 961,758,760) (S 46,58,57) (S 591,57,579) (S 45,57,56) (S 1038,56,791) (S 44,56,55) (S 43,55,54) (S 854,54,703) (S 841,703,704) (S 842,704,607) (S 844,705,167) (S 633,167,62) (S 634,62,169) (S 307,350,326) (S 284,326,325) (S 792,521,677) (D 0,0,0)
 0 1 55 8994 30178  20 (D 0,0,0) (S 962,606,689) (S 807,689,203) (S 806,203,503) (S 1119,667,825) (S 1173,825,464) (S 430,464,465) (S 754,465,665) (S 755,665,666) (S 461,490,492) (S 673,492,483) (S 672,483,22) (S 18,22,23) (S 887,23,729) (S 19,23,24) (S 20,24,25) (S 725,24,501) (S 658,611,612) (S 1152,708,522) (D 0,0,0)
 0 1 56 8921 28108  21 (D 0,0,0) (S 646,96,606) (S 963,606,741) (S 849,707,201) (S 120,148,149) (S 119,148,147) (S 118,147,146) (S 847,706,146) (S 117,146,145) (S 915,145,742) (S 293,336,144) (S 116,144,145) (S 914,145,202) (S 913,202,741) (S 912,741,95) (S 940,637,749) (S 711,637,638) (S 965,638,707) (S 850,707,94) (S 851,94,592) (D 0,0,0)
 0 1 57 8855 25338  17 (D 0,0,0) (S 75,95,94) (S 74,94,93) (S 709,562,93) (S 710,93,637) (S 73,93,92) (S 444,92,477) (S 443,477,199) (S 169,199,200) (S 1161,837,639) (S 713,639,200) (S 170,200,201) (S 848,146,201) (S 171,201,202) (S 172,202,203) (S 808,689,599) (D 0,0,0)
 0 1 58 8621 25652  19 (D 0,0,0) (S 916,690,97) (S 76,96,95) (S 911,95,591) (S 910,591,454) (S 419,454,453) (S 649,453,571) (S 578,571,572) (S 865,572,714) (S 579,572,573) (S 583,497,575) (S 727,575,101) (S 82,101,102) (S 81,101,100) (S 467,100,461) (S 80,100,99) (S 640,99,600) (S 636,600,362) (D 0,0,0)
 0 1 59 8952 30752  26 (D 0,0,0) (S 445,478,92) (S 72,92,91) (S 71,90,91) (S 874,91,282) (S 242,282,283) (S 875,282,720) (S 241,282,281) (S 919,281,743) (S 918,477,281) (S 240,281,280) (S 239,279,280) (S 878,280,723) (S 877,280,198) (S 167,197,198) (S 168,198,199) (S 798,476,685) (S 797,476,143) (S 115,143,142) (S 440,142,476) (S 441,476,79) (S 62,78,79) (S 442,79,199) (S 712,200,638) (S 964,707,741) (D 0,0,0)
 0 1 60 8994 33050  15 (D 0,0,0) (S 805,503,20) (S 15,20,19) (S 993,768,19) (S 14,19,18) (S 295,339,340) (S 552,340,473) (S 551,473,469) (S 715,468,641) (S 714,640,641) (S 1113,641,683) (S 794,682,683) (S 752,661,662) (S 1116,662,665) (D 0,0,0)
 0 1 61 8887 38116  14 (D 0,0,0) (S 1118,825,440) (S 1112,641,556) (S 1111,556,303) (S 1109,824,308) (S 269,308,309) (S 268,307,308) (S 1110,308,303) (S 263,302,303) (S 264,303,304) (S 265,304,305) (S 435,304,469) (S 296,340,18) (D 0,0,0)
 0 1 62 8887 38111  19 (D 0,0,0) (S 994,19,769) (S 1169,474,839) (S 439,474,475) (S 438,474,473) (S 550,556,469) (S 434,469,468) (S 433,468,467) (S 796,467,684) (S 432,467,466) (S 813,692,466) (S 431,465,466) (S 1114,693,683) (S 795,683,467) (S 814,466,693) (S 815,693,694) (S 1115,693,662) (S 1117,665,440) (D 0,0,0)
 0 1 63 8957 31575  19 (D 0,0,0) (S 804,20,485) (S 803,485,688) (S 1172,825,441) (S 1171,840,441) (S 617,594,440) (S 408,440,441) (S 409,441,442) (S 757,442,668) (S 756,442,667) (S 1120,667,688) (S 802,688,493) (S 801,493,496) (S 800,687,496) (S 466,496,489) (S 457,489,490) (S 458,490,484) (S 452,484,485) (D 0,0,0)
 0 1 64 8840 34468  14 (D 0,0,0) (S 462,493,490) (S 456,489,488) (S 863,710,711) (S 967,710,488) (S 966,488,618) (S 676,618,619) (S 675,618,617) (S 888,617,730) (S 674,617,492) (S 460,491,492) (S 451,483,484) (S 459,484,21) (D 0,0,0)
 0 1 65 8945 33503  19 (D 0,0,0) (S 359,395,396) (S 485,511,396) (S 486,396,500) (S 487,500,389) (S 735,388,499) (S 353,388,389) (S 354,389,390) (S 515,530,531) (S 1050,530,390) (S 1049,390,652) (S 1048,652,399) (S 365,399,400) (S 375,400,410) (S 376,410,411) (S 379,410,401) (S 374,409,400) (S 418,427,452) (D 0,0,0)
 0 1 66 8980 28716  18 (D 0,0,0) (S 1170,608,577) (S 822,285,681) (S 188,222,221) (S 187,220,221) (S 991,712,38) (S 1199,135,844) (S 1197,844,615) (S 668,615,597) (S 632,597,598) (S 667,597,88) (S 473,89,500) (S 472,500,499) (S 736,499,395) (S 357,394,393) (S 1005,777,393) (S 737,395,290) (D 0,0,0)
 0 1 67 8912 40682  11 (D 0,0,0) (S 60,74,75) (S 1075,182,812) (S 61,76,77) (S 1182,76,812) (S 1181,812,45) (S 88,109,108) (S 1201,846,544) (S 534,543,542) (S 212,248,249) (D 0,0,0)
 0 1 68 8992 29656  15 (D 0,0,0) (S 123,154,155) (S 645,155,363) (S 511,155,529) (S 512,529,397) (S 1185,529,614) (S 665,614,156) (S 124,156,155) (S 510,155,291) (S 509,291,241) (S 784,528,678) (S 508,528,241) (S 205,241,242) (S 249,291,154) (D 0,0,0)
 0 1 69 8885 14235  22 (D 0,0,0) (S 816,0,677) (S 228,63,268) (S 771,180,268) (S 772,268,675) (S 773,675,7) (S 6,7,8) (S 740,8,555) (S 484,509,510) (S 845,509,654) (S 744,654,262) (S 745,262,655) (S 846,654,82) (S 64,82,81) (S 63,81,80) (S 614,80,532) (S 1084,191,4) (S 1083,4,728) (S 886,728,727) (S 936,747,727) (S 3,4,3) (D 0,0,0)
 0 1 70 7830 9785  18 (D 0,0,0) (S 742,653,63) (S 50,63,64) (S 1027,64,787) (S 1168,787,63) (S 741,63,8) (S 5,7,6) (S 761,6,671) (S 929,671,508) (S 482,508,5) (S 4,5,6) (S 483,5,509) (S 549,509,555) (S 548,555,190) (S 161,190,191) (S 1100,191,3) (S 2,3,2) (D 0,0,0)
