1759934
70
3625218
3561734
 0 1 1 8947 31683  15 (D 0,0,0) (S 802,688,493) (S 801,493,496) (S 800,687,496) (S 466,496,489) (S 456,489,488) (S 863,710,711) (S 967,710,488) (S 457,489,490) (S 458,490,484) (S 459,484,21) (S 16,21,20) (S 806,503,203) (S 808,689,599) (D 0,0,0)
 0 1 2 8999 19011  20 (D 0,0,0) (S 891,734,621) (S 680,353,584) (S 476,504,505) (S 695,505,632) (S 1163,632,829) (S 57,71,70) (S 1033,70,406) (S 1127,407,71) (S 1126,828,407) (S 373,407,408) (S 372,407,406) (S 371,406,405) (S 370,405,404) (S 599,404,68) (S 896,67,170) (S 900,171,66) (S 52,66,65) (S 51,65,64) (D 0,0,0)
 0 1 3 8705 14302  21 (D 0,0,0) (S 1,0,1) (S 3,3,4) (S 886,728,727) (S 936,747,727) (S 1083,728,4) (S 1084,4,191) (S 614,532,80) (S 63,80,81) (S 547,81,190) (S 740,555,8) (S 6,8,7) (S 773,7,675) (S 928,675,671) (S 929,671,508) (S 482,508,5) (S 4,5,6) (S 5,6,7) (S 741,8,63) (S 742,63,653) (D 0,0,0)
 0 1 4 8634 17850  13 (D 0,0,0) (S 163,192,193) (S 165,194,195) (S 692,195,590) (S 611,590,589) (S 609,588,559) (S 608,559,587) (S 607,586,587) (S 976,587,300) (S 267,300,306) (S 266,306,151) (S 518,150,533) (D 0,0,0)
 0 1 5 8828 15746  14 (D 0,0,0) (S 677,620,621) (S 693,622,195) (S 166,195,196) (S 776,196,589) (S 610,589,588) (S 1121,588,208) (S 1122,208,826) (S 1132,826,558) (S 556,558,209) (S 691,207,590) (S 612,590,585) (S 613,585,532) (D 0,0,0)
 0 1 6 8956 19147  20 (D 0,0,0) (S 970,673,762) (S 1078,762,718) (S 1139,718,832) (S 410,443,444) (S 1134,814,357) (S 313,357,322) (S 282,322,323) (S 426,361,460) (S 427,460,461) (S 467,461,100) (S 81,100,101) (S 82,101,102) (S 727,101,575) (S 728,575,646) (S 793,646,447) (S 413,447,448) (S 520,445,535) (S 504,524,523) (D 0,0,0)
 0 1 7 8275 15327  25 (D 0,0,0) (S 500,520,351) (S 309,351,352) (S 1086,352,451) (S 384,419,418) (S 925,418,739) (S 902,739,450) (S 901,450,171) (S 137,171,172) (S 136,171,170) (S 895,170,449) (S 894,449,736) (S 923,736,313) (S 922,313,582) (S 598,582,404) (S 369,404,403) (S 663,403,613) (S 368,403,170) (S 414,449,312) (S 271,312,310) (S 270,310,311) (S 272,310,313) (S 383,418,417) (S 382,417,416) (D 0,0,0)
 0 1 8 8034 12410  21 (D 0,0,0) (S 501,521,520) (S 1030,325,495) (S 1031,495,788) (S 1032,788,789) (S 1082,788,814) (S 1135,814,494) (S 463,494,320) (S 661,319,534) (S 519,534,445) (S 411,445,318) (S 277,318,317) (S 1156,317,835) (S 1155,317,832) (S 1138,832,432) (S 400,432,433) (S 859,433,324) (S 858,433,708) (S 1152,708,522) (S 743,522,653) (D 0,0,0)
 0 1 9 8967 33274  16 (D 0,0,0) (S 428,462,213) (S 436,213,470) (S 533,541,542) (S 535,543,544) (S 1201,846,544) (S 1202,544,847) (S 1207,845,183) (S 1206,849,183) (S 150,183,184) (S 537,184,545) (S 1178,545,809) (S 1071,809,808) (S 1070,808,185) (S 1069,185,114) (D 0,0,0)
 0 1 10 8881 27531  19 (D 0,0,0) (S 720,548,537) (S 526,537,224) (S 527,224,538) (S 624,297,463) (S 429,463,462) (S 568,462,539) (S 530,539,158) (S 531,158,540) (S 532,540,541) (S 946,541,754) (S 947,754,755) (S 1212,755,811) (S 1072,811,810) (S 1076,810,813) (S 1194,813,113) (S 93,114,115) (S 330,115,174) (D 0,0,0)
 0 1 11 8968 30788  27 (D 0,0,0) (S 626,596,538) (S 623,463,217) (S 236,276,275) (S 455,486,487) (S 454,486,274) (S 235,274,275) (S 453,274,246) (S 209,246,245) (S 955,245,748) (S 956,748,160) (S 957,160,757) (S 958,757,724) (S 952,757,127) (S 949,756,725) (S 387,421,420) (S 386,161,420) (S 954,420,756) (S 953,756,127) (S 103,127,126) (S 882,126,724) (S 881,724,314) (S 126,159,158) (S 138,158,173) (S 1055,173,596) (S 628,565,367) (D 0,0,0)
 0 1 12 6940 11733  21 (D 0,0,0) (S 777,676,677) (S 769,674,17) (S 13,17,16) (S 12,16,15) (S 11,15,14) (S 1080,14,525) (S 1079,525,762) (S 969,762,761) (S 968,761,535) (S 521,535,527) (S 506,526,525) (S 505,525,524) (S 767,524,673) (S 971,673,708) (S 502,522,521) (S 1028,520,64) (S 1168,787,63) (S 50,63,64) (S 1027,64,787) (D 0,0,0)
 0 1 13 8997 27888  21 (D 0,0,0) (S 736,395,499) (S 471,499,398) (S 362,398,387) (S 351,387,386) (S 350,386,385) (S 984,385,376) (S 985,376,766) (S 1046,766,429) (S 1047,429,399) (S 364,399,378) (S 342,378,377) (S 341,377,376) (S 983,385,391) (S 355,391,392) (S 392,392,428) (S 469,428,498) (S 1006,498,393) (S 1005,777,393) (S 737,395,290) (D 0,0,0)
 0 1 14 8417 14905  15 (D 0,0,0) (S 897,737,67) (S 54,67,68) (S 600,68,583) (S 1164,583,632) (S 774,505,623) (S 775,623,196) (S 557,559,209) (S 178,209,208) (S 176,207,206) (S 605,206,585) (S 604,585,194) (S 162,192,191) (S 1100,191,3) (D 0,0,0)
 0 1 15 8888 15912  32 (D 0,0,0) (S 780,674,672) (S 781,672,431) (S 782,431,506) (S 783,506,346) (S 303,346,347) (S 1140,347,526) (S 507,526,527) (S 522,527,368) (S 343,368,379) (S 344,379,380) (S 345,380,264) (S 223,264,263) (S 338,263,86) (S 68,86,85) (S 1094,85,512) (S 1093,512,715) (S 1092,817,715) (S 867,715,372) (S 335,372,40) (S 30,40,39) (S 669,616,39) (S 1085,39,815) (S 334,372,371) (S 758,370,669) (S 340,370,375) (S 339,375,86) (S 224,264,265) (S 299,265,343) (S 478,177,506) (S 779,674,653) (D 0,0,0)
 0 1 16 8994 21699  16 (D 0,0,0) (S 262,300,301) (S 1125,301,827) (S 1124,301,557) (S 553,557,215) (S 219,258,257) (S 325,257,366) (S 590,366,578) (S 1184,578,609) (S 323,365,117) (S 94,117,116) (S 977,116,300) (S 555,306,558) (S 177,208,207) (S 175,206,151) (D 0,0,0)
 0 1 17 8998 34175  19 (D 0,0,0) (S 358,395,394) (S 986,766,73) (S 59,73,74) (S 1066,74,806) (S 1074,806,182) (S 146,182,75) (S 145,181,75) (S 60,75,74) (S 987,73,767) (S 988,767,49) (S 39,49,50) (S 38,49,48) (S 1190,48,105) (S 85,105,106) (S 84,105,104) (S 944,103,753) (S 945,753,541) (D 0,0,0)
 0 1 18 8532 12774  23 (D 0,0,0) (S 792,677,521) (S 499,351,416) (S 1002,417,740) (S 1003,740,735) (S 1004,735,776) (S 1044,776,581) (S 596,581,516) (S 595,516,332) (S 289,331,330) (S 288,330,329) (S 905,328,519) (S 904,519,740) (S 903,740,739) (S 924,739,736) (S 415,449,450) (S 416,450,419) (S 417,419,451) (S 1087,451,65) (S 1088,65,816) (S 1089,816,733) (S 1090,733,734) (D 0,0,0)
 0 1 19 8955 27421  18 (D 0,0,0) (S 660,534,448) (S 391,427,426) (S 1017,426,779) (S 1011,779,239) (S 1012,239,780) (S 204,239,240) (S 203,239,238) (S 1009,238,778) (S 202,238,237) (S 1015,237,782) (S 201,237,236) (S 979,236,424) (S 876,721,722) (S 978,722,424) (S 389,424,425) (S 390,425,426) (D 0,0,0)
 0 1 20 7843 16544  12 (D 0,0,0) (S 926,731,28) (S 22,28,27) (S 753,663,664) (S 799,663,686) (S 972,686,27) (S 1018,26,783) (S 21,26,27) (S 889,731,732) (S 1099,732,3) (S 2,3,2) (D 0,0,0)
 0 1 21 8996 32996  12 (D 0,0,0) (S 588,577,567) (S 721,548,566) (S 569,225,565) (S 627,565,596) (S 139,173,174) (S 140,174,175) (S 1068,175,807) (S 304,348,292) (S 230,269,227) (S 194,227,228) (D 0,0,0)
 0 1 22 8935 21875  24 (D 0,0,0) (S 637,574,601) (S 1021,601,337) (S 294,337,338) (S 1020,601,446) (S 412,446,447) (S 729,646,647) (S 1001,647,611) (S 657,610,611) (S 1000,611,774) (S 998,773,774) (S 999,774,775) (S 1008,774,612) (S 1007,612,647) (S 730,647,648) (S 658,611,612) (S 659,612,448) (S 278,319,318) (S 276,317,316) (S 1142,316,761) (S 1141,761,526) (S 766,524,16) (S 765,16,672) (D 0,0,0)
 0 1 23 8998 33187  24 (D 0,0,0) (S 1170,608,577) (S 523,364,536) (S 823,536,285) (S 243,284,285) (S 788,222,595) (S 130,161,162) (S 131,162,163) (S 1051,162,795) (S 1052,795,796) (S 1103,820,796) (S 206,243,244) (S 107,130,131) (S 575,569,131) (S 576,131,564) (S 577,564,570) (S 621,570,277) (S 622,277,217) (S 231,270,216) (S 232,216,271) (S 183,216,217) (S 184,217,218) (S 255,218,296) (D 0,0,0)
 0 1 24 8911 28429  15 (D 0,0,0) (S 1153,708,719) (S 112,136,137) (S 645,155,363) (S 320,363,242) (S 205,242,241) (S 508,241,528) (S 784,528,678) (S 509,241,291) (S 249,291,154) (S 738,290,137) (S 739,137,427) (S 869,717,427) (S 1019,452,446) (D 0,0,0)
 0 1 25 8926 26062  13 (D 0,0,0) (S 583,497,575) (S 726,101,501) (S 474,501,502) (S 671,502,22) (S 672,22,483) (S 17,21,22) (S 18,22,23) (S 887,23,729) (S 19,23,24) (S 20,24,25) (S 725,24,501) (D 0,0,0)
 0 1 26 8593 13765  29 (D 0,0,0) (S 144,180,179) (S 143,179,178) (S 142,178,177) (S 479,177,507) (S 480,507,266) (S 225,266,265) (S 300,265,344) (S 872,344,380) (S 871,380,86) (S 67,85,42) (S 33,42,43) (S 1105,821,822) (S 1106,822,823) (S 1131,823,831) (S 1183,822,43) (S 933,43,745) (S 1096,745,670) (S 759,670,261) (S 222,261,262) (S 744,262,654) (S 484,509,510) (S 549,509,555) (S 548,555,190) (S 64,82,81) (S 1107,81,695) (S 819,695,696) (S 818,695,2) (D 0,0,0)
 0 1 27 8782 23916  20 (D 0,0,0) (S 292,335,334) (S 437,471,472) (S 647,472,96) (S 963,606,741) (S 913,741,202) (S 171,202,201) (S 170,201,200) (S 168,199,198) (S 167,197,198) (S 877,198,280) (S 878,280,723) (S 239,279,280) (S 240,280,281) (S 919,281,743) (S 73,92,93) (S 74,93,94) (S 853,455,54) (S 42,54,53) (D 0,0,0)
 0 1 28 8650 15879  26 (D 0,0,0) (S 228,63,268) (S 227,268,267) (S 226,267,266) (S 481,266,508) (S 930,508,343) (S 931,343,260) (S 1097,670,656) (S 1098,656,818) (S 746,656,655) (S 745,262,655) (S 868,716,655) (S 747,656,657) (S 748,657,84) (S 749,84,373) (S 337,373,374) (S 750,373,658) (S 336,373,40) (S 31,40,41) (S 489,512,375) (S 490,375,513) (S 492,379,345) (S 302,345,346) (S 477,506,14) (S 399,15,431) (D 0,0,0)
 0 1 29 8821 40172  16 (D 0,0,0) (S 785,680,679) (S 1160,679,252) (S 216,252,253) (S 215,252,231) (S 196,231,230) (S 233,272,230) (S 234,230,273) (S 195,230,229) (S 543,552,299) (S 260,299,229) (S 261,229,254) (S 217,254,255) (S 214,251,231) (S 791,576,287) (D 0,0,0)
 0 1 30 8667 19460  19 (D 0,0,0) (S 381,416,327) (S 1035,331,580) (S 592,438,579) (S 591,579,57) (S 45,57,56) (S 1038,56,791) (S 1043,55,794) (S 1102,794,819) (S 1101,794,51) (S 40,51,52) (S 41,52,53) (S 842,704,607) (S 843,607,705) (S 844,705,167) (S 634,62,169) (S 305,169,349) (S 465,350,495) (D 0,0,0)
 0 1 31 8819 19090  28 (D 0,0,0) (S 498,416,519) (S 497,519,518) (S 496,518,517) (S 643,602,604) (S 644,604,605) (S 686,605,628) (S 723,645,604) (S 724,604,603) (S 641,603,602) (S 642,602,517) (S 494,516,515) (S 702,515,422) (S 388,422,423) (S 703,422,439) (S 704,439,635) (S 960,758,759) (S 961,758,760) (S 959,758,635) (S 705,635,636) (S 837,636,579) (S 838,579,701) (S 1037,701,56) (S 44,56,55) (S 43,55,54) (S 854,54,703) (S 841,703,704) (D 0,0,0)
 0 1 32 8891 29133  25 (D 0,0,0) (S 654,609,608) (S 652,29,287) (S 790,576,681) (S 789,681,222) (S 620,595,570) (S 563,564,275) (S 564,275,486) (S 565,486,211) (S 179,210,211) (S 566,211,219) (S 185,219,218) (S 256,218,276) (S 238,277,278) (S 247,278,289) (S 246,288,278) (S 237,277,276) (S 257,276,135) (S 618,135,38) (S 29,37,38) (S 619,38,595) (S 188,222,221) (S 347,382,383) (S 544,553,383) (D 0,0,0)
 0 1 33 8931 34753  23 (D 0,0,0) (S 92,114,113) (S 1195,113,805) (S 154,186,187) (S 1060,187,801) (S 1059,187,800) (S 1196,800,805) (S 1064,805,797) (S 1053,797,798) (S 99,122,121) (S 1145,121,33) (S 830,34,11) (S 9,11,12) (S 157,12,32) (S 1175,764,125) (S 1062,125,803) (S 1176,125,110) (S 102,125,124) (S 101,124,123) (S 100,123,122) (S 1054,122,798) (S 329,174,293) (D 0,0,0)
 0 1 34 8917 29878  19 (D 0,0,0) (S 124,155,156) (S 1185,614,529) (S 512,529,397) (S 360,397,396) (S 485,511,396) (S 359,396,395) (S 357,394,393) (S 356,393,392) (S 982,391,140) (S 114,140,141) (S 981,140,152) (S 122,152,153) (S 980,152,236) (S 1014,237,781) (S 1013,425,781) (S 1016,781,778) (S 1010,778,779) (D 0,0,0)
 0 1 35 8607 18419  23 (D 0,0,0) (S 690,521,324) (S 689,631,324) (S 283,324,325) (S 284,325,326) (S 290,331,332) (S 594,332,580) (S 593,580,438) (S 407,438,439) (S 47,58,59) (S 48,59,60) (S 449,59,481) (S 835,481,700) (S 836,700,636) (S 706,636,58) (S 46,58,57) (S 406,438,437) (S 405,437,436) (S 856,436,329) (S 857,329,518) (S 892,518,735) (S 893,735,736) (D 0,0,0)
 0 1 36 8964 35163  20 (D 0,0,0) (S 948,115,755) (S 1077,754,810) (S 1193,813,543) (S 534,543,542) (S 1187,542,841) (S 1186,841,104) (S 83,104,103) (S 943,103,49) (S 1073,767,806) (S 147,182,46) (S 36,46,47) (S 1205,47,848) (S 1204,47,106) (S 1200,107,845) (S 536,544,184) (S 151,184,185) (S 152,185,112) (S 153,112,186) (D 0,0,0)
 0 1 37 8941 19832  13 (D 0,0,0) (S 306,350,349) (S 135,168,169) (S 49,61,62) (S 633,62,167) (S 134,167,166) (S 133,166,165) (S 132,164,165) (S 832,165,700) (S 450,481,482) (S 834,481,333) (S 291,333,332) (D 0,0,0)
 0 1 38 8511 15240  29 (D 0,0,0) (S 398,431,178) (S 873,507,344) (S 301,344,345) (S 491,379,513) (S 606,513,369) (S 331,368,369) (S 332,369,370) (S 333,370,371) (S 866,371,715) (S 488,512,41) (S 32,41,42) (S 934,43,657) (S 935,657,746) (S 65,83,84) (S 66,84,42) (S 1095,85,745) (S 932,745,260) (S 221,260,261) (S 760,261,342) (S 297,341,342) (S 298,342,343) (S 772,675,268) (S 771,268,180) (S 770,180,674) (S 768,17,523) (S 503,523,522) (S 778,653,677) (D 0,0,0)
 0 1 39 8935 28738  18 (D 0,0,0) (S 418,452,427) (S 248,290,154) (S 123,154,155) (S 125,156,157) (S 69,87,88) (S 70,88,89) (S 514,89,530) (S 515,530,531) (S 631,530,597) (S 632,597,598) (S 668,597,615) (S 667,597,88) (S 666,88,614) (S 665,614,156) (S 664,156,363) (S 250,242,291) (D 0,0,0)
 0 1 40 8999 17891  20 (D 0,0,0) (S 1154,719,832) (S 662,443,319) (S 279,319,320) (S 280,320,321) (S 312,321,356) (S 281,321,322) (S 314,322,358) (S 546,358,554) (S 861,554,139) (S 860,709,139) (S 113,138,139) (S 862,554,573) (S 579,573,572) (S 865,572,714) (S 578,572,571) (S 649,571,453) (S 401,434,349) (S 307,350,326) (D 0,0,0)
 0 1 41 8556 15623  25 (D 0,0,0) (S 816,0,677) (S 285,326,327) (S 906,328,435) (S 404,435,436) (S 855,436,703) (S 840,703,702) (S 1034,166,702) (S 839,702,701) (S 1036,701,790) (S 1042,790,660) (S 751,659,660) (S 1041,660,793) (S 1039,792,793) (S 1040,793,785) (S 1023,785,784) (S 731,649,650) (S 1022,649,784) (S 1025,784,786) (S 1024,784,437) (S 927,437,330) (S 287,329,328) (S 286,328,327) (S 308,326,351) (D 0,0,0)
 0 1 42 8950 30447  16 (D 0,0,0) (S 561,214,561) (S 655,561,609) (S 574,567,568) (S 213,249,250) (S 572,249,547) (S 722,566,644) (S 570,566,225) (S 191,225,224) (S 625,538,297) (S 259,297,298) (S 258,297,296) (S 254,296,295) (S 253,295,294) (S 558,560,294) (D 0,0,0)
 0 1 43 8964 33981  26 (D 0,0,0) (S 587,577,364) (S 524,536,248) (S 525,248,537) (S 719,537,247) (S 190,223,224) (S 528,538,295) (S 879,540,470) (S 880,470,314) (S 273,314,159) (S 274,159,315) (S 208,245,130) (S 106,130,129) (S 937,129,244) (S 207,244,130) (S 108,131,132) (S 199,132,234) (S 540,549,550) (S 541,551,549) (S 542,549,233) (S 197,232,233) (S 198,233,234) (S 716,642,234) (S 200,132,235) (S 109,132,133) (D 0,0,0)
 0 1 44 8988 35887  22 (D 0,0,0) (S 1056,118,799) (S 1057,799,798) (S 1058,798,800) (S 155,187,123) (S 156,123,32) (S 10,12,13) (S 158,12,188) (S 8,11,10) (S 825,10,35) (S 28,35,36) (S 7,9,10) (S 826,10,189) (S 827,189,698) (S 159,189,188) (S 828,699,188) (S 829,188,11) (S 831,34,120) (S 98,119,121) (S 1144,121,799) (S 95,118,115) (D 0,0,0)
 0 1 45 8846 25921  16 (D 0,0,0) (S 852,455,592) (S 850,94,707) (S 849,707,201) (S 713,200,639) (S 1161,837,639) (S 443,199,477) (S 444,477,92) (S 445,92,478) (S 996,478,771) (S 446,478,479) (S 997,479,772) (S 447,479,480) (S 833,333,514) (S 493,514,515) (D 0,0,0)
 0 1 46 8976 31961  29 (D 0,0,0) (S 529,295,539) (S 127,159,160) (S 128,160,128) (S 129,128,161) (S 385,161,243) (S 1104,243,796) (S 1061,795,802) (S 1159,802,252) (S 1158,802,726) (S 1157,836,726) (S 885,726,421) (S 884,421,725) (S 942,751,752) (S 941,750,751) (S 950,751,725) (S 883,725,126) (S 104,127,128) (S 105,128,129) (S 938,129,748) (S 939,748,315) (S 275,315,246) (S 210,246,213) (S 181,213,212) (S 180,211,212) (S 186,212,219) (S 567,219,462) (S 539,548,547) (D 0,0,0)
 0 1 47 8999 26734  20 (D 0,0,0) (S 322,29,364) (S 586,364,286) (S 244,286,285) (S 822,285,681) (S 821,681,381) (S 187,220,221) (S 989,221,381) (S 820,697,381) (S 346,381,382) (S 584,382,576) (S 585,576,286) (S 245,286,287) (S 545,287,383) (S 348,383,30) (S 24,30,31) (S 349,30,384) (S 23,30,29) (S 653,29,608) (D 0,0,0)
 0 1 48 8972 34194  23 (D 0,0,0) (S 560,561,258) (S 1143,799,804) (S 1063,804,797) (S 1065,805,186) (S 90,112,111) (S 1151,111,808) (S 1150,111,801) (S 1149,801,124) (S 1148,124,765) (S 974,765,764) (S 973,763,764) (S 1174,764,834) (S 1146,833,834) (S 1147,834,765) (S 975,765,32) (S 25,32,33) (S 26,33,34) (S 27,34,35) (S 824,35,120) (S 97,120,119) (S 96,119,118) (D 0,0,0)
 0 1 49 8905 12624  17 (D 0,0,0) (S 764,672,179) (S 763,179,267) (S 762,267,671) (S 761,671,6) (S 483,5,509) (S 845,509,654) (S 846,654,82) (S 160,82,190) (S 161,190,191) (S 516,191,532) (S 517,532,150) (S 121,150,151) (S 174,151,205) (S 173,204,205) (S 1108,205,695) (D 0,0,0)
 0 1 50 9000 25863  19 (D 0,0,0) (S 848,201,146) (S 847,706,146) (S 117,146,145) (S 116,145,144) (S 293,336,144) (S 915,145,742) (S 118,146,147) (S 120,148,149) (S 119,148,147) (S 914,145,202) (S 172,202,203) (S 807,203,689) (S 962,689,606) (S 646,606,96) (S 648,472,571) (S 380,415,327) (S 1029,325,520) (D 0,0,0)
 0 1 51 8906 20683  20 (D 0,0,0) (S 425,192,355) (S 310,354,353) (S 694,622,505) (S 696,632,69) (S 697,69,405) (S 698,405,633) (S 951,634,629) (S 688,629,630) (S 687,629,627) (S 699,627,633) (S 920,744,633) (S 921,633,582) (S 597,582,581) (S 1045,581,626) (S 685,626,627) (S 700,627,634) (S 701,634,515) (S 495,516,517) (D 0,0,0)
 0 1 52 8852 28640  20 (D 0,0,0) (S 990,221,712) (S 864,712,713) (S 991,712,38) (S 992,38,134) (S 110,134,133) (S 786,133,680) (S 1189,680,842) (S 1197,844,615) (S 1188,615,842) (S 1198,842,844) (S 1199,844,135) (S 111,135,134) (S 787,133,595) (S 189,222,223) (S 717,643,223) (S 718,223,247) (S 211,247,248) (S 212,248,249) (D 0,0,0)
 0 1 53 8952 33860  20 (D 0,0,0) (S 353,388,389) (S 354,389,390) (S 1050,390,530) (S 1049,390,652) (S 733,652,414) (S 732,651,414) (S 378,414,401) (S 374,409,400) (S 375,400,410) (S 376,410,411) (S 379,410,401) (S 367,401,402) (S 366,401,400) (S 365,400,399) (S 363,378,387) (S 352,387,388) (S 735,388,499) (S 486,500,396) (D 0,0,0)
 0 1 54 8955 39995  13 (D 0,0,0) (S 91,113,112) (S 89,111,110) (S 1177,110,809) (S 1179,545,109) (S 1181,45,812) (S 61,76,77) (S 1182,76,812) (S 1075,812,182) (S 37,47,48) (S 1191,105,843) (S 1192,843,543) (D 0,0,0)
 0 1 55 8973 35895  15 (D 0,0,0) (S 1211,753,841) (S 1210,841,843) (S 1209,843,847) (S 1208,847,845) (S 149,183,108) (S 148,108,46) (S 35,46,45) (S 34,44,45) (S 1180,45,109) (S 88,109,108) (S 87,108,107) (S 86,107,106) (S 1203,106,847) (D 0,0,0)
 0 1 56 8920 25452  12 (D 0,0,0) (S 589,578,567) (S 573,567,249) (S 538,546,547) (S 571,547,566) (S 192,225,226) (S 328,367,293) (S 252,293,294) (S 559,294,258) (S 220,258,259) (S 1123,557,205) (D 0,0,0)
 0 1 57 8985 32054  18 (D 0,0,0) (S 803,485,688) (S 1120,688,667) (S 1173,825,464) (S 430,464,465) (S 796,467,684) (S 433,467,468) (S 715,468,641) (S 714,640,641) (S 1113,641,683) (S 794,682,683) (S 795,683,467) (S 552,473,340) (S 993,768,19) (S 994,19,769) (S 15,19,20) (S 635,599,362) (D 0,0,0)
 0 1 58 8952 21637  17 (D 0,0,0) (S 907,435,704) (S 908,704,53) (S 909,53,454) (S 910,454,591) (S 615,591,592) (S 616,592,593) (S 851,592,94) (S 964,707,741) (S 912,741,95) (S 76,95,96) (S 77,96,97) (S 916,97,690) (S 917,691,360) (S 316,360,359) (S 580,573,359) (D 0,0,0)
 0 1 59 8856 22826  18 (D 0,0,0) (S 75,95,94) (S 965,707,638) (S 711,638,637) (S 940,637,749) (S 710,637,93) (S 709,93,562) (S 562,562,563) (S 708,562,456) (S 707,58,456) (S 422,456,457) (S 421,456,455) (S 420,455,454) (S 419,454,453) (S 650,453,52) (S 651,52,607) (S 1081,705,434) (D 0,0,0)
 0 1 60 9000 38158  15 (D 0,0,0) (S 813,692,466) (S 432,466,467) (S 434,468,469) (S 435,469,304) (S 264,304,303) (S 268,307,308) (S 269,308,309) (S 1109,824,308) (S 1110,308,303) (S 263,302,303) (S 1111,303,556) (S 1114,683,693) (S 1118,440,825) (D 0,0,0)
 0 1 61 8954 28686  20 (D 0,0,0) (S 448,59,480) (S 995,480,770) (S 72,92,91) (S 71,90,91) (S 874,91,282) (S 875,282,720) (S 242,282,283) (S 241,282,281) (S 918,281,477) (S 62,78,79) (S 441,79,476) (S 798,476,685) (S 440,476,142) (S 115,142,143) (S 797,143,476) (S 442,79,199) (S 169,199,200) (S 712,200,638) (D 0,0,0)
 0 1 62 8779 29335  8 (D 0,0,0) (S 251,293,292) (S 141,175,176) (S 1067,175,348) (S 630,292,269) (S 629,269,367) (S 327,367,226) (D 0,0,0)
 0 1 63 8939 21394  10 (D 0,0,0) (S 182,215,214) (S 656,561,365) (S 324,365,257) (S 326,366,226) (S 193,226,227) (S 229,227,256) (S 218,256,257) (S 554,557,306) (D 0,0,0)
 0 1 64 8826 19533  18 (D 0,0,0) (S 817,0,2) (S 679,459,353) (S 681,584,622) (S 682,622,623) (S 683,623,624) (S 684,624,625) (S 1130,624,830) (S 1129,624,829) (S 1162,838,829) (S 1128,829,71) (S 58,71,72) (S 56,70,69) (S 55,69,68) (S 53,67,66) (S 899,66,738) (S 1167,816,787) (D 0,0,0)
 0 1 65 8914 22604  19 (D 0,0,0) (S 464,495,494) (S 315,358,359) (S 581,359,574) (S 318,361,98) (S 319,98,362) (S 636,362,600) (S 640,600,99) (S 639,99,460) (S 638,460,574) (S 582,574,497) (S 468,497,461) (S 80,100,99) (S 79,99,98) (S 78,98,97) (S 911,95,591) (S 403,435,415) (S 402,434,415) (D 0,0,0)
 0 1 66 8898 31291  22 (D 0,0,0) (S 317,360,361) (S 670,600,502) (S 475,502,503) (S 804,20,485) (S 756,667,442) (S 757,442,668) (S 409,442,441) (S 408,441,440) (S 1116,665,662) (S 752,661,662) (S 1115,662,693) (S 815,693,694) (S 755,665,666) (S 1117,665,440) (S 617,594,440) (S 1171,840,441) (S 1172,441,825) (S 1119,825,667) (S 809,599,690) (S 810,690,691) (D 0,0,0)
 0 1 67 8986 29842  18 (D 0,0,0) (S 805,503,20) (S 452,485,484) (S 451,484,483) (S 673,483,492) (S 966,488,618) (S 676,618,619) (S 675,618,617) (S 888,617,730) (S 674,617,492) (S 460,491,492) (S 461,492,490) (S 462,490,493) (S 812,471,334) (S 1136,494,443) (S 1137,443,432) (S 870,718,719) (D 0,0,0)
 0 1 68 8565 12451  17 (D 0,0,0) (S 1026,3,787) (S 1166,816,738) (S 898,738,737) (S 1165,737,583) (S 601,583,504) (S 602,504,584) (S 603,584,194) (S 164,194,193) (S 321,193,354) (S 311,354,355) (S 424,355,459) (S 423,458,459) (S 678,459,621) (S 890,621,733) (S 1091,734,4) (D 0,0,0)
 0 1 69 8862 31347  18 (D 0,0,0) (S 361,394,398) (S 470,398,498) (S 393,428,386) (S 394,386,377) (S 395,377,429) (S 377,412,413) (S 397,412,430) (S 396,412,429) (S 1048,399,652) (S 734,652,388) (S 487,389,500) (S 472,499,500) (S 473,500,89) (S 513,89,397) (S 511,529,155) (S 510,155,291) (D 0,0,0)
 0 1 70 8995 37018  17 (D 0,0,0) (S 1133,357,335) (S 811,471,691) (S 14,19,18) (S 296,18,340) (S 295,339,340) (S 439,474,475) (S 1169,474,839) (S 438,474,473) (S 551,473,469) (S 265,304,305) (S 550,469,556) (S 1112,556,641) (S 814,693,466) (S 431,466,465) (S 754,465,665) (D 0,0,0)
