1736573
70
2401343
2136124
 0 1 1 8412 14548  15 (D 0,0,0) (S 516,191,532) (S 613,532,585) (S 604,585,194) (S 692,195,590) (S 611,590,589) (S 610,589,588) (S 609,588,559) (S 557,559,209) (S 556,209,558) (S 1132,558,826) (S 1122,826,208) (S 177,208,207) (S 175,206,151) (D 0,0,0)
 0 1 2 8876 15805  12 (D 0,0,0) (S 163,192,193) (S 612,585,590) (S 691,590,207) (S 178,208,209) (S 555,558,306) (S 262,300,301) (S 1125,301,827) (S 1124,301,557) (S 1123,557,205) (S 1108,205,695) (D 0,0,0)
 0 1 3 7478 11483  22 (D 0,0,0) (S 818,2,695) (S 1107,695,81) (S 547,81,190) (S 160,190,82) (S 846,82,654) (S 744,654,262) (S 747,656,657) (S 935,657,746) (S 748,657,84) (S 65,83,84) (S 934,657,43) (S 933,43,745) (S 932,745,260) (S 299,343,265) (S 482,508,5) (S 4,5,6) (S 761,6,671) (S 928,671,675) (S 771,268,180) (S 770,180,674) (D 0,0,0)
 0 1 4 8850 16107  32 (D 0,0,0) (S 779,653,674) (S 780,674,672) (S 781,672,431) (S 782,431,506) (S 477,506,14) (S 506,525,526) (S 507,526,527) (S 522,527,368) (S 343,368,379) (S 491,379,513) (S 332,369,370) (S 758,370,669) (S 333,370,371) (S 334,371,372) (S 335,372,40) (S 669,616,39) (S 1085,39,815) (S 30,39,40) (S 31,40,41) (S 1092,817,715) (S 866,715,371) (S 340,370,375) (S 490,375,513) (S 606,513,369) (S 331,369,368) (S 521,527,535) (S 968,535,761) (S 1141,761,526) (S 505,525,524) (S 504,524,523) (D 0,0,0)
 0 1 5 8187 12441  19 (D 0,0,0) (S 742,653,63) (S 228,63,268) (S 772,268,675) (S 773,675,7) (S 6,7,8) (S 5,7,6) (S 483,5,509) (S 484,509,510) (S 549,555,509) (S 845,509,654) (S 64,82,81) (S 63,81,80) (S 614,80,532) (S 161,191,190) (S 548,190,555) (S 740,555,8) (S 741,8,63) (D 0,0,0)
 0 1 6 8874 11336  22 (D 0,0,0) (S 816,0,677) (S 1168,63,787) (S 1166,816,738) (S 899,738,66) (S 900,66,171) (S 136,171,170) (S 895,170,449) (S 414,449,312) (S 271,312,310) (S 270,310,311) (S 272,310,313) (S 923,313,736) (S 894,736,449) (S 415,449,450) (S 416,450,419) (S 417,419,451) (S 1087,451,65) (S 1028,64,520) (S 501,520,521) (S 792,521,677) (D 0,0,0)
 0 1 7 8606 14453  21 (D 0,0,0) (S 502,522,521) (S 690,521,324) (S 859,324,433) (S 400,433,432) (S 410,443,444) (S 1136,443,494) (S 463,494,320) (S 280,320,321) (S 312,321,356) (S 281,321,322) (S 282,322,323) (S 313,322,357) (S 1082,814,788) (S 1032,788,789) (S 1031,788,495) (S 465,495,350) (S 307,350,326) (S 308,326,351) (S 500,351,520) (D 0,0,0)
 0 1 8 8969 14861  22 (D 0,0,0) (S 309,351,352) (S 1086,352,451) (S 384,419,418) (S 925,418,739) (S 902,739,450) (S 901,450,171) (S 137,171,172) (S 896,170,67) (S 897,67,737) (S 368,170,403) (S 663,403,613) (S 369,403,404) (S 370,404,405) (S 697,405,69) (S 55,69,68) (S 54,68,67) (S 53,67,66) (S 52,66,65) (S 51,65,64) (S 50,64,63) (D 0,0,0)
 0 1 9 8992 17179  29 (D 0,0,0) (S 227,268,267) (S 762,267,671) (S 929,671,508) (S 930,508,343) (S 298,343,342) (S 297,341,342) (S 760,342,261) (S 222,261,262) (S 745,262,655) (S 868,716,655) (S 746,655,656) (S 1098,656,818) (S 1097,656,670) (S 1096,670,745) (S 1095,745,85) (S 67,85,42) (S 33,42,43) (S 1183,43,822) (S 1105,821,822) (S 1131,823,831) (S 1106,823,822) (S 759,670,261) (S 221,261,260) (S 931,260,343) (S 481,508,266) (S 480,266,507) (S 142,177,178) (D 0,0,0)
 0 1 10 8808 14155  32 (D 0,0,0) (S 144,180,179) (S 143,179,178) (S 478,177,506) (S 783,506,346) (S 301,345,344) (S 300,344,265) (S 223,264,263) (S 338,263,86) (S 68,86,85) (S 1094,85,512) (S 488,512,41) (S 32,41,42) (S 66,42,84) (S 749,84,373) (S 750,373,658) (S 337,373,374) (S 336,373,40) (S 867,372,715) (S 1093,715,512) (S 489,512,375) (S 339,375,86) (S 871,86,380) (S 345,380,264) (S 224,264,265) (S 225,265,266) (S 226,266,267) (S 763,267,179) (S 764,179,672) (S 765,672,16) (S 13,16,17) (D 0,0,0)
 0 1 11 8861 15339  24 (D 0,0,0) (S 769,674,17) (S 766,16,524) (S 767,524,673) (S 520,535,445) (S 519,445,534) (S 413,448,447) (S 793,447,646) (S 729,646,647) (S 730,647,648) (S 1001,647,611) (S 1000,611,774) (S 998,773,774) (S 999,774,775) (S 1008,774,612) (S 657,610,611) (S 658,611,612) (S 659,612,448) (S 661,534,319) (S 1137,443,432) (S 870,718,719) (S 1153,719,708) (S 778,653,677) (D 0,0,0)
 0 1 12 8844 28817  20 (D 0,0,0) (S 248,290,154) (S 123,154,155) (S 124,155,156) (S 1185,614,529) (S 486,396,500) (S 487,500,389) (S 353,389,388) (S 352,388,387) (S 351,387,386) (S 341,377,376) (S 985,376,766) (S 984,376,385) (S 983,385,391) (S 355,391,392) (S 356,392,393) (S 1005,777,393) (S 738,290,137) (S 1138,432,832) (D 0,0,0)
 0 1 13 8489 18606  21 (D 0,0,0) (S 642,517,602) (S 641,602,603) (S 724,603,604) (S 723,645,604) (S 686,605,628) (S 644,605,604) (S 643,604,602) (S 495,517,516) (S 595,516,332) (S 594,332,580) (S 838,579,701) (S 134,166,167) (S 633,167,62) (S 49,61,62) (S 634,62,169) (S 135,168,169) (S 305,169,349) (S 306,349,350) (S 1030,495,325) (D 0,0,0)
 0 1 14 8982 17820  20 (D 0,0,0) (S 464,495,494) (S 1135,494,814) (S 1134,814,357) (S 1133,357,335) (S 292,335,334) (S 812,334,471) (S 917,691,360) (S 317,360,361) (S 78,98,97) (S 77,96,97) (S 916,97,690) (S 810,690,691) (S 437,471,472) (S 648,472,571) (S 649,571,453) (S 650,453,52) (S 843,607,705) (S 401,434,349) (D 0,0,0)
 0 1 15 8983 18165  17 (D 0,0,0) (S 380,327,415) (S 403,415,435) (S 908,704,53) (S 909,53,454) (S 420,454,455) (S 853,455,54) (S 1043,55,794) (S 1102,794,819) (S 1101,794,51) (S 40,51,52) (S 651,52,607) (S 844,705,167) (S 1081,705,434) (S 402,434,415) (S 1029,325,520) (D 0,0,0)
 0 1 16 8786 18262  23 (D 0,0,0) (S 499,351,416) (S 383,417,418) (S 922,313,582) (S 699,633,627) (S 687,627,629) (S 688,629,630) (S 951,629,634) (S 702,515,422) (S 388,422,423) (S 703,422,439) (S 704,439,635) (S 961,758,760) (S 960,758,759) (S 959,758,635) (S 407,439,438) (S 406,438,437) (S 405,437,436) (S 404,436,435) (S 906,435,328) (S 285,327,326) (S 284,326,325) (D 0,0,0)
 0 1 17 8666 16969  25 (D 0,0,0) (S 858,708,433) (S 689,631,324) (S 283,324,325) (S 286,327,328) (S 287,328,329) (S 288,329,330) (S 927,330,437) (S 1024,437,784) (S 1025,784,786) (S 731,649,650) (S 1022,649,784) (S 1023,784,785) (S 1040,785,793) (S 1039,792,793) (S 1041,793,660) (S 751,659,660) (S 1042,660,790) (S 1036,790,701) (S 839,701,702) (S 840,702,703) (S 855,703,436) (S 856,436,329) (S 777,676,677) (D 0,0,0)
 0 1 18 8908 16071  20 (D 0,0,0) (S 498,416,519) (S 904,519,740) (S 1003,740,735) (S 1004,735,776) (S 1044,776,581) (S 597,581,582) (S 598,582,404) (S 698,405,633) (S 920,744,633) (S 921,633,582) (S 596,581,516) (S 496,517,518) (S 892,518,735) (S 893,735,736) (S 924,736,739) (S 903,739,740) (S 1002,740,417) (S 382,417,416) (D 0,0,0)
 0 1 19 8868 19938  16 (D 0,0,0) (S 497,519,518) (S 857,518,329) (S 290,331,332) (S 291,332,333) (S 48,59,60) (S 835,481,700) (S 832,700,165) (S 132,164,165) (S 133,165,166) (S 1034,166,702) (S 42,54,53) (S 41,53,52) (S 842,607,704) (S 907,704,435) (D 0,0,0)
 0 1 20 8973 17666  18 (D 0,0,0) (S 289,330,331) (S 1035,331,580) (S 593,580,438) (S 592,438,579) (S 591,579,57) (S 46,57,58) (S 47,58,59) (S 449,59,481) (S 450,481,482) (S 834,481,333) (S 833,333,514) (S 493,514,515) (S 701,515,634) (S 700,634,627) (S 685,627,626) (S 1045,626,581) (D 0,0,0)
 0 1 21 8906 20021  17 (D 0,0,0) (S 476,504,505) (S 695,505,632) (S 1163,632,829) (S 1162,838,829) (S 1128,829,71) (S 58,71,72) (S 57,71,70) (S 1033,70,406) (S 56,70,69) (S 696,69,632) (S 1164,632,583) (S 1165,583,737) (S 898,737,738) (S 1088,816,65) (S 1027,64,787) (D 0,0,0)
 0 1 22 8988 17742  11 (D 0,0,0) (S 1100,3,191) (S 266,151,306) (S 267,306,300) (S 976,300,587) (S 607,586,587) (S 608,587,559) (S 1121,588,208) (S 176,207,206) (S 605,206,585) (D 0,0,0)
 0 1 23 8837 14425  18 (D 0,0,0) (S 817,0,2) (S 164,193,194) (S 693,195,622) (S 694,622,505) (S 774,505,623) (S 775,623,196) (S 776,196,589) (S 166,196,195) (S 165,195,194) (S 603,194,584) (S 680,584,353) (S 679,353,459) (S 677,620,621) (S 890,621,733) (S 1090,733,734) (S 1091,734,4) (D 0,0,0)
 0 1 24 8999 18449  20 (D 0,0,0) (S 891,734,621) (S 681,584,622) (S 682,622,623) (S 683,623,624) (S 1130,624,830) (S 684,624,625) (S 1129,624,829) (S 1127,71,407) (S 373,407,408) (S 1126,828,407) (S 372,407,406) (S 371,406,405) (S 599,404,68) (S 600,68,583) (S 601,583,504) (S 602,504,584) (S 310,353,354) (S 425,355,192) (D 0,0,0)
 0 1 25 6887 10593  26 (D 0,0,0) (S 971,708,673) (S 970,673,762) (S 969,762,761) (S 1142,761,316) (S 276,316,317) (S 1156,317,835) (S 1155,317,832) (S 1139,832,718) (S 1078,718,762) (S 1079,762,525) (S 1140,526,347) (S 303,347,346) (S 302,346,345) (S 492,345,379) (S 344,379,380) (S 872,380,344) (S 873,344,507) (S 479,507,177) (S 398,178,431) (S 399,431,15) (S 12,15,16) (S 768,17,523) (S 503,523,522) (S 743,522,653) (D 0,0,0)
 0 1 26 8961 27789  18 (D 0,0,0) (S 1154,719,832) (S 1017,426,779) (S 1010,779,778) (S 1014,237,781) (S 389,425,424) (S 978,424,722) (S 876,721,722) (S 979,424,236) (S 1015,237,782) (S 202,237,238) (S 203,238,239) (S 204,239,240) (S 1012,239,780) (S 1011,239,779) (S 391,426,427) (S 1019,452,446) (D 0,0,0)
 0 1 27 8945 20339  21 (D 0,0,0) (S 277,317,318) (S 278,318,319) (S 279,319,320) (S 314,322,358) (S 546,358,554) (S 113,138,139) (S 860,709,139) (S 861,139,554) (S 862,554,573) (S 579,573,572) (S 865,572,714) (S 578,572,571) (S 419,453,454) (S 421,455,456) (S 422,456,457) (S 707,456,58) (S 706,58,636) (S 705,636,635) (S 494,515,516) (D 0,0,0)
 0 1 28 8663 19605  14 (D 0,0,0) (S 977,300,116) (S 94,116,117) (S 323,117,365) (S 656,365,561) (S 220,258,259) (S 560,258,561) (S 553,215,557) (S 554,557,306) (S 121,151,150) (S 518,150,533) (S 517,150,532) (S 2,3,2) (D 0,0,0)
 0 1 29 8550 14843  17 (D 0,0,0) (S 1,0,1) (S 3,3,4) (S 1083,4,728) (S 886,728,727) (S 936,747,727) (S 1084,4,191) (S 162,191,192) (S 321,193,354) (S 311,354,355) (S 424,355,459) (S 423,458,459) (S 678,459,621) (S 1089,733,816) (S 1167,816,787) (S 1026,787,3) (D 0,0,0)
 0 1 30 7018 16544  11 (D 0,0,0) (S 926,731,28) (S 972,27,686) (S 799,686,663) (S 753,663,664) (S 1018,26,783) (S 21,26,27) (S 22,27,28) (S 889,731,732) (S 1099,732,3) (D 0,0,0)
 0 1 31 8981 25721  18 (D 0,0,0) (S 819,695,696) (S 654,609,608) (S 653,608,29) (S 23,29,30) (S 24,30,31) (S 349,30,384) (S 348,30,383) (S 545,383,287) (S 652,287,29) (S 322,29,364) (S 523,364,536) (S 823,536,285) (S 243,284,285) (S 244,285,286) (S 586,286,364) (S 587,364,577) (D 0,0,0)
 0 1 32 8942 27023  25 (D 0,0,0) (S 574,567,568) (S 573,567,249) (S 538,546,547) (S 571,547,566) (S 570,566,225) (S 191,225,224) (S 625,538,297) (S 624,297,463) (S 429,463,462) (S 567,462,219) (S 186,219,212) (S 180,211,212) (S 181,212,213) (S 428,213,462) (S 568,462,539) (S 529,539,295) (S 527,538,224) (S 190,224,223) (S 717,643,223) (S 718,223,247) (S 211,247,248) (S 524,248,536) (S 1170,577,608) (D 0,0,0)
 0 1 33 8931 27139  10 (D 0,0,0) (S 655,561,609) (S 1184,609,578) (S 722,566,644) (S 569,225,565) (S 1055,596,173) (S 139,173,174) (S 558,560,294) (S 559,294,258) (D 0,0,0)
 0 1 34 8854 27572  11 (D 0,0,0) (S 324,365,257) (S 326,366,226) (S 327,226,367) (S 328,367,293) (S 251,293,292) (S 630,292,269) (S 230,269,227) (S 194,227,228) (S 325,366,257) (D 0,0,0)
 0 1 35 8980 30230  22 (D 0,0,0) (S 721,566,548) (S 719,537,247) (S 189,223,222) (S 788,222,595) (S 620,595,570) (S 563,564,275) (S 236,275,276) (S 237,276,277) (S 247,278,289) (S 246,288,278) (S 238,278,277) (S 622,277,217) (S 231,270,216) (S 232,216,271) (S 183,216,217) (S 623,217,463) (S 259,297,298) (S 258,297,296) (S 254,296,295) (S 253,295,294) (D 0,0,0)
 0 1 36 8990 32525  24 (D 0,0,0) (S 526,537,224) (S 127,159,160) (S 128,160,128) (S 129,128,161) (S 131,162,163) (S 1051,162,795) (S 1061,795,802) (S 1159,802,252) (S 216,252,253) (S 1158,802,726) (S 1157,836,726) (S 885,726,421) (S 949,725,756) (S 953,756,127) (S 952,127,757) (S 957,160,757) (S 958,757,724) (S 881,724,314) (S 273,314,159) (S 126,159,158) (S 530,158,539) (S 626,538,596) (D 0,0,0)
 0 1 37 8988 32204  27 (D 0,0,0) (S 720,548,537) (S 210,213,246) (S 208,245,130) (S 106,130,129) (S 105,129,128) (S 104,128,127) (S 103,127,126) (S 883,126,725) (S 942,751,752) (S 884,725,421) (S 387,421,420) (S 130,161,162) (S 1052,795,796) (S 1103,820,796) (S 1104,796,243) (S 206,243,244) (S 207,244,130) (S 107,130,131) (S 108,131,132) (S 575,569,131) (S 576,131,564) (S 577,564,570) (S 621,570,277) (S 184,217,218) (S 255,218,296) (D 0,0,0)
 0 1 38 8960 31970  26 (D 0,0,0) (S 790,576,681) (S 618,38,135) (S 257,135,276) (S 256,276,218) (S 185,218,219) (S 454,486,274) (S 274,315,159) (S 956,160,748) (S 939,748,315) (S 275,315,246) (S 209,246,245) (S 955,245,748) (S 938,748,129) (S 937,129,244) (S 385,243,161) (S 386,161,420) (S 954,420,756) (S 950,725,751) (S 941,750,751) (S 882,126,724) (S 880,314,470) (S 138,158,173) (S 627,596,565) (S 628,565,367) (D 0,0,0)
 0 1 39 8996 34264  25 (D 0,0,0) (S 822,285,681) (S 187,220,221) (S 188,221,222) (S 619,595,38) (S 992,38,134) (S 110,134,133) (S 109,133,132) (S 200,132,235) (S 199,132,234) (S 198,234,233) (S 197,232,233) (S 542,233,549) (S 540,549,550) (S 541,551,549) (S 716,642,234) (S 111,134,135) (S 29,37,38) (S 991,38,712) (S 990,712,221) (S 989,221,381) (S 820,697,381) (S 347,382,383) (S 544,553,383) (D 0,0,0)
 0 1 40 8954 40120  17 (D 0,0,0) (S 245,287,286) (S 196,231,230) (S 233,272,230) (S 234,230,273) (S 195,230,229) (S 260,229,299) (S 543,552,299) (S 261,229,254) (S 217,254,255) (S 214,251,231) (S 215,231,252) (S 1160,252,679) (S 785,679,680) (S 1189,680,842) (S 1198,842,844) (D 0,0,0)
 0 1 41 8984 27604  20 (D 0,0,0) (S 174,151,205) (S 561,214,561) (S 791,287,576) (S 584,576,382) (S 346,382,381) (S 821,381,681) (S 789,681,222) (S 787,595,133) (S 786,133,680) (S 1188,842,615) (S 668,615,597) (S 632,597,598) (S 667,597,88) (S 666,88,614) (S 665,614,156) (S 125,156,157) (S 664,156,363) (S 250,242,291) (D 0,0,0)
 0 1 42 8865 23218  12 (D 0,0,0) (S 173,204,205) (S 589,578,567) (S 213,249,250) (S 572,249,547) (S 192,225,226) (S 193,226,227) (S 229,227,256) (S 218,256,257) (S 219,257,258) (S 182,214,215) (D 0,0,0)
 0 1 43 8980 30621  9 (D 0,0,0) (S 252,294,293) (S 140,174,175) (S 1068,175,807) (S 141,175,176) (S 1067,175,348) (S 304,348,292) (S 629,269,367) (D 0,0,0)
 0 1 44 8982 35820  16 (D 0,0,0) (S 528,538,295) (S 531,158,540) (S 1209,843,847) (S 1203,847,106) (S 86,106,107) (S 87,107,108) (S 88,108,109) (S 1180,109,45) (S 34,44,45) (S 35,45,46) (S 148,46,108) (S 149,108,183) (S 1208,845,847) (S 1202,847,544) (D 0,0,0)
 0 1 45 8918 33920  19 (D 0,0,0) (S 660,534,448) (S 364,378,399) (S 1046,429,766) (S 986,766,73) (S 59,73,74) (S 60,74,75) (S 145,181,75) (S 146,75,182) (S 1074,182,806) (S 987,767,73) (S 1066,74,806) (S 1073,806,767) (S 988,767,49) (S 943,49,103) (S 83,103,104) (S 1186,104,841) (S 1187,841,542) (D 0,0,0)
 0 1 46 8929 35002  22 (D 0,0,0) (S 944,753,103) (S 84,104,105) (S 1191,105,843) (S 1204,106,47) (S 1205,47,848) (S 1190,48,105) (S 85,105,106) (S 1200,107,845) (S 1207,845,183) (S 1206,849,183) (S 150,183,184) (S 151,184,185) (S 152,185,112) (S 153,112,186) (S 1065,186,805) (S 1053,797,798) (S 99,122,121) (S 1144,121,799) (S 1056,799,118) (S 95,118,115) (D 0,0,0)
 0 1 47 8513 31738  23 (D 0,0,0) (S 93,115,114) (S 92,114,113) (S 1195,113,805) (S 1196,805,800) (S 1059,800,187) (S 155,187,123) (S 101,123,124) (S 1148,124,765) (S 975,765,32) (S 157,32,12) (S 25,32,33) (S 156,32,123) (S 100,123,122) (S 1054,122,798) (S 1143,799,804) (S 1063,804,797) (S 1064,797,805) (S 1194,113,813) (S 1072,810,811) (S 1212,811,755) (S 948,755,115) (D 0,0,0)
 0 1 48 8994 32622  18 (D 0,0,0) (S 946,754,541) (S 533,541,542) (S 534,542,543) (S 535,543,544) (S 1201,846,544) (S 536,544,184) (S 537,184,545) (S 1178,545,809) (S 1071,809,808) (S 1151,808,111) (S 90,111,112) (S 154,186,187) (S 1060,187,801) (S 1058,800,798) (S 1057,798,799) (S 330,115,174) (D 0,0,0)
 0 1 49 8877 29880  23 (D 0,0,0) (S 329,293,174) (S 947,755,754) (S 1077,754,810) (S 1076,810,813) (S 1193,813,543) (S 1192,543,843) (S 1210,843,841) (S 1211,841,753) (S 945,753,541) (S 532,541,540) (S 879,540,470) (S 436,470,213) (S 453,246,274) (S 235,274,275) (S 564,275,486) (S 455,486,487) (S 565,486,211) (S 179,210,211) (S 566,211,219) (S 525,537,248) (S 212,248,249) (D 0,0,0)
 0 1 50 8983 35240  17 (D 0,0,0) (S 1069,114,185) (S 1070,185,808) (S 89,111,110) (S 1176,110,125) (S 1062,125,803) (S 1175,125,764) (S 1174,764,834) (S 1146,833,834) (S 1147,834,765) (S 974,765,764) (S 973,763,764) (S 102,125,124) (S 1149,124,801) (S 1150,801,111) (S 91,112,113) (D 0,0,0)
 0 1 51 8975 40177  14 (D 0,0,0) (S 1177,110,809) (S 1179,545,109) (S 1181,45,812) (S 1182,812,76) (S 61,76,77) (S 1075,812,182) (S 147,182,46) (S 36,46,47) (S 37,47,48) (S 38,48,49) (S 39,49,50) (S 539,548,547) (D 0,0,0)
 0 1 52 8961 35680  23 (D 0,0,0) (S 98,119,121) (S 1145,121,33) (S 26,33,34) (S 830,34,11) (S 8,11,10) (S 7,9,10) (S 158,188,12) (S 10,12,13) (S 9,12,11) (S 829,11,188) (S 828,699,188) (S 159,188,189) (S 827,189,698) (S 826,189,10) (S 825,10,35) (S 28,35,36) (S 824,35,120) (S 831,120,34) (S 27,34,35) (S 97,120,119) (S 96,119,118) (D 0,0,0)
 0 1 53 8949 27806  18 (D 0,0,0) (S 662,443,319) (S 358,395,394) (S 361,394,398) (S 470,398,498) (S 469,498,428) (S 392,428,392) (S 982,391,140) (S 114,140,141) (S 981,140,152) (S 122,152,153) (S 980,152,236) (S 201,236,237) (S 1009,238,778) (S 1016,778,781) (S 1013,781,425) (S 390,425,426) (D 0,0,0)
 0 1 54 8980 32885  21 (D 0,0,0) (S 1152,522,708) (S 418,452,427) (S 734,388,652) (S 733,652,414) (S 732,651,414) (S 378,414,401) (S 379,401,410) (S 376,410,411) (S 375,410,400) (S 367,401,402) (S 366,401,400) (S 374,409,400) (S 365,400,399) (S 1047,399,429) (S 394,377,386) (S 350,385,386) (S 393,386,428) (S 1006,498,393) (S 357,393,394) (D 0,0,0)
 0 1 55 8954 28961  15 (D 0,0,0) (S 11,15,14) (S 1080,14,525) (S 869,717,427) (S 739,427,137) (S 112,136,137) (S 249,154,291) (S 509,291,241) (S 508,241,528) (S 784,528,678) (S 205,241,242) (S 320,242,363) (S 645,363,155) (S 510,155,291) (D 0,0,0)
 0 1 56 8981 31433  20 (D 0,0,0) (S 511,155,529) (S 512,529,397) (S 513,397,89) (S 70,89,88) (S 69,87,88) (S 514,89,530) (S 1050,530,390) (S 1049,390,652) (S 1048,652,399) (S 396,429,412) (S 377,412,413) (S 397,412,430) (S 395,429,377) (S 342,377,378) (S 363,378,387) (S 362,387,398) (S 471,398,499) (S 736,499,395) (D 0,0,0)
 0 1 57 8980 26308  17 (D 0,0,0) (S 381,416,327) (S 852,455,592) (S 444,92,477) (S 919,281,743) (S 918,281,477) (S 443,477,199) (S 798,476,685) (S 440,476,142) (S 115,142,143) (S 797,143,476) (S 441,476,79) (S 169,199,200) (S 170,200,201) (S 171,201,202) (S 172,202,203) (D 0,0,0)
 0 1 58 8919 22932  18 (D 0,0,0) (S 75,95,94) (S 74,94,93) (S 710,93,637) (S 940,637,749) (S 711,637,638) (S 965,638,707) (S 912,741,95) (S 76,95,96) (S 646,96,606) (S 962,606,689) (S 808,689,599) (S 635,599,362) (S 319,362,98) (S 426,361,460) (S 638,460,574) (S 581,574,359) (D 0,0,0)
 0 1 59 8948 29111  19 (D 0,0,0) (S 316,359,360) (S 636,362,600) (S 671,502,22) (S 672,22,483) (S 461,492,490) (S 462,490,493) (S 802,493,688) (S 617,594,440) (S 1118,440,825) (S 1172,825,441) (S 1171,840,441) (S 408,441,440) (S 1117,440,665) (S 755,665,666) (S 754,665,465) (S 430,465,464) (S 1120,667,688) (D 0,0,0)
 0 1 60 8983 34448  21 (D 0,0,0) (S 756,667,442) (S 757,442,668) (S 409,442,441) (S 1116,665,662) (S 752,661,662) (S 1115,662,693) (S 815,693,694) (S 814,693,466) (S 432,466,467) (S 795,467,683) (S 794,682,683) (S 1113,683,641) (S 714,640,641) (S 715,641,468) (S 433,468,467) (S 796,467,684) (S 813,692,466) (S 431,466,465) (S 1119,825,667) (D 0,0,0)
 0 1 61 8986 38446  15 (D 0,0,0) (S 1173,825,464) (S 434,468,469) (S 435,469,304) (S 265,304,305) (S 264,304,303) (S 263,302,303) (S 1110,303,308) (S 269,308,309) (S 268,307,308) (S 1109,824,308) (S 1111,303,556) (S 1112,556,641) (S 1114,683,693) (D 0,0,0)
 0 1 62 8779 34692  14 (D 0,0,0) (S 994,19,769) (S 993,768,19) (S 14,19,18) (S 295,339,340) (S 552,340,473) (S 1169,474,839) (S 439,474,475) (S 438,474,473) (S 551,473,469) (S 550,556,469) (S 296,340,18) (S 15,19,20) (D 0,0,0)
 0 1 63 8993 31731  18 (D 0,0,0) (S 811,471,691) (S 807,689,203) (S 806,203,503) (S 452,485,484) (S 458,484,490) (S 457,490,489) (S 967,488,710) (S 863,710,711) (S 966,488,618) (S 888,617,730) (S 674,617,492) (S 460,491,492) (S 673,492,483) (S 451,483,484) (S 459,484,21) (S 474,502,501) (D 0,0,0)
 0 1 64 8908 30333  15 (D 0,0,0) (S 318,361,98) (S 79,98,99) (S 640,99,600) (S 675,617,618) (S 676,618,619) (S 456,488,489) (S 466,489,496) (S 800,687,496) (S 801,496,493) (S 803,688,485) (S 804,485,20) (S 805,20,503) (S 809,599,690) (D 0,0,0)
 0 1 65 8887 22552  17 (D 0,0,0) (S 315,358,359) (S 582,574,497) (S 468,497,461) (S 427,461,460) (S 639,460,99) (S 80,99,100) (S 467,100,461) (S 81,100,101) (S 82,101,102) (S 583,575,497) (S 637,574,601) (S 294,337,338) (S 1021,337,601) (S 1020,601,446) (S 412,446,447) (D 0,0,0)
 0 1 66 8992 23481  15 (D 0,0,0) (S 1007,612,647) (S 728,646,575) (S 727,575,101) (S 726,101,501) (S 725,501,24) (S 20,24,25) (S 19,24,23) (S 887,23,729) (S 18,23,22) (S 17,22,21) (S 16,21,20) (S 475,503,502) (S 670,502,600) (D 0,0,0)
 0 1 67 8986 26416  20 (D 0,0,0) (S 910,454,591) (S 615,591,592) (S 616,592,593) (S 851,592,94) (S 850,94,707) (S 849,707,201) (S 848,201,146) (S 847,706,146) (S 915,145,742) (S 116,145,144) (S 293,336,144) (S 118,146,147) (S 119,147,148) (S 120,148,149) (S 117,146,145) (S 914,145,202) (S 913,202,741) (S 911,95,591) (D 0,0,0)
 0 1 68 8888 23087  20 (D 0,0,0) (S 841,704,703) (S 854,703,54) (S 43,54,55) (S 44,55,56) (S 1038,56,791) (S 45,56,57) (S 708,456,562) (S 709,562,93) (S 73,93,92) (S 445,92,478) (S 996,478,771) (S 446,478,479) (S 997,479,772) (S 447,479,480) (S 995,480,770) (S 448,480,59) (S 836,700,636) (S 837,636,579) (D 0,0,0)
 0 1 69 8988 31882  26 (D 0,0,0) (S 905,519,328) (S 1037,701,56) (S 562,562,563) (S 72,92,91) (S 71,90,91) (S 874,91,282) (S 242,282,283) (S 875,282,720) (S 241,282,281) (S 240,281,280) (S 878,280,723) (S 239,279,280) (S 877,280,198) (S 167,197,198) (S 168,198,199) (S 62,78,79) (S 442,79,199) (S 1161,837,639) (S 713,639,200) (S 712,200,638) (S 964,707,741) (S 963,741,606) (S 647,96,472) (S 580,573,359) (D 0,0,0)
 0 1 70 8973 29408  19 (D 0,0,0) (S 411,318,445) (S 737,290,395) (S 359,395,396) (S 485,511,396) (S 360,396,397) (S 473,89,500) (S 472,500,499) (S 735,499,388) (S 354,389,390) (S 515,530,531) (S 631,530,597) (S 1197,615,844) (S 1199,844,135) (S 864,712,713) (S 585,576,286) (S 588,577,567) (S 590,578,366) (D 0,0,0)
