1758240
70
1819537
1731430
 0 1 1 6630 11220  16 (D 0,0,0) (S 816,0,677) (S 777,676,677) (S 778,677,653) (S 742,653,63) (S 50,63,64) (S 51,64,65) (S 1088,65,816) (S 1089,816,733) (S 890,733,621) (S 677,620,621) (S 1083,4,728) (S 886,728,727) (S 936,747,727) (S 3,4,3) (D 0,0,0)
 0 1 2 8940 10918  14 (D 0,0,0) (S 1091,4,734) (S 891,734,621) (S 678,621,459) (S 679,459,353) (S 680,353,584) (S 603,584,194) (S 604,194,585) (S 605,585,206) (S 175,206,151) (S 174,151,205) (S 1108,205,695) (S 818,695,2) (D 0,0,0)
 0 1 3 8272 16544  13 (D 0,0,0) (S 817,0,2) (S 2,2,3) (S 753,663,664) (S 799,663,686) (S 972,686,27) (S 21,27,26) (S 1018,26,783) (S 22,27,28) (S 926,28,731) (S 889,731,732) (S 1099,732,3) (D 0,0,0)
 0 1 4 8847 13901  17 (D 0,0,0) (S 1100,3,191) (S 162,191,192) (S 163,192,193) (S 164,193,194) (S 165,194,195) (S 692,195,590) (S 611,590,589) (S 776,589,196) (S 166,196,195) (S 693,195,622) (S 681,622,584) (S 310,353,354) (S 311,354,355) (S 424,355,459) (S 423,458,459) (D 0,0,0)
 0 1 5 8848 19356  20 (D 0,0,0) (S 425,192,355) (S 321,354,193) (S 176,206,207) (S 177,207,208) (S 178,208,209) (S 557,209,559) (S 609,559,588) (S 610,588,589) (S 775,196,623) (S 1129,624,829) (S 1128,829,71) (S 58,71,72) (S 57,71,70) (S 56,70,69) (S 696,69,632) (S 695,632,505) (S 694,505,622) (S 682,622,623) (D 0,0,0)
 0 1 6 8067 17580  13 (D 0,0,0) (S 612,585,590) (S 691,590,207) (S 1122,208,826) (S 1132,826,558) (S 556,558,209) (S 555,558,306) (S 262,300,301) (S 1125,301,827) (S 1124,301,557) (S 1123,557,205) (S 173,204,205) (D 0,0,0)
 0 1 7 8618 18062  9 (D 0,0,0) (S 1084,4,191) (S 976,300,587) (S 607,586,587) (S 608,587,559) (S 1121,588,208) (S 613,585,532) (S 516,532,191) (D 0,0,0)
 0 1 8 8416 32038  23 (D 0,0,0) (S 588,567,577) (S 789,681,222) (S 188,222,221) (S 990,221,712) (S 991,712,38) (S 29,37,38) (S 110,134,133) (S 109,133,132) (S 200,132,235) (S 199,132,234) (S 198,234,233) (S 542,233,549) (S 541,551,549) (S 540,549,550) (S 197,232,233) (S 716,642,234) (S 108,131,132) (S 823,285,536) (S 523,536,364) (S 322,364,29) (S 654,608,609) (D 0,0,0)
 0 1 9 8980 16194  26 (D 0,0,0) (S 819,695,696) (S 1107,695,81) (S 64,81,82) (S 745,262,655) (S 868,716,655) (S 746,655,656) (S 1097,656,670) (S 1096,670,745) (S 933,745,43) (S 1131,823,831) (S 1106,823,822) (S 1105,821,822) (S 1183,822,43) (S 934,43,657) (S 747,657,656) (S 1098,656,818) (S 759,670,261) (S 221,261,260) (S 931,260,343) (S 930,343,508) (S 929,508,671) (S 762,671,267) (S 227,267,268) (S 228,268,63) (D 0,0,0)
 0 1 10 8834 16591  32 (D 0,0,0) (S 769,674,17) (S 13,17,16) (S 399,15,431) (S 783,506,346) (S 302,346,345) (S 223,264,263) (S 338,263,86) (S 67,85,42) (S 66,42,84) (S 65,83,84) (S 935,657,746) (S 748,657,84) (S 749,84,373) (S 337,373,374) (S 750,373,658) (S 336,373,40) (S 31,40,41) (S 32,41,42) (S 33,42,43) (S 488,41,512) (S 1094,512,85) (S 871,86,380) (S 872,380,344) (S 301,344,345) (S 492,345,379) (S 343,379,368) (S 507,527,526) (S 506,526,525) (S 11,14,15) (S 12,15,16) (D 0,0,0)
 0 1 11 8914 15051  22 (D 0,0,0) (S 549,555,509) (S 484,509,510) (S 845,509,654) (S 483,509,5) (S 482,5,508) (S 481,508,266) (S 480,266,507) (S 479,507,177) (S 770,180,674) (S 768,17,523) (S 502,522,521) (S 1028,520,64) (S 1027,64,787) (S 1168,787,63) (S 741,63,8) (S 740,8,555) (S 548,555,190) (S 547,190,81) (S 63,81,80) (S 614,80,532) (D 0,0,0)
 0 1 12 8546 19743  16 (D 0,0,0) (S 1167,787,816) (S 1166,816,738) (S 898,738,737) (S 476,504,505) (S 774,505,623) (S 683,623,624) (S 684,624,625) (S 1130,624,830) (S 1162,838,829) (S 1163,829,632) (S 1164,632,583) (S 601,583,504) (S 602,504,584) (S 1090,733,734) (D 0,0,0)
 0 1 13 8959 20607  18 (D 0,0,0) (S 1,0,1) (S 279,319,320) (S 280,320,321) (S 282,322,323) (S 314,322,358) (S 581,359,574) (S 638,574,460) (S 639,460,99) (S 79,99,98) (S 78,98,97) (S 646,96,606) (S 963,606,741) (S 912,741,95) (S 75,95,94) (S 853,455,54) (S 854,54,703) (D 0,0,0)
 0 1 14 8990 20928  23 (D 0,0,0) (S 1035,331,580) (S 593,580,438) (S 407,438,439) (S 959,635,758) (S 960,758,759) (S 961,758,760) (S 704,635,439) (S 703,439,422) (S 388,422,423) (S 702,422,515) (S 701,515,634) (S 951,634,629) (S 688,629,630) (S 687,629,627) (S 699,627,633) (S 921,633,582) (S 700,627,634) (S 685,627,626) (S 1045,626,581) (S 596,581,516) (S 498,519,416) (D 0,0,0)
 0 1 15 8704 16077  15 (D 0,0,0) (S 380,327,415) (S 402,415,434) (S 1081,434,705) (S 843,705,607) (S 651,607,52) (S 40,52,51) (S 1101,51,794) (S 1102,794,819) (S 1043,794,55) (S 43,55,54) (S 855,703,436) (S 856,436,329) (S 287,329,328) (D 0,0,0)
 0 1 16 8640 17181  18 (D 0,0,0) (S 892,518,735) (S 893,735,736) (S 923,736,313) (S 598,582,404) (S 370,404,405) (S 371,405,406) (S 372,406,407) (S 1126,828,407) (S 373,407,408) (S 1127,407,71) (S 1033,70,406) (S 697,405,69) (S 55,69,68) (S 54,68,67) (S 899,66,738) (S 1026,787,3) (D 0,0,0)
 0 1 17 8997 17551  22 (D 0,0,0) (S 1086,352,451) (S 417,451,419) (S 137,171,172) (S 136,171,170) (S 368,170,403) (S 663,403,613) (S 369,403,404) (S 698,405,633) (S 920,744,633) (S 922,582,313) (S 272,313,310) (S 270,310,311) (S 271,310,312) (S 414,312,449) (S 415,449,450) (S 416,450,419) (S 384,419,418) (S 383,418,417) (S 382,417,416) (S 792,521,677) (D 0,0,0)
 0 1 18 8627 27781  15 (D 0,0,0) (S 390,426,425) (S 1014,781,237) (S 201,237,236) (S 979,236,424) (S 876,721,722) (S 978,722,424) (S 389,424,425) (S 1013,425,781) (S 1016,781,778) (S 1009,238,778) (S 1010,778,779) (S 391,426,427) (S 869,717,427) (D 0,0,0)
 0 1 19 8998 19982  22 (D 0,0,0) (S 971,708,673) (S 1139,718,832) (S 410,443,444) (S 1136,443,494) (S 463,494,320) (S 312,321,356) (S 281,321,322) (S 546,358,554) (S 861,554,139) (S 860,709,139) (S 113,138,139) (S 862,554,573) (S 579,573,572) (S 865,572,714) (S 578,572,571) (S 419,453,454) (S 908,53,704) (S 907,704,435) (S 403,435,415) (S 308,326,351) (D 0,0,0)
 0 1 20 8984 18152  19 (D 0,0,0) (S 286,327,328) (S 906,328,435) (S 840,703,702) (S 1034,702,166) (S 133,166,165) (S 132,164,165) (S 832,165,700) (S 835,700,481) (S 450,481,482) (S 449,481,59) (S 47,59,58) (S 46,58,57) (S 44,56,55) (S 841,703,704) (S 842,704,607) (S 401,434,349) (S 307,350,326) (D 0,0,0)
 0 1 21 8907 28685  20 (D 0,0,0) (S 381,416,327) (S 834,333,481) (S 995,480,770) (S 997,479,772) (S 446,479,478) (S 996,478,771) (S 71,90,91) (S 72,91,92) (S 444,92,477) (S 443,477,199) (S 442,199,79) (S 62,78,79) (S 169,199,200) (S 170,200,201) (S 964,707,741) (S 911,95,591) (S 858,433,708) (S 1152,708,522) (D 0,0,0)
 0 1 22 8904 23383  17 (D 0,0,0) (S 1029,520,325) (S 284,325,326) (S 42,53,54) (S 852,455,592) (S 850,94,707) (S 965,707,638) (S 712,638,200) (S 713,200,639) (S 1161,837,639) (S 711,638,637) (S 74,93,94) (S 851,94,592) (S 616,592,593) (S 615,592,591) (S 910,591,454) (D 0,0,0)
 0 1 23 8943 28652  26 (D 0,0,0) (S 283,324,325) (S 849,707,201) (S 798,476,685) (S 797,476,143) (S 115,143,142) (S 440,142,476) (S 441,476,79) (S 168,199,198) (S 167,197,198) (S 877,198,280) (S 239,279,280) (S 878,280,723) (S 240,280,281) (S 919,281,743) (S 918,477,281) (S 241,281,282) (S 875,282,720) (S 242,282,283) (S 874,282,91) (S 447,479,480) (S 836,700,636) (S 837,636,579) (S 838,579,701) (S 839,701,702) (D 0,0,0)
 0 1 24 8754 22223  17 (D 0,0,0) (S 501,521,520) (S 500,520,351) (S 499,351,416) (S 905,519,328) (S 909,53,454) (S 420,454,455) (S 421,455,456) (S 422,456,457) (S 708,456,562) (S 562,562,563) (S 709,562,93) (S 73,93,92) (S 445,92,478) (S 448,480,59) (S 48,59,60) (D 0,0,0)
 0 1 25 8665 16914  26 (D 0,0,0) (S 1002,417,740) (S 904,740,519) (S 857,518,329) (S 288,329,330) (S 927,330,437) (S 1024,437,784) (S 731,649,650) (S 1022,649,784) (S 1025,784,786) (S 1023,784,785) (S 1040,785,793) (S 1039,792,793) (S 1041,793,660) (S 751,659,660) (S 1042,660,790) (S 1036,790,701) (S 1037,701,56) (S 1038,56,791) (S 45,56,57) (S 591,57,579) (S 592,579,438) (S 594,580,332) (S 595,332,516) (S 496,517,518) (D 0,0,0)
 0 1 26 8863 17658  18 (D 0,0,0) (S 497,519,518) (S 642,517,602) (S 643,602,604) (S 644,604,605) (S 686,605,628) (S 723,645,604) (S 724,604,603) (S 641,603,602) (S 495,517,516) (S 494,516,515) (S 493,515,514) (S 833,514,333) (S 291,333,332) (S 290,332,331) (S 289,331,330) (S 285,327,326) (D 0,0,0)
 0 1 27 8871 26945  26 (D 0,0,0) (S 404,435,436) (S 405,436,437) (S 406,437,438) (S 705,635,636) (S 706,636,58) (S 707,58,456) (S 710,93,637) (S 940,637,749) (S 848,201,146) (S 120,148,149) (S 119,148,147) (S 118,147,146) (S 847,706,146) (S 117,146,145) (S 915,145,742) (S 116,145,144) (S 293,336,144) (S 914,145,202) (S 913,202,741) (S 76,95,96) (S 647,96,472) (S 649,571,453) (S 844,705,167) (S 465,350,495) (D 0,0,0)
 0 1 28 8838 29184  16 (D 0,0,0) (S 635,362,599) (S 808,599,689) (S 802,688,493) (S 801,493,496) (S 800,687,496) (S 466,496,489) (S 457,489,490) (S 462,490,493) (S 458,490,484) (S 459,484,21) (S 16,21,20) (S 806,503,203) (S 172,203,202) (S 171,202,201) (D 0,0,0)
 0 1 29 8481 14499  23 (D 0,0,0) (S 925,418,739) (S 924,739,736) (S 894,736,449) (S 895,449,170) (S 896,170,67) (S 900,66,171) (S 901,171,450) (S 902,450,739) (S 903,739,740) (S 1003,740,735) (S 1004,735,776) (S 1044,776,581) (S 597,581,582) (S 599,404,68) (S 600,68,583) (S 1165,583,737) (S 897,737,67) (S 53,67,66) (S 52,66,65) (S 1087,65,451) (S 309,352,351) (D 0,0,0)
 0 1 30 8421 15266  31 (D 0,0,0) (S 779,653,674) (S 780,674,672) (S 764,672,179) (S 763,179,267) (S 226,267,266) (S 225,266,265) (S 224,265,264) (S 345,264,380) (S 344,380,379) (S 491,379,513) (S 489,375,512) (S 1093,512,715) (S 1092,817,715) (S 866,715,371) (S 334,371,372) (S 335,372,40) (S 1085,39,815) (S 669,616,39) (S 30,39,40) (S 867,372,715) (S 340,375,370) (S 758,370,669) (S 333,370,371) (S 332,370,369) (S 331,369,368) (S 522,368,527) (S 1140,526,347) (S 303,347,346) (S 782,506,431) (D 0,0,0)
 0 1 31 8716 14930  25 (D 0,0,0) (S 781,672,431) (S 398,431,178) (S 873,507,344) (S 300,344,265) (S 299,265,343) (S 932,260,745) (S 1095,745,85) (S 68,85,86) (S 339,86,375) (S 490,375,513) (S 606,513,369) (S 521,527,535) (S 1156,317,835) (S 276,317,316) (S 1142,316,761) (S 969,761,762) (S 1078,762,718) (S 870,718,719) (S 1154,719,832) (S 400,432,433) (S 859,433,324) (S 689,631,324) (S 690,324,521) (D 0,0,0)
 0 1 32 8142 14788  25 (D 0,0,0) (S 1153,708,719) (S 1155,832,317) (S 278,318,319) (S 660,534,448) (S 659,448,612) (S 1000,611,774) (S 998,773,774) (S 999,774,775) (S 1008,774,612) (S 658,612,611) (S 657,610,611) (S 1001,611,647) (S 730,647,648) (S 729,647,646) (S 793,646,447) (S 413,447,448) (S 519,534,445) (S 520,445,535) (S 968,535,761) (S 1141,761,526) (S 505,525,524) (S 766,524,16) (S 765,16,672) (D 0,0,0)
 0 1 33 8947 30949  20 (D 0,0,0) (S 738,137,290) (S 124,155,156) (S 667,88,597) (S 632,597,598) (S 668,597,615) (S 1197,615,844) (S 631,597,530) (S 515,530,531) (S 514,530,89) (S 473,89,500) (S 487,500,389) (S 353,389,388) (S 735,388,499) (S 472,499,500) (S 360,397,396) (S 485,511,396) (S 359,396,395) (S 661,534,319) (D 0,0,0)
 0 1 34 8655 13527  29 (D 0,0,0) (S 503,522,523) (S 504,523,524) (S 767,524,673) (S 970,673,762) (S 1079,762,525) (S 1080,525,14) (S 477,14,506) (S 478,506,177) (S 142,177,178) (S 143,178,179) (S 144,179,180) (S 771,180,268) (S 772,268,675) (S 928,675,671) (S 761,671,6) (S 4,5,6) (S 5,6,7) (S 6,7,8) (S 773,7,675) (S 298,343,342) (S 297,341,342) (S 760,342,261) (S 222,261,262) (S 744,262,654) (S 846,654,82) (S 160,82,190) (S 161,190,191) (D 0,0,0)
 0 1 35 8851 25287  15 (D 0,0,0) (S 249,154,291) (S 509,291,241) (S 508,241,528) (S 784,528,678) (S 205,241,242) (S 320,242,363) (S 645,363,155) (S 123,155,154) (S 418,427,452) (S 1019,452,446) (S 412,446,447) (S 411,445,318) (S 277,318,317) (D 0,0,0)
 0 1 36 8876 21364  16 (D 0,0,0) (S 1032,788,789) (S 1133,357,335) (S 292,335,334) (S 811,471,691) (S 917,691,360) (S 426,361,460) (S 468,497,461) (S 467,461,100) (S 80,100,99) (S 474,502,501) (S 726,501,101) (S 728,575,646) (S 1007,647,612) (S 1137,443,432) (D 0,0,0)
 0 1 37 8971 27807  18 (D 0,0,0) (S 743,653,522) (S 739,427,137) (S 112,136,137) (S 248,290,154) (S 510,291,155) (S 511,155,529) (S 1185,529,614) (S 512,529,397) (S 513,397,89) (S 70,89,88) (S 69,87,88) (S 666,88,614) (S 665,614,156) (S 125,156,157) (S 664,156,363) (S 250,242,291) (D 0,0,0)
 0 1 38 9000 27752  23 (D 0,0,0) (S 318,361,98) (S 319,98,362) (S 636,362,600) (S 670,600,502) (S 475,502,503) (S 805,503,20) (S 756,667,442) (S 757,442,668) (S 409,442,441) (S 1172,441,825) (S 1118,825,440) (S 1117,440,665) (S 755,665,666) (S 617,594,440) (S 408,440,441) (S 1171,840,441) (S 1119,825,667) (S 1120,667,688) (S 803,688,485) (S 809,599,690) (S 810,690,691) (D 0,0,0)
 0 1 39 8905 17793  18 (D 0,0,0) (S 306,350,349) (S 305,349,169) (S 135,168,169) (S 634,169,62) (S 49,61,62) (S 633,62,167) (S 134,167,166) (S 41,53,52) (S 650,52,453) (S 648,571,472) (S 437,472,471) (S 812,471,334) (S 1134,357,814) (S 1082,814,788) (S 1031,788,495) (S 1030,495,325) (D 0,0,0)
 0 1 40 8915 32623  14 (D 0,0,0) (S 17,22,21) (S 456,489,488) (S 967,488,710) (S 863,710,711) (S 966,488,618) (S 676,618,619) (S 675,618,617) (S 460,491,492) (S 673,492,483) (S 672,483,22) (S 671,22,502) (S 640,600,99) (D 0,0,0)
 0 1 41 8943 37027  17 (D 0,0,0) (S 1173,825,464) (S 813,692,466) (S 814,466,693) (S 815,693,694) (S 1114,693,683) (S 794,682,683) (S 1113,683,641) (S 715,641,468) (S 434,468,469) (S 550,469,556) (S 263,302,303) (S 1111,303,556) (S 1112,556,641) (S 714,640,641) (S 1115,693,662) (D 0,0,0)
 0 1 42 8973 33612  16 (D 0,0,0) (S 430,464,465) (S 754,465,665) (S 1116,665,662) (S 752,661,662) (S 795,683,467) (S 796,467,684) (S 433,467,468) (S 551,469,473) (S 438,473,474) (S 1169,474,839) (S 439,474,475) (S 994,19,769) (S 993,768,19) (S 15,19,20) (D 0,0,0)
 0 1 43 8986 38785  15 (D 0,0,0) (S 14,19,18) (S 296,18,340) (S 295,339,340) (S 552,340,473) (S 435,469,304) (S 265,304,305) (S 264,304,303) (S 1109,824,308) (S 269,308,309) (S 268,307,308) (S 1110,308,303) (S 432,467,466) (S 431,466,465) (D 0,0,0)
 0 1 44 8996 29335  21 (D 0,0,0) (S 357,394,393) (S 1006,393,498) (S 470,498,398) (S 469,498,428) (S 393,428,386) (S 350,386,385) (S 983,385,391) (S 982,391,140) (S 114,140,141) (S 981,140,152) (S 122,152,153) (S 980,152,236) (S 1015,237,782) (S 202,237,238) (S 203,238,239) (S 204,239,240) (S 1012,239,780) (S 1011,239,779) (S 1017,779,426) (D 0,0,0)
 0 1 45 8998 33029  22 (D 0,0,0) (S 1138,832,432) (S 486,396,500) (S 354,389,390) (S 1050,390,530) (S 1049,390,652) (S 734,652,388) (S 352,388,387) (S 363,387,378) (S 364,378,399) (S 365,399,400) (S 374,409,400) (S 375,400,410) (S 376,410,411) (S 379,410,401) (S 366,401,400) (S 1047,399,429) (S 341,377,376) (S 351,386,387) (S 362,387,398) (S 361,398,394) (D 0,0,0)
 0 1 46 8981 32535  16 (D 0,0,0) (S 736,395,499) (S 471,499,398) (S 367,401,402) (S 378,401,414) (S 732,651,414) (S 733,414,652) (S 1048,652,399) (S 396,429,412) (S 397,412,430) (S 377,412,413) (S 395,429,377) (S 394,377,386) (S 392,428,392) (S 737,395,290) (D 0,0,0)
 0 1 47 8709 21812  19 (D 0,0,0) (S 1020,446,601) (S 294,337,338) (S 1021,337,601) (S 637,601,574) (S 582,574,497) (S 583,497,575) (S 727,575,101) (S 82,101,102) (S 81,101,100) (S 427,461,460) (S 317,361,360) (S 316,360,359) (S 580,573,359) (S 315,359,358) (S 313,322,357) (S 1135,814,494) (S 464,494,495) (D 0,0,0)
 0 1 48 8990 28346  17 (D 0,0,0) (S 725,501,24) (S 20,24,25) (S 19,24,23) (S 887,23,729) (S 18,23,22) (S 888,617,730) (S 674,617,492) (S 461,492,490) (S 451,483,484) (S 452,484,485) (S 804,485,20) (S 807,203,689) (S 962,689,606) (S 77,96,97) (S 916,97,690) (D 0,0,0)
 0 1 49 8927 41092  17 (D 0,0,0) (S 1160,679,252) (S 216,252,253) (S 215,252,231) (S 214,251,231) (S 543,552,299) (S 260,299,229) (S 261,229,254) (S 217,254,255) (S 195,229,230) (S 233,272,230) (S 234,230,273) (S 196,230,231) (S 785,679,680) (S 1189,680,842) (S 1188,842,615) (D 0,0,0)
 0 1 50 8965 32305  22 (D 0,0,0) (S 1212,755,811) (S 1072,811,810) (S 1076,810,813) (S 1193,813,543) (S 535,543,544) (S 1201,846,544) (S 1202,544,847) (S 1200,845,107) (S 87,107,108) (S 148,108,46) (S 36,46,47) (S 1205,47,848) (S 37,47,48) (S 1190,48,105) (S 84,105,104) (S 1186,104,841) (S 1211,841,753) (S 945,753,541) (S 946,541,754) (S 947,754,755) (D 0,0,0)
 0 1 51 8854 32420  21 (D 0,0,0) (S 531,158,540) (S 532,540,541) (S 533,541,542) (S 1187,542,841) (S 1210,841,843) (S 1191,843,105) (S 85,105,106) (S 1204,106,47) (S 38,48,49) (S 39,49,50) (S 1073,767,806) (S 986,73,766) (S 985,766,376) (S 984,376,385) (S 355,391,392) (S 356,392,393) (S 1005,777,393) (S 358,394,395) (S 662,319,443) (D 0,0,0)
 0 1 52 8996 34713  19 (D 0,0,0) (S 948,115,755) (S 1077,754,810) (S 1194,813,113) (S 1065,805,186) (S 153,112,186) (S 154,186,187) (S 1060,187,801) (S 1148,124,765) (S 1147,765,834) (S 1146,833,834) (S 1174,834,764) (S 1175,764,125) (S 1062,125,803) (S 102,125,124) (S 101,124,123) (S 1053,798,797) (S 93,114,115) (D 0,0,0)
 0 1 53 8988 31412  20 (D 0,0,0) (S 1069,114,185) (S 1070,185,808) (S 1071,808,809) (S 1177,809,110) (S 89,110,111) (S 1150,111,801) (S 1149,124,801) (S 155,187,123) (S 100,123,122) (S 99,122,121) (S 1144,121,799) (S 1057,799,798) (S 1064,805,797) (S 1063,797,804) (S 1143,804,799) (S 1056,799,118) (S 95,118,115) (S 330,115,174) (D 0,0,0)
 0 1 54 8993 35260  24 (D 0,0,0) (S 1195,113,805) (S 1196,805,800) (S 1059,800,187) (S 1058,800,798) (S 1054,798,122) (S 156,123,32) (S 25,32,33) (S 831,34,120) (S 830,34,11) (S 829,11,188) (S 828,699,188) (S 158,188,12) (S 10,12,13) (S 9,12,11) (S 8,11,10) (S 7,9,10) (S 28,35,36) (S 27,35,34) (S 26,34,33) (S 1145,33,121) (S 98,121,119) (S 96,119,118) (D 0,0,0)
 0 1 55 8968 35169  19 (D 0,0,0) (S 97,119,120) (S 824,120,35) (S 825,35,10) (S 826,10,189) (S 827,189,698) (S 159,189,188) (S 157,12,32) (S 975,32,765) (S 974,765,764) (S 973,763,764) (S 1176,125,110) (S 1178,809,545) (S 537,545,184) (S 151,184,185) (S 152,185,112) (S 91,112,113) (S 92,113,114) (D 0,0,0)
 0 1 56 8984 24603  10 (D 0,0,0) (S 561,214,561) (S 560,561,258) (S 325,257,366) (S 193,226,227) (S 194,227,228) (S 229,227,256) (S 218,256,257) (S 656,365,561) (D 0,0,0)
 0 1 57 8991 27595  21 (D 0,0,0) (S 553,557,215) (S 182,215,214) (S 252,294,293) (S 139,174,173) (S 138,173,158) (S 126,158,159) (S 127,159,160) (S 128,160,128) (S 129,128,161) (S 954,420,756) (S 953,756,127) (S 103,127,126) (S 882,126,724) (S 880,314,470) (S 436,470,213) (S 428,213,462) (S 429,462,463) (S 624,463,297) (S 625,297,538) (D 0,0,0)
 0 1 58 8969 31278  33 (D 0,0,0) (S 524,536,248) (S 455,486,487) (S 564,486,275) (S 235,275,274) (S 453,274,246) (S 209,246,245) (S 955,245,748) (S 939,748,315) (S 208,245,130) (S 106,130,129) (S 937,129,244) (S 206,244,243) (S 385,243,161) (S 386,161,420) (S 387,420,421) (S 884,421,725) (S 949,725,756) (S 104,127,128) (S 105,128,129) (S 938,129,748) (S 956,748,160) (S 957,160,757) (S 958,757,724) (S 881,724,314) (S 273,314,159) (S 274,159,315) (S 275,315,246) (S 210,246,213) (S 181,213,212) (S 186,212,219) (S 567,219,462) (D 0,0,0)
 0 1 59 8986 36976  16 (D 0,0,0) (S 1192,543,843) (S 1209,843,847) (S 1208,847,845) (S 1207,845,183) (S 1206,849,183) (S 149,183,108) (S 35,46,45) (S 34,44,45) (S 1180,45,109) (S 88,109,108) (S 86,107,106) (S 1203,106,847) (S 529,539,295) (S 525,537,248) (D 0,0,0)
 0 1 60 8932 35252  24 (D 0,0,0) (S 620,595,570) (S 576,564,131) (S 575,569,131) (S 107,131,130) (S 207,130,244) (S 1104,243,796) (S 1103,820,796) (S 1052,796,795) (S 130,161,162) (S 131,162,163) (S 1051,162,795) (S 1061,795,802) (S 1159,802,252) (S 1158,802,726) (S 1157,836,726) (S 885,726,421) (S 950,725,751) (S 941,750,751) (S 942,751,752) (S 883,725,126) (S 952,127,757) (S 879,470,540) (D 0,0,0)
 0 1 61 8787 31258  10 (D 0,0,0) (S 328,367,293) (S 329,293,174) (S 140,174,175) (S 141,175,176) (S 1068,175,807) (S 1067,175,348) (S 304,348,292) (S 230,269,227) (D 0,0,0)
 0 1 62 8919 39652  13 (D 0,0,0) (S 90,112,111) (S 1151,111,808) (S 1179,545,109) (S 1181,45,812) (S 1182,812,76) (S 61,76,77) (S 1075,812,182) (S 1074,182,806) (S 1066,806,74) (S 1046,766,429) (S 342,377,378) (D 0,0,0)
 0 1 63 8920 26575  13 (D 0,0,0) (S 559,258,294) (S 558,560,294) (S 253,294,295) (S 528,295,538) (S 527,538,224) (S 526,224,537) (S 720,537,548) (S 539,548,547) (S 538,546,547) (S 213,249,250) (S 590,578,366) (D 0,0,0)
 0 1 64 8955 24601  11 (D 0,0,0) (S 326,366,226) (S 629,367,269) (S 630,269,292) (S 251,292,293) (S 327,367,226) (S 192,226,225) (S 570,225,566) (S 571,566,547) (S 589,567,578) (D 0,0,0)
 0 1 65 8859 19697  14 (D 0,0,0) (S 554,306,557) (S 220,258,259) (S 219,258,257) (S 324,257,365) (S 323,365,117) (S 94,117,116) (S 977,116,300) (S 267,300,306) (S 266,306,151) (S 121,151,150) (S 518,150,533) (S 517,150,532) (D 0,0,0)
 0 1 66 8977 27812  23 (D 0,0,0) (S 655,561,609) (S 574,567,568) (S 212,249,248) (S 211,248,247) (S 719,247,537) (S 568,539,462) (S 566,219,211) (S 563,275,564) (S 577,564,570) (S 621,570,277) (S 237,277,276) (S 257,276,135) (S 618,135,38) (S 864,712,713) (S 187,220,221) (S 989,221,381) (S 820,697,381) (S 346,381,382) (S 584,382,576) (S 652,287,29) (S 653,29,608) (D 0,0,0)
 0 1 67 8991 26884  19 (D 0,0,0) (S 1170,608,577) (S 587,577,364) (S 586,364,286) (S 585,286,576) (S 791,576,287) (S 545,287,383) (S 544,553,383) (S 347,383,382) (S 821,381,681) (S 822,681,285) (S 243,284,285) (S 244,285,286) (S 245,286,287) (S 348,383,30) (S 24,30,31) (S 349,30,384) (S 23,30,29) (D 0,0,0)
 0 1 68 8979 28183  19 (D 0,0,0) (S 573,567,249) (S 572,249,547) (S 722,566,644) (S 191,225,224) (S 190,224,223) (S 717,643,223) (S 718,223,247) (S 189,223,222) (S 788,222,595) (S 787,595,133) (S 786,133,680) (S 1198,842,844) (S 1199,844,135) (S 111,135,134) (S 992,134,38) (S 619,38,595) (S 790,681,576) (D 0,0,0)
 0 1 69 8837 31173  26 (D 0,0,0) (S 1184,609,578) (S 569,225,565) (S 627,565,596) (S 626,596,538) (S 254,295,296) (S 258,296,297) (S 259,297,298) (S 623,463,217) (S 622,217,277) (S 238,277,278) (S 246,288,278) (S 247,278,289) (S 183,217,216) (S 232,216,271) (S 231,270,216) (S 184,217,218) (S 185,218,219) (S 180,212,211) (S 179,210,211) (S 565,211,486) (S 454,486,274) (S 236,275,276) (S 256,276,218) (S 255,218,296) (D 0,0,0)
 0 1 70 8988 34163  19 (D 0,0,0) (S 721,566,548) (S 530,539,158) (S 534,542,543) (S 536,544,184) (S 150,184,183) (S 147,46,182) (S 146,182,75) (S 145,181,75) (S 60,75,74) (S 59,74,73) (S 987,73,767) (S 988,767,49) (S 943,49,103) (S 83,103,104) (S 944,103,753) (S 1055,173,596) (S 628,565,367) (D 0,0,0)
