1758710
70
1818562
1815923
 0 1 1 8935 17870  14 (D 0,0,0) (S 1,0,1) (S 817,0,2) (S 2,2,3) (S 1099,3,732) (S 889,732,731) (S 926,731,28) (S 22,28,27) (S 1018,26,783) (S 21,26,27) (S 972,27,686) (S 799,686,663) (S 753,663,664) (D 0,0,0)
 0 1 2 8668 15512  22 (D 0,0,0) (S 1100,3,191) (S 161,191,190) (S 547,190,81) (S 64,81,82) (S 846,82,654) (S 845,654,509) (S 484,509,510) (S 483,509,5) (S 4,5,6) (S 761,6,671) (S 930,508,343) (S 298,343,342) (S 297,341,342) (S 760,342,261) (S 222,261,262) (S 747,656,657) (S 1096,745,670) (S 299,343,265) (S 300,265,344) (S 301,344,345) (D 0,0,0)
 0 1 3 8902 17998  25 (D 0,0,0) (S 502,522,521) (S 284,325,326) (S 308,326,351) (S 498,416,519) (S 641,602,603) (S 724,603,604) (S 723,645,604) (S 644,604,605) (S 686,605,628) (S 643,604,602) (S 642,602,517) (S 496,517,518) (S 892,518,735) (S 893,735,736) (S 894,736,449) (S 895,449,170) (S 368,170,403) (S 663,403,613) (S 902,450,739) (S 416,450,419) (S 1087,451,65) (S 1088,65,816) (S 1089,816,733) (D 0,0,0)
 0 1 4 8703 21128  15 (D 0,0,0) (S 602,584,504) (S 601,504,583) (S 600,583,68) (S 55,68,69) (S 371,405,406) (S 372,406,407) (S 373,407,408) (S 1126,828,407) (S 1127,407,71) (S 1128,71,829) (S 1162,838,829) (S 1164,632,583) (S 1165,583,737) (D 0,0,0)
 0 1 5 8609 15263  17 (D 0,0,0) (S 680,353,584) (S 681,584,622) (S 693,622,195) (S 692,195,590) (S 691,590,207) (S 177,207,208) (S 178,208,209) (S 556,558,209) (S 557,209,559) (S 609,559,588) (S 776,589,196) (S 166,196,195) (S 165,195,194) (S 163,193,192) (S 162,192,191) (D 0,0,0)
 0 1 6 8758 15810  15 (D 0,0,0) (S 425,192,355) (S 310,354,353) (S 476,504,505) (S 695,505,632) (S 1163,632,829) (S 1129,829,624) (S 684,624,625) (S 1130,624,830) (S 683,624,623) (S 774,623,505) (S 694,505,622) (S 603,584,194) (S 613,585,532) (D 0,0,0)
 0 1 7 8986 15172  24 (D 0,0,0) (S 816,0,677) (S 1153,708,719) (S 870,719,718) (S 1139,718,832) (S 1155,832,317) (S 277,317,318) (S 411,318,445) (S 519,445,534) (S 1007,612,647) (S 730,647,648) (S 1001,647,611) (S 657,610,611) (S 1000,611,774) (S 998,773,774) (S 999,774,775) (S 1008,774,612) (S 659,612,448) (S 661,534,319) (S 520,445,535) (S 968,535,761) (S 1141,761,526) (S 477,14,506) (D 0,0,0)
 0 1 8 8894 15210  23 (D 0,0,0) (S 858,708,433) (S 859,433,324) (S 689,631,324) (S 400,433,432) (S 410,443,444) (S 1136,443,494) (S 463,494,320) (S 280,320,321) (S 282,322,323) (S 281,322,321) (S 312,321,356) (S 279,320,319) (S 278,319,318) (S 1156,317,835) (S 276,317,316) (S 1142,316,761) (S 969,761,762) (S 970,762,673) (S 971,673,708) (S 1152,708,522) (S 743,522,653) (D 0,0,0)
 0 1 9 8923 13936  16 (D 0,0,0) (S 777,676,677) (S 792,677,521) (S 1030,325,495) (S 465,495,350) (S 306,350,349) (S 401,349,434) (S 1081,434,705) (S 41,52,53) (S 42,53,54) (S 855,703,436) (S 856,436,329) (S 285,327,326) (S 1028,520,64) (S 50,64,63) (D 0,0,0)
 0 1 10 8963 21343  23 (D 0,0,0) (S 497,519,518) (S 495,517,516) (S 494,516,515) (S 702,515,422) (S 388,422,423) (S 703,422,439) (S 704,439,635) (S 961,758,760) (S 960,758,759) (S 959,758,635) (S 705,635,636) (S 706,636,58) (S 47,58,59) (S 48,59,60) (S 449,59,481) (S 450,481,482) (S 835,481,700) (S 832,700,165) (S 132,164,165) (S 133,165,166) (S 1034,166,702) (D 0,0,0)
 0 1 11 8966 19706  12 (D 0,0,0) (S 290,331,332) (S 291,332,333) (S 834,333,481) (S 833,333,514) (S 493,514,515) (S 701,515,634) (S 700,634,627) (S 920,744,633) (S 921,633,582) (S 925,739,418) (D 0,0,0)
 0 1 12 8348 13639  24 (D 0,0,0) (S 501,521,520) (S 286,327,328) (S 287,328,329) (S 288,329,330) (S 595,332,516) (S 596,516,581) (S 597,581,582) (S 922,582,313) (S 272,313,310) (S 270,310,311) (S 271,310,312) (S 414,312,449) (S 415,449,450) (S 901,450,171) (S 137,171,172) (S 136,171,170) (S 896,170,67) (S 897,67,737) (S 898,737,738) (S 1166,738,816) (S 1167,816,787) (S 1168,787,63) (D 0,0,0)
 0 1 13 8820 13594  35 (D 0,0,0) (S 779,653,674) (S 780,674,672) (S 764,672,179) (S 480,507,266) (S 225,266,265) (S 223,264,263) (S 338,263,86) (S 68,86,85) (S 67,85,42) (S 32,42,41) (S 1092,817,715) (S 867,715,372) (S 335,372,40) (S 31,40,41) (S 488,41,512) (S 1093,512,715) (S 866,715,371) (S 333,371,370) (S 331,369,368) (S 522,527,368) (S 343,368,379) (S 492,379,345) (S 302,345,346) (S 478,506,177) (S 398,178,431) (S 782,431,506) (S 783,506,346) (S 303,346,347) (S 1140,347,526) (S 506,526,525) (S 505,525,524) (S 504,524,523) (S 503,523,522) (D 0,0,0)
 0 1 14 8166 18810  16 (D 0,0,0) (S 904,740,519) (S 857,518,329) (S 1035,331,580) (S 592,438,579) (S 591,579,57) (S 1038,56,791) (S 44,56,55) (S 43,54,55) (S 1043,55,794) (S 1102,794,819) (S 1101,794,51) (S 40,51,52) (S 842,607,704) (S 907,704,435) (D 0,0,0)
 0 1 15 7792 14066  30 (D 0,0,0) (S 228,63,268) (S 227,268,267) (S 226,267,266) (S 481,266,508) (S 224,265,264) (S 345,264,380) (S 871,380,86) (S 339,86,375) (S 489,375,512) (S 1094,512,85) (S 1095,85,745) (S 933,745,43) (S 33,43,42) (S 66,42,84) (S 65,83,84) (S 490,375,513) (S 340,375,370) (S 758,370,669) (S 332,370,369) (S 606,369,513) (S 491,513,379) (S 344,379,380) (S 872,380,344) (S 873,344,507) (S 479,507,177) (S 142,177,178) (S 143,178,179) (S 144,179,180) (D 0,0,0)
 0 1 16 8812 14027  33 (D 0,0,0) (S 770,674,180) (S 771,180,268) (S 772,268,675) (S 928,675,671) (S 773,675,7) (S 6,7,8) (S 740,8,555) (S 549,555,509) (S 548,555,190) (S 160,190,82) (S 744,654,262) (S 745,262,655) (S 868,716,655) (S 746,655,656) (S 1098,656,818) (S 1097,656,670) (S 759,670,261) (S 221,261,260) (S 931,260,343) (S 929,508,671) (S 762,671,267) (S 763,267,179) (S 765,672,16) (S 766,16,524) (S 767,524,673) (S 1079,762,525) (S 1080,525,14) (S 12,15,16) (S 13,16,17) (S 769,17,674) (S 778,653,677) (D 0,0,0)
 0 1 17 8861 17959  13 (D 0,0,0) (S 266,151,306) (S 262,300,301) (S 1125,301,827) (S 1124,301,557) (S 555,306,558) (S 1132,558,826) (S 1122,826,208) (S 1121,208,588) (S 611,589,590) (S 612,590,585) (S 604,585,194) (D 0,0,0)
 0 1 18 8362 18853  13 (D 0,0,0) (S 267,306,300) (S 976,300,587) (S 607,586,587) (S 608,587,559) (S 610,588,589) (S 775,196,623) (S 682,623,622) (S 679,353,459) (S 423,458,459) (S 890,621,733) (S 1090,733,734) (D 0,0,0)
 0 1 19 8986 16096  25 (D 0,0,0) (S 309,351,352) (S 1086,352,451) (S 417,451,419) (S 384,419,418) (S 383,418,417) (S 1003,740,735) (S 1004,735,776) (S 1044,776,581) (S 1045,581,626) (S 685,626,627) (S 951,634,629) (S 688,629,630) (S 687,629,627) (S 699,627,633) (S 698,633,405) (S 370,405,404) (S 598,404,582) (S 923,313,736) (S 924,736,739) (S 903,739,740) (S 1002,740,417) (S 382,417,416) (S 499,416,351) (D 0,0,0)
 0 1 20 8992 27793  26 (D 0,0,0) (S 406,437,438) (S 407,438,439) (S 836,636,700) (S 448,59,480) (S 995,480,770) (S 447,480,479) (S 997,479,772) (S 446,479,478) (S 445,478,92) (S 72,92,91) (S 71,90,91) (S 874,91,282) (S 242,282,283) (S 875,282,720) (S 241,282,281) (S 919,281,743) (S 240,281,280) (S 239,279,280) (S 877,280,198) (S 167,197,198) (S 878,280,723) (S 918,281,477) (S 1037,56,701) (S 840,702,703) (D 0,0,0)
 0 1 21 8892 17205  20 (D 0,0,0) (S 464,495,494) (S 1135,494,814) (S 1134,814,357) (S 313,357,322) (S 314,322,358) (S 546,358,554) (S 861,554,139) (S 860,709,139) (S 113,138,139) (S 862,554,573) (S 579,573,572) (S 865,572,714) (S 578,572,571) (S 419,453,454) (S 909,454,53) (S 908,53,704) (S 403,435,415) (S 380,415,327) (D 0,0,0)
 0 1 22 8988 18700  26 (D 0,0,0) (S 690,521,324) (S 283,324,325) (S 134,167,166) (S 839,702,701) (S 1036,701,790) (S 1042,790,660) (S 751,659,660) (S 1041,660,793) (S 1039,792,793) (S 1040,793,785) (S 1023,785,784) (S 1022,784,649) (S 731,649,650) (S 1025,784,786) (S 1024,784,437) (S 593,438,580) (S 594,580,332) (S 289,331,330) (S 927,330,437) (S 405,437,436) (S 404,436,435) (S 906,435,328) (S 905,328,519) (S 500,351,520) (D 0,0,0)
 0 1 23 8159 15505  18 (D 0,0,0) (S 1026,3,787) (S 1027,787,64) (S 51,64,65) (S 52,65,66) (S 53,66,67) (S 54,67,68) (S 697,69,405) (S 1033,406,70) (S 58,71,72) (S 57,71,70) (S 56,70,69) (S 696,69,632) (S 599,68,404) (S 369,404,403) (S 900,171,66) (S 899,66,738) (D 0,0,0)
 0 1 24 8994 29413  15 (D 0,0,0) (S 768,17,523) (S 739,427,137) (S 112,136,137) (S 248,290,154) (S 124,155,156) (S 664,156,363) (S 320,363,242) (S 250,242,291) (S 509,291,241) (S 508,241,528) (S 784,528,678) (S 205,241,242) (S 738,290,137) (D 0,0,0)
 0 1 25 8989 30817  19 (D 0,0,0) (S 413,448,447) (S 736,395,499) (S 735,499,388) (S 734,388,652) (S 1048,652,399) (S 1047,399,429) (S 397,412,430) (S 377,412,413) (S 396,412,429) (S 395,429,377) (S 394,377,386) (S 351,386,387) (S 352,387,388) (S 487,389,500) (S 486,500,396) (S 485,511,396) (S 359,396,395) (D 0,0,0)
 0 1 26 8997 26909  20 (D 0,0,0) (S 521,527,535) (S 737,290,395) (S 357,394,393) (S 356,393,392) (S 355,392,391) (S 983,391,385) (S 984,385,376) (S 341,376,377) (S 342,377,378) (S 363,378,387) (S 362,387,398) (S 471,398,499) (S 472,499,500) (S 473,500,89) (S 666,88,614) (S 511,529,155) (S 510,155,291) (S 249,291,154) (D 0,0,0)
 0 1 27 8926 16348  21 (D 0,0,0) (S 1031,495,788) (S 1032,788,789) (S 1082,788,814) (S 1133,357,335) (S 292,335,334) (S 812,334,471) (S 437,471,472) (S 648,472,571) (S 649,571,453) (S 650,453,52) (S 843,607,705) (S 844,705,167) (S 633,167,62) (S 49,61,62) (S 634,62,169) (S 135,168,169) (S 305,169,349) (S 307,350,326) (S 1029,325,520) (D 0,0,0)
 0 1 28 8952 18783  26 (D 0,0,0) (S 781,672,431) (S 399,431,15) (S 11,15,14) (S 507,526,527) (S 334,371,372) (S 1085,39,815) (S 669,616,39) (S 30,39,40) (S 336,40,373) (S 337,373,374) (S 750,373,658) (S 749,373,84) (S 748,84,657) (S 935,657,746) (S 934,657,43) (S 1183,43,822) (S 1105,821,822) (S 1131,823,831) (S 1106,823,822) (S 932,745,260) (S 482,508,5) (S 5,6,7) (S 741,8,63) (S 742,63,653) (D 0,0,0)
 0 1 29 8766 12661  17 (D 0,0,0) (S 819,695,696) (S 1108,695,205) (S 174,205,151) (S 175,151,206) (S 176,206,207) (S 605,206,585) (S 164,194,193) (S 321,193,354) (S 311,354,355) (S 424,355,459) (S 678,459,621) (S 677,620,621) (S 891,621,734) (S 1091,734,4) (S 3,4,3) (D 0,0,0)
 0 1 30 8858 32382  25 (D 0,0,0) (S 1137,432,443) (S 1019,446,452) (S 869,717,427) (S 353,388,389) (S 354,389,390) (S 631,530,597) (S 632,597,598) (S 668,597,615) (S 1197,615,844) (S 1189,842,680) (S 785,680,679) (S 1160,679,252) (S 1159,252,802) (S 1158,802,726) (S 1157,836,726) (S 885,726,421) (S 884,421,725) (S 941,750,751) (S 942,751,752) (S 950,751,725) (S 883,725,126) (S 881,724,314) (S 879,470,540) (D 0,0,0)
 0 1 31 8747 34168  10 (D 0,0,0) (S 304,292,348) (S 1067,348,175) (S 1068,175,807) (S 141,175,176) (S 140,175,174) (S 139,174,173) (S 570,225,566) (S 722,566,644) (D 0,0,0)
 0 1 32 8988 27693  22 (D 0,0,0) (S 253,294,295) (S 255,296,218) (S 256,218,276) (S 237,276,277) (S 238,277,278) (S 247,278,289) (S 246,288,278) (S 621,277,570) (S 620,570,595) (S 619,595,38) (S 29,37,38) (S 991,38,712) (S 864,712,713) (S 187,220,221) (S 989,221,381) (S 821,381,681) (S 244,285,286) (S 586,286,364) (S 587,364,577) (S 1170,577,608) (D 0,0,0)
 0 1 33 8946 30065  30 (D 0,0,0) (S 574,567,568) (S 538,546,547) (S 527,224,538) (S 528,538,295) (S 568,539,462) (S 184,217,218) (S 185,218,219) (S 186,219,212) (S 180,212,211) (S 179,210,211) (S 565,211,486) (S 455,486,487) (S 454,486,274) (S 453,274,246) (S 955,245,748) (S 939,748,315) (S 274,315,159) (S 273,159,314) (S 880,314,470) (S 436,470,213) (S 181,213,212) (S 566,211,219) (S 567,219,462) (S 429,462,463) (S 624,463,297) (S 625,297,538) (S 721,548,566) (S 571,566,547) (D 0,0,0)
 0 1 34 8959 27022  12 (D 0,0,0) (S 193,226,227) (S 630,269,292) (S 251,292,293) (S 328,293,367) (S 192,226,225) (S 191,225,224) (S 190,224,223) (S 211,247,248) (S 524,248,536) (S 322,364,29) (D 0,0,0)
 0 1 35 8985 31530  22 (D 0,0,0) (S 545,383,287) (S 791,287,576) (S 787,595,133) (S 199,132,234) (S 198,234,233) (S 197,232,233) (S 542,233,549) (S 540,549,550) (S 541,551,549) (S 716,642,234) (S 200,132,235) (S 109,132,133) (S 110,133,134) (S 822,681,285) (S 243,284,285) (S 823,285,536) (S 523,536,364) (S 588,577,567) (S 589,567,578) (S 1184,578,609) (D 0,0,0)
 0 1 36 8898 24565  17 (D 0,0,0) (S 655,561,609) (S 653,608,29) (S 23,29,30) (S 349,30,384) (S 24,30,31) (S 348,30,383) (S 544,553,383) (S 347,383,382) (S 346,382,381) (S 820,697,381) (S 584,382,576) (S 585,576,286) (S 245,286,287) (S 652,287,29) (S 1123,557,205) (D 0,0,0)
 0 1 37 8996 35618  27 (D 0,0,0) (S 173,204,205) (S 96,118,119) (S 831,120,34) (S 830,34,11) (S 829,11,188) (S 159,188,189) (S 827,189,698) (S 826,189,10) (S 7,9,10) (S 825,10,35) (S 28,35,36) (S 8,10,11) (S 9,11,12) (S 157,12,32) (S 973,763,764) (S 1175,764,125) (S 1062,125,803) (S 102,125,124) (S 101,124,123) (S 100,123,122) (S 1054,122,798) (S 1057,798,799) (S 1143,799,804) (S 1063,804,797) (S 1195,805,113) (D 0,0,0)
 0 1 38 8993 36603  21 (D 0,0,0) (S 97,119,120) (S 824,120,35) (S 27,35,34) (S 26,33,34) (S 828,699,188) (S 158,188,12) (S 10,12,13) (S 156,32,123) (S 155,123,187) (S 154,187,186) (S 1064,805,797) (S 1053,797,798) (S 1059,800,187) (S 1060,187,801) (S 1176,125,110) (S 89,110,111) (S 90,111,112) (S 91,112,113) (S 92,113,114) (D 0,0,0)
 0 1 39 8977 34796  22 (D 0,0,0) (S 1194,113,813) (S 1193,813,543) (S 534,543,542) (S 1187,542,841) (S 1186,841,104) (S 83,103,104) (S 84,104,105) (S 1190,105,48) (S 1205,47,848) (S 36,47,46) (S 148,46,108) (S 1200,107,845) (S 1206,849,183) (S 149,183,108) (S 87,108,107) (S 86,107,106) (S 1203,106,847) (S 1209,847,843) (S 1210,843,841) (S 1211,841,753) (D 0,0,0)
 0 1 40 8964 41536  12 (D 0,0,0) (S 988,49,767) (S 1074,806,182) (S 145,181,75) (S 146,75,182) (S 1075,182,812) (S 61,76,77) (S 1182,76,812) (S 1181,812,45) (S 1180,45,109) (S 1177,809,110) (D 0,0,0)
 0 1 41 8826 27772  18 (D 0,0,0) (S 1017,426,779) (S 1011,779,239) (S 1012,239,780) (S 204,239,240) (S 203,239,238) (S 1009,238,778) (S 202,238,237) (S 1015,237,782) (S 979,236,424) (S 876,721,722) (S 978,722,424) (S 389,424,425) (S 1016,781,778) (S 1010,778,779) (S 391,426,427) (S 418,427,452) (D 0,0,0)
 0 1 42 8819 26153  8 (D 0,0,0) (S 558,560,294) (S 559,294,258) (S 220,258,259) (S 560,258,561) (S 554,557,306) (S 121,151,150) (D 0,0,0)
 0 1 43 8980 24799  19 (D 0,0,0) (S 977,300,116) (S 94,116,117) (S 323,117,365) (S 324,365,257) (S 326,366,226) (S 327,226,367) (S 628,367,565) (S 627,565,596) (S 626,596,538) (S 259,297,298) (S 258,297,296) (S 254,296,295) (S 526,224,537) (S 525,537,248) (S 212,248,249) (S 213,249,250) (S 573,249,567) (D 0,0,0)
 0 1 44 8989 31405  24 (D 0,0,0) (S 561,214,561) (S 654,609,608) (S 788,222,595) (S 576,564,131) (S 108,131,132) (S 575,569,131) (S 107,131,130) (S 207,130,244) (S 385,243,161) (S 130,161,162) (S 131,162,163) (S 1051,162,795) (S 1052,795,796) (S 1103,820,796) (S 1104,796,243) (S 206,243,244) (S 937,244,129) (S 105,129,128) (S 128,128,160) (S 127,160,159) (S 126,159,158) (S 530,158,539) (D 0,0,0)
 0 1 45 8898 29777  18 (D 0,0,0) (S 569,225,565) (S 1055,596,173) (S 138,173,158) (S 531,158,540) (S 533,541,542) (S 1192,543,843) (S 1191,843,105) (S 85,105,106) (S 1204,106,47) (S 37,47,48) (S 38,48,49) (S 39,49,50) (S 943,49,103) (S 944,103,753) (S 945,753,541) (S 532,541,540) (D 0,0,0)
 0 1 46 8975 28002  20 (D 0,0,0) (S 789,681,222) (S 618,38,135) (S 1199,135,844) (S 1198,844,842) (S 1188,842,615) (S 667,597,88) (S 69,87,88) (S 70,88,89) (S 513,89,397) (S 512,397,529) (S 1185,529,614) (S 665,614,156) (S 125,156,157) (S 645,363,155) (S 123,155,154) (S 660,448,534) (S 662,319,443) (S 1154,832,719) (D 0,0,0)
 0 1 47 8993 33472  19 (D 0,0,0) (S 360,396,397) (S 514,89,530) (S 515,530,531) (S 1050,530,390) (S 1049,390,652) (S 733,652,414) (S 732,651,414) (S 378,414,401) (S 379,401,410) (S 376,410,411) (S 375,410,400) (S 374,409,400) (S 367,401,402) (S 366,401,400) (S 365,400,399) (S 364,399,378) (S 361,398,394) (D 0,0,0)
 0 1 48 8894 34663  15 (D 0,0,0) (S 1046,429,766) (S 986,766,73) (S 59,73,74) (S 60,74,75) (S 147,182,46) (S 88,108,109) (S 1179,109,545) (S 537,545,184) (S 150,184,183) (S 1207,183,845) (S 1208,845,847) (S 1202,847,544) (S 946,541,754) (D 0,0,0)
 0 1 49 8992 37618  15 (D 0,0,0) (S 1069,114,185) (S 1071,808,809) (S 1178,809,545) (S 34,44,45) (S 35,45,46) (S 1066,74,806) (S 1073,806,767) (S 987,767,73) (S 985,766,376) (S 350,385,386) (S 393,386,428) (S 469,428,498) (S 470,498,398) (D 0,0,0)
 0 1 50 8951 41051  15 (D 0,0,0) (S 1061,795,802) (S 215,252,231) (S 214,251,231) (S 196,231,230) (S 234,230,273) (S 233,272,230) (S 195,230,229) (S 260,229,299) (S 543,552,299) (S 261,229,254) (S 217,254,255) (S 216,252,253) (S 786,680,133) (D 0,0,0)
 0 1 51 8539 26171  22 (D 0,0,0) (S 790,576,681) (S 577,570,564) (S 563,564,275) (S 564,275,486) (S 257,276,135) (S 111,135,134) (S 992,134,38) (S 990,712,221) (S 188,221,222) (S 189,222,223) (S 717,643,223) (S 718,223,247) (S 719,247,537) (S 720,537,548) (S 539,548,547) (S 590,578,366) (S 325,366,257) (S 219,257,258) (S 182,214,215) (S 553,215,557) (D 0,0,0)
 0 1 52 8983 26109  8 (D 0,0,0) (S 656,561,365) (S 218,257,256) (S 229,256,227) (S 194,227,228) (S 230,227,269) (S 629,269,367) (D 0,0,0)
 0 1 53 8935 33604  19 (D 0,0,0) (S 93,115,114) (S 1070,185,808) (S 1151,808,111) (S 1150,111,801) (S 1149,801,124) (S 1148,124,765) (S 1147,765,834) (S 1146,833,834) (S 1174,834,764) (S 974,764,765) (S 975,765,32) (S 25,32,33) (S 1145,33,121) (S 1144,121,799) (S 1056,799,118) (S 95,118,115) (S 947,754,755) (D 0,0,0)
 0 1 54 8646 30635  21 (D 0,0,0) (S 329,293,174) (S 98,119,121) (S 99,121,122) (S 1058,798,800) (S 1196,800,805) (S 1065,805,186) (S 153,186,112) (S 152,112,185) (S 151,185,184) (S 536,184,544) (S 1201,846,544) (S 535,544,543) (S 1076,813,810) (S 1077,810,754) (S 1072,810,811) (S 1212,811,755) (S 948,755,115) (S 330,115,174) (S 252,293,294) (D 0,0,0)
 0 1 55 8843 31521  31 (D 0,0,0) (S 572,249,547) (S 529,295,539) (S 428,462,213) (S 210,213,246) (S 209,246,245) (S 208,245,130) (S 106,130,129) (S 938,129,748) (S 952,757,127) (S 104,127,128) (S 129,128,161) (S 386,161,420) (S 387,420,421) (S 954,420,756) (S 949,756,725) (S 953,756,127) (S 103,127,126) (S 882,126,724) (S 958,724,757) (S 957,757,160) (S 956,160,748) (S 275,315,246) (S 235,274,275) (S 236,275,276) (S 622,277,217) (S 232,216,271) (S 231,270,216) (S 183,216,217) (S 623,217,463) (D 0,0,0)
 0 1 56 8982 27383  21 (D 0,0,0) (S 647,472,96) (S 646,96,606) (S 963,606,741) (S 913,741,202) (S 914,202,145) (S 116,145,144) (S 293,336,144) (S 915,145,742) (S 117,145,146) (S 118,146,147) (S 119,147,148) (S 120,148,149) (S 847,706,146) (S 848,146,201) (S 170,201,200) (S 713,200,639) (S 1161,837,639) (S 712,200,638) (S 965,638,707) (D 0,0,0)
 0 1 57 8941 28224  18 (D 0,0,0) (S 849,707,201) (S 169,200,199) (S 442,199,79) (S 798,476,685) (S 797,476,143) (S 115,143,142) (S 440,142,476) (S 441,476,79) (S 62,78,79) (S 168,198,199) (S 443,199,477) (S 444,477,92) (S 996,478,771) (S 73,92,93) (S 46,58,57) (S 45,57,56) (D 0,0,0)
 0 1 58 8577 22763  18 (D 0,0,0) (S 854,703,54) (S 853,54,455) (S 421,455,456) (S 562,562,563) (S 709,562,93) (S 710,93,637) (S 940,637,749) (S 711,637,638) (S 850,707,94) (S 74,94,93) (S 708,562,456) (S 422,456,457) (S 707,456,58) (S 837,636,579) (S 838,579,701) (S 841,703,704) (D 0,0,0)
 0 1 59 8874 28394  18 (D 0,0,0) (S 381,416,327) (S 402,415,434) (S 651,607,52) (S 962,606,689) (S 452,485,484) (S 451,484,483) (S 673,483,492) (S 460,491,492) (S 461,492,490) (S 457,490,489) (S 466,489,496) (S 800,687,496) (S 801,496,493) (S 804,485,20) (S 805,20,503) (S 809,599,690) (D 0,0,0)
 0 1 60 8986 33547  18 (D 0,0,0) (S 808,599,689) (S 1117,440,665) (S 752,661,662) (S 815,693,694) (S 1114,693,683) (S 794,682,683) (S 795,683,467) (S 796,467,684) (S 433,467,468) (S 1111,303,556) (S 550,556,469) (S 551,469,473) (S 296,340,18) (S 993,768,19) (S 994,19,769) (S 15,19,20) (D 0,0,0)
 0 1 61 8998 37430  15 (D 0,0,0) (S 14,19,18) (S 295,339,340) (S 552,340,473) (S 438,473,474) (S 439,474,475) (S 1169,474,839) (S 434,469,468) (S 715,468,641) (S 714,640,641) (S 1112,556,641) (S 1113,641,683) (S 755,665,666) (S 1118,440,825) (D 0,0,0)
 0 1 62 8939 39036  15 (D 0,0,0) (S 1120,688,667) (S 1173,825,464) (S 430,464,465) (S 813,692,466) (S 432,466,467) (S 435,469,304) (S 265,304,305) (S 264,304,303) (S 263,302,303) (S 1110,303,308) (S 1109,824,308) (S 269,308,309) (S 268,307,308) (D 0,0,0)
 0 1 63 8985 29585  25 (D 0,0,0) (S 317,360,361) (S 635,362,599) (S 803,485,688) (S 1119,667,825) (S 1172,825,441) (S 1171,840,441) (S 754,665,465) (S 431,465,466) (S 814,466,693) (S 1115,693,662) (S 1116,662,665) (S 617,594,440) (S 408,440,441) (S 409,441,442) (S 757,442,668) (S 756,442,667) (S 802,688,493) (S 462,493,490) (S 458,490,484) (S 459,484,21) (S 16,21,20) (S 807,203,689) (S 811,691,471) (D 0,0,0)
 0 1 64 8967 32879  15 (D 0,0,0) (S 316,359,360) (S 318,361,98) (S 79,98,99) (S 672,22,483) (S 674,492,617) (S 888,617,730) (S 675,617,618) (S 676,618,619) (S 966,618,488) (S 967,488,710) (S 863,710,711) (S 456,488,489) (S 17,21,22) (D 0,0,0)
 0 1 65 8988 25050  14 (D 0,0,0) (S 726,101,501) (S 725,501,24) (S 20,24,25) (S 19,24,23) (S 887,23,729) (S 18,23,22) (S 671,22,502) (S 474,502,501) (S 82,101,102) (S 727,101,575) (S 729,646,647) (S 658,611,612) (D 0,0,0)
 0 1 66 8662 23255  16 (D 0,0,0) (S 420,454,455) (S 852,455,592) (S 78,97,98) (S 319,98,362) (S 636,362,600) (S 639,99,460) (S 427,460,461) (S 81,100,101) (S 583,575,497) (S 582,497,574) (S 637,574,601) (S 1021,601,337) (S 294,337,338) (S 1020,601,446) (D 0,0,0)
 0 1 67 8966 27839  16 (D 0,0,0) (S 390,426,425) (S 1013,425,781) (S 1014,781,237) (S 201,237,236) (S 980,236,152) (S 122,152,153) (S 981,152,140) (S 114,140,141) (S 982,140,391) (S 392,392,428) (S 1006,498,393) (S 1005,777,393) (S 358,394,395) (S 412,446,447) (D 0,0,0)
 0 1 68 6745 11379  13 (D 0,0,0) (S 936,747,727) (S 886,727,728) (S 1083,728,4) (S 1084,4,191) (S 516,191,532) (S 518,150,533) (S 517,150,532) (S 614,532,80) (S 63,80,81) (S 1107,81,695) (S 818,695,2) (D 0,0,0)
 0 1 69 8498 21853  17 (D 0,0,0) (S 315,358,359) (S 580,573,359) (S 581,359,574) (S 638,574,460) (S 426,460,361) (S 917,360,691) (S 810,691,690) (S 916,690,97) (S 77,97,96) (S 76,96,95) (S 75,95,94) (S 851,94,592) (S 616,592,593) (S 615,592,591) (S 910,591,454) (D 0,0,0)
 0 1 70 8986 21237  18 (D 0,0,0) (S 911,591,95) (S 912,95,741) (S 964,741,707) (S 171,201,202) (S 172,202,203) (S 806,203,503) (S 475,503,502) (S 670,502,600) (S 640,600,99) (S 80,99,100) (S 467,100,461) (S 468,461,497) (S 728,575,646) (S 793,646,447) (S 1138,432,832) (S 1078,718,762) (D 0,0,0)
