1763927
70
2401162
2221718
 0 1 1 8968 23556  20 (D 0,0,0) (S 315,358,359) (S 581,359,574) (S 583,497,575) (S 81,101,100) (S 467,100,461) (S 468,461,497) (S 582,497,574) (S 1021,601,337) (S 294,337,338) (S 1020,601,446) (S 1019,446,452) (S 418,452,427) (S 869,717,427) (S 661,534,319) (S 278,319,318) (S 276,317,316) (S 1142,316,761) (S 1141,761,526) (D 0,0,0)
 0 1 2 8954 13239  20 (D 0,0,0) (S 743,653,522) (S 502,522,521) (S 689,631,324) (S 859,324,433) (S 400,433,432) (S 1137,432,443) (S 410,443,444) (S 662,443,319) (S 279,319,320) (S 463,320,494) (S 1135,494,814) (S 1082,814,788) (S 1032,788,789) (S 1031,788,495) (S 1030,495,325) (S 1029,325,520) (S 777,676,677) (S 816,677,0) (D 0,0,0)
 0 1 3 8978 27787  16 (D 0,0,0) (S 1010,779,778) (S 1009,238,778) (S 1016,778,781) (S 1014,781,237) (S 980,236,152) (S 122,152,153) (S 981,152,140) (S 114,140,141) (S 982,140,391) (S 355,391,392) (S 392,392,428) (S 470,498,398) (S 471,398,499) (S 737,395,290) (D 0,0,0)
 0 1 4 8028 13985  30 (D 0,0,0) (S 741,63,8) (S 6,8,7) (S 773,675,7) (S 5,7,6) (S 761,6,671) (S 928,671,675) (S 772,675,268) (S 771,268,180) (S 770,180,674) (S 765,672,16) (S 12,16,15) (S 11,14,15) (S 399,15,431) (S 398,431,178) (S 142,178,177) (S 480,507,266) (S 224,265,264) (S 345,264,380) (S 871,380,86) (S 339,86,375) (S 340,375,370) (S 758,370,669) (S 332,370,369) (S 331,369,368) (S 343,368,379) (S 344,379,380) (S 872,380,344) (S 780,672,674) (D 0,0,0)
 0 1 5 8998 32665  23 (D 0,0,0) (S 1057,799,798) (S 99,122,121) (S 1145,121,33) (S 25,33,32) (S 975,32,765) (S 1147,765,834) (S 1146,833,834) (S 1174,834,764) (S 974,764,765) (S 1148,765,124) (S 101,124,123) (S 100,123,122) (S 1054,122,798) (S 1058,798,800) (S 1059,800,187) (S 154,187,186) (S 1065,186,805) (S 1063,797,804) (S 1143,804,799) (S 1056,799,118) (S 95,118,115) (D 0,0,0)
 0 1 6 8940 40577  17 (D 0,0,0) (S 110,134,133) (S 216,252,253) (S 234,230,273) (S 233,272,230) (S 260,229,299) (S 543,552,299) (S 217,254,255) (S 261,254,229) (S 195,229,230) (S 196,230,231) (S 214,251,231) (S 215,231,252) (S 1160,252,679) (S 785,679,680) (S 789,222,681) (D 0,0,0)
 0 1 7 7018 16544  11 (D 0,0,0) (S 1099,3,732) (S 889,732,731) (S 926,731,28) (S 22,28,27) (S 21,27,26) (S 1018,26,783) (S 799,686,663) (S 753,663,664) (S 972,686,27) (D 0,0,0)
 0 1 8 8974 16295  21 (D 0,0,0) (S 309,351,352) (S 1086,352,451) (S 384,419,418) (S 596,581,516) (S 495,516,517) (S 496,517,518) (S 892,518,735) (S 893,735,736) (S 894,736,449) (S 895,449,170) (S 896,170,67) (S 897,67,737) (S 54,67,68) (S 599,68,404) (S 369,404,403) (S 663,403,613) (S 368,403,170) (S 136,170,171) (S 1026,787,3) (D 0,0,0)
 0 1 9 8780 16710  13 (D 0,0,0) (S 267,306,300) (S 976,300,587) (S 607,586,587) (S 608,587,559) (S 610,588,589) (S 776,589,196) (S 166,196,195) (S 165,195,194) (S 164,194,193) (S 162,192,191) (S 1100,191,3) (D 0,0,0)
 0 1 10 8998 20759  16 (D 0,0,0) (S 290,331,332) (S 291,332,333) (S 834,333,481) (S 449,481,59) (S 48,59,60) (S 448,480,59) (S 47,59,58) (S 959,635,758) (S 961,758,760) (S 960,758,759) (S 704,635,439) (S 407,439,438) (S 286,328,327) (S 381,327,416) (D 0,0,0)
 0 1 11 8846 16138  18 (D 0,0,0) (S 857,518,329) (S 288,329,330) (S 289,330,331) (S 1035,331,580) (S 592,438,579) (S 591,579,57) (S 46,57,58) (S 707,58,456) (S 422,456,457) (S 421,456,455) (S 420,455,454) (S 419,454,453) (S 650,453,52) (S 842,607,704) (S 403,435,415) (S 380,415,327) (D 0,0,0)
 0 1 12 8664 22693  14 (D 0,0,0) (S 728,646,575) (S 727,575,101) (S 726,101,501) (S 725,501,24) (S 20,24,25) (S 19,24,23) (S 887,23,729) (S 18,23,22) (S 17,22,21) (S 16,21,20) (S 805,20,503) (S 809,599,690) (D 0,0,0)
 0 1 13 8993 18791  18 (D 0,0,0) (S 898,738,737) (S 600,583,68) (S 55,68,69) (S 1163,632,829) (S 1128,71,829) (S 1162,838,829) (S 1129,829,624) (S 1130,624,830) (S 684,624,625) (S 683,624,623) (S 682,623,622) (S 681,622,584) (S 680,584,353) (S 678,459,621) (S 891,621,734) (S 3,4,3) (D 0,0,0)
 0 1 14 8888 19223  14 (D 0,0,0) (S 306,350,349) (S 401,349,434) (S 1081,434,705) (S 134,167,166) (S 133,166,165) (S 132,164,165) (S 832,165,700) (S 835,700,481) (S 450,481,482) (S 833,333,514) (S 493,514,515) (S 904,519,740) (D 0,0,0)
 0 1 15 8983 28954  23 (D 0,0,0) (S 572,249,547) (S 538,546,547) (S 539,547,548) (S 720,548,537) (S 526,537,224) (S 190,224,223) (S 189,223,222) (S 619,595,38) (S 29,37,38) (S 1199,844,135) (S 618,135,38) (S 991,38,712) (S 864,712,713) (S 990,712,221) (S 187,220,221) (S 989,221,381) (S 346,381,382) (S 584,382,576) (S 585,576,286) (S 586,286,364) (S 588,577,567) (D 0,0,0)
 0 1 16 8645 10593  11 (D 0,0,0) (S 1084,4,191) (S 613,532,585) (S 605,585,206) (S 175,206,151) (S 174,151,205) (S 173,204,205) (S 1108,205,695) (S 818,695,2) (S 817,2,0) (D 0,0,0)
 0 1 17 8958 23840  23 (D 0,0,0) (S 908,704,53) (S 909,53,454) (S 910,454,591) (S 911,591,95) (S 912,95,741) (S 914,202,145) (S 915,145,742) (S 116,145,144) (S 293,336,144) (S 117,145,146) (S 118,146,147) (S 119,147,148) (S 120,148,149) (S 847,706,146) (S 848,146,201) (S 849,201,707) (S 75,94,95) (S 76,95,96) (S 648,472,571) (S 649,571,453) (S 402,434,415) (D 0,0,0)
 0 1 18 8919 16063  14 (D 0,0,0) (S 516,191,532) (S 517,532,150) (S 518,150,533) (S 121,150,151) (S 266,151,306) (S 1132,558,826) (S 1122,826,208) (S 1121,208,588) (S 609,588,559) (S 557,559,209) (S 691,207,590) (S 612,590,585) (D 0,0,0)
 0 1 19 8872 20450  22 (D 0,0,0) (S 1152,522,708) (S 280,320,321) (S 312,321,356) (S 281,321,322) (S 314,322,358) (S 546,358,554) (S 113,138,139) (S 860,709,139) (S 861,139,554) (S 862,554,573) (S 579,573,572) (S 865,572,714) (S 578,571,572) (S 580,573,359) (S 282,322,323) (S 313,322,357) (S 1134,357,814) (S 1136,494,443) (S 1138,432,832) (S 870,718,719) (D 0,0,0)
 0 1 20 7476 14248  27 (D 0,0,0) (S 742,653,63) (S 762,267,671) (S 929,671,508) (S 930,508,343) (S 931,343,260) (S 932,260,745) (S 933,745,43) (S 1183,43,822) (S 1105,821,822) (S 1106,822,823) (S 1131,823,831) (S 221,260,261) (S 759,261,670) (S 1096,670,745) (S 1095,745,85) (S 1094,85,512) (S 31,41,40) (S 334,372,371) (S 522,368,527) (S 1140,526,347) (S 303,347,346) (S 783,346,506) (S 782,506,431) (S 781,431,672) (S 778,653,677) (D 0,0,0)
 0 1 21 8719 16615  25 (D 0,0,0) (S 768,17,523) (S 504,523,524) (S 505,524,525) (S 1079,525,762) (S 969,762,761) (S 968,761,535) (S 519,445,534) (S 659,448,612) (S 658,612,611) (S 1001,611,647) (S 730,647,648) (S 1007,647,612) (S 1008,612,774) (S 999,774,775) (S 998,773,774) (S 1000,774,611) (S 657,610,611) (S 729,647,646) (S 793,646,447) (S 412,446,447) (S 413,447,448) (S 1154,832,719) (S 1153,719,708) (D 0,0,0)
 0 1 22 8838 18633  20 (D 0,0,0) (S 382,416,417) (S 1002,417,740) (S 1003,740,735) (S 1004,735,776) (S 1044,776,581) (S 597,581,582) (S 598,582,404) (S 370,404,405) (S 371,405,406) (S 57,70,71) (S 58,71,72) (S 1127,71,407) (S 1126,828,407) (S 373,407,408) (S 372,407,406) (S 1033,406,70) (S 56,70,69) (S 694,505,622) (D 0,0,0)
 0 1 23 8992 33974  16 (D 0,0,0) (S 803,485,688) (S 756,667,442) (S 757,442,668) (S 409,442,441) (S 617,594,440) (S 1117,440,665) (S 1114,693,683) (S 1112,641,556) (S 550,556,469) (S 1169,474,839) (S 439,474,475) (S 438,474,473) (S 994,19,769) (S 15,19,20) (D 0,0,0)
 0 1 24 8942 39024  15 (D 0,0,0) (S 1173,825,464) (S 432,466,467) (S 796,467,684) (S 433,467,468) (S 435,469,304) (S 265,304,305) (S 264,304,303) (S 1110,303,308) (S 1109,824,308) (S 268,307,308) (S 269,308,309) (S 263,302,303) (S 1111,303,556) (D 0,0,0)
 0 1 25 8831 17217  28 (D 0,0,0) (S 500,520,351) (S 905,519,328) (S 906,328,435) (S 907,435,704) (S 841,704,703) (S 840,703,702) (S 1034,166,702) (S 839,702,701) (S 1036,701,790) (S 1042,790,660) (S 751,659,660) (S 1041,660,793) (S 1039,792,793) (S 1040,793,785) (S 1023,785,784) (S 731,649,650) (S 1022,649,784) (S 1025,784,786) (S 1024,784,437) (S 927,437,330) (S 858,433,708) (S 971,708,673) (S 767,673,524) (S 766,524,16) (S 13,16,17) (S 769,17,674) (D 0,0,0)
 0 1 26 8628 22831  16 (D 0,0,0) (S 637,601,574) (S 638,574,460) (S 639,460,99) (S 640,99,600) (S 636,600,362) (S 635,362,599) (S 808,599,689) (S 962,689,606) (S 172,203,202) (S 913,202,741) (S 963,741,606) (S 646,606,96) (S 916,97,690) (S 811,691,471) (D 0,0,0)
 0 1 27 8997 42145  12 (D 0,0,0) (S 534,542,543) (S 150,184,183) (S 149,183,108) (S 88,108,109) (S 1182,812,76) (S 61,76,77) (S 1181,812,45) (S 34,44,45) (S 1180,45,109) (S 1179,109,545) (D 0,0,0)
 0 1 28 8630 14613  24 (D 0,0,0) (S 2,2,3) (S 936,747,727) (S 886,727,728) (S 1083,728,4) (S 1091,4,734) (S 1090,734,733) (S 890,733,621) (S 677,620,621) (S 1089,733,816) (S 1167,816,787) (S 1168,787,63) (S 228,63,268) (S 227,268,267) (S 481,266,508) (S 482,508,5) (S 4,5,6) (S 483,5,509) (S 484,509,510) (S 548,555,190) (S 547,190,81) (S 64,81,82) (S 1107,81,695) (D 0,0,0)
 0 1 29 8868 27383  15 (D 0,0,0) (S 45,56,57) (S 995,480,770) (S 997,479,772) (S 996,478,771) (S 73,92,93) (S 710,93,637) (S 940,637,749) (S 965,638,707) (S 850,707,94) (S 851,94,592) (S 616,592,593) (S 852,592,455) (S 853,455,54) (D 0,0,0)
 0 1 30 8948 15919  17 (D 0,0,0) (S 50,63,64) (S 1088,65,816) (S 1166,816,738) (S 899,738,66) (S 53,66,67) (S 1165,737,583) (S 476,504,505) (S 695,505,632) (S 774,505,623) (S 775,623,196) (S 611,589,590) (S 692,590,195) (S 693,195,622) (S 679,353,459) (S 423,458,459) (D 0,0,0)
 0 1 31 8918 32137  20 (D 0,0,0) (S 351,387,386) (S 350,386,385) (S 984,385,376) (S 985,376,766) (S 986,766,73) (S 987,73,767) (S 1074,806,182) (S 146,182,75) (S 1066,74,806) (S 1073,806,767) (S 988,767,49) (S 39,49,50) (S 943,49,103) (S 944,103,753) (S 945,753,541) (S 531,540,158) (S 529,539,295) (S 721,548,566) (D 0,0,0)
 0 1 32 8575 18583  16 (D 0,0,0) (S 464,495,494) (S 1133,357,335) (S 292,335,334) (S 812,334,471) (S 437,471,472) (S 647,472,96) (S 77,96,97) (S 78,97,98) (S 79,98,99) (S 80,99,100) (S 427,461,460) (S 426,460,361) (S 317,361,360) (S 316,360,359) (D 0,0,0)
 0 1 33 8940 20659  29 (D 0,0,0) (S 498,416,519) (S 497,519,518) (S 642,517,602) (S 641,602,603) (S 724,603,604) (S 723,645,604) (S 686,605,628) (S 644,605,604) (S 643,604,602) (S 702,515,422) (S 388,422,423) (S 703,422,439) (S 705,635,636) (S 837,636,579) (S 838,579,701) (S 1037,701,56) (S 1038,56,791) (S 44,56,55) (S 42,54,53) (S 41,53,52) (S 651,52,607) (S 843,607,705) (S 844,705,167) (S 49,61,62) (S 135,168,169) (S 305,169,349) (S 465,350,495) (D 0,0,0)
 0 1 34 8972 30621  10 (D 0,0,0) (S 219,258,257) (S 326,366,226) (S 304,292,348) (S 1067,348,175) (S 1068,175,807) (S 141,175,176) (S 140,175,174) (S 329,174,293) (D 0,0,0)
 0 1 35 8842 28448  24 (D 0,0,0) (S 74,94,93) (S 72,92,91) (S 71,90,91) (S 874,91,282) (S 242,282,283) (S 875,282,720) (S 241,282,281) (S 919,281,743) (S 918,477,281) (S 240,281,280) (S 878,280,723) (S 239,279,280) (S 877,280,198) (S 167,197,198) (S 168,198,199) (S 62,78,79) (S 712,200,638) (S 711,638,637) (S 709,93,562) (S 562,562,563) (S 708,562,456) (S 706,58,636) (D 0,0,0)
 0 1 36 8985 16633  21 (D 0,0,0) (S 63,81,80) (S 614,80,532) (S 424,459,355) (S 311,355,354) (S 321,354,193) (S 163,193,192) (S 425,192,355) (S 310,354,353) (S 602,584,504) (S 601,504,583) (S 1164,583,632) (S 696,632,69) (S 697,69,405) (S 698,405,633) (S 921,633,582) (S 922,582,313) (S 924,736,739) (S 903,739,740) (S 499,416,351) (D 0,0,0)
 0 1 37 8927 30561  21 (D 0,0,0) (S 670,600,502) (S 671,502,22) (S 462,490,493) (S 802,493,688) (S 1120,688,667) (S 1172,825,441) (S 1171,840,441) (S 408,441,440) (S 754,665,465) (S 431,465,466) (S 814,466,693) (S 815,693,694) (S 1115,693,662) (S 752,661,662) (S 1116,662,665) (S 755,665,666) (S 1118,440,825) (S 1119,825,667) (S 807,203,689) (D 0,0,0)
 0 1 38 8862 32678  24 (D 0,0,0) (S 523,364,536) (S 823,536,285) (S 822,285,681) (S 788,222,595) (S 109,133,132) (S 199,132,234) (S 716,642,234) (S 198,234,233) (S 197,232,233) (S 542,233,549) (S 540,549,550) (S 541,551,549) (S 200,132,235) (S 576,131,564) (S 621,570,277) (S 232,216,271) (S 231,270,216) (S 183,216,217) (S 184,217,218) (S 255,218,296) (S 254,296,295) (S 528,295,538) (D 0,0,0)
 0 1 39 8994 33841  18 (D 0,0,0) (S 993,768,19) (S 14,19,18) (S 296,18,340) (S 295,339,340) (S 552,340,473) (S 551,473,469) (S 434,469,468) (S 715,468,641) (S 714,640,641) (S 1113,641,683) (S 794,682,683) (S 795,683,467) (S 813,692,466) (S 430,465,464) (S 804,485,20) (S 917,691,360) (D 0,0,0)
 0 1 40 8998 26167  21 (D 0,0,0) (S 615,591,592) (S 964,707,741) (S 171,202,201) (S 170,201,200) (S 1161,837,639) (S 713,639,200) (S 169,200,199) (S 442,199,79) (S 441,79,476) (S 440,476,142) (S 115,142,143) (S 797,143,476) (S 798,476,685) (S 443,199,477) (S 444,477,92) (S 445,92,478) (S 446,478,479) (S 447,479,480) (S 836,700,636) (D 0,0,0)
 0 1 41 8993 25253  13 (D 0,0,0) (S 182,215,214) (S 589,578,567) (S 570,566,225) (S 192,225,226) (S 193,226,227) (S 630,269,292) (S 251,292,293) (S 328,293,367) (S 327,367,226) (S 324,257,365) (S 656,365,561) (D 0,0,0)
 0 1 42 8287 16629  18 (D 0,0,0) (S 501,521,520) (S 308,351,326) (S 285,326,327) (S 404,435,436) (S 855,436,703) (S 854,703,54) (S 43,54,55) (S 1043,55,794) (S 1102,794,819) (S 1101,794,51) (S 40,51,52) (S 633,167,62) (S 634,62,169) (S 307,350,326) (S 283,325,324) (S 690,324,521) (D 0,0,0)
 0 1 43 8990 25907  8 (D 0,0,0) (S 553,557,215) (S 629,367,269) (S 230,269,227) (S 194,227,228) (S 229,227,256) (S 218,256,257) (D 0,0,0)
 0 1 44 8999 22328  11 (D 0,0,0) (S 561,214,561) (S 220,258,259) (S 323,365,117) (S 94,117,116) (S 977,116,300) (S 262,300,301) (S 1125,301,827) (S 1124,301,557) (S 1123,557,205) (D 0,0,0)
 0 1 45 8847 31563  15 (D 0,0,0) (S 82,101,102) (S 474,501,502) (S 475,502,503) (S 452,485,484) (S 451,484,483) (S 460,491,492) (S 461,492,490) (S 863,710,711) (S 967,710,488) (S 456,488,489) (S 457,489,490) (S 458,490,484) (S 459,484,21) (D 0,0,0)
 0 1 46 8827 26890  21 (D 0,0,0) (S 560,561,258) (S 325,257,366) (S 590,366,578) (S 654,609,608) (S 653,608,29) (S 24,30,31) (S 349,30,384) (S 322,29,364) (S 524,536,248) (S 211,248,247) (S 718,247,223) (S 717,643,223) (S 719,247,537) (S 212,248,249) (S 213,249,250) (S 573,249,567) (S 574,567,568) (S 1184,578,609) (S 655,609,561) (D 0,0,0)
 0 1 47 8966 27431  11 (D 0,0,0) (S 571,547,566) (S 191,225,224) (S 527,224,538) (S 625,538,297) (S 259,297,298) (S 258,297,296) (S 253,295,294) (S 558,560,294) (S 559,294,258) (D 0,0,0)
 0 1 48 8953 32684  32 (D 0,0,0) (S 569,225,565) (S 624,297,463) (S 429,462,463) (S 623,463,217) (S 622,217,277) (S 247,278,289) (S 246,288,278) (S 238,278,277) (S 237,277,276) (S 236,276,275) (S 455,486,487) (S 454,486,274) (S 453,274,246) (S 275,246,315) (S 939,315,748) (S 938,748,129) (S 937,129,244) (S 955,245,748) (S 956,748,160) (S 957,160,757) (S 952,757,127) (S 103,127,126) (S 883,126,725) (S 942,751,752) (S 941,750,751) (S 950,751,725) (S 882,126,724) (S 958,724,757) (S 274,315,159) (S 126,159,158) (D 0,0,0)
 0 1 49 8884 30604  14 (D 0,0,0) (S 112,136,137) (S 250,291,242) (S 205,242,241) (S 508,241,528) (S 784,528,678) (S 509,241,291) (S 249,291,154) (S 123,154,155) (S 124,155,156) (S 125,156,157) (S 645,363,155) (S 739,137,427) (D 0,0,0)
 0 1 50 8973 31429  25 (D 0,0,0) (S 628,367,565) (S 626,596,538) (S 568,539,462) (S 567,462,219) (S 566,219,211) (S 180,211,212) (S 181,212,213) (S 210,213,246) (S 209,246,245) (S 208,245,130) (S 207,130,244) (S 206,244,243) (S 1103,820,796) (S 1052,796,795) (S 1051,795,162) (S 131,162,163) (S 130,162,161) (S 129,161,128) (S 105,128,129) (S 106,129,130) (S 107,130,131) (S 575,569,131) (S 108,131,132) (D 0,0,0)
 0 1 51 8965 32551  24 (D 0,0,0) (S 879,540,470) (S 880,470,314) (S 881,314,724) (S 954,756,420) (S 386,420,161) (S 385,161,243) (S 1104,243,796) (S 1061,795,802) (S 1159,802,252) (S 1158,802,726) (S 1157,836,726) (S 885,726,421) (S 387,420,421) (S 884,421,725) (S 949,725,756) (S 953,756,127) (S 104,127,128) (S 128,128,160) (S 127,160,159) (S 273,159,314) (S 436,470,213) (S 428,213,462) (D 0,0,0)
 0 1 52 8766 35559  20 (D 0,0,0) (S 1144,799,121) (S 98,121,119) (S 830,34,11) (S 828,699,188) (S 159,188,189) (S 827,189,698) (S 826,189,10) (S 9,11,12) (S 10,12,13) (S 157,12,32) (S 156,32,123) (S 155,123,187) (S 1196,800,805) (S 1194,113,813) (S 1076,813,810) (S 1072,810,811) (S 1212,811,755) (S 948,755,115) (D 0,0,0)
 0 1 53 8965 19144  22 (D 0,0,0) (S 284,325,326) (S 287,328,329) (S 856,329,436) (S 405,436,437) (S 406,437,438) (S 593,438,580) (S 594,580,332) (S 595,332,516) (S 494,516,515) (S 701,515,634) (S 920,744,633) (S 699,633,627) (S 700,627,634) (S 951,634,629) (S 688,629,630) (S 687,629,627) (S 685,627,626) (S 1045,626,581) (S 925,739,418) (S 383,418,417) (D 0,0,0)
 0 1 54 8960 32005  19 (D 0,0,0) (S 1170,608,577) (S 587,577,364) (S 525,248,537) (S 530,539,158) (S 946,541,754) (S 1201,846,544) (S 1202,544,847) (S 1203,847,106) (S 85,106,105) (S 1191,105,843) (S 1210,843,841) (S 1211,841,753) (S 532,541,540) (S 138,158,173) (S 1055,173,596) (S 627,596,565) (S 722,566,644) (D 0,0,0)
 0 1 55 8821 31958  17 (D 0,0,0) (S 330,174,115) (S 92,114,113) (S 1064,805,797) (S 1053,797,798) (S 1060,187,801) (S 102,124,125) (S 1176,125,110) (S 1177,110,809) (S 1178,809,545) (S 537,545,184) (S 536,184,544) (S 535,544,543) (S 1193,543,813) (S 1077,810,754) (S 947,754,755) (D 0,0,0)
 0 1 56 8920 36354  15 (D 0,0,0) (S 1187,542,841) (S 1186,841,104) (S 84,104,105) (S 1204,106,47) (S 147,46,182) (S 1075,182,812) (S 35,45,46) (S 36,46,47) (S 1205,47,848) (S 37,47,48) (S 38,48,49) (S 1190,48,105) (S 83,104,103) (D 0,0,0)
 0 1 57 8793 35178  18 (D 0,0,0) (S 361,394,398) (S 363,387,378) (S 364,378,399) (S 374,409,400) (S 379,401,410) (S 376,410,411) (S 375,410,400) (S 1047,399,429) (S 396,429,412) (S 377,412,413) (S 397,412,430) (S 342,378,377) (S 341,377,376) (S 983,385,391) (S 356,392,393) (S 358,394,395) (D 0,0,0)
 0 1 58 8983 35260  24 (D 0,0,0) (S 357,394,393) (S 1005,777,393) (S 1006,393,498) (S 469,498,428) (S 393,428,386) (S 394,386,377) (S 395,377,429) (S 1046,429,766) (S 59,73,74) (S 60,74,75) (S 145,181,75) (S 148,46,108) (S 87,108,107) (S 86,106,107) (S 1200,107,845) (S 1207,845,183) (S 1206,849,183) (S 1208,845,847) (S 1209,847,843) (S 1192,843,543) (S 533,542,541) (S 139,173,174) (D 0,0,0)
 0 1 59 8594 28323  24 (D 0,0,0) (S 819,695,696) (S 791,287,576) (S 790,576,681) (S 620,595,570) (S 577,570,564) (S 563,564,275) (S 235,274,275) (S 564,275,486) (S 565,486,211) (S 179,210,211) (S 186,212,219) (S 185,219,218) (S 256,218,276) (S 257,276,135) (S 111,135,134) (S 992,134,38) (S 188,221,222) (S 243,284,285) (S 244,285,286) (S 245,286,287) (S 545,383,287) (S 652,287,29) (D 0,0,0)
 0 1 60 8995 30925  22 (D 0,0,0) (S 736,395,499) (S 362,398,387) (S 352,387,388) (S 1048,652,399) (S 365,399,400) (S 366,400,401) (S 367,401,402) (S 378,401,414) (S 732,651,414) (S 733,414,652) (S 353,388,389) (S 354,389,390) (S 1049,390,652) (S 734,652,388) (S 735,388,499) (S 472,499,500) (S 486,500,396) (S 485,511,396) (S 359,396,395) (S 738,290,137) (D 0,0,0)
 0 1 61 8886 34750  22 (D 0,0,0) (S 96,118,119) (S 97,119,120) (S 27,35,34) (S 26,33,34) (S 831,34,120) (S 824,120,35) (S 28,35,36) (S 825,35,10) (S 7,9,10) (S 8,10,11) (S 829,11,188) (S 158,188,12) (S 973,763,764) (S 1175,764,125) (S 1062,125,803) (S 1149,124,801) (S 1150,801,111) (S 1151,111,808) (S 1070,808,185) (S 1069,185,114) (D 0,0,0)
 0 1 62 8689 14712  24 (D 0,0,0) (S 161,191,190) (S 160,190,82) (S 846,82,654) (S 745,262,655) (S 868,716,655) (S 746,655,656) (S 1098,656,818) (S 1097,670,656) (S 747,656,657) (S 65,83,84) (S 748,84,657) (S 935,657,746) (S 934,657,43) (S 33,43,42) (S 67,42,85) (S 68,85,86) (S 338,86,263) (S 223,263,264) (S 225,265,266) (S 226,266,267) (S 763,267,179) (S 764,179,672) (D 0,0,0)
 0 1 63 8992 14383  29 (D 0,0,0) (S 503,522,523) (S 970,673,762) (S 1078,762,718) (S 1139,718,832) (S 1155,832,317) (S 1156,317,835) (S 277,317,318) (S 411,318,445) (S 520,445,535) (S 521,535,527) (S 507,527,526) (S 506,526,525) (S 1080,525,14) (S 477,14,506) (S 478,506,177) (S 479,177,507) (S 873,507,344) (S 300,344,265) (S 299,265,343) (S 298,343,342) (S 297,341,342) (S 760,342,261) (S 222,261,262) (S 744,262,654) (S 845,654,509) (S 549,509,555) (S 740,555,8) (D 0,0,0)
 0 1 64 8929 28575  18 (D 0,0,0) (S 320,242,363) (S 664,363,156) (S 665,156,614) (S 666,614,88) (S 70,88,89) (S 473,89,500) (S 487,500,389) (S 1050,390,530) (S 515,530,531) (S 632,597,598) (S 631,597,530) (S 514,530,89) (S 513,89,397) (S 511,529,155) (S 510,155,291) (S 248,154,290) (D 0,0,0)
 0 1 65 8866 31825  16 (D 0,0,0) (S 318,361,98) (S 319,98,362) (S 672,22,483) (S 673,483,492) (S 674,492,617) (S 888,617,730) (S 675,617,618) (S 676,618,619) (S 966,618,488) (S 466,489,496) (S 800,687,496) (S 801,496,493) (S 806,503,203) (S 810,690,691) (D 0,0,0)
 0 1 66 8932 27375  18 (D 0,0,0) (S 660,534,448) (S 1017,426,779) (S 1011,779,239) (S 1012,239,780) (S 204,239,240) (S 203,239,238) (S 202,238,237) (S 1015,237,782) (S 201,237,236) (S 979,236,424) (S 876,721,722) (S 978,722,424) (S 389,424,425) (S 1013,425,781) (S 390,425,426) (S 391,426,427) (D 0,0,0)
 0 1 67 8949 29440  20 (D 0,0,0) (S 360,396,397) (S 512,397,529) (S 1185,529,614) (S 69,87,88) (S 667,88,597) (S 668,597,615) (S 1198,842,844) (S 1197,844,615) (S 1188,615,842) (S 1189,842,680) (S 786,680,133) (S 787,133,595) (S 821,681,381) (S 820,697,381) (S 347,382,383) (S 544,553,383) (S 348,383,30) (S 23,30,29) (D 0,0,0)
 0 1 68 8913 33249  20 (D 0,0,0) (S 603,584,194) (S 604,194,585) (S 176,206,207) (S 177,207,208) (S 178,208,209) (S 556,209,558) (S 555,558,306) (S 554,306,557) (S 252,294,293) (S 91,113,112) (S 90,112,111) (S 89,111,110) (S 1071,809,808) (S 151,184,185) (S 152,185,112) (S 153,112,186) (S 1195,805,113) (S 93,114,115) (D 0,0,0)
 0 1 69 8291 13560  21 (D 0,0,0) (S 1,0,1) (S 792,677,521) (S 1028,520,64) (S 51,64,65) (S 52,65,66) (S 900,66,171) (S 137,171,172) (S 901,171,450) (S 415,450,449) (S 414,449,312) (S 271,312,310) (S 270,310,311) (S 272,310,313) (S 923,313,736) (S 902,739,450) (S 416,450,419) (S 417,419,451) (S 1087,451,65) (S 1027,64,787) (D 0,0,0)
 0 1 70 8563 16291  28 (D 0,0,0) (S 302,346,345) (S 492,345,379) (S 491,379,513) (S 490,513,375) (S 489,375,512) (S 1093,512,715) (S 1092,817,715) (S 488,512,41) (S 32,41,42) (S 66,42,84) (S 749,84,373) (S 337,373,374) (S 750,373,658) (S 336,373,40) (S 30,40,39) (S 669,616,39) (S 1085,39,815) (S 335,40,372) (S 867,372,715) (S 866,715,371) (S 333,371,370) (S 606,369,513) (S 301,345,344) (S 143,178,179) (S 144,179,180) (S 779,674,653) (D 0,0,0)
