1720068
70
21601079
21565394
 0 1 1 8897 12624  26 (D 0,0,0) (S 1,0,1) (S 792,677,521) (S 690,521,324) (S 859,324,433) (S 400,433,432) (S 1139,832,718) (S 1079,762,525) (S 1080,525,14) (S 477,14,506) (S 783,506,346) (S 303,346,347) (S 1140,347,526) (S 507,526,527) (S 522,527,368) (S 521,527,535) (S 968,535,761) (S 969,761,762) (S 1078,762,718) (S 870,718,719) (S 1153,719,708) (S 971,708,673) (S 767,673,524) (S 766,524,16) (S 765,16,672) (D 0,0,0)
 0 1 2 8436 14511  35 (D 0,0,0) (S 13,17,16) (S 12,16,15) (S 399,15,431) (S 782,431,506) (S 302,346,345) (S 491,379,513) (S 490,513,375) (S 489,375,512) (S 1093,512,715) (S 1092,817,715) (S 334,371,372) (S 30,40,39) (S 1085,39,815) (S 669,616,39) (S 335,40,372) (S 867,372,715) (S 866,715,371) (S 333,371,370) (S 332,370,369) (S 606,369,513) (S 492,379,345) (S 301,345,344) (S 872,344,380) (S 345,380,264) (S 224,264,265) (S 300,265,344) (S 873,344,507) (S 479,507,177) (S 478,506,177) (S 143,178,179) (S 764,179,672) (S 780,672,674) (S 779,674,653) (D 0,0,0)
 0 1 3 8925 16134  27 (D 0,0,0) (S 769,674,17) (S 11,15,14) (S 506,525,526) (S 1141,526,761) (S 1142,761,316) (S 276,316,317) (S 1156,317,835) (S 277,317,318) (S 411,318,445) (S 413,448,447) (S 793,447,646) (S 729,646,647) (S 730,647,648) (S 1001,647,611) (S 1008,612,774) (S 998,773,774) (S 999,774,775) (S 1000,774,611) (S 657,610,611) (S 658,611,612) (S 659,612,448) (S 519,534,445) (S 520,445,535) (S 970,762,673) (S 768,523,17) (D 0,0,0)
 0 1 4 8387 11866  22 (D 0,0,0) (S 502,522,521) (S 501,521,520) (S 1028,520,64) (S 50,64,63) (S 228,63,268) (S 227,268,267) (S 762,267,671) (S 761,671,6) (S 4,6,5) (S 483,5,509) (S 484,509,510) (S 549,509,555) (S 740,555,8) (S 6,8,7) (S 5,7,6) (S 482,5,508) (S 773,675,7) (S 741,8,63) (S 742,63,653) (S 778,653,677) (D 0,0,0)
 0 1 5 8795 14580  25 (D 0,0,0) (S 771,180,268) (S 772,268,675) (S 928,675,671) (S 929,671,508) (S 930,508,343) (S 299,343,265) (S 223,264,263) (S 338,263,86) (S 871,86,380) (S 344,380,379) (S 343,379,368) (S 331,368,369) (S 758,370,669) (S 340,370,375) (S 339,375,86) (S 68,86,85) (S 1096,745,670) (S 1097,670,656) (S 868,716,655) (S 846,654,82) (S 160,82,190) (S 161,190,191) (S 1100,191,3) (D 0,0,0)
 0 1 6 8908 14538  25 (D 0,0,0) (S 3,3,4) (S 1091,4,734) (S 1090,734,733) (S 890,733,621) (S 679,459,353) (S 680,353,584) (S 602,584,504) (S 601,504,583) (S 1165,583,737) (S 897,737,67) (S 896,67,170) (S 895,170,449) (S 894,449,736) (S 272,313,310) (S 270,310,311) (S 271,310,312) (S 414,312,449) (S 415,449,450) (S 901,450,171) (S 137,171,172) (S 899,66,738) (S 1166,738,816) (S 1089,816,733) (D 0,0,0)
 0 1 7 8210 15776  11 (D 0,0,0) (S 1108,695,205) (S 173,204,205) (S 1124,557,301) (S 1125,301,827) (S 262,301,300) (S 267,300,306) (S 554,306,557) (S 1123,557,205) (S 174,205,151) (D 0,0,0)
 0 1 8 8476 15151  25 (D 0,0,0) (S 903,740,739) (S 902,739,450) (S 416,450,419) (S 384,419,418) (S 925,418,739) (S 924,739,736) (S 893,736,735) (S 1004,735,776) (S 1044,776,581) (S 596,581,516) (S 495,516,517) (S 642,517,602) (S 641,602,603) (S 724,603,604) (S 686,605,628) (S 644,605,604) (S 723,645,604) (S 643,604,602) (S 496,517,518) (S 892,518,735) (S 1003,735,740) (S 1002,740,417) (S 499,416,351) (D 0,0,0)
 0 1 9 8820 14865  29 (D 0,0,0) (S 819,695,696) (S 1107,695,81) (S 547,81,190) (S 548,190,555) (S 845,509,654) (S 744,654,262) (S 745,262,655) (S 746,655,656) (S 1098,656,818) (S 747,656,657) (S 935,657,746) (S 748,657,84) (S 65,83,84) (S 66,84,42) (S 67,42,85) (S 1094,85,512) (S 488,41,512) (S 1095,85,745) (S 759,670,261) (S 760,261,342) (S 297,341,342) (S 298,342,343) (S 481,508,266) (S 226,266,267) (S 763,267,179) (S 144,179,180) (S 770,180,674) (D 0,0,0)
 0 1 10 8586 17169  25 (D 0,0,0) (S 64,81,82) (S 222,262,261) (S 221,261,260) (S 1131,823,831) (S 1106,823,822) (S 1105,821,822) (S 1183,822,43) (S 33,43,42) (S 32,42,41) (S 31,41,40) (S 336,40,373) (S 750,373,658) (S 337,373,374) (S 749,373,84) (S 934,657,43) (S 933,43,745) (S 932,745,260) (S 931,260,343) (S 225,265,266) (S 480,266,507) (S 142,177,178) (S 398,178,431) (S 781,431,672) (D 0,0,0)
 0 1 11 7018 16544  11 (D 0,0,0) (S 1099,3,732) (S 889,732,731) (S 926,731,28) (S 22,28,27) (S 1018,26,783) (S 21,26,27) (S 972,27,686) (S 753,663,664) (S 799,663,686) (D 0,0,0)
 0 1 12 7743 9723  19 (D 0,0,0) (S 816,0,677) (S 777,676,677) (S 743,653,522) (S 1152,522,708) (S 858,708,433) (S 689,631,324) (S 283,324,325) (S 308,326,351) (S 309,351,352) (S 1086,352,451) (S 417,419,451) (S 1087,451,65) (S 1088,65,816) (S 1167,816,787) (S 1026,787,3) (S 2,3,2) (S 817,2,0) (D 0,0,0)
 0 1 13 8758 29235  14 (D 0,0,0) (S 112,136,137) (S 249,154,291) (S 509,291,241) (S 508,241,528) (S 784,528,678) (S 205,241,242) (S 320,242,363) (S 645,363,155) (S 124,155,156) (S 125,156,157) (S 123,155,154) (S 248,154,290) (D 0,0,0)
 0 1 14 8868 20499  15 (D 0,0,0) (S 165,194,195) (S 693,195,622) (S 682,622,623) (S 683,623,624) (S 1130,624,830) (S 684,624,625) (S 1129,624,829) (S 1162,838,829) (S 1128,829,71) (S 58,71,72) (S 1163,829,632) (S 1164,632,583) (S 898,737,738) (D 0,0,0)
 0 1 15 8866 14485  17 (D 0,0,0) (S 516,191,532) (S 613,532,585) (S 612,585,590) (S 692,590,195) (S 166,195,196) (S 776,196,589) (S 610,589,588) (S 557,559,209) (S 556,209,558) (S 1132,558,826) (S 1122,826,208) (S 177,208,207) (S 605,206,585) (S 604,585,194) (S 163,193,192) (D 0,0,0)
 0 1 16 8988 32834  14 (D 0,0,0) (S 993,768,19) (S 552,340,473) (S 438,473,474) (S 439,474,475) (S 1169,474,839) (S 295,339,340) (S 296,340,18) (S 14,18,19) (S 994,19,769) (S 15,19,20) (S 805,20,503) (S 809,599,690) (D 0,0,0)
 0 1 17 9000 27511  18 (D 0,0,0) (S 660,534,448) (S 1017,426,779) (S 1011,779,239) (S 204,239,240) (S 1012,239,780) (S 203,239,238) (S 1009,238,778) (S 202,238,237) (S 201,237,236) (S 979,236,424) (S 876,721,722) (S 978,722,424) (S 389,424,425) (S 1013,425,781) (S 390,425,426) (S 391,426,427) (D 0,0,0)
 0 1 18 8452 14491  15 (D 0,0,0) (S 886,728,727) (S 936,747,727) (S 1083,728,4) (S 891,734,621) (S 677,620,621) (S 678,621,459) (S 423,458,459) (S 424,459,355) (S 425,355,192) (S 162,192,191) (S 614,532,80) (S 63,80,81) (S 818,695,2) (D 0,0,0)
 0 1 19 8579 18132  19 (D 0,0,0) (S 164,193,194) (S 603,194,584) (S 681,584,622) (S 694,622,505) (S 695,505,632) (S 696,632,69) (S 697,69,405) (S 371,405,406) (S 1033,406,70) (S 57,70,71) (S 1127,71,407) (S 373,407,408) (S 1126,828,407) (S 372,407,406) (S 56,70,69) (S 55,69,68) (S 600,68,583) (D 0,0,0)
 0 1 20 8972 30808  9 (D 0,0,0) (S 629,367,269) (S 304,292,348) (S 1067,348,175) (S 1068,175,807) (S 141,175,176) (S 140,175,174) (S 328,293,367) (D 0,0,0)
 0 1 21 8964 30441  22 (D 0,0,0) (S 756,667,442) (S 757,442,668) (S 409,442,441) (S 1171,840,441) (S 408,441,440) (S 1117,440,665) (S 1116,665,662) (S 752,661,662) (S 814,693,466) (S 431,466,465) (S 754,465,665) (S 755,665,666) (S 617,594,440) (S 1172,441,825) (S 1120,667,688) (S 475,503,502) (S 640,600,99) (S 639,99,460) (S 426,460,361) (S 317,361,360) (D 0,0,0)
 0 1 22 8613 33664  19 (D 0,0,0) (S 1118,825,440) (S 1115,662,693) (S 815,693,694) (S 1114,693,683) (S 794,682,683) (S 795,683,467) (S 796,467,684) (S 433,467,468) (S 715,468,641) (S 714,640,641) (S 550,556,469) (S 434,469,468) (S 432,467,466) (S 813,692,466) (S 430,465,464) (S 1173,464,825) (S 1119,825,667) (D 0,0,0)
 0 1 23 8817 34468  15 (D 0,0,0) (S 803,485,688) (S 802,688,493) (S 456,489,488) (S 863,710,711) (S 967,710,488) (S 966,488,618) (S 676,618,619) (S 675,618,617) (S 888,617,730) (S 674,617,492) (S 460,491,492) (S 672,483,22) (S 17,22,21) (D 0,0,0)
 0 1 24 8955 28444  20 (D 0,0,0) (S 738,137,290) (S 737,290,395) (S 485,511,396) (S 360,396,397) (S 512,529,397) (S 513,397,89) (S 473,89,500) (S 487,500,389) (S 353,389,388) (S 352,388,387) (S 351,387,386) (S 350,386,385) (S 984,385,376) (S 983,385,391) (S 355,391,392) (S 356,392,393) (S 1005,777,393) (S 357,393,394) (D 0,0,0)
 0 1 25 8865 31900  19 (D 0,0,0) (S 1006,393,498) (S 469,498,428) (S 393,428,386) (S 394,386,377) (S 395,377,429) (S 396,429,412) (S 397,412,430) (S 377,412,413) (S 1047,429,399) (S 1048,399,652) (S 1049,652,390) (S 515,530,531) (S 514,530,89) (S 70,89,88) (S 665,614,156) (S 664,156,363) (S 250,242,291) (D 0,0,0)
 0 1 26 8994 28653  19 (D 0,0,0) (S 510,291,155) (S 511,155,529) (S 1185,529,614) (S 666,614,88) (S 69,87,88) (S 667,88,597) (S 632,597,598) (S 668,597,615) (S 1197,615,844) (S 1199,844,135) (S 618,135,38) (S 991,38,712) (S 864,712,713) (S 187,220,221) (S 989,221,381) (S 346,381,382) (S 347,382,383) (D 0,0,0)
 0 1 27 8918 41363  18 (D 0,0,0) (S 1198,844,842) (S 1189,842,680) (S 215,252,231) (S 214,251,231) (S 196,231,230) (S 234,230,273) (S 233,272,230) (S 260,229,299) (S 543,552,299) (S 261,229,254) (S 217,254,255) (S 195,229,230) (S 1188,842,615) (S 631,597,530) (S 1050,530,390) (S 354,390,389) (D 0,0,0)
 0 1 28 8819 31563  20 (D 0,0,0) (S 736,395,499) (S 735,499,388) (S 734,388,652) (S 733,652,414) (S 732,651,414) (S 378,414,401) (S 366,401,400) (S 374,409,400) (S 375,400,410) (S 376,410,411) (S 379,410,401) (S 367,401,402) (S 365,400,399) (S 364,399,378) (S 363,378,387) (S 362,387,398) (S 361,398,394) (S 358,394,395) (D 0,0,0)
 0 1 29 8982 33340  21 (D 0,0,0) (S 720,548,537) (S 531,158,540) (S 945,541,753) (S 944,753,103) (S 943,103,49) (S 988,49,767) (S 1073,767,806) (S 1066,806,74) (S 60,74,75) (S 145,181,75) (S 146,75,182) (S 147,182,46) (S 148,46,108) (S 149,108,183) (S 1207,183,845) (S 1208,845,847) (S 1202,847,544) (S 1201,846,544) (S 535,544,543) (D 0,0,0)
 0 1 30 9000 36036  15 (D 0,0,0) (S 1211,753,841) (S 1186,841,104) (S 84,104,105) (S 85,105,106) (S 86,106,107) (S 87,107,108) (S 88,108,109) (S 1180,109,45) (S 34,44,45) (S 35,45,46) (S 36,46,47) (S 1190,48,105) (S 83,104,103) (D 0,0,0)
 0 1 31 8991 29205  19 (D 0,0,0) (S 947,755,754) (S 1077,754,810) (S 1076,810,813) (S 1193,813,543) (S 1192,543,843) (S 1209,843,847) (S 1203,847,106) (S 1191,105,843) (S 1210,843,841) (S 1187,841,542) (S 533,542,541) (S 532,541,540) (S 138,158,173) (S 1055,173,596) (S 627,596,565) (S 628,565,367) (S 327,367,226) (D 0,0,0)
 0 1 32 8926 31700  17 (D 0,0,0) (S 329,293,174) (S 95,115,118) (S 96,118,119) (S 98,119,121) (S 99,121,122) (S 100,122,123) (S 155,123,187) (S 1150,801,111) (S 1151,111,808) (S 1071,808,809) (S 1178,809,545) (S 537,545,184) (S 536,184,544) (S 534,543,542) (S 946,541,754) (D 0,0,0)
 0 1 33 8980 33272  20 (D 0,0,0) (S 330,174,115) (S 948,115,755) (S 1212,755,811) (S 1072,811,810) (S 1194,813,113) (S 1195,113,805) (S 1196,805,800) (S 1059,800,187) (S 156,123,32) (S 158,12,188) (S 829,188,11) (S 828,699,188) (S 159,188,189) (S 827,189,698) (S 826,189,10) (S 7,9,10) (S 825,10,35) (S 97,120,119) (D 0,0,0)
 0 1 34 8989 35428  27 (D 0,0,0) (S 1056,118,799) (S 1143,799,804) (S 1063,804,797) (S 1064,797,805) (S 1065,805,186) (S 153,112,186) (S 154,186,187) (S 1060,187,801) (S 1149,801,124) (S 102,124,125) (S 974,764,765) (S 975,765,32) (S 157,32,12) (S 10,12,13) (S 9,12,11) (S 8,10,11) (S 830,11,34) (S 27,34,35) (S 28,35,36) (S 824,35,120) (S 831,120,34) (S 26,34,33) (S 25,32,33) (S 1145,33,121) (S 1144,121,799) (D 0,0,0)
 0 1 35 8953 35276  19 (D 0,0,0) (S 1057,799,798) (S 1058,798,800) (S 1053,797,798) (S 1054,798,122) (S 101,123,124) (S 1148,124,765) (S 1147,765,834) (S 1146,833,834) (S 1174,834,764) (S 973,763,764) (S 1175,764,125) (S 1062,125,803) (S 1176,125,110) (S 89,110,111) (S 1070,808,185) (S 152,185,112) (S 91,112,113) (D 0,0,0)
 0 1 36 8995 32978  18 (D 0,0,0) (S 93,115,114) (S 1069,114,185) (S 151,185,184) (S 150,184,183) (S 1206,849,183) (S 1200,845,107) (S 1204,106,47) (S 1205,47,848) (S 37,47,48) (S 38,48,49) (S 39,49,50) (S 987,767,73) (S 986,73,766) (S 985,766,376) (S 341,376,377) (S 342,377,378) (D 0,0,0)
 0 1 37 8920 39529  14 (D 0,0,0) (S 1046,429,766) (S 59,73,74) (S 1074,806,182) (S 1075,182,812) (S 1182,812,76) (S 61,76,77) (S 1181,812,45) (S 1179,109,545) (S 1177,809,110) (S 90,111,112) (S 92,113,114) (S 560,258,561) (D 0,0,0)
 0 1 38 8984 31450  31 (D 0,0,0) (S 529,295,539) (S 568,539,462) (S 567,462,219) (S 566,219,211) (S 181,212,213) (S 210,213,246) (S 209,246,245) (S 955,245,748) (S 939,748,315) (S 956,748,160) (S 952,757,127) (S 103,127,126) (S 958,724,757) (S 957,757,160) (S 128,160,128) (S 129,128,161) (S 386,161,420) (S 954,420,756) (S 949,756,725) (S 953,756,127) (S 104,127,128) (S 105,128,129) (S 106,129,130) (S 208,130,245) (S 575,569,131) (S 576,131,564) (S 577,564,570) (S 621,570,277) (S 623,217,463) (D 0,0,0)
 0 1 39 8986 26752  17 (D 0,0,0) (S 553,557,215) (S 182,215,214) (S 220,258,259) (S 589,578,567) (S 721,548,566) (S 722,566,644) (S 571,566,547) (S 538,546,547) (S 572,547,249) (S 213,249,250) (S 573,249,567) (S 590,578,366) (S 323,365,117) (S 94,117,116) (S 977,116,300) (D 0,0,0)
 0 1 40 8986 24603  10 (D 0,0,0) (S 656,561,365) (S 324,365,257) (S 218,257,256) (S 229,256,227) (S 194,227,228) (S 193,227,226) (S 325,366,257) (S 219,257,258) (D 0,0,0)
 0 1 41 8794 27601  8 (D 0,0,0) (S 559,258,294) (S 558,560,294) (S 252,294,293) (S 251,293,292) (S 630,292,269) (S 230,269,227) (D 0,0,0)
 0 1 42 8810 28515  21 (D 0,0,0) (S 524,536,248) (S 525,248,537) (S 719,537,247) (S 189,223,222) (S 188,222,221) (S 990,221,712) (S 111,134,135) (S 257,135,276) (S 237,276,277) (S 238,277,278) (S 247,278,289) (S 246,288,278) (S 622,277,217) (S 183,217,216) (S 232,216,271) (S 231,270,216) (S 184,217,218) (S 255,218,296) (S 253,295,294) (D 0,0,0)
 0 1 43 8944 29675  21 (D 0,0,0) (S 787,595,133) (S 786,133,680) (S 785,680,679) (S 1160,679,252) (S 216,252,253) (S 1159,252,802) (S 1061,802,795) (S 1051,795,162) (S 131,162,163) (S 130,162,161) (S 385,161,243) (S 206,243,244) (S 937,244,129) (S 938,129,748) (S 127,160,159) (S 126,159,158) (S 530,158,539) (S 526,224,537) (S 539,548,547) (D 0,0,0)
 0 1 44 8928 28468  28 (D 0,0,0) (S 570,566,225) (S 191,225,224) (S 625,538,297) (S 624,297,463) (S 429,463,462) (S 428,462,213) (S 436,213,470) (S 880,470,314) (S 273,314,159) (S 274,159,315) (S 275,315,246) (S 453,246,274) (S 564,275,486) (S 455,486,487) (S 565,486,211) (S 179,210,211) (S 180,211,212) (S 186,212,219) (S 185,219,218) (S 256,218,276) (S 236,276,275) (S 235,275,274) (S 454,274,486) (S 563,275,564) (S 620,570,595) (S 788,595,222) (D 0,0,0)
 0 1 45 8888 30269  24 (D 0,0,0) (S 322,29,364) (S 586,364,286) (S 585,286,576) (S 584,576,382) (S 820,697,381) (S 821,381,681) (S 619,595,38) (S 29,37,38) (S 992,38,134) (S 110,134,133) (S 199,132,234) (S 716,642,234) (S 198,234,233) (S 197,232,233) (S 542,233,549) (S 540,549,550) (S 541,551,549) (S 109,132,133) (S 789,222,681) (S 790,681,576) (S 791,576,287) (S 652,287,29) (D 0,0,0)
 0 1 46 8895 24129  19 (D 0,0,0) (S 654,609,608) (S 653,608,29) (S 23,29,30) (S 349,30,384) (S 24,30,31) (S 348,30,383) (S 544,553,383) (S 545,383,287) (S 245,287,286) (S 244,286,285) (S 243,284,285) (S 823,285,536) (S 523,536,364) (S 587,364,577) (S 1170,577,608) (S 655,609,561) (S 561,561,214) (D 0,0,0)
 0 1 47 8959 26023  18 (D 0,0,0) (S 1184,609,578) (S 574,567,568) (S 212,249,248) (S 211,248,247) (S 718,247,223) (S 717,643,223) (S 190,223,224) (S 527,224,538) (S 259,297,298) (S 258,297,296) (S 254,296,295) (S 528,295,538) (S 626,538,596) (S 569,565,225) (S 192,225,226) (S 326,226,366) (D 0,0,0)
 0 1 48 8910 34260  24 (D 0,0,0) (S 139,174,173) (S 879,540,470) (S 881,314,724) (S 882,724,126) (S 883,126,725) (S 950,725,751) (S 941,750,751) (S 942,751,752) (S 884,725,421) (S 387,420,421) (S 885,421,726) (S 1157,836,726) (S 1158,726,802) (S 1052,795,796) (S 1103,820,796) (S 1104,796,243) (S 207,244,130) (S 107,130,131) (S 108,131,132) (S 200,132,235) (S 822,681,285) (S 588,577,567) (D 0,0,0)
 0 1 49 8965 28251  18 (D 0,0,0) (S 1010,779,778) (S 1016,778,781) (S 1014,781,237) (S 1015,237,782) (S 980,236,152) (S 122,152,153) (S 981,152,140) (S 114,140,141) (S 982,140,391) (S 392,392,428) (S 470,498,398) (S 471,398,499) (S 472,499,500) (S 486,500,396) (S 359,396,395) (S 739,137,427) (D 0,0,0)
 0 1 50 8985 38116  14 (D 0,0,0) (S 1113,683,641) (S 1112,641,556) (S 1111,556,303) (S 263,302,303) (S 1110,303,308) (S 269,308,309) (S 268,307,308) (S 1109,824,308) (S 264,303,304) (S 265,304,305) (S 435,304,469) (S 551,469,473) (D 0,0,0)
 0 1 51 8892 20052  11 (D 0,0,0) (S 518,150,533) (S 266,151,306) (S 976,300,587) (S 607,586,587) (S 608,587,559) (S 609,559,588) (S 1121,588,208) (S 178,208,209) (S 555,558,306) (D 0,0,0)
 0 1 52 8674 28051  21 (D 0,0,0) (S 911,591,95) (S 75,95,94) (S 169,200,199) (S 441,79,476) (S 797,476,143) (S 115,143,142) (S 440,142,476) (S 798,476,685) (S 62,78,79) (S 442,79,199) (S 168,199,198) (S 167,197,198) (S 877,198,280) (S 239,279,280) (S 878,280,723) (S 240,280,281) (S 443,477,199) (S 965,638,707) (S 854,54,703) (D 0,0,0)
 0 1 53 8874 23997  21 (D 0,0,0) (S 437,471,472) (S 647,472,96) (S 77,96,97) (S 76,96,95) (S 912,95,741) (S 964,741,707) (S 849,707,201) (S 170,201,200) (S 713,200,639) (S 1161,837,639) (S 712,200,638) (S 711,638,637) (S 940,637,749) (S 710,637,93) (S 709,93,562) (S 562,562,563) (S 708,562,456) (S 45,57,56) (S 43,55,54) (D 0,0,0)
 0 1 54 8963 26240  20 (D 0,0,0) (S 74,94,93) (S 73,93,92) (S 72,92,91) (S 71,90,91) (S 874,91,282) (S 875,282,720) (S 242,282,283) (S 241,282,281) (S 919,281,743) (S 918,281,477) (S 444,477,92) (S 445,92,478) (S 996,478,771) (S 446,478,479) (S 997,479,772) (S 447,479,480) (S 995,480,770) (S 448,480,59) (D 0,0,0)
 0 1 55 8989 27519  20 (D 0,0,0) (S 811,471,691) (S 807,689,203) (S 16,20,21) (S 459,21,484) (S 458,484,490) (S 457,490,489) (S 466,489,496) (S 800,687,496) (S 801,496,493) (S 462,493,490) (S 461,490,492) (S 673,492,483) (S 451,483,484) (S 452,484,485) (S 804,485,20) (S 806,503,203) (S 917,691,360) (S 279,320,319) (D 0,0,0)
 0 1 56 8979 18988  17 (D 0,0,0) (S 581,359,574) (S 638,574,460) (S 427,460,461) (S 467,461,100) (S 80,100,99) (S 79,99,98) (S 78,98,97) (S 916,97,690) (S 810,690,691) (S 812,471,334) (S 292,334,335) (S 1133,335,357) (S 1082,814,788) (S 1032,788,789) (S 1031,788,495) (D 0,0,0)
 0 1 57 8931 23381  16 (D 0,0,0) (S 468,497,461) (S 81,100,101) (S 726,101,501) (S 725,501,24) (S 20,24,25) (S 19,24,23) (S 887,23,729) (S 18,23,22) (S 671,22,502) (S 670,502,600) (S 319,362,98) (S 318,98,361) (S 316,360,359) (S 315,359,358) (D 0,0,0)
 0 1 58 8995 28050  22 (D 0,0,0) (S 172,203,202) (S 914,202,145) (S 116,145,144) (S 293,336,144) (S 915,145,742) (S 117,145,146) (S 118,146,147) (S 119,147,148) (S 120,148,149) (S 847,706,146) (S 848,146,201) (S 171,201,202) (S 913,202,741) (S 646,606,96) (S 648,472,571) (S 865,572,714) (S 579,572,573) (S 578,572,571) (S 649,571,453) (S 844,705,167) (D 0,0,0)
 0 1 59 8706 21477  17 (D 0,0,0) (S 503,522,523) (S 504,523,524) (S 505,524,525) (S 728,646,575) (S 727,575,101) (S 82,101,102) (S 474,501,502) (S 636,600,362) (S 635,362,599) (S 808,599,689) (S 962,689,606) (S 963,606,741) (S 850,707,94) (S 851,94,592) (S 841,703,704) (D 0,0,0)
 0 1 60 8888 21413  22 (D 0,0,0) (S 927,330,437) (S 1024,437,784) (S 731,649,650) (S 1022,649,784) (S 1025,784,786) (S 1023,784,785) (S 1040,785,793) (S 1039,792,793) (S 1041,793,660) (S 751,659,660) (S 1042,660,790) (S 1036,790,701) (S 1037,701,56) (S 1038,56,791) (S 44,56,55) (S 1043,55,794) (S 1102,794,819) (S 1101,794,51) (S 40,51,52) (S 842,607,704) (D 0,0,0)
 0 1 61 8988 16410  20 (D 0,0,0) (S 380,327,415) (S 403,415,435) (S 404,435,436) (S 855,436,703) (S 840,703,702) (S 1034,702,166) (S 835,700,481) (S 449,481,59) (S 48,59,60) (S 47,59,58) (S 46,58,57) (S 591,57,579) (S 592,579,438) (S 406,438,437) (S 405,437,436) (S 856,436,329) (S 857,329,518) (S 497,518,519) (D 0,0,0)
 0 1 62 8949 15024  15 (D 0,0,0) (S 1084,4,191) (S 321,193,354) (S 311,354,355) (S 310,354,353) (S 476,504,505) (S 774,505,623) (S 775,623,196) (S 611,589,590) (S 691,590,207) (S 176,207,206) (S 175,206,151) (S 121,151,150) (S 517,150,532) (D 0,0,0)
 0 1 63 8879 16079  20 (D 0,0,0) (S 383,417,418) (S 923,736,313) (S 922,313,582) (S 921,582,633) (S 920,744,633) (S 700,627,634) (S 699,627,633) (S 698,633,405) (S 370,405,404) (S 369,404,403) (S 663,403,613) (S 368,403,170) (S 136,170,171) (S 900,171,66) (S 52,66,65) (S 51,65,64) (S 1027,64,787) (S 1168,787,63) (D 0,0,0)
 0 1 64 8952 17280  22 (D 0,0,0) (S 500,520,351) (S 498,416,519) (S 595,516,332) (S 594,332,580) (S 593,580,438) (S 407,438,439) (S 703,439,422) (S 388,422,423) (S 702,422,515) (S 701,515,634) (S 951,634,629) (S 688,629,630) (S 687,629,627) (S 685,627,626) (S 1045,626,581) (S 597,581,582) (S 598,582,404) (S 599,404,68) (S 54,68,67) (S 53,67,66) (D 0,0,0)
 0 1 65 8999 17274  15 (D 0,0,0) (S 382,416,417) (S 904,740,519) (S 905,519,328) (S 287,328,329) (S 288,329,330) (S 289,330,331) (S 290,331,332) (S 291,332,333) (S 834,333,481) (S 450,481,482) (S 833,333,514) (S 493,514,515) (S 494,515,516) (D 0,0,0)
 0 1 66 8986 17565  21 (D 0,0,0) (S 1035,331,580) (S 704,439,635) (S 959,635,758) (S 960,758,759) (S 961,758,760) (S 705,635,636) (S 706,636,58) (S 707,58,456) (S 422,456,457) (S 421,456,455) (S 853,455,54) (S 42,54,53) (S 41,53,52) (S 843,607,705) (S 1081,705,434) (S 401,434,349) (S 306,349,350) (S 307,350,326) (S 284,326,325) (D 0,0,0)
 0 1 67 8531 17399  18 (D 0,0,0) (S 1029,520,325) (S 1030,325,495) (S 465,495,350) (S 305,349,169) (S 135,168,169) (S 634,169,62) (S 49,61,62) (S 633,62,167) (S 134,167,166) (S 133,166,165) (S 132,164,165) (S 832,165,700) (S 836,700,636) (S 837,636,579) (S 838,579,701) (S 839,701,702) (D 0,0,0)
 0 1 68 8809 17216  18 (D 0,0,0) (S 381,416,327) (S 402,415,434) (S 651,607,52) (S 650,52,453) (S 419,453,454) (S 910,454,591) (S 615,591,592) (S 616,592,593) (S 852,592,455) (S 420,455,454) (S 909,454,53) (S 908,53,704) (S 907,704,435) (S 906,435,328) (S 286,328,327) (S 285,327,326) (D 0,0,0)
 0 1 69 8573 18465  22 (D 0,0,0) (S 464,495,494) (S 463,494,320) (S 280,320,321) (S 312,321,356) (S 281,321,322) (S 282,322,323) (S 314,322,358) (S 546,358,554) (S 860,709,139) (S 113,138,139) (S 861,139,554) (S 862,554,573) (S 580,573,359) (S 313,322,357) (S 1134,357,814) (S 1135,814,494) (S 1136,494,443) (S 410,443,444) (S 1137,443,432) (S 1138,432,832) (D 0,0,0)
 0 1 70 8821 21340  18 (D 0,0,0) (S 1154,719,832) (S 1155,832,317) (S 278,318,319) (S 661,319,534) (S 1007,612,647) (S 583,575,497) (S 582,497,574) (S 637,574,601) (S 1021,601,337) (S 294,337,338) (S 1020,601,446) (S 1019,446,452) (S 418,452,427) (S 869,717,427) (S 412,446,447) (S 662,319,443) (D 0,0,0)
