1728856
70
21601035
21444753
 0 1 1 8795 29333  16 (D 0,0,0) (S 475,502,503) (S 452,485,484) (S 458,484,490) (S 466,489,496) (S 800,687,496) (S 801,496,493) (S 462,493,490) (S 461,490,492) (S 460,491,492) (S 673,492,483) (S 451,483,484) (S 459,484,21) (S 16,21,20) (S 635,599,362) (D 0,0,0)
 0 1 2 8955 33028  25 (D 0,0,0) (S 588,567,577) (S 586,364,286) (S 244,286,285) (S 787,595,133) (S 109,133,132) (S 199,132,234) (S 198,234,233) (S 542,233,549) (S 541,551,549) (S 540,549,550) (S 197,232,233) (S 716,642,234) (S 200,132,235) (S 108,132,131) (S 575,569,131) (S 576,131,564) (S 563,564,275) (S 564,275,486) (S 455,486,487) (S 179,210,211) (S 566,211,219) (S 429,462,463) (S 625,297,538) (D 0,0,0)
 0 1 3 8960 28237  23 (D 0,0,0) (S 191,225,224) (S 626,538,596) (S 1055,596,173) (S 138,173,158) (S 126,158,159) (S 274,159,315) (S 939,748,315) (S 275,315,246) (S 453,246,274) (S 235,274,275) (S 236,275,276) (S 257,276,135) (S 618,135,38) (S 29,37,38) (S 991,38,712) (S 989,221,381) (S 346,381,382) (S 820,697,381) (S 821,381,681) (S 585,576,286) (S 245,286,287) (D 0,0,0)
 0 1 4 8943 38645  15 (D 0,0,0) (S 1172,825,441) (S 1114,693,683) (S 1111,556,303) (S 263,302,303) (S 269,308,309) (S 1109,824,308) (S 268,307,308) (S 1110,308,303) (S 264,303,304) (S 265,304,305) (S 435,304,469) (S 551,469,473) (S 994,19,769) (D 0,0,0)
 0 1 5 8820 21370  20 (D 0,0,0) (S 1020,446,601) (S 1021,601,337) (S 294,337,338) (S 637,601,574) (S 583,497,575) (S 728,575,646) (S 729,646,647) (S 1001,647,611) (S 657,610,611) (S 730,647,648) (S 1007,647,612) (S 658,612,611) (S 1000,611,774) (S 999,774,775) (S 998,773,774) (S 1008,774,612) (S 659,612,448) (S 1155,317,832) (D 0,0,0)
 0 1 6 8982 12991  27 (D 0,0,0) (S 742,653,63) (S 741,63,8) (S 5,7,6) (S 482,5,508) (S 930,508,343) (S 299,343,265) (S 225,265,266) (S 481,266,508) (S 298,343,342) (S 297,341,342) (S 760,342,261) (S 221,261,260) (S 932,260,745) (S 1096,745,670) (S 1097,670,656) (S 759,670,261) (S 222,261,262) (S 744,262,654) (S 845,654,509) (S 548,555,190) (S 547,190,81) (S 64,81,82) (S 1107,81,695) (S 819,695,696) (S 818,695,2) (D 0,0,0)
 0 1 7 8922 32607  22 (D 0,0,0) (S 655,561,609) (S 721,566,548) (S 532,540,541) (S 534,542,543) (S 1201,846,544) (S 1202,544,847) (S 1208,847,845) (S 1207,845,183) (S 1206,849,183) (S 1200,845,107) (S 87,107,108) (S 150,183,184) (S 151,184,185) (S 152,185,112) (S 91,112,113) (S 1194,113,813) (S 1076,813,810) (S 1072,810,811) (S 1212,811,755) (S 325,366,257) (D 0,0,0)
 0 1 8 8979 26749  12 (D 0,0,0) (S 559,258,294) (S 558,560,294) (S 328,293,367) (S 628,367,565) (S 569,565,225) (S 570,225,566) (S 722,566,644) (S 538,546,547) (S 573,249,567) (S 1184,578,609) (D 0,0,0)
 0 1 9 8923 18421  24 (D 0,0,0) (S 465,495,350) (S 306,350,349) (S 135,168,169) (S 634,169,62) (S 49,61,62) (S 633,62,167) (S 134,167,166) (S 839,702,701) (S 838,701,579) (S 837,579,636) (S 705,636,635) (S 961,758,760) (S 960,758,759) (S 959,758,635) (S 704,635,439) (S 703,439,422) (S 388,422,423) (S 702,422,515) (S 496,517,518) (S 497,518,519) (S 904,519,740) (S 501,520,521) (D 0,0,0)
 0 1 10 8946 20323  22 (D 0,0,0) (S 1152,522,708) (S 1153,708,719) (S 1137,432,443) (S 1136,443,494) (S 463,494,320) (S 281,321,322) (S 316,359,360) (S 318,361,98) (S 319,98,362) (S 636,362,600) (S 670,600,502) (S 474,502,501) (S 726,501,101) (S 82,101,102) (S 81,101,100) (S 468,461,497) (S 582,497,574) (S 1082,814,788) (S 1032,788,789) (S 1031,788,495) (D 0,0,0)
 0 1 11 8995 31361  30 (D 0,0,0) (S 790,576,681) (S 789,681,222) (S 577,570,564) (S 107,131,130) (S 207,130,244) (S 206,244,243) (S 1104,243,796) (S 1052,796,795) (S 1051,795,162) (S 131,162,163) (S 130,162,161) (S 386,161,420) (S 387,420,421) (S 954,420,756) (S 950,725,751) (S 941,750,751) (S 942,751,752) (S 883,725,126) (S 882,126,724) (S 958,724,757) (S 938,748,129) (S 106,129,130) (S 208,130,245) (S 209,245,246) (S 210,246,213) (S 428,213,462) (S 568,462,539) (S 529,539,295) (D 0,0,0)
 0 1 12 7248 12831  17 (D 0,0,0) (S 163,192,193) (S 603,194,584) (S 602,584,504) (S 476,504,505) (S 695,505,632) (S 696,632,69) (S 55,69,68) (S 599,68,404) (S 369,404,403) (S 663,403,613) (S 368,403,170) (S 136,170,171) (S 900,171,66) (S 52,66,65) (S 50,64,63) (D 0,0,0)
 0 1 13 8997 30664  26 (D 0,0,0) (S 526,537,224) (S 528,538,295) (S 255,296,218) (S 185,218,219) (S 186,219,212) (S 180,212,211) (S 565,211,486) (S 454,486,274) (S 955,245,748) (S 956,748,160) (S 128,160,128) (S 104,128,127) (S 952,127,757) (S 957,757,160) (S 127,160,159) (S 273,159,314) (S 880,314,470) (S 436,470,213) (S 181,213,212) (S 567,219,462) (S 624,463,297) (S 259,297,298) (S 258,297,296) (S 254,296,295) (D 0,0,0)
 0 1 14 8762 16710  14 (D 0,0,0) (S 164,193,194) (S 165,194,195) (S 166,195,196) (S 776,196,589) (S 610,589,588) (S 609,588,559) (S 608,559,587) (S 607,586,587) (S 976,587,300) (S 267,300,306) (S 266,306,151) (S 516,532,191) (D 0,0,0)
 0 1 15 8997 30264  21 (D 0,0,0) (S 662,443,319) (S 660,534,448) (S 1019,446,452) (S 739,427,137) (S 357,394,393) (S 1006,393,498) (S 469,498,428) (S 393,428,386) (S 350,386,385) (S 985,376,766) (S 1046,766,429) (S 396,429,412) (S 377,412,413) (S 397,412,430) (S 1047,429,399) (S 1048,399,652) (S 1049,652,390) (S 353,389,388) (S 736,499,395) (D 0,0,0)
 0 1 16 8992 22602  15 (D 0,0,0) (S 413,448,447) (S 793,447,646) (S 727,575,101) (S 725,501,24) (S 20,24,25) (S 19,24,23) (S 887,23,729) (S 18,23,22) (S 671,22,502) (S 640,600,99) (S 639,99,460) (S 638,460,574) (S 581,574,359) (D 0,0,0)
 0 1 17 8937 28728  27 (D 0,0,0) (S 524,536,248) (S 211,248,247) (S 717,643,223) (S 189,223,222) (S 788,222,595) (S 620,595,570) (S 621,570,277) (S 238,277,278) (S 246,288,278) (S 247,278,289) (S 237,277,276) (S 256,276,218) (S 184,218,217) (S 183,217,216) (S 232,216,271) (S 231,270,216) (S 622,277,217) (S 623,217,463) (S 527,538,224) (S 190,224,223) (S 718,223,247) (S 719,247,537) (S 525,537,248) (S 212,248,249) (S 574,567,568) (D 0,0,0)
 0 1 18 8994 18519  21 (D 0,0,0) (S 1167,787,816) (S 1166,816,738) (S 899,738,66) (S 53,66,67) (S 897,67,737) (S 1164,583,632) (S 1163,632,829) (S 1128,829,71) (S 58,71,72) (S 1127,71,407) (S 1126,828,407) (S 373,407,408) (S 372,407,406) (S 1033,406,70) (S 56,70,69) (S 697,69,405) (S 370,405,404) (S 598,404,582) (S 903,739,740) (D 0,0,0)
 0 1 19 8694 14572  17 (D 0,0,0) (S 502,522,521) (S 1028,520,64) (S 1088,65,816) (S 1089,816,733) (S 890,733,621) (S 678,621,459) (S 423,458,459) (S 424,459,355) (S 425,355,192) (S 162,192,191) (S 1084,191,4) (S 1083,4,728) (S 886,728,727) (S 936,747,727) (S 3,4,3) (D 0,0,0)
 0 1 20 8949 18260  12 (D 0,0,0) (S 1108,695,205) (S 1123,205,557) (S 182,215,214) (S 220,258,259) (S 219,258,257) (S 324,257,365) (S 323,365,117) (S 94,117,116) (S 977,116,300) (S 517,150,532) (D 0,0,0)
 0 1 21 8942 16507  34 (D 0,0,0) (S 769,674,17) (S 768,17,523) (S 504,523,524) (S 767,524,673) (S 1079,762,525) (S 1080,525,14) (S 11,14,15) (S 399,15,431) (S 782,431,506) (S 478,506,177) (S 873,507,344) (S 1095,85,745) (S 33,43,42) (S 32,42,41) (S 867,715,372) (S 335,372,40) (S 30,40,39) (S 1085,39,815) (S 669,616,39) (S 334,372,371) (S 332,370,369) (S 491,513,379) (S 343,379,368) (S 507,527,526) (S 1140,526,347) (S 303,347,346) (S 301,345,344) (S 300,344,265) (S 226,266,267) (S 227,267,268) (S 771,268,180) (S 779,674,653) (D 0,0,0)
 0 1 22 8893 18103  21 (D 0,0,0) (S 1004,735,776) (S 1044,776,581) (S 1045,581,626) (S 685,626,627) (S 700,627,634) (S 951,634,629) (S 688,629,630) (S 687,629,627) (S 699,627,633) (S 920,744,633) (S 921,633,582) (S 922,582,313) (S 272,313,310) (S 270,310,311) (S 271,310,312) (S 414,312,449) (S 894,449,736) (S 924,736,739) (S 383,418,417) (D 0,0,0)
 0 1 23 8876 33409  22 (D 0,0,0) (S 93,115,114) (S 1195,113,805) (S 1196,805,800) (S 1059,800,187) (S 155,187,123) (S 156,123,32) (S 25,32,33) (S 26,33,34) (S 27,34,35) (S 28,35,36) (S 8,10,11) (S 829,11,188) (S 828,699,188) (S 158,188,12) (S 10,12,13) (S 9,12,11) (S 830,11,34) (S 97,120,119) (S 96,119,118) (S 553,215,557) (D 0,0,0)
 0 1 24 8965 33196  16 (D 0,0,0) (S 809,690,599) (S 17,21,22) (S 672,22,483) (S 674,492,617) (S 888,617,730) (S 675,617,618) (S 676,618,619) (S 966,618,488) (S 863,710,711) (S 967,710,488) (S 456,488,489) (S 457,489,490) (S 802,493,688) (S 810,690,691) (D 0,0,0)
 0 1 25 8970 30896  20 (D 0,0,0) (S 948,115,755) (S 947,755,754) (S 946,754,541) (S 1187,542,841) (S 1210,841,843) (S 1209,843,847) (S 1203,847,106) (S 1204,106,47) (S 1205,47,848) (S 37,47,48) (S 38,48,49) (S 943,49,103) (S 83,103,104) (S 1186,104,841) (S 1211,841,753) (S 945,753,541) (S 531,540,158) (S 253,295,294) (D 0,0,0)
 0 1 26 8975 29602  19 (D 0,0,0) (S 519,445,534) (S 250,291,242) (S 664,363,156) (S 665,156,614) (S 666,614,88) (S 667,88,597) (S 515,530,531) (S 1050,530,390) (S 354,390,389) (S 487,389,500) (S 473,500,89) (S 70,89,88) (S 69,87,88) (S 513,89,397) (S 511,529,155) (S 510,155,291) (S 869,717,427) (D 0,0,0)
 0 1 27 8925 30358  25 (D 0,0,0) (S 72,92,91) (S 71,90,91) (S 874,91,282) (S 875,282,720) (S 242,282,283) (S 241,282,281) (S 919,281,743) (S 240,281,280) (S 878,280,723) (S 239,279,280) (S 877,280,198) (S 167,197,198) (S 168,198,199) (S 442,199,79) (S 62,78,79) (S 798,476,685) (S 440,476,142) (S 115,142,143) (S 797,143,476) (S 441,476,79) (S 443,199,477) (S 445,92,478) (S 447,479,480) (D 0,0,0)
 0 1 28 8968 23105  21 (D 0,0,0) (S 308,351,326) (S 841,704,703) (S 43,54,55) (S 44,55,56) (S 45,56,57) (S 708,456,562) (S 562,562,563) (S 709,562,93) (S 710,93,637) (S 940,637,749) (S 711,637,638) (S 712,638,200) (S 169,200,199) (S 918,477,281) (S 444,477,92) (S 73,92,93) (S 74,93,94) (S 615,592,591) (S 909,454,53) (D 0,0,0)
 0 1 29 8800 18094  13 (D 0,0,0) (S 518,150,533) (S 121,150,151) (S 175,151,206) (S 176,206,207) (S 178,208,209) (S 555,558,306) (S 554,306,557) (S 1124,557,301) (S 1125,301,827) (S 262,301,300) (S 174,151,205) (D 0,0,0)
 0 1 30 8882 17326  17 (D 0,0,0) (S 287,328,329) (S 856,329,436) (S 855,436,703) (S 854,703,54) (S 421,455,456) (S 422,456,457) (S 707,456,58) (S 706,58,636) (S 832,700,165) (S 132,164,165) (S 133,165,166) (S 1034,166,702) (S 840,702,703) (S 907,704,435) (S 906,435,328) (D 0,0,0)
 0 1 31 6169 8999  15 (D 0,0,0) (S 778,677,653) (S 743,653,522) (S 971,708,673) (S 970,673,762) (S 1078,762,718) (S 1139,718,832) (S 1138,832,432) (S 400,432,433) (S 859,433,324) (S 689,631,324) (S 690,324,521) (S 792,521,677) (S 777,676,677) (D 0,0,0)
 0 1 32 8981 31273  11 (D 0,0,0) (S 656,561,365) (S 230,227,269) (S 304,292,348) (S 1067,348,175) (S 141,175,176) (S 1068,175,807) (S 140,175,174) (S 329,174,293) (S 560,258,561) (D 0,0,0)
 0 1 33 8991 18063  18 (D 0,0,0) (S 1030,325,495) (S 464,495,494) (S 1135,494,814) (S 282,322,323) (S 546,358,554) (S 113,138,139) (S 860,709,139) (S 861,139,554) (S 862,554,573) (S 580,573,359) (S 315,359,358) (S 314,358,322) (S 312,321,356) (S 280,321,320) (S 279,320,319) (S 870,718,719) (D 0,0,0)
 0 1 34 8950 25496  13 (D 0,0,0) (S 561,214,561) (S 251,293,292) (S 630,292,269) (S 629,269,367) (S 327,367,226) (S 192,226,225) (S 571,566,547) (S 572,547,249) (S 213,249,250) (S 589,567,578) (S 590,578,366) (D 0,0,0)
 0 1 35 8996 32255  19 (D 0,0,0) (S 627,565,596) (S 139,173,174) (S 95,115,118) (S 1056,118,799) (S 1143,799,804) (S 1063,804,797) (S 1064,797,805) (S 1065,805,186) (S 153,112,186) (S 154,186,187) (S 1150,801,111) (S 89,110,111) (S 1151,111,808) (S 1070,808,185) (S 1069,185,114) (S 330,115,174) (S 173,204,205) (D 0,0,0)
 0 1 36 8838 24401  7 (D 0,0,0) (S 326,366,226) (S 193,226,227) (S 194,227,228) (S 229,227,256) (S 218,256,257) (D 0,0,0)
 0 1 37 8998 32536  13 (D 0,0,0) (S 292,335,334) (S 806,203,503) (S 15,20,19) (S 993,768,19) (S 14,19,18) (S 296,18,340) (S 438,473,474) (S 1169,474,839) (S 439,474,475) (S 552,473,340) (S 295,339,340) (D 0,0,0)
 0 1 38 8984 34320  19 (D 0,0,0) (S 98,119,121) (S 99,121,122) (S 1054,122,798) (S 1058,798,800) (S 1060,187,801) (S 1149,801,124) (S 102,124,125) (S 1175,764,125) (S 1062,125,803) (S 1176,125,110) (S 1177,110,809) (S 1178,809,545) (S 537,545,184) (S 536,184,544) (S 535,544,543) (S 1193,543,813) (S 1077,810,754) (D 0,0,0)
 0 1 39 8872 23440  17 (D 0,0,0) (S 592,438,579) (S 591,579,57) (S 46,57,58) (S 47,58,59) (S 48,59,60) (S 995,480,770) (S 997,479,772) (S 996,478,771) (S 446,478,479) (S 448,480,59) (S 449,59,481) (S 835,481,700) (S 836,700,636) (S 407,439,438) (S 1035,580,331) (D 0,0,0)
 0 1 40 8885 41260  18 (D 0,0,0) (S 543,552,299) (S 260,299,229) (S 261,229,254) (S 217,254,255) (S 195,229,230) (S 234,230,273) (S 233,272,230) (S 196,230,231) (S 1061,802,795) (S 1103,820,796) (S 385,243,161) (S 129,161,128) (S 105,128,129) (S 937,129,244) (S 110,133,134) (S 619,38,595) (D 0,0,0)
 0 1 41 8970 29311  24 (D 0,0,0) (S 124,155,156) (S 125,156,157) (S 1185,614,529) (S 512,529,397) (S 360,397,396) (S 485,511,396) (S 486,396,500) (S 472,500,499) (S 471,499,398) (S 470,398,498) (S 392,428,392) (S 983,391,385) (S 984,385,376) (S 341,376,377) (S 342,377,378) (S 363,378,387) (S 362,387,398) (S 361,398,394) (S 358,394,395) (S 968,535,761) (S 969,761,762) (S 503,523,522) (D 0,0,0)
 0 1 42 8995 35491  24 (D 0,0,0) (S 252,294,293) (S 1144,799,121) (S 1145,121,33) (S 831,34,120) (S 824,120,35) (S 825,35,10) (S 7,9,10) (S 826,10,189) (S 827,189,698) (S 159,189,188) (S 157,12,32) (S 975,32,765) (S 1147,765,834) (S 1146,833,834) (S 1174,834,764) (S 973,763,764) (S 974,764,765) (S 1148,765,124) (S 101,124,123) (S 100,123,122) (S 1053,797,798) (S 1057,798,799) (D 0,0,0)
 0 1 43 8932 21444  23 (D 0,0,0) (S 305,349,169) (S 844,167,705) (S 843,705,607) (S 40,52,51) (S 1101,51,794) (S 1102,794,819) (S 1043,794,55) (S 1038,56,791) (S 1037,56,701) (S 1036,701,790) (S 1042,790,660) (S 751,659,660) (S 1041,660,793) (S 1039,792,793) (S 1040,793,785) (S 1023,785,784) (S 1022,784,649) (S 731,649,650) (S 1025,784,786) (S 1024,784,437) (S 927,437,330) (D 0,0,0)
 0 1 44 8720 15978  27 (D 0,0,0) (S 858,708,433) (S 283,324,325) (S 284,325,326) (S 285,326,327) (S 380,327,415) (S 403,415,435) (S 404,435,436) (S 405,436,437) (S 406,437,438) (S 593,438,580) (S 594,580,332) (S 595,332,516) (S 642,517,602) (S 643,602,604) (S 686,605,628) (S 644,605,604) (S 723,645,604) (S 724,604,603) (S 641,603,602) (S 495,517,516) (S 596,516,581) (S 597,581,582) (S 923,313,736) (S 893,736,735) (S 1003,735,740) (D 0,0,0)
 0 1 45 8946 25246  17 (D 0,0,0) (S 654,609,608) (S 1170,608,577) (S 587,577,364) (S 322,364,29) (S 652,29,287) (S 347,383,382) (S 584,382,576) (S 791,576,287) (S 545,287,383) (S 544,553,383) (S 348,383,30) (S 349,30,384) (S 24,30,31) (S 23,30,29) (S 653,29,608) (D 0,0,0)
 0 1 46 8801 17198  15 (D 0,0,0) (S 499,351,416) (S 382,416,417) (S 1002,417,740) (S 892,735,518) (S 857,518,329) (S 288,329,330) (S 289,330,331) (S 290,331,332) (S 291,332,333) (S 834,333,481) (S 450,481,482) (S 833,333,514) (S 493,514,515) (D 0,0,0)
 0 1 47 6256 9293  18 (D 0,0,0) (S 1026,3,787) (S 1168,787,63) (S 228,63,268) (S 772,268,675) (S 773,675,7) (S 6,7,8) (S 740,8,555) (S 549,555,509) (S 484,509,510) (S 483,509,5) (S 4,5,6) (S 761,6,671) (S 762,671,267) (S 763,267,179) (S 144,179,180) (S 770,180,674) (D 0,0,0)
 0 1 48 8356 32002  20 (D 0,0,0) (S 811,471,691) (S 808,599,689) (S 805,503,20) (S 1120,688,667) (S 430,464,465) (S 796,467,684) (S 795,467,683) (S 794,682,683) (S 1113,683,641) (S 715,641,468) (S 714,640,641) (S 1112,641,556) (S 550,556,469) (S 434,469,468) (S 433,468,467) (S 432,467,466) (S 813,692,466) (S 1173,464,825) (D 0,0,0)
 0 1 49 9000 32650  20 (D 0,0,0) (S 786,133,680) (S 1189,842,680) (S 785,680,679) (S 1160,679,252) (S 214,251,231) (S 215,231,252) (S 216,252,253) (S 1159,252,802) (S 1158,802,726) (S 1157,836,726) (S 885,726,421) (S 884,421,725) (S 949,725,756) (S 953,756,127) (S 103,127,126) (S 881,724,314) (S 879,470,540) (S 530,158,539) (D 0,0,0)
 0 1 50 8989 31396  22 (D 0,0,0) (S 1133,357,335) (S 1119,667,825) (S 1118,825,440) (S 1117,440,665) (S 754,665,465) (S 431,465,466) (S 814,466,693) (S 815,693,694) (S 1115,693,662) (S 752,661,662) (S 1116,662,665) (S 755,665,666) (S 617,594,440) (S 408,440,441) (S 1171,840,441) (S 409,441,442) (S 757,442,668) (S 756,442,667) (S 803,688,485) (S 804,485,20) (D 0,0,0)
 0 1 51 8864 14817  14 (D 0,0,0) (S 63,81,80) (S 614,80,532) (S 613,532,585) (S 612,585,590) (S 611,590,589) (S 775,196,623) (S 774,623,505) (S 694,505,622) (S 681,622,584) (S 310,353,354) (S 311,354,355) (S 321,354,193) (D 0,0,0)
 0 1 52 8934 30017  21 (D 0,0,0) (S 359,395,396) (S 514,89,530) (S 631,530,597) (S 632,597,598) (S 668,597,615) (S 1188,615,842) (S 1198,842,844) (S 1197,615,844) (S 1199,844,135) (S 111,135,134) (S 992,134,38) (S 864,712,713) (S 990,712,221) (S 187,220,221) (S 188,221,222) (S 822,681,285) (S 243,284,285) (S 823,285,536) (S 523,536,364) (D 0,0,0)
 0 1 53 8741 14678  23 (D 0,0,0) (S 500,520,351) (S 309,351,352) (S 1086,352,451) (S 417,451,419) (S 384,419,418) (S 925,418,739) (S 902,739,450) (S 415,450,449) (S 895,449,170) (S 896,170,67) (S 54,67,68) (S 600,68,583) (S 601,583,504) (S 1165,583,737) (S 898,737,738) (S 137,171,172) (S 901,171,450) (S 416,450,419) (S 1087,451,65) (S 51,65,64) (S 1027,64,787) (D 0,0,0)
 0 1 54 8672 12890  26 (D 0,0,0) (S 13,17,16) (S 12,16,15) (S 477,14,506) (S 783,506,346) (S 302,346,345) (S 492,345,379) (S 344,379,380) (S 345,380,264) (S 223,264,263) (S 338,263,86) (S 68,86,85) (S 67,85,42) (S 66,42,84) (S 748,84,657) (S 935,657,746) (S 747,657,656) (S 1098,656,818) (S 746,656,655) (S 868,716,655) (S 745,655,262) (S 846,654,82) (S 160,82,190) (S 161,190,191) (S 1100,191,3) (D 0,0,0)
 0 1 55 8667 13982  30 (D 0,0,0) (S 764,672,179) (S 143,179,178) (S 872,344,380) (S 871,380,86) (S 339,86,375) (S 489,375,512) (S 1093,512,715) (S 1092,817,715) (S 866,715,371) (S 333,371,370) (S 758,370,669) (S 340,370,375) (S 490,375,513) (S 606,513,369) (S 331,369,368) (S 522,368,527) (S 521,527,535) (S 520,535,445) (S 411,445,318) (S 277,318,317) (S 1156,317,835) (S 276,317,316) (S 1142,316,761) (S 1141,761,526) (S 506,526,525) (S 505,525,524) (S 766,524,16) (S 765,16,672) (D 0,0,0)
 0 1 56 8998 22050  19 (D 0,0,0) (S 1134,814,357) (S 313,357,322) (S 579,573,572) (S 865,572,714) (S 578,572,571) (S 437,472,471) (S 916,690,97) (S 77,96,97) (S 78,97,98) (S 79,98,99) (S 80,99,100) (S 467,100,461) (S 427,461,460) (S 426,460,361) (S 317,361,360) (S 917,360,691) (S 812,471,334) (D 0,0,0)
 0 1 57 8993 33850  19 (D 0,0,0) (S 944,753,103) (S 84,104,105) (S 85,105,106) (S 86,106,107) (S 148,108,46) (S 147,46,182) (S 146,182,75) (S 145,181,75) (S 60,75,74) (S 59,73,74) (S 1066,74,806) (S 1073,806,767) (S 987,767,73) (S 986,73,766) (S 395,429,377) (S 394,377,386) (S 351,386,387) (D 0,0,0)
 0 1 58 8992 24009  24 (D 0,0,0) (S 402,415,434) (S 649,453,571) (S 648,571,472) (S 647,472,96) (S 646,96,606) (S 963,606,741) (S 964,741,707) (S 849,707,201) (S 848,201,146) (S 847,706,146) (S 118,146,147) (S 119,147,148) (S 120,148,149) (S 117,146,145) (S 915,145,742) (S 293,336,144) (S 116,144,145) (S 914,145,202) (S 913,202,741) (S 912,741,95) (S 75,95,94) (S 851,94,592) (D 0,0,0)
 0 1 59 8995 20877  17 (D 0,0,0) (S 1091,4,734) (S 891,734,621) (S 677,620,621) (S 682,622,623) (S 683,623,624) (S 684,624,625) (S 1130,624,830) (S 1129,624,829) (S 1162,838,829) (S 57,71,70) (S 371,406,405) (S 698,405,633) (S 701,634,515) (S 494,515,516) (S 498,519,416) (D 0,0,0)
 0 1 60 8916 18331  18 (D 0,0,0) (S 381,416,327) (S 286,327,328) (S 842,704,607) (S 650,52,453) (S 419,453,454) (S 420,454,455) (S 616,592,593) (S 852,592,455) (S 853,455,54) (S 42,54,53) (S 41,53,52) (S 651,52,607) (S 1081,705,434) (S 401,434,349) (S 307,350,326) (S 1029,325,520) (D 0,0,0)
 0 1 61 8881 16520  16 (D 0,0,0) (S 1090,734,733) (S 679,459,353) (S 680,353,584) (S 693,622,195) (S 692,195,590) (S 691,590,207) (S 177,207,208) (S 1121,208,588) (S 557,559,209) (S 556,209,558) (S 1132,558,826) (S 1122,826,208) (S 605,206,585) (S 604,585,194) (D 0,0,0)
 0 1 62 8946 27008  17 (D 0,0,0) (S 278,318,319) (S 661,319,534) (S 1010,779,778) (S 1009,778,238) (S 202,238,237) (S 1015,237,782) (S 980,236,152) (S 122,152,153) (S 981,152,140) (S 114,140,141) (S 982,140,391) (S 355,391,392) (S 356,392,393) (S 1005,777,393) (S 737,395,290) (D 0,0,0)
 0 1 63 8882 27530  17 (D 0,0,0) (S 391,427,426) (S 1017,426,779) (S 1011,779,239) (S 204,239,240) (S 1012,239,780) (S 203,239,238) (S 1016,778,781) (S 1013,781,425) (S 389,425,424) (S 876,721,722) (S 978,722,424) (S 979,424,236) (S 201,236,237) (S 1014,237,781) (S 390,425,426) (D 0,0,0)
 0 1 64 8993 32832  19 (D 0,0,0) (S 1154,719,832) (S 410,443,444) (S 412,447,446) (S 735,499,388) (S 734,388,652) (S 733,652,414) (S 732,651,414) (S 378,414,401) (S 375,400,410) (S 376,410,411) (S 379,410,401) (S 367,401,402) (S 366,401,400) (S 374,409,400) (S 365,400,399) (S 364,399,378) (S 352,387,388) (D 0,0,0)
 0 1 65 8898 23114  16 (D 0,0,0) (S 908,704,53) (S 910,454,591) (S 911,591,95) (S 76,95,96) (S 962,606,689) (S 807,689,203) (S 172,203,202) (S 171,202,201) (S 170,201,200) (S 713,200,639) (S 1161,837,639) (S 965,638,707) (S 850,707,94) (S 905,328,519) (D 0,0,0)
 0 1 66 8989 27387  14 (D 0,0,0) (S 418,452,427) (S 738,137,290) (S 249,154,291) (S 509,291,241) (S 508,241,528) (S 784,528,678) (S 205,241,242) (S 320,242,363) (S 645,363,155) (S 123,155,154) (S 248,154,290) (S 112,136,137) (D 0,0,0)
 0 1 67 8900 16292  27 (D 0,0,0) (S 816,0,677) (S 928,675,671) (S 929,671,508) (S 931,343,260) (S 933,745,43) (S 1105,821,822) (S 1106,822,823) (S 1131,823,831) (S 1183,822,43) (S 934,43,657) (S 65,83,84) (S 749,84,373) (S 337,373,374) (S 750,373,658) (S 336,373,40) (S 31,40,41) (S 488,41,512) (S 1094,512,85) (S 224,264,265) (S 480,266,507) (S 479,507,177) (S 142,177,178) (S 398,178,431) (S 781,431,672) (S 780,672,674) (D 0,0,0)
 0 1 68 8935 17870  14 (D 0,0,0) (S 1,0,1) (S 2,2,3) (S 889,732,731) (S 926,731,28) (S 21,27,26) (S 1018,26,783) (S 972,27,686) (S 753,663,664) (S 799,663,686) (S 22,27,28) (S 1099,732,3) (S 817,2,0) (D 0,0,0)
 0 1 69 8998 40076  14 (D 0,0,0) (S 539,547,548) (S 39,49,50) (S 988,49,767) (S 1074,806,182) (S 1075,182,812) (S 61,76,77) (S 1182,76,812) (S 1181,812,45) (S 1179,109,545) (S 1071,809,808) (S 90,111,112) (S 92,113,114) (D 0,0,0)
 0 1 70 8968 35863  13 (D 0,0,0) (S 720,548,537) (S 149,183,108) (S 88,108,109) (S 1180,109,45) (S 34,44,45) (S 35,45,46) (S 36,46,47) (S 1190,48,105) (S 1191,105,843) (S 1192,843,543) (S 533,542,541) (D 0,0,0)
