1726387
70
21600943
19660037
 0 1 1 8506 17870  13 (D 0,0,0) (S 1,0,1) (S 2,2,3) (S 1099,3,732) (S 889,732,731) (S 926,731,28) (S 22,28,27) (S 1018,26,783) (S 21,26,27) (S 972,27,686) (S 799,686,663) (S 753,663,664) (D 0,0,0)
 0 1 2 8796 13692  23 (D 0,0,0) (S 1026,3,787) (S 1167,787,816) (S 1088,816,65) (S 1087,65,451) (S 417,451,419) (S 384,419,418) (S 902,739,450) (S 901,450,171) (S 137,171,172) (S 136,171,170) (S 895,170,449) (S 414,449,312) (S 271,312,310) (S 270,310,311) (S 272,310,313) (S 903,739,740) (S 499,416,351) (S 500,351,520) (S 1028,520,64) (S 1027,64,787) (S 1168,787,63) (D 0,0,0)
 0 1 3 7900 11049  24 (D 0,0,0) (S 818,2,695) (S 1107,695,81) (S 64,81,82) (S 846,82,654) (S 744,654,262) (S 745,262,655) (S 1097,656,670) (S 1096,670,745) (S 1095,745,85) (S 1094,85,512) (S 488,41,512) (S 1093,715,512) (S 489,512,375) (S 490,375,513) (S 606,513,369) (S 522,368,527) (S 521,527,535) (S 968,535,761) (S 969,761,762) (S 1078,762,718) (S 870,718,719) (S 1153,719,708) (D 0,0,0)
 0 1 4 8794 15044  33 (D 0,0,0) (S 779,653,674) (S 770,674,180) (S 144,180,179) (S 142,178,177) (S 479,177,507) (S 873,507,344) (S 301,344,345) (S 491,513,379) (S 344,379,380) (S 871,380,86) (S 339,86,375) (S 340,375,370) (S 866,371,715) (S 1092,817,715) (S 867,715,372) (S 30,40,39) (S 669,616,39) (S 1085,39,815) (S 31,40,41) (S 32,41,42) (S 67,42,85) (S 68,85,86) (S 338,86,263) (S 223,263,264) (S 300,265,344) (S 872,344,380) (S 345,380,264) (S 224,264,265) (S 929,508,671) (S 762,671,267) (S 763,267,179) (D 0,0,0)
 0 1 5 8693 17345  27 (D 0,0,0) (S 227,268,267) (S 226,267,266) (S 225,266,265) (S 299,265,343) (S 931,343,260) (S 221,260,261) (S 759,261,670) (S 1106,822,823) (S 1131,823,831) (S 1105,821,822) (S 1183,822,43) (S 33,43,42) (S 66,42,84) (S 65,83,84) (S 748,84,657) (S 747,657,656) (S 1098,656,818) (S 746,656,655) (S 868,716,655) (S 160,82,190) (S 548,190,555) (S 483,509,5) (S 761,6,671) (S 928,671,675) (S 771,268,180) (D 0,0,0)
 0 1 6 8893 15753  29 (D 0,0,0) (S 780,674,672) (S 781,672,431) (S 783,506,346) (S 303,346,347) (S 1140,347,526) (S 1141,526,761) (S 1142,761,316) (S 276,316,317) (S 1156,317,835) (S 411,318,445) (S 1007,612,647) (S 730,647,648) (S 1001,647,611) (S 657,610,611) (S 658,611,612) (S 1008,612,774) (S 999,774,775) (S 998,773,774) (S 1000,774,611) (S 659,612,448) (S 519,534,445) (S 520,445,535) (S 507,527,526) (S 506,526,525) (S 505,525,524) (S 767,524,673) (S 971,673,708) (D 0,0,0)
 0 1 7 8579 14035  20 (D 0,0,0) (S 1152,522,708) (S 858,708,433) (S 283,324,325) (S 1030,325,495) (S 465,495,350) (S 306,350,349) (S 305,349,169) (S 135,168,169) (S 634,169,62) (S 49,61,62) (S 633,62,167) (S 134,167,166) (S 1034,166,702) (S 840,702,703) (S 855,703,436) (S 404,436,435) (S 906,435,328) (S 905,328,519) (D 0,0,0)
 0 1 8 8963 19189  14 (D 0,0,0) (S 501,521,520) (S 904,740,519) (S 497,519,518) (S 595,516,332) (S 291,332,333) (S 48,59,60) (S 449,59,481) (S 450,481,482) (S 834,481,333) (S 833,333,514) (S 493,514,515) (S 494,515,516) (D 0,0,0)
 0 1 9 8933 13840  20 (D 0,0,0) (S 381,416,327) (S 380,327,415) (S 403,415,435) (S 907,435,704) (S 842,704,607) (S 41,52,53) (S 42,53,54) (S 853,54,455) (S 420,455,454) (S 419,454,453) (S 650,453,52) (S 651,52,607) (S 843,607,705) (S 1081,705,434) (S 401,434,349) (S 307,350,326) (S 284,326,325) (S 1029,325,520) (D 0,0,0)
 0 1 10 8832 18781  20 (D 0,0,0) (S 382,416,417) (S 383,417,418) (S 922,313,582) (S 920,744,633) (S 699,633,627) (S 700,627,634) (S 701,634,515) (S 951,634,629) (S 688,629,630) (S 687,629,627) (S 685,627,626) (S 1045,626,581) (S 597,581,582) (S 598,582,404) (S 599,404,68) (S 54,68,67) (S 53,67,66) (S 899,66,738) (D 0,0,0)
 0 1 11 8474 17791  12 (D 0,0,0) (S 891,734,621) (S 679,459,353) (S 680,353,584) (S 603,584,194) (S 165,194,195) (S 166,195,196) (S 610,589,588) (S 608,559,587) (S 607,586,587) (S 976,587,300) (D 0,0,0)
 0 1 12 8992 15707  28 (D 0,0,0) (S 777,676,677) (S 742,653,63) (S 741,63,8) (S 5,7,6) (S 4,6,5) (S 482,5,508) (S 932,260,745) (S 933,745,43) (S 934,43,657) (S 935,657,746) (S 749,84,373) (S 337,373,374) (S 750,373,658) (S 336,373,40) (S 335,40,372) (S 334,372,371) (S 333,371,370) (S 758,370,669) (S 332,370,369) (S 331,369,368) (S 343,368,379) (S 492,379,345) (S 302,345,346) (S 477,506,14) (S 11,14,15) (S 399,15,431) (D 0,0,0)
 0 1 13 8996 25212  17 (D 0,0,0) (S 768,17,523) (S 970,673,762) (S 725,501,24) (S 20,24,25) (S 19,24,23) (S 887,23,729) (S 18,23,22) (S 17,22,21) (S 16,21,20) (S 805,20,503) (S 806,503,203) (S 172,203,202) (S 171,202,201) (S 850,707,94) (S 854,54,703) (D 0,0,0)
 0 1 14 8938 21364  19 (D 0,0,0) (S 1031,495,788) (S 1032,788,789) (S 1082,788,814) (S 313,357,322) (S 282,322,323) (S 314,322,358) (S 546,358,554) (S 113,138,139) (S 860,709,139) (S 861,139,554) (S 862,554,573) (S 637,574,601) (S 1021,601,337) (S 294,337,338) (S 1020,601,446) (S 412,446,447) (S 1137,443,432) (D 0,0,0)
 0 1 15 8800 16747  21 (D 0,0,0) (S 1154,719,832) (S 1138,832,432) (S 662,443,319) (S 280,320,321) (S 312,321,356) (S 281,321,322) (S 315,358,359) (S 580,359,573) (S 579,573,572) (S 865,572,714) (S 578,572,571) (S 648,571,472) (S 437,472,471) (S 812,471,334) (S 292,334,335) (S 1133,335,357) (S 1134,357,814) (S 1135,814,494) (S 464,494,495) (D 0,0,0)
 0 1 16 8985 15399  24 (D 0,0,0) (S 285,326,327) (S 286,327,328) (S 287,328,329) (S 288,329,330) (S 289,330,331) (S 290,331,332) (S 594,332,580) (S 1035,331,580) (S 593,580,438) (S 592,438,579) (S 837,579,636) (S 705,636,635) (S 961,758,760) (S 960,758,759) (S 959,758,635) (S 704,635,439) (S 407,439,438) (S 406,438,437) (S 405,437,436) (S 856,436,329) (S 857,329,518) (S 498,519,416) (D 0,0,0)
 0 1 17 8974 21453  23 (D 0,0,0) (S 308,351,326) (S 927,330,437) (S 1024,437,784) (S 1022,784,649) (S 731,649,650) (S 1025,784,786) (S 1023,784,785) (S 1040,785,793) (S 1039,792,793) (S 1041,793,660) (S 751,659,660) (S 1042,660,790) (S 1036,790,701) (S 1037,701,56) (S 1038,56,791) (S 44,56,55) (S 1043,55,794) (S 1102,794,819) (S 1101,794,51) (S 40,51,52) (S 402,434,415) (D 0,0,0)
 0 1 18 8948 27623  27 (D 0,0,0) (S 43,54,55) (S 45,56,57) (S 708,456,562) (S 562,562,563) (S 709,562,93) (S 72,92,91) (S 71,90,91) (S 874,91,282) (S 875,282,720) (S 242,282,283) (S 241,282,281) (S 918,281,477) (S 443,477,199) (S 168,199,198) (S 167,197,198) (S 877,198,280) (S 239,279,280) (S 878,280,723) (S 240,280,281) (S 919,281,743) (S 444,477,92) (S 835,481,700) (S 703,439,422) (S 388,422,423) (S 702,422,515) (D 0,0,0)
 0 1 19 8531 15162  24 (D 0,0,0) (S 502,522,521) (S 1002,417,740) (S 1003,740,735) (S 892,735,518) (S 496,518,517) (S 641,602,603) (S 724,603,604) (S 723,645,604) (S 644,604,605) (S 686,605,628) (S 643,604,602) (S 642,602,517) (S 495,517,516) (S 596,516,581) (S 1044,581,776) (S 1004,776,735) (S 893,735,736) (S 894,736,449) (S 415,449,450) (S 416,450,419) (S 1086,451,352) (S 309,352,351) (D 0,0,0)
 0 1 20 8811 12008  28 (D 0,0,0) (S 228,63,268) (S 772,268,675) (S 773,675,7) (S 6,7,8) (S 740,8,555) (S 549,555,509) (S 484,509,510) (S 845,509,654) (S 222,262,261) (S 760,261,342) (S 297,341,342) (S 298,342,343) (S 930,343,508) (S 481,508,266) (S 480,266,507) (S 478,177,506) (S 782,506,431) (S 398,431,178) (S 143,178,179) (S 764,179,672) (S 765,672,16) (S 766,16,524) (S 504,524,523) (S 503,523,522) (S 743,522,653) (S 816,677,0) (D 0,0,0)
 0 1 21 8832 16630  17 (D 0,0,0) (S 817,0,2) (S 1084,4,191) (S 555,306,558) (S 556,558,209) (S 1132,558,826) (S 1122,826,208) (S 1121,208,588) (S 609,588,559) (S 557,559,209) (S 178,209,208) (S 177,208,207) (S 605,206,585) (S 604,585,194) (S 164,194,193) (S 163,193,192) (D 0,0,0)
 0 1 22 8500 13866  14 (D 0,0,0) (S 516,191,532) (S 613,532,585) (S 612,585,590) (S 611,590,589) (S 776,589,196) (S 775,196,623) (S 682,623,622) (S 693,622,195) (S 692,195,590) (S 691,590,207) (S 176,207,206) (S 175,206,151) (D 0,0,0)
 0 1 23 7487 11160  21 (D 0,0,0) (S 778,677,653) (S 769,674,17) (S 13,17,16) (S 12,16,15) (S 1080,14,525) (S 1079,525,762) (S 1139,718,832) (S 1155,832,317) (S 277,317,318) (S 278,318,319) (S 279,319,320) (S 463,320,494) (S 1136,494,443) (S 410,443,444) (S 400,432,433) (S 859,433,324) (S 689,631,324) (S 690,324,521) (S 792,521,677) (D 0,0,0)
 0 1 24 8955 20124  17 (D 0,0,0) (S 425,192,355) (S 310,354,353) (S 476,504,505) (S 695,505,632) (S 1163,632,829) (S 1162,838,829) (S 1128,829,71) (S 58,71,72) (S 57,71,70) (S 371,406,405) (S 698,405,633) (S 921,633,582) (S 923,313,736) (S 924,736,739) (S 925,739,418) (D 0,0,0)
 0 1 25 7073 12976  16 (D 0,0,0) (S 1083,4,728) (S 886,728,727) (S 936,747,727) (S 1091,4,734) (S 1090,734,733) (S 890,733,621) (S 677,620,621) (S 678,621,459) (S 423,458,459) (S 424,459,355) (S 311,355,354) (S 321,354,193) (S 162,192,191) (S 1100,191,3) (D 0,0,0)
 0 1 26 8239 12151  11 (D 0,0,0) (S 1108,695,205) (S 174,205,151) (S 121,151,150) (S 518,150,533) (S 517,150,532) (S 614,532,80) (S 63,80,81) (S 547,81,190) (S 161,190,191) (D 0,0,0)
 0 1 27 8953 18693  19 (D 0,0,0) (S 602,584,504) (S 601,504,583) (S 1164,583,632) (S 696,632,69) (S 56,69,70) (S 1033,70,406) (S 372,406,407) (S 1126,828,407) (S 373,407,408) (S 1127,407,71) (S 1129,829,624) (S 1130,624,830) (S 684,624,625) (S 683,624,623) (S 774,623,505) (S 694,505,622) (S 681,622,584) (D 0,0,0)
 0 1 28 8988 31661  21 (D 0,0,0) (S 561,214,561) (S 538,546,547) (S 571,547,566) (S 191,225,224) (S 254,295,296) (S 258,296,297) (S 259,297,298) (S 623,463,217) (S 237,277,276) (S 257,276,135) (S 111,135,134) (S 110,133,134) (S 992,134,38) (S 29,37,38) (S 991,38,712) (S 864,712,713) (S 990,712,221) (S 346,381,382) (S 545,383,287) (D 0,0,0)
 0 1 29 8921 23370  15 (D 0,0,0) (S 1170,608,577) (S 523,364,536) (S 524,536,248) (S 211,248,247) (S 718,247,223) (S 717,643,223) (S 190,223,224) (S 527,224,538) (S 626,538,596) (S 1055,596,173) (S 139,173,174) (S 329,174,293) (S 559,294,258) (D 0,0,0)
 0 1 30 8928 34891  28 (D 0,0,0) (S 252,294,293) (S 1057,799,798) (S 1053,798,797) (S 1064,797,805) (S 1196,805,800) (S 1058,800,798) (S 1054,798,122) (S 100,122,123) (S 1060,187,801) (S 1149,801,124) (S 102,124,125) (S 1062,125,803) (S 973,763,764) (S 974,764,765) (S 975,765,32) (S 158,12,188) (S 828,699,188) (S 829,188,11) (S 7,9,10) (S 825,10,35) (S 27,35,34) (S 831,34,120) (S 28,35,36) (S 824,35,120) (S 97,120,119) (S 96,119,118) (D 0,0,0)
 0 1 31 8965 33771  20 (D 0,0,0) (S 98,119,121) (S 99,121,122) (S 156,123,32) (S 25,32,33) (S 157,32,12) (S 10,12,13) (S 9,12,11) (S 8,11,10) (S 826,10,189) (S 827,189,698) (S 159,189,188) (S 830,11,34) (S 26,34,33) (S 1145,33,121) (S 1144,121,799) (S 1056,799,118) (S 95,118,115) (S 330,115,174) (D 0,0,0)
 0 1 32 8952 33837  26 (D 0,0,0) (S 526,537,224) (S 255,296,218) (S 185,218,219) (S 179,210,211) (S 565,211,486) (S 455,486,487) (S 454,486,274) (S 209,246,245) (S 208,245,130) (S 207,130,244) (S 937,244,129) (S 106,129,130) (S 575,569,131) (S 108,131,132) (S 200,132,235) (S 199,132,234) (S 716,642,234) (S 540,549,550) (S 541,551,549) (S 542,549,233) (S 197,232,233) (S 198,233,234) (S 109,132,133) (S 787,133,595) (D 0,0,0)
 0 1 33 8990 30928  26 (D 0,0,0) (S 948,115,755) (S 947,755,754) (S 946,754,541) (S 532,541,540) (S 879,540,470) (S 881,314,724) (S 958,757,724) (S 882,724,126) (S 941,750,751) (S 942,751,752) (S 950,751,725) (S 884,725,421) (S 387,421,420) (S 385,243,161) (S 129,161,128) (S 105,128,129) (S 938,129,748) (S 955,748,245) (S 210,246,213) (S 428,213,462) (S 429,462,463) (S 624,463,297) (S 625,297,538) (S 720,537,548) (D 0,0,0)
 0 1 34 9000 33013  19 (D 0,0,0) (S 530,539,158) (S 533,541,542) (S 534,542,543) (S 1192,543,843) (S 1209,843,847) (S 1208,847,845) (S 1207,845,183) (S 149,183,108) (S 88,108,109) (S 1179,109,545) (S 1178,545,809) (S 1177,809,110) (S 1150,111,801) (S 154,187,186) (S 1065,186,805) (S 1063,797,804) (S 1143,804,799) (D 0,0,0)
 0 1 35 8930 40623  13 (D 0,0,0) (S 153,186,112) (S 1071,808,809) (S 1181,45,812) (S 61,76,77) (S 1182,76,812) (S 1075,812,182) (S 147,182,46) (S 148,46,108) (S 87,108,107) (S 83,104,103) (S 945,753,541) (D 0,0,0)
 0 1 36 8996 33575  21 (D 0,0,0) (S 1212,755,811) (S 1072,811,810) (S 1076,810,813) (S 1194,813,113) (S 91,113,112) (S 90,112,111) (S 1151,111,808) (S 1070,808,185) (S 151,185,184) (S 150,184,183) (S 1206,849,183) (S 1200,845,107) (S 86,107,106) (S 1203,106,847) (S 1202,847,544) (S 1201,846,544) (S 535,544,543) (S 1193,543,813) (S 1077,810,754) (D 0,0,0)
 0 1 37 8881 32423  17 (D 0,0,0) (S 92,114,113) (S 1195,113,805) (S 1059,800,187) (S 155,187,123) (S 101,123,124) (S 1148,124,765) (S 1147,765,834) (S 1146,833,834) (S 1174,834,764) (S 1175,764,125) (S 1176,125,110) (S 89,110,111) (S 152,112,185) (S 1069,185,114) (S 93,114,115) (D 0,0,0)
 0 1 38 8801 25322  9 (D 0,0,0) (S 251,293,292) (S 630,292,269) (S 629,269,367) (S 628,367,565) (S 192,225,226) (S 326,226,366) (S 219,257,258) (D 0,0,0)
 0 1 39 8962 31181  22 (D 0,0,0) (S 560,561,258) (S 558,560,294) (S 253,294,295) (S 529,295,539) (S 568,539,462) (S 567,462,219) (S 566,219,211) (S 180,211,212) (S 186,212,219) (S 184,218,217) (S 232,216,271) (S 231,270,216) (S 183,216,217) (S 622,217,277) (S 247,278,289) (S 246,288,278) (S 238,278,277) (S 621,277,570) (S 823,285,536) (S 322,364,29) (D 0,0,0)
 0 1 40 8857 27499  21 (D 0,0,0) (S 791,287,576) (S 790,576,681) (S 788,222,595) (S 620,595,570) (S 577,570,564) (S 563,564,275) (S 564,275,486) (S 181,212,213) (S 436,213,470) (S 880,470,314) (S 273,314,159) (S 126,159,158) (S 138,158,173) (S 627,596,565) (S 569,565,225) (S 570,225,566) (S 722,566,644) (S 572,547,249) (S 1184,578,609) (D 0,0,0)
 0 1 41 8820 24210  17 (D 0,0,0) (S 590,366,578) (S 589,578,567) (S 588,567,577) (S 587,577,364) (S 586,364,286) (S 585,286,576) (S 584,576,382) (S 347,382,383) (S 544,553,383) (S 348,383,30) (S 24,30,31) (S 349,30,384) (S 23,30,29) (S 654,608,609) (S 1123,557,205) (D 0,0,0)
 0 1 42 8929 24303  23 (D 0,0,0) (S 554,306,557) (S 553,557,215) (S 655,561,609) (S 653,608,29) (S 652,29,287) (S 245,287,286) (S 244,286,285) (S 243,284,285) (S 822,285,681) (S 821,681,381) (S 820,697,381) (S 989,381,221) (S 187,220,221) (S 188,221,222) (S 189,222,223) (S 719,247,537) (S 525,537,248) (S 212,248,249) (S 213,249,250) (S 573,249,567) (S 574,567,568) (D 0,0,0)
 0 1 43 8980 35904  15 (D 0,0,0) (S 539,547,548) (S 1187,542,841) (S 1210,841,843) (S 1191,843,105) (S 1190,105,48) (S 37,48,47) (S 1205,47,848) (S 36,47,46) (S 35,46,45) (S 34,44,45) (S 1180,45,109) (S 537,545,184) (S 536,184,544) (D 0,0,0)
 0 1 44 8978 32534  31 (D 0,0,0) (S 819,695,696) (S 721,566,548) (S 528,538,295) (S 256,218,276) (S 236,276,275) (S 235,275,274) (S 453,274,246) (S 275,246,315) (S 939,315,748) (S 956,748,160) (S 957,160,757) (S 952,757,127) (S 103,127,126) (S 883,126,725) (S 954,756,420) (S 386,420,161) (S 130,161,162) (S 131,162,163) (S 1051,162,795) (S 1061,795,802) (S 1158,802,726) (S 1157,836,726) (S 885,726,421) (S 949,725,756) (S 953,756,127) (S 104,127,128) (S 128,128,160) (S 127,160,159) (S 274,159,315) (D 0,0,0)
 0 1 45 8816 31258  11 (D 0,0,0) (S 325,257,366) (S 327,226,367) (S 328,367,293) (S 140,174,175) (S 1068,175,807) (S 141,175,176) (S 1067,175,348) (S 304,348,292) (S 230,269,227) (D 0,0,0)
 0 1 46 8827 25039  9 (D 0,0,0) (S 324,365,257) (S 218,257,256) (S 229,256,227) (S 194,227,228) (S 193,227,226) (S 182,214,215) (S 173,204,205) (D 0,0,0)
 0 1 47 8853 21972  12 (D 0,0,0) (S 267,306,300) (S 262,300,301) (S 1125,301,827) (S 1124,301,557) (S 220,258,259) (S 656,561,365) (S 323,365,117) (S 94,117,116) (S 977,116,300) (S 266,306,151) (D 0,0,0)
 0 1 48 8486 13138  20 (D 0,0,0) (S 3,3,4) (S 1089,733,816) (S 1166,816,738) (S 898,738,737) (S 1165,737,583) (S 600,583,68) (S 55,68,69) (S 697,69,405) (S 370,405,404) (S 369,404,403) (S 663,403,613) (S 368,403,170) (S 897,67,737) (S 896,67,170) (S 900,171,66) (S 52,66,65) (S 51,65,64) (S 50,64,63) (D 0,0,0)
 0 1 49 8818 32477  21 (D 0,0,0) (S 660,534,448) (S 664,363,156) (S 125,156,157) (S 666,614,88) (S 69,87,88) (S 667,88,597) (S 668,597,615) (S 1188,615,842) (S 1189,842,680) (S 785,680,679) (S 1160,679,252) (S 216,252,253) (S 1159,252,802) (S 1052,795,796) (S 1103,820,796) (S 1104,796,243) (S 206,243,244) (S 107,130,131) (S 576,131,564) (D 0,0,0)
 0 1 50 8863 27511  17 (D 0,0,0) (S 391,427,426) (S 390,426,425) (S 1013,425,781) (S 389,425,424) (S 978,424,722) (S 876,721,722) (S 979,424,236) (S 201,236,237) (S 202,237,238) (S 1009,238,778) (S 203,238,239) (S 1012,239,780) (S 204,239,240) (S 1011,239,779) (S 1017,779,426) (D 0,0,0)
 0 1 51 8952 27416  16 (D 0,0,0) (S 1010,779,778) (S 1016,778,781) (S 1014,781,237) (S 1015,237,782) (S 980,236,152) (S 122,152,153) (S 981,152,140) (S 114,140,141) (S 982,140,391) (S 355,391,392) (S 392,392,428) (S 469,428,498) (S 1006,498,393) (S 737,395,290) (D 0,0,0)
 0 1 52 8958 28728  19 (D 0,0,0) (S 359,395,396) (S 485,511,396) (S 486,396,500) (S 487,500,389) (S 354,389,390) (S 1050,390,530) (S 515,530,531) (S 514,530,89) (S 70,88,89) (S 513,89,397) (S 512,397,529) (S 511,529,155) (S 645,155,363) (S 320,363,242) (S 250,242,291) (S 869,717,427) (S 1019,452,446) (D 0,0,0)
 0 1 53 8969 26986  14 (D 0,0,0) (S 418,452,427) (S 738,137,290) (S 248,290,154) (S 249,154,291) (S 205,242,241) (S 508,241,528) (S 784,528,678) (S 509,241,291) (S 510,291,155) (S 123,155,154) (S 112,136,137) (S 739,137,427) (D 0,0,0)
 0 1 54 8976 33030  21 (D 0,0,0) (S 736,395,499) (S 471,499,398) (S 362,398,387) (S 363,387,378) (S 364,378,399) (S 365,399,400) (S 374,409,400) (S 375,400,410) (S 376,410,411) (S 379,410,401) (S 366,400,401) (S 367,401,402) (S 378,401,414) (S 732,651,414) (S 733,414,652) (S 734,652,388) (S 735,388,499) (S 472,499,500) (S 360,397,396) (D 0,0,0)
 0 1 55 8994 39878  16 (D 0,0,0) (S 789,681,222) (S 786,133,680) (S 196,231,230) (S 234,230,273) (S 233,272,230) (S 195,230,229) (S 261,229,254) (S 217,254,255) (S 543,552,299) (S 260,299,229) (S 214,251,231) (S 215,231,252) (S 1198,842,844) (S 619,38,595) (D 0,0,0)
 0 1 56 8942 33727  19 (D 0,0,0) (S 618,38,135) (S 1199,135,844) (S 1197,844,615) (S 632,597,598) (S 631,597,530) (S 1049,390,652) (S 1048,652,399) (S 1047,399,429) (S 396,429,412) (S 397,412,430) (S 377,412,413) (S 342,378,377) (S 341,377,376) (S 983,385,391) (S 356,392,393) (S 1005,777,393) (S 357,393,394) (D 0,0,0)
 0 1 57 8905 32698  19 (D 0,0,0) (S 944,753,103) (S 943,103,49) (S 1073,767,806) (S 1074,806,182) (S 146,182,75) (S 145,181,75) (S 60,75,74) (S 1066,806,74) (S 59,74,73) (S 986,73,766) (S 985,766,376) (S 984,376,385) (S 350,385,386) (S 393,386,428) (S 470,498,398) (S 361,398,394) (S 358,394,395) (D 0,0,0)
 0 1 58 8939 33807  22 (D 0,0,0) (S 531,158,540) (S 1211,753,841) (S 1186,841,104) (S 84,104,105) (S 85,105,106) (S 1204,106,47) (S 38,48,49) (S 39,49,50) (S 988,49,767) (S 987,767,73) (S 1046,766,429) (S 395,429,377) (S 394,377,386) (S 351,386,387) (S 352,387,388) (S 353,388,389) (S 473,500,89) (S 1185,529,614) (S 665,614,156) (S 124,156,155) (D 0,0,0)
 0 1 59 8959 21603  18 (D 0,0,0) (S 661,319,534) (S 729,647,646) (S 583,575,497) (S 468,497,461) (S 467,461,100) (S 80,100,99) (S 79,99,98) (S 78,98,97) (S 77,96,97) (S 916,97,690) (S 917,691,360) (S 317,360,361) (S 426,361,460) (S 427,460,461) (S 582,497,574) (S 581,574,359) (D 0,0,0)
 0 1 60 8971 32528  14 (D 0,0,0) (S 810,691,690) (S 809,690,599) (S 808,599,689) (S 15,20,19) (S 14,19,18) (S 296,18,340) (S 439,474,475) (S 1169,474,839) (S 438,474,473) (S 552,473,340) (S 295,339,340) (S 994,19,769) (D 0,0,0)
 0 1 61 8989 38705  15 (D 0,0,0) (S 993,768,19) (S 551,473,469) (S 550,469,556) (S 269,308,309) (S 1109,824,308) (S 268,307,308) (S 1110,308,303) (S 1111,303,556) (S 1112,556,641) (S 714,640,641) (S 1113,641,683) (S 1114,683,693) (S 815,693,694) (D 0,0,0)
 0 1 62 8980 34595  20 (D 0,0,0) (S 1172,825,441) (S 1116,665,662) (S 1115,662,693) (S 794,682,683) (S 795,683,467) (S 796,467,684) (S 433,467,468) (S 434,468,469) (S 435,469,304) (S 265,304,305) (S 264,304,303) (S 263,302,303) (S 715,641,468) (S 432,467,466) (S 754,465,665) (S 1118,440,825) (S 1119,825,667) (S 1120,667,688) (D 0,0,0)
 0 1 63 8972 30300  21 (D 0,0,0) (S 803,485,688) (S 1173,825,464) (S 430,464,465) (S 431,465,466) (S 813,692,466) (S 814,466,693) (S 752,661,662) (S 755,665,666) (S 1117,665,440) (S 617,594,440) (S 408,440,441) (S 1171,840,441) (S 409,441,442) (S 757,442,668) (S 756,442,667) (S 475,503,502) (S 640,600,99) (S 639,99,460) (S 638,460,574) (D 0,0,0)
 0 1 64 8996 30001  19 (D 0,0,0) (S 76,95,96) (S 962,606,689) (S 807,689,203) (S 804,20,485) (S 452,485,484) (S 458,484,490) (S 462,490,493) (S 802,493,688) (S 801,493,496) (S 800,687,496) (S 466,496,489) (S 457,489,490) (S 461,490,492) (S 460,491,492) (S 673,492,483) (S 451,483,484) (S 811,691,471) (D 0,0,0)
 0 1 65 8932 32586  13 (D 0,0,0) (S 459,21,484) (S 456,489,488) (S 863,710,711) (S 967,710,488) (S 966,488,618) (S 676,618,619) (S 675,618,617) (S 888,617,730) (S 674,617,492) (S 672,483,22) (S 671,22,502) (D 0,0,0)
 0 1 66 8996 26830  22 (D 0,0,0) (S 911,591,95) (S 912,95,741) (S 913,741,202) (S 914,202,145) (S 915,145,742) (S 116,145,144) (S 293,336,144) (S 117,145,146) (S 119,147,148) (S 120,148,149) (S 118,147,146) (S 847,706,146) (S 848,146,201) (S 170,201,200) (S 1161,837,639) (S 713,639,200) (S 712,200,638) (S 965,638,707) (S 75,94,95) (S 908,53,704) (D 0,0,0)
 0 1 67 8617 20291  16 (D 0,0,0) (S 413,448,447) (S 793,447,646) (S 728,646,575) (S 727,575,101) (S 82,101,102) (S 81,100,101) (S 726,101,501) (S 474,501,502) (S 670,502,600) (S 636,600,362) (S 635,599,362) (S 319,362,98) (S 318,98,361) (S 316,360,359) (D 0,0,0)
 0 1 68 8955 22260  18 (D 0,0,0) (S 841,704,703) (S 839,702,701) (S 838,701,579) (S 591,579,57) (S 46,57,58) (S 47,58,59) (S 448,59,480) (S 995,480,770) (S 447,480,479) (S 997,479,772) (S 446,479,478) (S 996,478,771) (S 445,478,92) (S 73,92,93) (S 74,93,94) (S 851,94,592) (D 0,0,0)
 0 1 69 8959 22189  15 (D 0,0,0) (S 909,53,454) (S 910,454,591) (S 615,591,592) (S 616,592,593) (S 852,592,455) (S 421,455,456) (S 422,456,457) (S 707,456,58) (S 706,58,636) (S 836,636,700) (S 832,700,165) (S 132,164,165) (S 133,165,166) (D 0,0,0)
 0 1 70 8898 27125  20 (D 0,0,0) (S 844,167,705) (S 649,453,571) (S 647,472,96) (S 646,96,606) (S 963,606,741) (S 964,741,707) (S 849,707,201) (S 169,200,199) (S 441,79,476) (S 797,476,143) (S 115,143,142) (S 440,142,476) (S 798,476,685) (S 62,78,79) (S 442,79,199) (S 711,638,637) (S 940,637,749) (S 710,637,93) (D 0,0,0)
