1754283
70
3601203
3496952
 0 1 1 8905 33520  19 (D 0,0,0) (S 811,471,691) (S 431,465,466) (S 813,692,466) (S 814,466,693) (S 815,693,694) (S 795,683,467) (S 796,467,684) (S 433,467,468) (S 715,468,641) (S 714,640,641) (S 1113,641,683) (S 794,682,683) (S 1114,683,693) (S 754,665,465) (S 430,465,464) (S 1173,464,825) (S 803,688,485) (D 0,0,0)
 0 1 2 8993 31714  21 (D 0,0,0) (S 736,395,499) (S 471,499,398) (S 362,398,387) (S 363,387,378) (S 342,378,377) (S 395,377,429) (S 377,412,413) (S 397,412,430) (S 396,412,429) (S 1047,429,399) (S 1048,399,652) (S 1049,652,390) (S 1050,390,530) (S 514,530,89) (S 512,397,529) (S 1185,529,614) (S 665,614,156) (S 125,156,157) (S 320,363,242) (D 0,0,0)
 0 1 3 8786 14645  10 (D 0,0,0) (S 1108,695,205) (S 1123,205,557) (S 554,557,306) (S 267,306,300) (S 976,300,587) (S 610,588,589) (S 166,196,195) (S 165,195,194) (D 0,0,0)
 0 1 4 8984 31849  13 (D 0,0,0) (S 802,688,493) (S 801,493,496) (S 800,687,496) (S 466,496,489) (S 863,710,711) (S 967,710,488) (S 457,489,490) (S 673,492,483) (S 672,483,22) (S 671,22,502) (S 318,98,361) (D 0,0,0)
 0 1 5 8958 28243  21 (D 0,0,0) (S 78,98,97) (S 963,606,741) (S 913,741,202) (S 914,202,145) (S 116,145,144) (S 293,336,144) (S 915,145,742) (S 117,145,146) (S 118,146,147) (S 119,147,148) (S 120,148,149) (S 847,706,146) (S 848,146,201) (S 849,201,707) (S 850,707,94) (S 75,94,95) (S 615,591,592) (S 616,592,593) (S 284,326,325) (D 0,0,0)
 0 1 6 8988 16634  21 (D 0,0,0) (S 425,192,355) (S 311,355,354) (S 310,354,353) (S 602,584,504) (S 476,504,505) (S 695,505,632) (S 696,632,69) (S 57,70,71) (S 1127,71,407) (S 1126,828,407) (S 373,407,408) (S 372,407,406) (S 371,406,405) (S 370,405,404) (S 369,404,403) (S 368,403,170) (S 896,170,67) (S 53,67,66) (S 52,66,65) (D 0,0,0)
 0 1 7 8896 29183  23 (D 0,0,0) (S 1135,494,814) (S 1134,814,357) (S 1133,357,335) (S 812,334,471) (S 1120,688,667) (S 1119,667,825) (S 1172,825,441) (S 1171,840,441) (S 1118,825,440) (S 617,594,440) (S 1117,440,665) (S 755,665,666) (S 752,661,662) (S 1116,662,665) (S 408,440,441) (S 409,441,442) (S 757,442,668) (S 756,442,667) (S 475,503,502) (S 670,502,600) (S 636,600,362) (D 0,0,0)
 0 1 8 8808 29013  18 (D 0,0,0) (S 710,93,637) (S 940,637,749) (S 711,637,638) (S 169,200,199) (S 62,78,79) (S 441,79,476) (S 797,476,143) (S 115,143,142) (S 440,142,476) (S 798,476,685) (S 442,79,199) (S 168,199,198) (S 167,197,198) (S 443,199,477) (S 997,479,772) (S 448,480,59) (D 0,0,0)
 0 1 9 8673 16981  34 (D 0,0,0) (S 771,180,268) (S 227,268,267) (S 762,267,671) (S 929,671,508) (S 300,265,344) (S 873,344,507) (S 479,507,177) (S 478,177,506) (S 301,345,344) (S 872,344,380) (S 344,380,379) (S 343,379,368) (S 332,369,370) (S 758,370,669) (S 866,371,715) (S 488,41,512) (S 1094,512,85) (S 67,85,42) (S 66,42,84) (S 65,83,84) (S 935,657,746) (S 934,657,43) (S 932,745,260) (S 299,343,265) (S 224,265,264) (S 223,264,263) (S 338,263,86) (S 871,86,380) (S 345,380,264) (S 225,265,266) (S 480,266,507) (S 142,177,178) (D 0,0,0)
 0 1 10 8404 19466  12 (D 0,0,0) (S 381,416,327) (S 291,332,333) (S 450,481,482) (S 835,481,700) (S 48,59,60) (S 449,59,481) (S 834,481,333) (S 833,333,514) (S 493,514,515) (S 498,519,416) (D 0,0,0)
 0 1 11 8916 27318  21 (D 0,0,0) (S 586,364,286) (S 585,286,576) (S 584,576,382) (S 346,382,381) (S 820,697,381) (S 989,381,221) (S 187,220,221) (S 188,221,222) (S 618,38,135) (S 1199,135,844) (S 1197,844,615) (S 1188,615,842) (S 1189,842,680) (S 786,680,133) (S 787,133,595) (S 789,222,681) (S 243,284,285) (S 823,285,536) (S 587,364,577) (D 0,0,0)
 0 1 12 8977 34224  25 (D 0,0,0) (S 139,174,173) (S 879,540,470) (S 881,314,724) (S 952,757,127) (S 129,128,161) (S 131,162,163) (S 1051,162,795) (S 1052,795,796) (S 1103,820,796) (S 1104,796,243) (S 385,243,161) (S 386,161,420) (S 387,420,421) (S 954,420,756) (S 883,725,126) (S 103,126,127) (S 882,126,724) (S 958,724,757) (S 957,757,160) (S 956,160,748) (S 938,748,129) (S 106,129,130) (S 107,130,131) (D 0,0,0)
 0 1 13 8736 19175  28 (D 0,0,0) (S 1029,520,325) (S 1035,331,580) (S 407,438,439) (S 704,439,635) (S 960,758,759) (S 961,758,760) (S 959,758,635) (S 837,636,579) (S 591,579,57) (S 45,57,56) (S 1038,56,791) (S 1037,56,701) (S 1036,701,790) (S 1042,790,660) (S 751,659,660) (S 1041,660,793) (S 1039,792,793) (S 1040,793,785) (S 1023,785,784) (S 1022,784,649) (S 731,649,650) (S 1025,784,786) (S 1024,784,437) (S 927,437,330) (S 288,330,329) (S 287,329,328) (D 0,0,0)
 0 1 14 8259 14978  26 (D 0,0,0) (S 500,520,351) (S 499,351,416) (S 1002,417,740) (S 1003,740,735) (S 892,735,518) (S 496,518,517) (S 642,517,602) (S 643,602,604) (S 723,645,604) (S 686,605,628) (S 644,605,604) (S 724,604,603) (S 641,603,602) (S 495,517,516) (S 595,516,332) (S 406,438,437) (S 405,437,436) (S 856,436,329) (S 857,329,518) (S 497,518,519) (S 904,519,740) (S 903,740,739) (S 925,739,418) (S 501,520,521) (D 0,0,0)
 0 1 15 8964 32816  26 (D 0,0,0) (S 625,538,297) (S 429,463,462) (S 428,462,213) (S 208,245,130) (S 207,130,244) (S 937,244,129) (S 105,129,128) (S 104,128,127) (S 953,127,756) (S 949,756,725) (S 942,751,752) (S 941,750,751) (S 950,751,725) (S 884,725,421) (S 885,421,726) (S 1157,836,726) (S 1158,726,802) (S 1159,802,252) (S 1061,802,795) (S 130,162,161) (S 206,243,244) (S 128,128,160) (S 127,160,159) (S 138,158,173) (D 0,0,0)
 0 1 16 8825 15173  19 (D 0,0,0) (S 858,708,433) (S 689,631,324) (S 283,324,325) (S 307,326,350) (S 306,350,349) (S 305,349,169) (S 135,168,169) (S 634,169,62) (S 49,61,62) (S 633,62,167) (S 134,167,166) (S 1034,166,702) (S 840,702,703) (S 855,703,436) (S 404,436,435) (S 906,435,328) (S 905,328,519) (D 0,0,0)
 0 1 17 8868 20305  21 (D 0,0,0) (S 465,495,350) (S 844,167,705) (S 651,607,52) (S 649,453,571) (S 648,571,472) (S 437,472,471) (S 809,690,599) (S 635,599,362) (S 319,362,98) (S 79,98,99) (S 80,99,100) (S 427,461,460) (S 426,460,361) (S 317,361,360) (S 316,360,359) (S 314,358,322) (S 282,322,323) (S 281,322,321) (S 1078,718,762) (D 0,0,0)
 0 1 18 8973 34197  22 (D 0,0,0) (S 93,115,114) (S 1194,113,813) (S 1201,846,544) (S 1202,544,847) (S 1209,847,843) (S 1191,843,105) (S 1205,47,848) (S 1204,47,106) (S 1203,106,847) (S 1200,845,107) (S 86,107,106) (S 85,106,105) (S 84,105,104) (S 1186,104,841) (S 1210,841,843) (S 1192,843,543) (S 534,543,542) (S 533,542,541) (S 946,541,754) (S 947,754,755) (D 0,0,0)
 0 1 19 8716 33117  23 (D 0,0,0) (S 791,287,576) (S 790,576,681) (S 620,595,570) (S 576,564,131) (S 575,569,131) (S 108,131,132) (S 200,132,235) (S 716,642,234) (S 198,234,233) (S 197,232,233) (S 540,549,550) (S 541,551,549) (S 542,549,233) (S 199,234,132) (S 109,132,133) (S 110,133,134) (S 991,38,712) (S 864,712,713) (S 990,712,221) (S 544,553,383) (S 545,383,287) (D 0,0,0)
 0 1 20 8978 34692  15 (D 0,0,0) (S 810,691,690) (S 15,20,19) (S 993,768,19) (S 994,19,769) (S 296,18,340) (S 438,473,474) (S 439,474,475) (S 1169,474,839) (S 550,556,469) (S 551,469,473) (S 552,473,340) (S 295,339,340) (S 14,18,19) (D 0,0,0)
 0 1 21 8958 23177  16 (D 0,0,0) (S 916,690,97) (S 77,97,96) (S 646,96,606) (S 962,606,689) (S 172,203,202) (S 171,202,201) (S 170,201,200) (S 1161,837,639) (S 713,639,200) (S 712,200,638) (S 965,638,707) (S 964,707,741) (S 912,741,95) (S 911,95,591) (D 0,0,0)
 0 1 22 8760 12883  33 (D 0,0,0) (S 779,653,674) (S 770,674,180) (S 144,180,179) (S 763,179,267) (S 226,267,266) (S 481,266,508) (S 930,508,343) (S 298,343,342) (S 297,341,342) (S 760,342,261) (S 222,261,262) (S 745,262,655) (S 868,716,655) (S 746,655,656) (S 1097,656,670) (S 1096,670,745) (S 1095,745,85) (S 68,85,86) (S 339,86,375) (S 491,513,379) (S 492,379,345) (S 302,345,346) (S 782,506,431) (S 781,431,672) (S 764,672,179) (S 143,179,178) (S 398,178,431) (S 399,431,15) (S 12,15,16) (S 765,16,672) (S 780,672,674) (D 0,0,0)
 0 1 23 8998 21886  19 (D 0,0,0) (S 1030,325,495) (S 1031,495,788) (S 1032,788,789) (S 580,359,573) (S 862,573,554) (S 861,554,139) (S 113,138,139) (S 860,709,139) (S 546,554,358) (S 315,358,359) (S 579,573,572) (S 865,572,714) (S 578,572,571) (S 647,472,96) (S 76,96,95) (S 910,591,454) (S 909,454,53) (D 0,0,0)
 0 1 24 8986 41018  17 (D 0,0,0) (S 173,204,205) (S 216,252,253) (S 215,252,231) (S 195,230,229) (S 260,229,299) (S 543,552,299) (S 217,254,255) (S 261,254,229) (S 234,230,273) (S 233,272,230) (S 196,230,231) (S 214,251,231) (S 1160,252,679) (S 785,679,680) (S 1198,842,844) (D 0,0,0)
 0 1 25 8982 28829  9 (D 0,0,0) (S 220,258,259) (S 559,258,294) (S 558,560,294) (S 253,294,295) (S 528,295,538) (S 211,247,248) (S 212,248,249) (D 0,0,0)
 0 1 26 8600 14608  26 (D 0,0,0) (S 64,81,82) (S 846,82,654) (S 744,654,262) (S 1098,656,818) (S 747,656,657) (S 748,657,84) (S 749,84,373) (S 750,373,658) (S 337,373,374) (S 336,373,40) (S 335,40,372) (S 867,372,715) (S 1092,817,715) (S 1093,715,512) (S 489,512,375) (S 490,375,513) (S 606,513,369) (S 331,369,368) (S 522,368,527) (S 507,527,526) (S 506,526,525) (S 505,525,524) (S 504,524,523) (S 503,523,522) (D 0,0,0)
 0 1 27 8902 18690  12 (D 0,0,0) (S 121,150,151) (S 266,151,306) (S 1132,558,826) (S 1122,826,208) (S 1121,208,588) (S 609,588,559) (S 608,559,587) (S 607,586,587) (S 557,559,209) (S 177,208,207) (D 0,0,0)
 0 1 28 8982 18080  19 (D 0,0,0) (S 1090,734,733) (S 1089,733,816) (S 1166,816,738) (S 898,738,737) (S 1165,737,583) (S 55,68,69) (S 599,68,404) (S 1033,406,70) (S 56,70,69) (S 697,69,405) (S 698,405,633) (S 598,582,404) (S 663,403,613) (S 137,171,172) (S 901,171,450) (S 1086,451,352) (S 309,352,351) (D 0,0,0)
 0 1 29 8980 30621  9 (D 0,0,0) (S 252,294,293) (S 140,174,175) (S 1068,175,807) (S 141,175,176) (S 1067,175,348) (S 304,348,292) (S 629,269,367) (D 0,0,0)
 0 1 30 7195 10541  19 (D 0,0,0) (S 778,677,653) (S 742,653,63) (S 228,63,268) (S 772,268,675) (S 5,6,7) (S 740,8,555) (S 549,555,509) (S 483,509,5) (S 4,5,6) (S 761,6,671) (S 928,671,675) (S 773,675,7) (S 6,7,8) (S 741,8,63) (S 1168,63,787) (S 1027,787,64) (S 1028,64,520) (D 0,0,0)
 0 1 31 8926 33795  21 (D 0,0,0) (S 734,388,652) (S 733,652,414) (S 732,651,414) (S 378,414,401) (S 367,401,402) (S 366,401,400) (S 374,409,400) (S 379,401,410) (S 376,410,411) (S 375,410,400) (S 365,400,399) (S 1046,429,766) (S 985,766,376) (S 984,385,376) (S 341,376,377) (S 394,377,386) (S 392,428,392) (S 356,392,393) (S 357,393,394) (D 0,0,0)
 0 1 32 8968 31100  19 (D 0,0,0) (S 17,22,21) (S 459,21,484) (S 451,484,483) (S 674,492,617) (S 888,617,730) (S 675,617,618) (S 676,618,619) (S 966,618,488) (S 456,488,489) (S 462,490,493) (S 461,490,492) (S 460,491,492) (S 458,490,484) (S 452,484,485) (S 804,485,20) (S 805,20,503) (S 917,691,360) (D 0,0,0)
 0 1 33 8999 20474  14 (D 0,0,0) (S 175,151,206) (S 178,208,209) (S 556,209,558) (S 555,558,306) (S 182,215,214) (S 323,365,117) (S 94,117,116) (S 977,116,300) (S 262,300,301) (S 1125,301,827) (S 1124,301,557) (S 174,205,151) (D 0,0,0)
 0 1 34 8969 24574  17 (D 0,0,0) (S 464,495,494) (S 583,497,575) (S 727,575,101) (S 82,101,102) (S 725,501,24) (S 20,24,25) (S 19,24,23) (S 887,23,729) (S 18,23,22) (S 16,21,20) (S 806,503,203) (S 807,203,689) (S 808,689,599) (S 292,334,335) (S 1082,814,788) (D 0,0,0)
 0 1 35 8899 29471  19 (D 0,0,0) (S 485,511,396) (S 486,396,500) (S 472,500,499) (S 735,499,388) (S 353,388,389) (S 354,389,390) (S 515,530,531) (S 631,530,597) (S 632,597,598) (S 668,597,615) (S 667,597,88) (S 69,87,88) (S 666,88,614) (S 664,156,363) (S 645,363,155) (S 510,155,291) (S 249,291,154) (D 0,0,0)
 0 1 36 8986 24788  17 (D 0,0,0) (S 653,608,29) (S 652,29,287) (S 245,287,286) (S 244,286,285) (S 822,285,681) (S 821,681,381) (S 347,382,383) (S 348,383,30) (S 349,30,384) (S 24,30,31) (S 23,30,29) (S 322,29,364) (S 1170,577,608) (S 654,608,609) (S 655,609,561) (D 0,0,0)
 0 1 37 8986 28493  18 (D 0,0,0) (S 418,452,427) (S 869,717,427) (S 1016,778,781) (S 876,721,722) (S 978,722,424) (S 1013,425,781) (S 1014,781,237) (S 202,237,238) (S 1009,238,778) (S 1010,778,779) (S 1011,779,239) (S 1012,239,780) (S 204,239,240) (S 1017,779,426) (S 391,426,427) (S 412,446,447) (D 0,0,0)
 0 1 38 8989 15072  25 (D 0,0,0) (S 382,416,417) (S 384,418,419) (S 416,419,450) (S 415,450,449) (S 894,449,736) (S 923,736,313) (S 597,582,581) (S 596,581,516) (S 494,516,515) (S 388,422,423) (S 702,422,515) (S 701,515,634) (S 685,627,626) (S 1045,626,581) (S 1044,581,776) (S 1004,776,735) (S 893,735,736) (S 902,739,450) (S 417,419,451) (S 1087,451,65) (S 1088,65,816) (S 1167,816,787) (S 1026,787,3) (D 0,0,0)
 0 1 39 8989 29425  25 (D 0,0,0) (S 191,225,224) (S 527,224,538) (S 258,296,297) (S 259,297,298) (S 624,297,463) (S 623,463,217) (S 238,277,278) (S 247,278,289) (S 246,288,278) (S 621,277,570) (S 577,570,564) (S 563,564,275) (S 235,275,274) (S 453,274,246) (S 275,246,315) (S 126,159,158) (S 526,224,537) (S 525,537,248) (S 524,248,536) (S 523,536,364) (S 588,577,567) (S 589,567,578) (S 1184,578,609) (D 0,0,0)
 0 1 40 8299 12568  15 (D 0,0,0) (S 1100,3,191) (S 613,532,585) (S 612,585,590) (S 692,590,195) (S 693,195,622) (S 603,584,194) (S 164,194,193) (S 321,193,354) (S 424,355,459) (S 423,458,459) (S 678,459,621) (S 891,621,734) (S 1091,734,4) (D 0,0,0)
 0 1 41 8977 32834  16 (D 0,0,0) (S 628,367,565) (S 1055,596,173) (S 532,540,541) (S 945,541,753) (S 1211,753,841) (S 1207,845,183) (S 149,183,108) (S 148,108,46) (S 147,46,182) (S 1066,806,74) (S 59,74,73) (S 987,73,767) (S 986,73,766) (S 364,399,378) (D 0,0,0)
 0 1 42 8982 29178  13 (D 0,0,0) (S 574,567,568) (S 213,249,250) (S 571,547,566) (S 721,548,566) (S 722,566,644) (S 192,225,226) (S 194,227,228) (S 229,227,256) (S 218,256,257) (S 324,257,365) (S 656,365,561) (D 0,0,0)
 0 1 43 7550 12399  17 (D 0,0,0) (S 818,2,695) (S 819,695,696) (S 1107,695,81) (S 547,81,190) (S 548,190,555) (S 63,81,80) (S 614,80,532) (S 517,532,150) (S 518,150,533) (S 516,532,191) (S 1084,191,4) (S 1083,4,728) (S 936,747,727) (S 886,727,728) (S 3,4,3) (D 0,0,0)
 0 1 44 8994 21556  17 (D 0,0,0) (S 313,357,322) (S 581,359,574) (S 638,574,460) (S 639,460,99) (S 640,99,600) (S 474,502,501) (S 726,501,101) (S 81,101,100) (S 467,100,461) (S 468,461,497) (S 582,497,574) (S 637,574,601) (S 1021,601,337) (S 294,337,338) (S 1020,601,446) (D 0,0,0)
 0 1 45 8982 28762  17 (D 0,0,0) (S 123,154,155) (S 511,155,529) (S 473,89,500) (S 487,500,389) (S 352,388,387) (S 351,387,386) (S 393,428,386) (S 350,386,385) (S 983,385,391) (S 114,140,141) (S 981,140,152) (S 980,152,236) (S 201,236,237) (S 1015,237,782) (S 203,238,239) (D 0,0,0)
 0 1 46 8637 14074  18 (D 0,0,0) (S 162,191,192) (S 163,192,193) (S 604,194,585) (S 605,585,206) (S 176,206,207) (S 691,207,590) (S 611,590,589) (S 776,589,196) (S 775,196,623) (S 774,623,505) (S 694,505,622) (S 681,622,584) (S 680,584,353) (S 679,353,459) (S 677,620,621) (S 890,621,733) (D 0,0,0)
 0 1 47 8991 33897  15 (D 0,0,0) (S 99,121,122) (S 100,122,123) (S 101,123,124) (S 1148,124,765) (S 974,765,764) (S 973,763,764) (S 1175,764,125) (S 1062,125,803) (S 1176,125,110) (S 1178,809,545) (S 537,545,184) (S 151,184,185) (S 1069,185,114) (D 0,0,0)
 0 1 48 8935 17870  14 (D 0,0,0) (S 817,0,2) (S 1099,3,732) (S 889,732,731) (S 926,731,28) (S 22,28,27) (S 1018,26,783) (S 21,26,27) (S 972,27,686) (S 753,663,664) (S 799,663,686) (S 2,3,2) (S 1,0,1) (D 0,0,0)
 0 1 49 8885 28659  23 (D 0,0,0) (S 573,567,249) (S 254,295,296) (S 255,296,218) (S 185,218,219) (S 186,219,212) (S 181,212,213) (S 210,213,246) (S 454,274,486) (S 455,486,487) (S 236,275,276) (S 257,276,135) (S 111,135,134) (S 992,134,38) (S 29,37,38) (S 619,38,595) (S 788,595,222) (S 189,222,223) (S 718,223,247) (S 719,247,537) (S 539,548,547) (S 538,546,547) (D 0,0,0)
 0 1 50 8749 35451  23 (D 0,0,0) (S 948,115,755) (S 1212,755,811) (S 1072,811,810) (S 1077,810,754) (S 1076,810,813) (S 1193,813,543) (S 535,543,544) (S 536,544,184) (S 1206,849,183) (S 150,183,184) (S 152,185,112) (S 153,112,186) (S 1150,111,801) (S 102,124,125) (S 1149,124,801) (S 1060,801,187) (S 154,187,186) (S 1065,186,805) (S 1196,805,800) (S 1054,798,122) (S 1057,798,799) (D 0,0,0)
 0 1 51 9000 29686  17 (D 0,0,0) (S 739,427,137) (S 112,136,137) (S 738,137,290) (S 358,395,394) (S 361,394,398) (S 470,398,498) (S 469,428,498) (S 1006,498,393) (S 1005,777,393) (S 355,392,391) (S 982,391,140) (S 122,152,153) (S 979,236,424) (S 389,424,425) (S 390,425,426) (D 0,0,0)
 0 1 52 8800 19114  22 (D 0,0,0) (S 383,417,418) (S 924,739,736) (S 687,627,629) (S 688,629,630) (S 951,629,634) (S 700,634,627) (S 699,627,633) (S 920,744,633) (S 921,633,582) (S 922,582,313) (S 272,313,310) (S 270,310,311) (S 271,310,312) (S 414,312,449) (S 895,449,170) (S 136,170,171) (S 900,171,66) (S 899,738,66) (S 51,65,64) (S 50,64,63) (D 0,0,0)
 0 1 53 8912 33228  25 (D 0,0,0) (S 553,557,215) (S 97,119,120) (S 824,120,35) (S 28,35,36) (S 27,35,34) (S 830,34,11) (S 8,11,10) (S 826,10,189) (S 827,189,698) (S 159,189,188) (S 829,188,11) (S 828,699,188) (S 158,188,12) (S 156,32,123) (S 155,123,187) (S 1059,187,800) (S 1058,800,798) (S 1053,798,797) (S 1064,797,805) (S 1063,797,804) (S 1143,804,799) (S 1056,799,118) (S 95,118,115) (D 0,0,0)
 0 1 54 8952 34375  18 (D 0,0,0) (S 329,293,174) (S 92,114,113) (S 1195,113,805) (S 91,113,112) (S 90,112,111) (S 1151,111,808) (S 1070,185,808) (S 1071,808,809) (S 1179,545,109) (S 88,109,108) (S 87,108,107) (S 1208,845,847) (S 1187,841,542) (S 530,158,539) (S 190,224,223) (S 717,643,223) (D 0,0,0)
 0 1 55 8984 28403  16 (D 0,0,0) (S 662,443,319) (S 1019,446,452) (S 737,290,395) (S 359,395,396) (S 360,396,397) (S 513,397,89) (S 70,89,88) (S 124,156,155) (S 509,291,241) (S 508,241,528) (S 784,528,678) (S 205,241,242) (S 250,242,291) (S 248,154,290) (D 0,0,0)
 0 1 56 8897 18720  16 (D 0,0,0) (S 401,349,434) (S 650,52,453) (S 419,453,454) (S 420,454,455) (S 852,455,592) (S 851,592,94) (S 74,94,93) (S 709,93,562) (S 562,562,563) (S 708,562,456) (S 421,456,455) (S 853,455,54) (S 42,54,53) (S 792,521,677) (D 0,0,0)
 0 1 57 8934 20606  16 (D 0,0,0) (S 682,622,623) (S 683,623,624) (S 1130,624,830) (S 684,624,625) (S 1129,624,829) (S 58,71,72) (S 1128,71,829) (S 1162,838,829) (S 1163,829,632) (S 1164,632,583) (S 601,583,504) (S 600,583,68) (S 54,68,67) (S 897,67,737) (D 0,0,0)
 0 1 58 8965 34627  21 (D 0,0,0) (S 327,226,367) (S 328,367,293) (S 330,174,115) (S 96,118,119) (S 98,119,121) (S 1145,121,33) (S 25,33,32) (S 975,32,765) (S 1147,765,834) (S 1146,833,834) (S 1174,834,764) (S 157,32,12) (S 10,12,13) (S 9,12,11) (S 7,9,10) (S 825,10,35) (S 831,120,34) (S 26,34,33) (S 1144,121,799) (D 0,0,0)
 0 1 59 8935 38198  17 (D 0,0,0) (S 572,249,547) (S 531,158,540) (S 83,103,104) (S 1190,105,48) (S 988,49,767) (S 1073,767,806) (S 1074,806,182) (S 34,44,45) (S 35,45,46) (S 36,46,47) (S 37,47,48) (S 38,48,49) (S 39,49,50) (S 943,49,103) (S 944,103,753) (D 0,0,0)
 0 1 60 8933 40481  12 (D 0,0,0) (S 60,74,75) (S 145,181,75) (S 146,75,182) (S 1075,182,812) (S 1182,812,76) (S 61,76,77) (S 1181,812,45) (S 1180,45,109) (S 1177,809,110) (S 89,110,111) (D 0,0,0)
 0 1 61 8746 18877  21 (D 0,0,0) (S 907,435,704) (S 854,703,54) (S 44,55,56) (S 46,57,58) (S 707,58,456) (S 422,456,457) (S 836,636,700) (S 832,700,165) (S 132,164,165) (S 133,165,166) (S 839,702,701) (S 838,701,579) (S 592,579,438) (S 593,438,580) (S 594,580,332) (S 290,332,331) (S 289,331,330) (S 286,328,327) (S 308,326,351) (D 0,0,0)
 0 1 62 8992 38446  15 (D 0,0,0) (S 432,466,467) (S 434,468,469) (S 435,469,304) (S 265,304,305) (S 264,304,303) (S 1110,303,308) (S 1109,824,308) (S 268,307,308) (S 269,308,309) (S 263,302,303) (S 1111,303,556) (S 1112,556,641) (S 1115,693,662) (D 0,0,0)
 0 1 63 8423 13757  23 (D 0,0,0) (S 777,676,677) (S 502,522,521) (S 690,521,324) (S 859,324,433) (S 400,433,432) (S 1137,432,443) (S 410,443,444) (S 1136,443,494) (S 463,494,320) (S 280,320,321) (S 312,321,356) (S 279,320,319) (S 278,319,318) (S 277,318,317) (S 1156,317,835) (S 276,317,316) (S 1142,316,761) (S 969,761,762) (S 970,762,673) (S 971,673,708) (S 1152,708,522) (D 0,0,0)
 0 1 64 8830 17483  17 (D 0,0,0) (S 285,326,327) (S 380,327,415) (S 402,415,434) (S 1081,434,705) (S 843,705,607) (S 842,607,704) (S 841,704,703) (S 43,54,55) (S 1043,55,794) (S 1102,794,819) (S 1101,794,51) (S 40,51,52) (S 41,52,53) (S 908,53,704) (S 403,435,415) (D 0,0,0)
 0 1 65 8942 17849  24 (D 0,0,0) (S 1154,719,832) (S 1138,832,432) (S 661,319,534) (S 413,448,447) (S 793,447,646) (S 728,575,646) (S 729,646,647) (S 730,647,648) (S 1007,647,612) (S 1008,612,774) (S 999,774,775) (S 998,773,774) (S 1000,774,611) (S 1001,611,647) (S 657,610,611) (S 658,611,612) (S 659,612,448) (S 660,448,534) (S 519,534,445) (S 521,535,527) (S 768,523,17) (S 769,17,674) (D 0,0,0)
 0 1 66 7290 9993  22 (D 0,0,0) (S 816,0,677) (S 13,17,16) (S 766,16,524) (S 767,524,673) (S 1079,762,525) (S 1080,525,14) (S 11,14,15) (S 477,14,506) (S 783,506,346) (S 303,346,347) (S 1140,347,526) (S 1141,526,761) (S 968,761,535) (S 520,535,445) (S 411,445,318) (S 1155,317,832) (S 1139,832,718) (S 870,718,719) (S 1153,719,708) (S 743,522,653) (D 0,0,0)
 0 1 67 8818 18404  24 (D 0,0,0) (S 161,191,190) (S 160,190,82) (S 845,654,509) (S 484,509,510) (S 482,5,508) (S 931,343,260) (S 221,260,261) (S 759,261,670) (S 933,745,43) (S 1183,43,822) (S 1105,821,822) (S 1106,822,823) (S 1131,823,831) (S 33,43,42) (S 32,42,41) (S 31,41,40) (S 669,616,39) (S 1085,39,815) (S 30,39,40) (S 334,372,371) (S 333,371,370) (S 340,370,375) (D 0,0,0)
 0 1 68 8962 26758  25 (D 0,0,0) (S 703,422,439) (S 705,635,636) (S 706,636,58) (S 47,58,59) (S 995,480,770) (S 447,480,479) (S 446,479,478) (S 996,478,771) (S 445,478,92) (S 72,92,91) (S 71,90,91) (S 874,91,282) (S 875,282,720) (S 242,282,283) (S 241,282,281) (S 240,281,280) (S 877,198,280) (S 239,279,280) (S 878,280,723) (S 919,281,743) (S 918,281,477) (S 444,477,92) (S 73,92,93) (D 0,0,0)
 0 1 69 8880 23593  11 (D 0,0,0) (S 561,214,561) (S 560,561,258) (S 251,293,292) (S 630,292,269) (S 230,269,227) (S 193,227,226) (S 326,226,366) (S 325,366,257) (S 219,257,258) (D 0,0,0)
 0 1 70 8940 29669  30 (D 0,0,0) (S 590,366,578) (S 720,548,537) (S 622,217,277) (S 237,277,276) (S 256,276,218) (S 184,218,217) (S 232,216,271) (S 231,270,216) (S 183,216,217) (S 566,219,211) (S 565,211,486) (S 564,486,275) (S 209,246,245) (S 955,245,748) (S 939,748,315) (S 274,315,159) (S 273,159,314) (S 880,314,470) (S 436,470,213) (S 180,212,211) (S 179,210,211) (S 567,219,462) (S 568,462,539) (S 529,539,295) (S 626,538,596) (S 627,596,565) (S 569,565,225) (S 570,225,566) (D 0,0,0)
