1731107
69
21601193
20329241
 0 1 1 8950 28837  18 (D 0,0,0) (S 808,599,689) (S 807,689,203) (S 804,20,485) (S 452,485,484) (S 451,484,483) (S 673,483,492) (S 460,491,492) (S 461,492,490) (S 457,490,489) (S 466,489,496) (S 800,687,496) (S 801,496,493) (S 802,493,688) (S 803,688,485) (S 806,503,203) (S 172,203,202) (D 0,0,0)
 0 1 2 8959 19549  19 (D 0,0,0) (S 909,53,454) (S 419,454,453) (S 649,453,571) (S 648,571,472) (S 437,472,471) (S 811,471,691) (S 810,691,690) (S 916,690,97) (S 77,97,96) (S 646,96,606) (S 962,606,689) (S 635,599,362) (S 917,360,691) (S 292,334,335) (S 1133,335,357) (S 1134,357,814) (S 464,494,495) (D 0,0,0)
 0 1 3 8787 31258  10 (D 0,0,0) (S 328,367,293) (S 329,293,174) (S 140,174,175) (S 1068,175,807) (S 141,175,176) (S 1067,175,348) (S 304,348,292) (S 230,269,227) (D 0,0,0)
 0 1 4 8998 31222  16 (D 0,0,0) (S 1069,114,185) (S 151,185,184) (S 537,184,545) (S 1178,545,809) (S 1177,809,110) (S 89,110,111) (S 1151,111,808) (S 1070,808,185) (S 152,185,112) (S 153,112,186) (S 1065,186,805) (S 1195,805,113) (S 92,113,114) (S 93,114,115) (D 0,0,0)
 0 1 5 8973 31037  20 (D 0,0,0) (S 139,174,173) (S 531,158,540) (S 532,540,541) (S 533,541,542) (S 1187,542,841) (S 1210,841,843) (S 1209,843,847) (S 1203,847,106) (S 1204,106,47) (S 1205,47,848) (S 37,47,48) (S 1190,48,105) (S 1191,105,843) (S 1192,843,543) (S 1193,543,813) (S 1076,813,810) (S 1077,810,754) (S 947,754,755) (D 0,0,0)
 0 1 6 8928 29618  24 (D 0,0,0) (S 615,591,592) (S 72,92,91) (S 71,90,91) (S 874,91,282) (S 875,282,720) (S 242,282,283) (S 241,282,281) (S 240,281,280) (S 239,279,280) (S 878,280,723) (S 877,280,198) (S 167,197,198) (S 168,198,199) (S 442,199,79) (S 62,78,79) (S 797,476,143) (S 115,143,142) (S 440,142,476) (S 798,476,685) (S 441,476,79) (S 169,199,200) (S 712,200,638) (D 0,0,0)
 0 1 7 9000 15234  19 (D 0,0,0) (S 1167,787,816) (S 898,738,737) (S 1165,737,583) (S 600,583,68) (S 55,68,69) (S 56,69,70) (S 57,70,71) (S 1128,71,829) (S 1129,829,624) (S 684,624,625) (S 1130,624,830) (S 683,624,623) (S 775,623,196) (S 166,196,195) (S 165,195,194) (S 163,193,192) (S 1100,191,3) (D 0,0,0)
 0 1 8 8992 33054  25 (D 0,0,0) (S 209,246,245) (S 955,245,748) (S 956,748,160) (S 128,160,128) (S 129,128,161) (S 385,243,161) (S 386,161,420) (S 130,161,162) (S 131,162,163) (S 1051,162,795) (S 1061,802,795) (S 1052,795,796) (S 1103,820,796) (S 1104,796,243) (S 206,243,244) (S 207,244,130) (S 937,244,129) (S 938,129,748) (S 939,748,315) (S 275,315,246) (S 210,246,213) (S 428,213,462) (S 568,462,539) (D 0,0,0)
 0 1 9 8765 15569  31 (D 0,0,0) (S 770,674,180) (S 144,180,179) (S 763,179,267) (S 224,265,264) (S 223,264,263) (S 338,263,86) (S 68,86,85) (S 1094,85,512) (S 1092,817,715) (S 867,715,372) (S 1085,39,815) (S 669,616,39) (S 30,39,40) (S 31,40,41) (S 488,41,512) (S 1093,512,715) (S 866,715,371) (S 333,371,370) (S 758,370,669) (S 332,370,369) (S 343,368,379) (S 301,345,344) (S 873,344,507) (S 479,507,177) (S 478,177,506) (S 477,506,14) (S 12,15,16) (S 13,16,17) (S 769,17,674) (D 0,0,0)
 0 1 10 9000 24356  17 (D 0,0,0) (S 23,29,30) (S 24,30,31) (S 349,30,384) (S 348,30,383) (S 347,383,382) (S 346,382,381) (S 820,697,381) (S 821,381,681) (S 822,681,285) (S 823,285,536) (S 523,536,364) (S 587,364,577) (S 1170,577,608) (S 654,608,609) (S 1123,557,205) (D 0,0,0)
 0 1 11 8996 18550  21 (D 0,0,0) (S 1030,325,495) (S 465,495,350) (S 401,349,434) (S 1081,434,705) (S 842,607,704) (S 133,166,165) (S 132,164,165) (S 832,165,700) (S 836,700,636) (S 705,636,635) (S 961,758,760) (S 960,758,759) (S 959,758,635) (S 704,635,439) (S 406,438,437) (S 927,437,330) (S 892,518,735) (S 893,735,736) (S 903,739,740) (D 0,0,0)
 0 1 12 8506 17870  13 (D 0,0,0) (S 1,0,1) (S 2,2,3) (S 889,732,731) (S 926,731,28) (S 22,28,27) (S 1018,26,783) (S 21,26,27) (S 799,686,663) (S 753,663,664) (S 972,686,27) (S 1099,732,3) (D 0,0,0)
 0 1 13 8986 24603  10 (D 0,0,0) (S 656,561,365) (S 324,365,257) (S 218,257,256) (S 229,256,227) (S 194,227,228) (S 193,227,226) (S 325,366,257) (S 219,257,258) (D 0,0,0)
 0 1 14 8853 15770  24 (D 0,0,0) (S 690,521,324) (S 283,324,325) (S 285,326,327) (S 287,328,329) (S 288,329,330) (S 289,330,331) (S 1035,331,580) (S 593,580,438) (S 407,438,439) (S 388,422,423) (S 702,422,515) (S 701,515,634) (S 951,634,629) (S 688,629,630) (S 687,629,627) (S 685,627,626) (S 1045,626,581) (S 1044,581,776) (S 1004,776,735) (S 1003,735,740) (S 1002,740,417) (S 382,417,416) (D 0,0,0)
 0 1 15 8842 12175  29 (D 0,0,0) (S 777,676,677) (S 1028,520,64) (S 50,64,63) (S 228,63,268) (S 227,268,267) (S 226,267,266) (S 225,266,265) (S 345,264,380) (S 344,380,379) (S 492,379,345) (S 302,345,346) (S 783,346,506) (S 782,506,431) (S 781,431,672) (S 764,672,179) (S 143,179,178) (S 398,178,431) (S 399,431,15) (S 11,15,14) (S 1080,14,525) (S 1079,525,762) (S 970,762,673) (S 767,673,524) (S 504,524,523) (S 503,523,522) (S 502,522,521) (S 792,521,677) (D 0,0,0)
 0 1 16 8997 15886  24 (D 0,0,0) (S 309,351,352) (S 1086,352,451) (S 417,451,419) (S 416,419,450) (S 901,450,171) (S 137,171,172) (S 900,171,66) (S 897,67,737) (S 896,67,170) (S 895,170,449) (S 894,449,736) (S 924,736,739) (S 384,418,419) (S 1087,451,65) (S 1088,65,816) (S 1089,816,733) (S 1090,733,734) (S 1091,734,4) (S 936,747,727) (S 886,727,728) (S 1083,728,4) (S 3,4,3) (D 0,0,0)
 0 1 17 8862 33689  19 (D 0,0,0) (S 1032,788,789) (S 1173,825,464) (S 430,464,465) (S 431,465,466) (S 813,692,466) (S 432,466,467) (S 795,467,683) (S 794,682,683) (S 1113,683,641) (S 714,640,641) (S 715,641,468) (S 433,468,467) (S 796,467,684) (S 814,466,693) (S 815,693,694) (S 1117,665,440) (S 1119,825,667) (D 0,0,0)
 0 1 18 8827 17880  14 (D 0,0,0) (S 1084,4,191) (S 266,151,306) (S 262,300,301) (S 1125,301,827) (S 1124,301,557) (S 554,557,306) (S 555,306,558) (S 556,558,209) (S 1132,558,826) (S 1122,826,208) (S 177,208,207) (S 175,206,151) (D 0,0,0)
 0 1 19 8991 15815  29 (D 0,0,0) (S 1168,787,63) (S 762,267,671) (S 761,671,6) (S 483,5,509) (S 484,509,510) (S 549,555,509) (S 845,509,654) (S 222,262,261) (S 760,261,342) (S 297,341,342) (S 298,342,343) (S 931,343,260) (S 932,260,745) (S 1095,745,85) (S 67,85,42) (S 66,42,84) (S 748,84,657) (S 935,657,746) (S 934,657,43) (S 933,43,745) (S 1096,745,670) (S 759,670,261) (S 221,261,260) (S 481,508,266) (S 480,266,507) (S 142,177,178) (S 779,674,653) (D 0,0,0)
 0 1 20 8889 13819  19 (D 0,0,0) (S 1029,520,325) (S 284,325,326) (S 307,326,350) (S 306,350,349) (S 305,349,169) (S 135,168,169) (S 634,169,62) (S 49,61,62) (S 633,62,167) (S 134,167,166) (S 1034,166,702) (S 855,703,436) (S 404,436,435) (S 403,435,415) (S 380,415,327) (S 308,326,351) (S 500,351,520) (D 0,0,0)
 0 1 21 8985 16379  25 (D 0,0,0) (S 547,81,190) (S 160,190,82) (S 868,716,655) (S 746,655,656) (S 1098,656,818) (S 747,656,657) (S 65,83,84) (S 749,84,373) (S 750,373,658) (S 337,373,374) (S 336,373,40) (S 335,40,372) (S 334,372,371) (S 340,370,375) (S 339,375,86) (S 871,86,380) (S 872,380,344) (S 300,344,265) (S 299,265,343) (S 930,343,508) (S 773,675,7) (S 741,8,63) (S 742,63,653) (D 0,0,0)
 0 1 22 8960 33720  20 (D 0,0,0) (S 361,394,398) (S 351,387,386) (S 350,386,385) (S 985,376,766) (S 59,73,74) (S 1074,806,182) (S 146,182,75) (S 145,181,75) (S 60,75,74) (S 1066,74,806) (S 1073,806,767) (S 988,767,49) (S 943,49,103) (S 83,103,104) (S 1186,104,841) (S 1211,841,753) (S 945,753,541) (S 946,541,754) (D 0,0,0)
 0 1 23 8951 26415  22 (D 0,0,0) (S 495,517,516) (S 494,516,515) (S 835,700,481) (S 449,481,59) (S 48,59,60) (S 997,479,772) (S 446,479,478) (S 444,92,477) (S 919,281,743) (S 918,281,477) (S 443,477,199) (S 1161,837,639) (S 713,639,200) (S 170,200,201) (S 171,201,202) (S 913,202,741) (S 911,95,591) (S 910,591,454) (S 420,454,455) (S 854,54,703) (D 0,0,0)
 0 1 24 8994 32282  23 (D 0,0,0) (S 971,708,673) (S 1078,762,718) (S 391,427,426) (S 1009,778,238) (S 981,152,140) (S 355,391,392) (S 1005,777,393) (S 1006,393,498) (S 469,498,428) (S 393,428,386) (S 394,386,377) (S 395,377,429) (S 396,429,412) (S 377,412,413) (S 397,412,430) (S 1047,429,399) (S 364,399,378) (S 362,387,398) (S 471,398,499) (S 968,535,761) (S 969,761,762) (D 0,0,0)
 0 1 25 8860 20793  17 (D 0,0,0) (S 908,704,53) (S 41,53,52) (S 40,52,51) (S 1101,51,794) (S 1102,794,819) (S 1043,794,55) (S 44,55,56) (S 46,57,58) (S 422,456,457) (S 421,456,455) (S 853,455,54) (S 42,54,53) (S 286,328,327) (S 381,327,416) (S 499,416,351) (D 0,0,0)
 0 1 26 8976 16902  19 (D 0,0,0) (S 925,418,739) (S 923,736,313) (S 922,313,582) (S 921,582,633) (S 920,744,633) (S 698,633,405) (S 697,405,69) (S 696,69,632) (S 695,632,505) (S 694,505,622) (S 603,584,194) (S 164,194,193) (S 321,193,354) (S 311,354,355) (S 424,355,459) (S 677,620,621) (S 890,621,733) (D 0,0,0)
 0 1 27 8933 29916  24 (D 0,0,0) (S 586,364,286) (S 244,286,285) (S 243,284,285) (S 188,222,221) (S 187,220,221) (S 864,712,713) (S 991,712,38) (S 111,134,135) (S 257,135,276) (S 237,276,277) (S 238,277,278) (S 246,288,278) (S 247,278,289) (S 455,486,487) (S 564,486,275) (S 563,275,564) (S 577,564,570) (S 620,570,595) (S 788,595,222) (S 585,576,286) (S 322,364,29) (S 655,609,561) (D 0,0,0)
 0 1 28 8974 28581  14 (D 0,0,0) (S 112,136,137) (S 248,290,154) (S 509,291,241) (S 784,528,678) (S 508,528,241) (S 205,241,242) (S 510,291,155) (S 645,155,363) (S 320,363,242) (S 250,242,291) (S 249,291,154) (S 418,427,452) (D 0,0,0)
 0 1 29 8881 31583  23 (D 0,0,0) (S 354,389,390) (S 515,530,531) (S 631,530,597) (S 668,597,615) (S 1188,615,842) (S 1189,842,680) (S 785,680,679) (S 1160,679,252) (S 1159,252,802) (S 1158,802,726) (S 1157,836,726) (S 885,726,421) (S 949,756,725) (S 103,126,127) (S 952,127,757) (S 958,757,724) (S 881,724,314) (S 879,470,540) (S 138,158,173) (S 1055,173,596) (S 721,566,548) (D 0,0,0)
 0 1 30 8976 20828  20 (D 0,0,0) (S 1027,787,64) (S 51,64,65) (S 52,65,66) (S 136,171,170) (S 368,170,403) (S 663,403,613) (S 369,403,404) (S 370,404,405) (S 371,405,406) (S 1126,828,407) (S 58,71,72) (S 1127,71,407) (S 373,407,408) (S 372,407,406) (S 1033,406,70) (S 774,505,623) (S 682,623,622) (S 423,458,459) (D 0,0,0)
 0 1 31 8964 23948  13 (D 0,0,0) (S 326,366,226) (S 327,226,367) (S 628,367,565) (S 627,565,596) (S 626,596,538) (S 625,538,297) (S 259,297,298) (S 258,297,296) (S 254,296,295) (S 253,295,294) (S 559,294,258) (D 0,0,0)
 0 1 32 8920 28616  18 (D 0,0,0) (S 768,17,523) (S 124,155,156) (S 664,363,156) (S 125,156,157) (S 665,156,614) (S 666,614,88) (S 69,87,88) (S 70,88,89) (S 473,89,500) (S 487,500,389) (S 353,389,388) (S 472,499,500) (S 486,500,396) (S 485,511,396) (S 359,396,395) (S 737,395,290) (D 0,0,0)
 0 1 33 8878 27814  18 (D 0,0,0) (S 1019,446,452) (S 869,717,427) (S 1011,779,239) (S 1012,239,780) (S 204,239,240) (S 203,239,238) (S 202,238,237) (S 979,236,424) (S 876,721,722) (S 978,722,424) (S 389,424,425) (S 1013,425,781) (S 1016,781,778) (S 1010,778,779) (S 1017,779,426) (S 412,446,447) (D 0,0,0)
 0 1 34 8952 32609  14 (D 0,0,0) (S 1138,832,432) (S 1135,494,814) (S 456,489,488) (S 967,488,710) (S 863,710,711) (S 966,488,618) (S 676,618,619) (S 675,618,617) (S 888,617,730) (S 674,617,492) (S 672,483,22) (S 671,22,502) (D 0,0,0)
 0 1 35 8782 29570  19 (D 0,0,0) (S 390,426,425) (S 1014,781,237) (S 1015,237,782) (S 201,237,236) (S 980,236,152) (S 122,152,153) (S 114,140,141) (S 982,140,391) (S 983,391,385) (S 984,385,376) (S 341,376,377) (S 342,377,378) (S 470,398,498) (S 392,428,392) (S 356,392,393) (S 357,393,394) (S 358,394,395) (D 0,0,0)
 0 1 36 8989 28422  9 (D 0,0,0) (S 572,249,547) (S 192,225,226) (S 629,367,269) (S 630,269,292) (S 251,292,293) (S 252,293,294) (S 558,560,294) (D 0,0,0)
 0 1 37 8986 20541  21 (D 0,0,0) (S 402,415,434) (S 844,705,167) (S 843,705,607) (S 651,607,52) (S 650,52,453) (S 578,571,572) (S 865,572,714) (S 579,572,573) (S 580,573,359) (S 862,573,554) (S 861,554,139) (S 113,138,139) (S 860,709,139) (S 546,554,358) (S 314,358,322) (S 312,321,356) (S 279,320,319) (S 410,443,444) (S 1154,832,719) (D 0,0,0)
 0 1 38 8993 35189  26 (D 0,0,0) (S 1064,805,797) (S 1053,797,798) (S 1054,798,122) (S 100,122,123) (S 156,123,32) (S 158,12,188) (S 828,699,188) (S 159,188,189) (S 827,189,698) (S 826,189,10) (S 7,9,10) (S 825,10,35) (S 824,35,120) (S 831,120,34) (S 27,34,35) (S 28,35,36) (S 8,10,11) (S 829,11,188) (S 9,12,11) (S 830,11,34) (S 26,34,33) (S 1145,33,121) (S 99,121,122) (S 96,119,118) (D 0,0,0)
 0 1 39 8949 16279  28 (D 0,0,0) (S 64,81,82) (S 846,82,654) (S 744,654,262) (S 745,262,655) (S 1097,656,670) (S 1131,823,831) (S 1106,823,822) (S 1105,821,822) (S 1183,822,43) (S 33,43,42) (S 32,42,41) (S 489,512,375) (S 490,375,513) (S 491,513,379) (S 606,513,369) (S 331,369,368) (S 522,368,527) (S 1141,526,761) (S 1142,761,316) (S 276,316,317) (S 1156,317,835) (S 1139,832,718) (S 870,718,719) (S 1153,719,708) (S 1152,708,522) (S 778,653,677) (D 0,0,0)
 0 1 40 8968 29382  28 (D 0,0,0) (S 588,567,577) (S 524,536,248) (S 525,248,537) (S 527,224,538) (S 255,296,218) (S 185,218,219) (S 566,219,211) (S 181,212,213) (S 436,213,470) (S 880,470,314) (S 273,314,159) (S 274,159,315) (S 453,246,274) (S 454,274,486) (S 565,486,211) (S 179,210,211) (S 180,211,212) (S 186,212,219) (S 567,219,462) (S 429,462,463) (S 623,463,217) (S 183,217,216) (S 231,270,216) (S 232,216,271) (S 569,565,225) (S 571,566,547) (D 0,0,0)
 0 1 41 9000 21609  23 (D 0,0,0) (S 1031,495,788) (S 1082,788,814) (S 313,357,322) (S 282,322,323) (S 316,359,360) (S 426,361,460) (S 639,460,99) (S 79,99,98) (S 319,98,362) (S 636,362,600) (S 670,600,502) (S 474,502,501) (S 726,501,101) (S 82,101,102) (S 81,100,101) (S 729,646,647) (S 658,611,612) (S 506,526,525) (S 505,525,524) (S 766,524,16) (S 765,16,672) (D 0,0,0)
 0 1 42 8971 10593  20 (D 0,0,0) (S 818,2,695) (S 819,695,696) (S 1107,695,81) (S 63,81,80) (S 614,80,532) (S 516,532,191) (S 161,191,190) (S 548,190,555) (S 740,555,8) (S 6,8,7) (S 5,7,6) (S 4,6,5) (S 482,5,508) (S 929,508,671) (S 928,671,675) (S 772,675,268) (S 771,268,180) (S 816,677,0) (D 0,0,0)
 0 1 43 8969 14928  21 (D 0,0,0) (S 501,521,520) (S 904,740,519) (S 496,518,517) (S 642,517,602) (S 641,602,603) (S 724,603,604) (S 644,604,605) (S 686,605,628) (S 723,645,604) (S 643,604,602) (S 596,516,581) (S 597,581,582) (S 598,582,404) (S 599,404,68) (S 54,68,67) (S 53,67,66) (S 899,66,738) (S 1166,738,816) (S 1026,787,3) (D 0,0,0)
 0 1 44 8988 33365  18 (D 0,0,0) (S 734,388,652) (S 733,652,414) (S 732,651,414) (S 378,414,401) (S 366,400,401) (S 367,401,402) (S 379,401,410) (S 376,410,411) (S 375,410,400) (S 374,409,400) (S 1048,399,652) (S 1049,652,390) (S 1050,390,530) (S 514,530,89) (S 513,89,397) (S 360,397,396) (D 0,0,0)
 0 1 45 8967 14979  13 (D 0,0,0) (S 613,532,585) (S 605,585,206) (S 176,206,207) (S 1121,208,588) (S 609,588,559) (S 557,559,209) (S 178,209,208) (S 691,207,590) (S 692,590,195) (S 693,195,622) (S 681,622,584) (D 0,0,0)
 0 1 46 8966 40172  15 (D 0,0,0) (S 787,595,133) (S 786,133,680) (S 216,252,253) (S 215,252,231) (S 214,251,231) (S 196,231,230) (S 233,272,230) (S 234,230,273) (S 195,230,229) (S 261,229,254) (S 217,254,255) (S 543,552,299) (S 260,299,229) (D 0,0,0)
 0 1 47 8992 40012  13 (D 0,0,0) (S 1208,847,845) (S 1200,845,107) (S 147,46,182) (S 1075,182,812) (S 1182,812,76) (S 61,76,77) (S 1181,812,45) (S 1179,109,545) (S 1071,809,808) (S 90,111,112) (S 91,112,113) (D 0,0,0)
 0 1 48 9000 29305  29 (D 0,0,0) (S 1184,609,578) (S 539,547,548) (S 720,548,537) (S 529,295,539) (S 126,158,159) (S 127,159,160) (S 957,160,757) (S 882,724,126) (S 883,126,725) (S 950,725,751) (S 942,751,752) (S 941,750,751) (S 884,725,421) (S 387,421,420) (S 954,420,756) (S 953,756,127) (S 104,127,128) (S 105,128,129) (S 106,129,130) (S 107,130,131) (S 575,569,131) (S 576,131,564) (S 621,570,277) (S 622,277,217) (S 719,537,247) (S 211,247,248) (S 212,248,249) (D 0,0,0)
 0 1 49 8910 15840  25 (D 0,0,0) (S 780,674,672) (S 303,346,347) (S 1140,347,526) (S 507,526,527) (S 521,527,535) (S 520,535,445) (S 519,445,534) (S 1007,612,647) (S 730,647,648) (S 1001,647,611) (S 657,610,611) (S 1000,611,774) (S 999,774,775) (S 998,773,774) (S 1008,774,612) (S 659,612,448) (S 662,319,443) (S 1137,443,432) (S 400,432,433) (S 859,433,324) (S 689,631,324) (S 858,433,708) (S 743,522,653) (D 0,0,0)
 0 1 50 8880 19395  14 (D 0,0,0) (S 817,0,2) (S 1108,695,205) (S 553,557,215) (S 182,215,214) (S 560,561,258) (S 220,258,259) (S 323,365,117) (S 94,117,116) (S 977,116,300) (S 267,300,306) (S 174,151,205) (S 173,204,205) (D 0,0,0)
 0 1 51 8748 18602  16 (D 0,0,0) (S 660,534,448) (S 1020,446,601) (S 294,337,338) (S 1021,337,601) (S 637,601,574) (S 638,574,460) (S 427,460,461) (S 468,461,497) (S 583,497,575) (S 728,575,646) (S 793,646,447) (S 413,447,448) (S 661,534,319) (S 278,319,318) (D 0,0,0)
 0 1 52 8916 38446  14 (D 0,0,0) (S 1118,825,440) (S 1114,693,683) (S 1111,556,303) (S 1110,303,308) (S 269,308,309) (S 268,307,308) (S 1109,824,308) (S 263,302,303) (S 264,303,304) (S 265,304,305) (S 435,304,469) (S 434,469,468) (D 0,0,0)
 0 1 53 8939 24693  16 (D 0,0,0) (S 727,575,101) (S 725,501,24) (S 20,24,25) (S 19,24,23) (S 887,23,729) (S 18,23,22) (S 17,22,21) (S 16,21,20) (S 475,503,502) (S 640,600,99) (S 80,99,100) (S 467,100,461) (S 582,497,574) (S 581,574,359) (D 0,0,0)
 0 1 54 9000 16432  29 (D 0,0,0) (S 905,519,328) (S 906,328,435) (S 907,435,704) (S 841,704,703) (S 840,703,702) (S 839,702,701) (S 838,701,579) (S 591,579,57) (S 45,57,56) (S 1038,56,791) (S 1037,56,701) (S 1036,701,790) (S 1042,790,660) (S 751,659,660) (S 1041,660,793) (S 1039,792,793) (S 1040,793,785) (S 1023,785,784) (S 1025,784,786) (S 731,649,650) (S 1022,649,784) (S 1024,784,437) (S 405,437,436) (S 856,436,329) (S 857,329,518) (S 497,518,519) (S 498,519,416) (D 0,0,0)
 0 1 55 8947 22720  17 (D 0,0,0) (S 43,54,55) (S 852,455,592) (S 616,592,593) (S 851,592,94) (S 850,94,707) (S 965,707,638) (S 711,638,637) (S 940,637,749) (S 710,637,93) (S 709,93,562) (S 562,562,563) (S 708,562,456) (S 707,456,58) (S 706,58,636) (S 703,439,422) (D 0,0,0)
 0 1 56 8982 36440  16 (D 0,0,0) (S 534,542,543) (S 1201,846,544) (S 1202,544,847) (S 1207,845,183) (S 149,183,108) (S 35,46,45) (S 34,44,45) (S 1180,45,109) (S 88,109,108) (S 87,108,107) (S 86,107,106) (S 85,106,105) (S 84,105,104) (S 944,103,753) (D 0,0,0)
 0 1 57 8993 19403  17 (D 0,0,0) (S 383,417,418) (S 902,739,450) (S 415,450,449) (S 414,449,312) (S 271,312,310) (S 270,310,311) (S 272,310,313) (S 699,633,627) (S 700,627,634) (S 493,515,514) (S 833,514,333) (S 450,481,482) (S 834,481,333) (S 291,333,332) (S 595,332,516) (D 0,0,0)
 0 1 58 8967 18087  13 (D 0,0,0) (S 517,532,150) (S 518,150,533) (S 121,150,151) (S 976,300,587) (S 607,586,587) (S 608,587,559) (S 610,588,589) (S 776,196,589) (S 611,589,590) (S 612,590,585) (S 604,585,194) (D 0,0,0)
 0 1 59 8992 25060  24 (D 0,0,0) (S 1136,443,494) (S 463,494,320) (S 280,320,321) (S 281,321,322) (S 315,358,359) (S 317,360,361) (S 318,361,98) (S 78,98,97) (S 963,606,741) (S 964,741,707) (S 849,707,201) (S 848,201,146) (S 847,706,146) (S 118,146,147) (S 119,147,148) (S 120,148,149) (S 117,146,145) (S 915,145,742) (S 116,145,144) (S 293,336,144) (S 914,145,202) (S 912,741,95) (D 0,0,0)
 0 1 60 8983 21659  17 (D 0,0,0) (S 290,331,332) (S 594,332,580) (S 592,438,579) (S 837,579,636) (S 47,58,59) (S 448,59,480) (S 995,480,770) (S 447,480,479) (S 996,478,771) (S 445,478,92) (S 73,92,93) (S 74,93,94) (S 75,94,95) (S 76,95,96) (S 647,96,472) (D 0,0,0)
 0 1 61 8883 30115  17 (D 0,0,0) (S 809,690,599) (S 459,21,484) (S 458,484,490) (S 462,490,493) (S 1120,688,667) (S 756,667,442) (S 757,442,668) (S 409,442,441) (S 1171,840,441) (S 408,441,440) (S 617,594,440) (S 754,665,465) (S 15,19,20) (S 805,20,503) (S 812,471,334) (D 0,0,0)
 0 1 62 8968 28013  20 (D 0,0,0) (S 590,366,578) (S 589,578,567) (S 574,567,568) (S 213,249,250) (S 538,546,547) (S 722,566,644) (S 570,566,225) (S 191,225,224) (S 190,224,223) (S 718,223,247) (S 717,643,223) (S 189,223,222) (S 789,222,681) (S 245,286,287) (S 544,553,383) (S 545,383,287) (S 652,287,29) (S 653,29,608) (D 0,0,0)
 0 1 63 8981 17511  15 (D 0,0,0) (S 162,191,192) (S 425,192,355) (S 310,354,353) (S 680,353,584) (S 601,504,583) (S 1164,583,632) (S 1163,632,829) (S 1162,838,829) (S 476,505,504) (S 602,504,584) (S 679,353,459) (S 678,459,621) (S 891,621,734) (D 0,0,0)
 0 1 64 8983 36650  19 (D 0,0,0) (S 993,768,19) (S 994,19,769) (S 14,19,18) (S 296,18,340) (S 295,339,340) (S 552,340,473) (S 438,473,474) (S 439,474,475) (S 1169,474,839) (S 551,473,469) (S 550,469,556) (S 1112,556,641) (S 1115,693,662) (S 752,661,662) (S 1116,662,665) (S 755,665,666) (S 1172,441,825) (D 0,0,0)
 0 1 65 8980 32385  26 (D 0,0,0) (S 561,214,561) (S 791,287,576) (S 790,576,681) (S 619,595,38) (S 29,37,38) (S 992,38,134) (S 110,134,133) (S 109,133,132) (S 200,132,235) (S 197,232,233) (S 541,551,549) (S 540,549,550) (S 542,549,233) (S 198,233,234) (S 716,642,234) (S 199,234,132) (S 108,132,131) (S 208,130,245) (S 235,274,275) (S 236,275,276) (S 256,276,218) (S 184,218,217) (S 624,463,297) (S 573,249,567) (D 0,0,0)
 0 1 66 8991 33246  21 (D 0,0,0) (S 736,395,499) (S 735,499,388) (S 352,388,387) (S 363,387,378) (S 365,399,400) (S 1046,429,766) (S 986,766,73) (S 987,73,767) (S 39,49,50) (S 38,49,48) (S 36,47,46) (S 148,46,108) (S 1206,849,183) (S 150,183,184) (S 536,184,544) (S 535,544,543) (S 530,158,539) (S 528,295,538) (S 526,224,537) (D 0,0,0)
 0 1 67 8984 27134  20 (D 0,0,0) (S 1155,832,317) (S 277,317,318) (S 411,318,445) (S 739,427,137) (S 738,137,290) (S 123,154,155) (S 511,155,529) (S 512,529,397) (S 1185,529,614) (S 667,88,597) (S 632,597,598) (S 1197,615,844) (S 1198,842,844) (S 1199,844,135) (S 618,135,38) (S 990,712,221) (S 989,221,381) (S 584,382,576) (D 0,0,0)
 0 1 68 8929 34830  21 (D 0,0,0) (S 948,115,755) (S 1212,755,811) (S 1072,811,810) (S 1194,813,113) (S 154,186,187) (S 1060,187,801) (S 1149,801,124) (S 102,124,125) (S 1175,125,764) (S 973,763,764) (S 974,764,765) (S 975,765,32) (S 10,12,13) (S 157,12,32) (S 25,32,33) (S 97,120,119) (S 98,119,121) (S 1144,121,799) (S 1056,799,118) (D 0,0,0)
 0 1 69 8996 33923  19 (D 0,0,0) (S 330,174,115) (S 95,115,118) (S 1143,799,804) (S 1063,804,797) (S 1196,805,800) (S 1150,801,111) (S 1176,110,125) (S 1062,125,803) (S 1174,764,834) (S 1146,833,834) (S 1147,834,765) (S 1148,765,124) (S 101,124,123) (S 155,123,187) (S 1059,187,800) (S 1058,800,798) (S 1057,798,799) (D 0,0,0)
