433867
14
842504
367040
 0 1 1 8353 22138  18 (D 0,0,0) (S 218,3,732) (S 177,731,732) (S 92,192,355) (S 68,354,193) (S 37,206,207) (S 38,207,208) (S 39,208,209) (S 226,826,208) (S 225,208,588) (S 122,588,589) (S 155,589,196) (S 154,196,623) (S 229,624,830) (S 137,353,459) (S 176,727,728) (S 159,2,0) (D 0,0,0)
 0 1 2 8844 20228  20 (D 0,0,0) (S 236,787,816) (S 215,816,65) (S 11,65,66) (S 12,67,68) (S 13,68,69) (S 140,632,69) (S 228,71,407) (S 227,828,407) (S 74,407,406) (S 141,633,627) (S 139,629,630) (S 138,627,626) (S 183,582,313) (S 61,310,311) (S 184,736,739) (S 185,739,418) (S 78,418,419) (S 89,419,451) (D 0,0,0)
 0 1 3 8655 23189  17 (D 0,0,0) (S 84,433,432) (S 132,319,534) (S 202,612,774) (S 131,612,611) (S 119,497,575) (S 18,101,100) (S 17,100,99) (S 127,460,574) (S 118,359,573) (S 167,709,139) (S 62,321,320) (S 101,320,494) (S 213,814,788) (S 205,788,789) (S 67,350,326) (D 0,0,0)
 0 1 4 8933 26588  17 (D 0,0,0) (S 66,350,349) (S 85,349,434) (S 126,169,62) (S 130,607,52) (S 178,591,95) (S 179,741,202) (S 36,202,203) (S 158,203,689) (S 129,606,96) (S 180,97,690) (S 181,691,360) (S 93,361,460) (S 65,337,338) (S 107,445,535) (S 170,718,719) (D 0,0,0)
 0 1 5 8839 21194  20 (D 0,0,0) (S 105,351,416) (S 77,416,417) (S 104,518,517) (S 64,332,331) (S 87,438,439) (S 79,422,423) (S 103,515,514) (S 162,333,481) (S 161,700,165) (S 163,700,636) (S 142,635,636) (S 206,701,790) (S 207,660,793) (S 203,785,784) (S 149,649,650) (S 204,784,437) (S 186,437,330) (S 63,327,326) (D 0,0,0)
 0 1 6 8842 29402  20 (D 0,0,0) (S 86,435,436) (S 166,436,703) (S 123,592,593) (S 165,707,201) (S 29,147,148) (S 182,281,743) (S 56,281,280) (S 171,280,198) (S 35,198,199) (S 97,199,477) (S 98,477,92) (S 16,92,93) (S 145,637,638) (S 144,93,562) (S 91,456,457) (S 143,456,58) (S 10,56,55) (S 164,703,704) (D 0,0,0)
 0 1 7 8951 42319  18 (D 0,0,0) (S 96,473,474) (S 222,556,641) (S 146,641,468) (S 94,466,467) (S 157,682,683) (S 223,662,665) (S 224,665,440) (S 124,594,440) (S 88,441,442) (S 100,490,492) (S 134,492,617) (S 135,617,618) (S 136,618,619) (S 192,618,488) (S 99,484,483) (S 5,23,24) (D 0,0,0)
 0 1 8 7976 32679  12 (D 0,0,0) (S 111,557,215) (S 43,215,214) (S 114,214,561) (S 239,609,578) (S 121,578,366) (S 46,227,228) (S 125,269,292) (S 112,560,294) (S 113,258,561) (S 195,116,300) (D 0,0,0)
 0 1 9 8983 37983  20 (D 0,0,0) (S 148,548,537) (S 59,296,297) (S 115,462,219) (S 40,210,211) (S 41,211,212) (S 42,212,213) (S 95,213,470) (S 173,470,314) (S 174,314,724) (S 175,724,126) (S 189,751,752) (S 234,726,802) (S 52,272,230) (S 60,299,229) (S 49,251,231) (S 235,252,679) (S 156,133,595) (S 120,286,364) (D 0,0,0)
 0 1 10 8932 36144  18 (D 0,0,0) (S 45,225,224) (S 108,224,538) (S 109,539,158) (S 190,541,754) (S 240,542,841) (S 242,841,843) (S 33,183,108) (S 32,108,46) (S 8,47,48) (S 9,49,50) (S 198,767,73) (S 14,73,74) (S 197,376,385) (S 28,140,141) (S 196,140,152) (S 90,427,452) (D 0,0,0)
 0 1 11 8232 24796  25 (D 0,0,0) (S 1,0,1) (S 221,695,81) (S 15,80,81) (S 151,654,262) (S 169,716,655) (S 217,656,670) (S 220,822,823) (S 188,43,745) (S 216,745,85) (S 168,715,371) (S 152,373,658) (S 214,39,815) (S 69,370,369) (S 193,761,762) (S 194,762,673) (S 153,673,524) (S 4,16,15) (S 3,14,15) (S 83,431,178) (S 50,265,266) (S 51,266,267) (S 2,6,7) (S 187,671,675) (D 0,0,0)
 0 1 12 8951 41325  23 (D 0,0,0) (S 147,643,223) (S 117,564,570) (S 55,277,278) (S 57,288,278) (S 54,276,275) (S 53,275,274) (S 48,246,245) (S 191,757,127) (S 25,127,128) (S 30,128,161) (S 31,162,163) (S 219,796,243) (S 26,131,132) (S 47,232,233) (S 110,549,550) (S 27,132,133) (S 44,222,221) (S 200,221,712) (S 199,221,381) (S 6,30,31) (S 70,30,384) (D 0,0,0)
 0 1 13 8760 40100  24 (D 0,0,0) (S 22,114,113) (S 241,113,805) (S 209,797,798) (S 212,118,799) (S 210,798,122) (S 24,122,121) (S 23,121,119) (S 160,120,34) (S 7,34,33) (S 231,765,834) (S 230,833,834) (S 232,124,801) (S 233,801,111) (S 237,110,809) (S 238,809,545) (S 34,184,183) (S 21,108,107) (S 20,106,105) (S 19,104,103) (S 172,540,470) (S 211,173,596) (S 116,566,547) (D 0,0,0)
 0 1 14 8747 35782  18 (D 0,0,0) (S 58,290,154) (S 128,155,363) (S 133,363,156) (S 106,529,397) (S 102,396,500) (S 208,390,530) (S 72,390,389) (S 71,389,388) (S 150,388,652) (S 76,414,401) (S 73,401,402) (S 75,409,400) (S 82,429,412) (S 81,429,377) (S 80,386,428) (S 201,777,393) (D 0,0,0)
