433867
14
600752
116296
 0 1 1 8353 22138  18 (D 0,0,0) (S 159,0,2) (S 92,192,355) (S 68,354,193) (S 37,206,207) (S 38,207,208) (S 226,208,826) (S 39,209,208) (S 225,208,588) (S 122,588,589) (S 155,589,196) (S 154,196,623) (S 229,624,830) (S 137,353,459) (S 176,727,728) (S 177,731,732) (S 218,732,3) (D 0,0,0)
 0 1 2 8232 24796  25 (D 0,0,0) (S 1,0,1) (S 187,675,671) (S 2,6,7) (S 51,267,266) (S 50,265,266) (S 83,178,431) (S 3,14,15) (S 4,15,16) (S 153,524,673) (S 194,673,762) (S 193,762,761) (S 69,369,370) (S 152,373,658) (S 214,39,815) (S 168,371,715) (S 216,85,745) (S 220,822,823) (S 188,43,745) (S 217,670,656) (S 169,716,655) (S 151,262,654) (S 15,80,81) (S 221,81,695) (D 0,0,0)
 0 1 3 8933 26588  17 (D 0,0,0) (S 170,719,718) (S 107,535,445) (S 65,337,338) (S 93,460,361) (S 181,360,691) (S 180,690,97) (S 129,96,606) (S 158,689,203) (S 36,203,202) (S 179,202,741) (S 178,95,591) (S 130,52,607) (S 126,62,169) (S 85,349,434) (S 66,349,350) (D 0,0,0)
 0 1 4 8839 21194  20 (D 0,0,0) (S 63,326,327) (S 186,330,437) (S 204,437,784) (S 149,649,650) (S 203,784,785) (S 207,793,660) (S 206,790,701) (S 142,635,636) (S 163,636,700) (S 161,700,165) (S 162,481,333) (S 103,514,515) (S 79,422,423) (S 87,439,438) (S 64,331,332) (S 104,517,518) (S 77,416,417) (S 105,416,351) (D 0,0,0)
 0 1 5 8844 20228  20 (D 0,0,0) (S 89,451,419) (S 78,419,418) (S 185,418,739) (S 184,739,736) (S 61,310,311) (S 183,313,582) (S 138,626,627) (S 139,629,630) (S 141,627,633) (S 74,406,407) (S 227,828,407) (S 228,407,71) (S 140,632,69) (S 13,69,68) (S 12,68,67) (S 11,66,65) (S 215,65,816) (S 236,816,787) (D 0,0,0)
 0 1 6 8655 23189  17 (D 0,0,0) (S 84,433,432) (S 132,319,534) (S 202,612,774) (S 131,612,611) (S 119,497,575) (S 18,101,100) (S 17,100,99) (S 127,460,574) (S 118,359,573) (S 167,709,139) (S 62,321,320) (S 101,320,494) (S 213,814,788) (S 205,788,789) (S 67,350,326) (D 0,0,0)
 0 1 7 8842 29402  20 (D 0,0,0) (S 86,435,436) (S 166,436,703) (S 123,592,593) (S 165,707,201) (S 29,147,148) (S 97,199,477) (S 35,199,198) (S 171,198,280) (S 56,280,281) (S 182,281,743) (S 98,477,92) (S 16,92,93) (S 145,637,638) (S 144,93,562) (S 91,456,457) (S 143,456,58) (S 10,56,55) (S 164,703,704) (D 0,0,0)
 0 1 8 8932 36144  18 (D 0,0,0) (S 90,452,427) (S 196,152,140) (S 28,140,141) (S 197,385,376) (S 14,73,74) (S 198,73,767) (S 9,49,50) (S 8,48,47) (S 32,46,108) (S 33,108,183) (S 242,843,841) (S 240,841,542) (S 190,541,754) (S 109,158,539) (S 108,538,224) (S 45,224,225) (D 0,0,0)
 0 1 9 8760 40100  24 (D 0,0,0) (S 116,547,566) (S 211,596,173) (S 172,540,470) (S 19,103,104) (S 20,105,106) (S 21,107,108) (S 34,183,184) (S 238,545,809) (S 237,809,110) (S 233,111,801) (S 232,801,124) (S 230,833,834) (S 231,834,765) (S 7,33,34) (S 160,34,120) (S 23,119,121) (S 24,121,122) (S 210,122,798) (S 212,118,799) (S 209,798,797) (S 241,805,113) (S 22,113,114) (D 0,0,0)
 0 1 10 8951 41325  23 (D 0,0,0) (S 147,643,223) (S 117,564,570) (S 57,288,278) (S 55,278,277) (S 54,276,275) (S 53,275,274) (S 48,246,245) (S 191,757,127) (S 25,127,128) (S 30,128,161) (S 31,162,163) (S 219,796,243) (S 26,131,132) (S 110,549,550) (S 47,232,233) (S 27,132,133) (S 44,222,221) (S 200,221,712) (S 199,221,381) (S 6,30,31) (S 70,30,384) (D 0,0,0)
 0 1 11 8983 37983  20 (D 0,0,0) (S 148,548,537) (S 59,296,297) (S 115,462,219) (S 40,210,211) (S 41,211,212) (S 42,212,213) (S 95,213,470) (S 173,470,314) (S 174,314,724) (S 175,724,126) (S 189,751,752) (S 234,726,802) (S 49,251,231) (S 52,272,230) (S 60,299,229) (S 235,252,679) (S 156,133,595) (S 120,286,364) (D 0,0,0)
 0 1 12 8747 35782  18 (D 0,0,0) (S 58,290,154) (S 128,155,363) (S 133,363,156) (S 106,529,397) (S 102,396,500) (S 208,390,530) (S 72,390,389) (S 71,389,388) (S 150,388,652) (S 76,414,401) (S 73,401,402) (S 75,409,400) (S 82,429,412) (S 81,429,377) (S 80,386,428) (S 201,777,393) (D 0,0,0)
 0 1 13 7976 32679  12 (D 0,0,0) (S 195,300,116) (S 113,561,258) (S 112,560,294) (S 125,292,269) (S 46,227,228) (S 121,366,578) (S 239,578,609) (S 114,561,214) (S 43,214,215) (S 111,215,557) (D 0,0,0)
 0 1 14 8951 42319  18 (D 0,0,0) (S 96,473,474) (S 222,556,641) (S 146,641,468) (S 94,466,467) (S 157,682,683) (S 223,662,665) (S 224,665,440) (S 124,594,440) (S 88,441,442) (S 100,490,492) (S 134,492,617) (S 135,617,618) (S 136,618,619) (S 192,618,488) (S 99,484,483) (S 5,23,24) (D 0,0,0)
