434097
14
619922
176345
 0 1 1 7976 32679  12 (D 0,0,0) (S 195,300,116) (S 113,561,258) (S 112,560,294) (S 125,292,269) (S 46,227,228) (S 121,366,578) (S 239,578,609) (S 114,561,214) (S 43,214,215) (S 111,215,557) (D 0,0,0)
 0 1 2 8951 42319  18 (D 0,0,0) (S 5,24,23) (S 99,483,484) (S 100,490,492) (S 134,492,617) (S 135,617,618) (S 136,618,619) (S 192,618,488) (S 88,442,441) (S 124,594,440) (S 224,440,665) (S 223,665,662) (S 157,682,683) (S 94,466,467) (S 146,468,641) (S 222,641,556) (S 96,473,474) (D 0,0,0)
 0 1 3 8794 24719  18 (D 0,0,0) (S 205,788,789) (S 213,788,814) (S 167,709,139) (S 118,573,359) (S 181,360,691) (S 180,690,97) (S 129,96,606) (S 158,689,203) (S 36,203,202) (S 179,202,741) (S 178,95,591) (S 130,52,607) (S 126,62,169) (S 85,349,434) (S 66,349,350) (S 67,350,326) (D 0,0,0)
 0 1 4 8951 41325  23 (D 0,0,0) (S 147,643,223) (S 117,564,570) (S 57,288,278) (S 55,278,277) (S 54,276,275) (S 53,275,274) (S 48,246,245) (S 191,757,127) (S 25,127,128) (S 30,128,161) (S 31,162,163) (S 219,796,243) (S 26,131,132) (S 47,232,233) (S 110,549,550) (S 27,132,133) (S 44,222,221) (S 200,221,712) (S 199,221,381) (S 70,30,384) (S 6,30,31) (D 0,0,0)
 0 1 5 8839 21194  20 (D 0,0,0) (S 105,351,416) (S 77,416,417) (S 104,518,517) (S 64,332,331) (S 87,438,439) (S 79,422,423) (S 103,515,514) (S 162,333,481) (S 161,700,165) (S 163,700,636) (S 142,635,636) (S 206,701,790) (S 207,660,793) (S 203,785,784) (S 149,649,650) (S 204,784,437) (S 186,437,330) (S 63,327,326) (D 0,0,0)
 0 1 6 8232 24796  25 (D 0,0,0) (S 221,695,81) (S 15,80,81) (S 151,654,262) (S 169,716,655) (S 217,656,670) (S 188,745,43) (S 220,822,823) (S 216,745,85) (S 168,715,371) (S 152,373,658) (S 214,39,815) (S 69,370,369) (S 193,761,762) (S 194,762,673) (S 153,673,524) (S 4,16,15) (S 3,14,15) (S 83,431,178) (S 50,265,266) (S 51,266,267) (S 2,6,7) (S 187,671,675) (S 1,0,1) (D 0,0,0)
 0 1 7 8794 25288  16 (D 0,0,0) (S 84,433,432) (S 101,494,320) (S 62,320,321) (S 127,574,460) (S 93,460,361) (S 17,99,100) (S 18,100,101) (S 119,575,497) (S 65,337,338) (S 131,611,612) (S 202,612,774) (S 132,534,319) (S 107,445,535) (S 170,718,719) (D 0,0,0)
 0 1 8 8747 35782  18 (D 0,0,0) (S 58,290,154) (S 128,155,363) (S 133,363,156) (S 106,529,397) (S 102,396,500) (S 72,389,390) (S 208,390,530) (S 71,389,388) (S 150,388,652) (S 76,414,401) (S 73,401,402) (S 75,409,400) (S 82,429,412) (S 81,429,377) (S 80,386,428) (S 201,777,393) (D 0,0,0)
 0 1 9 8353 22138  18 (D 0,0,0) (S 218,3,732) (S 177,731,732) (S 176,727,728) (S 137,459,353) (S 229,624,830) (S 154,623,196) (S 155,196,589) (S 122,589,588) (S 225,588,208) (S 226,208,826) (S 39,209,208) (S 38,208,207) (S 37,207,206) (S 68,193,354) (S 92,355,192) (S 159,2,0) (D 0,0,0)
 0 1 10 8801 36830  18 (D 0,0,0) (S 45,225,224) (S 108,224,538) (S 109,539,158) (S 172,540,470) (S 190,541,754) (S 240,542,841) (S 242,841,843) (S 32,108,46) (S 8,47,48) (S 9,49,50) (S 198,767,73) (S 14,73,74) (S 197,376,385) (S 28,140,141) (S 196,140,152) (S 90,427,452) (D 0,0,0)
 0 1 11 8844 20228  20 (D 0,0,0) (S 89,451,419) (S 78,419,418) (S 185,418,739) (S 184,739,736) (S 61,310,311) (S 183,313,582) (S 138,626,627) (S 139,629,630) (S 141,627,633) (S 74,406,407) (S 227,828,407) (S 228,407,71) (S 140,632,69) (S 13,69,68) (S 12,68,67) (S 11,66,65) (S 215,65,816) (S 236,816,787) (D 0,0,0)
 0 1 12 8842 29402  20 (D 0,0,0) (S 86,435,436) (S 166,436,703) (S 10,55,56) (S 143,58,456) (S 91,456,457) (S 144,562,93) (S 145,637,638) (S 16,93,92) (S 98,92,477) (S 182,281,743) (S 56,281,280) (S 171,280,198) (S 35,198,199) (S 97,199,477) (S 29,147,148) (S 165,201,707) (S 123,592,593) (S 164,703,704) (D 0,0,0)
 0 1 13 8983 37983  20 (D 0,0,0) (S 120,364,286) (S 156,595,133) (S 235,679,252) (S 49,251,231) (S 60,299,229) (S 52,272,230) (S 234,802,726) (S 189,751,752) (S 175,126,724) (S 174,724,314) (S 173,314,470) (S 95,470,213) (S 42,213,212) (S 41,212,211) (S 40,210,211) (S 115,219,462) (S 59,297,296) (S 148,537,548) (D 0,0,0)
 0 1 14 8891 39414  24 (D 0,0,0) (S 116,547,566) (S 211,596,173) (S 19,103,104) (S 20,105,106) (S 21,107,108) (S 33,108,183) (S 34,183,184) (S 238,545,809) (S 237,809,110) (S 233,111,801) (S 232,801,124) (S 230,833,834) (S 231,834,765) (S 7,33,34) (S 160,34,120) (S 23,119,121) (S 24,121,122) (S 210,122,798) (S 212,118,799) (S 209,798,797) (S 241,805,113) (S 22,113,114) (D 0,0,0)
