434097
14
540397
55205
 0 1 1 8794 24719  18 (D 0,0,0) (S 67,326,350) (S 66,350,349) (S 85,349,434) (S 126,169,62) (S 130,607,52) (S 178,591,95) (S 179,741,202) (S 36,202,203) (S 158,203,689) (S 129,606,96) (S 180,97,690) (S 181,691,360) (S 118,359,573) (S 167,709,139) (S 213,814,788) (S 205,788,789) (D 0,0,0)
 0 1 2 8762 36799  19 (D 0,0,0) (S 116,547,566) (S 45,225,224) (S 108,224,538) (S 109,539,158) (S 172,540,470) (S 190,541,754) (S 19,103,104) (S 20,105,106) (S 32,108,46) (S 8,47,48) (S 9,49,50) (S 198,767,73) (S 14,73,74) (S 197,376,385) (S 28,140,141) (S 196,140,152) (S 90,427,452) (D 0,0,0)
 0 1 3 8951 42319  18 (D 0,0,0) (S 96,473,474) (S 222,556,641) (S 146,641,468) (S 94,466,467) (S 157,682,683) (S 223,662,665) (S 224,665,440) (S 124,594,440) (S 88,441,442) (S 192,488,618) (S 136,618,619) (S 135,618,617) (S 134,617,492) (S 100,492,490) (S 99,484,483) (S 5,23,24) (D 0,0,0)
 0 1 4 7976 32679  12 (D 0,0,0) (S 195,300,116) (S 113,561,258) (S 112,560,294) (S 125,292,269) (S 46,227,228) (S 121,366,578) (S 239,578,609) (S 114,561,214) (S 43,214,215) (S 111,215,557) (D 0,0,0)
 0 1 5 8844 20228  20 (D 0,0,0) (S 236,787,816) (S 215,816,65) (S 11,65,66) (S 12,67,68) (S 13,68,69) (S 140,632,69) (S 228,71,407) (S 227,828,407) (S 74,407,406) (S 141,633,627) (S 139,629,630) (S 138,627,626) (S 183,582,313) (S 61,310,311) (S 184,736,739) (S 185,739,418) (S 78,418,419) (S 89,419,451) (D 0,0,0)
 0 1 6 8930 39445  23 (D 0,0,0) (S 22,114,113) (S 241,113,805) (S 209,797,798) (S 212,118,799) (S 210,798,122) (S 24,122,121) (S 23,121,119) (S 160,120,34) (S 7,34,33) (S 231,765,834) (S 230,833,834) (S 232,124,801) (S 233,801,111) (S 237,110,809) (S 238,809,545) (S 34,184,183) (S 33,183,108) (S 21,108,107) (S 242,843,841) (S 240,841,542) (S 211,173,596) (D 0,0,0)
 0 1 7 8983 37983  20 (D 0,0,0) (S 148,548,537) (S 59,296,297) (S 115,462,219) (S 40,210,211) (S 41,211,212) (S 42,212,213) (S 95,213,470) (S 173,470,314) (S 174,314,724) (S 175,724,126) (S 189,751,752) (S 234,726,802) (S 52,272,230) (S 60,299,229) (S 49,251,231) (S 235,252,679) (S 156,133,595) (S 120,286,364) (D 0,0,0)
 0 1 8 8794 25288  16 (D 0,0,0) (S 170,719,718) (S 107,535,445) (S 132,319,534) (S 202,612,774) (S 131,612,611) (S 65,337,338) (S 119,497,575) (S 18,101,100) (S 17,100,99) (S 93,361,460) (S 127,460,574) (S 62,321,320) (S 101,320,494) (S 84,432,433) (D 0,0,0)
 0 1 9 8587 23464  18 (D 0,0,0) (S 1,0,1) (S 177,731,732) (S 218,732,3) (S 176,727,728) (S 137,459,353) (S 229,624,830) (S 154,623,196) (S 155,196,589) (S 122,589,588) (S 225,588,208) (S 226,208,826) (S 39,209,208) (S 38,208,207) (S 37,207,206) (S 68,193,354) (S 92,355,192) (D 0,0,0)
 0 1 10 8951 41325  23 (D 0,0,0) (S 147,643,223) (S 27,133,132) (S 110,549,550) (S 47,232,233) (S 26,132,131) (S 219,243,796) (S 31,162,163) (S 30,161,128) (S 25,128,127) (S 191,127,757) (S 48,245,246) (S 53,274,275) (S 54,275,276) (S 55,277,278) (S 57,288,278) (S 117,564,570) (S 44,222,221) (S 200,221,712) (S 199,221,381) (S 70,30,384) (S 6,30,31) (D 0,0,0)
 0 1 11 7998 23470  25 (D 0,0,0) (S 159,0,2) (S 221,695,81) (S 15,80,81) (S 151,654,262) (S 169,716,655) (S 217,656,670) (S 220,822,823) (S 188,43,745) (S 216,745,85) (S 168,715,371) (S 214,39,815) (S 152,373,658) (S 69,370,369) (S 193,761,762) (S 194,762,673) (S 153,673,524) (S 4,16,15) (S 3,14,15) (S 83,431,178) (S 50,265,266) (S 51,266,267) (S 2,6,7) (S 187,671,675) (D 0,0,0)
 0 1 12 8747 35782  18 (D 0,0,0) (S 201,777,393) (S 80,428,386) (S 81,377,429) (S 82,429,412) (S 75,409,400) (S 73,401,402) (S 76,401,414) (S 150,652,388) (S 71,388,389) (S 72,389,390) (S 208,390,530) (S 102,500,396) (S 106,397,529) (S 133,156,363) (S 128,363,155) (S 58,154,290) (D 0,0,0)
 0 1 13 8839 21194  20 (D 0,0,0) (S 105,351,416) (S 77,416,417) (S 104,518,517) (S 64,332,331) (S 87,438,439) (S 79,422,423) (S 103,515,514) (S 162,333,481) (S 161,700,165) (S 163,700,636) (S 142,635,636) (S 206,701,790) (S 207,660,793) (S 203,785,784) (S 149,649,650) (S 204,784,437) (S 186,437,330) (S 63,327,326) (D 0,0,0)
 0 1 14 8842 29402  20 (D 0,0,0) (S 86,435,436) (S 166,436,703) (S 10,55,56) (S 143,58,456) (S 91,456,457) (S 144,562,93) (S 145,637,638) (S 16,93,92) (S 98,92,477) (S 97,477,199) (S 35,199,198) (S 171,198,280) (S 56,280,281) (S 182,281,743) (S 29,147,148) (S 165,201,707) (S 123,592,593) (S 164,703,704) (D 0,0,0)
