1062565
42
3600431
3549205
 0 1 1 8852 16602  25 (D 0,0,0) (S 472,672,431) (S 281,506,14) (S 652,14,525) (S 303,527,535) (S 302,535,445) (S 397,448,612) (S 396,612,611) (S 395,610,611) (S 605,611,774) (S 604,773,774) (S 609,774,612) (S 441,647,648) (S 440,647,646) (S 480,646,447) (S 301,534,445) (S 240,445,318) (S 157,317,316) (S 685,316,761) (S 651,762,718) (S 519,718,719) (S 692,719,708) (S 512,708,433) (S 414,631,324) (D 0,0,0)
 0 1 2 8352 10839  18 (D 0,0,0) (S 296,522,521) (S 295,521,520) (S 621,520,64) (S 27,64,65) (S 28,65,66) (S 538,66,171) (S 74,171,172) (S 539,171,450) (S 244,450,419) (S 245,419,451) (S 656,451,65) (S 657,65,816) (S 700,816,787) (S 701,787,63) (S 448,63,653) (S 494,677,0) (D 0,0,0)
 0 1 3 8971 19760  21 (D 0,0,0) (S 222,416,327) (S 543,328,435) (S 236,436,437) (S 618,437,784) (S 619,784,786) (S 617,784,785) (S 627,792,793) (S 628,793,660) (S 453,659,660) (S 629,660,790) (S 626,56,791) (S 24,56,55) (S 630,55,794) (S 665,794,819) (S 664,794,51) (S 390,52,607) (S 504,607,705) (S 221,415,327) (S 622,325,520) (D 0,0,0)
 0 1 4 8982 14606  27 (D 0,0,0) (S 3,3,4) (S 654,728,4) (S 655,4,191) (S 91,191,190) (S 323,190,555) (S 447,555,8) (S 5,8,7) (S 4,7,6) (S 462,6,671) (S 558,671,508) (S 170,343,265) (S 171,265,344) (S 520,344,380) (S 201,380,379) (S 200,375,370) (S 460,370,669) (S 194,369,368) (S 304,368,527) (S 173,347,346) (S 172,345,346) (S 473,346,506) (S 282,506,177) (S 77,177,178) (S 78,178,179) (S 464,179,672) (D 0,0,0)
 0 1 5 8880 14649  17 (D 0,0,0) (S 532,734,621) (S 409,459,353) (S 410,584,622) (S 417,622,195) (S 416,195,590) (S 415,590,207) (S 105,208,209) (S 329,209,558) (S 328,306,558) (S 680,558,826) (S 675,826,208) (S 103,207,206) (S 102,206,151) (S 67,151,150) (S 300,532,191) (D 0,0,0)
 0 1 6 8979 38732  19 (D 0,0,0) (S 702,825,441) (S 456,665,465) (S 482,467,684) (S 481,467,683) (S 432,641,468) (S 255,467,468) (S 256,468,469) (S 257,469,304) (S 149,304,305) (S 148,304,303) (S 668,303,308) (S 151,307,308) (S 152,308,309) (S 669,303,556) (S 325,556,469) (S 260,474,475) (S 326,473,340) (D 0,0,0)
 0 1 7 8921 33890  18 (D 0,0,0) (S 8,20,21) (S 273,21,484) (S 276,490,493) (S 487,493,496) (S 486,687,496) (S 674,688,667) (S 458,667,442) (S 459,442,668) (S 239,441,440) (S 672,440,665) (S 457,665,666) (S 454,661,662) (S 493,693,694) (S 670,693,662) (S 671,662,665) (S 673,440,825) (D 0,0,0)
 0 1 8 8949 18145  10 (D 0,0,0) (S 93,193,194) (S 356,585,206) (S 104,207,208) (S 330,209,559) (S 358,559,587) (S 357,586,587) (S 588,587,300) (S 150,306,151) (D 0,0,0)
 0 1 9 8968 19336  23 (D 0,0,0) (S 224,417,418) (S 556,418,739) (S 533,735,518) (S 384,602,603) (S 437,603,604) (S 436,645,604) (S 386,604,605) (S 385,604,602) (S 292,517,516) (S 291,516,515) (S 424,515,634) (S 571,634,629) (S 422,627,633) (S 552,744,633) (S 350,582,404) (S 215,404,403) (S 399,403,613) (S 214,403,170) (S 699,738,816) (S 658,816,733) (S 659,733,734) (D 0,0,0)
 0 1 10 8907 21060  16 (D 0,0,0) (S 92,192,193) (S 94,195,196) (S 411,623,624) (S 412,624,625) (S 679,624,829) (S 696,838,829) (S 697,829,632) (S 419,505,632) (S 698,632,583) (S 537,737,67) (S 536,67,170) (S 535,170,449) (S 540,450,739) (S 541,739,740) (D 0,0,0)
 0 1 11 8938 17827  21 (D 0,0,0) (S 179,354,353) (S 354,584,504) (S 353,504,583) (S 352,583,68) (S 351,68,404) (S 678,407,71) (S 31,71,72) (S 30,71,70) (S 29,70,69) (S 420,69,405) (S 421,405,633) (S 553,633,582) (S 554,582,313) (S 555,313,736) (S 534,736,449) (S 242,449,312) (S 153,312,310) (S 243,449,450) (S 225,419,418) (D 0,0,0)
 0 1 12 8923 22766  20 (D 0,0,0) (S 101,151,205) (S 100,204,205) (S 676,205,557) (S 327,557,215) (S 393,561,609) (S 392,609,608) (S 391,608,29) (S 190,29,364) (S 305,364,536) (S 306,536,248) (S 121,248,247) (S 433,643,223) (S 110,223,224) (S 308,224,537) (S 307,537,248) (S 122,248,249) (S 332,561,214) (S 677,557,301) (D 0,0,0)
 0 1 13 8995 25067  10 (D 0,0,0) (S 589,300,116) (S 49,116,117) (S 191,117,365) (S 124,257,256) (S 131,256,227) (S 112,227,228) (S 192,226,366) (S 394,365,561) (D 0,0,0)
 0 1 14 8947 24867  16 (D 0,0,0) (S 331,258,294) (S 144,294,295) (S 145,295,296) (S 147,296,297) (S 370,297,538) (S 371,538,596) (S 372,596,565) (S 373,565,367) (S 111,226,225) (S 338,225,566) (S 339,566,547) (S 315,546,547) (S 123,249,250) (S 346,567,578) (D 0,0,0)
 0 1 15 8949 29165  22 (D 0,0,0) (S 435,548,537) (S 434,537,247) (S 109,223,222) (S 366,595,570) (S 367,570,277) (S 141,288,278) (S 368,277,217) (S 132,270,216) (S 133,216,271) (S 107,217,218) (S 108,218,219) (S 335,219,462) (S 253,462,213) (S 258,213,470) (S 526,470,540) (S 310,158,539) (S 336,539,462) (S 254,462,463) (S 369,463,297) (S 309,538,224) (D 0,0,0)
 0 1 16 8911 33137  33 (D 0,0,0) (S 146,218,276) (S 137,276,275) (S 269,274,486) (S 270,486,487) (S 106,210,211) (S 334,211,486) (S 333,486,275) (S 136,275,274) (S 268,274,246) (S 156,246,315) (S 155,159,315) (S 566,315,748) (S 575,748,160) (S 576,160,757) (S 572,757,127) (S 54,127,126) (S 528,724,126) (S 570,725,751) (S 529,421,726) (S 227,421,420) (S 574,420,756) (S 573,756,127) (S 55,127,128) (S 56,128,129) (S 564,129,244) (S 119,244,130) (S 57,130,129) (S 565,129,748) (S 120,245,130) (S 58,130,131) (S 342,131,564) (D 0,0,0)
 0 1 17 8971 37730  22 (D 0,0,0) (S 140,284,285) (S 497,285,681) (S 365,595,38) (S 600,38,134) (S 61,134,133) (S 474,680,679) (S 695,679,252) (S 134,272,230) (S 319,552,299) (S 135,230,273) (S 643,802,795) (S 637,795,796) (S 226,161,420) (S 71,161,128) (S 70,128,160) (S 69,160,159) (S 154,159,314) (S 527,314,470) (S 639,173,596) (S 337,565,225) (D 0,0,0)
 0 1 18 8801 30621  9 (D 0,0,0) (S 143,294,293) (S 75,174,175) (S 647,175,807) (S 76,175,176) (S 174,348,292) (S 375,292,269) (S 374,269,367) (D 0,0,0)
 0 1 19 8885 34280  19 (D 0,0,0) (S 193,174,115) (S 85,112,185) (S 648,185,808) (S 705,809,110) (S 704,110,125) (S 53,125,124) (S 52,124,123) (S 51,123,122) (S 688,121,33) (S 14,33,34) (S 500,11,188) (S 499,189,698) (S 498,189,10) (S 6,10,11) (S 15,34,35) (S 50,119,121) (S 687,121,799) (D 0,0,0)
 0 1 20 8989 34644  23 (D 0,0,0) (S 640,799,798) (S 686,799,804) (S 644,804,797) (S 717,805,800) (S 642,800,187) (S 88,187,123) (S 89,123,32) (S 90,32,12) (S 587,32,765) (S 586,765,764) (S 703,764,834) (S 689,833,834) (S 690,765,124) (S 691,801,111) (S 47,111,112) (S 86,112,186) (S 87,186,187) (S 641,800,798) (S 638,798,797) (S 645,797,805) (S 716,805,113) (D 0,0,0)
 0 1 21 8993 43324  18 (D 0,0,0) (S 727,755,811) (S 650,810,813) (S 715,813,543) (S 312,543,544) (S 721,846,544) (S 725,847,845) (S 724,845,183) (S 81,108,46) (S 80,182,75) (S 79,181,75) (S 32,76,77) (S 707,45,109) (S 706,109,545) (S 314,545,184) (S 84,184,185) (S 48,112,113) (D 0,0,0)
 0 1 22 8847 35182  24 (D 0,0,0) (S 569,755,754) (S 568,753,103) (S 43,103,104) (S 710,104,841) (S 44,104,105) (S 722,106,47) (S 20,47,48) (S 21,48,49) (S 22,49,50) (S 713,48,105) (S 45,105,106) (S 46,107,108) (S 82,108,183) (S 723,849,183) (S 83,183,184) (S 313,184,544) (S 714,543,843) (S 726,843,841) (S 711,841,542) (S 311,542,541) (S 316,548,547) (S 340,547,249) (D 0,0,0)
 0 1 23 8925 30636  19 (D 0,0,0) (S 13,30,31) (S 202,30,383) (S 320,553,383) (S 598,381,221) (S 599,221,712) (S 515,712,713) (S 16,37,38) (S 364,38,135) (S 720,135,844) (S 718,844,615) (S 377,597,598) (S 402,597,88) (S 401,88,614) (S 400,614,156) (S 387,155,363) (S 188,363,242) (S 298,241,291) (D 0,0,0)
 0 1 24 8975 29107  18 (D 0,0,0) (S 62,136,137) (S 446,137,290) (S 142,290,154) (S 68,154,155) (S 709,614,529) (S 299,529,397) (S 210,397,396) (S 287,396,500) (S 279,500,499) (S 278,499,398) (S 212,398,387) (S 204,387,386) (S 203,386,385) (S 593,385,391) (S 592,140,152) (S 231,426,427) (D 0,0,0)
 0 1 25 8989 23264  17 (D 0,0,0) (S 241,447,446) (S 167,337,338) (S 616,337,601) (S 345,574,497) (S 439,575,101) (S 41,100,99) (S 40,99,98) (S 187,98,362) (S 380,362,599) (S 491,599,689) (S 579,689,606) (S 548,741,95) (S 547,95,591) (S 546,591,454) (S 545,454,53) (D 0,0,0)
 0 1 26 9000 27904  20 (D 0,0,0) (S 503,704,607) (S 389,571,472) (S 259,472,471) (S 490,689,203) (S 489,503,203) (S 99,203,202) (S 65,145,146) (S 66,146,147) (S 506,706,146) (S 98,201,200) (S 262,199,79) (S 261,79,476) (S 484,476,685) (S 64,142,143) (S 483,143,476) (S 507,201,707) (S 508,707,94) (S 39,94,95) (D 0,0,0)
 0 1 27 8993 24414  17 (D 0,0,0) (S 185,360,361) (S 186,361,98) (S 381,362,600) (S 404,502,22) (S 9,21,22) (S 10,22,23) (S 530,23,729) (S 11,23,24) (S 12,24,25) (S 438,24,501) (S 42,101,100) (S 252,461,460) (S 382,460,574) (S 182,322,357) (S 277,494,495) (D 0,0,0)
 0 1 28 8984 22725  17 (D 0,0,0) (S 683,443,494) (S 681,357,335) (S 492,334,471) (S 549,690,97) (S 388,96,606) (S 580,606,741) (S 581,707,638) (S 430,638,637) (S 567,637,749) (S 429,637,93) (S 38,93,94) (S 509,94,592) (S 363,592,593) (S 362,592,591) (S 544,53,704) (D 0,0,0)
 0 1 29 8992 18066  21 (D 0,0,0) (S 178,351,326) (S 237,437,438) (S 238,438,439) (S 425,439,635) (S 578,758,760) (S 577,758,635) (S 426,636,58) (S 26,58,59) (S 265,59,481) (S 290,514,515) (S 423,634,627) (S 413,627,626) (S 632,626,581) (S 631,581,776) (S 608,776,735) (S 607,735,740) (S 606,740,417) (S 223,417,416) (S 294,416,351) (D 0,0,0)
 0 1 30 8974 16769  20 (D 0,0,0) (S 177,326,350) (S 176,350,349) (S 175,349,169) (S 73,168,169) (S 379,169,62) (S 378,62,167) (S 505,167,705) (S 23,52,53) (S 246,454,455) (S 247,455,456) (S 248,456,457) (S 427,456,58) (S 25,58,57) (S 347,579,438) (S 348,438,580) (S 349,580,332) (S 161,328,327) (S 160,327,326) (D 0,0,0)
 0 1 31 8960 18628  19 (D 0,0,0) (S 623,325,495) (S 624,495,788) (S 653,788,814) (S 682,814,357) (S 184,358,359) (S 344,359,573) (S 343,571,572) (S 516,572,714) (S 513,573,554) (S 63,138,139) (S 321,554,358) (S 183,358,322) (S 159,322,321) (S 181,321,356) (S 158,319,318) (S 694,317,832) (S 693,832,719) (D 0,0,0)
 0 1 32 8988 31349  16 (D 0,0,0) (S 398,443,319) (S 443,652,414) (S 442,651,414) (S 219,414,401) (S 217,410,411) (S 220,410,401) (S 213,401,400) (S 216,409,400) (S 635,399,652) (S 636,652,390) (S 206,390,389) (S 205,389,388) (S 444,499,395) (S 445,395,290) (D 0,0,0)
 0 1 33 8994 34863  18 (D 0,0,0) (S 211,394,398) (S 634,399,429) (S 233,429,412) (S 234,412,430) (S 218,412,413) (S 633,429,766) (S 596,766,73) (S 646,74,806) (S 649,806,767) (S 597,767,73) (S 595,766,376) (S 594,376,385) (S 232,428,392) (S 207,391,392) (S 208,393,394) (S 209,394,395) (D 0,0,0)
 0 1 34 8984 33936  21 (D 0,0,0) (S 280,89,500) (S 288,500,389) (S 376,530,597) (S 719,844,842) (S 712,842,680) (S 475,680,133) (S 60,133,132) (S 115,132,234) (S 317,549,550) (S 318,549,233) (S 113,232,233) (S 114,233,234) (S 116,132,235) (S 59,132,131) (S 341,569,131) (S 476,133,595) (S 477,222,681) (S 478,681,576) (S 479,576,287) (D 0,0,0)
 0 1 35 8784 27455  18 (D 0,0,0) (S 465,16,524) (S 584,673,762) (S 583,761,535) (S 614,426,779) (S 118,239,240) (S 611,239,780) (S 610,238,778) (S 613,778,781) (S 612,781,237) (S 117,237,236) (S 591,236,424) (S 524,721,722) (S 590,722,424) (S 229,424,425) (S 230,425,426) (S 684,443,432) (D 0,0,0)
 0 1 36 8951 16075  34 (D 0,0,0) (S 297,522,523) (S 466,523,17) (S 7,16,15) (S 235,15,431) (S 283,177,507) (S 521,507,344) (S 128,265,264) (S 127,264,263) (S 198,263,86) (S 199,86,375) (S 289,375,512) (S 660,512,715) (S 517,715,371) (S 195,371,372) (S 196,372,40) (S 197,373,374) (S 403,616,39) (S 17,40,41) (S 18,41,42) (S 35,42,85) (S 661,85,745) (S 125,260,261) (S 461,261,342) (S 168,341,342) (S 169,342,343) (S 559,343,508) (S 284,508,266) (S 129,266,267) (S 463,267,179) (S 467,180,268) (S 130,268,63) (S 471,653,677) (D 0,0,0)
 0 1 37 8515 16595  15 (D 0,0,0) (S 293,519,518) (S 163,329,330) (S 164,330,331) (S 165,331,332) (S 166,332,333) (S 502,333,481) (S 501,700,165) (S 72,164,165) (S 625,166,702) (S 510,703,436) (S 511,436,329) (S 162,329,328) (S 542,328,519) (D 0,0,0)
 0 1 38 8865 30694  22 (D 0,0,0) (S 228,422,423) (S 428,456,562) (S 431,638,200) (S 97,200,199) (S 96,199,198) (S 95,197,198) (S 525,280,723) (S 138,279,280) (S 551,281,743) (S 550,281,477) (S 263,477,92) (S 37,92,91) (S 36,90,91) (S 522,91,282) (S 523,282,720) (S 139,282,283) (S 264,92,478) (S 602,478,771) (S 603,479,772) (S 601,480,770) (D 0,0,0)
 0 1 39 8933 33082  15 (D 0,0,0) (S 251,361,460) (S 383,99,600) (S 405,22,483) (S 275,492,490) (S 272,490,489) (S 271,489,488) (S 514,710,711) (S 582,710,488) (S 406,618,619) (S 274,491,492) (S 266,483,484) (S 267,484,485) (S 488,485,20) (D 0,0,0)
 0 1 40 7681 17870  11 (D 0,0,0) (S 495,0,2) (S 531,732,731) (S 585,27,686) (S 485,686,663) (S 455,663,664) (S 615,26,783) (S 557,28,731) (S 2,3,2) (S 1,0,1) (D 0,0,0)
 0 1 41 8988 15907  25 (D 0,0,0) (S 496,2,695) (S 33,81,82) (S 449,654,262) (S 450,262,655) (S 663,656,818) (S 451,656,655) (S 518,716,655) (S 126,262,261) (S 662,670,745) (S 562,43,657) (S 563,657,746) (S 452,657,84) (S 34,84,42) (S 19,42,43) (S 708,43,822) (S 666,822,823) (S 561,745,260) (S 560,260,343) (S 285,508,5) (S 286,5,509) (S 324,509,555) (S 322,190,81) (S 667,81,695) (D 0,0,0)
 0 1 42 8825 16997  17 (D 0,0,0) (S 620,3,787) (S 407,620,621) (S 408,621,459) (S 249,458,459) (S 250,459,355) (S 180,355,354) (S 189,354,193) (S 361,585,590) (S 360,590,589) (S 359,588,589) (S 470,589,196) (S 469,196,623) (S 468,623,505) (S 418,505,622) (S 355,584,194) (D 0,0,0)
