1066980
43
3600488
3262651
 0 1 1 7018 16544  10 (D 0,0,0) (S 495,0,2) (S 557,731,28) (S 615,26,783) (S 455,663,664) (S 485,663,686) (S 585,686,27) (S 531,731,732) (S 2,3,2) (D 0,0,0)
 0 1 2 8446 13593  27 (D 0,0,0) (S 496,2,695) (S 667,695,81) (S 33,81,82) (S 449,654,262) (S 450,262,655) (S 518,716,655) (S 451,655,656) (S 663,656,818) (S 126,262,261) (S 662,670,745) (S 561,745,260) (S 125,260,261) (S 461,261,342) (S 168,341,342) (S 169,342,343) (S 559,343,508) (S 284,508,266) (S 283,507,177) (S 282,177,506) (S 473,506,346) (S 172,346,345) (S 521,344,507) (S 77,177,178) (S 78,178,179) (S 464,179,672) (D 0,0,0)
 0 1 3 8951 16782  30 (D 0,0,0) (S 463,179,267) (S 129,267,266) (S 128,265,264) (S 127,264,263) (S 198,263,86) (S 199,86,375) (S 289,375,512) (S 660,512,715) (S 517,715,371) (S 195,371,372) (S 196,372,40) (S 197,373,374) (S 403,616,39) (S 17,40,41) (S 18,41,42) (S 19,42,43) (S 666,822,823) (S 708,822,43) (S 562,43,657) (S 563,657,746) (S 452,657,84) (S 34,84,42) (S 35,42,85) (S 661,85,745) (S 560,260,343) (S 558,508,671) (S 130,268,63) (S 448,63,653) (D 0,0,0)
 0 1 4 8946 12229  23 (D 0,0,0) (S 296,522,521) (S 295,521,520) (S 621,520,64) (S 27,64,65) (S 656,65,451) (S 245,451,419) (S 225,419,418) (S 606,417,740) (S 541,740,739) (S 540,739,450) (S 243,450,449) (S 242,449,312) (S 153,312,310) (S 534,736,449) (S 535,449,170) (S 28,66,65) (S 657,65,816) (S 700,816,787) (S 701,787,63) (S 471,653,677) (S 494,677,0) (D 0,0,0)
 0 1 5 663 1326  3 (D 0,0,0) (S 1,0,1) (D 0,0,0)
 0 1 6 8986 17610  27 (D 0,0,0) (S 512,708,433) (S 414,631,324) (S 277,495,494) (S 683,494,443) (S 398,443,319) (S 158,319,318) (S 240,318,445) (S 301,445,534) (S 480,447,646) (S 440,646,647) (S 441,647,648) (S 396,612,611) (S 395,610,611) (S 605,611,774) (S 604,773,774) (S 609,774,612) (S 397,612,448) (S 302,445,535) (S 303,535,527) (S 652,525,14) (S 281,14,506) (S 235,431,15) (S 7,15,16) (S 466,17,523) (S 297,523,522) (D 0,0,0)
 0 1 7 8658 18612  19 (D 0,0,0) (S 692,708,719) (S 684,432,443) (S 181,321,356) (S 159,321,322) (S 183,322,358) (S 321,358,554) (S 63,138,139) (S 513,554,573) (S 516,572,714) (S 343,571,572) (S 344,573,359) (S 184,359,358) (S 682,357,814) (S 653,814,788) (S 624,788,495) (S 623,495,325) (S 622,325,520) (D 0,0,0)
 0 1 8 8990 19281  21 (D 0,0,0) (S 160,326,327) (S 543,328,435) (S 510,436,703) (S 625,702,166) (S 72,164,165) (S 501,165,700) (S 265,481,59) (S 26,59,58) (S 426,58,636) (S 578,758,760) (S 577,758,635) (S 228,422,423) (S 424,515,634) (S 423,634,627) (S 413,627,626) (S 632,626,581) (S 631,581,776) (S 608,776,735) (S 607,735,740) (D 0,0,0)
 0 1 9 8954 19967  19 (D 0,0,0) (S 533,518,735) (S 553,582,633) (S 571,634,629) (S 422,627,633) (S 552,744,633) (S 421,633,405) (S 420,405,69) (S 29,69,70) (S 30,70,71) (S 31,71,72) (S 678,71,407) (S 350,404,582) (S 554,582,313) (S 555,313,736) (S 556,739,418) (S 224,418,417) (S 223,417,416) (D 0,0,0)
 0 1 10 8863 20017  20 (D 0,0,0) (S 222,416,327) (S 221,327,415) (S 504,705,607) (S 664,51,794) (S 665,794,819) (S 630,794,55) (S 24,55,56) (S 626,56,791) (S 629,790,660) (S 453,659,660) (S 628,660,793) (S 627,792,793) (S 617,785,784) (S 619,784,786) (S 618,784,437) (S 236,437,436) (S 511,436,329) (S 542,328,519) (D 0,0,0)
 0 1 11 8963 16909  18 (D 0,0,0) (S 178,351,326) (S 161,327,328) (S 162,328,329) (S 163,329,330) (S 164,330,331) (S 165,331,332) (S 166,332,333) (S 290,514,515) (S 291,515,516) (S 292,516,517) (S 385,602,604) (S 436,645,604) (S 386,604,605) (S 437,604,603) (S 384,603,602) (S 293,518,519) (D 0,0,0)
 0 1 12 8995 16769  20 (D 0,0,0) (S 177,326,350) (S 176,350,349) (S 175,349,169) (S 73,168,169) (S 379,169,62) (S 378,62,167) (S 505,167,705) (S 390,607,52) (S 23,52,53) (S 545,53,454) (S 246,454,455) (S 247,455,456) (S 248,456,457) (S 427,456,58) (S 25,58,57) (S 347,579,438) (S 348,438,580) (S 349,580,332) (D 0,0,0)
 0 1 13 8964 28805  21 (D 0,0,0) (S 237,437,438) (S 238,438,439) (S 425,439,635) (S 428,456,562) (S 37,92,91) (S 36,90,91) (S 522,91,282) (S 139,282,283) (S 523,282,720) (S 525,280,723) (S 138,279,280) (S 551,281,743) (S 550,281,477) (S 263,477,92) (S 264,92,478) (S 602,478,771) (S 603,479,772) (S 601,480,770) (S 502,481,333) (D 0,0,0)
 0 1 14 8958 24531  19 (D 0,0,0) (S 544,704,53) (S 547,591,95) (S 548,95,741) (S 431,638,200) (S 97,200,199) (S 96,199,198) (S 95,197,198) (S 484,476,685) (S 64,142,143) (S 483,143,476) (S 261,476,79) (S 262,79,199) (S 98,200,201) (S 507,201,707) (S 508,707,94) (S 39,94,95) (S 546,591,454) (D 0,0,0)
 0 1 15 8999 26417  21 (D 0,0,0) (S 492,334,471) (S 579,689,606) (S 65,145,146) (S 66,146,147) (S 506,706,146) (S 99,202,203) (S 490,203,689) (S 491,689,599) (S 380,599,362) (S 381,362,600) (S 383,600,99) (S 40,99,98) (S 186,98,361) (S 251,361,460) (S 382,460,574) (S 167,337,338) (S 616,337,601) (S 173,347,346) (S 472,431,672) (D 0,0,0)
 0 1 16 8949 15102  28 (D 0,0,0) (S 465,16,524) (S 584,673,762) (S 651,762,718) (S 519,718,719) (S 693,719,832) (S 694,832,317) (S 157,317,316) (S 685,316,761) (S 583,761,535) (S 304,527,368) (S 194,368,369) (S 460,370,669) (S 200,370,375) (S 201,379,380) (S 520,380,344) (S 171,344,265) (S 170,265,343) (S 285,508,5) (S 286,5,509) (S 324,509,555) (S 323,190,555) (S 447,555,8) (S 5,8,7) (S 4,7,6) (S 462,6,671) (S 467,268,180) (D 0,0,0)
 0 1 17 8884 17151  15 (D 0,0,0) (S 322,81,190) (S 91,190,191) (S 102,151,206) (S 415,207,590) (S 416,590,195) (S 417,195,622) (S 410,622,584) (S 179,353,354) (S 250,355,459) (S 249,458,459) (S 408,459,621) (S 407,620,621) (S 620,787,3) (D 0,0,0)
 0 1 18 9000 15323  21 (D 0,0,0) (S 659,734,733) (S 658,733,816) (S 699,816,738) (S 538,66,171) (S 74,171,172) (S 214,170,403) (S 399,403,613) (S 215,403,404) (S 351,404,68) (S 352,68,583) (S 353,583,504) (S 354,504,584) (S 355,584,194) (S 93,194,193) (S 189,193,354) (S 180,354,355) (S 655,191,4) (S 654,728,4) (S 3,4,3) (D 0,0,0)
 0 1 19 8992 16699  10 (D 0,0,0) (S 67,150,151) (S 150,151,306) (S 588,300,587) (S 357,586,587) (S 358,587,559) (S 359,588,589) (S 360,589,590) (S 361,590,585) (D 0,0,0)
 0 1 20 8949 17370  17 (D 0,0,0) (S 356,585,206) (S 103,206,207) (S 104,207,208) (S 105,208,209) (S 675,208,826) (S 680,826,558) (S 328,306,558) (S 329,558,209) (S 330,209,559) (S 470,589,196) (S 469,196,623) (S 468,623,505) (S 418,505,622) (S 409,353,459) (S 532,621,734) (D 0,0,0)
 0 1 21 8959 20989  16 (D 0,0,0) (S 92,192,193) (S 94,195,196) (S 411,623,624) (S 412,624,625) (S 679,624,829) (S 696,838,829) (S 697,829,632) (S 419,505,632) (S 698,632,583) (S 537,737,67) (S 536,67,170) (S 539,171,450) (S 244,450,419) (S 294,416,351) (D 0,0,0)
 0 1 22 8731 22211  20 (D 0,0,0) (S 677,301,557) (S 123,249,250) (S 122,249,248) (S 307,248,537) (S 434,537,247) (S 121,247,248) (S 306,248,536) (S 305,536,364) (S 190,364,29) (S 391,29,608) (S 392,608,609) (S 393,609,561) (S 332,561,214) (S 327,215,557) (S 676,557,205) (S 100,204,205) (S 101,205,151) (S 300,532,191) (D 0,0,0)
 0 1 23 8995 25067  10 (D 0,0,0) (S 394,561,365) (S 124,257,256) (S 131,256,227) (S 112,227,228) (S 192,226,366) (S 191,365,117) (S 49,117,116) (S 589,116,300) (D 0,0,0)
 0 1 24 8929 30007  18 (D 0,0,0) (S 13,30,31) (S 202,30,383) (S 320,553,383) (S 598,381,221) (S 599,221,712) (S 515,712,713) (S 364,38,135) (S 720,135,844) (S 718,615,844) (S 719,844,842) (S 712,842,680) (S 475,680,133) (S 109,222,223) (S 433,643,223) (S 110,223,224) (S 111,225,226) (D 0,0,0)
 0 1 25 8825 26326  18 (D 0,0,0) (S 315,546,547) (S 339,547,566) (S 338,566,225) (S 337,225,565) (S 371,596,538) (S 336,539,462) (S 335,462,219) (S 108,219,218) (S 107,218,217) (S 133,216,271) (S 132,270,216) (S 369,463,297) (S 147,297,296) (S 145,296,295) (S 144,295,294) (S 331,294,258) (D 0,0,0)
 0 1 26 8801 30621  9 (D 0,0,0) (S 143,294,293) (S 75,174,175) (S 76,175,176) (S 647,175,807) (S 174,348,292) (S 375,292,269) (S 374,269,367) (D 0,0,0)
 0 1 27 9000 34815  20 (D 0,0,0) (S 278,499,398) (S 204,387,386) (S 596,766,73) (S 597,73,767) (S 649,767,806) (S 646,806,74) (S 80,75,182) (S 81,46,108) (S 46,107,108) (S 82,108,183) (S 723,849,183) (S 724,183,845) (S 725,845,847) (S 721,846,544) (S 312,544,543) (S 715,543,813) (S 650,813,810) (S 727,811,755) (D 0,0,0)
 0 1 28 8959 37207  21 (D 0,0,0) (S 569,755,754) (S 726,841,843) (S 714,843,543) (S 313,544,184) (S 648,185,808) (S 705,809,110) (S 704,110,125) (S 53,125,124) (S 52,124,123) (S 51,123,122) (S 50,121,119) (S 15,35,34) (S 500,11,188) (S 499,189,698) (S 498,189,10) (S 6,10,11) (S 14,34,33) (S 688,33,121) (S 687,121,799) (D 0,0,0)
 0 1 29 8989 34644  23 (D 0,0,0) (S 640,799,798) (S 641,798,800) (S 87,187,186) (S 86,186,112) (S 47,112,111) (S 691,111,801) (S 690,124,765) (S 689,833,834) (S 703,834,764) (S 586,764,765) (S 587,765,32) (S 90,32,12) (S 89,32,123) (S 88,123,187) (S 642,187,800) (S 717,800,805) (S 644,797,804) (S 686,804,799) (S 638,798,797) (S 645,797,805) (S 716,805,113) (D 0,0,0)
 0 1 30 8979 41751  16 (D 0,0,0) (S 193,174,115) (S 48,113,112) (S 85,112,185) (S 84,185,184) (S 83,183,184) (S 314,184,545) (S 706,545,109) (S 707,109,45) (S 32,76,77) (S 79,181,75) (S 594,376,385) (S 593,385,391) (S 207,391,392) (S 208,393,394) (D 0,0,0)
 0 1 31 8819 32333  24 (D 0,0,0) (S 479,287,576) (S 366,595,570) (S 342,564,131) (S 341,569,131) (S 58,131,130) (S 57,130,129) (S 564,129,244) (S 119,244,130) (S 59,131,132) (S 116,132,235) (S 114,234,233) (S 317,549,550) (S 318,549,233) (S 113,232,233) (S 115,234,132) (S 60,132,133) (S 61,133,134) (S 600,134,38) (S 16,37,38) (S 365,38,595) (S 497,681,285) (S 140,284,285) (D 0,0,0)
 0 1 32 8983 37330  22 (D 0,0,0) (S 478,576,681) (S 477,681,222) (S 476,595,133) (S 474,680,679) (S 695,679,252) (S 134,272,230) (S 319,552,299) (S 135,230,273) (S 643,802,795) (S 637,795,796) (S 226,161,420) (S 71,161,128) (S 56,128,129) (S 565,129,748) (S 566,748,315) (S 154,159,314) (S 527,314,470) (S 639,173,596) (S 372,596,565) (S 373,565,367) (D 0,0,0)
 0 1 33 8989 31837  21 (D 0,0,0) (S 346,578,567) (S 435,548,537) (S 254,463,462) (S 253,462,213) (S 258,213,470) (S 526,470,540) (S 568,753,103) (S 43,103,104) (S 45,105,106) (S 722,106,47) (S 20,47,48) (S 22,49,50) (S 21,49,48) (S 713,48,105) (S 44,105,104) (S 710,104,841) (S 711,841,542) (S 311,542,541) (S 310,158,539) (D 0,0,0)
 0 1 34 8955 33372  35 (D 0,0,0) (S 146,218,276) (S 137,276,275) (S 333,275,486) (S 106,210,211) (S 334,211,486) (S 270,486,487) (S 269,486,274) (S 136,274,275) (S 268,274,246) (S 156,246,315) (S 155,315,159) (S 69,159,160) (S 576,160,757) (S 572,757,127) (S 54,127,126) (S 528,724,126) (S 570,725,751) (S 529,421,726) (S 227,421,420) (S 574,420,756) (S 573,756,127) (S 55,127,128) (S 70,128,160) (S 575,160,748) (S 120,245,130) (S 367,570,277) (S 141,288,278) (S 368,277,217) (S 370,297,538) (S 309,538,224) (S 308,224,537) (S 316,548,547) (S 340,547,249) (D 0,0,0)
 0 1 35 8745 26416  15 (D 0,0,0) (S 241,447,446) (S 231,427,426) (S 230,426,425) (S 229,425,424) (S 590,424,722) (S 524,721,722) (S 591,424,236) (S 117,236,237) (S 612,237,781) (S 613,781,778) (S 610,778,238) (S 611,239,780) (S 614,779,426) (D 0,0,0)
 0 1 36 8998 31758  16 (D 0,0,0) (S 446,137,290) (S 445,290,395) (S 444,395,499) (S 635,652,399) (S 634,399,429) (S 233,429,412) (S 234,412,430) (S 218,412,413) (S 633,429,766) (S 595,766,376) (S 203,385,386) (S 232,428,392) (S 592,140,152) (S 118,239,240) (D 0,0,0)
 0 1 37 8937 29450  17 (D 0,0,0) (S 298,291,241) (S 188,242,363) (S 387,363,155) (S 709,614,529) (S 299,529,397) (S 210,397,396) (S 287,396,500) (S 280,500,89) (S 376,530,597) (S 377,597,598) (S 402,597,88) (S 401,88,614) (S 400,614,156) (S 68,155,154) (S 142,154,290) (D 0,0,0)
 0 1 38 8908 34225  18 (D 0,0,0) (S 209,395,394) (S 211,394,398) (S 212,398,387) (S 216,409,400) (S 213,400,401) (S 220,401,410) (S 217,410,411) (S 219,401,414) (S 442,651,414) (S 443,414,652) (S 636,652,390) (S 206,390,389) (S 205,388,389) (S 288,389,500) (S 279,500,499) (S 62,136,137) (D 0,0,0)
 0 1 39 8851 33138  15 (D 0,0,0) (S 681,357,335) (S 8,20,21) (S 9,21,22) (S 405,22,483) (S 274,491,492) (S 275,492,490) (S 272,490,489) (S 271,489,488) (S 514,710,711) (S 582,710,488) (S 406,618,619) (S 266,483,484) (S 267,484,485) (D 0,0,0)
 0 1 40 8994 33890  19 (D 0,0,0) (S 273,21,484) (S 276,490,493) (S 487,493,496) (S 486,687,496) (S 674,688,667) (S 458,667,442) (S 459,442,668) (S 239,441,440) (S 457,665,666) (S 671,665,662) (S 454,661,662) (S 670,662,693) (S 493,693,694) (S 672,665,440) (S 673,440,825) (S 488,485,20) (S 489,503,203) (D 0,0,0)
 0 1 41 8979 38732  19 (D 0,0,0) (S 702,825,441) (S 456,665,465) (S 255,467,468) (S 482,467,684) (S 481,467,683) (S 432,641,468) (S 256,468,469) (S 257,469,304) (S 149,304,305) (S 148,304,303) (S 668,303,308) (S 151,307,308) (S 152,308,309) (S 669,303,556) (S 325,556,469) (S 260,474,475) (S 326,473,340) (D 0,0,0)
 0 1 42 8933 25975  16 (D 0,0,0) (S 185,360,361) (S 187,98,362) (S 404,502,22) (S 10,22,23) (S 530,23,729) (S 11,23,24) (S 12,24,25) (S 438,24,501) (S 439,101,575) (S 42,101,100) (S 41,100,99) (S 252,460,461) (S 345,497,574) (S 182,322,357) (D 0,0,0)
 0 1 43 8824 23849  16 (D 0,0,0) (S 362,591,592) (S 363,592,593) (S 509,592,94) (S 38,94,93) (S 429,93,637) (S 567,637,749) (S 430,637,638) (S 581,638,707) (S 580,741,606) (S 388,606,96) (S 549,97,690) (S 259,471,472) (S 389,472,571) (S 503,607,704) (D 0,0,0)
