1073518
42
3600517
3563344
 0 1 1 8971 17805  33 (D 0,0,0) (S 472,672,431) (S 283,177,507) (S 521,507,344) (S 171,344,265) (S 170,265,343) (S 560,343,260) (S 661,745,85) (S 35,85,42) (S 34,42,84) (S 452,84,657) (S 563,657,746) (S 562,657,43) (S 666,822,823) (S 708,822,43) (S 19,43,42) (S 18,42,41) (S 17,41,40) (S 403,616,39) (S 197,373,374) (S 196,40,372) (S 195,372,371) (S 517,371,715) (S 660,715,512) (S 289,512,375) (S 201,379,380) (S 520,380,344) (S 172,345,346) (S 173,346,347) (S 473,346,506) (S 235,431,15) (S 7,15,16) (D 0,0,0)
 0 1 2 8992 15371  22 (D 0,0,0) (S 654,728,4) (S 407,620,621) (S 408,621,459) (S 249,458,459) (S 250,459,355) (S 189,354,193) (S 93,193,194) (S 355,194,584) (S 354,584,504) (S 353,504,583) (S 352,583,68) (S 351,68,404) (S 350,404,582) (S 554,582,313) (S 555,313,736) (S 556,739,418) (S 224,418,417) (S 223,417,416) (S 294,416,351) (S 178,351,326) (D 0,0,0)
 0 1 3 8878 20292  24 (D 0,0,0) (S 607,740,735) (S 608,735,776) (S 631,776,581) (S 632,581,626) (S 413,626,627) (S 422,627,633) (S 552,744,633) (S 423,627,634) (S 571,634,629) (S 424,634,515) (S 228,422,423) (S 291,515,516) (S 292,516,517) (S 385,602,604) (S 436,645,604) (S 386,604,605) (S 437,604,603) (S 384,603,602) (S 533,518,735) (S 534,736,449) (S 243,449,450) (S 225,419,418) (D 0,0,0)
 0 1 4 8933 19639  26 (D 0,0,0) (S 542,519,328) (S 543,328,435) (S 236,436,437) (S 618,437,784) (S 619,784,786) (S 617,784,785) (S 627,792,793) (S 628,793,660) (S 453,659,660) (S 629,660,790) (S 625,702,166) (S 72,164,165) (S 501,165,700) (S 578,758,760) (S 577,758,635) (S 425,635,439) (S 238,439,438) (S 348,438,580) (S 349,580,332) (S 165,332,331) (S 164,331,330) (S 163,330,329) (S 162,329,328) (S 161,328,327) (D 0,0,0)
 0 1 5 8964 18851  17 (D 0,0,0) (S 293,519,518) (S 511,329,436) (S 237,437,438) (S 347,438,579) (S 426,636,58) (S 25,58,57) (S 626,56,791) (S 24,56,55) (S 630,55,794) (S 665,794,819) (S 664,794,51) (S 390,52,607) (S 504,607,705) (S 221,415,327) (S 160,327,326) (D 0,0,0)
 0 1 6 8961 24575  17 (D 0,0,0) (S 277,495,494) (S 182,357,322) (S 184,358,359) (S 344,573,359) (S 382,574,460) (S 252,460,461) (S 41,100,99) (S 40,99,98) (S 380,362,599) (S 579,689,606) (S 580,606,741) (S 548,741,95) (S 362,591,592) (S 363,592,593) (S 222,327,416) (D 0,0,0)
 0 1 7 8862 18621  20 (D 0,0,0) (S 624,495,788) (S 653,788,814) (S 682,814,357) (S 681,357,335) (S 492,334,471) (S 259,471,472) (S 389,472,571) (S 343,571,572) (S 516,572,714) (S 513,573,554) (S 63,138,139) (S 321,554,358) (S 183,358,322) (S 159,322,321) (S 181,321,356) (S 158,319,318) (S 694,317,832) (S 693,832,719) (D 0,0,0)
 0 1 8 8970 36996  22 (D 0,0,0) (S 684,432,443) (S 287,396,500) (S 288,500,389) (S 206,389,390) (S 376,530,597) (S 377,597,598) (S 718,615,844) (S 719,844,842) (S 712,842,680) (S 135,230,273) (S 134,272,230) (S 319,552,299) (S 695,252,679) (S 474,679,680) (S 475,680,133) (S 61,133,134) (S 600,134,38) (S 365,38,595) (S 497,681,285) (S 140,284,285) (D 0,0,0)
 0 1 9 8864 15844  17 (D 0,0,0) (S 620,3,787) (S 700,787,816) (S 699,816,738) (S 698,583,632) (S 468,505,623) (S 469,623,196) (S 470,196,589) (S 330,559,209) (S 105,209,208) (S 104,208,207) (S 416,590,195) (S 417,195,622) (S 410,622,584) (S 409,353,459) (S 532,621,734) (D 0,0,0)
 0 1 10 8442 19920  13 (D 0,0,0) (S 92,192,193) (S 94,195,196) (S 411,623,624) (S 412,624,625) (S 679,624,829) (S 696,838,829) (S 697,829,632) (S 419,632,505) (S 418,505,622) (S 179,353,354) (S 180,354,355) (D 0,0,0)
 0 1 11 8787 20437  13 (D 0,0,0) (S 531,732,731) (S 557,731,28) (S 585,27,686) (S 485,686,663) (S 455,663,664) (S 615,26,783) (S 655,4,191) (S 91,191,190) (S 323,190,555) (S 322,190,81) (S 667,81,695) (D 0,0,0)
 0 1 12 8765 14643  26 (D 0,0,0) (S 284,266,508) (S 558,508,671) (S 462,671,6) (S 4,6,7) (S 5,7,8) (S 447,8,555) (S 324,555,509) (S 286,509,5) (S 285,5,508) (S 559,508,343) (S 169,343,342) (S 168,341,342) (S 461,342,261) (S 662,670,745) (S 561,745,260) (S 125,260,261) (S 126,261,262) (S 450,262,655) (S 451,655,656) (S 663,656,818) (S 518,716,655) (S 449,262,654) (S 33,82,81) (S 496,695,2) (D 0,0,0)
 0 1 13 8815 14056  29 (D 0,0,0) (S 464,672,179) (S 463,179,267) (S 129,267,266) (S 128,265,264) (S 127,264,263) (S 198,263,86) (S 199,86,375) (S 200,375,370) (S 460,370,669) (S 194,369,368) (S 304,368,527) (S 583,535,761) (S 685,761,316) (S 157,316,317) (S 240,318,445) (S 302,445,535) (S 303,535,527) (S 652,525,14) (S 281,14,506) (S 282,506,177) (S 77,177,178) (S 78,178,179) (S 467,180,268) (S 130,268,63) (S 448,63,653) (S 471,653,677) (S 1,0,1) (D 0,0,0)
 0 1 14 8901 10860  19 (D 0,0,0) (S 495,0,2) (S 2,2,3) (S 3,3,4) (S 659,734,733) (S 658,733,816) (S 657,816,65) (S 28,65,66) (S 538,66,171) (S 74,171,172) (S 539,171,450) (S 244,450,419) (S 245,419,451) (S 656,451,65) (S 27,65,64) (S 621,64,520) (S 296,521,522) (S 494,677,0) (D 0,0,0)
 0 1 15 8861 17972  22 (D 0,0,0) (S 701,63,787) (S 537,737,67) (S 536,67,170) (S 214,170,403) (S 399,403,613) (S 215,403,404) (S 678,407,71) (S 31,71,72) (S 30,71,70) (S 29,70,69) (S 420,69,405) (S 421,405,633) (S 553,633,582) (S 153,310,312) (S 242,312,449) (S 535,449,170) (S 540,450,739) (S 541,739,740) (S 606,740,417) (S 295,520,521) (D 0,0,0)
 0 1 16 8959 18618  13 (D 0,0,0) (S 510,436,703) (S 503,704,607) (S 23,52,53) (S 246,454,455) (S 247,455,456) (S 248,456,457) (S 427,456,58) (S 26,58,59) (S 265,59,481) (S 502,481,333) (S 166,333,332) (D 0,0,0)
 0 1 17 8934 28952  18 (D 0,0,0) (S 428,456,562) (S 263,92,477) (S 550,477,281) (S 525,280,723) (S 138,279,280) (S 551,281,743) (S 523,282,720) (S 139,282,283) (S 522,282,91) (S 36,90,91) (S 37,91,92) (S 264,92,478) (S 602,478,771) (S 603,479,772) (S 601,480,770) (S 290,514,515) (D 0,0,0)
 0 1 18 8857 27248  19 (D 0,0,0) (S 301,445,534) (S 397,448,612) (S 609,612,774) (S 604,773,774) (S 605,774,611) (S 395,610,611) (S 396,611,612) (S 441,647,648) (S 440,647,646) (S 480,646,447) (S 446,137,290) (S 298,291,241) (S 188,242,363) (S 387,363,155) (S 68,155,154) (S 142,154,290) (S 62,136,137) (D 0,0,0)
 0 1 19 8837 26600  15 (D 0,0,0) (S 241,447,446) (S 230,426,425) (S 229,425,424) (S 524,721,722) (S 590,722,424) (S 591,424,236) (S 117,236,237) (S 612,237,781) (S 613,781,778) (S 610,778,238) (S 118,239,240) (S 614,779,426) (S 231,426,427) (D 0,0,0)
 0 1 20 8850 27376  16 (D 0,0,0) (S 398,443,319) (S 167,337,338) (S 616,337,601) (S 345,574,497) (S 42,100,101) (S 439,101,575) (S 438,501,24) (S 12,24,25) (S 11,24,23) (S 530,23,729) (S 10,23,22) (S 404,22,502) (S 383,600,99) (S 251,460,361) (D 0,0,0)
 0 1 21 8910 22521  21 (D 0,0,0) (S 185,360,361) (S 186,361,98) (S 187,98,362) (S 491,599,689) (S 490,689,203) (S 99,203,202) (S 65,145,146) (S 66,146,147) (S 506,706,146) (S 98,201,200) (S 430,638,637) (S 567,637,749) (S 429,637,93) (S 38,93,94) (S 39,94,95) (S 547,95,591) (S 546,591,454) (S 545,454,53) (S 544,53,704) (D 0,0,0)
 0 1 22 8971 25537  18 (D 0,0,0) (S 509,592,94) (S 508,94,707) (S 581,707,638) (S 431,638,200) (S 97,200,199) (S 262,199,79) (S 483,476,143) (S 64,143,142) (S 484,476,685) (S 261,476,79) (S 96,199,198) (S 95,197,198) (S 507,201,707) (S 388,606,96) (S 549,97,690) (S 683,494,443) (D 0,0,0)
 0 1 23 8961 33229  15 (D 0,0,0) (S 489,203,503) (S 8,20,21) (S 9,21,22) (S 273,21,484) (S 266,484,483) (S 274,491,492) (S 406,618,619) (S 582,488,710) (S 514,710,711) (S 271,488,489) (S 272,489,490) (S 267,484,485) (S 488,485,20) (D 0,0,0)
 0 1 24 8948 34056  19 (D 0,0,0) (S 674,688,667) (S 458,667,442) (S 459,442,668) (S 239,441,440) (S 493,693,694) (S 670,693,662) (S 454,661,662) (S 671,662,665) (S 457,665,666) (S 672,665,440) (S 673,440,825) (S 487,493,496) (S 486,687,496) (S 276,493,490) (S 275,490,492) (S 405,483,22) (S 381,600,362) (D 0,0,0)
 0 1 25 8979 38732  19 (D 0,0,0) (S 702,825,441) (S 456,665,465) (S 482,467,684) (S 255,467,468) (S 481,467,683) (S 432,641,468) (S 256,468,469) (S 325,469,556) (S 669,556,303) (S 152,308,309) (S 151,307,308) (S 668,308,303) (S 148,303,304) (S 149,304,305) (S 257,304,469) (S 260,474,475) (S 326,473,340) (D 0,0,0)
 0 1 26 8942 35203  17 (D 0,0,0) (S 208,394,393) (S 207,392,391) (S 593,391,385) (S 594,385,376) (S 595,376,766) (S 596,766,73) (S 633,766,429) (S 233,429,412) (S 234,412,430) (S 218,412,413) (S 634,429,399) (S 204,387,386) (S 232,428,392) (S 592,140,152) (S 611,239,780) (D 0,0,0)
 0 1 27 8995 25518  14 (D 0,0,0) (S 100,204,205) (S 332,214,561) (S 339,547,566) (S 338,566,225) (S 337,225,565) (S 639,596,173) (S 154,159,314) (S 258,470,213) (S 253,213,462) (S 336,462,539) (S 144,295,294) (S 331,294,258) (D 0,0,0)
 0 1 28 8123 15228  20 (D 0,0,0) (S 622,520,325) (S 623,325,495) (S 176,350,349) (S 505,705,167) (S 378,167,62) (S 379,62,169) (S 73,168,169) (S 175,169,349) (S 177,350,326) (S 414,631,324) (S 512,433,708) (S 692,708,719) (S 519,719,718) (S 651,718,762) (S 584,762,673) (S 465,524,16) (S 466,17,523) (S 297,523,522) (D 0,0,0)
 0 1 29 8570 15875  14 (D 0,0,0) (S 300,191,532) (S 67,150,151) (S 102,151,206) (S 415,207,590) (S 356,585,206) (S 103,206,207) (S 675,208,826) (S 680,826,558) (S 329,558,209) (S 328,558,306) (S 150,306,151) (S 101,151,205) (D 0,0,0)
 0 1 30 8957 19155  10 (D 0,0,0) (S 676,205,557) (S 677,557,301) (S 588,300,587) (S 357,586,587) (S 358,587,559) (S 359,588,589) (S 360,589,590) (S 361,590,585) (D 0,0,0)
 0 1 31 8861 23099  23 (D 0,0,0) (S 589,300,116) (S 49,116,117) (S 191,117,365) (S 394,365,561) (S 393,561,609) (S 392,609,608) (S 391,608,29) (S 190,29,364) (S 305,364,536) (S 306,536,248) (S 307,248,537) (S 308,537,224) (S 110,224,223) (S 433,643,223) (S 434,247,537) (S 435,537,548) (S 316,548,547) (S 315,546,547) (S 340,547,249) (S 123,249,250) (S 346,567,578) (D 0,0,0)
 0 1 32 8977 29851  27 (D 0,0,0) (S 122,249,248) (S 121,248,247) (S 109,223,222) (S 367,570,277) (S 141,288,278) (S 368,277,217) (S 132,270,216) (S 133,216,271) (S 107,217,218) (S 108,218,219) (S 106,210,211) (S 334,211,486) (S 333,486,275) (S 136,275,274) (S 269,274,486) (S 270,486,487) (S 335,219,462) (S 254,462,463) (S 369,463,297) (S 370,297,538) (S 371,538,596) (S 372,596,565) (S 373,565,367) (S 111,226,225) (S 327,215,557) (D 0,0,0)
 0 1 33 8989 33865  19 (D 0,0,0) (S 444,395,499) (S 279,499,500) (S 280,500,89) (S 636,390,652) (S 443,652,414) (S 442,651,414) (S 219,414,401) (S 217,410,411) (S 220,410,401) (S 213,401,400) (S 216,409,400) (S 635,399,652) (S 205,388,389) (S 278,499,398) (S 212,398,387) (S 211,398,394) (S 209,394,395) (D 0,0,0)
 0 1 34 9000 34664  19 (D 0,0,0) (S 143,294,293) (S 193,174,115) (S 48,113,112) (S 47,112,111) (S 691,111,801) (S 690,124,765) (S 586,765,764) (S 703,764,834) (S 689,833,834) (S 587,765,32) (S 14,33,34) (S 500,11,188) (S 499,189,698) (S 498,189,10) (S 6,10,11) (S 15,34,35) (S 50,119,121) (D 0,0,0)
 0 1 35 8920 43497  17 (D 0,0,0) (S 686,799,804) (S 644,804,797) (S 86,186,112) (S 85,112,185) (S 84,185,184) (S 314,184,545) (S 706,545,109) (S 707,109,45) (S 32,76,77) (S 80,182,75) (S 79,181,75) (S 646,74,806) (S 649,806,767) (S 597,767,73) (S 203,385,386) (D 0,0,0)
 0 1 36 8988 32936  27 (D 0,0,0) (S 479,287,576) (S 477,681,222) (S 366,595,570) (S 342,564,131) (S 120,130,245) (S 57,130,129) (S 565,129,748) (S 566,748,315) (S 575,748,160) (S 576,160,757) (S 572,757,127) (S 573,127,756) (S 570,725,751) (S 574,756,420) (S 226,161,420) (S 227,420,421) (S 529,421,726) (S 643,802,795) (S 637,795,796) (S 71,161,128) (S 55,128,127) (S 54,127,126) (S 528,126,724) (S 527,314,470) (S 526,470,540) (D 0,0,0)
 0 1 37 8978 34918  23 (D 0,0,0) (S 310,539,158) (S 311,541,542) (S 711,542,841) (S 710,841,104) (S 44,104,105) (S 45,105,106) (S 722,106,47) (S 20,47,48) (S 22,49,50) (S 21,49,48) (S 713,48,105) (S 46,107,108) (S 81,46,108) (S 82,108,183) (S 724,183,845) (S 725,845,847) (S 312,544,543) (S 714,543,843) (S 726,843,841) (S 43,104,103) (S 568,103,753) (D 0,0,0)
 0 1 38 8988 36102  23 (D 0,0,0) (S 727,811,755) (S 569,755,754) (S 650,810,813) (S 715,813,543) (S 721,846,544) (S 313,544,184) (S 83,184,183) (S 723,849,183) (S 648,185,808) (S 705,809,110) (S 704,110,125) (S 53,125,124) (S 52,124,123) (S 88,123,187) (S 87,187,186) (S 717,805,800) (S 642,800,187) (S 641,800,798) (S 638,798,797) (S 645,797,805) (S 716,805,113) (D 0,0,0)
 0 1 39 8937 37885  13 (D 0,0,0) (S 640,799,798) (S 51,122,123) (S 89,123,32) (S 90,32,12) (S 688,33,121) (S 687,121,799) (S 75,174,175) (S 76,175,176) (S 647,175,807) (S 174,348,292) (S 375,292,269) (D 0,0,0)
 0 1 40 8909 25907  7 (D 0,0,0) (S 192,366,226) (S 374,367,269) (S 112,227,228) (S 131,227,256) (S 124,256,257) (D 0,0,0)
 0 1 41 8960 31772  27 (D 0,0,0) (S 309,224,538) (S 145,295,296) (S 147,296,297) (S 146,218,276) (S 137,276,275) (S 268,274,246) (S 156,246,315) (S 155,315,159) (S 69,159,160) (S 70,160,128) (S 56,128,129) (S 564,129,244) (S 119,244,130) (S 58,130,131) (S 341,569,131) (S 59,131,132) (S 318,233,549) (S 317,549,550) (S 113,232,233) (S 114,233,234) (S 115,234,132) (S 116,132,235) (S 60,132,133) (S 476,133,595) (S 478,681,576) (D 0,0,0)
 0 1 42 8944 29292  18 (D 0,0,0) (S 13,30,31) (S 202,30,383) (S 320,553,383) (S 598,381,221) (S 599,221,712) (S 515,712,713) (S 16,37,38) (S 364,38,135) (S 720,135,844) (S 402,597,88) (S 401,88,614) (S 400,156,614) (S 709,614,529) (S 299,529,397) (S 210,397,396) (S 445,395,290) (D 0,0,0)
