1066092
43
3600437
3547925
 0 1 1 8021 10798  17 (D 0,0,0) (S 495,0,2) (S 2,2,3) (S 620,3,787) (S 700,787,816) (S 657,816,65) (S 28,65,66) (S 538,66,171) (S 74,171,172) (S 539,171,450) (S 244,450,419) (S 225,418,419) (S 245,419,451) (S 656,451,65) (S 27,65,64) (S 621,64,520) (D 0,0,0)
 0 1 2 8193 17335  18 (D 0,0,0) (S 701,63,787) (S 214,170,403) (S 399,403,613) (S 215,403,404) (S 351,404,68) (S 352,68,583) (S 420,69,405) (S 678,407,71) (S 31,71,72) (S 30,71,70) (S 29,70,69) (S 698,632,583) (S 353,583,504) (S 354,504,584) (S 179,353,354) (S 180,354,355) (D 0,0,0)
 0 1 3 8882 19884  13 (D 0,0,0) (S 92,192,193) (S 417,195,622) (S 419,505,632) (S 697,632,829) (S 696,838,829) (S 679,829,624) (S 412,624,625) (S 411,624,623) (S 468,623,505) (S 418,505,622) (S 355,584,194) (D 0,0,0)
 0 1 4 8878 15901  18 (D 0,0,0) (S 249,458,459) (S 250,459,355) (S 189,354,193) (S 93,193,194) (S 356,585,206) (S 103,206,207) (S 415,207,590) (S 416,590,195) (S 94,195,196) (S 470,196,589) (S 469,196,623) (S 410,622,584) (S 409,353,459) (S 408,459,621) (S 407,620,621) (S 532,621,734) (D 0,0,0)
 0 1 5 8871 15883  22 (D 0,0,0) (S 659,734,733) (S 658,733,816) (S 699,816,738) (S 537,737,67) (S 536,67,170) (S 535,170,449) (S 534,449,736) (S 608,735,776) (S 631,776,581) (S 632,581,626) (S 413,626,627) (S 552,744,633) (S 553,633,582) (S 554,582,313) (S 153,310,312) (S 242,312,449) (S 243,449,450) (S 540,450,739) (S 541,739,740) (S 606,740,417) (D 0,0,0)
 0 1 6 8977 23409  18 (D 0,0,0) (S 222,416,327) (S 547,591,95) (S 548,95,741) (S 99,202,203) (S 490,203,689) (S 579,689,606) (S 491,689,599) (S 380,599,362) (S 187,362,98) (S 186,98,361) (S 251,361,460) (S 252,460,461) (S 345,497,574) (S 159,322,321) (S 181,321,356) (S 693,832,719) (D 0,0,0)
 0 1 7 8883 18689  26 (D 0,0,0) (S 512,708,433) (S 414,631,324) (S 160,326,327) (S 163,329,330) (S 164,330,331) (S 165,331,332) (S 349,332,580) (S 348,580,438) (S 238,438,439) (S 425,439,635) (S 577,635,758) (S 578,758,760) (S 228,422,423) (S 424,515,634) (S 571,634,629) (S 423,634,627) (S 422,627,633) (S 421,633,405) (S 350,404,582) (S 555,313,736) (S 556,739,418) (S 224,418,417) (S 223,417,416) (S 295,520,521) (D 0,0,0)
 0 1 8 8883 15527  24 (D 0,0,0) (S 296,522,521) (S 622,520,325) (S 623,325,495) (S 277,495,494) (S 683,494,443) (S 398,443,319) (S 480,447,646) (S 440,646,647) (S 441,647,648) (S 396,612,611) (S 395,610,611) (S 605,611,774) (S 604,773,774) (S 609,774,612) (S 397,612,448) (S 301,534,445) (S 240,445,318) (S 157,317,316) (S 685,316,761) (S 584,762,673) (S 465,524,16) (S 471,653,677) (D 0,0,0)
 0 1 9 8914 12377  24 (D 0,0,0) (S 494,0,677) (S 448,653,63) (S 130,63,268) (S 467,268,180) (S 463,179,267) (S 129,267,266) (S 284,266,508) (S 169,343,342) (S 168,341,342) (S 461,342,261) (S 125,261,260) (S 561,260,745) (S 662,745,670) (S 126,261,262) (S 450,262,655) (S 518,716,655) (S 663,656,818) (S 451,656,655) (S 449,262,654) (S 33,82,81) (S 667,81,695) (S 496,695,2) (D 0,0,0)
 0 1 10 663 1326  3 (D 0,0,0) (S 1,0,1) (D 0,0,0)
 0 1 11 8850 14611  31 (D 0,0,0) (S 297,522,523) (S 466,523,17) (S 7,16,15) (S 235,15,431) (S 282,506,177) (S 283,177,507) (S 285,508,5) (S 286,5,509) (S 324,509,555) (S 323,190,555) (S 447,555,8) (S 5,8,7) (S 4,7,6) (S 462,6,671) (S 558,671,508) (S 559,508,343) (S 128,265,264) (S 127,264,263) (S 198,263,86) (S 199,86,375) (S 200,375,370) (S 460,370,669) (S 194,369,368) (S 304,368,527) (S 303,527,535) (S 583,535,761) (S 651,762,718) (S 519,718,719) (S 692,719,708) (D 0,0,0)
 0 1 12 8895 17053  32 (D 0,0,0) (S 472,672,431) (S 473,506,346) (S 172,346,345) (S 171,344,265) (S 170,265,343) (S 560,343,260) (S 661,745,85) (S 35,85,42) (S 34,42,84) (S 452,84,657) (S 563,657,746) (S 562,657,43) (S 666,822,823) (S 708,822,43) (S 19,43,42) (S 18,42,41) (S 17,41,40) (S 197,373,374) (S 403,616,39) (S 196,40,372) (S 195,372,371) (S 517,371,715) (S 660,715,512) (S 289,512,375) (S 201,379,380) (S 520,380,344) (S 521,344,507) (S 77,177,178) (S 78,178,179) (S 464,179,672) (D 0,0,0)
 0 1 13 8983 32756  19 (D 0,0,0) (S 281,506,14) (S 652,14,525) (S 444,395,499) (S 205,388,389) (S 206,389,390) (S 636,390,652) (S 443,652,414) (S 442,651,414) (S 219,414,401) (S 220,401,410) (S 217,410,411) (S 213,401,400) (S 216,409,400) (S 635,399,652) (S 288,389,500) (S 287,500,396) (S 684,443,432) (D 0,0,0)
 0 1 14 8943 27430  16 (D 0,0,0) (S 173,346,347) (S 302,535,445) (S 231,427,426) (S 230,426,425) (S 229,425,424) (S 524,721,722) (S 590,722,424) (S 591,424,236) (S 117,236,237) (S 612,237,781) (S 613,781,778) (S 610,778,238) (S 118,239,240) (S 611,239,780) (D 0,0,0)
 0 1 15 8898 34125  18 (D 0,0,0) (S 446,137,290) (S 208,394,393) (S 232,392,428) (S 594,385,376) (S 595,376,766) (S 646,74,806) (S 649,806,767) (S 597,767,73) (S 596,73,766) (S 633,766,429) (S 233,429,412) (S 234,412,430) (S 218,412,413) (S 634,429,399) (S 211,398,394) (S 209,394,395) (D 0,0,0)
 0 1 16 8907 30406  16 (D 0,0,0) (S 445,290,395) (S 210,396,397) (S 299,397,529) (S 709,529,614) (S 400,614,156) (S 387,155,363) (S 188,363,242) (S 298,241,291) (S 62,136,137) (S 167,337,338) (S 616,337,601) (S 241,446,447) (S 158,319,318) (S 694,317,832) (D 0,0,0)
 0 1 17 8678 17373  17 (D 0,0,0) (S 294,351,416) (S 607,740,735) (S 533,735,518) (S 384,602,603) (S 437,603,604) (S 386,604,605) (S 436,645,604) (S 385,604,602) (S 292,517,516) (S 291,516,515) (S 290,515,514) (S 166,333,332) (S 162,329,328) (S 161,328,327) (S 178,326,351) (D 0,0,0)
 0 1 18 8991 20378  19 (D 0,0,0) (S 542,519,328) (S 511,329,436) (S 618,437,784) (S 619,784,786) (S 617,784,785) (S 627,792,793) (S 628,793,660) (S 453,659,660) (S 629,660,790) (S 626,56,791) (S 24,56,55) (S 630,55,794) (S 665,794,819) (S 664,794,51) (S 390,52,607) (S 503,607,704) (S 221,415,327) (D 0,0,0)
 0 1 19 8964 31828  25 (D 0,0,0) (S 293,519,518) (S 426,636,58) (S 429,93,637) (S 567,637,749) (S 430,637,638) (S 431,638,200) (S 96,199,198) (S 95,197,198) (S 525,280,723) (S 138,279,280) (S 551,281,743) (S 550,281,477) (S 263,477,92) (S 36,90,91) (S 523,282,720) (S 139,282,283) (S 522,282,91) (S 37,91,92) (S 264,92,478) (S 602,478,771) (S 603,479,772) (S 601,480,770) (S 502,481,333) (D 0,0,0)
 0 1 20 8953 19599  15 (D 0,0,0) (S 236,436,437) (S 237,437,438) (S 347,438,579) (S 25,57,58) (S 428,456,562) (S 38,93,94) (S 509,94,592) (S 363,592,593) (S 362,592,591) (S 546,591,454) (S 545,454,53) (S 544,53,704) (S 543,435,328) (D 0,0,0)
 0 1 21 8998 20044  20 (D 0,0,0) (S 176,350,349) (S 175,349,169) (S 73,168,169) (S 379,169,62) (S 378,62,167) (S 505,167,705) (S 504,705,607) (S 23,52,53) (S 246,454,455) (S 247,455,456) (S 248,456,457) (S 427,456,58) (S 26,58,59) (S 265,59,481) (S 501,700,165) (S 72,164,165) (S 625,166,702) (S 510,703,436) (D 0,0,0)
 0 1 22 8841 18947  18 (D 0,0,0) (S 681,357,335) (S 492,334,471) (S 259,471,472) (S 389,472,571) (S 343,571,572) (S 516,572,714) (S 344,573,359) (S 513,573,554) (S 63,138,139) (S 321,554,358) (S 183,358,322) (S 182,322,357) (S 682,357,814) (S 653,814,788) (S 624,788,495) (S 177,350,326) (D 0,0,0)
 0 1 23 8878 17763  14 (D 0,0,0) (S 300,191,532) (S 67,150,151) (S 101,151,205) (S 676,205,557) (S 677,557,301) (S 328,306,558) (S 329,558,209) (S 680,558,826) (S 675,826,208) (S 359,588,589) (S 360,589,590) (S 361,590,585) (D 0,0,0)
 0 1 24 8945 18219  10 (D 0,0,0) (S 102,151,206) (S 104,207,208) (S 105,208,209) (S 330,209,559) (S 358,559,587) (S 357,586,587) (S 588,587,300) (S 150,306,151) (D 0,0,0)
 0 1 25 8987 24645  15 (D 0,0,0) (S 100,204,205) (S 332,214,561) (S 331,258,294) (S 144,294,295) (S 371,538,596) (S 373,565,367) (S 111,226,225) (S 339,566,547) (S 315,546,547) (S 123,249,250) (S 346,567,578) (S 393,609,561) (S 327,215,557) (D 0,0,0)
 0 1 26 8995 25067  10 (D 0,0,0) (S 394,561,365) (S 124,257,256) (S 131,256,227) (S 112,227,228) (S 192,226,366) (S 191,365,117) (S 49,117,116) (S 589,116,300) (D 0,0,0)
 0 1 27 8909 31336  27 (D 0,0,0) (S 392,609,608) (S 476,595,133) (S 60,133,132) (S 115,132,234) (S 317,549,550) (S 318,549,233) (S 113,232,233) (S 114,233,234) (S 116,132,235) (S 59,132,131) (S 341,569,131) (S 58,131,130) (S 120,130,245) (S 136,274,275) (S 333,275,486) (S 137,275,276) (S 146,276,218) (S 335,219,462) (S 336,462,539) (S 145,295,296) (S 147,296,297) (S 370,297,538) (S 308,224,537) (S 307,537,248) (S 122,248,249) (D 0,0,0)
 0 1 28 8983 29830  27 (D 0,0,0) (S 190,29,364) (S 305,364,536) (S 306,536,248) (S 121,248,247) (S 109,223,222) (S 366,595,570) (S 367,570,277) (S 141,288,278) (S 368,277,217) (S 132,270,216) (S 133,216,271) (S 107,217,218) (S 108,218,219) (S 106,210,211) (S 334,211,486) (S 270,486,487) (S 269,486,274) (S 268,274,246) (S 156,246,315) (S 566,748,315) (S 155,315,159) (S 639,173,596) (S 372,596,565) (S 337,565,225) (S 338,225,566) (D 0,0,0)
 0 1 29 8792 29343  21 (D 0,0,0) (S 391,608,29) (S 13,30,31) (S 202,30,383) (S 320,553,383) (S 598,381,221) (S 599,221,712) (S 515,712,713) (S 16,37,38) (S 600,38,134) (S 61,134,133) (S 475,133,680) (S 712,680,842) (S 719,842,844) (S 718,615,844) (S 720,844,135) (S 364,135,38) (S 365,38,595) (S 497,681,285) (S 140,284,285) (D 0,0,0)
 0 1 30 8939 29121  25 (D 0,0,0) (S 342,564,131) (S 119,244,130) (S 57,130,129) (S 565,129,748) (S 575,748,160) (S 70,160,128) (S 55,128,127) (S 572,127,757) (S 576,757,160) (S 69,160,159) (S 154,159,314) (S 527,314,470) (S 258,470,213) (S 253,213,462) (S 254,462,463) (S 369,463,297) (S 309,538,224) (S 110,224,223) (S 433,643,223) (S 434,247,537) (S 435,537,548) (S 316,548,547) (S 340,547,249) (D 0,0,0)
 0 1 31 8976 38826  25 (D 0,0,0) (S 310,539,158) (S 526,540,470) (S 528,724,126) (S 54,126,127) (S 573,127,756) (S 570,725,751) (S 574,756,420) (S 227,420,421) (S 529,421,726) (S 226,420,161) (S 71,161,128) (S 56,128,129) (S 564,129,244) (S 637,796,795) (S 643,795,802) (S 134,272,230) (S 135,230,273) (S 319,552,299) (S 695,252,679) (S 474,679,680) (S 477,222,681) (S 478,681,576) (S 479,576,287) (D 0,0,0)
 0 1 32 8915 34280  20 (D 0,0,0) (S 143,294,293) (S 193,174,115) (S 687,799,121) (S 50,121,119) (S 15,35,34) (S 500,11,188) (S 499,189,698) (S 498,189,10) (S 6,10,11) (S 14,34,33) (S 688,33,121) (S 51,122,123) (S 52,123,124) (S 53,124,125) (S 704,125,110) (S 705,110,809) (S 648,808,185) (S 48,112,113) (D 0,0,0)
 0 1 33 8989 34644  23 (D 0,0,0) (S 716,113,805) (S 717,805,800) (S 642,800,187) (S 88,187,123) (S 89,123,32) (S 90,32,12) (S 587,32,765) (S 586,765,764) (S 703,764,834) (S 689,833,834) (S 690,765,124) (S 691,801,111) (S 47,111,112) (S 86,112,186) (S 87,186,187) (S 641,800,798) (S 640,798,799) (S 686,799,804) (S 644,804,797) (S 645,797,805) (S 638,797,798) (D 0,0,0)
 0 1 34 8823 42799  17 (D 0,0,0) (S 85,112,185) (S 84,185,184) (S 314,184,545) (S 706,545,109) (S 707,109,45) (S 32,76,77) (S 80,182,75) (S 79,181,75) (S 81,46,108) (S 46,108,107) (S 45,106,105) (S 44,105,104) (S 710,104,841) (S 711,841,542) (S 569,754,755) (D 0,0,0)
 0 1 35 8893 35615  23 (D 0,0,0) (S 727,755,811) (S 650,810,813) (S 715,813,543) (S 312,543,544) (S 721,846,544) (S 313,544,184) (S 83,184,183) (S 82,108,183) (S 723,849,183) (S 724,183,845) (S 725,845,847) (S 722,106,47) (S 20,47,48) (S 22,49,50) (S 21,49,48) (S 713,48,105) (S 43,104,103) (S 568,103,753) (S 726,841,843) (S 714,843,543) (S 311,542,541) (D 0,0,0)
 0 1 36 8583 30621  8 (D 0,0,0) (S 75,174,175) (S 76,175,176) (S 647,175,807) (S 174,348,292) (S 375,292,269) (S 374,269,367) (D 0,0,0)
 0 1 37 8812 21169  13 (D 0,0,0) (S 557,731,28) (S 455,663,664) (S 485,663,686) (S 585,686,27) (S 615,26,783) (S 531,731,732) (S 3,3,4) (S 654,728,4) (S 655,4,191) (S 91,191,190) (S 322,190,81) (D 0,0,0)
 0 1 38 8958 25038  16 (D 0,0,0) (S 382,574,460) (S 41,99,100) (S 42,100,101) (S 439,101,575) (S 438,501,24) (S 12,24,25) (S 11,24,23) (S 530,23,729) (S 10,23,22) (S 404,22,502) (S 383,600,99) (S 40,99,98) (S 185,361,360) (S 184,359,358) (D 0,0,0)
 0 1 39 8925 26200  19 (D 0,0,0) (S 549,690,97) (S 388,96,606) (S 580,606,741) (S 507,707,201) (S 66,146,147) (S 65,145,146) (S 506,706,146) (S 98,201,200) (S 262,199,79) (S 484,476,685) (S 64,142,143) (S 483,143,476) (S 261,476,79) (S 97,199,200) (S 581,638,707) (S 508,707,94) (S 39,94,95) (D 0,0,0)
 0 1 40 8988 33395  16 (D 0,0,0) (S 489,203,503) (S 488,20,485) (S 267,485,484) (S 266,484,483) (S 274,491,492) (S 406,618,619) (S 514,710,711) (S 582,710,488) (S 271,488,489) (S 272,489,490) (S 275,490,492) (S 405,483,22) (S 9,21,22) (S 381,600,362) (D 0,0,0)
 0 1 41 8921 33890  18 (D 0,0,0) (S 8,20,21) (S 273,21,484) (S 276,490,493) (S 487,493,496) (S 486,687,496) (S 673,825,440) (S 457,665,666) (S 671,665,662) (S 454,661,662) (S 493,693,694) (S 670,693,662) (S 672,665,440) (S 239,440,441) (S 459,442,668) (S 458,442,667) (S 674,667,688) (D 0,0,0)
 0 1 42 8979 38732  19 (D 0,0,0) (S 326,340,473) (S 260,474,475) (S 257,469,304) (S 149,304,305) (S 148,304,303) (S 668,303,308) (S 151,307,308) (S 152,308,309) (S 669,303,556) (S 325,556,469) (S 256,469,468) (S 432,468,641) (S 481,683,467) (S 482,467,684) (S 255,467,468) (S 456,465,665) (S 702,441,825) (D 0,0,0)
 0 1 43 8954 29880  18 (D 0,0,0) (S 142,290,154) (S 68,154,155) (S 401,614,88) (S 402,88,597) (S 377,597,598) (S 376,597,530) (S 280,89,500) (S 279,500,499) (S 278,499,398) (S 212,398,387) (S 204,387,386) (S 203,386,385) (S 593,385,391) (S 207,391,392) (S 592,140,152) (S 614,779,426) (D 0,0,0)
