1069369
42
3600486
3465536
 0 1 1 7681 17870  11 (D 0,0,0) (S 1,0,1) (S 495,0,2) (S 2,2,3) (S 531,732,731) (S 557,731,28) (S 615,26,783) (S 585,27,686) (S 455,663,664) (S 485,663,686) (D 0,0,0)
 0 1 2 8947 14034  22 (D 0,0,0) (S 3,3,4) (S 532,734,621) (S 407,620,621) (S 408,621,459) (S 249,458,459) (S 409,459,353) (S 354,584,504) (S 353,504,583) (S 698,632,583) (S 352,583,68) (S 351,68,404) (S 215,404,403) (S 399,403,613) (S 214,403,170) (S 536,170,67) (S 537,67,737) (S 699,738,816) (S 700,816,787) (S 701,787,63) (S 448,63,653) (D 0,0,0)
 0 1 3 8554 13741  21 (D 0,0,0) (S 471,677,653) (S 466,17,523) (S 297,523,522) (S 512,708,433) (S 414,631,324) (S 621,520,64) (S 27,64,65) (S 656,65,451) (S 245,451,419) (S 225,419,418) (S 556,418,739) (S 540,739,450) (S 539,450,171) (S 74,171,172) (S 538,171,66) (S 28,66,65) (S 657,65,816) (S 658,816,733) (S 659,733,734) (D 0,0,0)
 0 1 4 8962 18118  21 (D 0,0,0) (S 620,3,787) (S 535,170,449) (S 534,449,736) (S 608,735,776) (S 631,776,581) (S 632,581,626) (S 413,626,627) (S 421,633,405) (S 420,405,69) (S 29,69,70) (S 30,70,71) (S 31,71,72) (S 678,71,407) (S 350,404,582) (S 153,310,312) (S 242,312,449) (S 243,449,450) (S 244,450,419) (S 224,418,417) (D 0,0,0)
 0 1 5 8987 21698  16 (D 0,0,0) (S 542,519,328) (S 510,436,703) (S 363,592,593) (S 509,592,94) (S 38,94,93) (S 429,93,637) (S 567,637,749) (S 581,638,707) (S 508,707,94) (S 39,94,95) (S 547,95,591) (S 546,591,454) (S 545,454,53) (S 544,53,704) (D 0,0,0)
 0 1 6 8974 19679  20 (D 0,0,0) (S 622,520,325) (S 161,327,328) (S 543,328,435) (S 618,437,784) (S 619,784,786) (S 617,784,785) (S 627,792,793) (S 628,793,660) (S 453,659,660) (S 629,660,790) (S 626,56,791) (S 24,56,55) (S 630,55,794) (S 665,794,819) (S 664,794,51) (S 390,52,607) (S 504,607,705) (S 221,415,327) (D 0,0,0)
 0 1 7 8940 21693  18 (D 0,0,0) (S 23,53,52) (S 580,606,741) (S 65,145,146) (S 66,146,147) (S 506,706,146) (S 99,202,203) (S 490,203,689) (S 579,689,606) (S 388,606,96) (S 549,97,690) (S 492,471,334) (S 681,335,357) (S 682,357,814) (S 653,814,788) (S 624,788,495) (S 623,495,325) (D 0,0,0)
 0 1 8 8811 24287  23 (D 0,0,0) (S 277,495,494) (S 184,358,359) (S 382,574,460) (S 251,460,361) (S 186,361,98) (S 40,98,99) (S 252,460,461) (S 345,497,574) (S 167,337,338) (S 616,337,601) (S 480,447,646) (S 440,646,647) (S 441,647,648) (S 396,612,611) (S 395,610,611) (S 605,611,774) (S 604,773,774) (S 609,774,612) (S 397,612,448) (S 173,347,346) (S 472,431,672) (D 0,0,0)
 0 1 9 8982 20502  20 (D 0,0,0) (S 465,16,524) (S 584,673,762) (S 685,761,316) (S 157,316,317) (S 158,318,319) (S 181,321,356) (S 159,321,322) (S 183,322,358) (S 321,358,554) (S 63,138,139) (S 513,554,573) (S 344,573,359) (S 516,572,714) (S 343,572,571) (S 389,571,472) (S 259,472,471) (S 683,494,443) (S 693,832,719) (D 0,0,0)
 0 1 10 8866 24390  19 (D 0,0,0) (S 684,432,443) (S 398,443,319) (S 241,447,446) (S 446,137,290) (S 142,290,154) (S 298,291,241) (S 188,242,363) (S 387,363,155) (S 68,155,154) (S 62,136,137) (S 301,534,445) (S 302,445,535) (S 303,535,527) (S 652,525,14) (S 281,14,506) (S 282,506,177) (S 464,179,672) (D 0,0,0)
 0 1 11 8959 18731  28 (D 0,0,0) (S 78,179,178) (S 77,178,177) (S 283,177,507) (S 521,507,344) (S 171,344,265) (S 666,822,823) (S 708,822,43) (S 19,43,42) (S 18,42,41) (S 17,41,40) (S 197,373,374) (S 403,616,39) (S 196,40,372) (S 195,372,371) (S 517,371,715) (S 660,715,512) (S 289,512,375) (S 200,375,370) (S 460,370,669) (S 194,369,368) (S 304,368,527) (S 583,535,761) (S 651,762,718) (S 519,718,719) (S 692,719,708) (S 296,522,521) (D 0,0,0)
 0 1 12 8945 17823  27 (D 0,0,0) (S 295,521,520) (S 178,351,326) (S 160,326,327) (S 222,327,416) (S 606,417,740) (S 541,740,739) (S 555,736,313) (S 554,313,582) (S 553,582,633) (S 552,744,633) (S 422,633,627) (S 423,627,634) (S 571,634,629) (S 424,634,515) (S 291,515,516) (S 292,516,517) (S 385,602,604) (S 386,604,605) (S 436,645,604) (S 437,604,603) (S 384,603,602) (S 533,518,735) (S 607,735,740) (S 223,417,416) (S 294,416,351) (D 0,0,0)
 0 1 13 8984 28643  23 (D 0,0,0) (S 293,519,518) (S 426,636,58) (S 427,58,456) (S 428,456,562) (S 263,92,477) (S 550,477,281) (S 525,280,723) (S 138,279,280) (S 551,281,743) (S 523,282,720) (S 139,282,283) (S 522,282,91) (S 36,90,91) (S 37,91,92) (S 264,92,478) (S 602,478,771) (S 603,479,772) (S 601,480,770) (S 265,59,481) (S 502,481,333) (S 162,329,328) (D 0,0,0)
 0 1 14 8782 18154  20 (D 0,0,0) (S 164,330,331) (S 165,331,332) (S 349,332,580) (S 348,580,438) (S 347,438,579) (S 25,57,58) (S 26,58,59) (S 501,700,165) (S 72,164,165) (S 625,166,702) (S 503,704,607) (S 505,705,167) (S 378,167,62) (S 379,62,169) (S 73,168,169) (S 175,169,349) (S 176,349,350) (S 177,350,326) (D 0,0,0)
 0 1 15 8961 13497  32 (D 0,0,0) (S 494,0,677) (S 130,63,268) (S 467,268,180) (S 463,179,267) (S 129,267,266) (S 284,266,508) (S 558,508,671) (S 462,671,6) (S 4,6,7) (S 5,7,8) (S 447,8,555) (S 324,555,509) (S 286,509,5) (S 285,5,508) (S 559,508,343) (S 560,343,260) (S 461,261,342) (S 168,341,342) (S 169,342,343) (S 170,343,265) (S 128,265,264) (S 127,264,263) (S 198,263,86) (S 199,86,375) (S 201,379,380) (S 520,380,344) (S 172,345,346) (S 473,346,506) (S 235,431,15) (S 7,15,16) (D 0,0,0)
 0 1 16 8810 14036  23 (D 0,0,0) (S 496,2,695) (S 667,695,81) (S 33,81,82) (S 450,262,655) (S 518,716,655) (S 451,655,656) (S 663,656,818) (S 662,670,745) (S 562,43,657) (S 563,657,746) (S 452,657,84) (S 34,84,42) (S 35,42,85) (S 661,85,745) (S 561,745,260) (S 125,260,261) (S 126,261,262) (S 449,262,654) (S 323,555,190) (S 322,81,190) (S 91,190,191) (D 0,0,0)
 0 1 17 8890 16569  15 (D 0,0,0) (S 300,191,532) (S 102,151,206) (S 103,206,207) (S 104,207,208) (S 329,209,558) (S 328,558,306) (S 677,301,557) (S 676,557,205) (S 100,204,205) (S 101,205,151) (S 67,151,150) (S 655,191,4) (S 654,728,4) (D 0,0,0)
 0 1 18 8820 17995  16 (D 0,0,0) (S 180,355,354) (S 189,354,193) (S 356,585,206) (S 415,207,590) (S 360,590,589) (S 359,588,589) (S 470,589,196) (S 469,623,196) (S 94,196,195) (S 416,195,590) (S 361,590,585) (S 355,194,584) (S 179,353,354) (S 250,355,459) (D 0,0,0)
 0 1 19 8932 19087  14 (D 0,0,0) (S 410,584,622) (S 468,505,623) (S 411,623,624) (S 412,624,625) (S 679,624,829) (S 696,838,829) (S 697,829,632) (S 419,632,505) (S 418,505,622) (S 417,622,195) (S 93,194,193) (S 92,193,192) (D 0,0,0)
 0 1 20 8972 18311  13 (D 0,0,0) (S 163,329,330) (S 166,332,333) (S 290,514,515) (S 228,422,423) (S 425,439,635) (S 577,635,758) (S 578,758,760) (S 238,439,438) (S 237,438,437) (S 236,437,436) (S 511,436,329) (D 0,0,0)
 0 1 21 8911 26141  19 (D 0,0,0) (S 362,592,591) (S 548,95,741) (S 507,707,201) (S 98,201,200) (S 97,200,199) (S 96,199,198) (S 95,197,198) (S 262,199,79) (S 261,79,476) (S 483,476,143) (S 64,143,142) (S 484,476,685) (S 431,200,638) (S 430,638,637) (S 248,456,457) (S 247,456,455) (S 246,455,454) (D 0,0,0)
 0 1 22 8997 27120  17 (D 0,0,0) (S 230,426,425) (S 229,425,424) (S 524,721,722) (S 590,722,424) (S 591,424,236) (S 117,236,237) (S 612,237,781) (S 613,781,778) (S 610,778,238) (S 611,239,780) (S 118,239,240) (S 614,779,426) (S 231,426,427) (S 240,445,318) (S 694,317,832) (D 0,0,0)
 0 1 23 8971 25889  17 (D 0,0,0) (S 182,357,322) (S 185,360,361) (S 187,98,362) (S 404,502,22) (S 10,22,23) (S 530,23,729) (S 11,23,24) (S 12,24,25) (S 438,24,501) (S 439,101,575) (S 42,101,100) (S 41,100,99) (S 383,99,600) (S 381,600,362) (S 380,362,599) (D 0,0,0)
 0 1 24 8994 33890  19 (D 0,0,0) (S 489,203,503) (S 488,20,485) (S 674,688,667) (S 458,667,442) (S 459,442,668) (S 239,441,440) (S 672,440,665) (S 457,665,666) (S 493,693,694) (S 670,693,662) (S 454,661,662) (S 671,662,665) (S 673,440,825) (S 486,687,496) (S 487,496,493) (S 276,493,490) (S 273,484,21) (D 0,0,0)
 0 1 25 8976 33138  15 (D 0,0,0) (S 267,485,484) (S 266,484,483) (S 274,491,492) (S 406,618,619) (S 582,488,710) (S 514,710,711) (S 271,488,489) (S 272,489,490) (S 275,490,492) (S 405,483,22) (S 9,22,21) (S 8,21,20) (S 491,689,599) (D 0,0,0)
 0 1 26 8979 38732  19 (D 0,0,0) (S 702,825,441) (S 456,665,465) (S 432,468,641) (S 481,683,467) (S 482,467,684) (S 255,467,468) (S 256,468,469) (S 257,469,304) (S 149,304,305) (S 148,304,303) (S 668,303,308) (S 151,307,308) (S 152,308,309) (S 669,303,556) (S 325,556,469) (S 260,474,475) (S 326,473,340) (D 0,0,0)
 0 1 27 8872 19396  10 (D 0,0,0) (S 150,151,306) (S 588,300,587) (S 357,586,587) (S 358,587,559) (S 330,559,209) (S 105,209,208) (S 675,208,826) (S 680,826,558) (D 0,0,0)
 0 1 28 8791 22044  22 (D 0,0,0) (S 327,557,215) (S 332,214,561) (S 392,609,608) (S 391,608,29) (S 190,29,364) (S 305,364,536) (S 306,536,248) (S 307,248,537) (S 434,537,247) (S 121,247,248) (S 122,248,249) (S 340,249,547) (S 315,546,547) (S 123,249,250) (S 346,567,578) (S 393,609,561) (S 394,561,365) (S 191,365,117) (S 49,117,116) (S 589,116,300) (D 0,0,0)
 0 1 29 8909 25907  7 (D 0,0,0) (S 124,257,256) (S 131,256,227) (S 112,227,228) (S 374,269,367) (S 192,226,366) (D 0,0,0)
 0 1 30 8989 28623  21 (D 0,0,0) (S 111,226,225) (S 309,224,538) (S 310,539,158) (S 155,159,315) (S 566,315,748) (S 575,748,160) (S 576,160,757) (S 572,757,127) (S 55,127,128) (S 70,128,160) (S 69,160,159) (S 154,159,314) (S 527,314,470) (S 526,540,470) (S 258,470,213) (S 253,213,462) (S 336,462,539) (S 371,538,596) (S 373,565,367) (D 0,0,0)
 0 1 31 8953 27226  19 (D 0,0,0) (S 331,258,294) (S 144,294,295) (S 145,295,296) (S 147,296,297) (S 369,297,463) (S 132,270,216) (S 133,216,271) (S 368,217,277) (S 141,288,278) (S 367,277,570) (S 366,570,595) (S 477,222,681) (S 478,681,576) (S 479,576,287) (S 320,553,383) (S 202,383,30) (S 13,30,31) (D 0,0,0)
 0 1 32 8916 38411  21 (D 0,0,0) (S 140,284,285) (S 497,285,681) (S 598,381,221) (S 599,221,712) (S 515,712,713) (S 16,37,38) (S 364,38,135) (S 720,135,844) (S 377,597,598) (S 718,615,844) (S 719,844,842) (S 712,842,680) (S 695,679,252) (S 134,272,230) (S 319,552,299) (S 135,230,273) (S 474,679,680) (S 475,680,133) (S 476,133,595) (D 0,0,0)
 0 1 33 8965 34304  30 (D 0,0,0) (S 342,564,131) (S 341,569,131) (S 58,131,130) (S 57,130,129) (S 56,129,128) (S 71,128,161) (S 226,161,420) (S 573,756,127) (S 54,127,126) (S 528,724,126) (S 570,725,751) (S 574,756,420) (S 227,420,421) (S 529,421,726) (S 643,802,795) (S 637,795,796) (S 564,244,129) (S 565,129,748) (S 156,315,246) (S 268,246,274) (S 136,274,275) (S 334,486,211) (S 106,210,211) (S 108,218,219) (S 335,219,462) (S 254,462,463) (S 370,297,538) (S 308,224,537) (D 0,0,0)
 0 1 34 8876 32365  26 (D 0,0,0) (S 110,224,223) (S 433,643,223) (S 109,223,222) (S 365,595,38) (S 600,38,134) (S 61,134,133) (S 60,133,132) (S 115,132,234) (S 114,234,233) (S 113,232,233) (S 318,233,549) (S 317,549,550) (S 116,132,235) (S 59,132,131) (S 119,244,130) (S 120,130,245) (S 269,274,486) (S 270,486,487) (S 333,486,275) (S 137,275,276) (S 146,276,218) (S 107,218,217) (S 435,537,548) (S 316,548,547) (D 0,0,0)
 0 1 35 8833 32376  12 (D 0,0,0) (S 339,547,566) (S 338,566,225) (S 337,225,565) (S 372,565,596) (S 639,596,173) (S 75,174,175) (S 76,175,176) (S 647,175,807) (S 174,348,292) (S 375,292,269) (D 0,0,0)
 0 1 36 8885 34280  19 (D 0,0,0) (S 193,174,115) (S 687,799,121) (S 688,121,33) (S 14,33,34) (S 6,11,10) (S 498,10,189) (S 499,189,698) (S 500,188,11) (S 15,34,35) (S 50,119,121) (S 51,122,123) (S 52,123,124) (S 53,124,125) (S 704,125,110) (S 705,110,809) (S 648,808,185) (S 85,185,112) (D 0,0,0)
 0 1 37 8989 34644  23 (D 0,0,0) (S 638,798,797) (S 717,805,800) (S 87,187,186) (S 86,186,112) (S 47,112,111) (S 691,111,801) (S 690,124,765) (S 586,765,764) (S 703,764,834) (S 689,833,834) (S 587,765,32) (S 90,32,12) (S 89,32,123) (S 88,123,187) (S 642,187,800) (S 641,800,798) (S 640,798,799) (S 686,799,804) (S 644,804,797) (S 645,797,805) (S 716,805,113) (D 0,0,0)
 0 1 38 8788 35615  23 (D 0,0,0) (S 727,755,811) (S 650,810,813) (S 715,813,543) (S 312,543,544) (S 721,846,544) (S 313,544,184) (S 83,184,183) (S 723,849,183) (S 82,108,183) (S 724,183,845) (S 725,845,847) (S 722,106,47) (S 20,47,48) (S 22,49,50) (S 21,49,48) (S 713,48,105) (S 44,105,104) (S 43,104,103) (S 568,103,753) (S 726,841,843) (S 714,843,543) (D 0,0,0)
 0 1 39 8958 42799  18 (D 0,0,0) (S 569,755,754) (S 311,541,542) (S 711,542,841) (S 710,841,104) (S 45,105,106) (S 46,107,108) (S 81,108,46) (S 80,182,75) (S 79,181,75) (S 32,76,77) (S 707,45,109) (S 706,109,545) (S 314,545,184) (S 84,184,185) (S 48,112,113) (S 143,293,294) (D 0,0,0)
 0 1 40 8944 31949  15 (D 0,0,0) (S 287,396,500) (S 635,652,399) (S 216,409,400) (S 213,400,401) (S 220,401,410) (S 217,410,411) (S 219,401,414) (S 442,651,414) (S 443,414,652) (S 636,652,390) (S 205,389,388) (S 444,499,395) (S 445,395,290) (D 0,0,0)
 0 1 41 8982 34125  18 (D 0,0,0) (S 209,395,394) (S 208,394,393) (S 232,392,428) (S 203,386,385) (S 594,385,376) (S 595,376,766) (S 646,74,806) (S 649,806,767) (S 597,767,73) (S 596,73,766) (S 633,766,429) (S 233,429,412) (S 218,412,413) (S 234,412,430) (S 634,429,399) (S 211,398,394) (D 0,0,0)
 0 1 42 8973 31537  19 (D 0,0,0) (S 592,152,140) (S 207,391,392) (S 593,391,385) (S 204,386,387) (S 212,387,398) (S 278,398,499) (S 279,499,500) (S 280,500,89) (S 288,500,389) (S 206,389,390) (S 376,530,597) (S 402,597,88) (S 401,88,614) (S 400,156,614) (S 709,614,529) (S 299,529,397) (S 210,397,396) (D 0,0,0)
