1069533
42
3600451
3597421
 0 1 1 8885 33525  21 (D 0,0,0) (S 193,174,115) (S 50,119,121) (S 687,121,799) (S 686,799,804) (S 644,804,797) (S 645,797,805) (S 717,805,800) (S 87,187,186) (S 47,112,111) (S 691,111,801) (S 53,124,125) (S 704,125,110) (S 705,110,809) (S 648,808,185) (S 85,185,112) (S 86,112,186) (S 641,800,798) (S 638,798,797) (S 716,805,113) (D 0,0,0)
 0 1 2 8974 41053  27 (D 0,0,0) (S 474,680,679) (S 695,679,252) (S 134,272,230) (S 319,552,299) (S 135,230,273) (S 643,802,795) (S 637,795,796) (S 226,161,420) (S 574,420,756) (S 573,756,127) (S 572,127,757) (S 576,757,160) (S 70,160,128) (S 71,128,161) (S 227,420,421) (S 529,421,726) (S 570,725,751) (S 528,724,126) (S 54,126,127) (S 55,127,128) (S 56,128,129) (S 565,129,748) (S 156,315,246) (S 269,274,486) (S 108,219,218) (D 0,0,0)
 0 1 3 8998 20024  18 (D 0,0,0) (S 683,443,494) (S 181,321,356) (S 159,321,322) (S 321,358,554) (S 63,138,139) (S 513,554,573) (S 344,573,359) (S 251,361,460) (S 252,460,461) (S 382,460,574) (S 183,358,322) (S 182,322,357) (S 682,357,814) (S 653,814,788) (S 624,788,495) (S 623,495,325) (D 0,0,0)
 0 1 4 8923 26933  23 (D 0,0,0) (S 346,578,567) (S 435,548,537) (S 308,537,224) (S 309,224,538) (S 370,538,297) (S 147,297,296) (S 145,296,295) (S 336,539,462) (S 253,462,213) (S 258,213,470) (S 526,540,470) (S 527,470,314) (S 154,314,159) (S 155,159,315) (S 566,315,748) (S 575,748,160) (S 69,160,159) (S 639,173,596) (S 337,565,225) (S 338,225,566) (S 393,609,561) (D 0,0,0)
 0 1 5 8953 21674  19 (D 0,0,0) (S 544,704,53) (S 546,454,591) (S 362,591,592) (S 363,592,593) (S 509,592,94) (S 39,94,95) (S 548,95,741) (S 580,741,606) (S 579,606,689) (S 491,689,599) (S 380,599,362) (S 381,362,600) (S 383,600,99) (S 40,99,98) (S 186,98,361) (S 185,361,360) (S 277,494,495) (D 0,0,0)
 0 1 6 8962 28265  22 (D 0,0,0) (S 349,332,580) (S 348,580,438) (S 347,438,579) (S 25,57,58) (S 601,480,770) (S 603,479,772) (S 602,478,771) (S 264,478,92) (S 37,92,91) (S 36,90,91) (S 522,91,282) (S 523,282,720) (S 139,282,283) (S 525,280,723) (S 138,279,280) (S 551,281,743) (S 550,281,477) (S 263,477,92) (S 428,562,456) (S 426,58,636) (D 0,0,0)
 0 1 7 8507 13609  25 (D 0,0,0) (S 496,2,695) (S 667,695,81) (S 33,81,82) (S 449,654,262) (S 518,716,655) (S 451,655,656) (S 663,656,818) (S 450,655,262) (S 126,262,261) (S 662,670,745) (S 561,745,260) (S 125,260,261) (S 461,261,342) (S 168,341,342) (S 169,342,343) (S 559,343,508) (S 558,508,671) (S 462,671,6) (S 4,6,7) (S 5,7,8) (S 447,8,555) (S 323,555,190) (S 322,190,81) (D 0,0,0)
 0 1 8 8827 25611  18 (D 0,0,0) (S 543,328,435) (S 547,591,95) (S 38,94,93) (S 429,93,637) (S 567,637,749) (S 430,637,638) (S 95,197,198) (S 96,198,199) (S 262,199,79) (S 484,476,685) (S 64,142,143) (S 483,143,476) (S 261,476,79) (S 97,199,200) (S 507,201,707) (S 508,707,94) (D 0,0,0)
 0 1 9 8830 19713  11 (D 0,0,0) (S 300,191,532) (S 101,151,205) (S 676,205,557) (S 677,557,301) (S 588,300,587) (S 357,586,587) (S 358,587,559) (S 470,589,196) (S 93,194,193) (D 0,0,0)
 0 1 10 8990 24668  19 (D 0,0,0) (S 681,357,335) (S 492,334,471) (S 549,690,97) (S 388,96,606) (S 581,707,638) (S 431,638,200) (S 98,200,201) (S 506,706,146) (S 66,146,147) (S 65,146,145) (S 99,202,203) (S 490,203,689) (S 259,471,472) (S 389,472,571) (S 343,571,572) (S 516,572,714) (S 184,359,358) (D 0,0,0)
 0 1 11 8986 19423  22 (D 0,0,0) (S 223,416,417) (S 556,418,739) (S 554,313,582) (S 553,582,633) (S 552,744,633) (S 422,633,627) (S 423,627,634) (S 571,634,629) (S 424,634,515) (S 228,422,423) (S 425,439,635) (S 577,635,758) (S 578,758,760) (S 238,439,438) (S 237,438,437) (S 618,437,784) (S 619,784,786) (S 236,437,436) (S 221,415,327) (S 222,327,416) (D 0,0,0)
 0 1 12 8951 37253  16 (D 0,0,0) (S 444,395,499) (S 635,652,399) (S 634,399,429) (S 234,412,430) (S 218,412,413) (S 233,412,429) (S 646,74,806) (S 79,181,75) (S 80,75,182) (S 649,806,767) (S 597,767,73) (S 596,73,766) (S 593,385,391) (S 208,393,394) (D 0,0,0)
 0 1 13 8989 35984  21 (D 0,0,0) (S 640,799,798) (S 642,800,187) (S 88,187,123) (S 52,123,124) (S 690,124,765) (S 689,833,834) (S 703,834,764) (S 586,764,765) (S 587,765,32) (S 90,32,12) (S 89,32,123) (S 51,123,122) (S 688,121,33) (S 14,33,34) (S 6,11,10) (S 498,10,189) (S 499,189,698) (S 500,188,11) (S 15,34,35) (D 0,0,0)
 0 1 14 8995 25067  10 (D 0,0,0) (S 589,300,116) (S 49,116,117) (S 191,117,365) (S 124,257,256) (S 131,256,227) (S 112,227,228) (S 192,226,366) (S 394,365,561) (D 0,0,0)
 0 1 15 8801 30621  9 (D 0,0,0) (S 374,367,269) (S 375,269,292) (S 174,292,348) (S 647,175,807) (S 76,175,176) (S 75,175,174) (S 143,293,294) (D 0,0,0)
 0 1 16 8963 15377  23 (D 0,0,0) (S 1,0,1) (S 512,708,433) (S 414,631,324) (S 160,326,327) (S 161,327,328) (S 542,328,519) (S 293,519,518) (S 533,518,735) (S 607,735,740) (S 541,740,739) (S 540,739,450) (S 539,450,171) (S 74,171,172) (S 538,171,66) (S 28,66,65) (S 657,65,816) (S 699,738,816) (S 658,816,733) (S 659,733,734) (S 654,728,4) (S 2,3,2) (D 0,0,0)
 0 1 17 8640 43136  18 (D 0,0,0) (S 48,113,112) (S 84,185,184) (S 314,184,545) (S 706,545,109) (S 707,109,45) (S 32,76,77) (S 81,46,108) (S 46,107,108) (S 82,108,183) (S 725,845,847) (S 724,845,183) (S 723,849,183) (S 83,183,184) (S 313,184,544) (S 721,846,544) (S 312,544,543) (D 0,0,0)
 0 1 18 8992 32429  21 (D 0,0,0) (S 209,395,394) (S 211,394,398) (S 212,398,387) (S 204,387,386) (S 203,386,385) (S 594,385,376) (S 595,376,766) (S 633,766,429) (S 216,409,400) (S 213,400,401) (S 220,401,410) (S 217,410,411) (S 219,401,414) (S 442,651,414) (S 443,414,652) (S 636,652,390) (S 206,390,389) (S 205,389,388) (S 398,319,443) (D 0,0,0)
 0 1 19 8834 29890  28 (D 0,0,0) (S 190,29,364) (S 305,364,536) (S 306,536,248) (S 307,248,537) (S 434,537,247) (S 110,223,224) (S 369,297,463) (S 254,463,462) (S 335,462,219) (S 106,210,211) (S 334,211,486) (S 270,486,487) (S 333,486,275) (S 136,275,274) (S 268,274,246) (S 120,245,130) (S 57,130,129) (S 564,129,244) (S 119,244,130) (S 58,130,131) (S 341,569,131) (S 116,132,235) (S 60,132,133) (S 476,133,595) (S 497,681,285) (S 140,284,285) (D 0,0,0)
 0 1 20 8812 15056  16 (D 0,0,0) (S 67,150,151) (S 102,151,206) (S 415,207,590) (S 416,590,195) (S 417,195,622) (S 418,622,505) (S 698,632,583) (S 353,583,504) (S 354,504,584) (S 179,353,354) (S 180,354,355) (S 250,355,459) (S 249,458,459) (S 532,621,734) (D 0,0,0)
 0 1 21 8994 33395  16 (D 0,0,0) (S 187,98,362) (S 9,21,22) (S 405,22,483) (S 275,492,490) (S 272,490,489) (S 271,489,488) (S 514,710,711) (S 582,710,488) (S 406,618,619) (S 274,491,492) (S 266,483,484) (S 267,484,485) (S 488,485,20) (S 489,503,203) (D 0,0,0)
 0 1 22 8856 19460  15 (D 0,0,0) (S 350,582,404) (S 420,405,69) (S 29,69,70) (S 30,70,71) (S 31,71,72) (S 696,838,829) (S 697,829,632) (S 419,632,505) (S 468,505,623) (S 410,622,584) (S 409,353,459) (S 408,459,621) (S 3,4,3) (D 0,0,0)
 0 1 23 8614 14261  22 (D 0,0,0) (S 471,677,653) (S 519,719,718) (S 651,718,762) (S 583,761,535) (S 302,535,445) (S 301,445,534) (S 397,448,612) (S 396,612,611) (S 395,610,611) (S 605,611,774) (S 604,773,774) (S 609,774,612) (S 441,647,648) (S 440,647,646) (S 480,646,447) (S 240,445,318) (S 694,317,832) (S 693,832,719) (S 692,719,708) (S 494,677,0) (D 0,0,0)
 0 1 24 8884 26625  15 (D 0,0,0) (S 465,16,524) (S 584,673,762) (S 685,761,316) (S 157,316,317) (S 241,447,446) (S 231,427,426) (S 230,426,425) (S 229,425,424) (S 524,721,722) (S 590,722,424) (S 591,424,236) (S 118,239,240) (S 614,779,426) (D 0,0,0)
 0 1 25 8921 33890  18 (D 0,0,0) (S 8,20,21) (S 273,21,484) (S 276,490,493) (S 487,493,496) (S 486,687,496) (S 674,688,667) (S 673,825,440) (S 457,665,666) (S 670,662,693) (S 493,693,694) (S 454,661,662) (S 671,662,665) (S 672,665,440) (S 239,440,441) (S 459,442,668) (S 458,442,667) (D 0,0,0)
 0 1 26 8979 38732  19 (D 0,0,0) (S 702,825,441) (S 456,665,465) (S 482,467,684) (S 481,467,683) (S 432,641,468) (S 255,467,468) (S 256,468,469) (S 257,469,304) (S 149,304,305) (S 148,304,303) (S 668,303,308) (S 152,308,309) (S 151,307,308) (S 669,303,556) (S 325,556,469) (S 260,474,475) (S 326,473,340) (D 0,0,0)
 0 1 27 8866 17610  17 (D 0,0,0) (S 92,192,193) (S 361,585,590) (S 360,590,589) (S 359,589,588) (S 330,559,209) (S 105,208,209) (S 329,209,558) (S 328,306,558) (S 680,558,826) (S 675,826,208) (S 104,208,207) (S 103,207,206) (S 356,206,585) (S 355,194,584) (S 407,620,621) (D 0,0,0)
 0 1 28 8811 17610  17 (D 0,0,0) (S 189,354,193) (S 94,195,196) (S 469,196,623) (S 411,623,624) (S 412,624,625) (S 679,624,829) (S 678,71,407) (S 421,405,633) (S 413,627,626) (S 632,626,581) (S 631,581,776) (S 608,776,735) (S 606,740,417) (S 178,351,326) (S 622,325,520) (D 0,0,0)
 0 1 29 8996 20279  20 (D 0,0,0) (S 177,326,350) (S 176,350,349) (S 175,349,169) (S 73,168,169) (S 379,169,62) (S 378,62,167) (S 505,167,705) (S 504,705,607) (S 664,51,794) (S 665,794,819) (S 630,794,55) (S 24,55,56) (S 626,56,791) (S 629,790,660) (S 453,659,660) (S 628,660,793) (S 627,792,793) (S 617,785,784) (D 0,0,0)
 0 1 30 8928 18398  16 (D 0,0,0) (S 162,328,329) (S 163,329,330) (S 164,330,331) (S 165,331,332) (S 166,332,333) (S 502,333,481) (S 290,514,515) (S 291,515,516) (S 292,516,517) (S 384,602,603) (S 437,603,604) (S 386,604,605) (S 436,645,604) (S 385,604,602) (D 0,0,0)
 0 1 31 8969 33974  27 (D 0,0,0) (S 13,30,31) (S 202,30,383) (S 320,553,383) (S 598,381,221) (S 599,221,712) (S 515,712,713) (S 600,38,134) (S 61,134,133) (S 115,132,234) (S 113,232,233) (S 318,233,549) (S 317,549,550) (S 114,233,234) (S 59,132,131) (S 342,131,564) (S 137,275,276) (S 146,276,218) (S 107,218,217) (S 133,216,271) (S 132,270,216) (S 368,217,277) (S 141,288,278) (S 367,277,570) (S 366,570,595) (S 478,681,576) (D 0,0,0)
 0 1 32 8752 27735  17 (D 0,0,0) (S 472,672,431) (S 173,346,347) (S 303,527,535) (S 445,290,395) (S 287,396,500) (S 288,500,389) (S 376,530,597) (S 377,597,598) (S 402,597,88) (S 401,88,614) (S 387,155,363) (S 188,363,242) (S 298,241,291) (S 142,154,290) (S 684,443,432) (D 0,0,0)
 0 1 33 8977 30691  20 (D 0,0,0) (S 611,239,780) (S 610,238,778) (S 613,778,781) (S 612,781,237) (S 117,237,236) (S 592,152,140) (S 207,391,392) (S 232,392,428) (S 278,398,499) (S 279,499,500) (S 280,500,89) (S 210,396,397) (S 299,397,529) (S 709,529,614) (S 400,614,156) (S 68,155,154) (S 446,290,137) (S 62,136,137) (D 0,0,0)
 0 1 34 8968 27401  15 (D 0,0,0) (S 439,575,101) (S 42,101,100) (S 41,100,99) (S 404,502,22) (S 10,22,23) (S 530,23,729) (S 11,23,24) (S 12,24,25) (S 438,24,501) (S 345,497,574) (S 616,601,337) (S 167,337,338) (S 158,319,318) (D 0,0,0)
 0 1 35 8985 24590  13 (D 0,0,0) (S 332,214,561) (S 123,249,250) (S 315,546,547) (S 339,547,566) (S 111,225,226) (S 373,367,565) (S 372,565,596) (S 371,596,538) (S 144,295,294) (S 331,294,258) (S 150,306,151) (D 0,0,0)
 0 1 36 8867 15383  25 (D 0,0,0) (S 296,522,521) (S 294,351,416) (S 224,417,418) (S 225,418,419) (S 244,419,450) (S 536,170,67) (S 537,67,737) (S 352,583,68) (S 351,68,404) (S 215,404,403) (S 399,403,613) (S 214,403,170) (S 535,170,449) (S 534,449,736) (S 555,736,313) (S 153,310,312) (S 242,312,449) (S 243,449,450) (S 245,419,451) (S 656,451,65) (S 27,65,64) (S 621,64,520) (S 295,520,521) (D 0,0,0)
 0 1 37 8974 27196  20 (D 0,0,0) (S 100,204,205) (S 122,249,248) (S 121,248,247) (S 433,643,223) (S 109,223,222) (S 365,595,38) (S 16,37,38) (S 364,38,135) (S 720,135,844) (S 718,615,844) (S 719,844,842) (S 712,842,680) (S 475,680,133) (S 477,222,681) (S 479,576,287) (S 391,29,608) (S 392,608,609) (S 327,215,557) (D 0,0,0)
 0 1 38 8692 19194  13 (D 0,0,0) (S 495,0,2) (S 531,732,731) (S 557,731,28) (S 615,26,783) (S 455,663,664) (S 485,663,686) (S 585,686,27) (S 620,3,787) (S 700,816,787) (S 701,787,63) (S 448,63,653) (D 0,0,0)
 0 1 39 8961 17788  31 (D 0,0,0) (S 464,672,179) (S 170,265,343) (S 560,343,260) (S 661,745,85) (S 35,85,42) (S 34,42,84) (S 452,84,657) (S 563,657,746) (S 562,657,43) (S 708,43,822) (S 666,822,823) (S 19,43,42) (S 18,42,41) (S 17,41,40) (S 197,373,374) (S 403,616,39) (S 196,40,372) (S 195,372,371) (S 517,371,715) (S 660,715,512) (S 289,512,375) (S 201,379,380) (S 520,380,344) (S 172,345,346) (S 473,346,506) (S 282,506,177) (S 77,177,178) (S 467,180,268) (S 130,268,63) (D 0,0,0)
 0 1 40 8854 19343  17 (D 0,0,0) (S 503,704,607) (S 390,607,52) (S 23,52,53) (S 545,53,454) (S 246,454,455) (S 247,455,456) (S 248,456,457) (S 427,456,58) (S 26,58,59) (S 265,59,481) (S 501,700,165) (S 72,164,165) (S 625,166,702) (S 510,703,436) (S 511,436,329) (D 0,0,0)
 0 1 41 8585 13772  28 (D 0,0,0) (S 297,522,523) (S 466,523,17) (S 7,16,15) (S 235,15,431) (S 281,506,14) (S 652,14,525) (S 304,527,368) (S 194,368,369) (S 460,370,669) (S 200,370,375) (S 199,375,86) (S 198,86,263) (S 127,263,264) (S 128,264,265) (S 171,265,344) (S 521,344,507) (S 283,507,177) (S 78,178,179) (S 463,179,267) (S 129,267,266) (S 284,266,508) (S 285,508,5) (S 286,5,509) (S 324,509,555) (S 91,190,191) (S 655,191,4) (D 0,0,0)
 0 1 42 8965 32895  23 (D 0,0,0) (S 340,249,547) (S 316,547,548) (S 310,539,158) (S 311,541,542) (S 711,542,841) (S 568,753,103) (S 43,103,104) (S 44,104,105) (S 713,105,48) (S 21,48,49) (S 22,49,50) (S 20,48,47) (S 722,47,106) (S 45,106,105) (S 710,104,841) (S 726,841,843) (S 714,843,543) (S 715,543,813) (S 650,813,810) (S 569,754,755) (S 727,811,755) (D 0,0,0)
