1071285
43
3600413
3476739
 0 1 1 8932 35437  21 (D 0,0,0) (S 717,805,800) (S 87,187,186) (S 86,186,112) (S 85,112,185) (S 648,185,808) (S 705,809,110) (S 704,110,125) (S 53,125,124) (S 52,124,123) (S 51,123,122) (S 50,121,119) (S 15,35,34) (S 6,11,10) (S 498,10,189) (S 499,189,698) (S 500,188,11) (S 14,34,33) (S 688,33,121) (S 687,121,799) (D 0,0,0)
 0 1 2 8842 24338  14 (D 0,0,0) (S 331,258,294) (S 144,294,295) (S 336,539,462) (S 253,462,213) (S 258,213,470) (S 526,470,540) (S 639,173,596) (S 372,596,565) (S 337,565,225) (S 338,225,566) (S 339,566,547) (S 346,567,578) (D 0,0,0)
 0 1 3 8901 27530  20 (D 0,0,0) (S 622,520,325) (S 237,437,438) (S 347,438,579) (S 25,57,58) (S 428,456,562) (S 37,92,91) (S 36,90,91) (S 522,91,282) (S 523,282,720) (S 139,282,283) (S 551,281,743) (S 263,477,92) (S 264,92,478) (S 602,478,771) (S 603,479,772) (S 601,480,770) (S 265,59,481) (S 502,481,333) (D 0,0,0)
 0 1 4 8995 25067  10 (D 0,0,0) (S 394,561,365) (S 192,366,226) (S 112,227,228) (S 131,227,256) (S 124,256,257) (S 191,365,117) (S 49,117,116) (S 589,116,300) (D 0,0,0)
 0 1 5 8976 24710  19 (D 0,0,0) (S 677,301,557) (S 332,214,561) (S 392,609,608) (S 391,608,29) (S 190,29,364) (S 305,364,536) (S 306,536,248) (S 121,248,247) (S 433,643,223) (S 110,223,224) (S 308,224,537) (S 435,537,548) (S 315,546,547) (S 340,547,249) (S 123,249,250) (S 676,557,205) (S 101,205,151) (D 0,0,0)
 0 1 6 7886 13452  16 (D 0,0,0) (S 92,192,193) (S 93,193,194) (S 361,585,590) (S 415,590,207) (S 675,208,826) (S 680,826,558) (S 328,306,558) (S 329,558,209) (S 105,209,208) (S 104,208,207) (S 103,207,206) (S 102,206,151) (S 67,151,150) (S 300,532,191) (D 0,0,0)
 0 1 7 8741 17029  22 (D 0,0,0) (S 295,521,520) (S 224,417,418) (S 556,418,739) (S 540,739,450) (S 243,450,449) (S 534,449,736) (S 555,736,313) (S 553,582,633) (S 421,633,405) (S 420,405,69) (S 29,69,70) (S 30,70,71) (S 31,71,72) (S 678,71,407) (S 215,404,403) (S 399,403,613) (S 214,403,170) (S 536,170,67) (S 537,67,737) (S 701,787,63) (D 0,0,0)
 0 1 8 8925 22909  24 (D 0,0,0) (S 624,495,788) (S 653,788,814) (S 681,357,335) (S 492,334,471) (S 185,360,361) (S 251,361,460) (S 252,460,461) (S 345,497,574) (S 616,601,337) (S 167,337,338) (S 241,446,447) (S 440,646,647) (S 441,647,648) (S 609,612,774) (S 604,773,774) (S 605,774,611) (S 395,610,611) (S 396,611,612) (S 397,612,448) (S 301,534,445) (S 583,535,761) (S 584,762,673) (D 0,0,0)
 0 1 9 8645 11621  19 (D 0,0,0) (S 1,0,1) (S 496,2,695) (S 667,695,81) (S 322,81,190) (S 447,555,8) (S 5,8,7) (S 4,7,6) (S 462,6,671) (S 558,671,508) (S 285,508,5) (S 286,5,509) (S 324,509,555) (S 323,555,190) (S 91,190,191) (S 655,191,4) (S 654,728,4) (S 495,2,0) (D 0,0,0)
 0 1 10 8888 34865  17 (D 0,0,0) (S 118,239,240) (S 592,152,140) (S 207,391,392) (S 593,391,385) (S 633,766,429) (S 634,429,399) (S 216,409,400) (S 213,400,401) (S 217,410,411) (S 220,410,401) (S 219,401,414) (S 442,651,414) (S 443,414,652) (S 635,652,399) (S 211,398,394) (D 0,0,0)
 0 1 11 8967 26416  16 (D 0,0,0) (S 693,719,832) (S 684,432,443) (S 231,427,426) (S 614,426,779) (S 611,239,780) (S 610,238,778) (S 613,778,781) (S 612,781,237) (S 117,237,236) (S 591,236,424) (S 524,721,722) (S 590,722,424) (S 229,424,425) (S 230,425,426) (D 0,0,0)
 0 1 12 8914 29128  16 (D 0,0,0) (S 479,287,576) (S 478,576,681) (S 477,681,222) (S 364,38,135) (S 720,135,844) (S 718,844,615) (S 636,390,652) (S 205,388,389) (S 206,389,390) (S 288,389,500) (S 279,500,499) (S 444,499,395) (S 445,395,290) (S 62,136,137) (D 0,0,0)
 0 1 13 8977 31033  30 (D 0,0,0) (S 476,595,133) (S 60,133,132) (S 58,131,130) (S 119,130,244) (S 564,244,129) (S 56,129,128) (S 71,128,161) (S 226,161,420) (S 227,420,421) (S 529,421,726) (S 570,725,751) (S 528,724,126) (S 54,126,127) (S 55,127,128) (S 70,128,160) (S 575,160,748) (S 120,245,130) (S 57,130,129) (S 565,129,748) (S 566,748,315) (S 155,159,315) (S 156,315,246) (S 268,246,274) (S 137,275,276) (S 146,276,218) (S 370,297,538) (S 309,538,224) (S 316,548,547) (D 0,0,0)
 0 1 14 8990 32827  16 (D 0,0,0) (S 186,361,98) (S 381,362,600) (S 405,22,483) (S 274,491,492) (S 406,618,619) (S 514,710,711) (S 582,710,488) (S 271,488,489) (S 272,489,490) (S 275,490,492) (S 266,483,484) (S 273,484,21) (S 8,21,20) (S 490,203,689) (D 0,0,0)
 0 1 15 8792 31495  25 (D 0,0,0) (S 13,30,31) (S 202,30,383) (S 320,553,383) (S 598,381,221) (S 599,221,712) (S 515,712,713) (S 16,37,38) (S 365,38,595) (S 366,595,570) (S 367,570,277) (S 141,288,278) (S 368,277,217) (S 132,270,216) (S 133,216,271) (S 107,217,218) (S 108,218,219) (S 335,219,462) (S 254,462,463) (S 147,297,296) (S 145,296,295) (S 371,538,596) (S 373,565,367) (S 111,226,225) (D 0,0,0)
 0 1 16 8994 24154  17 (D 0,0,0) (S 694,832,317) (S 158,318,319) (S 438,501,24) (S 12,24,25) (S 11,24,23) (S 530,23,729) (S 10,23,22) (S 9,21,22) (S 404,22,502) (S 383,600,99) (S 41,99,100) (S 42,100,101) (S 439,101,575) (S 480,646,447) (S 398,319,443) (D 0,0,0)
 0 1 17 8944 17089  31 (D 0,0,0) (S 464,672,179) (S 463,179,267) (S 129,267,266) (S 284,266,508) (S 559,508,343) (S 560,343,260) (S 661,745,85) (S 35,85,42) (S 34,42,84) (S 452,84,657) (S 563,657,746) (S 562,657,43) (S 708,43,822) (S 666,822,823) (S 19,43,42) (S 18,42,41) (S 17,41,40) (S 403,616,39) (S 197,373,374) (S 196,40,372) (S 195,372,371) (S 517,371,715) (S 660,715,512) (S 289,512,375) (S 199,375,86) (S 198,86,263) (S 127,263,264) (S 128,264,265) (S 282,177,506) (D 0,0,0)
 0 1 18 8913 42876  18 (D 0,0,0) (S 327,557,215) (S 714,543,843) (S 726,843,841) (S 710,841,104) (S 44,104,105) (S 45,105,106) (S 46,107,108) (S 81,108,46) (S 80,182,75) (S 79,181,75) (S 32,76,77) (S 707,45,109) (S 706,109,545) (S 314,545,184) (S 84,184,185) (S 48,112,113) (D 0,0,0)
 0 1 19 8985 38212  23 (D 0,0,0) (S 100,204,205) (S 140,284,285) (S 497,285,681) (S 475,133,680) (S 719,842,844) (S 712,842,680) (S 474,680,679) (S 695,679,252) (S 135,230,273) (S 134,272,230) (S 319,552,299) (S 643,802,795) (S 637,795,796) (S 574,420,756) (S 573,756,127) (S 572,127,757) (S 576,757,160) (S 69,160,159) (S 154,159,314) (S 527,314,470) (S 310,158,539) (D 0,0,0)
 0 1 20 8884 35538  23 (D 0,0,0) (S 569,755,754) (S 311,541,542) (S 711,542,841) (S 568,753,103) (S 43,103,104) (S 713,105,48) (S 22,49,50) (S 21,49,48) (S 20,48,47) (S 722,47,106) (S 725,847,845) (S 724,845,183) (S 82,108,183) (S 723,849,183) (S 83,183,184) (S 313,184,544) (S 721,846,544) (S 312,544,543) (S 715,543,813) (S 650,813,810) (S 727,811,755) (D 0,0,0)
 0 1 21 6820 13952  26 (D 0,0,0) (S 472,672,431) (S 235,431,15) (S 7,15,16) (S 465,16,524) (S 652,525,14) (S 281,14,506) (S 473,506,346) (S 173,346,347) (S 172,346,345) (S 171,344,265) (S 170,265,343) (S 169,343,342) (S 168,341,342) (S 461,342,261) (S 662,670,745) (S 561,745,260) (S 125,260,261) (S 126,261,262) (S 450,262,655) (S 451,655,656) (S 663,656,818) (S 518,716,655) (S 449,262,654) (S 33,82,81) (D 0,0,0)
 0 1 22 8996 21745  17 (D 0,0,0) (S 542,519,328) (S 503,704,607) (S 389,571,472) (S 259,472,471) (S 491,599,689) (S 579,689,606) (S 580,606,741) (S 548,741,95) (S 39,95,94) (S 363,592,593) (S 362,592,591) (S 546,591,454) (S 545,454,53) (S 544,53,704) (S 543,435,328) (D 0,0,0)
 0 1 23 6406 11270  18 (D 0,0,0) (S 471,677,653) (S 466,17,523) (S 297,523,522) (S 512,708,433) (S 414,631,324) (S 178,326,351) (S 223,416,417) (S 225,418,419) (S 244,419,450) (S 539,450,171) (S 74,171,172) (S 538,171,66) (S 28,66,65) (S 657,65,816) (S 700,816,787) (S 620,787,3) (D 0,0,0)
 0 1 24 8251 12193  24 (D 0,0,0) (S 494,0,677) (S 448,653,63) (S 130,63,268) (S 467,268,180) (S 78,179,178) (S 77,178,177) (S 283,177,507) (S 521,507,344) (S 520,344,380) (S 201,380,379) (S 200,375,370) (S 460,370,669) (S 194,369,368) (S 304,368,527) (S 303,527,535) (S 302,535,445) (S 240,445,318) (S 157,317,316) (S 685,316,761) (S 651,762,718) (S 519,718,719) (S 692,719,708) (D 0,0,0)
 0 1 25 6589 16544  9 (D 0,0,0) (S 2,2,3) (S 557,731,28) (S 585,27,686) (S 485,686,663) (S 455,663,664) (S 615,26,783) (S 531,731,732) (D 0,0,0)
 0 1 26 8942 33500  21 (D 0,0,0) (S 47,112,111) (S 691,111,801) (S 690,124,765) (S 689,833,834) (S 703,834,764) (S 586,764,765) (S 587,765,32) (S 90,32,12) (S 89,32,123) (S 88,123,187) (S 642,187,800) (S 641,800,798) (S 644,797,804) (S 686,804,799) (S 640,799,798) (S 638,798,797) (S 645,797,805) (S 716,805,113) (S 193,115,174) (D 0,0,0)
 0 1 27 8801 30621  9 (D 0,0,0) (S 143,294,293) (S 75,174,175) (S 76,175,176) (S 647,175,807) (S 174,348,292) (S 375,292,269) (S 374,269,367) (D 0,0,0)
 0 1 28 8865 15882  17 (D 0,0,0) (S 355,194,584) (S 410,584,622) (S 418,622,505) (S 419,505,632) (S 468,505,623) (S 469,623,196) (S 470,196,589) (S 359,588,589) (S 360,589,590) (S 416,590,195) (S 417,195,622) (S 179,353,354) (S 180,354,355) (S 250,355,459) (S 408,459,621) (D 0,0,0)
 0 1 29 8848 34318  19 (D 0,0,0) (S 209,395,394) (S 208,394,393) (S 232,392,428) (S 233,429,412) (S 218,412,413) (S 234,412,430) (S 597,73,767) (S 649,767,806) (S 646,806,74) (S 596,73,766) (S 595,766,376) (S 594,376,385) (S 203,385,386) (S 204,386,387) (S 212,387,398) (S 278,398,499) (S 446,290,137) (D 0,0,0)
 0 1 30 8927 17307  17 (D 0,0,0) (S 161,327,328) (S 163,329,330) (S 166,332,333) (S 290,514,515) (S 291,515,516) (S 292,516,517) (S 384,602,603) (S 437,603,604) (S 436,645,604) (S 386,604,605) (S 385,604,602) (S 533,518,735) (S 541,739,740) (S 606,740,417) (S 294,416,351) (D 0,0,0)
 0 1 31 8881 15611  20 (D 0,0,0) (S 296,522,521) (S 621,520,64) (S 27,64,65) (S 656,65,451) (S 245,451,419) (S 535,170,449) (S 242,449,312) (S 153,312,310) (S 554,313,582) (S 350,582,404) (S 351,404,68) (S 352,68,583) (S 353,583,504) (S 354,504,584) (S 409,353,459) (S 249,458,459) (S 407,620,621) (S 532,621,734) (D 0,0,0)
 0 1 32 8942 27603  19 (D 0,0,0) (S 547,591,95) (S 508,94,707) (S 507,707,201) (S 97,200,199) (S 262,199,79) (S 261,79,476) (S 64,142,143) (S 483,143,476) (S 484,476,685) (S 96,199,198) (S 95,197,198) (S 138,279,280) (S 525,280,723) (S 550,281,477) (S 581,638,707) (S 388,606,96) (S 549,97,690) (D 0,0,0)
 0 1 33 8937 29450  17 (D 0,0,0) (S 298,291,241) (S 188,242,363) (S 387,363,155) (S 401,614,88) (S 402,88,597) (S 377,597,598) (S 376,597,530) (S 280,89,500) (S 287,500,396) (S 210,396,397) (S 299,397,529) (S 709,529,614) (S 400,614,156) (S 68,155,154) (S 142,154,290) (D 0,0,0)
 0 1 34 8964 23949  19 (D 0,0,0) (S 382,574,460) (S 40,99,98) (S 187,98,362) (S 380,362,599) (S 489,503,203) (S 99,203,202) (S 65,145,146) (S 66,146,147) (S 506,706,146) (S 98,201,200) (S 431,200,638) (S 430,638,637) (S 567,637,749) (S 429,637,93) (S 38,93,94) (S 509,94,592) (S 510,703,436) (D 0,0,0)
 0 1 35 8901 33870  18 (D 0,0,0) (S 488,20,485) (S 674,688,667) (S 458,667,442) (S 459,442,668) (S 239,441,440) (S 672,440,665) (S 457,665,666) (S 671,665,662) (S 454,661,662) (S 670,662,693) (S 493,693,694) (S 673,440,825) (S 487,493,496) (S 486,687,496) (S 276,493,490) (S 267,484,485) (D 0,0,0)
 0 1 36 8920 19831  21 (D 0,0,0) (S 222,416,327) (S 221,327,415) (S 504,705,607) (S 390,607,52) (S 664,51,794) (S 665,794,819) (S 630,794,55) (S 24,55,56) (S 626,56,791) (S 629,790,660) (S 453,659,660) (S 628,660,793) (S 627,792,793) (S 617,785,784) (S 619,784,786) (S 618,784,437) (S 236,437,436) (S 511,436,329) (S 293,518,519) (D 0,0,0)
 0 1 37 8996 20392  19 (D 0,0,0) (S 177,326,350) (S 176,350,349) (S 175,349,169) (S 73,168,169) (S 379,169,62) (S 378,62,167) (S 505,167,705) (S 23,52,53) (S 246,454,455) (S 247,455,456) (S 248,456,457) (S 427,456,58) (S 426,636,58) (S 26,58,59) (S 501,700,165) (S 72,164,165) (S 625,166,702) (D 0,0,0)
 0 1 38 8979 38732  19 (D 0,0,0) (S 702,825,441) (S 456,665,465) (S 482,467,684) (S 481,467,683) (S 432,641,468) (S 255,467,468) (S 256,468,469) (S 325,469,556) (S 669,556,303) (S 668,303,308) (S 151,307,308) (S 152,308,309) (S 148,303,304) (S 149,304,305) (S 257,304,469) (S 260,474,475) (S 326,473,340) (D 0,0,0)
 0 1 39 8324 18779  17 (D 0,0,0) (S 623,325,495) (S 277,495,494) (S 181,321,356) (S 159,321,322) (S 183,322,358) (S 184,358,359) (S 344,359,573) (S 343,571,572) (S 516,572,714) (S 513,573,554) (S 63,138,139) (S 321,554,358) (S 182,322,357) (S 682,357,814) (S 683,494,443) (D 0,0,0)
 0 1 40 8184 18145  8 (D 0,0,0) (S 150,151,306) (S 588,300,587) (S 357,586,587) (S 358,587,559) (S 330,559,209) (S 356,206,585) (D 0,0,0)
 0 1 41 8831 20177  14 (D 0,0,0) (S 189,354,193) (S 94,195,196) (S 411,623,624) (S 412,624,625) (S 679,624,829) (S 696,838,829) (S 697,829,632) (S 698,632,583) (S 699,738,816) (S 658,816,733) (S 659,733,734) (S 3,4,3) (D 0,0,0)
 0 1 42 8825 19375  23 (D 0,0,0) (S 160,326,327) (S 162,328,329) (S 164,330,331) (S 165,331,332) (S 349,332,580) (S 348,580,438) (S 238,438,439) (S 578,758,760) (S 577,758,635) (S 425,635,439) (S 228,422,423) (S 424,515,634) (S 571,634,629) (S 423,634,627) (S 552,744,633) (S 422,633,627) (S 413,627,626) (S 632,626,581) (S 631,581,776) (S 608,776,735) (S 607,735,740) (D 0,0,0)
 0 1 43 8990 32313  25 (D 0,0,0) (S 393,561,609) (S 369,297,463) (S 106,210,211) (S 334,211,486) (S 270,486,487) (S 269,486,274) (S 136,274,275) (S 333,275,486) (S 342,564,131) (S 341,569,131) (S 59,131,132) (S 116,132,235) (S 115,132,234) (S 114,234,233) (S 317,549,550) (S 318,549,233) (S 113,232,233) (S 61,133,134) (S 600,134,38) (S 109,222,223) (S 434,247,537) (S 307,537,248) (S 122,248,249) (D 0,0,0)
