77878
7
1780039
750298
 0 1 1 8524 10247  39 (D 0,1,1) (S 10,79,92) (S 213,106,105) (S 233,118,135) (S 260,135,118) (S 231,118,105) (S 211,105,90) (S 147,65,64) (S 144,64,55) (S 131,55,54) (S 129,54,63) (S 143,63,64) (S 130,55,41) (S 103,41,42) (S 105,42,43) (S 107,43,57) (S 133,56,57) (S 132,56,42) (S 104,42,37) (S 102,41,40) (S 99,40,41) (S 106,43,44) (S 109,44,58) (S 135,58,57) (S 134,56,65) (S 185,91,90) (S 184,90,105) (S 212,105,118) (S 232,118,119) (S 235,119,136) (S 236,120,119) (S 234,119,120) (S 237,120,121) (S 240,123,108) (S 195,96,97) (S 197,97,83) (S 11,83,82) (S 169,82,81) (D 0,1,1)
 0 1 2 8941 11040  47 (D 0,1,1) (S 156,73,49) (S 117,49,50) (S 119,50,51) (S 122,51,52) (S 125,52,51) (S 121,51,32) (S 87,32,51) (S 123,51,62) (S 141,62,76) (S 162,76,77) (S 165,78,53) (S 127,53,52) (S 124,52,33) (S 88,33,32) (S 86,32,31) (S 84,30,49) (S 116,49,48) (S 113,47,28) (S 78,28,19) (S 64,19,18) (S 62,18,17) (S 61,17,26) (S 1,4,3) (S 29,3,2) (S 58,15,23) (S 92,35,40) (S 101,41,36) (S 98,40,35) (S 54,14,71) (S 27,71,14) (S 56,14,21) (S 68,21,22) (S 69,22,23) (S 70,23,24) (S 72,24,23) (S 71,23,37) (S 100,40,54) (S 142,63,54) (S 145,64,63) (S 146,64,65) (S 6,65,66) (S 150,67,79) (S 9,79,80) (S 191,94,108) (S 194,95,109) (D 0,1,1)
 0 1 3 8650 10600  49 (D 0,1,1) (S 153,70,48) (S 114,47,46) (S 111,46,59) (S 149,67,68) (S 151,68,59) (S 138,59,67) (S 148,67,59) (S 137,59,60) (S 140,60,69) (S 189,93,107) (S 215,107,93) (S 188,93,94) (S 190,94,95) (S 196,96,110) (S 219,110,125) (S 245,125,139) (S 265,138,154) (S 285,152,153) (S 286,153,152) (S 284,152,122) (S 241,123,124) (S 242,124,125) (S 243,125,124) (S 244,125,126) (S 247,126,140) (S 294,157,156) (S 292,156,157) (S 295,157,158) (S 25,159,160) (S 299,160,161) (S 301,161,160) (S 298,160,144) (S 272,143,142) (S 270,142,158) (S 296,158,157) (S 293,157,141) (S 267,140,156) (S 291,156,155) (S 23,155,154) (S 288,154,153) (S 287,153,154) (S 22,152,151) (S 278,149,136) (S 262,136,137) (S 239,122,123) (S 193,95,96) (S 12,96,82) (D 0,1,1)
 0 1 4 9681 11940  46 (D 0,1,1) (S 154,1,72) (S 155,72,73) (S 8,73,85) (S 170,83,72) (S 118,50,31) (S 83,30,29) (S 81,29,48) (S 115,48,47) (S 112,46,60) (S 139,60,46) (S 110,46,39) (S 97,39,27) (S 76,27,28) (S 79,28,29) (S 80,29,9) (S 44,10,11) (S 51,12,33) (S 89,33,34) (S 90,34,13) (S 52,13,12) (S 49,12,11) (S 47,11,10) (S 45,10,31) (S 85,31,30) (S 82,30,9) (S 40,9,10) (S 43,10,9) (S 41,9,29) (S 39,9,8) (S 37,8,7) (S 66,20,29) (S 42,9,30) (S 120,50,61) (S 175,85,84) (S 171,83,97) (S 198,97,111) (S 221,111,112) (S 222,112,111) (S 220,111,110) (S 218,110,109) (S 216,109,95) (S 192,95,81) (S 167,81,70) (S 7,70,1) (D 0,1,1)
 0 1 5 9481 11296  45 (D 0,1,1) (S 157,73,74) (S 158,74,75) (S 159,75,76) (S 161,76,75) (S 173,84,85) (S 176,85,100) (S 202,100,114) (S 223,112,128) (S 251,128,141) (S 266,140,139) (S 264,138,139) (S 19,139,155) (S 289,155,156) (S 290,156,141) (S 268,141,127) (S 248,127,128) (S 252,128,142) (S 24,158,159) (S 297,159,143) (S 269,142,128) (S 249,128,113) (S 200,99,100) (S 201,100,101) (S 204,101,115) (S 227,115,131) (S 259,134,147) (S 277,147,163) (S 304,163,147) (S 305,163,162) (S 303,162,163) (S 302,162,146) (S 20,145,146) (S 275,146,147) (S 26,162,161) (S 300,161,145) (S 274,145,144) (S 273,144,143) (S 271,143,129) (S 15,130,114) (S 224,113,114) (S 14,113,112) (S 172,84,83) (S 168,82,1) (D 0,1,1)
 0 1 6 8683 10606  40 (D 0,1,1) (S 166,80,93) (S 187,93,92) (S 186,92,91) (S 214,106,120) (S 238,121,151) (S 281,150,149) (S 21,149,148) (S 18,148,135) (S 261,135,136) (S 263,137,120) (S 282,150,151) (S 283,151,150) (S 279,149,150) (S 280,150,137) (S 13,108,109) (S 217,109,124) (S 246,126,127) (S 250,128,129) (S 253,130,131) (S 255,131,132) (S 256,132,131) (S 16,116,132) (S 257,132,133) (S 258,133,134) (S 276,147,134) (S 17,134,117) (S 229,117,104) (S 210,104,117) (S 230,117,116) (S 228,116,102) (S 205,102,103) (S 207,103,88) (S 180,87,102) (S 206,102,115) (S 226,115,130) (S 254,131,130) (S 225,114,113) (S 199,98,84) (D 0,1,1)
 0 1 7 9664 12149  53 (D 0,1,1) (S 152,70,47) (S 136,59,45) (S 5,45,44) (S 108,44,38) (S 96,38,39) (S 77,27,39) (S 95,38,37) (S 94,37,36) (S 93,36,35) (S 4,35,21) (S 67,21,14) (S 55,14,15) (S 57,15,2) (S 28,2,3) (S 30,3,24) (S 73,24,25) (S 31,4,5) (S 32,5,4) (S 3,6,18) (S 63,18,27) (S 75,27,26) (S 74,26,25) (S 35,6,5) (S 34,5,17) (S 60,17,16) (S 59,16,25) (S 33,5,6) (S 2,6,7) (S 36,7,8) (S 65,20,8) (S 38,8,9) (S 46,10,32) (S 48,11,12) (S 50,12,13) (S 53,13,34) (S 126,53,34) (S 91,34,53) (S 128,53,78) (S 208,104,89) (S 209,104,103) (S 181,88,87) (S 179,87,76) (S 177,86,85) (S 174,85,74) (S 160,75,86) (S 178,86,100) (S 203,101,102) (S 164,77,78) (S 182,89,78) (S 183,89,88) (S 163,77,76) (D 0,1,1)
