943468
35
3600361
3243132
 0 1 1 8985 15665  28 (D 0,0,0) (S 404,2,695) (S 405,695,696) (S 79,190,82) (S 28,82,81) (S 267,81,190) (S 268,190,555) (S 269,555,509) (S 232,509,510) (S 420,509,654) (S 367,654,262) (S 430,716,655) (S 368,655,656) (S 546,656,818) (S 369,656,657) (S 463,657,43) (S 592,43,822) (S 551,822,823) (S 550,821,822) (S 30,42,85) (S 31,85,86) (S 160,86,263) (S 108,264,265) (S 109,265,266) (S 110,266,267) (S 376,267,671) (S 461,671,675) (D 0,0,0)
 0 1 2 8994 17521  29 (D 0,0,0) (S 380,180,268) (S 381,675,7) (S 3,6,5) (S 230,5,508) (S 142,343,342) (S 141,341,342) (S 375,670,261) (S 462,260,745) (S 15,43,42) (S 29,42,84) (S 370,84,373) (S 371,373,658) (S 159,373,40) (S 14,40,41) (S 158,372,371) (S 544,817,715) (S 545,512,85) (S 432,86,380) (S 161,86,375) (S 235,375,513) (S 236,513,379) (S 237,379,345) (S 144,345,344) (S 434,344,507) (S 229,177,506) (S 386,431,672) (S 385,674,653) (D 0,0,0)
 0 1 3 8710 13744  26 (D 0,0,0) (S 366,653,63) (S 365,63,8) (S 364,8,555) (S 231,509,5) (S 143,265,344) (S 433,344,380) (S 165,380,379) (S 162,375,370) (S 157,370,369) (S 156,369,368) (S 253,527,535) (S 481,761,762) (S 539,762,525) (S 540,525,14) (S 387,506,346) (S 145,346,347) (S 244,526,525) (S 538,718,762) (S 482,762,673) (S 378,673,524) (S 243,523,522) (S 242,522,521) (S 393,521,677) (S 383,676,677) (D 0,0,0)
 0 1 4 8999 28926  16 (D 0,0,0) (S 377,672,16) (S 568,526,761) (S 569,761,316) (S 325,534,448) (S 194,447,446) (S 60,154,155) (S 246,155,529) (S 247,529,397) (S 327,614,156) (S 326,156,363) (S 317,363,155) (S 245,155,291) (S 388,528,678) (S 116,154,290) (D 0,0,0)
 0 1 5 8989 25344  19 (D 0,0,0) (S 505,446,601) (S 140,337,338) (S 289,574,497) (S 223,497,461) (S 40,100,101) (S 41,101,102) (S 201,461,460) (S 315,99,600) (S 39,99,98) (S 150,98,362) (S 313,362,599) (S 401,599,690) (S 565,357,814) (S 220,494,495) (S 513,788,789) (S 221,495,350) (S 146,350,326) (D 0,0,0)
 0 1 6 8942 19898  17 (D 0,0,0) (S 180,327,415) (S 67,168,169) (S 22,61,62) (S 312,62,167) (S 419,167,705) (S 548,51,794) (S 549,794,819) (S 19,55,54) (S 424,54,703) (S 417,702,701) (S 416,701,579) (S 293,579,438) (S 193,438,437) (S 192,437,436) (S 425,436,329) (D 0,0,0)
 0 1 7 8915 27516  24 (D 0,0,0) (S 294,580,438) (S 350,58,456) (S 351,456,562) (S 276,562,563) (S 352,562,93) (S 454,477,281) (S 455,281,743) (S 114,281,282) (S 115,282,283) (S 435,282,91) (S 33,90,91) (S 34,91,92) (S 212,92,477) (S 211,477,199) (S 83,197,198) (S 84,198,199) (S 210,199,79) (S 395,476,685) (S 85,199,200) (S 479,638,707) (S 478,741,707) (S 191,436,435) (D 0,0,0)
 0 1 8 8569 16809  23 (D 0,0,0) (S 439,727,728) (S 541,728,4) (S 543,733,816) (S 581,816,738) (S 445,738,66) (S 446,66,171) (S 68,170,171) (S 69,171,172) (S 447,171,450) (S 195,450,449) (S 444,449,736) (S 130,312,310) (S 129,310,311) (S 457,313,582) (S 298,582,581) (S 518,581,776) (S 499,776,735) (S 443,735,518) (S 448,519,740) (S 458,739,418) (S 182,418,417) (D 0,0,0)
 0 1 9 8883 22549  21 (D 0,0,0) (S 241,519,518) (S 240,518,517) (S 316,602,604) (S 338,605,628) (S 239,517,516) (S 297,516,581) (S 514,406,70) (S 25,70,71) (S 26,71,72) (S 562,407,71) (S 563,71,829) (S 564,624,830) (S 337,624,623) (S 342,622,505) (S 300,504,584) (S 198,458,459) (S 335,620,621) (S 442,621,734) (S 2,4,3) (D 0,0,0)
 0 1 10 8921 19590  16 (D 0,0,0) (S 1,2,3) (S 441,732,731) (S 459,731,28) (S 10,26,27) (S 483,27,686) (S 372,663,664) (S 547,732,3) (S 510,3,787) (S 23,64,65) (S 542,65,451) (S 427,324,433) (S 426,433,708) (S 574,708,522) (S 384,653,677) (D 0,0,0)
 0 1 11 8899 19869  22 (D 0,0,0) (S 431,719,718) (S 567,718,832) (S 566,832,432) (S 132,319,320) (S 133,320,321) (S 134,321,322) (S 135,322,323) (S 147,358,359) (S 288,359,573) (S 428,709,139) (S 287,573,572) (S 429,572,714) (S 286,572,571) (S 319,472,571) (S 320,571,453) (S 197,453,454) (S 18,53,52) (S 418,607,705) (S 190,434,349) (S 512,495,325) (D 0,0,0)
 0 1 12 8926 18394  19 (D 0,0,0) (S 580,737,583) (S 299,583,504) (S 228,504,505) (S 343,505,632) (S 579,632,583) (S 24,68,69) (S 344,69,405) (S 345,405,633) (S 456,744,633) (S 346,633,627) (S 339,627,629) (S 472,629,634) (S 347,634,515) (S 296,516,332) (S 295,332,580) (S 515,580,331) (S 449,328,519) (D 0,0,0)
 0 1 13 8991 25730  16 (D 0,0,0) (S 575,317,835) (S 324,612,611) (S 498,611,647) (S 394,646,447) (S 504,446,452) (S 196,452,427) (S 503,426,779) (S 502,781,237) (S 98,237,236) (S 488,236,424) (S 487,722,424) (S 186,425,426) (S 252,445,535) (S 379,17,674) (D 0,0,0)
 0 1 14 8962 15191  16 (D 0,0,0) (S 250,191,532) (S 304,532,585) (S 301,585,206) (S 87,206,207) (S 88,207,208) (S 559,208,826) (S 271,306,558) (S 272,558,209) (S 89,209,208) (S 558,208,588) (S 382,589,196) (S 82,196,195) (S 81,195,194) (S 80,193,192) (D 0,0,0)
 0 1 15 8921 19292  14 (D 0,0,0) (S 200,192,355) (S 199,355,459) (S 336,584,622) (S 341,622,195) (S 340,195,590) (S 303,590,589) (S 302,589,588) (S 486,587,300) (S 123,300,301) (S 561,301,827) (S 126,300,306) (S 251,150,532) (D 0,0,0)
 0 1 16 8943 19095  20 (D 0,0,0) (S 511,520,325) (S 136,330,331) (S 137,331,332) (S 138,332,333) (S 238,514,515) (S 348,515,422) (S 185,422,423) (S 349,439,635) (S 21,58,57) (S 20,57,56) (S 516,701,790) (S 517,660,793) (S 507,785,784) (S 509,784,786) (S 506,649,784) (S 508,784,437) (S 460,437,330) (S 181,327,416) (D 0,0,0)
 0 1 17 8990 20722  16 (D 0,0,0) (S 66,167,166) (S 65,166,165) (S 414,165,700) (S 415,700,481) (S 214,59,480) (S 213,479,478) (S 35,92,93) (S 353,93,637) (S 466,637,749) (S 36,93,94) (S 37,94,95) (S 452,95,591) (S 451,591,454) (S 450,53,704) (D 0,0,0)
 0 1 18 8937 26786  15 (D 0,0,0) (S 148,359,360) (S 149,360,361) (S 38,98,97) (S 318,96,606) (S 477,606,741) (S 453,202,145) (S 139,336,144) (S 58,144,145) (S 59,147,148) (S 421,146,201) (S 422,707,94) (S 305,592,593) (S 423,592,455) (D 0,0,0)
 0 1 19 8931 32366  18 (D 0,0,0) (S 314,362,600) (S 227,502,501) (S 9,24,25) (S 440,23,729) (S 330,22,483) (S 215,483,484) (S 331,483,492) (S 219,492,490) (S 332,492,617) (S 333,617,618) (S 334,618,619) (S 480,618,488) (S 222,489,496) (S 396,493,688) (S 397,688,485) (S 398,20,503) (D 0,0,0)
 0 1 20 8970 38525  16 (D 0,0,0) (S 557,667,825) (S 556,825,440) (S 373,665,666) (S 554,693,683) (S 354,640,641) (S 355,641,468) (S 124,302,303) (S 553,303,308) (S 128,308,309) (S 127,307,308) (S 125,303,304) (S 207,304,469) (S 203,466,465) (S 585,464,825) (D 0,0,0)
 0 1 21 8954 34677  17 (D 0,0,0) (S 374,667,442) (S 584,840,441) (S 555,665,662) (S 403,693,694) (S 402,693,466) (S 204,466,467) (S 205,467,468) (S 206,468,469) (S 209,474,475) (S 582,474,839) (S 7,18,19) (S 497,768,19) (S 8,19,20) (S 399,503,203) (S 400,203,689) (D 0,0,0)
 0 1 22 8943 30262  19 (D 0,0,0) (S 501,239,780) (S 99,238,237) (S 489,236,152) (S 490,152,140) (S 57,140,141) (S 491,140,391) (S 492,391,385) (S 167,385,386) (S 168,386,387) (S 174,398,387) (S 169,387,388) (S 170,388,389) (S 171,389,390) (S 249,530,89) (S 226,500,499) (S 225,499,398) (S 224,398,498) (D 0,0,0)
 0 1 23 8983 34971  21 (D 0,0,0) (S 363,395,499) (S 362,499,388) (S 361,388,652) (S 360,651,414) (S 520,652,399) (S 176,401,402) (S 179,401,410) (S 177,410,411) (S 175,399,378) (S 164,378,377) (S 188,377,429) (S 178,412,413) (S 189,412,429) (S 519,429,766) (S 493,766,376) (S 163,376,377) (S 187,428,392) (S 172,392,393) (S 500,777,393) (D 0,0,0)
 0 1 24 8972 34913  24 (D 0,0,0) (S 173,396,397) (S 248,397,89) (S 32,89,88) (S 328,88,597) (S 329,597,615) (S 594,842,680) (S 577,252,802) (S 576,802,726) (S 438,726,421) (S 467,750,751) (S 468,751,752) (S 473,756,420) (S 184,420,161) (S 63,161,162) (S 64,162,163) (S 521,162,795) (S 522,795,796) (S 183,243,161) (S 62,161,128) (S 52,127,128) (S 465,129,748) (S 131,315,246) (D 0,0,0)
 0 1 25 8996 35914  16 (D 0,0,0) (S 391,681,222) (S 390,133,680) (S 106,252,253) (S 105,252,231) (S 95,231,230) (S 94,230,229) (S 122,229,254) (S 107,254,255) (S 578,252,679) (S 389,679,680) (S 598,844,615) (S 311,597,530) (S 234,389,500) (S 233,500,396) (D 0,0,0)
 0 1 26 8997 34895  18 (D 0,0,0) (S 86,204,205) (S 258,540,541) (S 259,541,542) (S 599,846,544) (S 260,544,184) (S 261,184,545) (S 44,109,108) (S 75,108,183) (S 603,849,183) (S 604,183,845) (S 605,845,847) (S 595,843,105) (S 42,104,103) (S 469,103,753) (S 470,754,755) (S 471,755,115) (D 0,0,0)
 0 1 27 8937 35079  15 (D 0,0,0) (S 46,115,114) (S 45,114,113) (S 76,112,185) (S 535,808,809) (S 588,110,809) (S 589,545,109) (S 590,109,45) (S 16,45,46) (S 74,46,108) (S 43,107,106) (S 601,106,847) (S 600,847,544) (S 534,185,114) (D 0,0,0)
 0 1 28 8981 35995  22 (D 0,0,0) (S 117,294,293) (S 155,174,115) (S 49,119,121) (S 50,121,122) (S 51,122,123) (S 485,765,764) (S 573,833,834) (S 586,834,764) (S 484,763,764) (S 587,764,125) (S 529,801,187) (S 528,187,800) (S 527,800,798) (S 526,798,799) (S 570,804,799) (S 523,798,797) (S 530,797,805) (S 597,805,113) (S 596,113,813) (S 606,811,755) (D 0,0,0)
 0 1 29 8919 43805  14 (D 0,0,0) (S 494,49,767) (S 531,74,806) (S 536,806,182) (S 591,812,76) (S 27,76,77) (S 537,812,182) (S 72,181,75) (S 73,182,46) (S 17,46,47) (S 602,47,848) (S 593,841,542) (S 262,548,547) (D 0,0,0)
 0 1 30 8962 30485  20 (D 0,0,0) (S 358,548,537) (S 121,297,298) (S 280,462,219) (S 279,219,211) (S 90,210,211) (S 91,211,212) (S 208,213,470) (S 436,470,540) (S 257,540,158) (S 70,158,173) (S 524,173,596) (S 310,596,565) (S 282,565,225) (S 283,225,566) (S 359,566,644) (S 284,566,547) (S 104,249,250) (S 291,567,577) (D 0,0,0)
 0 1 31 9000 29803  27 (D 0,0,0) (S 93,226,225) (S 92,225,224) (S 281,539,462) (S 202,462,463) (S 309,463,217) (S 308,217,277) (S 112,276,277) (S 113,277,278) (S 307,277,570) (S 277,564,275) (S 278,275,486) (S 218,486,487) (S 217,486,274) (S 216,274,246) (S 474,245,748) (S 475,748,160) (S 476,160,757) (S 437,724,314) (S 61,159,158) (S 256,158,539) (S 357,223,247) (S 102,247,248) (S 103,248,249) (S 285,567,568) (S 292,567,578) (D 0,0,0)
 0 1 32 8998 33039  24 (D 0,0,0) (S 255,537,224) (S 120,297,296) (S 118,296,218) (S 119,218,276) (S 101,245,130) (S 53,130,129) (S 464,129,244) (S 100,244,130) (S 54,130,131) (S 55,131,132) (S 356,642,234) (S 96,232,233) (S 265,233,549) (S 263,549,550) (S 264,551,549) (S 97,132,235) (S 56,132,133) (S 306,595,38) (S 496,712,221) (S 495,221,381) (S 406,381,681) (S 321,287,29) (D 0,0,0)
 0 1 33 8884 33121  22 (D 0,0,0) (S 323,561,365) (S 151,365,257) (S 152,226,367) (S 153,367,293) (S 154,293,174) (S 525,118,799) (S 571,799,121) (S 572,121,33) (S 13,33,32) (S 77,32,12) (S 6,12,13) (S 412,11,188) (S 78,188,189) (S 411,189,698) (S 410,189,10) (S 4,9,10) (S 5,10,11) (S 413,34,120) (S 409,120,35) (S 48,120,119) (D 0,0,0)
 0 1 34 8930 20981  16 (D 0,0,0) (S 275,214,561) (S 583,608,577) (S 290,577,364) (S 254,364,536) (S 408,536,285) (S 407,285,681) (S 392,576,287) (S 266,553,383) (S 166,383,30) (S 12,30,31) (S 11,30,29) (S 322,608,609) (S 560,557,205) (S 552,205,695) (D 0,0,0)
 0 1 35 8784 31996  10 (D 0,0,0) (S 47,116,117) (S 111,227,269) (S 532,348,175) (S 533,175,807) (S 71,175,174) (S 273,560,294) (S 274,258,561) (S 270,557,306) (D 0,0,0)
