943758
35
3601018
3599999
 0 1 1 8978 14149  15 (D 0,0,0) (S 1,2,3) (S 304,532,585) (S 301,585,206) (S 87,206,207) (S 88,207,208) (S 559,208,826) (S 272,558,209) (S 89,209,208) (S 558,208,588) (S 302,588,589) (S 303,589,590) (S 340,590,195) (S 80,193,192) (D 0,0,0)
 0 1 2 8832 19679  19 (D 0,0,0) (S 81,194,195) (S 341,195,622) (S 337,623,624) (S 564,624,830) (S 563,829,71) (S 562,71,407) (S 514,406,70) (S 26,71,72) (S 25,71,70) (S 24,69,68) (S 446,66,171) (S 68,170,171) (S 69,171,172) (S 447,171,450) (S 542,451,65) (S 23,65,64) (S 510,787,3) (D 0,0,0)
 0 1 3 8781 14723  30 (D 0,0,0) (S 380,180,268) (S 381,675,7) (S 461,675,671) (S 376,671,267) (S 110,267,266) (S 109,266,265) (S 143,265,344) (S 144,344,345) (S 237,345,379) (S 165,379,380) (S 236,379,513) (S 235,513,375) (S 161,375,86) (S 160,86,263) (S 108,264,265) (S 142,343,342) (S 141,341,342) (S 375,261,670) (S 462,745,260) (S 230,508,5) (S 3,5,6) (S 231,5,509) (S 232,509,510) (S 269,509,555) (S 364,555,8) (S 365,8,63) (S 366,63,653) (S 384,653,677) (D 0,0,0)
 0 1 4 8969 24606  23 (D 0,0,0) (S 379,674,17) (S 539,525,762) (S 538,762,718) (S 324,612,611) (S 498,611,647) (S 41,101,102) (S 40,100,101) (S 227,501,502) (S 314,600,362) (S 313,599,362) (S 150,362,98) (S 39,98,99) (S 315,99,600) (S 201,460,461) (S 223,461,497) (S 289,497,574) (S 147,359,358) (S 135,322,323) (S 134,322,321) (S 133,321,320) (S 132,320,319) (D 0,0,0)
 0 1 5 8989 24280  18 (D 0,0,0) (S 565,814,357) (S 288,359,573) (S 428,709,139) (S 287,573,572) (S 429,572,714) (S 286,572,571) (S 319,472,571) (S 320,571,453) (S 18,52,53) (S 450,53,704) (S 19,54,55) (S 549,794,819) (S 548,794,51) (S 418,607,705) (S 190,434,349) (S 146,350,326) (D 0,0,0)
 0 1 6 8952 20160  24 (D 0,0,0) (S 511,520,325) (S 180,327,415) (S 191,435,436) (S 193,437,438) (S 293,438,579) (S 416,579,701) (S 20,56,57) (S 21,57,58) (S 349,635,439) (S 185,422,423) (S 348,422,515) (S 347,515,634) (S 472,634,629) (S 339,629,627) (S 346,627,633) (S 456,744,633) (S 129,310,311) (S 130,310,312) (S 195,449,450) (S 444,449,736) (S 458,739,418) (S 182,418,417) (D 0,0,0)
 0 1 7 8916 18021  14 (D 0,0,0) (S 449,519,328) (S 425,329,436) (S 192,436,437) (S 294,438,580) (S 295,580,332) (S 138,332,333) (S 238,514,515) (S 239,516,517) (S 316,602,604) (S 338,605,628) (S 240,517,518) (S 241,518,519) (D 0,0,0)
 0 1 8 9000 17520  25 (D 0,0,0) (S 574,522,708) (S 426,708,433) (S 427,433,324) (S 512,325,495) (S 221,495,350) (S 67,168,169) (S 22,61,62) (S 312,62,167) (S 66,167,166) (S 417,702,701) (S 516,701,790) (S 517,660,793) (S 507,785,784) (S 506,649,784) (S 509,784,786) (S 508,784,437) (S 460,437,330) (S 136,330,331) (S 137,331,332) (S 296,332,516) (S 297,516,581) (S 298,581,582) (S 457,582,313) (D 0,0,0)
 0 1 9 8896 15739  19 (D 0,0,0) (S 543,733,816) (S 581,816,738) (S 445,738,66) (S 580,737,583) (S 299,583,504) (S 579,583,632) (S 343,632,505) (S 228,505,504) (S 300,504,584) (S 336,584,622) (S 342,622,505) (S 344,69,405) (S 345,405,633) (S 518,581,776) (S 499,776,735) (S 443,735,518) (S 448,519,740) (D 0,0,0)
 0 1 10 8987 27138  17 (D 0,0,0) (S 424,703,54) (S 305,592,593) (S 422,94,707) (S 478,741,707) (S 421,201,146) (S 59,147,148) (S 139,336,144) (S 58,144,145) (S 453,145,202) (S 477,741,606) (S 318,606,96) (S 38,97,98) (S 149,361,360) (S 148,360,359) (S 220,494,495) (D 0,0,0)
 0 1 11 8995 31775  20 (D 0,0,0) (S 513,788,789) (S 401,690,599) (S 400,689,203) (S 398,503,20) (S 397,485,688) (S 396,688,493) (S 222,496,489) (S 480,488,618) (S 334,618,619) (S 333,618,617) (S 332,617,492) (S 219,492,490) (S 331,492,483) (S 215,483,484) (S 330,483,22) (S 440,23,729) (S 9,24,25) (S 394,646,447) (D 0,0,0)
 0 1 12 8995 27363  14 (D 0,0,0) (S 196,452,427) (S 186,426,425) (S 487,722,424) (S 488,424,236) (S 98,236,237) (S 502,237,781) (S 503,779,426) (S 504,452,446) (S 505,446,601) (S 140,337,338) (S 194,446,447) (S 566,432,832) (D 0,0,0)
 0 1 13 8914 28943  14 (D 0,0,0) (S 431,719,718) (S 567,718,832) (S 575,317,835) (S 325,534,448) (S 116,290,154) (S 60,154,155) (S 317,155,363) (S 326,363,156) (S 327,156,614) (S 246,529,155) (S 245,155,291) (S 388,528,678) (D 0,0,0)
 0 1 14 8996 33327  25 (D 0,0,0) (S 292,578,567) (S 309,463,217) (S 308,217,277) (S 307,277,570) (S 277,564,275) (S 101,245,130) (S 53,130,129) (S 464,129,244) (S 100,244,130) (S 54,130,131) (S 55,131,132) (S 97,132,235) (S 356,642,234) (S 265,233,549) (S 263,549,550) (S 264,551,549) (S 96,232,233) (S 56,132,133) (S 306,595,38) (S 496,712,221) (S 495,221,381) (S 406,381,681) (S 321,287,29) (D 0,0,0)
 0 1 15 8904 14807  26 (D 0,0,0) (S 385,653,674) (S 386,672,431) (S 229,506,177) (S 434,507,344) (S 433,344,380) (S 432,380,86) (S 31,86,85) (S 15,42,43) (S 550,821,822) (S 551,822,823) (S 592,822,43) (S 463,43,657) (S 369,657,656) (S 546,656,818) (S 368,656,655) (S 430,716,655) (S 367,262,654) (S 420,654,509) (S 268,555,190) (S 79,190,82) (S 28,82,81) (S 267,81,190) (S 405,695,696) (S 404,695,2) (D 0,0,0)
 0 1 16 8939 21767  19 (D 0,0,0) (S 552,695,205) (S 275,214,561) (S 322,609,608) (S 583,608,577) (S 290,577,364) (S 254,364,536) (S 408,536,285) (S 407,285,681) (S 392,576,287) (S 266,553,383) (S 166,383,30) (S 12,30,31) (S 11,30,29) (S 323,561,365) (S 47,117,116) (S 251,150,532) (S 250,532,191) (D 0,0,0)
 0 1 17 8807 23494  16 (D 0,0,0) (S 547,3,732) (S 441,732,731) (S 459,731,28) (S 10,26,27) (S 483,27,686) (S 372,663,664) (S 200,192,355) (S 199,355,459) (S 198,458,459) (S 335,620,621) (S 442,621,734) (S 439,727,728) (S 541,728,4) (S 2,4,3) (D 0,0,0)
 0 1 18 8980 23537  20 (D 0,0,0) (S 419,167,705) (S 197,453,454) (S 451,454,591) (S 452,591,95) (S 37,95,94) (S 479,707,638) (S 85,200,199) (S 395,476,685) (S 210,79,199) (S 84,199,198) (S 83,197,198) (S 211,199,477) (S 212,477,92) (S 213,478,479) (S 214,480,59) (S 415,481,700) (S 414,700,165) (S 65,165,166) (D 0,0,0)
 0 1 19 8963 24642  20 (D 0,0,0) (S 423,455,592) (S 36,94,93) (S 35,93,92) (S 34,92,91) (S 33,90,91) (S 435,91,282) (S 115,282,283) (S 114,282,281) (S 455,281,743) (S 454,281,477) (S 466,637,749) (S 353,637,93) (S 352,93,562) (S 276,562,563) (S 351,562,456) (S 350,456,58) (S 515,580,331) (S 181,327,416) (D 0,0,0)
 0 1 20 8919 38008  17 (D 0,0,0) (S 399,203,503) (S 374,667,442) (S 584,840,441) (S 373,665,666) (S 402,693,466) (S 204,466,467) (S 127,307,308) (S 128,308,309) (S 553,308,303) (S 124,302,303) (S 125,303,304) (S 207,304,469) (S 205,468,467) (S 203,466,465) (S 585,464,825) (D 0,0,0)
 0 1 21 8684 16205  25 (D 0,0,0) (S 393,677,521) (S 242,521,522) (S 243,522,523) (S 378,524,673) (S 482,673,762) (S 481,762,761) (S 569,761,316) (S 568,761,526) (S 156,368,369) (S 157,369,370) (S 162,370,375) (S 14,41,40) (S 159,40,373) (S 371,373,658) (S 370,373,84) (S 29,84,42) (S 30,42,85) (S 545,85,512) (S 544,817,715) (S 158,372,371) (S 145,347,346) (S 387,346,506) (S 383,676,677) (D 0,0,0)
 0 1 22 8884 35194  15 (D 0,0,0) (S 557,667,825) (S 556,825,440) (S 555,665,662) (S 403,693,694) (S 554,693,683) (S 354,640,641) (S 355,641,468) (S 206,468,469) (S 209,474,475) (S 582,474,839) (S 7,18,19) (S 497,768,19) (S 8,19,20) (D 0,0,0)
 0 1 23 8850 19939  12 (D 0,0,0) (S 82,195,196) (S 382,196,589) (S 486,587,300) (S 561,301,827) (S 123,301,300) (S 126,300,306) (S 271,306,558) (S 270,306,557) (S 560,557,205) (S 86,204,205) (D 0,0,0)
 0 1 24 8942 31353  11 (D 0,0,0) (S 274,561,258) (S 273,560,294) (S 117,294,293) (S 154,293,174) (S 71,174,175) (S 533,175,807) (S 532,175,348) (S 111,269,227) (S 151,257,365) (D 0,0,0)
 0 1 25 8938 27938  21 (D 0,0,0) (S 500,777,393) (S 172,393,392) (S 187,392,428) (S 224,498,398) (S 174,398,387) (S 168,387,386) (S 167,386,385) (S 492,385,391) (S 491,391,140) (S 57,140,141) (S 490,140,152) (S 489,152,236) (S 99,237,238) (S 501,239,780) (S 252,445,535) (S 253,535,527) (S 244,526,525) (S 540,525,14) (S 377,16,672) (D 0,0,0)
 0 1 26 8992 31661  24 (D 0,0,0) (S 262,547,548) (S 358,548,537) (S 255,537,224) (S 121,297,298) (S 120,297,296) (S 118,296,218) (S 119,218,276) (S 112,276,277) (S 113,277,278) (S 278,275,486) (S 218,486,487) (S 217,486,274) (S 216,274,246) (S 131,246,315) (S 475,748,160) (S 476,160,757) (S 437,724,314) (S 61,159,158) (S 256,158,539) (S 92,224,225) (S 283,225,566) (S 359,566,644) (D 0,0,0)
 0 1 27 8981 28372  22 (D 0,0,0) (S 291,577,567) (S 285,567,568) (S 104,249,250) (S 103,249,248) (S 102,248,247) (S 357,247,223) (S 281,539,462) (S 202,462,463) (S 280,462,219) (S 279,219,211) (S 90,210,211) (S 91,211,212) (S 208,213,470) (S 436,470,540) (S 257,540,158) (S 70,158,173) (S 524,173,596) (S 310,596,565) (S 282,565,225) (S 93,225,226) (D 0,0,0)
 0 1 28 8988 35498  20 (D 0,0,0) (S 363,395,499) (S 226,499,500) (S 234,500,389) (S 170,389,388) (S 361,388,652) (S 360,651,414) (S 176,401,402) (S 179,401,410) (S 177,410,411) (S 175,399,378) (S 164,378,377) (S 163,377,376) (S 493,376,766) (S 178,412,413) (S 189,412,429) (S 520,399,652) (S 171,390,389) (S 233,500,396) (D 0,0,0)
 0 1 29 8923 35793  16 (D 0,0,0) (S 173,396,397) (S 32,89,88) (S 328,88,597) (S 329,597,615) (S 598,615,844) (S 106,252,253) (S 122,229,254) (S 107,254,255) (S 94,229,230) (S 95,230,231) (S 105,231,252) (S 578,252,679) (S 390,680,133) (S 391,222,681) (D 0,0,0)
 0 1 30 8998 42255  12 (D 0,0,0) (S 284,547,566) (S 469,753,103) (S 42,103,104) (S 494,49,767) (S 72,181,75) (S 537,182,812) (S 591,812,76) (S 27,76,77) (S 589,109,545) (S 261,545,184) (D 0,0,0)
 0 1 31 8986 34859  16 (D 0,0,0) (S 259,541,542) (S 600,544,847) (S 605,847,845) (S 604,845,183) (S 603,849,183) (S 75,183,108) (S 44,108,109) (S 590,109,45) (S 16,45,46) (S 17,46,47) (S 602,47,848) (S 595,105,843) (S 593,841,542) (S 258,541,540) (D 0,0,0)
 0 1 32 8993 35540  26 (D 0,0,0) (S 471,115,755) (S 606,811,755) (S 470,755,754) (S 596,813,113) (S 597,113,805) (S 530,805,797) (S 523,797,798) (S 570,804,799) (S 526,799,798) (S 527,798,800) (S 528,800,187) (S 529,187,801) (S 51,123,122) (S 50,122,121) (S 49,121,119) (S 48,119,120) (S 409,120,35) (S 5,11,10) (S 4,9,10) (S 410,10,189) (S 411,189,698) (S 78,189,188) (S 412,188,11) (S 413,34,120) (D 0,0,0)
 0 1 33 8803 36858  16 (D 0,0,0) (S 525,118,799) (S 571,799,121) (S 572,121,33) (S 13,33,32) (S 77,32,12) (S 6,12,13) (S 485,765,764) (S 573,833,834) (S 586,834,764) (S 484,763,764) (S 587,764,125) (S 588,110,809) (S 535,809,808) (S 534,185,114) (D 0,0,0)
 0 1 34 8957 33571  21 (D 0,0,0) (S 152,226,367) (S 153,367,293) (S 155,174,115) (S 46,115,114) (S 45,114,113) (S 76,112,185) (S 260,184,544) (S 599,846,544) (S 601,847,106) (S 43,106,107) (S 74,108,46) (S 73,46,182) (S 536,182,806) (S 531,806,74) (S 519,766,429) (S 188,429,377) (S 169,387,388) (S 362,388,499) (S 225,499,398) (D 0,0,0)
 0 1 35 8986 35044  24 (D 0,0,0) (S 474,245,748) (S 465,748,129) (S 52,127,128) (S 62,128,161) (S 63,161,162) (S 64,162,163) (S 521,162,795) (S 522,795,796) (S 183,243,161) (S 184,161,420) (S 473,420,756) (S 468,751,752) (S 467,750,751) (S 438,421,726) (S 576,726,802) (S 577,802,252) (S 389,679,680) (S 594,680,842) (S 311,597,530) (S 249,530,89) (S 248,89,397) (S 247,397,529) (D 0,0,0)
