944556
35
3600343
2409957
 0 1 1 8920 18300  19 (D 0,0,0) (S 1,2,3) (S 442,734,621) (S 335,620,621) (S 199,459,355) (S 200,355,192) (S 80,192,193) (S 81,194,195) (S 341,195,622) (S 337,623,624) (S 564,624,830) (S 563,829,71) (S 25,70,71) (S 26,71,72) (S 562,71,407) (S 514,406,70) (S 24,69,68) (S 580,583,737) (D 0,0,0)
 0 1 2 8845 22134  18 (D 0,0,0) (S 458,418,739) (S 444,736,449) (S 195,449,450) (S 447,450,171) (S 69,171,172) (S 68,170,171) (S 446,171,66) (S 445,66,738) (S 581,738,816) (S 543,816,733) (S 459,731,28) (S 10,26,27) (S 372,663,664) (S 483,686,27) (S 441,731,732) (S 547,732,3) (D 0,0,0)
 0 1 3 8938 20362  18 (D 0,0,0) (S 198,458,459) (S 300,584,504) (S 228,504,505) (S 343,505,632) (S 342,505,622) (S 336,622,584) (S 299,504,583) (S 579,583,632) (S 344,69,405) (S 345,405,633) (S 456,744,633) (S 457,582,313) (S 129,310,311) (S 130,310,312) (S 542,451,65) (S 23,65,64) (D 0,0,0)
 0 1 4 8997 16677  28 (D 0,0,0) (S 385,653,674) (S 387,506,346) (S 145,346,347) (S 156,368,369) (S 157,369,370) (S 162,370,375) (S 235,375,513) (S 236,513,379) (S 432,380,86) (S 31,86,85) (S 15,42,43) (S 592,43,822) (S 551,822,823) (S 550,821,822) (S 463,43,657) (S 369,657,656) (S 546,656,818) (S 368,656,655) (S 430,716,655) (S 367,262,654) (S 420,654,509) (S 232,509,510) (S 231,509,5) (S 3,5,6) (S 381,7,675) (S 380,268,180) (D 0,0,0)
 0 1 5 8868 28108  15 (D 0,0,0) (S 116,290,154) (S 60,154,155) (S 317,155,363) (S 326,363,156) (S 327,156,614) (S 246,529,155) (S 245,155,291) (S 388,528,678) (S 252,445,535) (S 253,535,527) (S 244,526,525) (S 540,525,14) (S 379,17,674) (D 0,0,0)
 0 1 6 8987 25559  17 (D 0,0,0) (S 431,719,718) (S 567,718,832) (S 194,447,446) (S 186,426,425) (S 487,722,424) (S 488,424,236) (S 98,236,237) (S 99,237,238) (S 501,239,780) (S 503,779,426) (S 504,452,446) (S 394,447,646) (S 498,647,611) (S 324,611,612) (S 325,448,534) (D 0,0,0)
 0 1 7 8929 20708  19 (D 0,0,0) (S 451,454,591) (S 452,591,95) (S 37,95,94) (S 422,94,707) (S 478,741,707) (S 479,707,638) (S 466,637,749) (S 353,637,93) (S 352,93,562) (S 276,562,563) (S 351,562,456) (S 350,456,58) (S 21,58,57) (S 20,57,56) (S 416,701,579) (S 293,579,438) (S 515,580,331) (D 0,0,0)
 0 1 8 8950 26722  23 (D 0,0,0) (S 449,519,328) (S 36,94,93) (S 35,93,92) (S 212,92,477) (S 210,199,79) (S 395,476,685) (S 85,199,200) (S 83,197,198) (S 84,198,199) (S 211,199,477) (S 454,477,281) (S 455,281,743) (S 114,281,282) (S 115,282,283) (S 435,282,91) (S 33,90,91) (S 34,91,92) (S 213,478,479) (S 214,480,59) (S 415,481,700) (S 241,518,519) (D 0,0,0)
 0 1 9 8875 26373  18 (D 0,0,0) (S 575,317,835) (S 505,446,601) (S 140,337,338) (S 201,460,461) (S 40,100,101) (S 41,101,102) (S 227,501,502) (S 314,600,362) (S 150,362,98) (S 39,98,99) (S 315,99,600) (S 313,362,599) (S 401,599,690) (S 319,472,571) (S 320,571,453) (S 197,453,454) (D 0,0,0)
 0 1 10 8980 17598  20 (D 0,0,0) (S 448,740,519) (S 443,518,735) (S 499,735,776) (S 518,776,581) (S 298,581,582) (S 297,581,516) (S 348,515,422) (S 185,422,423) (S 349,439,635) (S 414,700,165) (S 65,165,166) (S 66,166,167) (S 190,434,349) (S 221,350,495) (S 512,495,325) (S 427,324,433) (S 426,433,708) (S 574,708,522) (D 0,0,0)
 0 1 11 8926 27193  17 (D 0,0,0) (S 566,832,432) (S 502,781,237) (S 489,236,152) (S 490,152,140) (S 57,140,141) (S 491,140,391) (S 492,391,385) (S 167,385,386) (S 168,386,387) (S 169,387,388) (S 170,388,389) (S 234,389,500) (S 226,500,499) (S 363,499,395) (S 196,427,452) (D 0,0,0)
 0 1 12 8957 32002  20 (D 0,0,0) (S 220,495,494) (S 565,814,357) (S 289,574,497) (S 223,497,461) (S 9,24,25) (S 440,23,729) (S 330,22,483) (S 215,483,484) (S 331,483,492) (S 219,492,490) (S 332,492,617) (S 333,617,618) (S 334,618,619) (S 480,618,488) (S 222,489,496) (S 396,493,688) (S 397,688,485) (S 398,20,503) (D 0,0,0)
 0 1 13 8977 36559  15 (D 0,0,0) (S 8,20,19) (S 497,768,19) (S 7,19,18) (S 209,474,475) (S 582,474,839) (S 355,468,641) (S 354,640,641) (S 554,683,693) (S 403,693,694) (S 555,662,665) (S 584,840,441) (S 374,442,667) (S 399,503,203) (D 0,0,0)
 0 1 14 8947 36643  18 (D 0,0,0) (S 400,689,203) (S 557,667,825) (S 556,825,440) (S 373,665,666) (S 402,693,466) (S 204,466,467) (S 205,467,468) (S 206,468,469) (S 207,469,304) (S 125,304,303) (S 553,303,308) (S 128,308,309) (S 127,307,308) (S 124,302,303) (S 203,466,465) (S 585,464,825) (D 0,0,0)
 0 1 15 8966 27664  16 (D 0,0,0) (S 513,788,789) (S 148,359,360) (S 149,360,361) (S 38,98,97) (S 318,96,606) (S 477,606,741) (S 453,202,145) (S 139,336,144) (S 58,144,145) (S 59,147,148) (S 421,146,201) (S 305,592,593) (S 423,592,455) (S 424,54,703) (D 0,0,0)
 0 1 16 8962 16637  16 (D 0,0,0) (S 182,417,418) (S 346,633,627) (S 339,627,629) (S 472,629,634) (S 347,634,515) (S 238,515,514) (S 138,333,332) (S 137,332,331) (S 136,331,330) (S 460,330,437) (S 192,437,436) (S 191,436,435) (S 180,415,327) (S 511,325,520) (D 0,0,0)
 0 1 17 8989 18794  26 (D 0,0,0) (S 393,677,521) (S 240,518,517) (S 338,605,628) (S 316,604,602) (S 239,517,516) (S 296,516,332) (S 295,332,580) (S 294,580,438) (S 193,438,437) (S 508,437,784) (S 509,784,786) (S 506,649,784) (S 507,784,785) (S 517,793,660) (S 516,790,701) (S 417,701,702) (S 450,704,53) (S 18,53,52) (S 418,607,705) (S 419,705,167) (S 312,167,62) (S 22,61,62) (S 67,168,169) (S 146,350,326) (D 0,0,0)
 0 1 18 8993 23642  20 (D 0,0,0) (S 377,672,16) (S 539,525,762) (S 538,762,718) (S 132,319,320) (S 133,320,321) (S 134,321,322) (S 135,322,323) (S 147,358,359) (S 288,359,573) (S 428,709,139) (S 287,573,572) (S 429,572,714) (S 286,572,571) (S 548,51,794) (S 549,794,819) (S 19,55,54) (S 425,436,329) (S 181,327,416) (D 0,0,0)
 0 1 19 8897 16831  25 (D 0,0,0) (S 383,676,677) (S 384,677,653) (S 366,653,63) (S 461,675,671) (S 376,671,267) (S 110,267,266) (S 109,266,265) (S 142,343,342) (S 141,341,342) (S 375,261,670) (S 462,745,260) (S 230,508,5) (S 269,509,555) (S 268,555,190) (S 79,190,82) (S 28,82,81) (S 267,81,190) (S 364,555,8) (S 365,8,63) (S 510,787,3) (S 439,727,728) (S 541,728,4) (S 2,4,3) (D 0,0,0)
 0 1 20 8847 16217  29 (D 0,0,0) (S 386,672,431) (S 229,506,177) (S 434,507,344) (S 144,344,345) (S 237,345,379) (S 165,379,380) (S 433,380,344) (S 143,344,265) (S 108,265,264) (S 160,263,86) (S 161,86,375) (S 545,512,85) (S 30,85,42) (S 29,42,84) (S 370,84,373) (S 371,373,658) (S 159,373,40) (S 14,40,41) (S 544,817,715) (S 158,372,371) (S 568,526,761) (S 569,761,316) (S 481,761,762) (S 482,762,673) (S 378,673,524) (S 243,523,522) (S 242,522,521) (D 0,0,0)
 0 1 21 8826 35672  22 (D 0,0,0) (S 362,499,388) (S 361,388,652) (S 360,651,414) (S 520,652,399) (S 176,401,402) (S 179,401,410) (S 177,410,411) (S 175,399,378) (S 164,378,377) (S 163,377,376) (S 493,376,766) (S 519,766,429) (S 178,412,413) (S 189,412,429) (S 188,429,377) (S 174,387,398) (S 224,398,498) (S 187,428,392) (S 172,392,393) (S 500,777,393) (D 0,0,0)
 0 1 22 8973 15754  12 (D 0,0,0) (S 340,195,590) (S 303,590,589) (S 486,587,300) (S 271,306,558) (S 272,558,209) (S 89,209,208) (S 88,208,207) (S 87,207,206) (S 301,206,585) (S 304,585,532) (D 0,0,0)
 0 1 23 8851 14166  11 (D 0,0,0) (S 82,195,196) (S 382,196,589) (S 302,589,588) (S 558,588,208) (S 559,208,826) (S 270,306,557) (S 560,557,205) (S 552,205,695) (S 404,695,2) (D 0,0,0)
 0 1 24 8927 31983  11 (D 0,0,0) (S 405,695,696) (S 86,204,205) (S 273,560,294) (S 117,294,293) (S 154,293,174) (S 71,174,175) (S 533,175,807) (S 532,175,348) (S 111,269,227) (D 0,0,0)
 0 1 25 8928 35458  24 (D 0,0,0) (S 152,226,367) (S 153,367,293) (S 570,804,799) (S 526,799,798) (S 51,122,123) (S 50,122,121) (S 49,121,119) (S 48,119,120) (S 409,120,35) (S 413,120,34) (S 412,11,188) (S 78,188,189) (S 411,189,698) (S 410,189,10) (S 4,9,10) (S 5,10,11) (S 6,12,13) (S 77,12,32) (S 13,32,33) (S 572,33,121) (S 571,121,799) (S 525,799,118) (D 0,0,0)
 0 1 26 8868 35830  19 (D 0,0,0) (S 46,115,114) (S 45,114,113) (S 597,113,805) (S 530,805,797) (S 523,797,798) (S 527,798,800) (S 528,800,187) (S 529,187,801) (S 485,765,764) (S 573,833,834) (S 586,834,764) (S 484,763,764) (S 587,764,125) (S 588,110,809) (S 535,809,808) (S 76,112,185) (S 534,185,114) (D 0,0,0)
 0 1 27 8986 36205  16 (D 0,0,0) (S 596,113,813) (S 600,544,847) (S 601,847,106) (S 43,106,107) (S 44,108,109) (S 590,109,45) (S 16,45,46) (S 74,46,108) (S 75,108,183) (S 603,849,183) (S 604,183,845) (S 605,845,847) (S 599,846,544) (S 285,567,568) (D 0,0,0)
 0 1 28 8942 33673  26 (D 0,0,0) (S 292,578,567) (S 104,249,250) (S 103,249,248) (S 102,248,247) (S 357,247,223) (S 56,133,132) (S 356,642,234) (S 265,233,549) (S 264,551,549) (S 263,549,550) (S 96,232,233) (S 97,132,235) (S 55,132,131) (S 54,131,130) (S 100,130,244) (S 464,244,129) (S 53,129,130) (S 101,130,245) (S 91,212,211) (S 90,210,211) (S 279,211,219) (S 280,219,462) (S 281,462,539) (S 262,548,547) (D 0,0,0)
 0 1 29 9000 33069  21 (D 0,0,0) (S 358,548,537) (S 256,539,158) (S 257,158,540) (S 258,540,541) (S 469,753,103) (S 42,103,104) (S 494,49,767) (S 536,806,182) (S 73,182,46) (S 17,46,47) (S 602,47,848) (S 595,105,843) (S 593,841,542) (S 259,542,541) (S 470,754,755) (S 606,811,755) (S 471,755,115) (S 155,115,174) (S 274,258,561) (D 0,0,0)
 0 1 30 8983 29949  16 (D 0,0,0) (S 284,547,566) (S 359,566,644) (S 283,566,225) (S 92,225,224) (S 121,297,298) (S 202,463,462) (S 208,213,470) (S 436,470,540) (S 70,158,173) (S 524,173,596) (S 310,596,565) (S 282,565,225) (S 93,225,226) (S 151,257,365) (D 0,0,0)
 0 1 31 8926 32688  29 (D 0,0,0) (S 120,297,296) (S 118,296,218) (S 119,218,276) (S 112,276,277) (S 113,277,278) (S 278,275,486) (S 218,486,487) (S 217,486,274) (S 216,274,246) (S 474,245,748) (S 465,748,129) (S 62,128,161) (S 63,161,162) (S 64,162,163) (S 521,162,795) (S 522,795,796) (S 183,243,161) (S 184,161,420) (S 473,420,756) (S 52,127,128) (S 475,160,748) (S 131,315,246) (S 277,275,564) (S 307,570,277) (S 308,277,217) (S 309,217,463) (S 255,224,537) (D 0,0,0)
 0 1 32 8928 37428  20 (D 0,0,0) (S 61,158,159) (S 476,160,757) (S 437,314,724) (S 467,750,751) (S 468,751,752) (S 438,421,726) (S 576,726,802) (S 577,802,252) (S 106,252,253) (S 122,229,254) (S 107,254,255) (S 94,229,230) (S 95,230,231) (S 105,231,252) (S 578,252,679) (S 389,679,680) (S 391,222,681) (S 291,577,567) (D 0,0,0)
 0 1 33 8839 25499  21 (D 0,0,0) (S 250,191,532) (S 251,532,150) (S 126,306,300) (S 561,301,827) (S 123,301,300) (S 47,116,117) (S 323,365,561) (S 322,609,608) (S 11,29,30) (S 12,30,31) (S 166,30,383) (S 266,553,383) (S 392,287,576) (S 407,681,285) (S 408,285,536) (S 254,536,364) (S 290,364,577) (S 583,577,608) (S 275,561,214) (D 0,0,0)
 0 1 34 8995 30958  20 (D 0,0,0) (S 247,529,397) (S 32,89,88) (S 328,88,597) (S 311,597,530) (S 171,390,389) (S 233,500,396) (S 173,396,397) (S 248,397,89) (S 249,89,530) (S 329,597,615) (S 598,615,844) (S 594,842,680) (S 390,680,133) (S 306,595,38) (S 496,712,221) (S 495,221,381) (S 406,381,681) (S 321,287,29) (D 0,0,0)
 0 1 35 8895 41501  11 (D 0,0,0) (S 225,499,398) (S 531,74,806) (S 72,181,75) (S 537,182,812) (S 591,812,76) (S 27,76,77) (S 589,109,545) (S 261,545,184) (S 260,184,544) (D 0,0,0)
