942449
35
3600281
3426246
 0 1 1 8962 15191  16 (D 0,0,0) (S 250,191,532) (S 304,532,585) (S 301,585,206) (S 87,206,207) (S 88,207,208) (S 559,208,826) (S 271,306,558) (S 272,558,209) (S 89,209,208) (S 558,208,588) (S 382,589,196) (S 82,196,195) (S 81,195,194) (S 80,193,192) (D 0,0,0)
 0 1 2 8988 18871  18 (D 0,0,0) (S 1,2,3) (S 543,733,816) (S 581,816,738) (S 580,737,583) (S 299,583,504) (S 24,68,69) (S 26,71,72) (S 562,71,407) (S 514,406,70) (S 25,70,71) (S 563,71,829) (S 564,624,830) (S 337,624,623) (S 228,505,504) (S 300,504,584) (S 198,458,459) (D 0,0,0)
 0 1 3 8968 23103  20 (D 0,0,0) (S 426,708,433) (S 427,433,324) (S 220,495,494) (S 565,814,357) (S 401,690,599) (S 313,599,362) (S 314,362,600) (S 315,600,99) (S 39,99,98) (S 38,98,97) (S 319,472,571) (S 286,571,572) (S 429,572,714) (S 287,572,573) (S 428,709,139) (S 288,573,359) (S 513,788,789) (S 512,495,325) (D 0,0,0)
 0 1 4 8986 25154  18 (D 0,0,0) (S 566,832,432) (S 324,612,611) (S 498,611,647) (S 394,646,447) (S 196,452,427) (S 186,426,425) (S 487,722,424) (S 488,424,236) (S 98,236,237) (S 502,237,781) (S 504,452,446) (S 252,445,535) (S 253,535,527) (S 244,526,525) (S 540,525,14) (S 379,17,674) (D 0,0,0)
 0 1 5 8922 31550  26 (D 0,0,0) (S 61,158,159) (S 52,128,127) (S 473,756,420) (S 184,420,161) (S 63,161,162) (S 64,162,163) (S 521,162,795) (S 522,795,796) (S 183,243,161) (S 62,161,128) (S 53,129,130) (S 101,130,245) (S 474,245,748) (S 131,315,246) (S 216,246,274) (S 217,274,486) (S 218,486,487) (S 278,486,275) (S 277,275,564) (S 307,570,277) (S 407,681,285) (S 408,285,536) (S 254,536,364) (S 290,364,577) (D 0,0,0)
 0 1 6 8890 30579  15 (D 0,0,0) (S 173,396,397) (S 248,397,89) (S 249,89,530) (S 311,530,597) (S 328,597,88) (S 32,88,89) (S 247,397,529) (S 246,529,155) (S 245,155,291) (S 388,528,678) (S 116,154,290) (S 431,718,719) (S 574,708,522) (D 0,0,0)
 0 1 7 8959 22524  17 (D 0,0,0) (S 450,704,53) (S 18,53,52) (S 197,453,454) (S 451,454,591) (S 452,591,95) (S 37,95,94) (S 36,94,93) (S 353,93,637) (S 466,637,749) (S 479,638,707) (S 422,707,94) (S 305,592,593) (S 423,592,455) (S 191,436,435) (S 511,325,520) (D 0,0,0)
 0 1 8 8991 33311  26 (D 0,0,0) (S 262,547,548) (S 280,462,219) (S 279,219,211) (S 90,210,211) (S 91,211,212) (S 208,213,470) (S 476,757,160) (S 475,160,748) (S 465,748,129) (S 464,129,244) (S 100,244,130) (S 54,130,131) (S 55,131,132) (S 356,642,234) (S 96,232,233) (S 265,233,549) (S 263,549,550) (S 264,551,549) (S 306,595,38) (S 496,712,221) (S 495,221,381) (S 406,381,681) (S 321,287,29) (S 275,561,214) (D 0,0,0)
 0 1 9 8982 32366  19 (D 0,0,0) (S 400,689,203) (S 399,203,503) (S 398,503,20) (S 396,688,493) (S 222,496,489) (S 480,488,618) (S 334,618,619) (S 333,618,617) (S 332,617,492) (S 219,492,490) (S 331,492,483) (S 215,483,484) (S 330,483,22) (S 440,23,729) (S 9,24,25) (S 227,501,502) (S 150,362,98) (D 0,0,0)
 0 1 10 8783 18222  27 (D 0,0,0) (S 229,506,177) (S 434,507,344) (S 433,344,380) (S 432,380,86) (S 29,42,84) (S 370,84,373) (S 371,373,658) (S 159,373,40) (S 14,40,41) (S 158,372,371) (S 544,817,715) (S 545,512,85) (S 31,85,86) (S 160,86,263) (S 108,264,265) (S 462,260,745) (S 375,670,261) (S 141,341,342) (S 142,342,343) (S 230,508,5) (S 461,671,675) (S 380,180,268) (S 366,63,653) (S 384,653,677) (S 383,676,677) (D 0,0,0)
 0 1 11 8965 36718  19 (D 0,0,0) (S 270,306,557) (S 389,680,679) (S 578,679,252) (S 95,231,230) (S 94,230,229) (S 122,229,254) (S 107,254,255) (S 105,231,252) (S 106,252,253) (S 577,252,802) (S 576,802,726) (S 438,726,421) (S 467,750,751) (S 468,751,752) (S 437,724,314) (S 436,470,540) (S 358,537,548) (D 0,0,0)
 0 1 12 8894 37474  17 (D 0,0,0) (S 374,667,442) (S 584,840,441) (S 373,665,666) (S 204,466,467) (S 205,467,468) (S 206,468,469) (S 207,469,304) (S 125,304,303) (S 124,302,303) (S 128,308,309) (S 127,307,308) (S 553,308,303) (S 555,662,665) (S 556,440,825) (S 397,688,485) (D 0,0,0)
 0 1 13 8985 35778  15 (D 0,0,0) (S 557,667,825) (S 585,825,464) (S 203,465,466) (S 402,466,693) (S 403,693,694) (S 554,693,683) (S 354,640,641) (S 355,641,468) (S 582,474,839) (S 209,474,475) (S 7,18,19) (S 497,768,19) (S 8,19,20) (D 0,0,0)
 0 1 14 8988 35498  20 (D 0,0,0) (S 233,396,500) (S 234,500,389) (S 171,389,390) (S 360,651,414) (S 176,401,402) (S 179,401,410) (S 177,410,411) (S 189,429,412) (S 178,412,413) (S 493,766,376) (S 163,376,377) (S 164,377,378) (S 175,378,399) (S 520,399,652) (S 361,652,388) (S 170,388,389) (S 226,500,499) (S 363,499,395) (D 0,0,0)
 0 1 15 8995 37765  22 (D 0,0,0) (S 152,226,367) (S 153,367,293) (S 471,115,755) (S 606,811,755) (S 470,755,754) (S 596,813,113) (S 76,112,185) (S 603,849,183) (S 604,183,845) (S 605,845,847) (S 601,847,106) (S 43,106,107) (S 74,108,46) (S 73,46,182) (S 72,181,75) (S 536,182,806) (S 494,767,49) (S 42,103,104) (S 469,103,753) (S 257,540,158) (D 0,0,0)
 0 1 16 8996 29903  20 (D 0,0,0) (S 121,297,298) (S 120,297,296) (S 118,296,218) (S 119,218,276) (S 112,276,277) (S 113,277,278) (S 308,277,217) (S 309,217,463) (S 202,463,462) (S 281,462,539) (S 70,158,173) (S 524,173,596) (S 310,596,565) (S 282,565,225) (S 283,225,566) (S 359,566,644) (S 284,566,547) (S 292,567,578) (D 0,0,0)
 0 1 17 8961 33929  15 (D 0,0,0) (S 256,539,158) (S 599,846,544) (S 260,544,184) (S 261,184,545) (S 589,545,109) (S 590,109,45) (S 16,45,46) (S 17,46,47) (S 602,47,848) (S 595,105,843) (S 593,841,542) (S 259,542,541) (S 258,541,540) (D 0,0,0)
 0 1 18 8906 22247  16 (D 0,0,0) (S 445,738,66) (S 446,66,171) (S 68,170,171) (S 69,171,172) (S 447,171,450) (S 542,451,65) (S 23,65,64) (S 510,787,3) (S 547,3,732) (S 441,732,731) (S 459,731,28) (S 10,26,27) (S 372,663,664) (S 483,686,27) (D 0,0,0)
 0 1 19 8881 28724  19 (D 0,0,0) (S 503,426,779) (S 501,239,780) (S 99,238,237) (S 489,236,152) (S 490,152,140) (S 57,140,141) (S 491,140,391) (S 492,391,385) (S 167,385,386) (S 168,386,387) (S 169,387,388) (S 362,388,499) (S 225,499,398) (S 224,398,498) (S 187,428,392) (S 172,392,393) (S 500,777,393) (D 0,0,0)
 0 1 20 8936 30352  18 (D 0,0,0) (S 11,29,30) (S 12,30,31) (S 166,30,383) (S 266,553,383) (S 392,287,576) (S 391,681,222) (S 97,132,235) (S 56,132,133) (S 390,133,680) (S 594,680,842) (S 598,844,615) (S 329,615,597) (S 327,614,156) (S 326,156,363) (S 317,363,155) (S 60,155,154) (D 0,0,0)
 0 1 21 8991 23619  21 (D 0,0,0) (S 65,166,165) (S 414,165,700) (S 415,700,481) (S 214,59,480) (S 213,479,478) (S 34,92,91) (S 33,90,91) (S 435,91,282) (S 115,282,283) (S 114,282,281) (S 455,281,743) (S 454,281,477) (S 212,477,92) (S 352,93,562) (S 276,562,563) (S 351,562,456) (S 21,58,57) (S 20,57,56) (S 417,701,702) (D 0,0,0)
 0 1 22 8963 18236  14 (D 0,0,0) (S 137,331,332) (S 138,332,333) (S 238,514,515) (S 348,515,422) (S 185,422,423) (S 347,515,634) (S 472,634,629) (S 339,629,627) (S 297,516,581) (S 518,581,776) (S 499,776,735) (S 443,735,518) (D 0,0,0)
 0 1 23 8925 35866  24 (D 0,0,0) (S 570,804,799) (S 571,799,121) (S 49,121,119) (S 48,119,120) (S 409,120,35) (S 413,120,34) (S 412,11,188) (S 78,188,189) (S 411,189,698) (S 410,189,10) (S 4,9,10) (S 5,10,11) (S 6,12,13) (S 77,12,32) (S 13,32,33) (S 572,33,121) (S 50,121,122) (S 51,122,123) (S 523,798,797) (S 530,797,805) (S 597,805,113) (S 45,113,114) (D 0,0,0)
 0 1 24 8854 17797  26 (D 0,0,0) (S 449,519,328) (S 425,329,436) (S 192,436,437) (S 460,437,330) (S 136,330,331) (S 515,331,580) (S 294,580,438) (S 193,438,437) (S 508,437,784) (S 509,784,786) (S 506,649,784) (S 507,784,785) (S 517,793,660) (S 516,790,701) (S 416,701,579) (S 293,579,438) (S 295,580,332) (S 296,332,516) (S 239,516,517) (S 338,605,628) (S 316,604,602) (S 240,517,518) (S 241,518,519) (S 448,519,740) (D 0,0,0)
 0 1 25 8977 40157  13 (D 0,0,0) (S 600,544,847) (S 75,183,108) (S 44,108,109) (S 27,76,77) (S 591,76,812) (S 537,812,182) (S 531,806,74) (S 519,766,429) (S 188,429,377) (S 174,387,398) (S 325,448,534) (D 0,0,0)
 0 1 26 8944 28823  22 (D 0,0,0) (S 349,439,635) (S 350,58,456) (S 35,93,92) (S 211,477,199) (S 83,197,198) (S 84,198,199) (S 395,476,685) (S 210,79,199) (S 85,199,200) (S 421,201,146) (S 59,147,148) (S 58,145,144) (S 139,336,144) (S 453,145,202) (S 478,741,707) (S 477,741,606) (S 318,606,96) (S 320,571,453) (S 190,434,349) (S 221,350,495) (D 0,0,0)
 0 1 27 8880 34121  18 (D 0,0,0) (S 525,118,799) (S 526,799,798) (S 527,798,800) (S 528,800,187) (S 529,187,801) (S 485,765,764) (S 573,833,834) (S 586,834,764) (S 484,763,764) (S 587,764,125) (S 588,110,809) (S 535,809,808) (S 534,185,114) (S 46,114,115) (S 155,115,174) (S 117,293,294) (D 0,0,0)
 0 1 28 8986 31353  11 (D 0,0,0) (S 323,561,365) (S 151,365,257) (S 111,227,269) (S 532,348,175) (S 533,175,807) (S 71,175,174) (S 154,174,293) (S 273,560,294) (S 274,258,561) (D 0,0,0)
 0 1 29 8858 20213  15 (D 0,0,0) (S 181,416,327) (S 180,327,415) (S 419,705,167) (S 66,167,166) (S 424,703,54) (S 19,54,55) (S 549,794,819) (S 548,794,51) (S 418,607,705) (S 312,167,62) (S 22,61,62) (S 67,168,169) (S 146,350,326) (D 0,0,0)
 0 1 30 8851 15293  26 (D 0,0,0) (S 385,653,674) (S 386,672,431) (S 387,506,346) (S 145,346,347) (S 235,513,375) (S 161,375,86) (S 30,85,42) (S 15,42,43) (S 550,821,822) (S 551,822,823) (S 592,822,43) (S 463,43,657) (S 369,657,656) (S 546,656,818) (S 368,656,655) (S 430,716,655) (S 367,262,654) (S 420,654,509) (S 268,555,190) (S 28,81,82) (S 79,82,190) (S 267,190,81) (S 405,695,696) (S 404,695,2) (D 0,0,0)
 0 1 31 8992 22163  17 (D 0,0,0) (S 47,116,117) (S 93,226,225) (S 92,225,224) (S 255,224,537) (S 357,223,247) (S 102,247,248) (S 103,248,249) (S 104,249,250) (S 285,567,568) (S 291,567,577) (S 583,577,608) (S 322,608,609) (S 560,557,205) (S 86,204,205) (S 552,205,695) (D 0,0,0)
 0 1 32 8875 22811  22 (D 0,0,0) (S 377,672,16) (S 539,525,762) (S 538,762,718) (S 567,718,832) (S 132,319,320) (S 133,320,321) (S 134,321,322) (S 135,322,323) (S 147,358,359) (S 148,359,360) (S 149,360,361) (S 201,460,461) (S 41,101,102) (S 40,101,100) (S 223,461,497) (S 289,497,574) (S 140,337,338) (S 505,601,446) (S 194,446,447) (S 575,317,835) (D 0,0,0)
 0 1 33 8921 19292  14 (D 0,0,0) (S 200,192,355) (S 199,355,459) (S 336,584,622) (S 341,622,195) (S 340,195,590) (S 303,590,589) (S 302,589,588) (S 486,587,300) (S 123,300,301) (S 561,301,827) (S 126,300,306) (S 251,150,532) (D 0,0,0)
 0 1 34 8735 12979  28 (D 0,0,0) (S 365,63,8) (S 364,8,555) (S 269,555,509) (S 232,509,510) (S 231,509,5) (S 3,5,6) (S 381,7,675) (S 376,671,267) (S 110,267,266) (S 109,266,265) (S 143,265,344) (S 144,344,345) (S 237,345,379) (S 165,379,380) (S 236,379,513) (S 162,375,370) (S 157,370,369) (S 156,369,368) (S 568,526,761) (S 569,761,316) (S 481,761,762) (S 482,762,673) (S 378,673,524) (S 243,523,522) (S 242,522,521) (S 393,521,677) (D 0,0,0)
 0 1 35 8927 20467  22 (D 0,0,0) (S 182,417,418) (S 458,418,739) (S 444,736,449) (S 195,449,450) (S 130,312,310) (S 129,310,311) (S 457,313,582) (S 298,582,581) (S 346,627,633) (S 456,744,633) (S 345,633,405) (S 344,405,69) (S 579,583,632) (S 343,632,505) (S 342,505,622) (S 335,620,621) (S 442,621,734) (S 439,727,728) (S 541,728,4) (S 2,4,3) (D 0,0,0)
