945031
36
3600453
3580203
 0 1 1 7113 12312  22 (D 0,0,0) (S 384,677,653) (S 366,653,63) (S 365,63,8) (S 364,8,555) (S 269,555,509) (S 232,509,510) (S 231,509,5) (S 3,5,6) (S 230,5,508) (S 462,260,745) (S 375,670,261) (S 141,341,342) (S 142,342,343) (S 109,265,266) (S 110,266,267) (S 376,267,671) (S 461,671,675) (S 381,675,7) (S 380,268,180) (S 385,674,653) (D 0,0,0)
 0 1 2 8940 19994  11 (D 0,0,0) (S 511,520,325) (S 136,330,331) (S 138,332,333) (S 238,514,515) (S 346,627,633) (S 456,744,633) (S 345,633,405) (S 344,405,69) (S 228,505,504) (D 0,0,0)
 0 1 3 8188 16046  28 (D 0,0,0) (S 386,672,431) (S 229,506,177) (S 434,507,344) (S 433,344,380) (S 165,380,379) (S 237,379,345) (S 236,379,513) (S 235,513,375) (S 161,375,86) (S 432,86,380) (S 545,85,512) (S 544,817,715) (S 14,40,41) (S 29,42,84) (S 370,84,373) (S 371,373,658) (S 159,373,40) (S 158,372,371) (S 162,375,370) (S 157,370,369) (S 156,369,368) (S 253,527,535) (S 481,761,762) (S 482,762,673) (S 378,673,524) (S 243,523,522) (D 0,0,0)
 0 1 4 9000 38225  17 (D 0,0,0) (S 374,667,442) (S 584,840,441) (S 555,665,662) (S 403,693,694) (S 554,693,683) (S 124,302,303) (S 127,307,308) (S 128,308,309) (S 553,308,303) (S 125,303,304) (S 207,304,469) (S 204,467,466) (S 203,466,465) (S 585,464,825) (S 557,825,667) (D 0,0,0)
 0 1 5 8993 24244  25 (D 0,0,0) (S 415,700,481) (S 214,59,480) (S 213,479,478) (S 34,92,91) (S 33,90,91) (S 435,91,282) (S 115,282,283) (S 114,282,281) (S 455,281,743) (S 454,281,477) (S 212,477,92) (S 352,93,562) (S 276,562,563) (S 351,562,456) (S 350,456,58) (S 21,58,57) (S 20,57,56) (S 516,701,790) (S 517,660,793) (S 507,785,784) (S 506,649,784) (S 509,784,786) (S 508,784,437) (D 0,0,0)
 0 1 6 8599 16529  22 (D 0,0,0) (S 383,676,677) (S 393,677,521) (S 448,740,519) (S 241,519,518) (S 240,518,517) (S 338,605,628) (S 316,604,602) (S 239,517,516) (S 295,332,580) (S 294,438,580) (S 515,580,331) (S 137,331,332) (S 296,332,516) (S 297,516,581) (S 518,581,776) (S 499,776,735) (S 443,735,518) (S 449,519,328) (S 427,324,433) (S 426,433,708) (D 0,0,0)
 0 1 7 5121 15140  8 (D 0,0,0) (S 459,731,28) (S 10,26,27) (S 372,663,664) (S 483,686,27) (S 441,731,732) (S 547,732,3) (D 0,0,0)
 0 1 8 8994 21813  17 (D 0,0,0) (S 86,204,205) (S 560,205,557) (S 322,609,608) (S 583,608,577) (S 290,577,364) (S 254,364,536) (S 408,536,285) (S 407,285,681) (S 392,576,287) (S 266,553,383) (S 166,383,30) (S 12,30,31) (S 11,30,29) (S 552,205,695) (S 405,695,696) (D 0,0,0)
 0 1 9 8877 33323  29 (D 0,0,0) (S 285,567,568) (S 255,537,224) (S 280,462,219) (S 279,219,211) (S 90,210,211) (S 91,211,212) (S 208,213,470) (S 437,314,724) (S 476,757,160) (S 52,128,127) (S 473,756,420) (S 184,420,161) (S 63,161,162) (S 64,162,163) (S 521,162,795) (S 522,795,796) (S 183,243,161) (S 62,161,128) (S 465,129,748) (S 131,315,246) (S 216,246,274) (S 217,274,486) (S 218,486,487) (S 278,486,275) (S 277,275,564) (S 307,570,277) (S 308,277,217) (D 0,0,0)
 0 1 10 8745 36675  15 (D 0,0,0) (S 605,847,845) (S 604,845,183) (S 603,849,183) (S 75,183,108) (S 44,108,109) (S 590,109,45) (S 16,45,46) (S 73,46,182) (S 536,182,806) (S 531,806,74) (S 494,767,49) (S 42,103,104) (S 469,103,753) (D 0,0,0)
 0 1 11 8306 14615  20 (D 0,0,0) (S 510,3,787) (S 23,64,65) (S 542,65,451) (S 444,449,736) (S 129,310,311) (S 130,310,312) (S 195,449,450) (S 447,450,171) (S 68,170,171) (S 69,171,172) (S 446,171,66) (S 445,66,738) (S 581,738,816) (S 543,816,733) (S 541,4,728) (S 439,727,728) (S 2,4,3) (S 1,3,2) (D 0,0,0)
 0 1 12 8769 32078  20 (D 0,0,0) (S 256,539,158) (S 257,158,540) (S 258,540,541) (S 259,541,542) (S 593,542,841) (S 595,843,105) (S 602,47,848) (S 17,47,46) (S 74,46,108) (S 43,107,106) (S 601,106,847) (S 600,847,544) (S 599,846,544) (S 260,544,184) (S 534,185,114) (S 46,114,115) (S 153,293,367) (S 152,367,226) (D 0,0,0)
 0 1 13 8714 18231  20 (D 0,0,0) (S 146,326,350) (S 67,168,169) (S 22,61,62) (S 312,62,167) (S 66,167,166) (S 65,166,165) (S 414,165,700) (S 349,635,439) (S 185,422,423) (S 348,422,515) (S 347,515,634) (S 472,634,629) (S 339,629,627) (S 298,581,582) (S 457,582,313) (S 458,739,418) (S 182,418,417) (S 242,521,522) (D 0,0,0)
 0 1 14 8798 33579  23 (D 0,0,0) (S 48,119,120) (S 409,120,35) (S 5,11,10) (S 4,9,10) (S 410,10,189) (S 411,189,698) (S 78,189,188) (S 412,188,11) (S 413,34,120) (S 49,119,121) (S 50,121,122) (S 51,122,123) (S 527,800,798) (S 523,798,797) (S 530,797,805) (S 597,805,113) (S 596,113,813) (S 470,754,755) (S 606,811,755) (S 471,755,115) (S 155,115,174) (D 0,0,0)
 0 1 15 8973 38706  20 (D 0,0,0) (S 274,561,258) (S 526,799,798) (S 528,800,187) (S 529,187,801) (S 535,808,809) (S 588,809,110) (S 587,125,764) (S 586,764,834) (S 573,833,834) (S 484,763,764) (S 485,764,765) (S 77,32,12) (S 6,12,13) (S 13,32,33) (S 572,33,121) (S 571,121,799) (S 570,804,799) (S 525,799,118) (D 0,0,0)
 0 1 16 8803 17742  18 (D 0,0,0) (S 512,325,495) (S 221,495,350) (S 190,349,434) (S 418,705,607) (S 548,51,794) (S 549,794,819) (S 19,55,54) (S 424,54,703) (S 417,702,701) (S 416,701,579) (S 293,579,438) (S 193,438,437) (S 192,437,436) (S 191,436,435) (S 180,415,327) (S 181,327,416) (D 0,0,0)
 0 1 17 8984 35516  22 (D 0,0,0) (S 566,832,432) (S 362,499,388) (S 360,651,414) (S 176,401,402) (S 179,401,410) (S 177,410,411) (S 175,399,378) (S 164,378,377) (S 163,377,376) (S 493,376,766) (S 519,766,429) (S 189,429,412) (S 178,412,413) (S 520,399,652) (S 361,652,388) (S 169,388,387) (S 224,398,498) (S 187,428,392) (S 172,392,393) (S 500,777,393) (D 0,0,0)
 0 1 18 8964 27489  17 (D 0,0,0) (S 60,154,155) (S 246,155,529) (S 233,396,500) (S 225,499,398) (S 174,398,387) (S 168,387,386) (S 167,386,385) (S 492,385,391) (S 491,391,140) (S 57,140,141) (S 490,140,152) (S 489,152,236) (S 98,236,237) (S 502,237,781) (S 325,448,534) (D 0,0,0)
 0 1 19 8985 35882  15 (D 0,0,0) (S 513,788,789) (S 556,825,440) (S 373,665,666) (S 402,693,466) (S 205,467,468) (S 354,640,641) (S 355,641,468) (S 206,468,469) (S 209,474,475) (S 582,474,839) (S 7,18,19) (S 497,768,19) (S 8,19,20) (D 0,0,0)
 0 1 20 8949 40791  12 (D 0,0,0) (S 188,377,429) (S 72,181,75) (S 537,182,812) (S 27,76,77) (S 591,76,812) (S 589,109,545) (S 261,545,184) (S 76,185,112) (S 45,113,114) (S 117,293,294) (D 0,0,0)
 0 1 21 8921 28058  23 (D 0,0,0) (S 284,547,566) (S 359,566,644) (S 283,566,225) (S 282,225,565) (S 310,565,596) (S 524,596,173) (S 70,173,158) (S 61,158,159) (S 475,160,748) (S 474,748,245) (S 101,245,130) (S 53,130,129) (S 464,129,244) (S 100,244,130) (S 54,130,131) (S 55,131,132) (S 306,595,38) (S 496,712,221) (S 495,221,381) (S 406,381,681) (S 321,287,29) (D 0,0,0)
 0 1 22 8890 28643  20 (D 0,0,0) (S 270,306,557) (S 275,214,561) (S 292,578,567) (S 104,249,250) (S 262,547,548) (S 358,548,537) (S 121,297,298) (S 120,297,296) (S 118,296,218) (S 119,218,276) (S 112,276,277) (S 113,277,278) (S 309,217,463) (S 202,463,462) (S 281,462,539) (S 92,224,225) (S 93,225,226) (S 47,117,116) (D 0,0,0)
 0 1 23 8929 34715  19 (D 0,0,0) (S 173,396,397) (S 248,397,89) (S 32,89,88) (S 328,88,597) (S 311,530,597) (S 329,597,615) (S 598,615,844) (S 594,842,680) (S 390,680,133) (S 97,132,235) (S 96,232,233) (S 263,549,550) (S 264,551,549) (S 265,549,233) (S 356,642,234) (S 56,132,133) (S 391,222,681) (D 0,0,0)
 0 1 24 8963 26514  19 (D 0,0,0) (S 220,495,494) (S 565,814,357) (S 288,359,573) (S 428,709,139) (S 287,573,572) (S 429,572,714) (S 286,572,571) (S 319,571,472) (S 38,97,98) (S 150,98,362) (S 313,599,362) (S 314,362,600) (S 201,460,461) (S 223,461,497) (S 289,497,574) (S 140,337,338) (S 505,601,446) (D 0,0,0)
 0 1 25 8721 22297  25 (D 0,0,0) (S 145,346,347) (S 568,526,761) (S 569,761,316) (S 575,317,835) (S 324,612,611) (S 498,611,647) (S 40,100,101) (S 41,101,102) (S 227,501,502) (S 315,600,99) (S 39,99,98) (S 149,361,360) (S 148,360,359) (S 147,359,358) (S 135,322,323) (S 134,322,321) (S 133,321,320) (S 132,320,319) (S 567,832,718) (S 538,718,762) (S 539,762,525) (S 540,525,14) (S 377,16,672) (D 0,0,0)
 0 1 26 8858 24366  15 (D 0,0,0) (S 379,674,17) (S 244,525,526) (S 252,535,445) (S 194,447,446) (S 196,452,427) (S 186,426,425) (S 487,722,424) (S 488,424,236) (S 99,237,238) (S 501,239,780) (S 503,779,426) (S 504,452,446) (S 431,718,719) (D 0,0,0)
 0 1 27 8983 37175  20 (D 0,0,0) (S 291,577,567) (S 103,249,248) (S 102,248,247) (S 357,247,223) (S 389,680,679) (S 578,679,252) (S 105,252,231) (S 122,229,254) (S 107,254,255) (S 94,229,230) (S 95,230,231) (S 106,252,253) (S 577,252,802) (S 576,802,726) (S 438,726,421) (S 467,750,751) (S 468,751,752) (S 436,470,540) (D 0,0,0)
 0 1 28 8957 29082  20 (D 0,0,0) (S 450,704,53) (S 18,53,52) (S 320,453,571) (S 318,96,606) (S 477,606,741) (S 453,202,145) (S 139,336,144) (S 58,144,145) (S 59,147,148) (S 421,146,201) (S 85,200,199) (S 395,476,685) (S 210,79,199) (S 83,197,198) (S 84,198,199) (S 211,199,477) (S 35,92,93) (S 460,437,330) (D 0,0,0)
 0 1 29 8946 30897  21 (D 0,0,0) (S 574,522,708) (S 394,447,646) (S 9,24,25) (S 440,23,729) (S 330,22,483) (S 215,483,484) (S 331,483,492) (S 219,492,490) (S 332,492,617) (S 333,617,618) (S 334,618,619) (S 480,618,488) (S 222,489,496) (S 396,493,688) (S 397,688,485) (S 398,20,503) (S 399,503,203) (S 400,203,689) (S 401,599,690) (D 0,0,0)
 0 1 30 8810 20158  14 (D 0,0,0) (S 442,734,621) (S 335,620,621) (S 336,584,622) (S 341,622,195) (S 82,195,196) (S 382,196,589) (S 486,587,300) (S 561,301,827) (S 123,301,300) (S 126,300,306) (S 271,306,558) (S 251,150,532) (D 0,0,0)
 0 1 31 8731 14149  16 (D 0,0,0) (S 250,191,532) (S 304,532,585) (S 301,585,206) (S 87,206,207) (S 88,207,208) (S 89,208,209) (S 272,209,558) (S 559,826,208) (S 558,208,588) (S 302,588,589) (S 303,589,590) (S 340,590,195) (S 81,195,194) (S 80,193,192) (D 0,0,0)
 0 1 32 8997 31693  15 (D 0,0,0) (S 116,290,154) (S 388,528,678) (S 245,291,155) (S 317,155,363) (S 326,363,156) (S 327,156,614) (S 247,529,397) (S 249,89,530) (S 171,390,389) (S 170,388,389) (S 234,389,500) (S 226,500,499) (S 363,499,395) (D 0,0,0)
 0 1 33 8985 22734  16 (D 0,0,0) (S 425,329,436) (S 423,455,592) (S 305,592,593) (S 422,94,707) (S 478,741,707) (S 479,707,638) (S 466,637,749) (S 353,637,93) (S 36,93,94) (S 37,94,95) (S 452,95,591) (S 451,591,454) (S 197,454,453) (S 419,705,167) (D 0,0,0)
 0 1 34 8647 19513  19 (D 0,0,0) (S 580,737,583) (S 579,583,632) (S 343,632,505) (S 342,505,622) (S 337,623,624) (S 564,624,830) (S 563,829,71) (S 26,71,72) (S 514,70,406) (S 562,407,71) (S 25,71,70) (S 24,69,68) (S 299,583,504) (S 300,504,584) (S 198,458,459) (S 199,459,355) (S 200,355,192) (D 0,0,0)
 0 1 35 8844 31353  10 (D 0,0,0) (S 273,560,294) (S 154,293,174) (S 71,174,175) (S 533,175,807) (S 532,175,348) (S 111,269,227) (S 151,257,365) (S 323,365,561) (D 0,0,0)
 0 1 36 8620 14754  25 (D 0,0,0) (S 387,506,346) (S 144,345,344) (S 143,344,265) (S 108,265,264) (S 160,263,86) (S 31,86,85) (S 30,85,42) (S 15,42,43) (S 550,821,822) (S 551,822,823) (S 592,822,43) (S 463,43,657) (S 369,657,656) (S 546,656,818) (S 368,656,655) (S 430,716,655) (S 367,262,654) (S 420,654,509) (S 268,555,190) (S 267,190,81) (S 28,81,82) (S 79,82,190) (S 404,695,2) (D 0,0,0)
