949090
36
3600390
3403156
 0 1 1 8847 22043  18 (D 0,0,0) (S 182,417,418) (S 458,418,739) (S 457,313,582) (S 456,744,633) (S 345,633,405) (S 344,405,69) (S 514,70,406) (S 562,407,71) (S 26,71,72) (S 25,70,71) (S 563,71,829) (S 564,624,830) (S 337,624,623) (S 342,622,505) (S 24,69,68) (S 299,583,504) (D 0,0,0)
 0 1 2 5946 15140  9 (D 0,0,0) (S 547,3,732) (S 441,732,731) (S 372,663,664) (S 483,686,27) (S 10,26,27) (S 459,28,731) (S 1,3,2) (D 0,0,0)
 0 1 3 8777 14686  13 (D 0,0,0) (S 80,192,193) (S 340,195,590) (S 303,590,589) (S 302,589,588) (S 558,588,208) (S 559,208,826) (S 271,558,306) (S 270,306,557) (S 560,557,205) (S 86,204,205) (S 552,205,695) (D 0,0,0)
 0 1 4 8958 29988  24 (D 0,0,0) (S 103,249,248) (S 102,248,247) (S 357,247,223) (S 256,539,158) (S 257,158,540) (S 436,540,470) (S 208,470,213) (S 91,212,211) (S 90,210,211) (S 279,211,219) (S 280,219,462) (S 202,462,463) (S 309,463,217) (S 308,217,277) (S 113,277,278) (S 112,277,276) (S 119,276,218) (S 118,218,296) (S 120,296,297) (S 121,297,298) (S 255,224,537) (S 358,537,548) (D 0,0,0)
 0 1 5 8828 30155  21 (D 0,0,0) (S 282,225,565) (S 310,565,596) (S 524,596,173) (S 70,173,158) (S 61,158,159) (S 62,128,161) (S 183,161,243) (S 522,796,795) (S 521,795,162) (S 64,162,163) (S 63,162,161) (S 184,161,420) (S 473,420,756) (S 52,127,128) (S 53,129,130) (S 101,130,245) (S 216,246,274) (S 307,277,570) (S 321,287,29) (D 0,0,0)
 0 1 6 8861 15670  13 (D 0,0,0) (S 304,532,585) (S 301,585,206) (S 87,206,207) (S 88,207,208) (S 89,208,209) (S 272,209,558) (S 126,306,300) (S 486,300,587) (S 382,589,196) (S 82,196,195) (S 81,195,194) (D 0,0,0)
 0 1 7 8803 36858  16 (D 0,0,0) (S 534,114,185) (S 535,808,809) (S 588,809,110) (S 587,125,764) (S 586,764,834) (S 573,833,834) (S 484,763,764) (S 485,764,765) (S 6,12,13) (S 77,12,32) (S 13,32,33) (S 572,33,121) (S 571,121,799) (S 525,799,118) (D 0,0,0)
 0 1 8 8765 35039  26 (D 0,0,0) (S 152,226,367) (S 153,367,293) (S 48,119,120) (S 413,120,34) (S 5,11,10) (S 4,9,10) (S 410,10,189) (S 411,189,698) (S 78,189,188) (S 412,188,11) (S 409,35,120) (S 49,119,121) (S 50,121,122) (S 51,122,123) (S 529,801,187) (S 528,187,800) (S 527,800,798) (S 570,804,799) (S 526,799,798) (S 523,798,797) (S 530,797,805) (S 597,805,113) (S 596,113,813) (S 606,811,755) (D 0,0,0)
 0 1 9 8915 31353  11 (D 0,0,0) (S 323,561,365) (S 111,227,269) (S 532,348,175) (S 533,175,807) (S 71,175,174) (S 154,174,293) (S 117,293,294) (S 273,560,294) (S 274,258,561) (D 0,0,0)
 0 1 10 8954 32645  20 (D 0,0,0) (S 150,98,362) (S 314,362,600) (S 9,24,25) (S 440,23,729) (S 330,22,483) (S 215,483,484) (S 331,483,492) (S 219,492,490) (S 332,492,617) (S 333,617,618) (S 334,618,619) (S 480,618,488) (S 222,489,496) (S 396,493,688) (S 398,20,503) (S 399,503,203) (S 313,599,362) (S 401,599,690) (D 0,0,0)
 0 1 11 8933 16990  18 (D 0,0,0) (S 510,3,787) (S 580,737,583) (S 579,583,632) (S 343,632,505) (S 228,505,504) (S 300,504,584) (S 336,584,622) (S 341,622,195) (S 200,192,355) (S 199,355,459) (S 198,458,459) (S 335,620,621) (S 442,621,734) (S 439,727,728) (S 541,728,4) (S 2,4,3) (D 0,0,0)
 0 1 12 9000 15685  25 (D 0,0,0) (S 386,672,431) (S 229,506,177) (S 434,507,344) (S 144,344,345) (S 237,345,379) (S 235,513,375) (S 161,375,86) (S 433,380,344) (S 143,344,265) (S 142,343,342) (S 141,341,342) (S 375,670,261) (S 462,260,745) (S 463,43,657) (S 369,657,656) (S 546,656,818) (S 368,656,655) (S 430,716,655) (S 367,262,654) (S 420,654,509) (S 364,555,8) (S 365,8,63) (S 366,63,653) (D 0,0,0)
 0 1 13 8888 33214  24 (D 0,0,0) (S 290,577,364) (S 254,364,536) (S 408,536,285) (S 407,285,681) (S 391,681,222) (S 56,133,132) (S 97,132,235) (S 96,232,233) (S 263,549,550) (S 264,551,549) (S 265,549,233) (S 356,642,234) (S 55,132,131) (S 54,131,130) (S 100,130,244) (S 464,244,129) (S 465,129,748) (S 131,315,246) (S 217,274,486) (S 218,486,487) (S 278,486,275) (S 277,275,564) (D 0,0,0)
 0 1 14 8859 24465  21 (D 0,0,0) (S 419,167,705) (S 18,52,53) (S 197,454,453) (S 320,453,571) (S 318,96,606) (S 477,606,741) (S 478,741,707) (S 479,707,638) (S 85,200,199) (S 210,199,79) (S 395,476,685) (S 84,199,198) (S 83,197,198) (S 211,199,477) (S 213,478,479) (S 214,480,59) (S 415,481,700) (S 414,700,165) (S 65,165,166) (D 0,0,0)
 0 1 15 7634 25493  17 (D 0,0,0) (S 275,214,561) (S 322,609,608) (S 583,608,577) (S 291,577,567) (S 285,567,568) (S 104,249,250) (S 359,566,644) (S 283,566,225) (S 93,225,226) (S 151,257,365) (S 47,117,116) (S 123,300,301) (S 561,301,827) (S 251,150,532) (S 250,532,191) (D 0,0,0)
 0 1 16 8897 37663  21 (D 0,0,0) (S 389,680,679) (S 578,679,252) (S 105,252,231) (S 107,254,255) (S 122,254,229) (S 94,229,230) (S 95,230,231) (S 106,252,253) (S 577,252,802) (S 576,802,726) (S 438,726,421) (S 468,751,752) (S 467,750,751) (S 437,314,724) (S 476,757,160) (S 475,160,748) (S 474,748,245) (S 281,462,539) (S 262,548,547) (D 0,0,0)
 0 1 17 8837 32261  22 (D 0,0,0) (S 155,174,115) (S 46,115,114) (S 45,114,113) (S 76,112,185) (S 260,184,544) (S 599,846,544) (S 600,544,847) (S 605,847,845) (S 604,845,183) (S 603,849,183) (S 75,183,108) (S 43,107,106) (S 601,106,847) (S 595,843,105) (S 42,104,103) (S 469,103,753) (S 258,541,540) (S 92,224,225) (S 284,566,547) (S 292,567,578) (D 0,0,0)
 0 1 18 8876 17315  26 (D 0,0,0) (S 242,522,521) (S 511,520,325) (S 180,327,415) (S 191,435,436) (S 192,436,437) (S 508,437,784) (S 507,784,785) (S 506,649,784) (S 509,784,786) (S 193,437,438) (S 515,580,331) (S 137,331,332) (S 296,332,516) (S 297,516,581) (S 298,581,582) (S 129,310,311) (S 130,310,312) (S 447,450,171) (S 68,170,171) (S 69,171,172) (S 446,171,66) (S 445,66,738) (S 581,738,816) (S 543,816,733) (D 0,0,0)
 0 1 19 8978 28157  20 (D 0,0,0) (S 503,426,779) (S 501,239,780) (S 99,238,237) (S 489,236,152) (S 490,152,140) (S 57,140,141) (S 491,140,391) (S 492,391,385) (S 167,385,386) (S 168,386,387) (S 226,499,500) (S 234,500,389) (S 170,389,388) (S 362,388,499) (S 363,499,395) (S 253,535,527) (S 145,347,346) (S 387,346,506) (D 0,0,0)
 0 1 20 9000 36860  17 (D 0,0,0) (S 556,825,440) (S 403,693,694) (S 124,302,303) (S 127,307,308) (S 128,308,309) (S 553,308,303) (S 125,303,304) (S 207,304,469) (S 205,468,467) (S 204,467,466) (S 203,466,465) (S 585,464,825) (S 557,825,667) (S 397,688,485) (S 400,203,689) (D 0,0,0)
 0 1 21 8986 25107  21 (D 0,0,0) (S 37,95,94) (S 36,94,93) (S 35,93,92) (S 212,92,477) (S 454,477,281) (S 455,281,743) (S 114,281,282) (S 115,282,283) (S 435,282,91) (S 33,90,91) (S 34,91,92) (S 353,93,637) (S 466,637,749) (S 352,93,562) (S 276,562,563) (S 351,562,456) (S 350,456,58) (S 517,660,793) (S 460,437,330) (D 0,0,0)
 0 1 22 8972 40959  11 (D 0,0,0) (S 259,541,542) (S 593,542,841) (S 602,47,848) (S 17,47,46) (S 16,46,45) (S 591,812,76) (S 27,76,77) (S 537,812,182) (S 494,767,49) (D 0,0,0)
 0 1 23 5616 9476  20 (D 0,0,0) (S 383,676,677) (S 384,677,653) (S 385,653,674) (S 380,180,268) (S 376,267,671) (S 461,671,675) (S 381,675,7) (S 3,6,5) (S 230,508,5) (S 231,5,509) (S 232,509,510) (S 269,509,555) (S 268,555,190) (S 28,81,82) (S 79,82,190) (S 267,190,81) (S 405,695,696) (S 404,695,2) (D 0,0,0)
 0 1 24 8957 20780  23 (D 0,0,0) (S 568,526,761) (S 252,535,445) (S 324,612,611) (S 498,611,647) (S 394,646,447) (S 505,446,601) (S 140,337,338) (S 289,574,497) (S 223,497,461) (S 201,461,460) (S 149,361,360) (S 148,360,359) (S 134,322,321) (S 133,321,320) (S 132,320,319) (S 566,432,832) (S 567,832,718) (S 538,718,762) (S 482,762,673) (S 378,673,524) (S 243,523,522) (D 0,0,0)
 0 1 25 8662 21709  18 (D 0,0,0) (S 146,326,350) (S 190,349,434) (S 418,705,607) (S 548,51,794) (S 549,794,819) (S 19,54,55) (S 20,56,57) (S 21,57,58) (S 349,635,439) (S 185,422,423) (S 348,422,515) (S 239,516,517) (S 338,605,628) (S 316,604,602) (S 240,517,518) (S 241,518,519) (D 0,0,0)
 0 1 26 8849 32902  14 (D 0,0,0) (S 173,396,397) (S 233,396,500) (S 171,389,390) (S 311,530,597) (S 328,597,88) (S 32,88,89) (S 327,614,156) (S 326,156,363) (S 317,363,155) (S 245,155,291) (S 388,528,678) (S 116,154,290) (D 0,0,0)
 0 1 27 9000 36413  16 (D 0,0,0) (S 374,667,442) (S 584,840,441) (S 373,665,666) (S 555,665,662) (S 402,466,693) (S 554,693,683) (S 354,640,641) (S 355,641,468) (S 206,468,469) (S 582,474,839) (S 209,474,475) (S 7,18,19) (S 497,768,19) (S 8,19,20) (D 0,0,0)
 0 1 28 8981 25082  16 (D 0,0,0) (S 181,416,327) (S 425,329,436) (S 424,703,54) (S 423,455,592) (S 305,592,593) (S 422,94,707) (S 421,201,146) (S 59,147,148) (S 139,336,144) (S 58,144,145) (S 453,145,202) (S 452,95,591) (S 451,591,454) (S 450,53,704) (D 0,0,0)
 0 1 29 8676 35223  22 (D 0,0,0) (S 500,777,393) (S 172,393,392) (S 187,392,428) (S 224,498,398) (S 164,378,377) (S 188,377,429) (S 189,429,412) (S 178,412,413) (S 519,429,766) (S 493,766,376) (S 163,376,377) (S 175,378,399) (S 177,410,411) (S 179,410,401) (S 176,401,402) (S 360,651,414) (S 361,652,388) (S 169,388,387) (S 174,387,398) (S 225,398,499) (D 0,0,0)
 0 1 30 9000 18071  29 (D 0,0,0) (S 110,267,266) (S 109,266,265) (S 108,265,264) (S 160,263,86) (S 545,85,512) (S 544,817,715) (S 158,371,372) (S 14,40,41) (S 159,40,373) (S 371,373,658) (S 370,373,84) (S 29,84,42) (S 15,42,43) (S 550,821,822) (S 551,822,823) (S 592,822,43) (S 30,42,85) (S 31,85,86) (S 432,86,380) (S 165,380,379) (S 236,379,513) (S 162,375,370) (S 157,370,369) (S 156,369,368) (S 244,526,525) (S 540,525,14) (S 379,17,674) (D 0,0,0)
 0 1 31 8925 37788  14 (D 0,0,0) (S 471,115,755) (S 470,755,754) (S 261,184,545) (S 589,545,109) (S 590,109,45) (S 44,109,108) (S 74,108,46) (S 73,46,182) (S 72,181,75) (S 536,182,806) (S 531,806,74) (S 520,399,652) (D 0,0,0)
 0 1 32 8965 26849  19 (D 0,0,0) (S 220,495,494) (S 565,814,357) (S 135,322,323) (S 288,359,573) (S 428,709,139) (S 287,573,572) (S 429,572,714) (S 286,572,571) (S 319,571,472) (S 38,97,98) (S 39,98,99) (S 315,99,600) (S 227,502,501) (S 41,101,102) (S 40,101,100) (S 147,359,358) (S 513,788,789) (D 0,0,0)
 0 1 33 8663 16130  13 (D 0,0,0) (S 393,677,521) (S 448,740,519) (S 449,519,328) (S 138,332,333) (S 238,514,515) (S 347,515,634) (S 472,634,629) (S 339,629,627) (S 346,627,633) (S 518,581,776) (S 499,776,735) (D 0,0,0)
 0 1 34 8912 28299  20 (D 0,0,0) (S 11,29,30) (S 12,30,31) (S 166,30,383) (S 266,553,383) (S 392,287,576) (S 406,681,381) (S 495,381,221) (S 496,221,712) (S 306,38,595) (S 390,133,680) (S 594,680,842) (S 598,844,615) (S 329,615,597) (S 249,530,89) (S 248,89,397) (S 247,397,529) (S 246,529,155) (S 60,155,154) (D 0,0,0)
 0 1 35 8992 17479  23 (D 0,0,0) (S 23,64,65) (S 542,65,451) (S 195,450,449) (S 444,449,736) (S 443,735,518) (S 136,330,331) (S 295,332,580) (S 294,580,438) (S 293,438,579) (S 416,579,701) (S 516,790,701) (S 417,701,702) (S 66,166,167) (S 312,167,62) (S 22,61,62) (S 67,168,169) (S 221,350,495) (S 512,495,325) (S 427,324,433) (S 426,433,708) (S 574,708,522) (D 0,0,0)
 0 1 36 8905 25143  17 (D 0,0,0) (S 431,719,718) (S 502,781,237) (S 98,237,236) (S 488,236,424) (S 487,722,424) (S 186,425,426) (S 196,427,452) (S 504,452,446) (S 194,446,447) (S 325,448,534) (S 575,317,835) (S 569,316,761) (S 481,761,762) (S 539,762,525) (S 377,16,672) (D 0,0,0)
