943988
36
3600317
3592141
 0 1 1 8893 17361  20 (D 0,0,0) (S 384,677,653) (S 574,522,708) (S 426,708,433) (S 427,433,324) (S 146,326,350) (S 67,168,169) (S 22,61,62) (S 312,62,167) (S 66,167,166) (S 65,166,165) (S 414,165,700) (S 415,481,700) (S 349,635,439) (S 193,438,437) (S 192,437,436) (S 425,436,329) (S 511,325,520) (S 242,521,522) (D 0,0,0)
 0 1 2 8986 40416  11 (D 0,0,0) (S 606,755,811) (S 261,184,545) (S 589,545,109) (S 590,109,45) (S 27,76,77) (S 591,76,812) (S 537,812,182) (S 531,806,74) (S 188,429,377) (D 0,0,0)
 0 1 3 8926 35866  24 (D 0,0,0) (S 525,118,799) (S 570,804,799) (S 571,799,121) (S 49,121,119) (S 48,119,120) (S 409,120,35) (S 413,120,34) (S 5,11,10) (S 4,9,10) (S 410,10,189) (S 411,189,698) (S 78,189,188) (S 412,188,11) (S 6,12,13) (S 77,12,32) (S 13,32,33) (S 572,33,121) (S 50,121,122) (S 51,122,123) (S 523,798,797) (S 530,797,805) (S 597,805,113) (D 0,0,0)
 0 1 4 8877 24529  20 (D 0,0,0) (S 385,653,674) (S 386,672,431) (S 387,506,346) (S 145,346,347) (S 568,526,761) (S 569,761,316) (S 504,446,452) (S 186,426,425) (S 487,722,424) (S 488,424,236) (S 98,236,237) (S 99,237,238) (S 501,239,780) (S 194,446,447) (S 325,448,534) (S 252,445,535) (S 244,526,525) (S 379,17,674) (D 0,0,0)
 0 1 5 8830 17528  13 (D 0,0,0) (S 80,192,193) (S 82,195,196) (S 382,196,589) (S 558,588,208) (S 89,208,209) (S 272,209,558) (S 486,300,587) (S 302,588,589) (S 303,589,590) (S 340,590,195) (S 81,195,194) (D 0,0,0)
 0 1 6 8894 15563  22 (D 0,0,0) (S 1,2,3) (S 510,3,787) (S 23,64,65) (S 542,65,451) (S 130,312,310) (S 129,310,311) (S 444,736,449) (S 195,449,450) (S 447,450,171) (S 68,170,171) (S 69,171,172) (S 446,171,66) (S 445,66,738) (S 581,738,816) (S 543,816,733) (S 335,620,621) (S 442,621,734) (S 541,4,728) (S 439,727,728) (S 2,4,3) (D 0,0,0)
 0 1 7 8870 31990  20 (D 0,0,0) (S 282,225,565) (S 310,565,596) (S 524,596,173) (S 70,173,158) (S 61,158,159) (S 475,160,748) (S 474,748,245) (S 101,245,130) (S 54,130,131) (S 55,131,132) (S 96,232,233) (S 265,233,549) (S 264,551,549) (S 263,549,550) (S 356,642,234) (S 97,132,235) (S 56,132,133) (S 391,222,681) (D 0,0,0)
 0 1 8 8973 36396  19 (D 0,0,0) (S 93,226,225) (S 256,539,158) (S 258,540,541) (S 469,753,103) (S 42,103,104) (S 494,49,767) (S 536,806,182) (S 72,181,75) (S 73,182,46) (S 74,46,108) (S 75,108,183) (S 603,849,183) (S 604,183,845) (S 605,845,847) (S 260,544,184) (S 76,185,112) (S 153,293,367) (D 0,0,0)
 0 1 9 8905 33336  28 (D 0,0,0) (S 277,564,275) (S 278,275,486) (S 218,486,487) (S 217,486,274) (S 216,274,246) (S 131,246,315) (S 465,748,129) (S 53,129,130) (S 100,130,244) (S 464,244,129) (S 62,128,161) (S 183,161,243) (S 522,796,795) (S 521,795,162) (S 64,162,163) (S 63,162,161) (S 184,161,420) (S 473,420,756) (S 52,127,128) (S 476,160,757) (S 437,724,314) (S 208,470,213) (S 91,212,211) (S 90,210,211) (S 279,211,219) (S 280,219,462) (D 0,0,0)
 0 1 10 8965 30009  20 (D 0,0,0) (S 226,499,500) (S 234,500,389) (S 170,388,389) (S 171,389,390) (S 328,597,88) (S 32,88,89) (S 249,89,530) (S 311,530,597) (S 329,597,615) (S 598,615,844) (S 594,842,680) (S 390,680,133) (S 306,595,38) (S 496,712,221) (S 495,221,381) (S 406,381,681) (S 321,287,29) (S 275,561,214) (D 0,0,0)
 0 1 11 8989 35836  17 (D 0,0,0) (S 45,114,113) (S 596,113,813) (S 599,846,544) (S 600,544,847) (S 601,847,106) (S 43,106,107) (S 44,108,109) (S 16,45,46) (S 17,46,47) (S 602,47,848) (S 595,105,843) (S 593,841,542) (S 259,542,541) (S 470,754,755) (S 471,755,115) (D 0,0,0)
 0 1 12 8884 36152  14 (D 0,0,0) (S 397,485,688) (S 556,825,440) (S 373,665,666) (S 403,693,694) (S 554,693,683) (S 354,640,641) (S 355,641,468) (S 209,474,475) (S 582,474,839) (S 7,18,19) (S 497,768,19) (S 8,19,20) (D 0,0,0)
 0 1 13 8984 30382  14 (D 0,0,0) (S 60,154,155) (S 317,155,363) (S 326,363,156) (S 327,156,614) (S 173,397,396) (S 233,396,500) (S 248,89,397) (S 247,397,529) (S 246,529,155) (S 245,155,291) (S 388,528,678) (S 116,154,290) (D 0,0,0)
 0 1 14 8941 36821  20 (D 0,0,0) (S 103,249,248) (S 102,248,247) (S 357,247,223) (S 389,680,679) (S 578,679,252) (S 105,252,231) (S 122,229,254) (S 107,254,255) (S 94,229,230) (S 95,230,231) (S 106,252,253) (S 577,252,802) (S 576,802,726) (S 438,726,421) (S 467,750,751) (S 468,751,752) (S 436,470,540) (S 257,540,158) (D 0,0,0)
 0 1 15 8848 23468  19 (D 0,0,0) (S 513,788,789) (S 565,814,357) (S 401,690,599) (S 313,599,362) (S 314,362,600) (S 315,600,99) (S 39,99,98) (S 38,98,97) (S 319,472,571) (S 286,571,572) (S 429,572,714) (S 287,572,573) (S 428,709,139) (S 288,573,359) (S 135,322,323) (S 220,494,495) (S 512,495,325) (D 0,0,0)
 0 1 16 8306 25499  19 (D 0,0,0) (S 251,532,150) (S 126,306,300) (S 561,301,827) (S 123,301,300) (S 47,116,117) (S 323,365,561) (S 322,609,608) (S 11,29,30) (S 12,30,31) (S 166,30,383) (S 266,553,383) (S 392,287,576) (S 407,681,285) (S 408,285,536) (S 254,536,364) (S 290,364,577) (S 583,577,608) (D 0,0,0)
 0 1 17 8995 37050  18 (D 0,0,0) (S 557,667,825) (S 585,825,464) (S 203,465,466) (S 204,466,467) (S 205,467,468) (S 128,308,309) (S 127,307,308) (S 553,308,303) (S 124,302,303) (S 125,303,304) (S 207,304,469) (S 206,469,468) (S 402,466,693) (S 555,662,665) (S 584,840,441) (S 374,442,667) (D 0,0,0)
 0 1 18 5121 15140  8 (D 0,0,0) (S 459,731,28) (S 10,26,27) (S 483,27,686) (S 372,663,664) (S 441,731,732) (S 547,732,3) (D 0,0,0)
 0 1 19 8981 22578  23 (D 0,0,0) (S 431,719,718) (S 575,317,835) (S 505,446,601) (S 140,337,338) (S 289,574,497) (S 223,497,461) (S 40,100,101) (S 41,101,102) (S 201,461,460) (S 149,361,360) (S 148,360,359) (S 147,359,358) (S 134,322,321) (S 133,321,320) (S 132,320,319) (S 566,432,832) (S 567,832,718) (S 538,718,762) (S 539,762,525) (S 540,525,14) (S 377,16,672) (D 0,0,0)
 0 1 20 8773 25976  17 (D 0,0,0) (S 191,435,436) (S 423,455,592) (S 305,592,593) (S 422,94,707) (S 421,201,146) (S 59,147,148) (S 139,336,144) (S 58,144,145) (S 453,145,202) (S 452,95,591) (S 451,591,454) (S 197,454,453) (S 418,607,705) (S 419,705,167) (S 221,350,495) (D 0,0,0)
 0 1 21 8829 19041  15 (D 0,0,0) (S 240,518,517) (S 316,602,604) (S 338,605,628) (S 239,517,516) (S 296,516,332) (S 138,332,333) (S 238,514,515) (S 185,422,423) (S 348,422,515) (S 298,581,582) (S 457,582,313) (S 458,739,418) (S 182,418,417) (D 0,0,0)
 0 1 22 8032 15715  28 (D 0,0,0) (S 380,180,268) (S 110,267,266) (S 109,266,265) (S 143,265,344) (S 108,265,264) (S 160,263,86) (S 31,86,85) (S 29,42,84) (S 370,84,373) (S 371,373,658) (S 159,373,40) (S 14,40,41) (S 158,372,371) (S 544,817,715) (S 545,512,85) (S 161,86,375) (S 236,513,379) (S 235,513,375) (S 162,375,370) (S 157,370,369) (S 156,369,368) (S 253,527,535) (S 481,761,762) (S 482,762,673) (S 378,673,524) (S 243,523,522) (D 0,0,0)
 0 1 23 8962 34308  18 (D 0,0,0) (S 46,115,114) (S 534,114,185) (S 535,808,809) (S 588,809,110) (S 587,125,764) (S 484,763,764) (S 586,764,834) (S 573,833,834) (S 485,764,765) (S 529,801,187) (S 528,187,800) (S 527,800,798) (S 526,798,799) (S 155,115,174) (S 152,367,226) (S 274,258,561) (D 0,0,0)
 0 1 24 8877 26850  22 (D 0,0,0) (S 37,95,94) (S 36,94,93) (S 35,93,92) (S 212,92,477) (S 211,477,199) (S 395,476,685) (S 210,79,199) (S 85,199,200) (S 84,199,198) (S 83,197,198) (S 454,477,281) (S 455,281,743) (S 114,281,282) (S 115,282,283) (S 435,282,91) (S 33,90,91) (S 34,91,92) (S 213,478,479) (S 214,480,59) (S 515,580,331) (D 0,0,0)
 0 1 25 8885 18221  18 (D 0,0,0) (S 393,677,521) (S 181,416,327) (S 180,327,415) (S 450,704,53) (S 18,53,52) (S 548,51,794) (S 549,794,819) (S 19,55,54) (S 424,54,703) (S 417,702,701) (S 416,701,579) (S 293,579,438) (S 294,438,580) (S 295,580,332) (S 137,332,331) (S 136,331,330) (D 0,0,0)
 0 1 26 8608 30119  24 (D 0,0,0) (S 292,578,567) (S 104,249,250) (S 284,547,566) (S 359,566,644) (S 283,566,225) (S 92,225,224) (S 281,539,462) (S 202,462,463) (S 309,463,217) (S 308,217,277) (S 113,277,278) (S 307,570,277) (S 112,277,276) (S 119,276,218) (S 118,218,296) (S 120,296,297) (S 121,297,298) (S 255,224,537) (S 358,537,548) (S 262,548,547) (S 285,567,568) (S 291,567,577) (D 0,0,0)
 0 1 27 6739 12627  22 (D 0,0,0) (S 404,2,695) (S 405,695,696) (S 267,81,190) (S 28,81,82) (S 79,82,190) (S 268,190,555) (S 269,555,509) (S 232,509,510) (S 231,509,5) (S 230,5,508) (S 462,260,745) (S 375,670,261) (S 141,341,342) (S 142,342,343) (S 3,5,6) (S 381,7,675) (S 461,675,671) (S 376,671,267) (S 366,63,653) (S 383,676,677) (D 0,0,0)
 0 1 28 8972 27297  18 (D 0,0,0) (S 503,426,779) (S 502,781,237) (S 489,236,152) (S 490,152,140) (S 57,140,141) (S 491,140,391) (S 492,391,385) (S 167,385,386) (S 168,386,387) (S 174,387,398) (S 225,398,499) (S 363,499,395) (S 196,427,452) (S 394,447,646) (S 498,647,611) (S 324,611,612) (D 0,0,0)
 0 1 29 8772 17074  17 (D 0,0,0) (S 448,740,519) (S 241,519,518) (S 443,518,735) (S 499,735,776) (S 518,776,581) (S 297,581,516) (S 347,515,634) (S 472,634,629) (S 339,629,627) (S 346,627,633) (S 456,744,633) (S 345,633,405) (S 344,405,69) (S 24,69,68) (S 580,583,737) (D 0,0,0)
 0 1 30 8840 35516  21 (D 0,0,0) (S 500,777,393) (S 172,393,392) (S 187,392,428) (S 224,498,398) (S 169,387,388) (S 360,651,414) (S 176,401,402) (S 179,401,410) (S 177,410,411) (S 178,412,413) (S 189,412,429) (S 519,429,766) (S 493,766,376) (S 163,376,377) (S 164,377,378) (S 175,378,399) (S 520,399,652) (S 361,652,388) (S 362,388,499) (D 0,0,0)
 0 1 31 8961 21395  20 (D 0,0,0) (S 200,192,355) (S 199,355,459) (S 198,458,459) (S 299,504,583) (S 579,583,632) (S 342,505,622) (S 337,623,624) (S 564,624,830) (S 563,829,71) (S 25,70,71) (S 26,71,72) (S 562,71,407) (S 514,406,70) (S 343,632,505) (S 228,505,504) (S 300,504,584) (S 336,584,622) (S 341,622,195) (D 0,0,0)
 0 1 32 8650 15496  23 (D 0,0,0) (S 365,63,8) (S 364,8,555) (S 420,509,654) (S 367,654,262) (S 430,716,655) (S 368,655,656) (S 546,656,818) (S 369,656,657) (S 463,657,43) (S 550,821,822) (S 551,822,823) (S 592,822,43) (S 15,43,42) (S 30,42,85) (S 432,86,380) (S 433,380,344) (S 165,380,379) (S 237,379,345) (S 144,345,344) (S 434,344,507) (S 229,177,506) (D 0,0,0)
 0 1 33 8851 12828  13 (D 0,0,0) (S 250,191,532) (S 304,532,585) (S 301,585,206) (S 87,206,207) (S 88,207,208) (S 559,208,826) (S 271,558,306) (S 270,306,557) (S 560,557,205) (S 86,204,205) (S 552,205,695) (D 0,0,0)
 0 1 34 8916 21886  24 (D 0,0,0) (S 449,519,328) (S 460,330,437) (S 508,437,784) (S 506,649,784) (S 509,784,786) (S 507,784,785) (S 517,793,660) (S 516,790,701) (S 20,56,57) (S 21,57,58) (S 350,58,456) (S 351,456,562) (S 276,562,563) (S 352,562,93) (S 353,93,637) (S 466,637,749) (S 479,638,707) (S 478,707,741) (S 477,741,606) (S 318,606,96) (S 320,571,453) (S 190,434,349) (D 0,0,0)
 0 1 35 8982 32366  19 (D 0,0,0) (S 400,689,203) (S 399,203,503) (S 398,503,20) (S 396,688,493) (S 222,496,489) (S 480,488,618) (S 334,618,619) (S 333,618,617) (S 332,617,492) (S 219,492,490) (S 331,492,483) (S 215,483,484) (S 330,483,22) (S 440,23,729) (S 9,24,25) (S 227,501,502) (S 150,362,98) (D 0,0,0)
 0 1 36 8800 31353  10 (D 0,0,0) (S 151,365,257) (S 111,227,269) (S 532,348,175) (S 533,175,807) (S 71,175,174) (S 154,174,293) (S 117,293,294) (S 273,560,294) (D 0,0,0)
