1265167
49
3600519
3557717
 0 1 1 8690 16366  23 (D 0,0,0) (S 1,0,1) (S 192,325,326) (S 211,326,350) (S 94,168,169) (S 439,169,62) (S 438,62,167) (S 93,167,166) (S 717,166,702) (S 722,790,660) (S 522,659,660) (S 721,660,793) (S 720,793,785) (S 708,785,784) (S 710,784,786) (S 707,649,784) (S 709,784,437) (S 641,437,330) (S 196,330,329) (S 195,329,328) (S 194,328,327) (S 271,327,416) (D 0,0,0)
 0 1 2 8996 16157  21 (D 0,0,0) (S 286,415,434) (S 752,434,705) (S 453,52,453) (S 297,453,454) (S 298,454,455) (S 299,455,456) (S 300,456,457) (S 494,456,58) (S 30,58,57) (S 411,57,579) (S 579,579,701) (S 719,701,56) (S 28,56,55) (S 585,54,703) (S 586,703,436) (S 587,436,329) (S 193,327,326) (S 713,325,520) (S 349,520,521) (D 0,0,0)
 0 1 3 8906 24925  16 (D 0,0,0) (S 625,53,454) (S 626,454,591) (S 425,591,592) (S 426,592,593) (S 584,592,94) (S 670,707,638) (S 653,637,749) (S 497,638,200) (S 813,837,639) (S 498,639,200) (S 116,200,201) (S 583,201,707) (S 628,741,95) (S 627,95,591) (D 0,0,0)
 0 1 4 8687 17849  18 (D 0,0,0) (S 272,416,417) (S 639,418,739) (S 415,582,581) (S 489,627,634) (S 490,634,515) (S 342,515,514) (S 575,514,333) (S 576,333,481) (S 574,700,165) (S 91,164,165) (S 92,165,166) (S 580,703,704) (S 623,435,328) (S 622,328,519) (S 346,519,416) (S 347,416,351) (D 0,0,0)
 0 1 5 8592 18406  16 (D 0,0,0) (S 588,708,433) (S 589,433,324) (S 480,631,324) (S 191,324,325) (S 270,327,415) (S 287,415,435) (S 624,435,704) (S 26,53,52) (S 25,52,51) (S 765,51,794) (S 766,794,819) (S 723,794,55) (S 27,55,54) (S 212,326,351) (D 0,0,0)
 0 1 6 7970 18281  22 (D 0,0,0) (S 561,0,677) (S 538,676,677) (S 621,740,519) (S 345,519,518) (S 344,518,517) (S 445,602,603) (S 448,604,605) (S 478,605,628) (S 447,604,602) (S 446,602,517) (S 343,517,516) (S 276,422,423) (S 491,422,439) (S 668,758,760) (S 667,758,759) (S 666,758,635) (S 492,635,439) (S 288,439,438) (S 413,438,580) (S 718,580,331) (D 0,0,0)
 0 1 7 8994 24463  18 (D 0,0,0) (S 493,635,636) (S 31,58,59) (S 32,59,60) (S 313,480,479) (S 691,479,772) (S 312,479,478) (S 690,478,771) (S 689,480,770) (S 314,480,59) (S 315,59,481) (S 316,481,482) (S 577,700,636) (S 578,636,579) (S 412,579,438) (S 414,580,332) (S 197,332,331) (D 0,0,0)
 0 1 8 8780 17870  20 (D 0,0,0) (S 714,325,495) (S 715,495,788) (S 791,814,357) (S 217,357,322) (S 218,322,358) (S 402,359,573) (S 595,572,714) (S 401,572,573) (S 592,573,554) (S 591,554,139) (S 590,709,139) (S 76,138,139) (S 216,321,356) (S 190,321,320) (S 189,320,319) (S 188,319,318) (S 808,832,719) (S 807,719,708) (D 0,0,0)
 0 1 9 8973 14269  35 (D 0,0,0) (S 806,522,708) (S 673,708,673) (S 533,673,524) (S 750,525,762) (S 749,762,718) (S 794,718,832) (S 809,832,317) (S 810,317,835) (S 186,317,316) (S 797,316,761) (S 796,761,526) (S 795,526,347) (S 209,347,346) (S 208,346,345) (S 207,345,344) (S 206,344,265) (S 205,265,343) (S 644,343,260) (S 645,260,745) (S 529,670,261) (S 530,261,342) (S 203,341,342) (S 204,342,343) (S 2,5,6) (S 3,6,7) (S 536,7,675) (S 642,675,671) (S 643,671,508) (S 337,508,266) (S 336,266,507) (S 335,507,177) (S 99,179,180) (S 535,180,674) (D 0,0,0)
 0 1 10 8583 15565  33 (D 0,0,0) (S 540,674,672) (S 541,672,431) (S 542,431,506) (S 334,506,177) (S 600,507,344) (S 241,380,264) (S 150,264,263) (S 238,263,86) (S 47,86,85) (S 763,85,512) (S 339,512,41) (S 19,41,40) (S 462,616,39) (S 756,39,815) (S 235,40,372) (S 597,372,715) (S 762,817,715) (S 340,512,375) (S 341,375,513) (S 419,513,369) (S 528,370,669) (S 234,370,369) (S 233,369,368) (S 365,368,527) (S 351,526,525) (S 751,525,14) (S 7,14,15) (S 284,15,431) (S 283,431,178) (S 98,178,179) (S 531,179,672) (D 0,0,0)
 0 1 11 8997 34089  17 (D 0,0,0) (S 534,674,17) (S 8,16,15) (S 291,447,446) (S 703,426,779) (S 700,779,239) (S 701,239,780) (S 136,238,237) (S 679,152,140) (S 680,140,391) (S 83,152,153) (S 678,152,236) (S 677,236,424) (S 602,721,722) (S 702,425,781) (S 277,425,426) (D 0,0,0)
 0 1 12 8919 20166  18 (D 0,0,0) (S 455,448,612) (S 692,773,774) (S 693,774,775) (S 694,774,611) (S 695,611,647) (S 510,647,646) (S 547,646,447) (S 705,446,601) (S 706,601,337) (S 200,337,338) (S 442,601,574) (S 219,359,358) (S 323,320,494) (S 792,494,443) (S 285,432,433) (S 481,324,521) (D 0,0,0)
 0 1 13 8937 18075  22 (D 0,0,0) (S 33,63,64) (S 35,66,67) (S 37,68,69) (S 38,69,70) (S 39,70,71) (S 785,71,407) (S 263,407,408) (S 716,70,406) (S 262,406,405) (S 636,633,582) (S 637,582,313) (S 183,313,310) (S 182,310,311) (S 293,312,449) (S 615,449,736) (S 638,736,739) (S 273,418,419) (S 757,451,352) (S 213,352,351) (S 348,351,520) (D 0,0,0)
 0 1 14 8811 26002  20 (D 0,0,0) (S 753,788,814) (S 222,98,362) (S 440,362,599) (S 557,599,689) (S 669,689,606) (S 629,741,202) (S 630,145,742) (S 199,336,144) (S 78,144,145) (S 79,145,146) (S 80,146,147) (S 81,147,148) (S 82,148,149) (S 51,95,96) (S 52,96,97) (S 631,97,690) (S 559,691,471) (S 198,334,335) (D 0,0,0)
 0 1 15 8793 28450  22 (D 0,0,0) (S 790,357,335) (S 558,690,599) (S 324,489,496) (S 552,496,493) (S 553,493,688) (S 526,667,442) (S 527,442,668) (S 289,441,440) (S 427,594,440) (S 778,440,665) (S 525,665,666) (S 524,665,465) (S 304,465,464) (S 822,464,825) (S 780,825,667) (S 781,667,688) (S 554,688,485) (S 331,503,502) (S 463,502,600) (S 441,600,362) (D 0,0,0)
 0 1 16 8744 33894  15 (D 0,0,0) (S 444,99,600) (S 465,22,483) (S 466,483,492) (S 322,491,492) (S 467,492,617) (S 611,617,730) (S 468,617,618) (S 469,618,619) (S 671,618,488) (S 593,710,711) (S 320,489,490) (S 321,484,21) (S 9,21,20) (D 0,0,0)
 0 1 17 8975 38812  17 (D 0,0,0) (S 556,503,20) (S 821,825,441) (S 560,692,466) (S 305,466,467) (S 549,467,684) (S 306,467,468) (S 500,468,641) (S 773,556,303) (S 771,824,308) (S 181,307,308) (S 772,308,303) (S 177,302,303) (S 178,303,304) (S 179,304,305) (S 688,19,769) (D 0,0,0)
 0 1 18 8938 35305  18 (D 0,0,0) (S 555,20,485) (S 779,825,440) (S 523,661,662) (S 777,662,693) (S 776,693,683) (S 548,682,683) (S 775,683,641) (S 499,640,641) (S 774,641,556) (S 381,556,469) (S 382,469,473) (S 309,474,475) (S 308,474,473) (S 383,473,340) (S 201,339,340) (S 202,340,18) (D 0,0,0)
 0 1 19 8814 26756  15 (D 0,0,0) (S 450,472,96) (S 53,97,98) (S 464,502,22) (S 10,22,23) (S 610,23,729) (S 11,23,24) (S 12,24,25) (S 508,501,101) (S 56,101,102) (S 55,101,100) (S 54,100,99) (S 221,361,360) (S 220,360,359) (D 0,0,0)
 0 1 20 8834 30750  21 (D 0,0,0) (S 50,94,93) (S 311,92,477) (S 550,476,685) (S 310,476,142) (S 77,142,143) (S 42,78,79) (S 633,477,281) (S 158,281,280) (S 603,280,723) (S 157,279,280) (S 634,281,743) (S 159,281,282) (S 601,282,720) (S 160,282,283) (S 49,91,92) (S 496,93,562) (S 390,562,563) (S 495,562,456) (S 29,57,56) (D 0,0,0)
 0 1 21 8866 23866  17 (D 0,0,0) (S 793,432,443) (S 457,443,319) (S 456,319,534) (S 704,446,452) (S 296,452,427) (S 75,136,137) (S 166,154,291) (S 352,291,241) (S 137,241,242) (S 223,242,363) (S 449,363,155) (S 84,155,154) (S 292,447,448) (S 672,535,761) (S 532,524,16) (D 0,0,0)
 0 1 22 8819 19052  19 (D 0,0,0) (S 333,506,14) (S 364,527,535) (S 363,535,445) (S 362,445,534) (S 699,612,647) (S 511,647,648) (S 509,646,575) (S 404,575,497) (S 325,461,497) (S 403,497,574) (S 443,574,460) (S 303,460,361) (S 632,360,691) (S 307,471,472) (S 451,472,571) (S 452,571,453) (S 581,607,704) (D 0,0,0)
 0 1 23 8992 29050  21 (D 0,0,0) (S 187,317,318) (S 290,318,445) (S 167,291,242) (S 353,291,155) (S 85,155,156) (S 86,156,157) (S 459,156,614) (S 461,88,597) (S 437,597,598) (S 436,597,530) (S 358,530,531) (S 357,530,89) (S 48,89,88) (S 460,88,614) (S 829,614,529) (S 355,529,397) (S 254,397,396) (S 253,396,395) (S 350,524,523) (D 0,0,0)
 0 1 24 8615 20359  26 (D 0,0,0) (S 151,265,264) (S 599,380,86) (S 239,86,375) (S 596,715,371) (S 236,40,373) (S 237,373,374) (S 521,373,658) (S 520,373,84) (S 45,83,84) (S 46,84,42) (S 20,42,43) (S 648,657,746) (S 647,657,43) (S 768,821,822) (S 769,822,823) (S 646,43,745) (S 764,745,670) (S 519,656,655) (S 598,716,655) (S 518,655,262) (S 44,82,81) (S 43,80,81) (S 770,81,695) (S 562,695,696) (D 0,0,0)
 0 1 25 8998 18294  11 (D 0,0,0) (S 359,191,532) (S 180,151,306) (S 676,300,587) (S 420,586,587) (S 421,587,559) (S 422,588,589) (S 423,589,590) (S 482,590,207) (S 119,206,151) (D 0,0,0)
 0 1 26 8618 14874  13 (D 0,0,0) (S 424,532,585) (S 418,585,206) (S 120,206,207) (S 782,208,826) (S 789,826,558) (S 386,558,209) (S 121,208,209) (S 387,209,559) (S 115,196,195) (S 113,194,193) (S 112,193,192) (D 0,0,0)
 0 1 27 8952 21305  15 (D 0,0,0) (S 302,192,355) (S 215,355,354) (S 214,354,353) (S 474,622,623) (S 475,623,624) (S 788,624,830) (S 476,624,625) (S 787,624,829) (S 786,71,829) (S 814,838,829) (S 815,829,632) (S 485,632,505) (S 537,623,196) (D 0,0,0)
 0 1 28 8986 20125  16 (D 0,0,0) (S 224,354,193) (S 114,194,195) (S 483,195,622) (S 486,69,405) (S 487,405,633) (S 635,744,633) (S 488,633,627) (S 659,634,629) (S 479,629,630) (S 477,627,626) (S 725,626,581) (S 724,581,776) (S 696,776,735) (S 614,735,518) (D 0,0,0)
 0 1 29 8794 13618  20 (D 0,0,0) (S 761,4,734) (S 760,734,733) (S 759,816,65) (S 758,65,451) (S 295,451,419) (S 617,170,67) (S 36,67,68) (S 416,68,404) (S 261,404,403) (S 458,403,613) (S 260,403,170) (S 616,170,449) (S 294,449,450) (S 620,450,171) (S 619,171,66) (S 34,66,65) (S 712,64,787) (S 711,787,3) (D 0,0,0)
 0 1 30 8957 15709  19 (D 0,0,0) (S 609,728,727) (S 649,747,727) (S 754,728,4) (S 613,734,621) (S 470,620,621) (S 471,621,459) (S 301,458,459) (S 472,459,353) (S 473,584,622) (S 484,622,505) (S 332,505,504) (S 417,504,583) (S 816,583,737) (S 618,737,738) (S 817,738,816) (S 818,816,787) (S 819,787,63) (D 0,0,0)
 0 1 31 8987 33054  20 (D 0,0,0) (S 338,500,389) (S 248,389,388) (S 727,652,399) (S 265,400,410) (S 266,410,411) (S 269,410,401) (S 264,409,400) (S 259,400,401) (S 268,401,414) (S 512,414,652) (S 513,652,388) (S 247,388,387) (S 246,387,386) (S 279,386,428) (S 326,428,498) (S 698,498,393) (S 697,777,393) (S 252,393,394) (D 0,0,0)
 0 1 32 8966 41738  19 (D 0,0,0) (S 514,499,388) (S 249,389,390) (S 830,615,842) (S 831,842,680) (S 812,679,252) (S 175,229,254) (S 147,254,255) (S 174,229,299) (S 378,552,299) (S 153,272,230) (S 154,230,273) (S 145,251,231) (S 146,231,252) (S 836,842,844) (S 428,135,38) (S 128,221,222) (S 406,576,286) (D 0,0,0)
 0 1 33 8925 26440  12 (D 0,0,0) (S 360,532,150) (S 361,150,533) (S 118,151,205) (S 117,204,205) (S 783,205,557) (S 384,557,215) (S 149,258,257) (S 148,257,256) (S 152,256,227) (S 132,227,228) (D 0,0,0)
 0 1 34 8993 29032  28 (D 0,0,0) (S 229,226,367) (S 434,367,565) (S 433,565,596) (S 95,173,158) (S 87,158,159) (S 184,159,314) (S 665,724,757) (S 664,757,160) (S 88,160,128) (S 89,128,161) (S 274,161,420) (S 662,420,756) (S 658,756,725) (S 607,725,126) (S 71,126,127) (S 660,127,757) (S 663,160,748) (S 652,748,315) (S 185,315,246) (S 317,246,274) (S 155,274,275) (S 156,276,277) (S 432,297,538) (S 505,537,548) (S 506,548,566) (S 396,547,249) (D 0,0,0)
 0 1 35 8982 32337  28 (D 0,0,0) (S 398,567,568) (S 376,547,548) (S 368,537,224) (S 370,295,539) (S 604,540,470) (S 605,314,724) (S 606,724,126) (S 661,127,756) (S 275,420,421) (S 608,421,726) (S 811,726,802) (S 737,802,795) (S 728,795,162) (S 90,162,163) (S 729,795,796) (S 767,796,243) (S 138,243,244) (S 650,244,129) (S 72,129,130) (S 139,130,244) (S 651,129,748) (S 140,245,246) (S 141,246,213) (S 124,213,212) (S 123,212,211) (S 392,219,462) (D 0,0,0)
 0 1 36 8765 27585  22 (D 0,0,0) (S 169,294,295) (S 170,295,296) (S 173,296,297) (S 431,297,463) (S 430,463,217) (S 125,216,217) (S 126,217,218) (S 318,274,486) (S 319,486,487) (S 122,210,211) (S 391,211,219) (S 127,219,218) (S 171,218,276) (S 172,276,135) (S 74,135,134) (S 73,134,133) (S 543,133,595) (S 544,595,222) (S 545,681,576) (S 454,287,29) (D 0,0,0)
 0 1 37 8969 34533  24 (D 0,0,0) (S 225,29,364) (S 407,364,286) (S 565,285,681) (S 564,681,381) (S 563,697,381) (S 685,381,221) (S 594,712,713) (S 686,712,38) (S 18,37,38) (S 687,38,134) (S 133,232,233) (S 377,549,550) (S 501,642,234) (S 134,234,132) (S 135,132,235) (S 399,131,564) (S 400,564,570) (S 429,570,277) (S 165,278,289) (S 164,288,278) (S 130,224,225) (S 395,566,547) (D 0,0,0)
 0 1 38 8977 25421  15 (D 0,0,0) (S 389,214,561) (S 388,258,294) (S 168,294,293) (S 231,293,174) (S 232,174,115) (S 657,755,754) (S 656,754,541) (S 372,541,540) (S 371,158,539) (S 369,538,224) (S 129,224,223) (S 502,643,223) (S 503,223,247) (D 0,0,0)
 0 1 39 8923 26593  19 (D 0,0,0) (S 820,608,577) (S 408,577,567) (S 143,249,248) (S 142,248,247) (S 504,247,537) (S 367,537,248) (S 366,248,536) (S 566,536,285) (S 161,284,285) (S 162,285,286) (S 163,286,287) (S 546,287,576) (S 405,576,382) (S 242,382,383) (S 379,553,383) (S 243,383,30) (S 244,30,384) (D 0,0,0)
 0 1 40 8969 24578  14 (D 0,0,0) (S 385,306,557) (S 226,365,257) (S 410,366,578) (S 409,578,567) (S 375,546,547) (S 507,566,644) (S 394,566,225) (S 131,225,226) (S 228,226,366) (S 227,366,257) (S 784,557,301) (S 176,301,300) (D 0,0,0)
 0 1 41 8869 28003  13 (D 0,0,0) (S 230,293,367) (S 435,269,292) (S 210,292,348) (S 743,348,175) (S 97,175,174) (S 96,174,173) (S 732,173,596) (S 393,565,225) (S 144,249,250) (S 397,249,567) (S 828,578,609) (D 0,0,0)
 0 1 42 8981 33654  19 (D 0,0,0) (S 251,393,392) (S 682,385,376) (S 683,766,73) (S 684,73,767) (S 745,767,806) (S 742,806,74) (S 40,74,75) (S 100,181,75) (S 101,75,182) (S 102,182,46) (S 842,47,848) (S 841,47,106) (S 840,106,847) (S 846,847,843) (S 847,843,841) (S 848,841,753) (S 655,753,541) (D 0,0,0)
 0 1 43 8930 40384  11 (D 0,0,0) (S 258,378,399) (S 726,429,766) (S 746,806,182) (S 747,182,812) (S 41,76,77) (S 827,76,812) (S 22,45,46) (S 106,185,112) (S 63,112,113) (D 0,0,0)
 0 1 44 8859 33093  18 (D 0,0,0) (S 834,113,813) (S 748,813,810) (S 833,813,543) (S 57,105,104) (S 654,103,49) (S 24,49,50) (S 23,49,48) (S 832,48,105) (S 58,105,106) (S 59,106,107) (S 837,107,845) (S 844,845,183) (S 104,183,184) (S 105,184,185) (S 744,185,114) (S 64,114,115) (D 0,0,0)
 0 1 45 8982 34395  23 (D 0,0,0) (S 65,115,118) (S 733,118,799) (S 734,799,798) (S 731,798,122) (S 800,121,33) (S 15,33,34) (S 16,34,35) (S 17,35,36) (S 567,120,35) (S 568,35,10) (S 4,10,11) (S 5,11,12) (S 6,12,13) (S 108,12,188) (S 571,699,188) (S 109,188,189) (S 570,189,698) (S 569,189,10) (S 572,11,34) (S 573,34,120) (S 67,120,119) (D 0,0,0)
 0 1 46 8992 35552  23 (D 0,0,0) (S 66,118,119) (S 68,119,121) (S 799,121,799) (S 798,799,804) (S 739,804,797) (S 740,797,805) (S 730,797,798) (S 735,798,800) (S 736,800,187) (S 107,187,123) (S 69,123,124) (S 738,125,803) (S 823,125,764) (S 675,764,765) (S 802,765,834) (S 801,833,834) (S 803,765,124) (S 804,124,801) (S 70,124,125) (S 824,125,110) (S 62,111,112) (D 0,0,0)
 0 1 47 8926 37937  17 (D 0,0,0) (S 835,113,805) (S 741,805,186) (S 805,801,111) (S 61,111,110) (S 825,110,809) (S 21,44,45) (S 826,45,109) (S 60,109,108) (S 103,108,183) (S 843,849,183) (S 845,845,847) (S 839,847,544) (S 838,846,544) (S 374,543,542) (S 373,542,541) (D 0,0,0)
 0 1 48 8965 16320  17 (D 0,0,0) (S 14,28,27) (S 13,26,27) (S 674,27,686) (S 551,686,663) (S 640,28,731) (S 612,731,732) (S 755,4,191) (S 111,191,190) (S 110,190,82) (S 582,82,654) (S 380,509,555) (S 515,555,8) (S 516,8,63) (S 517,63,653) (S 539,653,677) (D 0,0,0)
 0 1 49 8956 31816  20 (D 0,0,0) (S 354,155,529) (S 356,397,89) (S 330,89,500) (S 329,500,499) (S 328,499,398) (S 256,398,387) (S 257,387,378) (S 240,378,377) (S 281,429,412) (S 267,412,413) (S 282,412,430) (S 280,377,386) (S 245,386,385) (S 681,385,391) (S 250,391,392) (S 278,392,428) (S 327,498,398) (S 255,398,394) (D 0,0,0)
