1263306
49
3600625
3563971
 0 1 1 8684 13565  25 (D 0,0,0) (S 561,0,677) (S 517,653,63) (S 33,63,64) (S 712,64,787) (S 819,787,63) (S 516,63,8) (S 515,8,555) (S 380,555,509) (S 2,5,6) (S 3,6,7) (S 536,7,675) (S 642,675,671) (S 643,671,508) (S 337,266,508) (S 644,343,260) (S 645,260,745) (S 764,745,670) (S 519,656,655) (S 598,716,655) (S 518,655,262) (S 582,654,82) (S 44,82,81) (S 562,695,696) (D 0,0,0)
 0 1 2 8719 18219  10 (D 0,0,0) (S 360,532,150) (S 180,151,306) (S 676,300,587) (S 420,586,587) (S 421,587,559) (S 387,559,209) (S 119,206,151) (S 359,532,191) (D 0,0,0)
 0 1 3 8904 15221  16 (D 0,0,0) (S 424,532,585) (S 418,585,206) (S 120,206,207) (S 121,208,209) (S 386,209,558) (S 789,558,826) (S 782,826,208) (S 482,207,590) (S 423,590,589) (S 422,588,589) (S 114,195,194) (S 113,194,193) (S 112,193,192) (S 755,191,4) (D 0,0,0)
 0 1 4 8999 19312  22 (D 0,0,0) (S 613,734,621) (S 470,620,621) (S 301,458,459) (S 472,459,353) (S 484,622,505) (S 485,505,632) (S 815,632,829) (S 786,829,71) (S 785,71,407) (S 263,407,408) (S 716,70,406) (S 262,406,405) (S 458,403,613) (S 260,403,170) (S 616,170,449) (S 615,449,736) (S 638,736,739) (S 639,739,418) (S 273,418,419) (S 295,419,451) (D 0,0,0)
 0 1 5 8946 16028  23 (D 0,0,0) (S 213,351,352) (S 757,352,451) (S 758,451,65) (S 35,66,67) (S 617,67,170) (S 261,403,404) (S 416,404,68) (S 486,69,405) (S 487,405,633) (S 477,627,626) (S 725,626,581) (S 637,582,313) (S 183,313,310) (S 182,310,311) (S 293,312,449) (S 294,449,450) (S 620,450,171) (S 619,171,66) (S 759,65,816) (S 760,733,734) (S 761,734,4) (D 0,0,0)
 0 1 6 8947 18279  15 (D 0,0,0) (S 471,621,459) (S 474,622,623) (S 475,623,624) (S 476,624,625) (S 788,624,830) (S 787,624,829) (S 814,838,829) (S 39,71,70) (S 38,70,69) (S 37,69,68) (S 36,68,67) (S 34,66,65) (S 818,816,787) (D 0,0,0)
 0 1 7 8977 17131  24 (D 0,0,0) (S 349,521,520) (S 192,325,326) (S 270,327,415) (S 287,415,435) (S 625,53,454) (S 298,454,455) (S 299,455,456) (S 300,456,457) (S 494,456,58) (S 30,58,57) (S 411,57,579) (S 579,579,701) (S 722,790,660) (S 522,659,660) (S 721,660,793) (S 720,793,785) (S 708,785,784) (S 707,649,784) (S 710,784,786) (S 709,784,437) (S 641,437,330) (S 346,519,416) (D 0,0,0)
 0 1 8 8981 19000  20 (D 0,0,0) (S 622,519,328) (S 587,329,436) (S 586,436,703) (S 92,166,165) (S 91,164,165) (S 574,165,700) (S 577,700,636) (S 493,636,635) (S 668,758,760) (S 667,758,759) (S 666,758,635) (S 492,635,439) (S 276,422,423) (S 491,422,439) (S 288,439,438) (S 414,580,332) (S 197,332,331) (S 196,330,329) (D 0,0,0)
 0 1 9 8994 16587  17 (D 0,0,0) (S 347,351,416) (S 344,518,517) (S 342,515,514) (S 575,514,333) (S 576,333,481) (S 316,481,482) (S 315,481,59) (S 31,59,58) (S 578,636,579) (S 412,579,438) (S 413,438,580) (S 718,580,331) (S 195,329,328) (S 271,327,416) (S 348,351,520) (D 0,0,0)
 0 1 10 8961 15978  18 (D 0,0,0) (S 212,351,326) (S 193,326,327) (S 286,415,434) (S 752,434,705) (S 453,52,453) (S 452,453,571) (S 451,571,472) (S 450,472,96) (S 51,96,95) (S 627,95,591) (S 626,591,454) (S 297,454,453) (S 581,607,704) (S 624,704,435) (S 623,435,328) (S 194,328,327) (D 0,0,0)
 0 1 11 8895 19385  15 (D 0,0,0) (S 211,326,350) (S 94,168,169) (S 439,169,62) (S 438,62,167) (S 93,167,166) (S 717,166,702) (S 719,701,56) (S 28,56,55) (S 723,55,794) (S 766,794,819) (S 765,794,51) (S 25,51,52) (S 26,52,53) (D 0,0,0)
 0 1 12 8975 28854  21 (D 0,0,0) (S 27,54,55) (S 29,56,57) (S 495,456,562) (S 390,562,563) (S 496,562,93) (S 653,637,749) (S 81,147,148) (S 82,148,149) (S 80,147,146) (S 79,146,145) (S 199,336,144) (S 78,144,145) (S 630,145,742) (S 629,202,741) (S 631,97,690) (S 632,691,360) (S 219,359,358) (S 323,320,494) (S 807,719,708) (D 0,0,0)
 0 1 13 8997 14767  28 (D 0,0,0) (S 673,708,673) (S 533,673,524) (S 532,524,16) (S 8,16,15) (S 7,15,14) (S 751,14,525) (S 750,525,762) (S 749,762,718) (S 794,718,832) (S 809,832,317) (S 810,317,835) (S 187,317,318) (S 188,318,319) (S 189,319,320) (S 190,320,321) (S 216,321,356) (S 217,322,357) (S 753,814,788) (S 715,788,495) (S 714,495,325) (S 191,325,324) (S 480,631,324) (S 589,324,433) (S 588,433,708) (S 806,708,522) (S 538,676,677) (D 0,0,0)
 0 1 14 8967 19184  30 (D 0,0,0) (S 540,674,672) (S 541,672,431) (S 209,346,347) (S 795,347,526) (S 365,527,368) (S 233,368,369) (S 236,40,373) (S 237,373,374) (S 521,373,658) (S 520,373,84) (S 45,83,84) (S 46,84,42) (S 20,42,43) (S 648,657,746) (S 647,657,43) (S 769,822,823) (S 768,821,822) (S 646,43,745) (S 529,670,261) (S 530,261,342) (S 203,341,342) (S 204,342,343) (S 205,343,265) (S 206,265,344) (S 207,344,345) (S 208,345,346) (S 334,506,177) (S 531,179,672) (D 0,0,0)
 0 1 15 8867 16276  33 (D 0,0,0) (S 534,674,17) (S 284,15,431) (S 283,431,178) (S 600,507,344) (S 241,380,264) (S 150,264,263) (S 238,263,86) (S 239,86,375) (S 340,512,375) (S 341,375,513) (S 419,513,369) (S 234,369,370) (S 528,370,669) (S 596,371,715) (S 762,817,715) (S 597,715,372) (S 235,372,40) (S 756,39,815) (S 462,616,39) (S 19,40,41) (S 339,41,512) (S 763,512,85) (S 47,85,86) (S 599,86,380) (S 151,264,265) (S 336,266,507) (S 335,507,177) (S 98,178,179) (S 99,179,180) (S 535,180,674) (S 539,653,677) (D 0,0,0)
 0 1 16 8984 14975  24 (D 0,0,0) (S 481,521,324) (S 285,433,432) (S 793,432,443) (S 456,319,534) (S 292,448,447) (S 547,447,646) (S 510,646,647) (S 511,647,648) (S 695,647,611) (S 694,611,774) (S 692,773,774) (S 693,774,775) (S 455,612,448) (S 362,534,445) (S 290,445,318) (S 186,317,316) (S 797,316,761) (S 672,535,761) (S 796,761,526) (S 351,526,525) (S 333,14,506) (S 542,506,431) (D 0,0,0)
 0 1 17 8837 19405  17 (D 0,0,0) (S 350,523,524) (S 364,527,535) (S 363,535,445) (S 699,612,647) (S 509,646,575) (S 404,575,497) (S 54,100,99) (S 444,99,600) (S 222,362,98) (S 53,98,97) (S 52,97,96) (S 307,472,471) (S 198,334,335) (S 790,335,357) (S 791,357,814) (D 0,0,0)
 0 1 18 8948 27367  17 (D 0,0,0) (S 457,443,319) (S 704,446,452) (S 166,154,291) (S 353,291,155) (S 354,155,529) (S 829,529,614) (S 459,614,156) (S 86,156,157) (S 85,156,155) (S 449,155,363) (S 223,363,242) (S 167,291,242) (S 137,242,241) (S 352,241,291) (S 75,136,137) (D 0,0,0)
 0 1 19 8893 33763  15 (D 0,0,0) (S 296,452,427) (S 703,426,779) (S 700,779,239) (S 701,239,780) (S 136,238,237) (S 680,140,391) (S 679,140,152) (S 83,152,153) (S 678,152,236) (S 677,236,424) (S 602,721,722) (S 702,425,781) (S 277,425,426) (D 0,0,0)
 0 1 20 8992 33858  16 (D 0,0,0) (S 221,360,361) (S 465,22,483) (S 466,483,492) (S 322,491,492) (S 467,492,617) (S 611,617,730) (S 468,617,618) (S 469,618,619) (S 671,618,488) (S 593,710,711) (S 320,489,490) (S 321,484,21) (S 9,21,20) (S 557,689,599) (D 0,0,0)
 0 1 21 8977 29500  20 (D 0,0,0) (S 669,606,689) (S 556,503,20) (S 554,485,688) (S 553,688,493) (S 324,489,496) (S 552,496,493) (S 781,688,667) (S 780,667,825) (S 822,825,464) (S 304,464,465) (S 524,465,665) (S 525,665,666) (S 778,665,440) (S 427,594,440) (S 289,440,441) (S 821,441,825) (S 555,485,20) (S 331,503,502) (D 0,0,0)
 0 1 22 8984 35325  19 (D 0,0,0) (S 558,690,599) (S 201,339,340) (S 383,340,473) (S 309,474,475) (S 308,474,473) (S 382,473,469) (S 381,469,556) (S 774,556,641) (S 499,640,641) (S 500,641,468) (S 306,468,467) (S 549,467,684) (S 305,467,466) (S 560,692,466) (S 777,693,662) (S 523,661,662) (S 779,440,825) (D 0,0,0)
 0 1 23 8971 39267  16 (D 0,0,0) (S 526,667,442) (S 527,442,668) (S 776,693,683) (S 548,682,683) (S 775,683,641) (S 773,556,303) (S 177,302,303) (S 772,303,308) (S 771,824,308) (S 181,307,308) (S 178,303,304) (S 179,304,305) (S 202,340,18) (S 688,19,769) (D 0,0,0)
 0 1 24 8995 24965  18 (D 0,0,0) (S 559,471,691) (S 440,599,362) (S 441,362,600) (S 463,600,502) (S 464,502,22) (S 10,22,23) (S 610,23,729) (S 11,23,24) (S 12,24,25) (S 508,501,101) (S 56,101,102) (S 55,101,100) (S 325,461,497) (S 403,497,574) (S 218,358,322) (S 792,494,443) (D 0,0,0)
 0 1 25 8962 30244  17 (D 0,0,0) (S 713,520,325) (S 628,95,741) (S 670,707,638) (S 497,638,200) (S 550,476,685) (S 77,143,142) (S 310,142,476) (S 42,78,79) (S 813,837,639) (S 498,639,200) (S 116,200,201) (S 583,201,707) (S 584,94,592) (S 426,592,593) (S 425,592,591) (D 0,0,0)
 0 1 26 8961 28546  22 (D 0,0,0) (S 580,704,703) (S 585,703,54) (S 50,94,93) (S 49,92,91) (S 601,282,720) (S 160,282,283) (S 159,282,281) (S 634,281,743) (S 158,281,280) (S 603,280,723) (S 157,279,280) (S 633,281,477) (S 311,477,92) (S 690,478,771) (S 312,478,479) (S 691,479,772) (S 313,479,480) (S 689,480,770) (S 314,480,59) (S 32,59,60) (D 0,0,0)
 0 1 27 8985 20732  22 (D 0,0,0) (S 447,602,604) (S 478,605,628) (S 448,605,604) (S 445,603,602) (S 446,602,517) (S 343,517,516) (S 490,515,634) (S 659,634,629) (S 479,629,630) (S 489,634,627) (S 488,627,633) (S 635,744,633) (S 636,633,582) (S 415,582,581) (S 724,581,776) (S 696,776,735) (S 614,735,518) (S 345,518,519) (S 621,519,740) (S 272,417,416) (D 0,0,0)
 0 1 28 6193 16614  12 (D 0,0,0) (S 612,732,731) (S 640,731,28) (S 14,28,27) (S 551,686,663) (S 674,686,27) (S 13,26,27) (S 649,747,727) (S 609,727,728) (S 754,728,4) (S 1,0,1) (D 0,0,0)
 0 1 29 8957 14390  16 (D 0,0,0) (S 302,192,355) (S 215,355,354) (S 224,354,193) (S 214,354,353) (S 473,584,622) (S 483,622,195) (S 115,195,196) (S 537,196,623) (S 332,505,504) (S 417,504,583) (S 816,583,737) (S 618,737,738) (S 817,738,816) (S 711,787,3) (D 0,0,0)
 0 1 30 8874 22101  18 (D 0,0,0) (S 590,709,139) (S 76,138,139) (S 591,139,554) (S 592,554,573) (S 595,572,714) (S 401,572,573) (S 402,573,359) (S 220,359,360) (S 303,361,460) (S 443,460,574) (S 442,574,601) (S 706,601,337) (S 200,337,338) (S 705,601,446) (S 291,446,447) (S 808,832,719) (D 0,0,0)
 0 1 31 8967 33812  23 (D 0,0,0) (S 384,557,215) (S 65,115,118) (S 66,118,119) (S 68,119,121) (S 800,121,33) (S 15,33,34) (S 16,34,35) (S 567,120,35) (S 17,35,36) (S 568,35,10) (S 569,10,189) (S 570,189,698) (S 109,189,188) (S 571,699,188) (S 108,188,12) (S 6,12,13) (S 5,12,11) (S 4,10,11) (S 572,11,34) (S 573,34,120) (S 67,120,119) (D 0,0,0)
 0 1 32 8937 26956  12 (D 0,0,0) (S 149,258,257) (S 227,257,366) (S 410,366,578) (S 409,578,567) (S 144,249,250) (S 131,225,226) (S 132,227,228) (S 152,227,256) (S 148,256,257) (S 226,257,365) (D 0,0,0)
 0 1 33 8892 33500  20 (D 0,0,0) (S 733,118,799) (S 734,799,798) (S 735,798,800) (S 736,800,187) (S 107,187,123) (S 803,124,765) (S 801,833,834) (S 802,834,765) (S 675,765,764) (S 823,764,125) (S 738,125,803) (S 70,125,124) (S 804,124,801) (S 805,801,111) (S 106,112,185) (S 744,185,114) (S 64,114,115) (S 230,293,367) (D 0,0,0)
 0 1 34 8789 35599  16 (D 0,0,0) (S 398,567,568) (S 143,249,248) (S 367,248,537) (S 838,846,544) (S 839,544,847) (S 845,847,845) (S 103,183,108) (S 60,108,109) (S 826,109,45) (S 22,45,46) (S 102,46,182) (S 746,182,806) (S 245,385,386) (S 278,428,392) (D 0,0,0)
 0 1 35 8946 26596  17 (D 0,0,0) (S 389,214,561) (S 820,608,577) (S 566,536,285) (S 161,284,285) (S 162,285,286) (S 407,286,364) (S 225,364,29) (S 244,30,384) (S 243,30,383) (S 379,553,383) (S 242,383,382) (S 405,382,576) (S 406,576,286) (S 163,286,287) (S 454,287,29) (D 0,0,0)
 0 1 36 8951 33433  22 (D 0,0,0) (S 546,287,576) (S 545,576,681) (S 128,222,221) (S 686,712,38) (S 687,38,134) (S 73,134,133) (S 135,132,235) (S 501,642,234) (S 377,549,550) (S 133,232,233) (S 134,234,132) (S 399,131,564) (S 400,564,570) (S 429,570,277) (S 172,276,135) (S 74,135,134) (S 594,712,713) (S 685,221,381) (S 563,697,381) (S 564,381,681) (D 0,0,0)
 0 1 37 8915 30275  27 (D 0,0,0) (S 408,567,577) (S 366,536,248) (S 142,248,247) (S 503,247,223) (S 502,643,223) (S 129,223,224) (S 170,295,296) (S 173,296,297) (S 431,297,463) (S 126,217,218) (S 171,218,276) (S 156,276,277) (S 165,278,289) (S 164,288,278) (S 125,216,217) (S 430,217,463) (S 432,297,538) (S 369,538,224) (S 130,224,225) (S 394,225,566) (S 507,566,644) (S 395,566,547) (S 375,546,547) (S 396,547,249) (S 397,249,567) (D 0,0,0)
 0 1 38 8591 18673  13 (D 0,0,0) (S 770,695,81) (S 43,80,81) (S 110,82,190) (S 111,190,191) (S 361,150,533) (S 118,151,205) (S 117,204,205) (S 783,205,557) (S 385,557,306) (S 176,300,301) (S 784,301,557) (D 0,0,0)
 0 1 39 8851 29797  19 (D 0,0,0) (S 328,499,398) (S 327,398,498) (S 246,386,387) (S 247,387,388) (S 248,388,389) (S 249,389,390) (S 338,389,500) (S 330,500,89) (S 48,89,88) (S 461,88,597) (S 437,597,598) (S 436,597,530) (S 358,530,531) (S 357,530,89) (S 356,89,397) (S 355,397,529) (S 84,155,154) (D 0,0,0)
 0 1 40 8888 41938  18 (D 0,0,0) (S 460,614,88) (S 830,615,842) (S 831,842,680) (S 812,679,252) (S 146,252,231) (S 145,251,231) (S 153,272,230) (S 154,230,273) (S 147,254,255) (S 175,254,229) (S 378,552,299) (S 174,299,229) (S 836,842,844) (S 428,135,38) (S 18,37,38) (S 544,595,222) (D 0,0,0)
 0 1 41 8960 33088  27 (D 0,0,0) (S 127,218,219) (S 391,219,211) (S 319,486,487) (S 318,486,274) (S 155,274,275) (S 317,274,246) (S 140,246,245) (S 664,160,757) (S 665,757,724) (S 660,757,127) (S 661,127,756) (S 275,420,421) (S 608,421,726) (S 811,726,802) (S 737,802,795) (S 728,795,162) (S 90,162,163) (S 729,795,796) (S 767,796,243) (S 138,243,244) (S 139,244,130) (S 72,130,129) (S 650,129,244) (S 543,133,595) (S 565,681,285) (D 0,0,0)
 0 1 42 8995 34801  23 (D 0,0,0) (S 505,548,537) (S 504,247,537) (S 368,537,224) (S 604,540,470) (S 373,541,542) (S 374,542,543) (S 833,543,813) (S 748,813,810) (S 834,813,113) (S 835,113,805) (S 740,805,797) (S 730,797,798) (S 731,798,122) (S 69,123,124) (S 824,125,110) (S 61,110,111) (S 62,111,112) (S 741,186,805) (S 739,797,804) (S 798,804,799) (S 799,799,121) (D 0,0,0)
 0 1 43 8999 24988  12 (D 0,0,0) (S 228,366,226) (S 434,367,565) (S 95,173,158) (S 372,540,541) (S 656,541,754) (S 657,754,755) (S 232,115,174) (S 231,174,293) (S 168,293,294) (S 388,294,258) (D 0,0,0)
 0 1 44 8949 27224  14 (D 0,0,0) (S 828,609,578) (S 376,547,548) (S 506,548,566) (S 393,225,565) (S 433,565,596) (S 732,596,173) (S 96,173,174) (S 97,174,175) (S 743,175,348) (S 210,348,292) (S 435,292,269) (S 229,367,226) (D 0,0,0)
 0 1 45 8984 28902  25 (D 0,0,0) (S 392,462,219) (S 122,210,211) (S 123,211,212) (S 124,212,213) (S 141,213,246) (S 185,246,315) (S 652,315,748) (S 651,129,748) (S 663,748,160) (S 88,160,128) (S 89,128,161) (S 274,161,420) (S 662,420,756) (S 658,756,725) (S 607,725,126) (S 71,126,127) (S 606,126,724) (S 605,724,314) (S 184,314,159) (S 87,159,158) (S 371,158,539) (S 370,539,295) (S 169,295,294) (D 0,0,0)
 0 1 46 8945 35040  22 (D 0,0,0) (S 655,541,753) (S 848,753,841) (S 847,841,843) (S 846,843,847) (S 840,847,106) (S 842,47,848) (S 841,47,106) (S 58,106,105) (S 832,105,48) (S 23,48,49) (S 24,49,50) (S 654,49,103) (S 57,104,105) (S 59,106,107) (S 837,107,845) (S 844,845,183) (S 843,849,183) (S 104,183,184) (S 105,184,185) (S 63,112,113) (D 0,0,0)
 0 1 47 8881 43326  11 (D 0,0,0) (S 825,110,809) (S 21,44,45) (S 827,812,76) (S 41,76,77) (S 747,812,182) (S 101,182,75) (S 100,181,75) (S 40,75,74) (S 727,399,652) (D 0,0,0)
 0 1 48 8857 34136  17 (D 0,0,0) (S 251,393,392) (S 250,392,391) (S 681,391,385) (S 682,385,376) (S 683,766,73) (S 742,74,806) (S 745,806,767) (S 684,767,73) (S 726,766,429) (S 281,429,412) (S 282,412,430) (S 267,412,413) (S 257,378,387) (S 256,387,398) (S 255,398,394) (D 0,0,0)
 0 1 49 8823 32384  22 (D 0,0,0) (S 252,394,393) (S 697,777,393) (S 698,393,498) (S 326,498,428) (S 279,428,386) (S 280,386,377) (S 240,377,378) (S 258,378,399) (S 264,409,400) (S 265,400,410) (S 266,410,411) (S 269,410,401) (S 259,400,401) (S 268,401,414) (S 512,414,652) (S 513,652,388) (S 514,388,499) (S 329,499,500) (S 254,397,396) (S 253,396,395) (D 0,0,0)
