1259025
49
3600533
3536612
 0 1 1 8979 15570  14 (D 0,0,0) (S 1,0,1) (S 360,532,150) (S 361,150,533) (S 180,151,306) (S 385,306,557) (S 783,557,205) (S 117,204,205) (S 118,205,151) (S 119,151,206) (S 418,206,585) (S 424,585,532) (S 359,532,191) (D 0,0,0)
 0 1 2 8914 21026  17 (D 0,0,0) (S 761,4,734) (S 613,734,621) (S 470,620,621) (S 471,621,459) (S 301,458,459) (S 472,459,353) (S 474,622,623) (S 475,623,624) (S 476,624,625) (S 788,624,830) (S 787,624,829) (S 814,838,829) (S 786,829,71) (S 39,71,70) (S 262,406,405) (D 0,0,0)
 0 1 3 8634 19680  16 (D 0,0,0) (S 636,582,633) (S 490,634,515) (S 342,515,514) (S 575,514,333) (S 576,333,481) (S 316,481,482) (S 315,481,59) (S 32,59,60) (S 31,59,58) (S 29,57,56) (S 719,701,56) (S 28,56,55) (S 580,703,704) (S 623,435,328) (D 0,0,0)
 0 1 4 8980 16524  20 (D 0,0,0) (S 192,325,326) (S 287,415,435) (S 624,435,704) (S 581,704,607) (S 26,52,53) (S 625,53,454) (S 298,454,455) (S 299,455,456) (S 300,456,457) (S 494,456,58) (S 30,58,57) (S 411,57,579) (S 412,579,438) (S 414,580,332) (S 197,332,331) (S 196,330,329) (S 195,329,328) (S 622,328,519) (D 0,0,0)
 0 1 5 8515 14318  24 (D 0,0,0) (S 33,63,64) (S 758,65,451) (S 273,419,418) (S 639,418,739) (S 638,739,736) (S 615,736,449) (S 293,449,312) (S 182,310,311) (S 183,310,313) (S 637,313,582) (S 415,582,581) (S 724,581,776) (S 696,776,735) (S 614,735,518) (S 345,518,519) (S 621,519,740) (S 272,417,416) (S 212,351,326) (S 191,325,324) (S 480,631,324) (S 589,324,433) (S 588,433,708) (D 0,0,0)
 0 1 6 8768 19703  28 (D 0,0,0) (S 347,351,416) (S 346,416,519) (S 344,518,517) (S 446,517,602) (S 445,602,603) (S 478,605,628) (S 448,605,604) (S 447,604,602) (S 343,517,516) (S 276,422,423) (S 491,422,439) (S 667,758,759) (S 668,758,760) (S 666,758,635) (S 493,635,636) (S 578,636,579) (S 579,579,701) (S 722,790,660) (S 522,659,660) (S 721,660,793) (S 720,793,785) (S 708,785,784) (S 710,784,786) (S 707,649,784) (S 709,784,437) (S 641,437,330) (D 0,0,0)
 0 1 7 8535 16077  14 (D 0,0,0) (S 193,326,327) (S 270,327,415) (S 286,415,434) (S 752,434,705) (S 25,52,51) (S 765,51,794) (S 766,794,819) (S 723,794,55) (S 27,55,54) (S 585,54,703) (S 586,703,436) (S 587,436,329) (D 0,0,0)
 0 1 8 8874 27345  21 (D 0,0,0) (S 717,702,166) (S 314,59,480) (S 689,480,770) (S 313,480,479) (S 691,479,772) (S 312,479,478) (S 690,478,771) (S 311,92,477) (S 633,477,281) (S 157,279,280) (S 603,280,723) (S 158,280,281) (S 634,281,743) (S 159,281,282) (S 601,282,720) (S 160,282,283) (S 49,91,92) (S 50,93,94) (S 584,94,592) (D 0,0,0)
 0 1 9 8988 32552  16 (D 0,0,0) (S 495,456,562) (S 390,562,563) (S 496,562,93) (S 653,637,749) (S 813,837,639) (S 498,639,200) (S 42,78,79) (S 550,476,685) (S 310,476,142) (S 77,142,143) (S 497,200,638) (S 670,638,707) (S 426,592,593) (S 425,592,591) (D 0,0,0)
 0 1 10 8949 25792  20 (D 0,0,0) (S 453,52,453) (S 452,453,571) (S 451,571,472) (S 51,96,95) (S 583,707,201) (S 116,200,201) (S 82,148,149) (S 81,148,147) (S 80,147,146) (S 79,146,145) (S 630,145,742) (S 78,145,144) (S 199,336,144) (S 629,202,741) (S 628,741,95) (S 627,95,591) (S 626,591,454) (S 297,454,453) (D 0,0,0)
 0 1 11 9000 25549  18 (D 0,0,0) (S 443,574,460) (S 444,99,600) (S 464,502,22) (S 10,22,23) (S 610,23,729) (S 11,23,24) (S 12,24,25) (S 508,501,101) (S 56,101,102) (S 55,101,100) (S 54,100,99) (S 303,460,361) (S 221,361,360) (S 791,357,814) (S 753,814,788) (S 715,788,495) (D 0,0,0)
 0 1 12 8818 20276  15 (D 0,0,0) (S 217,357,322) (S 632,360,691) (S 631,690,97) (S 669,606,689) (S 557,689,599) (S 440,599,362) (S 222,362,98) (S 53,98,97) (S 52,97,96) (S 450,96,472) (S 307,472,471) (S 198,334,335) (S 714,495,325) (D 0,0,0)
 0 1 13 8783 16456  19 (D 0,0,0) (S 349,521,520) (S 271,416,327) (S 194,327,328) (S 718,331,580) (S 413,580,438) (S 288,438,439) (S 492,439,635) (S 577,636,700) (S 574,700,165) (S 91,164,165) (S 92,165,166) (S 93,166,167) (S 438,167,62) (S 439,62,169) (S 94,168,169) (S 211,350,326) (S 713,325,520) (D 0,0,0)
 0 1 14 8924 14508  22 (D 0,0,0) (S 481,521,324) (S 285,433,432) (S 793,432,443) (S 457,443,319) (S 456,319,534) (S 292,448,447) (S 547,447,646) (S 510,646,647) (S 511,647,648) (S 695,647,611) (S 694,611,774) (S 692,773,774) (S 693,774,775) (S 455,612,448) (S 362,534,445) (S 290,445,318) (S 187,318,317) (S 186,317,316) (S 797,316,761) (S 673,673,708) (D 0,0,0)
 0 1 15 8973 18626  22 (D 0,0,0) (S 807,708,719) (S 808,719,832) (S 792,443,494) (S 323,494,320) (S 218,322,358) (S 591,554,139) (S 590,709,139) (S 76,138,139) (S 592,554,573) (S 401,573,572) (S 595,572,714) (S 402,573,359) (S 219,359,358) (S 216,321,356) (S 190,321,320) (S 189,320,319) (S 794,832,718) (S 749,718,762) (S 750,762,525) (S 350,524,523) (D 0,0,0)
 0 1 16 8664 20000  27 (D 0,0,0) (S 8,16,15) (S 333,14,506) (S 239,375,86) (S 47,86,85) (S 763,85,512) (S 19,41,40) (S 236,40,373) (S 237,373,374) (S 521,373,658) (S 520,373,84) (S 45,83,84) (S 46,84,42) (S 20,42,43) (S 768,821,822) (S 769,822,823) (S 648,657,746) (S 647,657,43) (S 646,43,745) (S 764,745,670) (S 519,656,655) (S 598,716,655) (S 518,655,262) (S 582,654,82) (S 44,82,81) (S 43,80,81) (D 0,0,0)
 0 1 17 8667 18919  16 (D 0,0,0) (S 562,695,696) (S 770,695,81) (S 110,82,190) (S 111,190,191) (S 755,191,4) (S 754,4,728) (S 609,728,727) (S 649,747,727) (S 13,26,27) (S 674,27,686) (S 551,686,663) (S 14,27,28) (S 640,28,731) (S 612,731,732) (D 0,0,0)
 0 1 18 8454 12961  20 (D 0,0,0) (S 561,0,677) (S 819,63,787) (S 818,787,816) (S 759,816,65) (S 619,66,171) (S 294,450,449) (S 616,449,170) (S 617,170,67) (S 36,67,68) (S 416,68,404) (S 261,404,403) (S 458,403,613) (S 260,403,170) (S 620,171,450) (S 295,419,451) (S 757,451,352) (S 213,352,351) (S 348,351,520) (D 0,0,0)
 0 1 19 8710 14165  31 (D 0,0,0) (S 538,676,677) (S 517,653,63) (S 516,63,8) (S 515,8,555) (S 380,555,509) (S 2,5,6) (S 3,6,7) (S 536,7,675) (S 642,675,671) (S 643,671,508) (S 644,343,260) (S 645,260,745) (S 529,670,261) (S 530,261,342) (S 203,341,342) (S 204,342,343) (S 205,343,265) (S 206,265,344) (S 599,380,86) (S 238,86,263) (S 150,263,264) (S 241,380,264) (S 151,264,265) (S 337,508,266) (S 336,266,507) (S 334,177,506) (S 542,506,431) (S 541,431,672) (S 539,653,677) (D 0,0,0)
 0 1 20 8908 16314  35 (D 0,0,0) (S 535,674,180) (S 99,180,179) (S 335,177,507) (S 600,507,344) (S 207,344,345) (S 208,345,346) (S 209,346,347) (S 795,347,526) (S 796,526,761) (S 672,761,535) (S 364,535,527) (S 365,527,368) (S 419,369,513) (S 341,513,375) (S 340,375,512) (S 339,512,41) (S 756,39,815) (S 462,616,39) (S 235,40,372) (S 597,372,715) (S 762,817,715) (S 596,715,371) (S 528,370,669) (S 234,370,369) (S 233,369,368) (S 351,526,525) (S 751,525,14) (S 7,14,15) (S 284,15,431) (S 283,431,178) (S 98,178,179) (S 531,179,672) (S 540,672,674) (D 0,0,0)
 0 1 21 8783 19359  18 (D 0,0,0) (S 810,317,835) (S 188,318,319) (S 699,612,647) (S 509,646,575) (S 404,575,497) (S 325,461,497) (S 403,497,574) (S 442,574,601) (S 200,337,338) (S 706,337,601) (S 705,601,446) (S 291,446,447) (S 363,445,535) (S 533,673,524) (S 532,524,16) (S 534,17,674) (D 0,0,0)
 0 1 22 8993 33838  16 (D 0,0,0) (S 790,357,335) (S 559,471,691) (S 558,690,599) (S 556,503,20) (S 320,490,489) (S 593,710,711) (S 671,488,618) (S 469,618,619) (S 468,618,617) (S 611,617,730) (S 467,617,492) (S 322,491,492) (S 466,492,483) (S 465,483,22) (D 0,0,0)
 0 1 23 8923 27512  22 (D 0,0,0) (S 554,485,688) (S 780,667,825) (S 822,825,464) (S 304,464,465) (S 524,465,665) (S 778,665,440) (S 427,594,440) (S 289,440,441) (S 527,442,668) (S 526,442,667) (S 781,667,688) (S 553,688,493) (S 552,493,496) (S 324,496,489) (S 321,484,21) (S 9,21,20) (S 331,503,502) (S 463,502,600) (S 441,600,362) (S 220,360,359) (D 0,0,0)
 0 1 24 8943 36263  17 (D 0,0,0) (S 555,20,485) (S 779,825,440) (S 525,665,666) (S 523,661,662) (S 776,693,683) (S 548,682,683) (S 775,683,641) (S 499,640,641) (S 774,641,556) (S 381,556,469) (S 382,469,473) (S 308,473,474) (S 309,474,475) (S 383,473,340) (S 201,339,340) (D 0,0,0)
 0 1 25 8994 38833  18 (D 0,0,0) (S 688,19,769) (S 202,18,340) (S 179,304,305) (S 178,304,303) (S 772,303,308) (S 181,307,308) (S 771,824,308) (S 177,302,303) (S 773,303,556) (S 500,641,468) (S 306,468,467) (S 549,467,684) (S 305,467,466) (S 560,692,466) (S 777,693,662) (S 821,441,825) (D 0,0,0)
 0 1 26 8960 27383  17 (D 0,0,0) (S 75,136,137) (S 137,242,241) (S 352,241,291) (S 353,291,155) (S 85,155,156) (S 86,156,157) (S 459,156,614) (S 829,614,529) (S 354,529,155) (S 449,155,363) (S 223,363,242) (S 167,242,291) (S 166,291,154) (S 704,452,446) (S 809,317,832) (D 0,0,0)
 0 1 27 8893 33763  15 (D 0,0,0) (S 296,452,427) (S 277,426,425) (S 702,425,781) (S 602,721,722) (S 677,424,236) (S 678,236,152) (S 83,152,153) (S 679,152,140) (S 680,140,391) (S 136,237,238) (S 701,239,780) (S 700,239,779) (S 703,779,426) (D 0,0,0)
 0 1 28 8903 19213  17 (D 0,0,0) (S 725,581,626) (S 477,626,627) (S 489,627,634) (S 659,634,629) (S 479,629,630) (S 488,627,633) (S 635,744,633) (S 487,633,405) (S 486,405,69) (S 332,505,504) (S 417,504,583) (S 816,583,737) (S 618,737,738) (S 817,738,816) (S 760,733,734) (D 0,0,0)
 0 1 29 8383 15268  18 (D 0,0,0) (S 302,192,355) (S 215,355,354) (S 214,354,353) (S 473,584,622) (S 484,622,505) (S 485,505,632) (S 815,632,829) (S 785,71,407) (S 263,407,408) (S 716,406,70) (S 38,70,69) (S 37,69,68) (S 35,67,66) (S 34,66,65) (S 712,64,787) (S 711,787,3) (D 0,0,0)
 0 1 30 8975 18282  16 (D 0,0,0) (S 224,354,193) (S 114,194,195) (S 483,195,622) (S 537,623,196) (S 422,589,588) (S 121,208,209) (S 386,209,558) (S 789,558,826) (S 782,826,208) (S 482,207,590) (S 423,590,589) (S 115,196,195) (S 113,194,193) (S 112,193,192) (D 0,0,0)
 0 1 31 8992 35744  18 (D 0,0,0) (S 806,522,708) (S 698,393,498) (S 326,498,428) (S 279,428,386) (S 245,386,385) (S 40,74,75) (S 100,181,75) (S 101,75,182) (S 102,182,46) (S 22,46,45) (S 60,109,108) (S 103,108,183) (S 104,183,184) (S 838,846,544) (S 374,543,542) (S 373,542,541) (D 0,0,0)
 0 1 32 8962 34523  22 (D 0,0,0) (S 372,540,541) (S 655,541,753) (S 848,753,841) (S 847,841,843) (S 846,843,847) (S 840,847,106) (S 841,106,47) (S 842,47,848) (S 23,48,49) (S 832,48,105) (S 57,104,105) (S 58,105,106) (S 59,106,107) (S 837,107,845) (S 844,845,183) (S 843,849,183) (S 845,845,847) (S 839,847,544) (S 833,543,813) (S 657,754,755) (D 0,0,0)
 0 1 33 9000 33799  23 (D 0,0,0) (S 733,118,799) (S 799,799,121) (S 800,121,33) (S 15,33,34) (S 573,34,120) (S 567,120,35) (S 17,35,36) (S 568,35,10) (S 569,10,189) (S 570,189,698) (S 109,189,188) (S 571,699,188) (S 108,188,12) (S 6,12,13) (S 5,12,11) (S 4,10,11) (S 572,11,34) (S 16,34,35) (S 67,120,119) (S 66,119,118) (S 65,118,115) (D 0,0,0)
 0 1 34 8992 35611  22 (D 0,0,0) (S 68,119,121) (S 731,122,798) (S 730,798,797) (S 740,797,805) (S 739,797,804) (S 798,804,799) (S 734,799,798) (S 735,798,800) (S 736,800,187) (S 803,124,765) (S 802,765,834) (S 801,833,834) (S 675,765,764) (S 823,764,125) (S 738,125,803) (S 70,124,125) (S 824,125,110) (S 61,110,111) (S 62,111,112) (S 63,112,113) (D 0,0,0)
 0 1 35 8978 42484  11 (D 0,0,0) (S 825,110,809) (S 826,109,45) (S 21,44,45) (S 41,76,77) (S 827,76,812) (S 747,812,182) (S 746,182,806) (S 24,49,50) (S 654,49,103) (D 0,0,0)
 0 1 36 8905 31221  28 (D 0,0,0) (S 96,174,173) (S 604,540,470) (S 665,724,757) (S 664,160,757) (S 660,757,127) (S 607,126,725) (S 658,725,756) (S 662,756,420) (S 274,420,161) (S 89,161,128) (S 88,128,160) (S 663,160,748) (S 651,748,129) (S 72,129,130) (S 139,130,244) (S 650,244,129) (S 652,748,315) (S 185,315,246) (S 141,246,213) (S 124,213,212) (S 123,212,211) (S 122,210,211) (S 127,219,218) (S 170,296,295) (S 393,565,225) (S 394,225,566) (D 0,0,0)
 0 1 37 8992 31735  27 (D 0,0,0) (S 130,225,224) (S 392,462,219) (S 391,219,211) (S 319,486,487) (S 318,486,274) (S 155,274,275) (S 317,274,246) (S 140,246,245) (S 138,244,243) (S 767,243,796) (S 729,796,795) (S 728,795,162) (S 90,162,163) (S 737,795,802) (S 811,802,726) (S 608,726,421) (S 275,421,420) (S 661,756,127) (S 71,127,126) (S 606,126,724) (S 605,724,314) (S 184,314,159) (S 87,159,158) (S 368,224,537) (S 376,548,547) (D 0,0,0)
 0 1 38 8982 32616  18 (D 0,0,0) (S 504,247,537) (S 656,541,754) (S 748,810,813) (S 834,813,113) (S 835,113,805) (S 741,805,186) (S 107,187,123) (S 69,123,124) (S 804,124,801) (S 805,801,111) (S 106,112,185) (S 105,184,185) (S 744,185,114) (S 64,114,115) (S 232,115,174) (S 230,293,367) (D 0,0,0)
 0 1 39 8997 25315  11 (D 0,0,0) (S 388,258,294) (S 168,294,293) (S 231,293,174) (S 97,174,175) (S 743,175,348) (S 210,348,292) (S 435,292,269) (S 229,367,226) (S 227,366,257) (D 0,0,0)
 0 1 40 8925 24589  19 (D 0,0,0) (S 228,366,226) (S 434,367,565) (S 433,565,596) (S 732,596,173) (S 95,173,158) (S 371,158,539) (S 370,539,295) (S 369,538,224) (S 129,224,223) (S 502,643,223) (S 503,223,247) (S 142,247,248) (S 143,248,249) (S 397,249,567) (S 398,567,568) (S 410,578,366) (S 149,257,258) (D 0,0,0)
 0 1 41 8765 28020  10 (D 0,0,0) (S 820,608,577) (S 408,577,567) (S 507,566,644) (S 131,225,226) (S 132,227,228) (S 152,227,256) (S 148,256,257) (S 226,257,365) (D 0,0,0)
 0 1 42 8954 27687  20 (D 0,0,0) (S 384,557,215) (S 244,30,384) (S 243,30,383) (S 379,553,383) (S 242,383,382) (S 405,382,576) (S 406,576,286) (S 161,284,285) (S 566,285,536) (S 366,536,248) (S 367,248,537) (S 505,537,548) (S 506,548,566) (S 395,566,547) (S 375,546,547) (S 144,249,250) (S 409,567,578) (S 828,578,609) (D 0,0,0)
 0 1 43 8819 33769  25 (D 0,0,0) (S 454,29,287) (S 546,287,576) (S 545,576,681) (S 564,681,381) (S 563,697,381) (S 685,381,221) (S 594,712,713) (S 686,712,38) (S 18,37,38) (S 687,38,134) (S 135,132,235) (S 377,549,550) (S 133,232,233) (S 501,642,234) (S 134,234,132) (S 399,131,564) (S 400,564,570) (S 429,570,277) (S 164,288,278) (S 165,278,289) (S 432,297,538) (S 396,547,249) (S 389,561,214) (D 0,0,0)
 0 1 44 8997 20601  9 (D 0,0,0) (S 784,557,301) (S 176,301,300) (S 676,300,587) (S 420,586,587) (S 421,587,559) (S 387,559,209) (S 120,207,206) (D 0,0,0)
 0 1 45 8943 41664  18 (D 0,0,0) (S 163,287,286) (S 128,222,221) (S 428,38,135) (S 836,844,842) (S 812,679,252) (S 154,230,273) (S 147,254,255) (S 175,254,229) (S 174,229,299) (S 378,552,299) (S 153,272,230) (S 145,251,231) (S 146,231,252) (S 831,680,842) (S 830,842,615) (S 460,88,614) (D 0,0,0)
 0 1 46 8904 30356  20 (D 0,0,0) (S 253,395,396) (S 254,396,397) (S 356,397,89) (S 357,89,530) (S 358,530,531) (S 436,530,597) (S 437,597,598) (S 461,597,88) (S 48,88,89) (S 330,89,500) (S 338,500,389) (S 249,389,390) (S 248,389,388) (S 247,388,387) (S 327,398,498) (S 278,428,392) (S 251,392,393) (S 697,777,393) (D 0,0,0)
 0 1 47 8997 34136  17 (D 0,0,0) (S 252,394,393) (S 250,392,391) (S 681,391,385) (S 682,385,376) (S 684,73,767) (S 745,767,806) (S 742,806,74) (S 683,73,766) (S 726,766,429) (S 267,412,413) (S 282,412,430) (S 281,412,429) (S 258,399,378) (S 257,378,387) (S 255,398,394) (D 0,0,0)
 0 1 48 8924 33009  20 (D 0,0,0) (S 514,499,388) (S 513,388,652) (S 512,652,414) (S 268,414,401) (S 259,401,400) (S 264,409,400) (S 265,400,410) (S 266,410,411) (S 269,410,401) (S 727,652,399) (S 240,378,377) (S 280,377,386) (S 246,386,387) (S 256,387,398) (S 328,398,499) (S 329,499,500) (S 355,397,529) (S 84,155,154) (D 0,0,0)
 0 1 49 8631 26071  19 (D 0,0,0) (S 169,294,295) (S 173,296,297) (S 431,297,463) (S 430,463,217) (S 125,216,217) (S 126,217,218) (S 171,218,276) (S 156,276,277) (S 172,276,135) (S 74,135,134) (S 73,134,133) (S 543,133,595) (S 544,595,222) (S 565,681,285) (S 162,285,286) (S 407,286,364) (S 225,364,29) (D 0,0,0)
