1269428
49
3600610
3552150
 0 1 1 8957 33815  24 (D 0,0,0) (S 64,115,114) (S 835,113,805) (S 741,805,186) (S 107,187,123) (S 69,123,124) (S 823,125,764) (S 675,764,765) (S 801,833,834) (S 802,834,765) (S 803,765,124) (S 804,124,801) (S 736,187,800) (S 735,800,798) (S 734,798,799) (S 798,799,804) (S 739,804,797) (S 740,797,805) (S 730,797,798) (S 731,798,122) (S 68,121,119) (S 66,119,118) (S 65,118,115) (D 0,0,0)
 0 1 2 8921 17445  23 (D 0,0,0) (S 271,416,327) (S 270,327,415) (S 287,415,435) (S 580,704,703) (S 717,702,166) (S 92,166,165) (S 91,164,165) (S 574,165,700) (S 577,700,636) (S 493,636,635) (S 668,758,760) (S 667,758,759) (S 666,758,635) (S 492,635,439) (S 288,439,438) (S 413,438,580) (S 718,580,331) (S 195,329,328) (S 212,326,351) (S 348,351,520) (S 349,520,521) (D 0,0,0)
 0 1 3 8967 18877  32 (D 0,0,0) (S 204,343,342) (S 203,341,342) (S 530,342,261) (S 529,261,670) (S 764,670,745) (S 205,343,265) (S 151,265,264) (S 241,264,380) (S 599,380,86) (S 239,86,375) (S 340,375,512) (S 762,817,715) (S 597,715,372) (S 235,372,40) (S 756,39,815) (S 462,616,39) (S 596,371,715) (S 341,375,513) (S 419,513,369) (S 528,370,669) (S 234,370,369) (S 233,369,368) (S 365,368,527) (S 364,527,535) (S 672,535,761) (S 796,761,526) (S 795,526,347) (S 209,347,346) (S 541,431,672) (S 539,653,677) (D 0,0,0)
 0 1 4 8909 18049  30 (D 0,0,0) (S 538,676,677) (S 542,431,506) (S 208,346,345) (S 207,345,344) (S 206,344,265) (S 644,343,260) (S 645,260,745) (S 646,745,43) (S 768,821,822) (S 769,822,823) (S 647,43,657) (S 648,657,746) (S 20,43,42) (S 46,42,84) (S 45,83,84) (S 520,84,373) (S 521,373,658) (S 237,373,374) (S 236,373,40) (S 19,40,41) (S 339,41,512) (S 763,512,85) (S 47,85,86) (S 238,86,263) (S 150,263,264) (S 600,344,507) (S 99,179,180) (S 535,180,674) (D 0,0,0)
 0 1 5 8866 33537  18 (D 0,0,0) (S 254,396,397) (S 356,397,89) (S 330,89,500) (S 329,500,499) (S 513,388,652) (S 727,652,399) (S 259,400,401) (S 264,409,400) (S 265,400,410) (S 266,410,411) (S 269,410,401) (S 268,401,414) (S 512,414,652) (S 248,388,389) (S 357,530,89) (S 253,396,395) (D 0,0,0)
 0 1 6 8995 27610  17 (D 0,0,0) (S 621,740,519) (S 622,519,328) (S 670,707,638) (S 497,638,200) (S 813,837,639) (S 498,639,200) (S 77,143,142) (S 310,142,476) (S 550,476,685) (S 42,78,79) (S 116,200,201) (S 627,95,591) (S 626,591,454) (S 625,454,53) (S 624,704,435) (D 0,0,0)
 0 1 7 8996 30836  29 (D 0,0,0) (S 131,226,225) (S 130,225,224) (S 432,538,297) (S 430,463,217) (S 125,216,217) (S 126,217,218) (S 127,218,219) (S 122,210,211) (S 319,486,487) (S 318,486,274) (S 317,274,246) (S 140,246,245) (S 650,244,129) (S 651,129,748) (S 663,748,160) (S 664,160,757) (S 606,724,126) (S 71,126,127) (S 661,127,756) (S 658,756,725) (S 607,725,126) (S 660,127,757) (S 665,757,724) (S 605,724,314) (S 184,314,159) (S 87,159,158) (S 370,539,295) (D 0,0,0)
 0 1 8 8992 23931  16 (D 0,0,0) (S 194,327,328) (S 623,328,435) (S 30,57,58) (S 494,58,456) (S 300,456,457) (S 495,456,562) (S 390,562,563) (S 496,562,93) (S 653,637,749) (S 50,93,94) (S 426,592,593) (S 425,592,591) (S 297,454,453) (S 286,434,415) (D 0,0,0)
 0 1 9 8998 33799  22 (D 0,0,0) (S 231,293,174) (S 733,118,799) (S 799,799,121) (S 800,121,33) (S 15,33,34) (S 573,34,120) (S 567,120,35) (S 568,35,10) (S 569,10,189) (S 570,189,698) (S 109,189,188) (S 571,699,188) (S 108,188,12) (S 6,12,13) (S 5,12,11) (S 4,10,11) (S 572,11,34) (S 16,34,35) (S 17,35,36) (S 67,120,119) (D 0,0,0)
 0 1 10 8962 33556  19 (D 0,0,0) (S 255,394,398) (S 327,398,498) (S 245,386,385) (S 682,385,376) (S 683,766,73) (S 40,74,75) (S 100,181,75) (S 101,75,182) (S 102,182,46) (S 842,47,848) (S 841,47,106) (S 840,106,847) (S 839,847,544) (S 838,846,544) (S 833,543,813) (S 748,813,810) (S 657,754,755) (D 0,0,0)
 0 1 11 8927 40423  14 (D 0,0,0) (S 698,393,498) (S 326,498,428) (S 742,74,806) (S 827,812,76) (S 41,76,77) (S 747,812,182) (S 746,182,806) (S 745,806,767) (S 684,767,73) (S 726,766,429) (S 240,377,378) (S 257,378,387) (D 0,0,0)
 0 1 12 8915 36037  15 (D 0,0,0) (S 655,541,753) (S 848,753,841) (S 847,841,843) (S 846,843,847) (S 845,847,845) (S 844,845,183) (S 60,108,109) (S 826,109,45) (S 21,44,45) (S 22,45,46) (S 103,108,183) (S 106,185,112) (S 168,293,294) (D 0,0,0)
 0 1 13 8935 18224  15 (D 0,0,0) (S 424,532,585) (S 114,194,195) (S 483,195,622) (S 474,622,623) (S 537,623,196) (S 301,458,459) (S 471,459,621) (S 470,620,621) (S 613,621,734) (S 761,734,4) (S 609,728,727) (S 649,747,727) (S 754,728,4) (D 0,0,0)
 0 1 14 8965 19373  16 (D 0,0,0) (S 481,521,324) (S 192,325,326) (S 211,326,350) (S 94,168,169) (S 439,169,62) (S 438,62,167) (S 93,167,166) (S 719,701,56) (S 28,56,55) (S 723,55,794) (S 766,794,819) (S 765,794,51) (S 25,51,52) (S 581,607,704) (D 0,0,0)
 0 1 15 7293 12217  21 (D 0,0,0) (S 673,708,673) (S 533,673,524) (S 532,524,16) (S 8,16,15) (S 751,14,525) (S 750,525,762) (S 797,761,316) (S 186,316,317) (S 810,317,835) (S 187,317,318) (S 188,318,319) (S 189,319,320) (S 323,320,494) (S 792,494,443) (S 793,443,432) (S 285,432,433) (S 589,433,324) (S 480,631,324) (S 588,433,708) (D 0,0,0)
 0 1 16 9000 18009  29 (D 0,0,0) (S 213,351,352) (S 757,352,451) (S 295,451,419) (S 619,171,66) (S 35,66,67) (S 617,67,170) (S 616,170,449) (S 293,449,312) (S 182,310,311) (S 183,310,313) (S 614,735,518) (S 587,329,436) (S 586,436,703) (S 585,703,54) (S 27,54,55) (S 29,56,57) (S 411,57,579) (S 579,579,701) (S 722,790,660) (S 522,659,660) (S 721,660,793) (S 720,793,785) (S 708,785,784) (S 707,649,784) (S 710,784,786) (S 709,784,437) (S 641,437,330) (D 0,0,0)
 0 1 17 8915 28023  19 (D 0,0,0) (S 221,360,361) (S 222,98,362) (S 440,362,599) (S 9,20,21) (S 321,21,484) (S 467,492,617) (S 611,617,730) (S 468,617,618) (S 469,618,619) (S 671,618,488) (S 324,489,496) (S 552,496,493) (S 553,493,688) (S 555,485,20) (S 556,20,503) (S 557,689,599) (S 558,599,690) (D 0,0,0)
 0 1 18 8973 17718  20 (D 0,0,0) (S 347,351,416) (S 272,416,417) (S 638,739,736) (S 696,735,776) (S 724,776,581) (S 415,581,582) (S 636,582,633) (S 487,633,405) (S 262,405,406) (S 716,406,70) (S 486,69,405) (S 263,407,408) (S 785,407,71) (S 786,71,829) (S 815,829,632) (S 484,505,622) (S 472,353,459) (S 760,733,734) (D 0,0,0)
 0 1 19 8988 36308  22 (D 0,0,0) (S 559,471,691) (S 688,19,769) (S 202,18,340) (S 201,339,340) (S 309,474,475) (S 308,474,473) (S 382,473,469) (S 381,469,556) (S 774,556,641) (S 499,640,641) (S 500,641,468) (S 306,468,467) (S 549,467,684) (S 305,467,466) (S 560,692,466) (S 777,693,662) (S 523,661,662) (S 527,442,668) (S 526,442,667) (S 554,688,485) (D 0,0,0)
 0 1 20 8958 32532  17 (D 0,0,0) (S 514,499,388) (S 247,388,387) (S 258,378,399) (S 281,429,412) (S 267,412,413) (S 282,412,430) (S 280,377,386) (S 279,386,428) (S 278,428,392) (S 250,392,391) (S 680,391,140) (S 679,140,152) (S 83,152,153) (S 678,152,236) (S 702,781,425) (D 0,0,0)
 0 1 21 8993 38284  15 (D 0,0,0) (S 383,340,473) (S 179,304,305) (S 178,304,303) (S 181,307,308) (S 771,824,308) (S 772,308,303) (S 177,302,303) (S 773,303,556) (S 775,641,683) (S 548,682,683) (S 776,683,693) (S 779,440,825) (S 780,825,667) (D 0,0,0)
 0 1 22 8894 16929  18 (D 0,0,0) (S 755,4,191) (S 360,532,150) (S 361,150,533) (S 119,151,206) (S 782,208,826) (S 789,826,558) (S 386,558,209) (S 121,209,208) (S 482,207,590) (S 423,590,589) (S 422,588,589) (S 115,196,195) (S 113,194,193) (S 224,193,354) (S 215,354,355) (S 302,355,192) (D 0,0,0)
 0 1 23 8999 25367  21 (D 0,0,0) (S 176,300,301) (S 784,301,557) (S 820,608,577) (S 407,364,286) (S 162,286,285) (S 564,681,381) (S 563,697,381) (S 685,381,221) (S 128,221,222) (S 565,681,285) (S 161,284,285) (S 566,285,536) (S 366,536,248) (S 367,248,537) (S 504,537,247) (S 142,247,248) (S 143,248,249) (S 397,249,567) (S 398,567,568) (D 0,0,0)
 0 1 24 8993 30558  27 (D 0,0,0) (S 118,151,205) (S 392,462,219) (S 391,219,211) (S 123,211,212) (S 124,212,213) (S 141,213,246) (S 185,246,315) (S 652,315,748) (S 88,160,128) (S 89,128,161) (S 274,161,420) (S 275,420,421) (S 608,421,726) (S 811,726,802) (S 737,802,795) (S 729,795,796) (S 767,796,243) (S 138,243,244) (S 139,244,130) (S 155,274,275) (S 171,276,218) (S 431,463,297) (S 173,297,296) (S 170,296,295) (S 368,224,537) (D 0,0,0)
 0 1 25 8998 32336  18 (D 0,0,0) (S 232,174,115) (S 744,114,185) (S 105,185,184) (S 104,184,183) (S 843,849,183) (S 837,845,107) (S 59,107,106) (S 58,106,105) (S 57,105,104) (S 654,103,49) (S 24,49,50) (S 23,49,48) (S 832,48,105) (S 374,543,542) (S 373,542,541) (S 371,158,539) (D 0,0,0)
 0 1 26 8922 14298  21 (D 0,0,0) (S 818,787,816) (S 817,816,738) (S 618,738,737) (S 816,737,583) (S 417,583,504) (S 332,504,505) (S 485,505,632) (S 416,68,404) (S 261,404,403) (S 458,403,613) (S 260,403,170) (S 620,171,450) (S 294,450,449) (S 615,449,736) (S 639,739,418) (S 273,418,419) (S 758,451,65) (S 759,65,816) (S 711,787,3) (D 0,0,0)
 0 1 27 8809 18807  14 (D 0,0,0) (S 34,65,66) (S 36,67,68) (S 37,68,69) (S 38,69,70) (S 39,70,71) (S 814,838,829) (S 787,829,624) (S 788,624,830) (S 476,624,625) (S 475,624,623) (S 473,622,584) (S 214,353,354) (D 0,0,0)
 0 1 28 8991 20309  20 (D 0,0,0) (S 346,416,519) (S 345,519,518) (S 344,518,517) (S 445,602,603) (S 478,605,628) (S 448,605,604) (S 447,604,602) (S 446,602,517) (S 343,517,516) (S 490,515,634) (S 479,629,630) (S 659,629,634) (S 489,634,627) (S 635,744,633) (S 488,633,627) (S 477,627,626) (S 725,626,581) (S 637,582,313) (D 0,0,0)
 0 1 29 8354 25858  15 (D 0,0,0) (S 388,258,294) (S 169,294,295) (S 369,538,224) (S 129,224,223) (S 502,643,223) (S 503,223,247) (S 505,537,548) (S 507,566,644) (S 506,566,548) (S 376,548,547) (S 375,546,547) (S 396,547,249) (S 144,249,250) (D 0,0,0)
 0 1 30 8879 24604  17 (D 0,0,0) (S 117,204,205) (S 783,205,557) (S 454,29,287) (S 163,287,286) (S 406,286,576) (S 405,576,382) (S 242,382,383) (S 379,553,383) (S 243,383,30) (S 244,30,384) (S 225,29,364) (S 408,577,567) (S 409,567,578) (S 828,578,609) (S 389,561,214) (D 0,0,0)
 0 1 31 8915 18191  16 (D 0,0,0) (S 713,520,325) (S 193,326,327) (S 196,329,330) (S 197,331,332) (S 414,332,580) (S 412,438,579) (S 578,579,636) (S 31,58,59) (S 32,59,60) (S 315,59,481) (S 316,481,482) (S 576,481,333) (S 575,333,514) (S 342,514,515) (D 0,0,0)
 0 1 32 8839 19947  19 (D 0,0,0) (S 1,0,1) (S 14,28,27) (S 674,27,686) (S 551,686,663) (S 13,26,27) (S 640,28,731) (S 612,731,732) (S 111,191,190) (S 110,190,82) (S 518,262,655) (S 598,716,655) (S 519,655,656) (S 582,654,82) (S 44,82,81) (S 43,80,81) (S 770,81,695) (S 562,695,696) (D 0,0,0)
 0 1 33 8913 28362  18 (D 0,0,0) (S 547,447,646) (S 55,101,100) (S 54,100,99) (S 444,99,600) (S 463,600,502) (S 331,502,503) (S 781,688,667) (S 821,825,441) (S 289,441,440) (S 427,594,440) (S 778,440,665) (S 525,665,666) (S 524,665,465) (S 304,465,464) (S 822,464,825) (S 669,689,606) (D 0,0,0)
 0 1 34 8780 24984  11 (D 0,0,0) (S 385,306,557) (S 149,258,257) (S 227,257,366) (S 228,366,226) (S 132,227,228) (S 152,227,256) (S 148,256,257) (S 226,257,365) (S 384,215,557) (D 0,0,0)
 0 1 35 9000 18145  11 (D 0,0,0) (S 359,191,532) (S 180,151,306) (S 676,300,587) (S 420,586,587) (S 421,587,559) (S 387,559,209) (S 120,207,206) (S 418,206,585) (S 112,193,192) (D 0,0,0)
 0 1 36 8994 42855  18 (D 0,0,0) (S 428,38,135) (S 812,679,252) (S 174,229,299) (S 378,552,299) (S 175,229,254) (S 147,254,255) (S 153,272,230) (S 154,230,273) (S 145,251,231) (S 146,231,252) (S 728,795,162) (S 90,162,163) (S 662,420,756) (S 72,129,130) (S 543,133,595) (S 544,595,222) (D 0,0,0)
 0 1 37 8973 35257  22 (D 0,0,0) (S 545,576,681) (S 73,134,133) (S 134,132,234) (S 501,642,234) (S 133,232,233) (S 377,549,550) (S 135,132,235) (S 399,131,564) (S 400,564,570) (S 429,570,277) (S 164,288,278) (S 165,278,289) (S 156,277,276) (S 172,276,135) (S 74,135,134) (S 687,134,38) (S 18,37,38) (S 686,38,712) (S 594,712,713) (S 546,576,287) (D 0,0,0)
 0 1 38 8925 33322  15 (D 0,0,0) (S 441,362,600) (S 464,502,22) (S 465,22,483) (S 466,483,492) (S 320,490,489) (S 593,710,711) (S 322,491,492) (S 10,22,23) (S 610,23,729) (S 11,23,24) (S 12,24,25) (S 508,501,101) (S 56,101,102) (D 0,0,0)
 0 1 39 8972 27452  14 (D 0,0,0) (S 229,226,367) (S 435,269,292) (S 210,292,348) (S 743,348,175) (S 97,175,174) (S 96,174,173) (S 732,173,596) (S 433,596,565) (S 393,565,225) (S 394,225,566) (S 395,566,547) (S 410,578,366) (D 0,0,0)
 0 1 40 8938 34112  17 (D 0,0,0) (S 434,367,565) (S 95,173,158) (S 604,540,470) (S 372,540,541) (S 656,541,754) (S 834,813,113) (S 63,113,112) (S 62,112,111) (S 805,111,801) (S 70,124,125) (S 738,125,803) (S 824,125,110) (S 825,110,809) (S 61,110,111) (S 230,293,367) (D 0,0,0)
 0 1 41 8332 10671  26 (D 0,0,0) (S 517,653,63) (S 819,63,787) (S 712,787,64) (S 33,64,63) (S 516,63,8) (S 515,8,555) (S 380,555,509) (S 2,5,6) (S 3,6,7) (S 536,7,675) (S 642,675,671) (S 643,671,508) (S 337,508,266) (S 336,266,507) (S 335,507,177) (S 334,177,506) (S 333,506,14) (S 7,14,15) (S 284,15,431) (S 283,431,178) (S 98,178,179) (S 531,179,672) (S 540,672,674) (S 561,677,0) (D 0,0,0)
 0 1 42 8917 32857  22 (D 0,0,0) (S 353,291,155) (S 355,529,397) (S 48,89,88) (S 460,614,88) (S 461,88,597) (S 836,844,842) (S 831,842,680) (S 830,842,615) (S 437,597,598) (S 436,597,530) (S 358,530,531) (S 249,390,389) (S 338,389,500) (S 328,499,398) (S 256,398,387) (S 246,387,386) (S 681,385,391) (S 251,392,393) (S 697,777,393) (S 252,393,394) (D 0,0,0)
 0 1 43 8850 20359  15 (D 0,0,0) (S 219,358,359) (S 220,359,360) (S 632,360,691) (S 631,690,97) (S 53,97,98) (S 303,361,460) (S 443,460,574) (S 442,574,601) (S 200,337,338) (S 706,337,601) (S 705,601,446) (S 292,447,448) (S 456,534,319) (D 0,0,0)
 0 1 44 8555 26410  18 (D 0,0,0) (S 749,762,718) (S 794,718,832) (S 296,452,427) (S 277,426,425) (S 602,721,722) (S 677,424,236) (S 136,237,238) (S 701,239,780) (S 700,239,779) (S 703,779,426) (S 291,446,447) (S 362,534,445) (S 290,445,318) (S 809,317,832) (S 808,832,719) (S 807,719,708) (D 0,0,0)
 0 1 45 8952 24825  21 (D 0,0,0) (S 752,434,705) (S 26,52,53) (S 298,454,455) (S 584,592,94) (S 583,707,201) (S 80,146,147) (S 82,148,149) (S 81,148,147) (S 79,146,145) (S 630,145,742) (S 199,336,144) (S 78,144,145) (S 629,202,741) (S 628,741,95) (S 51,95,96) (S 52,96,97) (S 450,96,472) (S 452,571,453) (S 453,453,52) (D 0,0,0)
 0 1 46 8965 27161  16 (D 0,0,0) (S 704,446,452) (S 75,136,137) (S 166,154,291) (S 137,242,241) (S 352,241,291) (S 167,291,242) (S 223,242,363) (S 449,363,155) (S 354,155,529) (S 829,529,614) (S 459,614,156) (S 86,156,157) (S 85,156,155) (S 84,155,154) (D 0,0,0)
 0 1 47 8898 28109  21 (D 0,0,0) (S 299,455,456) (S 311,92,477) (S 633,477,281) (S 603,280,723) (S 157,279,280) (S 158,280,281) (S 634,281,743) (S 159,281,282) (S 601,282,720) (S 160,282,283) (S 49,91,92) (S 690,478,771) (S 312,478,479) (S 691,479,772) (S 313,479,480) (S 689,480,770) (S 314,480,59) (S 491,439,422) (S 276,422,423) (D 0,0,0)
 0 1 48 8971 18878  20 (D 0,0,0) (S 191,324,325) (S 714,325,495) (S 715,495,788) (S 790,357,335) (S 198,335,334) (S 307,471,472) (S 451,472,571) (S 595,572,714) (S 401,572,573) (S 592,573,554) (S 591,554,139) (S 590,709,139) (S 76,138,139) (S 402,573,359) (S 218,358,322) (S 217,322,357) (S 791,357,814) (S 753,814,788) (D 0,0,0)
 0 1 49 8493 19862  22 (D 0,0,0) (S 534,674,17) (S 350,523,524) (S 351,525,526) (S 363,535,445) (S 455,448,612) (S 699,612,647) (S 511,647,648) (S 693,774,775) (S 692,773,774) (S 694,774,611) (S 695,611,647) (S 510,647,646) (S 509,646,575) (S 404,575,497) (S 325,461,497) (S 403,497,574) (S 216,321,356) (S 190,321,320) (S 457,319,443) (S 806,708,522) (D 0,0,0)
