1268524
49
3600594
3575500
 0 1 1 8994 32624  21 (D 0,0,0) (S 64,115,114) (S 741,805,186) (S 106,112,185) (S 105,185,184) (S 843,849,183) (S 844,183,845) (S 837,845,107) (S 59,107,106) (S 58,106,105) (S 57,104,105) (S 832,105,48) (S 23,48,49) (S 24,49,50) (S 654,49,103) (S 655,753,541) (S 371,158,539) (S 370,539,295) (S 367,537,248) (S 143,248,249) (D 0,0,0)
 0 1 2 9000 34647  18 (D 0,0,0) (S 168,294,293) (S 231,293,174) (S 62,112,111) (S 61,111,110) (S 825,110,809) (S 824,110,125) (S 738,125,803) (S 70,124,125) (S 823,125,764) (S 675,764,765) (S 802,765,834) (S 801,833,834) (S 803,765,124) (S 804,124,801) (S 805,801,111) (S 63,112,113) (D 0,0,0)
 0 1 3 8998 27623  19 (D 0,0,0) (S 354,155,529) (S 460,614,88) (S 357,89,530) (S 358,530,531) (S 249,390,389) (S 248,389,388) (S 514,388,499) (S 329,499,500) (S 330,500,89) (S 356,89,397) (S 355,397,529) (S 829,529,614) (S 459,614,156) (S 86,156,157) (S 85,156,155) (S 84,155,154) (S 296,427,452) (D 0,0,0)
 0 1 4 8899 15108  22 (D 0,0,0) (S 481,521,324) (S 285,433,432) (S 793,432,443) (S 792,443,494) (S 323,494,320) (S 455,448,612) (S 693,774,775) (S 692,773,774) (S 694,774,611) (S 695,611,647) (S 511,647,648) (S 510,647,646) (S 547,646,447) (S 292,447,448) (S 362,534,445) (S 290,445,318) (S 187,318,317) (S 808,832,719) (S 807,719,708) (S 806,708,522) (D 0,0,0)
 0 1 5 8933 12902  29 (D 0,0,0) (S 561,0,677) (S 517,653,63) (S 516,63,8) (S 515,8,555) (S 380,555,509) (S 2,5,6) (S 3,6,7) (S 536,7,675) (S 642,675,671) (S 643,671,508) (S 205,343,265) (S 151,265,264) (S 241,264,380) (S 599,380,86) (S 239,86,375) (S 47,86,85) (S 764,745,670) (S 529,670,261) (S 530,261,342) (S 203,341,342) (S 204,342,343) (S 337,508,266) (S 336,266,507) (S 334,177,506) (S 542,506,431) (S 540,672,674) (S 539,653,677) (D 0,0,0)
 0 1 6 8963 29091  22 (D 0,0,0) (S 558,690,599) (S 9,20,21) (S 321,21,484) (S 320,489,490) (S 553,493,688) (S 781,688,667) (S 780,667,825) (S 779,825,440) (S 427,594,440) (S 525,665,666) (S 524,465,665) (S 778,665,440) (S 289,440,441) (S 527,442,668) (S 526,442,667) (S 554,688,485) (S 331,503,502) (S 463,502,600) (S 444,600,99) (S 443,460,574) (D 0,0,0)
 0 1 7 8873 18086  19 (D 0,0,0) (S 711,3,787) (S 712,787,64) (S 619,66,171) (S 620,171,450) (S 294,450,449) (S 616,449,170) (S 260,170,403) (S 458,403,613) (S 261,403,404) (S 416,404,68) (S 417,583,504) (S 332,504,505) (S 474,623,622) (S 483,622,195) (S 482,590,207) (S 422,588,589) (S 423,589,590) (D 0,0,0)
 0 1 8 9000 27618  12 (D 0,0,0) (S 149,258,257) (S 148,257,256) (S 152,256,227) (S 132,227,228) (S 131,226,225) (S 507,566,644) (S 506,566,548) (S 376,548,547) (S 409,567,578) (S 828,578,609) (D 0,0,0)
 0 1 9 8988 35834  19 (D 0,0,0) (S 556,503,20) (S 688,19,769) (S 202,18,340) (S 201,339,340) (S 383,340,473) (S 308,473,474) (S 309,474,475) (S 382,473,469) (S 381,469,556) (S 774,556,641) (S 499,640,641) (S 775,641,683) (S 548,682,683) (S 776,683,693) (S 777,693,662) (S 523,661,662) (S 821,441,825) (D 0,0,0)
 0 1 10 8935 35352  17 (D 0,0,0) (S 252,394,393) (S 697,777,393) (S 698,393,498) (S 280,386,377) (S 240,377,378) (S 257,378,387) (S 246,387,386) (S 279,386,428) (S 278,428,392) (S 680,391,140) (S 679,140,152) (S 83,152,153) (S 678,152,236) (S 677,236,424) (S 602,721,722) (D 0,0,0)
 0 1 11 8904 37818  16 (D 0,0,0) (S 822,825,464) (S 304,464,465) (S 560,692,466) (S 305,466,467) (S 549,467,684) (S 306,467,468) (S 500,468,641) (S 773,556,303) (S 772,303,308) (S 181,307,308) (S 771,824,308) (S 177,302,303) (S 178,303,304) (S 179,304,305) (D 0,0,0)
 0 1 12 8965 14829  34 (D 0,0,0) (S 531,672,179) (S 98,179,178) (S 283,178,431) (S 284,431,15) (S 7,15,14) (S 751,14,525) (S 750,525,762) (S 749,762,718) (S 794,718,832) (S 809,832,317) (S 810,317,835) (S 186,317,316) (S 797,316,761) (S 672,761,535) (S 364,535,527) (S 365,527,368) (S 233,368,369) (S 234,369,370) (S 528,370,669) (S 596,371,715) (S 762,817,715) (S 597,715,372) (S 235,372,40) (S 19,40,41) (S 339,41,512) (S 763,512,85) (S 238,86,263) (S 150,263,264) (S 206,265,344) (S 207,344,345) (S 208,345,346) (S 541,431,672) (D 0,0,0)
 0 1 13 8856 20282  11 (D 0,0,0) (S 676,300,587) (S 420,586,587) (S 421,587,559) (S 387,559,209) (S 386,209,558) (S 789,558,826) (S 782,826,208) (S 121,208,209) (S 120,207,206) (D 0,0,0)
 0 1 14 8951 37195  13 (D 0,0,0) (S 748,810,813) (S 838,846,544) (S 839,544,847) (S 845,847,845) (S 103,183,108) (S 60,108,109) (S 826,109,45) (S 21,44,45) (S 22,45,46) (S 104,183,184) (S 744,185,114) (D 0,0,0)
 0 1 15 8933 15937  15 (D 0,0,0) (S 359,191,532) (S 360,532,150) (S 361,150,533) (S 118,151,205) (S 117,204,205) (S 783,205,557) (S 784,557,301) (S 176,301,300) (S 180,306,151) (S 119,151,206) (S 418,206,585) (S 113,194,193) (S 112,193,192) (D 0,0,0)
 0 1 16 8606 19449  19 (D 0,0,0) (S 1,0,1) (S 761,4,734) (S 613,734,621) (S 470,620,621) (S 471,621,459) (S 301,458,459) (S 472,459,353) (S 214,353,354) (S 224,354,193) (S 215,354,355) (S 302,355,192) (S 612,732,731) (S 13,26,27) (S 674,27,686) (S 551,686,663) (S 14,27,28) (S 640,28,731) (D 0,0,0)
 0 1 17 8983 30042  19 (D 0,0,0) (S 225,29,364) (S 366,536,248) (S 368,537,224) (S 432,538,297) (S 431,297,463) (S 125,216,217) (S 171,218,276) (S 172,276,135) (S 74,134,135) (S 428,135,38) (S 686,38,712) (S 594,712,713) (S 685,221,381) (S 242,382,383) (S 379,553,383) (S 243,383,30) (S 244,30,384) (D 0,0,0)
 0 1 18 8899 29004  18 (D 0,0,0) (S 704,446,452) (S 75,136,137) (S 166,154,291) (S 353,291,155) (S 449,155,363) (S 223,363,242) (S 167,242,291) (S 352,291,241) (S 137,241,242) (S 277,426,425) (S 702,425,781) (S 136,237,238) (S 701,239,780) (S 700,239,779) (S 703,779,426) (S 457,319,443) (D 0,0,0)
 0 1 19 8875 20361  30 (D 0,0,0) (S 534,674,17) (S 8,16,15) (S 333,14,506) (S 209,346,347) (S 795,347,526) (S 419,369,513) (S 341,513,375) (S 340,375,512) (S 756,39,815) (S 462,616,39) (S 236,40,373) (S 521,373,658) (S 237,373,374) (S 520,373,84) (S 45,83,84) (S 46,84,42) (S 20,42,43) (S 647,43,657) (S 648,657,746) (S 769,822,823) (S 768,821,822) (S 646,43,745) (S 645,745,260) (S 644,260,343) (S 600,344,507) (S 335,507,177) (S 99,179,180) (S 535,180,674) (D 0,0,0)
 0 1 20 8968 32333  24 (D 0,0,0) (S 657,755,754) (S 656,754,541) (S 373,541,542) (S 374,542,543) (S 833,543,813) (S 834,813,113) (S 835,113,805) (S 740,805,797) (S 739,797,804) (S 798,804,799) (S 734,799,798) (S 735,798,800) (S 736,800,187) (S 107,187,123) (S 69,123,124) (S 730,797,798) (S 731,798,122) (S 68,121,119) (S 232,115,174) (S 230,293,367) (S 226,257,365) (S 384,215,557) (D 0,0,0)
 0 1 21 8879 21058  16 (D 0,0,0) (S 286,415,434) (S 752,434,705) (S 26,52,53) (S 625,53,454) (S 627,591,95) (S 584,94,592) (S 426,592,593) (S 425,592,591) (S 626,591,454) (S 298,454,455) (S 299,455,456) (S 494,456,58) (S 578,636,579) (S 579,579,701) (D 0,0,0)
 0 1 22 8889 21425  18 (D 0,0,0) (S 453,52,453) (S 452,453,571) (S 307,472,471) (S 559,471,691) (S 631,690,97) (S 52,96,97) (S 53,97,98) (S 222,98,362) (S 440,362,599) (S 557,599,689) (S 669,689,606) (S 628,741,95) (S 51,95,96) (S 450,96,472) (S 451,472,571) (S 297,453,454) (D 0,0,0)
 0 1 23 8932 31637  18 (D 0,0,0) (S 372,540,541) (S 848,753,841) (S 847,841,843) (S 846,843,847) (S 840,847,106) (S 841,106,47) (S 842,47,848) (S 102,46,182) (S 746,182,806) (S 745,806,767) (S 684,767,73) (S 683,73,766) (S 682,376,385) (S 681,385,391) (S 250,391,392) (S 251,392,393) (D 0,0,0)
 0 1 24 8998 30758  21 (D 0,0,0) (S 389,214,561) (S 820,608,577) (S 566,536,285) (S 161,284,285) (S 565,285,681) (S 128,222,221) (S 18,37,38) (S 687,38,134) (S 73,134,133) (S 134,132,234) (S 133,232,233) (S 377,549,550) (S 501,642,234) (S 135,132,235) (S 543,133,595) (S 544,595,222) (S 162,285,286) (S 163,286,287) (S 454,287,29) (D 0,0,0)
 0 1 25 9000 33979  23 (D 0,0,0) (S 65,115,118) (S 733,118,799) (S 799,799,121) (S 800,121,33) (S 15,33,34) (S 5,11,12) (S 6,12,13) (S 108,12,188) (S 571,699,188) (S 109,188,189) (S 570,189,698) (S 569,189,10) (S 16,35,34) (S 567,120,35) (S 17,35,36) (S 568,35,10) (S 4,10,11) (S 572,11,34) (S 573,34,120) (S 67,120,119) (S 66,119,118) (D 0,0,0)
 0 1 26 8924 24732  18 (D 0,0,0) (S 718,331,580) (S 413,580,438) (S 412,438,579) (S 411,579,57) (S 30,57,58) (S 31,58,59) (S 314,59,480) (S 689,480,770) (S 313,480,479) (S 691,479,772) (S 312,479,478) (S 690,478,771) (S 32,59,60) (S 315,59,481) (S 316,481,482) (S 717,166,702) (D 0,0,0)
 0 1 27 8756 19809  15 (D 0,0,0) (S 197,331,332) (S 414,332,580) (S 288,438,439) (S 492,439,635) (S 576,481,333) (S 575,333,514) (S 342,514,515) (S 659,634,629) (S 479,629,630) (S 488,627,633) (S 724,581,776) (S 696,776,735) (S 614,735,518) (D 0,0,0)
 0 1 28 8989 27070  11 (D 0,0,0) (S 393,225,565) (S 732,596,173) (S 96,173,174) (S 97,174,175) (S 743,175,348) (S 210,348,292) (S 435,292,269) (S 229,367,226) (S 228,226,366) (D 0,0,0)
 0 1 29 8871 41302  15 (D 0,0,0) (S 258,378,399) (S 726,429,766) (S 742,74,806) (S 747,182,812) (S 41,76,77) (S 827,76,812) (S 101,182,75) (S 100,181,75) (S 40,75,74) (S 245,385,386) (S 326,428,498) (S 327,498,398) (S 328,398,499) (D 0,0,0)
 0 1 30 7033 14501  16 (D 0,0,0) (S 562,695,696) (S 770,695,81) (S 43,80,81) (S 44,81,82) (S 519,655,656) (S 598,716,655) (S 518,655,262) (S 582,654,82) (S 110,82,190) (S 111,190,191) (S 755,191,4) (S 609,728,727) (S 649,747,727) (S 754,728,4) (D 0,0,0)
 0 1 31 8933 35437  17 (D 0,0,0) (S 255,394,398) (S 256,398,387) (S 247,387,388) (S 727,652,399) (S 281,429,412) (S 267,412,413) (S 282,412,430) (S 259,400,401) (S 264,409,400) (S 265,400,410) (S 266,410,411) (S 269,410,401) (S 268,401,414) (S 512,414,652) (S 513,652,388) (D 0,0,0)
 0 1 32 8941 25965  16 (D 0,0,0) (S 303,361,460) (S 54,99,100) (S 55,100,101) (S 56,101,102) (S 508,101,501) (S 12,24,25) (S 11,24,23) (S 610,23,729) (S 10,23,22) (S 464,22,502) (S 221,361,360) (S 632,360,691) (S 198,334,335) (S 790,335,357) (D 0,0,0)
 0 1 33 8981 15393  15 (D 0,0,0) (S 760,734,733) (S 473,584,622) (S 484,622,505) (S 485,505,632) (S 815,632,829) (S 787,829,624) (S 476,624,625) (S 788,624,830) (S 475,624,623) (S 537,623,196) (S 115,196,195) (S 114,195,194) (S 424,585,532) (D 0,0,0)
 0 1 34 8568 32353  21 (D 0,0,0) (S 50,94,93) (S 653,637,749) (S 49,91,92) (S 311,92,477) (S 633,477,281) (S 634,281,743) (S 159,281,282) (S 601,282,720) (S 160,282,283) (S 158,281,280) (S 157,279,280) (S 603,280,723) (S 310,476,142) (S 77,142,143) (S 550,476,685) (S 42,78,79) (S 670,638,707) (S 583,201,707) (S 193,327,326) (D 0,0,0)
 0 1 35 8805 16694  15 (D 0,0,0) (S 713,520,325) (S 270,327,415) (S 287,415,435) (S 581,704,607) (S 25,52,51) (S 765,51,794) (S 766,794,819) (S 723,794,55) (S 27,55,54) (S 624,704,435) (S 623,435,328) (S 622,328,519) (S 346,519,416) (D 0,0,0)
 0 1 36 8832 30354  30 (D 0,0,0) (S 396,249,547) (S 375,546,547) (S 395,547,566) (S 394,566,225) (S 130,225,224) (S 170,295,296) (S 173,296,297) (S 430,463,217) (S 126,217,218) (S 127,218,219) (S 391,219,211) (S 122,210,211) (S 319,486,487) (S 318,486,274) (S 185,246,315) (S 652,315,748) (S 651,748,129) (S 72,129,130) (S 139,244,130) (S 399,131,564) (S 400,564,570) (S 564,681,381) (S 563,697,381) (S 405,382,576) (S 406,576,286) (S 407,286,364) (S 408,577,567) (S 398,567,568) (D 0,0,0)
 0 1 37 8904 34221  15 (D 0,0,0) (S 441,362,600) (S 465,22,483) (S 466,483,492) (S 322,491,492) (S 467,492,617) (S 611,617,730) (S 468,617,618) (S 469,618,619) (S 671,618,488) (S 593,710,711) (S 324,489,496) (S 552,496,493) (S 555,485,20) (D 0,0,0)
 0 1 38 8973 31279  27 (D 0,0,0) (S 434,367,565) (S 433,565,596) (S 95,173,158) (S 87,158,159) (S 184,159,314) (S 605,314,724) (S 606,724,126) (S 607,126,725) (S 658,725,756) (S 662,756,420) (S 275,420,421) (S 274,420,161) (S 89,161,128) (S 71,126,127) (S 660,127,757) (S 664,757,160) (S 663,160,748) (S 317,246,274) (S 155,274,275) (S 156,276,277) (S 164,288,278) (S 165,278,289) (S 429,277,570) (S 545,681,576) (S 546,576,287) (D 0,0,0)
 0 1 39 8908 32918  24 (D 0,0,0) (S 392,462,219) (S 123,211,212) (S 124,212,213) (S 141,213,246) (S 140,246,245) (S 88,160,128) (S 650,129,244) (S 138,244,243) (S 767,243,796) (S 729,796,795) (S 728,795,162) (S 90,162,163) (S 737,795,802) (S 812,252,679) (S 831,680,842) (S 836,842,844) (S 830,842,615) (S 437,597,598) (S 461,597,88) (S 48,88,89) (S 254,397,396) (S 253,396,395) (D 0,0,0)
 0 1 40 8854 28812  21 (D 0,0,0) (S 580,704,703) (S 28,55,56) (S 29,56,57) (S 300,456,457) (S 495,456,562) (S 390,562,563) (S 496,562,93) (S 497,638,200) (S 813,837,639) (S 498,639,200) (S 116,200,201) (S 81,147,148) (S 82,148,149) (S 80,147,146) (S 79,146,145) (S 199,336,144) (S 78,144,145) (S 630,145,742) (S 629,202,741) (D 0,0,0)
 0 1 41 8825 15117  17 (D 0,0,0) (S 819,63,787) (S 759,816,65) (S 34,65,66) (S 35,66,67) (S 36,67,68) (S 37,68,69) (S 486,69,405) (S 487,405,633) (S 635,744,633) (S 636,633,582) (S 637,582,313) (S 273,418,419) (S 295,419,451) (S 757,451,352) (S 213,352,351) (D 0,0,0)
 0 1 42 8910 23431  16 (D 0,0,0) (S 227,257,366) (S 410,366,578) (S 397,567,249) (S 144,249,250) (S 505,548,537) (S 504,537,247) (S 142,247,248) (S 503,247,223) (S 502,643,223) (S 129,223,224) (S 369,224,538) (S 169,295,294) (S 388,294,258) (S 385,557,306) (D 0,0,0)
 0 1 43 8993 42971  17 (D 0,0,0) (S 604,540,470) (S 665,724,757) (S 661,127,756) (S 608,421,726) (S 811,726,802) (S 146,252,231) (S 145,251,231) (S 378,552,299) (S 174,299,229) (S 147,254,255) (S 175,254,229) (S 154,230,273) (S 153,272,230) (S 436,597,530) (S 338,389,500) (D 0,0,0)
 0 1 44 8584 17183  27 (D 0,0,0) (S 538,676,677) (S 349,521,520) (S 272,416,417) (S 621,740,519) (S 345,519,518) (S 344,518,517) (S 446,517,602) (S 447,602,604) (S 478,605,628) (S 448,605,604) (S 445,603,602) (S 343,517,516) (S 490,515,634) (S 489,634,627) (S 477,627,626) (S 725,626,581) (S 415,581,582) (S 183,313,310) (S 182,310,311) (S 293,312,449) (S 615,449,736) (S 638,736,739) (S 639,739,418) (S 758,451,65) (S 33,64,63) (D 0,0,0)
 0 1 45 8880 19282  19 (D 0,0,0) (S 276,422,423) (S 491,422,439) (S 667,758,759) (S 668,758,760) (S 666,758,635) (S 493,635,636) (S 577,636,700) (S 574,700,165) (S 91,164,165) (S 92,165,166) (S 93,166,167) (S 438,167,62) (S 439,62,169) (S 94,168,169) (S 211,350,326) (S 212,326,351) (S 348,351,520) (D 0,0,0)
 0 1 46 8894 18725  17 (D 0,0,0) (S 456,319,534) (S 699,612,647) (S 509,646,575) (S 404,575,497) (S 325,461,497) (S 403,497,574) (S 442,574,601) (S 200,337,338) (S 706,337,601) (S 705,601,446) (S 291,446,447) (S 363,445,535) (S 796,761,526) (S 351,526,525) (S 350,524,523) (D 0,0,0)
 0 1 47 8980 18968  21 (D 0,0,0) (S 714,325,495) (S 715,495,788) (S 753,788,814) (S 791,814,357) (S 217,357,322) (S 218,322,358) (S 591,554,139) (S 76,138,139) (S 590,709,139) (S 592,554,573) (S 401,573,572) (S 595,572,714) (S 402,573,359) (S 220,359,360) (S 219,359,358) (S 216,321,356) (S 190,321,320) (S 189,320,319) (S 188,319,318) (D 0,0,0)
 0 1 48 8921 21015  15 (D 0,0,0) (S 617,67,170) (S 262,405,406) (S 263,407,408) (S 785,407,71) (S 786,71,829) (S 814,838,829) (S 39,71,70) (S 716,70,406) (S 38,70,69) (S 816,583,737) (S 618,737,738) (S 817,738,816) (S 818,816,787) (D 0,0,0)
 0 1 49 8966 16000  28 (D 0,0,0) (S 347,351,416) (S 271,416,327) (S 194,327,328) (S 195,328,329) (S 196,329,330) (S 641,330,437) (S 709,437,784) (S 710,784,786) (S 707,649,784) (S 708,784,785) (S 720,785,793) (S 721,793,660) (S 522,659,660) (S 722,660,790) (S 719,701,56) (S 585,54,703) (S 586,703,436) (S 587,436,329) (S 192,326,325) (S 191,325,324) (S 480,631,324) (S 589,324,433) (S 588,433,708) (S 673,708,673) (S 533,673,524) (S 532,524,16) (D 0,0,0)
