1267170
49
3600594
3473306
 0 1 1 8991 31919  19 (D 0,0,0) (S 834,113,813) (S 748,813,810) (S 833,813,543) (S 846,843,847) (S 840,847,106) (S 58,106,105) (S 57,104,105) (S 832,105,48) (S 23,48,49) (S 24,49,50) (S 654,49,103) (S 655,753,541) (S 372,541,540) (S 371,158,539) (S 369,538,224) (S 368,224,537) (S 366,248,536) (D 0,0,0)
 0 1 2 8965 31052  19 (D 0,0,0) (S 168,294,293) (S 231,293,174) (S 232,174,115) (S 733,118,799) (S 799,799,121) (S 798,799,804) (S 739,804,797) (S 740,797,805) (S 741,805,186) (S 106,112,185) (S 105,185,184) (S 843,849,183) (S 104,183,184) (S 744,185,114) (S 64,114,115) (S 118,205,151) (S 359,532,191) (D 0,0,0)
 0 1 3 8994 32359  17 (D 0,0,0) (S 8,16,15) (S 252,394,393) (S 251,393,392) (S 278,392,428) (S 279,428,386) (S 280,386,377) (S 281,429,412) (S 267,412,413) (S 282,412,430) (S 726,429,766) (S 681,385,391) (S 680,391,140) (S 679,140,152) (S 83,152,153) (S 678,152,236) (D 0,0,0)
 0 1 4 8943 27431  19 (D 0,0,0) (S 631,690,97) (S 51,96,95) (S 628,95,741) (S 629,741,202) (S 199,336,144) (S 78,144,145) (S 630,145,742) (S 79,145,146) (S 82,148,149) (S 81,148,147) (S 80,147,146) (S 116,201,200) (S 498,200,639) (S 813,837,639) (S 497,200,638) (S 670,638,707) (S 584,94,592) (D 0,0,0)
 0 1 5 8980 27846  11 (D 0,0,0) (S 227,257,366) (S 410,366,578) (S 395,547,566) (S 507,566,644) (S 131,225,226) (S 132,227,228) (S 152,227,256) (S 148,256,257) (S 149,257,258) (D 0,0,0)
 0 1 6 8942 42060  12 (D 0,0,0) (S 240,378,377) (S 742,74,806) (S 746,806,182) (S 747,182,812) (S 827,812,76) (S 41,76,77) (S 21,44,45) (S 825,809,110) (S 62,111,112) (S 63,112,113) (D 0,0,0)
 0 1 7 8912 21106  18 (D 0,0,0) (S 673,708,673) (S 705,446,601) (S 200,337,338) (S 706,337,601) (S 442,601,574) (S 403,574,497) (S 325,461,497) (S 404,497,575) (S 509,575,646) (S 510,646,647) (S 511,647,648) (S 695,647,611) (S 694,611,774) (S 692,773,774) (S 693,774,775) (S 455,612,448) (D 0,0,0)
 0 1 8 8993 16237  34 (D 0,0,0) (S 44,81,82) (S 582,82,654) (S 518,262,655) (S 598,716,655) (S 519,655,656) (S 529,670,261) (S 530,261,342) (S 203,341,342) (S 204,342,343) (S 205,343,265) (S 151,265,264) (S 241,264,380) (S 599,380,86) (S 47,86,85) (S 763,85,512) (S 339,512,41) (S 19,41,40) (S 597,372,715) (S 762,817,715) (S 596,715,371) (S 419,369,513) (S 341,513,375) (S 340,512,375) (S 239,375,86) (S 238,86,263) (S 150,263,264) (S 600,344,507) (S 335,507,177) (S 334,177,506) (S 542,506,431) (S 541,431,672) (S 540,672,674) (D 0,0,0)
 0 1 9 8925 26697  19 (D 0,0,0) (S 333,506,14) (S 351,525,526) (S 364,527,535) (S 363,535,445) (S 362,445,534) (S 292,448,447) (S 291,447,446) (S 277,426,425) (S 702,425,781) (S 602,721,722) (S 677,424,236) (S 136,237,238) (S 701,239,780) (S 700,239,779) (S 703,779,426) (S 296,427,452) (S 456,534,319) (D 0,0,0)
 0 1 10 8993 21266  28 (D 0,0,0) (S 534,674,17) (S 532,16,524) (S 365,527,368) (S 233,368,369) (S 234,369,370) (S 528,370,669) (S 235,372,40) (S 756,39,815) (S 462,616,39) (S 236,40,373) (S 237,373,374) (S 521,373,658) (S 520,373,84) (S 45,83,84) (S 46,84,42) (S 20,42,43) (S 768,821,822) (S 769,822,823) (S 648,657,746) (S 647,657,43) (S 646,43,745) (S 764,745,670) (S 645,745,260) (S 644,260,343) (S 336,266,507) (S 531,179,672) (D 0,0,0)
 0 1 11 8923 31233  18 (D 0,0,0) (S 253,395,396) (S 254,396,397) (S 355,529,397) (S 356,397,89) (S 330,89,500) (S 338,500,389) (S 249,389,390) (S 358,530,531) (S 357,530,89) (S 48,89,88) (S 437,597,598) (S 461,597,88) (S 460,88,614) (S 86,156,157) (S 84,155,154) (S 75,136,137) (D 0,0,0)
 0 1 12 8891 35442  15 (D 0,0,0) (S 657,755,754) (S 656,754,541) (S 848,753,841) (S 847,841,843) (S 844,845,183) (S 103,183,108) (S 60,108,109) (S 826,109,45) (S 22,45,46) (S 102,46,182) (S 745,806,767) (S 684,767,73) (S 250,391,392) (D 0,0,0)
 0 1 13 8996 21539  19 (D 0,0,0) (S 806,522,708) (S 547,447,646) (S 56,101,102) (S 55,101,100) (S 54,100,99) (S 444,99,600) (S 463,600,502) (S 331,502,503) (S 440,599,362) (S 222,362,98) (S 53,98,97) (S 52,97,96) (S 450,96,472) (S 451,472,571) (S 452,571,453) (S 453,453,52) (S 581,607,704) (D 0,0,0)
 0 1 14 8986 33337  23 (D 0,0,0) (S 493,635,636) (S 313,480,479) (S 691,479,772) (S 312,479,478) (S 690,478,771) (S 49,91,92) (S 311,92,477) (S 633,477,281) (S 634,281,743) (S 601,282,720) (S 160,282,283) (S 159,282,281) (S 158,281,280) (S 603,280,723) (S 157,279,280) (S 77,143,142) (S 310,142,476) (S 550,476,685) (S 42,78,79) (S 583,201,707) (S 627,95,591) (D 0,0,0)
 0 1 15 8862 25406  20 (D 0,0,0) (S 350,523,524) (S 533,524,673) (S 672,761,535) (S 166,154,291) (S 167,291,242) (S 137,242,241) (S 352,241,291) (S 353,291,155) (S 85,155,156) (S 459,156,614) (S 829,614,529) (S 354,529,155) (S 449,155,363) (S 223,363,242) (S 704,452,446) (S 290,445,318) (S 187,318,317) (S 809,317,832) (D 0,0,0)
 0 1 16 8967 25037  19 (D 0,0,0) (S 188,318,319) (S 699,612,647) (S 508,101,501) (S 12,24,25) (S 11,24,23) (S 610,23,729) (S 10,23,22) (S 322,491,492) (S 465,483,22) (S 464,22,502) (S 441,600,362) (S 221,361,360) (S 220,360,359) (S 219,359,358) (S 217,322,357) (S 791,357,814) (S 714,495,325) (D 0,0,0)
 0 1 17 8977 30459  29 (D 0,0,0) (S 546,287,576) (S 545,576,681) (S 128,222,221) (S 687,38,134) (S 74,134,135) (S 172,135,276) (S 156,276,277) (S 165,278,289) (S 164,288,278) (S 429,277,570) (S 400,570,564) (S 399,564,131) (S 72,130,129) (S 650,129,244) (S 139,244,130) (S 140,245,246) (S 141,246,213) (S 124,213,212) (S 123,212,211) (S 391,211,219) (S 127,219,218) (S 126,218,217) (S 125,216,217) (S 430,217,463) (S 173,297,296) (S 170,296,295) (S 367,537,248) (D 0,0,0)
 0 1 18 8961 32887  20 (D 0,0,0) (S 255,394,398) (S 256,398,387) (S 257,387,378) (S 258,378,399) (S 727,399,652) (S 269,401,410) (S 266,410,411) (S 265,410,400) (S 264,409,400) (S 259,400,401) (S 268,401,414) (S 512,414,652) (S 513,652,388) (S 247,388,387) (S 327,398,498) (S 326,428,498) (S 698,498,393) (S 697,777,393) (D 0,0,0)
 0 1 19 7538 12237  22 (D 0,0,0) (S 1,0,1) (S 535,674,180) (S 99,180,179) (S 98,179,178) (S 283,178,431) (S 284,431,15) (S 7,15,14) (S 751,14,525) (S 750,525,762) (S 749,762,718) (S 794,718,832) (S 793,432,443) (S 792,443,494) (S 323,494,320) (S 189,320,319) (S 457,319,443) (S 285,432,433) (S 589,433,324) (S 480,631,324) (S 481,324,521) (D 0,0,0)
 0 1 20 8993 27272  13 (D 0,0,0) (S 394,566,225) (S 433,565,596) (S 732,596,173) (S 96,173,174) (S 97,174,175) (S 743,175,348) (S 210,348,292) (S 435,292,269) (S 229,367,226) (S 228,226,366) (S 226,257,365) (D 0,0,0)
 0 1 21 8967 17311  15 (D 0,0,0) (S 817,816,738) (S 618,738,737) (S 816,737,583) (S 417,583,504) (S 332,504,505) (S 485,505,632) (S 815,632,829) (S 814,838,829) (S 786,829,71) (S 39,71,70) (S 38,70,69) (S 37,69,68) (S 711,787,3) (D 0,0,0)
 0 1 22 8961 32424  23 (D 0,0,0) (S 562,695,696) (S 454,29,287) (S 163,287,286) (S 162,286,285) (S 161,284,285) (S 564,681,381) (S 563,697,381) (S 685,381,221) (S 594,712,713) (S 686,712,38) (S 18,37,38) (S 73,134,133) (S 135,132,235) (S 501,642,234) (S 377,549,550) (S 133,232,233) (S 134,234,132) (S 543,133,595) (S 544,595,222) (S 565,681,285) (S 566,285,536) (D 0,0,0)
 0 1 23 8352 15570  22 (D 0,0,0) (S 348,520,351) (S 212,351,326) (S 211,326,350) (S 94,168,169) (S 439,169,62) (S 438,62,167) (S 93,167,166) (S 717,166,702) (S 722,790,660) (S 522,659,660) (S 721,660,793) (S 720,793,785) (S 708,785,784) (S 707,649,784) (S 710,784,786) (S 709,784,437) (S 623,435,328) (S 194,328,327) (S 191,325,324) (S 588,433,708) (D 0,0,0)
 0 1 24 8962 33750  16 (D 0,0,0) (S 9,20,21) (S 321,21,484) (S 466,483,492) (S 467,492,617) (S 611,617,730) (S 468,617,618) (S 469,618,619) (S 671,618,488) (S 593,710,711) (S 320,489,490) (S 324,489,496) (S 552,496,493) (S 553,493,688) (S 554,688,485) (D 0,0,0)
 0 1 25 8981 34248  22 (D 0,0,0) (S 329,499,500) (S 328,499,398) (S 246,387,386) (S 245,386,385) (S 682,385,376) (S 683,766,73) (S 40,74,75) (S 100,181,75) (S 101,75,182) (S 842,47,848) (S 841,47,106) (S 59,106,107) (S 837,107,845) (S 845,845,847) (S 839,847,544) (S 838,846,544) (S 374,543,542) (S 373,542,541) (S 142,247,248) (S 143,248,249) (D 0,0,0)
 0 1 26 8825 35284  21 (D 0,0,0) (S 835,113,805) (S 730,797,798) (S 731,798,122) (S 804,124,801) (S 805,801,111) (S 61,111,110) (S 824,110,125) (S 70,124,125) (S 738,125,803) (S 823,125,764) (S 675,764,765) (S 801,833,834) (S 802,834,765) (S 803,765,124) (S 69,124,123) (S 107,123,187) (S 736,187,800) (S 735,800,798) (S 734,798,799) (D 0,0,0)
 0 1 27 8782 12135  26 (D 0,0,0) (S 561,0,677) (S 539,677,653) (S 517,653,63) (S 516,63,8) (S 515,8,555) (S 380,555,509) (S 2,5,6) (S 3,6,7) (S 536,7,675) (S 642,675,671) (S 643,671,508) (S 337,508,266) (S 206,265,344) (S 207,344,345) (S 208,345,346) (S 209,346,347) (S 795,347,526) (S 796,526,761) (S 797,761,316) (S 186,316,317) (S 810,317,835) (S 808,832,719) (S 807,719,708) (S 538,676,677) (D 0,0,0)
 0 1 28 8978 17258  15 (D 0,0,0) (S 270,327,415) (S 286,415,434) (S 752,434,705) (S 25,52,51) (S 765,51,794) (S 766,794,819) (S 723,794,55) (S 28,55,56) (S 719,56,701) (S 579,701,579) (S 412,579,438) (S 641,437,330) (S 196,330,329) (D 0,0,0)
 0 1 29 8970 41363  18 (D 0,0,0) (S 428,38,135) (S 836,844,842) (S 153,272,230) (S 154,230,273) (S 378,552,299) (S 174,299,229) (S 147,254,255) (S 175,254,229) (S 145,251,231) (S 146,231,252) (S 812,252,679) (S 831,680,842) (S 830,842,615) (S 436,597,530) (S 248,389,388) (S 514,388,499) (D 0,0,0)
 0 1 30 8996 17762  16 (D 0,0,0) (S 713,520,325) (S 193,326,327) (S 587,329,436) (S 586,436,703) (S 92,166,165) (S 91,164,165) (S 574,165,700) (S 316,481,482) (S 576,481,333) (S 575,333,514) (S 342,514,515) (S 343,516,517) (S 345,518,519) (S 346,519,416) (D 0,0,0)
 0 1 31 8998 31782  25 (D 0,0,0) (S 389,214,561) (S 828,609,578) (S 396,249,547) (S 506,566,548) (S 171,218,276) (S 155,275,274) (S 185,246,315) (S 652,315,748) (S 651,748,129) (S 138,244,243) (S 767,243,796) (S 729,796,795) (S 728,795,162) (S 90,162,163) (S 737,795,802) (S 811,802,726) (S 608,726,421) (S 275,421,420) (S 661,756,127) (S 606,126,724) (S 604,470,540) (S 95,158,173) (S 397,249,567) (D 0,0,0)
 0 1 32 8976 19537  16 (D 0,0,0) (S 770,695,81) (S 43,80,81) (S 110,82,190) (S 111,190,191) (S 755,191,4) (S 649,747,727) (S 609,727,728) (S 754,728,4) (S 612,732,731) (S 640,731,28) (S 14,28,27) (S 13,26,27) (S 674,27,686) (S 551,686,663) (D 0,0,0)
 0 1 33 8970 35541  20 (D 0,0,0) (S 202,18,340) (S 201,339,340) (S 383,340,473) (S 309,474,475) (S 308,474,473) (S 382,473,469) (S 381,469,556) (S 774,556,641) (S 499,640,641) (S 500,641,468) (S 306,468,467) (S 549,467,684) (S 305,467,466) (S 560,692,466) (S 524,465,665) (S 525,665,666) (S 778,665,440) (S 821,441,825) (D 0,0,0)
 0 1 34 8978 24116  16 (D 0,0,0) (S 144,249,250) (S 375,546,547) (S 376,547,548) (S 505,548,537) (S 504,537,247) (S 503,247,223) (S 502,643,223) (S 129,223,224) (S 130,224,225) (S 393,225,565) (S 434,565,367) (S 230,367,293) (S 388,294,258) (S 783,557,205) (D 0,0,0)
 0 1 35 8932 24980  17 (D 0,0,0) (S 360,532,150) (S 180,151,306) (S 385,306,557) (S 409,578,567) (S 398,567,568) (S 408,567,577) (S 407,364,286) (S 406,286,576) (S 405,576,382) (S 242,382,383) (S 379,553,383) (S 243,383,30) (S 244,30,384) (S 225,29,364) (S 820,577,608) (D 0,0,0)
 0 1 36 8539 20721  16 (D 0,0,0) (S 271,416,327) (S 287,415,435) (S 624,435,704) (S 298,454,455) (S 299,455,456) (S 494,456,58) (S 31,58,59) (S 314,59,480) (S 689,480,770) (S 32,59,60) (S 315,59,481) (S 577,700,636) (S 578,636,579) (S 718,580,331) (D 0,0,0)
 0 1 37 8953 17514  13 (D 0,0,0) (S 424,532,585) (S 418,585,206) (S 482,207,590) (S 387,559,209) (S 782,208,826) (S 789,826,558) (S 386,558,209) (S 121,209,208) (S 120,207,206) (S 119,206,151) (S 361,150,533) (D 0,0,0)
 0 1 38 8903 29672  26 (D 0,0,0) (S 117,204,205) (S 169,294,295) (S 370,295,539) (S 87,158,159) (S 184,159,314) (S 605,314,724) (S 665,724,757) (S 664,160,757) (S 660,757,127) (S 71,127,126) (S 607,126,725) (S 658,725,756) (S 662,756,420) (S 274,420,161) (S 89,161,128) (S 88,128,160) (S 663,160,748) (S 317,246,274) (S 318,274,486) (S 319,486,487) (S 122,210,211) (S 392,219,462) (S 431,463,297) (S 432,297,538) (D 0,0,0)
 0 1 39 8863 17837  23 (D 0,0,0) (S 696,735,776) (S 724,776,581) (S 415,581,582) (S 725,581,626) (S 477,626,627) (S 479,629,630) (S 659,629,634) (S 490,634,515) (S 445,602,603) (S 478,605,628) (S 448,605,604) (S 447,604,602) (S 446,602,517) (S 344,517,518) (S 614,518,735) (S 638,736,739) (S 639,739,418) (S 273,418,419) (S 295,419,451) (S 757,451,352) (S 213,352,351) (D 0,0,0)
 0 1 40 8889 23772  19 (D 0,0,0) (S 580,704,703) (S 585,703,54) (S 27,54,55) (S 29,56,57) (S 411,57,579) (S 30,57,58) (S 300,456,457) (S 495,456,562) (S 390,562,563) (S 496,562,93) (S 653,637,749) (S 50,93,94) (S 426,592,593) (S 425,592,591) (S 626,591,454) (S 625,454,53) (S 192,326,325) (D 0,0,0)
 0 1 41 8967 33812  23 (D 0,0,0) (S 384,557,215) (S 66,118,119) (S 67,119,120) (S 567,120,35) (S 568,35,10) (S 5,11,12) (S 6,12,13) (S 108,12,188) (S 571,699,188) (S 109,188,189) (S 570,189,698) (S 569,189,10) (S 4,10,11) (S 572,11,34) (S 573,34,120) (S 17,35,36) (S 16,35,34) (S 15,34,33) (S 800,33,121) (S 68,121,119) (S 65,118,115) (D 0,0,0)
 0 1 42 8881 39534  15 (D 0,0,0) (S 523,661,662) (S 777,662,693) (S 776,693,683) (S 548,682,683) (S 775,683,641) (S 773,556,303) (S 177,302,303) (S 181,307,308) (S 771,824,308) (S 772,308,303) (S 178,303,304) (S 179,304,305) (S 688,19,769) (D 0,0,0)
 0 1 43 8986 18948  26 (D 0,0,0) (S 349,521,520) (S 347,351,416) (S 272,416,417) (S 621,740,519) (S 622,519,328) (S 195,328,329) (S 197,331,332) (S 414,332,580) (S 413,580,438) (S 288,438,439) (S 492,439,635) (S 666,635,758) (S 668,758,760) (S 667,758,759) (S 491,439,422) (S 276,422,423) (S 489,634,627) (S 488,627,633) (S 487,633,405) (S 716,406,70) (S 36,68,67) (S 35,67,66) (S 759,65,816) (S 818,816,787) (D 0,0,0)
 0 1 44 8990 18645  20 (D 0,0,0) (S 761,4,734) (S 760,734,733) (S 470,620,621) (S 473,584,622) (S 474,622,623) (S 475,623,624) (S 788,624,830) (S 476,624,625) (S 787,624,829) (S 785,71,407) (S 263,407,408) (S 262,406,405) (S 486,405,69) (S 416,68,404) (S 261,404,403) (S 458,403,613) (S 260,403,170) (S 617,170,67) (D 0,0,0)
 0 1 45 8903 20939  20 (D 0,0,0) (S 715,495,788) (S 753,788,814) (S 790,357,335) (S 198,335,334) (S 559,471,691) (S 632,691,360) (S 303,361,460) (S 443,460,574) (S 402,359,573) (S 401,573,572) (S 595,572,714) (S 592,573,554) (S 591,554,139) (S 76,138,139) (S 590,709,139) (S 218,358,322) (S 216,321,356) (S 190,321,320) (D 0,0,0)
 0 1 46 8582 19155  10 (D 0,0,0) (S 112,192,193) (S 423,590,589) (S 422,589,588) (S 421,559,587) (S 420,586,587) (S 676,587,300) (S 176,300,301) (S 784,301,557) (D 0,0,0)
 0 1 47 8604 17184  18 (D 0,0,0) (S 33,63,64) (S 34,65,66) (S 619,66,171) (S 620,171,450) (S 294,450,449) (S 615,449,736) (S 635,744,633) (S 636,633,582) (S 637,582,313) (S 183,313,310) (S 182,310,311) (S 293,312,449) (S 616,449,170) (S 758,451,65) (S 712,64,787) (S 819,787,63) (D 0,0,0)
 0 1 48 8695 28037  19 (D 0,0,0) (S 26,53,52) (S 669,606,689) (S 556,503,20) (S 555,20,485) (S 781,688,667) (S 780,667,825) (S 304,464,465) (S 822,464,825) (S 779,825,440) (S 427,594,440) (S 289,440,441) (S 527,442,668) (S 526,442,667) (S 557,689,599) (S 558,599,690) (S 307,471,472) (S 297,453,454) (D 0,0,0)
 0 1 49 8331 15517  16 (D 0,0,0) (S 302,192,355) (S 215,355,354) (S 115,195,196) (S 537,196,623) (S 484,505,622) (S 483,622,195) (S 114,195,194) (S 113,194,193) (S 224,193,354) (S 214,354,353) (S 472,353,459) (S 301,458,459) (S 471,459,621) (S 613,621,734) (D 0,0,0)
