1267363
49
3600502
3580925
 0 1 1 8996 27924  14 (D 0,0,0) (S 828,609,578) (S 144,249,250) (S 396,249,547) (S 506,548,566) (S 393,225,565) (S 732,596,173) (S 96,173,174) (S 97,174,175) (S 743,175,348) (S 210,348,292) (S 435,292,269) (S 389,561,214) (D 0,0,0)
 0 1 2 9000 28070  20 (D 0,0,0) (S 388,258,294) (S 169,294,295) (S 170,295,296) (S 173,296,297) (S 431,297,463) (S 430,463,217) (S 126,217,218) (S 127,218,219) (S 391,219,211) (S 122,210,211) (S 319,486,487) (S 318,486,274) (S 155,274,275) (S 165,278,289) (S 164,288,278) (S 156,277,276) (S 172,276,135) (S 128,221,222) (D 0,0,0)
 0 1 3 8739 31302  22 (D 0,0,0) (S 454,29,287) (S 564,681,381) (S 563,697,381) (S 685,381,221) (S 594,712,713) (S 686,712,38) (S 18,37,38) (S 687,38,134) (S 73,134,133) (S 135,132,235) (S 501,642,234) (S 133,232,233) (S 377,549,550) (S 134,234,132) (S 543,133,595) (S 544,595,222) (S 565,681,285) (S 407,286,364) (S 408,577,567) (S 409,567,578) (D 0,0,0)
 0 1 4 9000 33799  23 (D 0,0,0) (S 66,118,119) (S 67,119,120) (S 573,120,34) (S 572,34,11) (S 4,10,11) (S 5,11,12) (S 6,12,13) (S 108,12,188) (S 571,699,188) (S 109,188,189) (S 570,189,698) (S 569,189,10) (S 568,10,35) (S 17,35,36) (S 567,120,35) (S 16,35,34) (S 15,34,33) (S 800,33,121) (S 799,121,799) (S 733,799,118) (S 65,118,115) (D 0,0,0)
 0 1 5 8970 41538  19 (D 0,0,0) (S 225,29,364) (S 406,286,576) (S 545,576,681) (S 428,38,135) (S 836,844,842) (S 831,842,680) (S 812,679,252) (S 146,252,231) (S 153,272,230) (S 174,229,299) (S 378,552,299) (S 175,229,254) (S 147,254,255) (S 154,230,273) (S 145,251,231) (S 830,842,615) (S 74,135,134) (D 0,0,0)
 0 1 6 8921 31976  25 (D 0,0,0) (S 130,225,224) (S 432,538,297) (S 125,216,217) (S 429,277,570) (S 400,570,564) (S 399,564,131) (S 138,244,243) (S 767,243,796) (S 729,796,795) (S 90,162,163) (S 728,162,795) (S 737,795,802) (S 811,802,726) (S 608,726,421) (S 275,421,420) (S 662,420,756) (S 661,756,127) (S 660,127,757) (S 664,757,160) (S 652,748,315) (S 185,315,246) (S 317,246,274) (S 171,276,218) (D 0,0,0)
 0 1 7 8937 18219  10 (D 0,0,0) (S 360,532,150) (S 180,151,306) (S 676,300,587) (S 420,586,587) (S 421,587,559) (S 387,559,209) (S 121,209,208) (S 119,206,151) (D 0,0,0)
 0 1 8 8919 24601  16 (D 0,0,0) (S 455,448,612) (S 699,612,647) (S 56,101,102) (S 55,101,100) (S 54,100,99) (S 444,99,600) (S 10,22,23) (S 610,23,729) (S 11,23,24) (S 12,24,25) (S 508,501,101) (S 509,575,646) (S 547,646,447) (S 456,534,319) (D 0,0,0)
 0 1 9 8993 29303  18 (D 0,0,0) (S 229,226,367) (S 434,367,565) (S 433,565,596) (S 95,173,158) (S 372,540,541) (S 656,541,754) (S 748,810,813) (S 834,813,113) (S 835,113,805) (S 739,797,804) (S 798,804,799) (S 734,799,798) (S 731,798,122) (S 68,121,119) (S 232,115,174) (S 231,174,293) (D 0,0,0)
 0 1 10 8531 17085  19 (D 0,0,0) (S 194,327,328) (S 195,328,329) (S 196,329,330) (S 197,331,332) (S 414,332,580) (S 288,438,439) (S 668,758,760) (S 667,758,759) (S 666,758,635) (S 577,636,700) (S 574,700,165) (S 91,164,165) (S 92,165,166) (S 717,166,702) (S 586,703,436) (S 587,436,329) (S 349,520,521) (D 0,0,0)
 0 1 11 8934 42221  12 (D 0,0,0) (S 63,113,112) (S 61,111,110) (S 825,110,809) (S 21,44,45) (S 41,76,77) (S 827,76,812) (S 747,812,182) (S 746,182,806) (S 682,376,385) (S 328,398,499) (D 0,0,0)
 0 1 12 8737 30369  20 (D 0,0,0) (S 252,394,393) (S 697,777,393) (S 251,393,392) (S 681,391,385) (S 245,385,386) (S 246,386,387) (S 256,387,398) (S 327,398,498) (S 698,498,393) (S 253,395,396) (S 254,396,397) (S 355,397,529) (S 353,155,291) (S 167,291,242) (S 137,242,241) (S 352,241,291) (S 166,291,154) (S 75,136,137) (D 0,0,0)
 0 1 13 8692 19396  18 (D 0,0,0) (S 112,192,193) (S 483,195,622) (S 484,622,505) (S 485,505,632) (S 486,69,405) (S 263,407,408) (S 785,407,71) (S 786,71,829) (S 787,829,624) (S 476,624,625) (S 788,624,830) (S 475,624,623) (S 537,623,196) (S 474,623,622) (S 473,622,584) (S 613,621,734) (D 0,0,0)
 0 1 14 8466 15814  17 (D 0,0,0) (S 754,4,728) (S 609,728,727) (S 649,747,727) (S 755,4,191) (S 111,191,190) (S 110,190,82) (S 44,82,81) (S 562,695,696) (S 770,695,81) (S 43,80,81) (S 582,82,654) (S 380,509,555) (S 515,555,8) (S 516,8,63) (S 538,676,677) (D 0,0,0)
 0 1 15 8968 26124  20 (D 0,0,0) (S 192,325,326) (S 627,591,95) (S 628,95,741) (S 629,741,202) (S 78,145,144) (S 199,336,144) (S 630,145,742) (S 79,145,146) (S 80,146,147) (S 82,148,149) (S 81,148,147) (S 116,201,200) (S 497,200,638) (S 670,638,707) (S 51,95,96) (S 52,96,97) (S 631,97,690) (S 632,691,360) (D 0,0,0)
 0 1 16 8958 30195  28 (D 0,0,0) (S 504,247,537) (S 392,462,219) (S 123,211,212) (S 124,212,213) (S 141,213,246) (S 140,246,245) (S 651,748,129) (S 650,129,244) (S 139,244,130) (S 72,130,129) (S 663,748,160) (S 88,160,128) (S 89,128,161) (S 274,161,420) (S 658,756,725) (S 607,725,126) (S 71,126,127) (S 606,126,724) (S 665,757,724) (S 605,724,314) (S 184,314,159) (S 87,159,158) (S 371,158,539) (S 369,538,224) (S 367,537,248) (S 366,248,536) (D 0,0,0)
 0 1 17 8991 33838  15 (D 0,0,0) (S 559,471,691) (S 320,490,489) (S 593,710,711) (S 671,488,618) (S 469,618,619) (S 468,618,617) (S 611,617,730) (S 467,617,492) (S 322,491,492) (S 466,492,483) (S 465,483,22) (S 464,22,502) (S 217,322,357) (D 0,0,0)
 0 1 18 8817 14927  14 (D 0,0,0) (S 113,193,194) (S 114,194,195) (S 115,195,196) (S 422,588,589) (S 423,589,590) (S 482,590,207) (S 782,208,826) (S 789,826,558) (S 386,558,209) (S 120,207,206) (S 418,206,585) (S 424,585,532) (D 0,0,0)
 0 1 19 8955 27313  20 (D 0,0,0) (S 28,55,56) (S 29,56,57) (S 30,57,58) (S 494,58,456) (S 300,456,457) (S 390,562,563) (S 49,91,92) (S 690,478,771) (S 312,478,479) (S 691,479,772) (S 313,479,480) (S 689,480,770) (S 314,480,59) (S 32,59,60) (S 493,636,635) (S 492,635,439) (S 491,439,422) (S 276,422,423) (D 0,0,0)
 0 1 20 8919 35120  16 (D 0,0,0) (S 604,540,470) (S 373,541,542) (S 374,542,543) (S 846,843,847) (S 840,847,106) (S 841,106,47) (S 842,47,848) (S 22,46,45) (S 826,45,109) (S 60,109,108) (S 103,108,183) (S 104,183,184) (S 106,185,112) (S 741,186,805) (D 0,0,0)
 0 1 21 8965 21473  23 (D 0,0,0) (S 692,773,774) (S 693,774,775) (S 694,774,611) (S 695,611,647) (S 511,647,648) (S 510,647,646) (S 404,575,497) (S 325,461,497) (S 403,497,574) (S 442,574,601) (S 200,337,338) (S 706,337,601) (S 705,601,446) (S 292,447,448) (S 290,445,318) (S 187,318,317) (S 809,317,832) (S 794,832,718) (S 749,718,762) (S 750,762,525) (S 350,524,523) (D 0,0,0)
 0 1 22 8529 19677  19 (D 0,0,0) (S 1,0,1) (S 612,732,731) (S 551,686,663) (S 674,686,27) (S 13,26,27) (S 14,27,28) (S 640,28,731) (S 302,192,355) (S 215,355,354) (S 224,354,193) (S 214,354,353) (S 472,353,459) (S 301,458,459) (S 471,459,621) (S 470,620,621) (S 760,733,734) (S 761,734,4) (D 0,0,0)
 0 1 23 8992 34007  24 (D 0,0,0) (S 370,295,539) (S 655,541,753) (S 848,753,841) (S 847,841,843) (S 832,105,48) (S 23,48,49) (S 24,49,50) (S 654,49,103) (S 57,104,105) (S 58,105,106) (S 59,106,107) (S 837,107,845) (S 844,845,183) (S 843,849,183) (S 845,845,847) (S 839,847,544) (S 838,846,544) (S 833,543,813) (S 657,754,755) (S 168,293,294) (S 385,557,306) (S 359,532,191) (D 0,0,0)
 0 1 24 8981 32975  16 (D 0,0,0) (S 255,394,398) (S 257,387,378) (S 240,378,377) (S 726,429,766) (S 683,766,73) (S 684,73,767) (S 745,767,806) (S 742,806,74) (S 40,74,75) (S 100,181,75) (S 101,75,182) (S 102,182,46) (S 105,184,185) (S 744,185,114) (D 0,0,0)
 0 1 25 8991 19096  15 (D 0,0,0) (S 619,66,171) (S 260,170,403) (S 458,403,613) (S 261,403,404) (S 416,404,68) (S 39,70,71) (S 814,838,829) (S 815,829,632) (S 332,505,504) (S 417,504,583) (S 816,583,737) (S 618,737,738) (S 817,738,816) (D 0,0,0)
 0 1 26 8782 26677  20 (D 0,0,0) (S 807,708,719) (S 793,432,443) (S 703,426,779) (S 700,779,239) (S 701,239,780) (S 136,238,237) (S 677,236,424) (S 602,721,722) (S 702,425,781) (S 277,425,426) (S 296,427,452) (S 704,452,446) (S 291,446,447) (S 362,534,445) (S 363,445,535) (S 364,535,527) (S 8,15,16) (S 534,17,674) (D 0,0,0)
 0 1 27 8940 17698  17 (D 0,0,0) (S 637,313,582) (S 488,633,627) (S 489,627,634) (S 342,515,514) (S 575,514,333) (S 576,333,481) (S 316,481,482) (S 315,481,59) (S 31,59,58) (S 578,636,579) (S 412,579,438) (S 413,438,580) (S 718,580,331) (S 271,327,416) (S 347,416,351) (D 0,0,0)
 0 1 28 8770 20221  15 (D 0,0,0) (S 580,704,703) (S 299,455,456) (S 495,456,562) (S 496,562,93) (S 50,93,94) (S 584,94,592) (S 426,592,593) (S 425,592,591) (S 626,591,454) (S 297,454,453) (S 752,705,434) (S 193,327,326) (S 713,325,520) (D 0,0,0)
 0 1 29 8937 13387  29 (D 0,0,0) (S 673,708,673) (S 533,673,524) (S 532,524,16) (S 531,672,179) (S 98,179,178) (S 283,178,431) (S 334,506,177) (S 335,177,507) (S 336,507,266) (S 337,266,508) (S 205,343,265) (S 206,265,344) (S 207,344,345) (S 208,345,346) (S 209,346,347) (S 795,347,526) (S 796,526,761) (S 797,761,316) (S 186,316,317) (S 810,317,835) (S 188,318,319) (S 189,319,320) (S 323,320,494) (S 792,494,443) (S 285,432,433) (S 588,433,708) (S 806,708,522) (D 0,0,0)
 0 1 30 8960 27759  10 (D 0,0,0) (S 361,150,533) (S 176,300,301) (S 784,301,557) (S 384,557,215) (S 226,365,257) (S 148,257,256) (S 152,256,227) (S 132,227,228) (D 0,0,0)
 0 1 31 8994 28306  22 (D 0,0,0) (S 558,690,599) (S 9,20,21) (S 321,21,484) (S 324,489,496) (S 552,496,493) (S 553,493,688) (S 780,667,825) (S 822,825,464) (S 304,464,465) (S 524,465,665) (S 525,665,666) (S 778,665,440) (S 427,594,440) (S 289,440,441) (S 527,442,668) (S 526,442,667) (S 781,667,688) (S 554,688,485) (S 557,689,599) (S 440,599,362) (D 0,0,0)
 0 1 32 8950 16024  16 (D 0,0,0) (S 614,518,735) (S 696,735,776) (S 724,776,581) (S 415,581,582) (S 636,582,633) (S 635,744,633) (S 487,633,405) (S 262,405,406) (S 716,406,70) (S 38,70,69) (S 37,69,68) (S 36,68,67) (S 35,67,66) (S 33,64,63) (D 0,0,0)
 0 1 33 8914 33416  22 (D 0,0,0) (S 625,53,454) (S 298,454,455) (S 653,637,749) (S 311,92,477) (S 158,281,280) (S 603,280,723) (S 157,279,280) (S 159,281,282) (S 160,282,283) (S 601,282,720) (S 634,281,743) (S 633,281,477) (S 550,476,685) (S 310,476,142) (S 77,142,143) (S 42,78,79) (S 813,837,639) (S 498,639,200) (S 583,201,707) (S 623,435,328) (D 0,0,0)
 0 1 34 8935 38582  15 (D 0,0,0) (S 688,19,769) (S 179,304,305) (S 178,304,303) (S 177,302,303) (S 181,307,308) (S 771,824,308) (S 772,308,303) (S 773,303,556) (S 775,641,683) (S 548,682,683) (S 776,683,693) (S 777,693,662) (S 779,440,825) (D 0,0,0)
 0 1 35 8978 35556  20 (D 0,0,0) (S 202,18,340) (S 201,339,340) (S 383,340,473) (S 308,473,474) (S 309,474,475) (S 382,473,469) (S 381,469,556) (S 774,556,641) (S 499,640,641) (S 500,641,468) (S 306,468,467) (S 549,467,684) (S 305,467,466) (S 560,692,466) (S 523,661,662) (S 821,441,825) (S 555,485,20) (S 556,20,503) (D 0,0,0)
 0 1 36 8829 32397  17 (D 0,0,0) (S 514,499,388) (S 247,388,387) (S 258,378,399) (S 282,412,430) (S 267,412,413) (S 281,412,429) (S 280,377,386) (S 279,386,428) (S 326,428,498) (S 278,428,392) (S 250,392,391) (S 680,391,140) (S 679,140,152) (S 83,152,153) (S 678,152,236) (D 0,0,0)
 0 1 37 8983 25827  16 (D 0,0,0) (S 244,30,384) (S 243,30,383) (S 379,553,383) (S 242,383,382) (S 405,382,576) (S 546,576,287) (S 163,287,286) (S 162,286,285) (S 161,284,285) (S 566,285,536) (S 820,577,608) (S 783,557,205) (S 117,204,205) (S 118,205,151) (D 0,0,0)
 0 1 38 8874 18156  26 (D 0,0,0) (S 272,416,417) (S 621,740,519) (S 622,519,328) (S 641,330,437) (S 709,437,784) (S 710,784,786) (S 707,649,784) (S 708,784,785) (S 720,785,793) (S 721,793,660) (S 522,659,660) (S 722,660,790) (S 719,701,56) (S 411,57,579) (S 579,579,701) (S 93,166,167) (S 438,167,62) (S 439,62,169) (S 94,168,169) (S 211,350,326) (S 191,325,324) (S 480,631,324) (S 589,433,324) (S 481,324,521) (D 0,0,0)
 0 1 39 8991 33962  20 (D 0,0,0) (S 829,529,614) (S 460,614,88) (S 461,88,597) (S 437,597,598) (S 436,597,530) (S 358,530,531) (S 727,652,399) (S 269,401,410) (S 266,410,411) (S 265,410,400) (S 264,409,400) (S 259,400,401) (S 268,401,414) (S 512,414,652) (S 513,652,388) (S 672,535,761) (S 333,14,506) (S 542,506,431) (D 0,0,0)
 0 1 40 8955 19141  34 (D 0,0,0) (S 540,674,672) (S 541,672,431) (S 284,431,15) (S 7,15,14) (S 751,14,525) (S 351,525,526) (S 365,527,368) (S 233,368,369) (S 528,370,669) (S 234,370,369) (S 419,369,513) (S 341,513,375) (S 340,375,512) (S 339,512,41) (S 19,41,40) (S 462,616,39) (S 756,39,815) (S 235,40,372) (S 596,371,715) (S 762,817,715) (S 239,375,86) (S 599,86,380) (S 241,380,264) (S 151,264,265) (S 644,343,260) (S 645,260,745) (S 519,656,655) (S 598,716,655) (S 518,655,262) (S 2,5,6) (S 3,6,7) (S 536,7,675) (D 0,0,0)
 0 1 41 8920 17778  15 (D 0,0,0) (S 714,325,495) (S 286,434,415) (S 624,435,704) (S 26,53,52) (S 25,52,51) (S 765,51,794) (S 766,794,819) (S 723,794,55) (S 27,55,54) (S 585,54,703) (S 287,435,415) (S 270,415,327) (S 212,326,351) (D 0,0,0)
 0 1 42 7807 9459  19 (D 0,0,0) (S 711,3,787) (S 818,787,816) (S 759,816,65) (S 34,65,66) (S 617,67,170) (S 616,170,449) (S 615,449,736) (S 638,736,739) (S 639,739,418) (S 273,418,419) (S 295,419,451) (S 758,451,65) (S 712,64,787) (S 819,787,63) (S 517,63,653) (S 539,653,677) (S 561,677,0) (D 0,0,0)
 0 1 43 8965 25292  21 (D 0,0,0) (S 149,258,257) (S 410,366,578) (S 398,567,568) (S 397,567,249) (S 143,249,248) (S 142,248,247) (S 503,247,223) (S 502,643,223) (S 129,223,224) (S 368,224,537) (S 505,537,548) (S 376,548,547) (S 375,546,547) (S 395,547,566) (S 507,566,644) (S 394,566,225) (S 131,225,226) (S 228,226,366) (S 227,366,257) (D 0,0,0)
 0 1 44 8917 34665  21 (D 0,0,0) (S 740,805,797) (S 730,797,798) (S 735,798,800) (S 736,800,187) (S 107,187,123) (S 69,123,124) (S 70,124,125) (S 824,125,110) (S 738,125,803) (S 823,125,764) (S 675,764,765) (S 801,833,834) (S 802,834,765) (S 803,765,124) (S 804,124,801) (S 805,801,111) (S 62,111,112) (S 64,114,115) (S 230,293,367) (D 0,0,0)
 0 1 45 8996 18778  29 (D 0,0,0) (S 535,674,180) (S 99,180,179) (S 600,507,344) (S 150,264,263) (S 238,263,86) (S 47,86,85) (S 763,85,512) (S 597,715,372) (S 236,40,373) (S 521,373,658) (S 237,373,374) (S 520,373,84) (S 45,83,84) (S 46,84,42) (S 20,42,43) (S 769,822,823) (S 768,821,822) (S 647,43,657) (S 648,657,746) (S 646,43,745) (S 764,745,670) (S 529,670,261) (S 530,261,342) (S 203,341,342) (S 204,342,343) (S 643,508,671) (S 642,671,675) (D 0,0,0)
 0 1 46 8987 28779  17 (D 0,0,0) (S 223,242,363) (S 449,363,155) (S 85,155,156) (S 86,156,157) (S 459,156,614) (S 48,88,89) (S 357,89,530) (S 249,390,389) (S 248,388,389) (S 338,389,500) (S 329,499,500) (S 330,500,89) (S 356,89,397) (S 354,529,155) (S 84,155,154) (D 0,0,0)
 0 1 47 8399 18501  24 (D 0,0,0) (S 348,520,351) (S 213,351,352) (S 757,352,451) (S 620,171,450) (S 294,450,449) (S 293,449,312) (S 182,310,311) (S 183,310,313) (S 725,581,626) (S 477,626,627) (S 479,629,630) (S 659,629,634) (S 490,634,515) (S 343,516,517) (S 446,517,602) (S 447,602,604) (S 478,605,628) (S 448,605,604) (S 445,603,602) (S 344,517,518) (S 345,518,519) (S 346,519,416) (D 0,0,0)
 0 1 48 8786 20283  21 (D 0,0,0) (S 753,788,814) (S 791,814,357) (S 76,138,139) (S 590,709,139) (S 591,139,554) (S 592,554,573) (S 401,573,572) (S 595,572,714) (S 402,573,359) (S 443,574,460) (S 303,460,361) (S 221,361,360) (S 220,360,359) (S 219,359,358) (S 218,358,322) (S 216,321,356) (S 190,321,320) (S 457,319,443) (S 808,832,719) (D 0,0,0)
 0 1 49 8976 20357  17 (D 0,0,0) (S 715,495,788) (S 790,357,335) (S 198,335,334) (S 307,471,472) (S 669,606,689) (S 331,503,502) (S 463,502,600) (S 441,600,362) (S 222,362,98) (S 53,98,97) (S 450,96,472) (S 451,472,571) (S 452,571,453) (S 453,453,52) (S 581,607,704) (D 0,0,0)
