574735
20
2037031
1184860
 0 1 1 8936 26566  16 (D 0,0,0) (S 151,522,523) (S 292,773,774) (S 195,610,611) (S 296,612,647) (S 214,646,575) (S 213,501,24) (S 10,24,25) (S 254,23,729) (S 9,23,22) (S 8,21,22) (S 129,460,461) (S 174,574,359) (S 93,359,358) (S 84,320,319) (D 0,0,0)
 0 1 2 8957 22569  20 (D 0,0,0) (S 306,520,325) (S 307,325,495) (S 308,495,788) (S 309,788,789) (S 246,709,139) (S 247,139,554) (S 173,573,572) (S 248,572,714) (S 172,572,571) (S 132,472,471) (S 262,690,97) (S 27,95,96) (S 190,96,472) (S 191,472,571) (S 261,454,53) (S 14,53,54) (S 311,55,794) (S 244,703,436) (D 0,0,0)
 0 1 3 8931 33837  26 (D 0,0,0) (S 243,703,54) (S 242,54,455) (S 127,455,454) (S 181,591,592) (S 279,707,741) (S 53,202,201) (S 35,147,148) (S 227,476,685) (S 34,143,142) (S 134,142,476) (S 52,199,198) (S 72,280,281) (S 263,477,281) (S 73,281,282) (S 74,282,283) (S 26,90,91) (S 135,92,478) (S 291,478,771) (S 207,93,637) (S 206,93,562) (S 278,758,760) (S 205,439,422) (S 204,422,515) (S 260,519,740) (D 0,0,0)
 0 1 4 8942 21108  20 (D 0,0,0) (S 86,327,328) (S 122,436,437) (S 303,649,784) (S 179,438,580) (S 180,580,332) (S 87,332,333) (S 136,59,481) (S 237,481,700) (S 238,636,579) (S 178,579,57) (S 15,57,56) (S 310,56,701) (S 239,702,703) (S 16,61,62) (S 39,168,169) (S 91,169,349) (S 121,349,434) (S 92,350,326) (D 0,0,0)
 0 1 5 8836 36031  17 (D 0,0,0) (S 94,360,361) (S 232,692,466) (S 130,467,468) (S 209,468,641) (S 208,640,641) (S 334,556,303) (S 332,824,308) (S 333,308,303) (S 80,303,304) (S 166,469,473) (S 133,474,475) (S 88,340,18) (S 6,18,19) (S 290,19,769) (S 7,19,20) (D 0,0,0)
 0 1 6 663 1326  3 (D 0,0,0) (S 1,0,1) (D 0,0,0)
 0 1 7 8905 18129  28 (D 0,0,0) (S 43,180,179) (S 42,178,177) (S 250,344,380) (S 249,380,86) (S 102,86,263) (S 69,263,264) (S 103,86,375) (S 146,375,512) (S 327,512,715) (S 98,371,372) (S 99,372,40) (S 197,616,39) (S 324,39,815) (S 13,39,40) (S 100,40,373) (S 101,373,374) (S 220,657,656) (S 330,656,670) (S 68,261,262) (S 219,262,654) (S 240,509,654) (S 241,654,82) (S 23,82,81) (S 165,81,190) (S 22,81,80) (S 323,191,4) (D 0,0,0)
 0 1 8 8905 23003  17 (D 0,0,0) (S 256,734,621) (S 199,459,353) (S 338,624,830) (S 347,838,829) (S 19,70,71) (S 20,71,72) (S 337,71,407) (S 336,828,407) (S 117,407,406) (S 116,406,405) (S 202,405,69) (S 143,505,504) (S 18,67,66) (S 348,738,816) (S 325,816,733) (D 0,0,0)
 0 1 9 8880 36225  19 (D 0,0,0) (S 11,28,27) (S 283,27,686) (S 270,747,727) (S 326,734,733) (S 255,733,621) (S 128,459,355) (S 50,194,195) (S 51,195,196) (S 54,208,209) (S 285,300,116) (S 95,117,365) (S 354,609,578) (S 162,546,547) (S 211,566,644) (S 171,567,568) (S 167,215,557) (S 155,150,532) (D 0,0,0)
 0 1 10 8972 16829  29 (D 0,0,0) (S 223,676,677) (S 344,522,708) (S 282,708,673) (S 281,762,761) (S 341,761,526) (S 157,527,368) (S 105,368,379) (S 106,379,380) (S 90,344,345) (S 148,379,513) (S 147,513,375) (S 328,512,85) (S 329,85,745) (S 269,745,260) (S 89,341,342) (S 67,261,260) (S 268,260,343) (S 267,508,671) (S 70,267,266) (S 144,266,508) (S 145,508,5) (S 2,6,7) (S 3,7,8) (S 349,63,787) (S 304,787,64) (S 17,64,65) (S 305,64,520) (D 0,0,0)
 0 1 11 8862 22580  28 (D 0,0,0) (S 245,433,324) (S 201,631,324) (S 85,324,325) (S 293,740,735) (S 294,735,776) (S 257,735,518) (S 212,645,604) (S 189,604,602) (S 149,517,516) (S 203,515,634) (S 200,629,627) (S 264,744,633) (S 265,633,582) (S 312,581,626) (S 115,404,403) (S 114,403,170) (S 40,170,171) (S 258,449,736) (S 266,736,313) (S 83,313,310) (S 81,310,311) (S 82,310,312) (S 124,312,449) (S 125,449,450) (S 259,739,740) (S 150,416,351) (D 0,0,0)
 0 1 12 8909 28383  18 (D 0,0,0) (S 345,708,719) (S 126,452,427) (S 297,779,778) (S 299,237,782) (S 62,237,238) (S 300,778,781) (S 298,781,425) (S 286,424,236) (S 287,140,391) (S 110,391,392) (S 295,777,393) (S 217,395,290) (S 33,136,137) (S 156,445,535) (S 5,15,16) (S 222,16,672) (D 0,0,0)
 0 1 13 9000 34273  23 (D 0,0,0) (S 112,394,398) (S 141,398,498) (S 140,498,428) (S 118,428,386) (S 119,377,429) (S 120,412,430) (S 113,401,402) (S 215,651,414) (S 216,414,652) (S 313,390,530) (S 154,530,531) (S 109,390,389) (S 108,389,388) (S 142,500,89) (S 25,89,88) (S 24,87,88) (S 153,89,397) (S 152,529,155) (S 218,137,427) (S 196,319,443) (S 340,443,432) (D 0,0,0)
 0 1 14 8879 33411  19 (D 0,0,0) (S 301,446,601) (S 302,601,337) (S 187,574,460) (S 188,99,600) (S 123,441,440) (S 335,693,662) (S 221,661,662) (S 229,688,493) (S 228,493,496) (S 139,489,488) (S 280,488,618) (S 198,618,619) (S 137,483,484) (S 138,484,485) (S 230,485,20) (S 231,599,690) (S 339,494,443) (D 0,0,0)
 0 1 15 8996 40271  18 (D 0,0,0) (S 168,561,258) (S 319,185,808) (S 161,184,545) (S 351,545,109) (S 352,109,45) (S 353,45,812) (S 361,47,848) (S 360,47,106) (S 28,106,105) (S 357,105,48) (S 288,49,767) (S 321,767,806) (S 322,806,182) (S 44,182,75) (S 21,74,73) (S 104,376,377) (D 0,0,0)
 0 1 16 8938 43793  20 (D 0,0,0) (S 111,396,397) (S 186,597,598) (S 355,615,842) (S 356,842,680) (S 64,252,231) (S 65,254,255) (S 164,552,299) (S 58,229,230) (S 331,796,243) (S 63,244,130) (S 61,132,235) (S 59,232,233) (S 60,233,234) (S 224,133,595) (S 225,595,222) (S 234,681,285) (S 176,286,364) (S 177,364,577) (D 0,0,0)
 0 1 17 8964 27712  20 (D 0,0,0) (S 66,258,257) (S 96,257,366) (S 97,226,367) (S 77,294,295) (S 184,538,297) (S 183,463,217) (S 75,288,278) (S 78,276,135) (S 182,135,38) (S 57,220,221) (S 289,221,381) (S 233,697,381) (S 107,381,382) (S 226,681,576) (S 175,576,286) (S 192,287,29) (S 193,29,608) (S 194,608,609) (D 0,0,0)
 0 1 18 8641 32389  27 (D 0,0,0) (S 185,565,596) (S 314,596,173) (S 36,158,159) (S 276,160,748) (S 32,129,128) (S 37,128,161) (S 38,161,162) (S 275,420,756) (S 273,756,725) (S 274,725,751) (S 346,836,726) (S 253,421,725) (S 252,725,126) (S 31,126,127) (S 277,757,724) (S 251,314,470) (S 131,470,213) (S 55,213,212) (S 169,275,486) (S 170,211,219) (S 56,219,218) (S 79,296,297) (S 158,224,537) (S 210,537,548) (S 163,548,547) (D 0,0,0)
 0 1 19 8942 36669  20 (D 0,0,0) (S 76,294,293) (S 342,799,804) (S 316,797,805) (S 317,805,186) (S 46,186,187) (S 47,187,123) (S 29,123,124) (S 30,124,125) (S 315,125,803) (S 350,764,834) (S 343,834,765) (S 284,765,32) (S 12,32,33) (S 4,12,13) (S 48,12,188) (S 49,188,189) (S 235,188,11) (S 236,11,34) (D 0,0,0)
 0 1 20 8919 39631  16 (D 0,0,0) (S 71,256,227) (S 318,348,175) (S 41,175,176) (S 320,811,810) (S 272,754,541) (S 160,541,542) (S 358,543,843) (S 364,843,847) (S 359,847,544) (S 45,184,183) (S 362,183,845) (S 363,845,847) (S 271,753,541) (S 159,540,158) (D 0,0,0)
