589293
20
33324
29878
 0 1 1 8984 21261  29 (D 0,0,0) (S 86,327,328) (S 303,649,784) (S 122,437,436) (S 244,436,703) (S 243,703,54) (S 14,54,53) (S 261,53,454) (S 127,454,455) (S 242,455,54) (S 311,55,794) (S 239,703,702) (S 310,701,56) (S 15,56,57) (S 178,57,579) (S 238,579,636) (S 278,758,760) (S 205,439,422) (S 204,422,515) (S 257,518,735) (S 258,736,449) (S 125,449,450) (S 124,449,312) (S 82,312,310) (S 81,310,311) (S 83,310,313) (S 266,313,736) (S 259,739,740) (D 0,0,0)
 0 1 2 8989 29283  19 (D 0,0,0) (S 285,300,116) (S 95,117,365) (S 194,609,608) (S 193,608,29) (S 192,29,287) (S 175,286,576) (S 226,576,681) (S 233,697,381) (S 289,381,221) (S 57,220,221) (S 224,133,595) (S 225,595,222) (S 234,681,285) (S 176,286,364) (S 177,364,577) (S 211,566,644) (S 162,546,547) (D 0,0,0)
 0 1 3 8923 44036  18 (D 0,0,0) (S 60,234,233) (S 59,232,233) (S 61,132,235) (S 63,130,244) (S 331,243,796) (S 164,552,299) (S 65,254,255) (S 58,229,230) (S 64,231,252) (S 356,680,842) (S 355,842,615) (S 186,597,598) (S 24,87,88) (S 25,88,89) (S 111,397,396) (S 217,395,290) (D 0,0,0)
 0 1 4 8891 26880  17 (D 0,0,0) (S 151,522,523) (S 292,773,774) (S 195,610,611) (S 296,612,647) (S 214,646,575) (S 213,501,24) (S 10,24,25) (S 254,23,729) (S 9,23,22) (S 8,21,22) (S 188,600,99) (S 129,460,461) (S 187,460,574) (S 340,443,432) (S 345,719,708) (D 0,0,0)
 0 1 5 8202 18206  19 (D 0,0,0) (S 326,734,733) (S 325,733,816) (S 348,816,738) (S 40,171,170) (S 114,170,403) (S 115,403,404) (S 116,405,406) (S 117,406,407) (S 336,828,407) (S 337,407,71) (S 20,71,72) (S 19,71,70) (S 202,69,405) (S 18,67,66) (S 17,65,64) (S 349,787,63) (S 1,0,1) (D 0,0,0)
 0 1 6 8999 36134  19 (D 0,0,0) (S 66,258,257) (S 96,257,366) (S 97,226,367) (S 46,186,187) (S 47,187,123) (S 29,123,124) (S 30,124,125) (S 315,125,803) (S 350,764,834) (S 343,834,765) (S 284,765,32) (S 12,32,33) (S 4,12,13) (S 48,12,188) (S 49,188,189) (S 235,188,11) (S 236,11,34) (D 0,0,0)
 0 1 7 8996 38555  21 (D 0,0,0) (S 184,538,297) (S 79,296,297) (S 183,463,217) (S 55,212,213) (S 131,213,470) (S 251,470,314) (S 160,541,542) (S 358,543,843) (S 363,847,845) (S 362,845,183) (S 45,183,184) (S 161,184,545) (S 351,545,109) (S 352,109,45) (S 353,45,812) (S 319,808,185) (S 317,186,805) (S 316,805,797) (S 342,804,799) (D 0,0,0)
 0 1 8 8934 37805  24 (D 0,0,0) (S 108,388,389) (S 109,389,390) (S 154,530,531) (S 313,530,390) (S 216,652,414) (S 215,651,414) (S 113,401,402) (S 120,412,430) (S 119,429,377) (S 104,377,376) (S 140,428,498) (S 141,498,398) (S 112,398,394) (S 295,777,393) (S 110,392,391) (S 287,391,140) (S 286,236,424) (S 298,425,781) (S 300,781,778) (S 62,238,237) (S 299,237,782) (S 297,778,779) (D 0,0,0)
 0 1 9 8491 34758  16 (D 0,0,0) (S 181,592,591) (S 279,741,707) (S 35,147,148) (S 53,201,202) (S 7,19,20) (S 230,20,485) (S 229,688,493) (S 228,493,496) (S 139,489,488) (S 280,488,618) (S 198,618,619) (S 137,483,484) (S 138,484,485) (S 231,599,690) (D 0,0,0)
 0 1 10 7662 29508  14 (D 0,0,0) (S 270,747,727) (S 255,733,621) (S 199,459,353) (S 143,504,505) (S 347,838,829) (S 338,624,830) (S 51,196,195) (S 50,195,194) (S 128,355,459) (S 256,621,734) (S 11,28,27) (S 283,27,686) (D 0,0,0)
 0 1 11 8989 35597  17 (D 0,0,0) (S 354,609,578) (S 171,567,568) (S 163,547,548) (S 210,548,537) (S 158,537,224) (S 185,596,565) (S 314,596,173) (S 41,175,176) (S 318,175,348) (S 71,227,256) (S 168,258,561) (S 167,215,557) (S 54,209,208) (S 155,150,532) (S 323,191,4) (D 0,0,0)
 0 1 12 8937 35230  24 (D 0,0,0) (S 107,382,381) (S 182,38,135) (S 78,135,276) (S 75,288,278) (S 56,218,219) (S 170,219,211) (S 169,486,275) (S 32,129,128) (S 37,128,161) (S 38,161,162) (S 275,420,756) (S 273,756,725) (S 274,725,751) (S 253,725,421) (S 346,836,726) (S 252,725,126) (S 31,126,127) (S 277,757,724) (S 276,160,748) (S 36,159,158) (S 159,158,540) (S 77,295,294) (D 0,0,0)
 0 1 13 8780 37786  22 (D 0,0,0) (S 290,19,769) (S 6,19,18) (S 88,18,340) (S 133,474,475) (S 166,473,469) (S 80,304,303) (S 333,303,308) (S 332,824,308) (S 334,303,556) (S 208,640,641) (S 209,641,468) (S 130,468,467) (S 232,692,466) (S 335,693,662) (S 221,661,662) (S 123,440,441) (S 94,361,360) (S 84,320,319) (S 196,319,443) (S 344,708,522) (D 0,0,0)
 0 1 14 8895 23366  17 (D 0,0,0) (S 223,676,677) (S 222,672,16) (S 5,16,15) (S 156,535,445) (S 33,136,137) (S 218,137,427) (S 126,427,452) (S 301,446,601) (S 302,601,337) (S 174,574,359) (S 93,359,358) (S 309,788,789) (S 308,788,495) (S 307,495,325) (S 306,325,520) (D 0,0,0)
 0 1 15 8908 17986  29 (D 0,0,0) (S 3,8,7) (S 2,7,6) (S 145,5,508) (S 267,508,671) (S 70,267,266) (S 144,266,508) (S 268,343,260) (S 67,260,261) (S 330,670,656) (S 220,656,657) (S 101,373,374) (S 100,373,40) (S 13,40,39) (S 324,39,815) (S 197,616,39) (S 99,40,372) (S 98,372,371) (S 327,715,512) (S 147,375,513) (S 148,513,379) (S 106,379,380) (S 90,344,345) (S 105,379,368) (S 157,368,527) (S 341,526,761) (S 281,761,762) (S 282,673,708) (D 0,0,0)
 0 1 16 8904 29856  20 (D 0,0,0) (S 180,332,580) (S 179,580,438) (S 206,562,93) (S 207,93,637) (S 227,476,685) (S 34,143,142) (S 134,142,476) (S 52,199,198) (S 72,280,281) (S 263,477,281) (S 73,281,282) (S 74,282,283) (S 26,90,91) (S 135,92,478) (S 291,478,771) (S 136,59,481) (S 237,481,700) (S 87,333,332) (D 0,0,0)
 0 1 17 8999 37736  21 (D 0,0,0) (S 76,294,293) (S 320,811,810) (S 272,754,541) (S 271,541,753) (S 364,843,847) (S 359,544,847) (S 361,47,848) (S 360,47,106) (S 28,106,105) (S 357,105,48) (S 288,49,767) (S 321,767,806) (S 322,806,182) (S 44,182,75) (S 21,74,73) (S 118,386,428) (S 142,500,89) (S 153,89,397) (S 152,529,155) (D 0,0,0)
 0 1 18 8825 24097  21 (D 0,0,0) (S 339,443,494) (S 246,709,139) (S 247,139,554) (S 173,573,572) (S 248,572,714) (S 172,572,571) (S 191,571,472) (S 132,472,471) (S 262,690,97) (S 27,95,96) (S 190,96,472) (S 16,61,62) (S 39,168,169) (S 91,169,349) (S 121,349,434) (S 92,350,326) (S 85,325,324) (S 201,631,324) (S 245,433,324) (D 0,0,0)
 0 1 19 6113 18343  16 (D 0,0,0) (S 304,787,64) (S 305,64,520) (S 150,351,416) (S 260,740,519) (S 212,645,604) (S 189,604,602) (S 149,517,516) (S 203,515,634) (S 200,629,627) (S 264,744,633) (S 265,633,582) (S 312,581,626) (S 294,776,735) (S 293,735,740) (D 0,0,0)
 0 1 20 5556 12870  21 (D 0,0,0) (S 43,180,179) (S 42,178,177) (S 250,344,380) (S 249,380,86) (S 102,86,263) (S 69,263,264) (S 103,86,375) (S 146,375,512) (S 328,512,85) (S 329,85,745) (S 269,745,260) (S 89,341,342) (S 68,261,262) (S 219,262,654) (S 240,509,654) (S 241,654,82) (S 23,82,81) (S 22,80,81) (S 165,81,190) (D 0,0,0)
