573311
20
1014222
213485
 0 1 1 663 1326  3 (D 0,0,0) (S 1,0,1) (D 0,0,0)
 0 1 2 8793 23990  17 (D 0,0,0) (S 151,522,523) (S 341,526,761) (S 156,535,445) (S 33,136,137) (S 218,137,427) (S 126,427,452) (S 301,446,601) (S 302,601,337) (S 187,574,460) (S 129,460,461) (S 174,574,359) (S 84,320,319) (S 196,319,443) (S 340,443,432) (S 345,719,708) (D 0,0,0)
 0 1 3 8970 20820  30 (D 0,0,0) (S 305,520,64) (S 17,64,65) (S 304,64,787) (S 349,787,63) (S 3,8,7) (S 2,7,6) (S 145,5,508) (S 144,508,266) (S 69,264,263) (S 102,263,86) (S 106,380,379) (S 148,379,513) (S 147,513,375) (S 146,375,512) (S 328,512,85) (S 329,85,745) (S 269,745,260) (S 68,261,262) (S 219,262,654) (S 240,509,654) (S 241,654,82) (S 23,82,81) (S 165,81,190) (S 22,81,80) (S 155,532,150) (S 323,191,4) (S 283,27,686) (S 11,27,28) (D 0,0,0)
 0 1 4 8939 22812  26 (D 0,0,0) (S 270,747,727) (S 326,734,733) (S 255,733,621) (S 256,621,734) (S 325,733,816) (S 348,816,738) (S 18,66,67) (S 40,170,171) (S 114,170,403) (S 115,403,404) (S 265,582,633) (S 264,744,633) (S 200,627,629) (S 312,626,581) (S 294,776,735) (S 266,736,313) (S 83,313,310) (S 81,310,311) (S 82,310,312) (S 124,312,449) (S 125,449,450) (S 258,449,736) (S 259,739,740) (S 260,740,519) (D 0,0,0)
 0 1 5 8861 21673  27 (D 0,0,0) (S 150,351,416) (S 293,740,735) (S 257,735,518) (S 189,602,604) (S 212,645,604) (S 149,517,516) (S 203,634,515) (S 204,515,422) (S 205,422,439) (S 278,758,760) (S 238,636,579) (S 178,579,57) (S 15,57,56) (S 310,56,701) (S 239,702,703) (S 14,54,53) (S 261,53,454) (S 127,454,455) (S 242,455,54) (S 311,55,794) (S 243,54,703) (S 244,703,436) (S 122,436,437) (S 303,649,784) (S 86,328,327) (D 0,0,0)
 0 1 6 8958 24097  22 (D 0,0,0) (S 201,631,324) (S 245,433,324) (S 85,324,325) (S 92,326,350) (S 121,349,434) (S 91,349,169) (S 39,168,169) (S 16,61,62) (S 132,472,471) (S 262,690,97) (S 27,95,96) (S 190,96,472) (S 191,472,571) (S 172,571,572) (S 248,572,714) (S 173,572,573) (S 247,554,139) (S 246,709,139) (S 339,494,443) (S 344,708,522) (D 0,0,0)
 0 1 7 8864 26231  18 (D 0,0,0) (S 308,495,788) (S 309,788,789) (S 93,358,359) (S 94,360,361) (S 188,99,600) (S 8,21,22) (S 9,22,23) (S 254,23,729) (S 10,24,25) (S 213,24,501) (S 214,575,646) (S 296,647,612) (S 292,773,774) (S 195,610,611) (S 281,761,762) (S 282,673,708) (D 0,0,0)
 0 1 8 8904 29856  20 (D 0,0,0) (S 180,332,580) (S 179,580,438) (S 206,562,93) (S 207,93,637) (S 227,476,685) (S 34,143,142) (S 134,142,476) (S 52,199,198) (S 72,280,281) (S 263,477,281) (S 73,281,282) (S 74,282,283) (S 26,90,91) (S 135,92,478) (S 291,478,771) (S 136,59,481) (S 237,481,700) (S 87,333,332) (D 0,0,0)
 0 1 9 8940 19404  28 (D 0,0,0) (S 43,180,179) (S 42,178,177) (S 70,266,267) (S 267,671,508) (S 268,343,260) (S 67,260,261) (S 89,341,342) (S 330,670,656) (S 220,656,657) (S 101,373,374) (S 100,373,40) (S 13,40,39) (S 324,39,815) (S 197,616,39) (S 99,40,372) (S 98,372,371) (S 327,715,512) (S 103,375,86) (S 249,86,380) (S 250,380,344) (S 90,344,345) (S 105,379,368) (S 157,368,527) (S 5,15,16) (S 222,16,672) (S 223,676,677) (D 0,0,0)
 0 1 10 8957 30694  20 (D 0,0,0) (S 128,459,355) (S 54,208,209) (S 285,300,116) (S 194,609,608) (S 193,608,29) (S 192,29,287) (S 107,382,381) (S 233,697,381) (S 289,381,221) (S 57,220,221) (S 182,38,135) (S 78,135,276) (S 169,275,486) (S 75,288,278) (S 225,595,222) (S 226,681,576) (S 175,576,286) (S 176,286,364) (D 0,0,0)
 0 1 11 8963 35968  17 (D 0,0,0) (S 7,20,19) (S 290,19,769) (S 6,19,18) (S 88,18,340) (S 133,474,475) (S 166,473,469) (S 80,304,303) (S 333,303,308) (S 332,824,308) (S 334,303,556) (S 208,640,641) (S 209,641,468) (S 130,468,467) (S 232,692,466) (S 335,693,662) (D 0,0,0)
 0 1 12 8951 37912  23 (D 0,0,0) (S 152,155,529) (S 142,89,500) (S 108,388,389) (S 109,389,390) (S 313,390,530) (S 154,530,531) (S 216,652,414) (S 215,651,414) (S 113,401,402) (S 120,412,430) (S 119,429,377) (S 118,386,428) (S 295,777,393) (S 110,392,391) (S 287,391,140) (S 286,236,424) (S 298,425,781) (S 300,781,778) (S 299,237,782) (S 62,237,238) (S 297,778,779) (D 0,0,0)
 0 1 13 8932 34095  20 (D 0,0,0) (S 217,290,395) (S 112,394,398) (S 141,398,498) (S 140,498,428) (S 104,377,376) (S 21,73,74) (S 44,75,182) (S 322,182,806) (S 321,806,767) (S 288,767,49) (S 357,48,105) (S 28,105,106) (S 360,106,47) (S 361,47,848) (S 271,753,541) (S 159,540,158) (S 158,224,537) (S 163,548,547) (D 0,0,0)
 0 1 14 8948 31955  25 (D 0,0,0) (S 77,294,295) (S 36,158,159) (S 276,160,748) (S 32,129,128) (S 37,128,161) (S 38,161,162) (S 275,420,756) (S 273,756,725) (S 274,725,751) (S 346,836,726) (S 253,421,725) (S 252,725,126) (S 31,126,127) (S 277,757,724) (S 251,314,470) (S 131,470,213) (S 55,213,212) (S 170,211,219) (S 56,219,218) (S 183,217,463) (S 79,296,297) (S 184,297,538) (S 210,537,548) (D 0,0,0)
 0 1 15 8993 36669  20 (D 0,0,0) (S 167,557,215) (S 236,34,11) (S 235,11,188) (S 49,188,189) (S 48,188,12) (S 4,12,13) (S 12,32,33) (S 284,32,765) (S 343,765,834) (S 350,834,764) (S 315,125,803) (S 30,125,124) (S 29,124,123) (S 47,123,187) (S 46,187,186) (S 317,186,805) (S 316,805,797) (S 342,804,799) (D 0,0,0)
 0 1 16 8634 35131  19 (D 0,0,0) (S 181,592,591) (S 279,741,707) (S 35,147,148) (S 53,201,202) (S 230,20,485) (S 138,485,484) (S 137,484,483) (S 198,618,619) (S 280,618,488) (S 139,488,489) (S 228,496,493) (S 229,493,688) (S 123,441,440) (S 221,661,662) (S 231,599,690) (S 307,495,325) (S 306,325,520) (D 0,0,0)
 0 1 17 8993 44363  21 (D 0,0,0) (S 177,577,364) (S 234,285,681) (S 224,595,133) (S 61,132,235) (S 59,232,233) (S 60,233,234) (S 63,130,244) (S 331,243,796) (S 64,252,231) (S 58,230,229) (S 164,552,299) (S 65,254,255) (S 356,680,842) (S 355,842,615) (S 186,597,598) (S 24,87,88) (S 25,88,89) (S 153,89,397) (S 111,397,396) (D 0,0,0)
 0 1 18 8937 36025  12 (D 0,0,0) (S 95,117,365) (S 71,256,227) (S 318,348,175) (S 41,175,176) (S 314,173,596) (S 185,596,565) (S 211,566,644) (S 162,546,547) (S 171,567,568) (S 354,578,609) (D 0,0,0)
 0 1 19 8999 36396  21 (D 0,0,0) (S 76,294,293) (S 320,811,810) (S 272,754,541) (S 160,541,542) (S 358,543,843) (S 364,843,847) (S 359,544,847) (S 363,847,845) (S 362,845,183) (S 45,183,184) (S 161,184,545) (S 351,545,109) (S 352,109,45) (S 353,45,812) (S 319,808,185) (S 97,367,226) (S 96,366,257) (S 66,257,258) (S 168,258,561) (D 0,0,0)
 0 1 20 8778 23894  15 (D 0,0,0) (S 199,459,353) (S 143,504,505) (S 202,69,405) (S 116,405,406) (S 117,406,407) (S 336,828,407) (S 337,407,71) (S 20,71,72) (S 19,70,71) (S 347,838,829) (S 338,624,830) (S 51,196,195) (S 50,195,194) (D 0,0,0)
