587549
20
32722
27904
 0 1 1 8793 20549  22 (D 0,0,0) (S 259,739,740) (S 293,740,735) (S 294,735,776) (S 257,735,518) (S 244,436,703) (S 311,55,794) (S 243,54,703) (S 239,703,702) (S 310,701,56) (S 15,56,57) (S 178,57,579) (S 238,579,636) (S 237,700,481) (S 136,59,481) (S 87,333,332) (S 180,332,580) (S 179,580,438) (S 303,649,784) (S 122,437,436) (S 86,328,327) (D 0,0,0)
 0 1 2 8820 37861  22 (D 0,0,0) (S 216,652,414) (S 215,651,414) (S 113,401,402) (S 120,412,430) (S 119,429,377) (S 118,386,428) (S 140,428,498) (S 141,498,398) (S 112,398,394) (S 295,777,393) (S 110,392,391) (S 287,391,140) (S 286,236,424) (S 298,425,781) (S 300,781,778) (S 62,238,237) (S 299,237,782) (S 297,778,779) (S 301,446,601) (S 302,601,337) (D 0,0,0)
 0 1 3 8703 33809  24 (D 0,0,0) (S 121,349,434) (S 191,571,472) (S 190,472,96) (S 279,741,707) (S 53,201,202) (S 35,147,148) (S 227,476,685) (S 34,143,142) (S 134,142,476) (S 52,199,198) (S 72,280,281) (S 263,477,281) (S 73,281,282) (S 74,282,283) (S 26,90,91) (S 135,92,478) (S 291,478,771) (S 207,93,637) (S 206,93,562) (S 278,758,760) (S 205,439,422) (S 204,422,515) (D 0,0,0)
 0 1 4 8729 23761  18 (D 0,0,0) (S 304,787,64) (S 17,64,65) (S 325,816,733) (S 326,733,734) (S 256,734,621) (S 199,459,353) (S 143,504,505) (S 202,69,405) (S 116,405,406) (S 117,406,407) (S 336,828,407) (S 337,407,71) (S 19,70,71) (S 20,71,72) (S 347,838,829) (S 338,624,830) (D 0,0,0)
 0 1 5 3576 8414  9 (D 0,0,0) (S 349,63,787) (S 305,64,520) (S 306,520,325) (S 85,325,324) (S 201,631,324) (S 245,433,324) (S 223,676,677) (D 0,0,0)
 0 1 6 8977 25317  14 (D 0,0,0) (S 292,773,774) (S 195,610,611) (S 214,646,575) (S 213,501,24) (S 10,24,25) (S 254,23,729) (S 9,23,22) (S 187,460,574) (S 174,574,359) (S 309,788,789) (S 308,788,495) (S 307,495,325) (D 0,0,0)
 0 1 7 8882 44501  22 (D 0,0,0) (S 151,522,523) (S 108,388,389) (S 109,389,390) (S 313,390,530) (S 154,530,531) (S 186,597,598) (S 355,615,842) (S 356,842,680) (S 65,254,255) (S 164,552,299) (S 58,229,230) (S 64,231,252) (S 331,796,243) (S 63,244,130) (S 59,232,233) (S 60,233,234) (S 61,132,235) (S 224,133,595) (S 234,681,285) (S 194,608,609) (D 0,0,0)
 0 1 8 8831 27199  15 (D 0,0,0) (S 222,672,16) (S 5,16,15) (S 156,535,445) (S 126,452,427) (S 218,427,137) (S 33,136,137) (S 152,155,529) (S 24,87,88) (S 25,88,89) (S 142,500,89) (S 153,89,397) (S 111,397,396) (S 217,395,290) (D 0,0,0)
 0 1 9 8961 35992  21 (D 0,0,0) (S 138,485,484) (S 137,484,483) (S 198,618,619) (S 280,618,488) (S 139,488,489) (S 228,496,493) (S 229,493,688) (S 232,692,466) (S 130,467,468) (S 209,468,641) (S 208,640,641) (S 221,661,662) (S 123,440,441) (S 230,485,20) (S 94,361,360) (S 93,359,358) (S 84,320,319) (S 196,319,443) (S 340,443,432) (D 0,0,0)
 0 1 10 8814 24017  21 (D 0,0,0) (S 345,708,719) (S 339,443,494) (S 246,709,139) (S 247,139,554) (S 173,573,572) (S 248,572,714) (S 172,572,571) (S 132,472,471) (S 262,690,97) (S 27,96,95) (S 181,591,592) (S 127,455,454) (S 261,454,53) (S 14,53,54) (S 242,455,54) (S 16,61,62) (S 39,168,169) (S 91,169,349) (S 92,350,326) (D 0,0,0)
 0 1 11 8942 36669  20 (D 0,0,0) (S 76,294,293) (S 342,799,804) (S 316,797,805) (S 317,805,186) (S 46,186,187) (S 47,187,123) (S 29,123,124) (S 30,124,125) (S 315,125,803) (S 350,764,834) (S 343,834,765) (S 284,765,32) (S 12,32,33) (S 4,12,13) (S 48,12,188) (S 49,188,189) (S 235,188,11) (S 236,11,34) (D 0,0,0)
 0 1 12 8669 40023  21 (D 0,0,0) (S 171,567,568) (S 162,546,547) (S 163,547,548) (S 79,297,296) (S 159,158,540) (S 271,753,541) (S 272,541,754) (S 320,810,811) (S 359,544,847) (S 361,47,848) (S 360,47,106) (S 28,106,105) (S 357,105,48) (S 288,49,767) (S 321,767,806) (S 322,806,182) (S 44,182,75) (S 21,74,73) (S 104,376,377) (D 0,0,0)
 0 1 13 8532 35304  14 (D 0,0,0) (S 255,733,621) (S 128,459,355) (S 50,194,195) (S 51,195,196) (S 54,208,209) (S 167,557,215) (S 168,561,258) (S 66,258,257) (S 71,256,227) (S 318,348,175) (S 41,175,176) (S 97,367,226) (D 0,0,0)
 0 1 14 7643 17750  26 (D 0,0,0) (S 1,0,1) (S 270,747,727) (S 323,4,191) (S 22,80,81) (S 165,81,190) (S 23,81,82) (S 241,82,654) (S 240,509,654) (S 219,654,262) (S 68,262,261) (S 67,261,260) (S 269,260,745) (S 329,745,85) (S 328,85,512) (S 146,512,375) (S 103,375,86) (S 102,86,263) (S 69,263,264) (S 249,86,380) (S 90,344,345) (S 106,379,380) (S 250,380,344) (S 42,177,178) (S 43,179,180) (D 0,0,0)
 0 1 15 8879 27036  20 (D 0,0,0) (S 193,608,29) (S 192,29,287) (S 107,382,381) (S 233,697,381) (S 289,381,221) (S 57,220,221) (S 182,38,135) (S 78,135,276) (S 75,288,278) (S 225,595,222) (S 226,681,576) (S 175,576,286) (S 176,286,364) (S 177,364,577) (S 96,366,257) (S 95,365,117) (S 285,116,300) (S 155,150,532) (D 0,0,0)
 0 1 16 8818 36663  17 (D 0,0,0) (S 319,185,808) (S 353,45,812) (S 352,45,109) (S 351,109,545) (S 161,545,184) (S 45,184,183) (S 362,183,845) (S 363,845,847) (S 364,847,843) (S 358,843,543) (S 160,542,541) (S 314,173,596) (S 185,596,565) (S 211,566,644) (S 354,578,609) (D 0,0,0)
 0 1 17 8962 35638  18 (D 0,0,0) (S 296,612,647) (S 129,461,460) (S 188,99,600) (S 8,22,21) (S 335,662,693) (S 334,556,303) (S 332,824,308) (S 333,308,303) (S 80,303,304) (S 166,469,473) (S 133,474,475) (S 88,340,18) (S 6,18,19) (S 290,19,769) (S 7,19,20) (S 231,599,690) (D 0,0,0)
 0 1 18 8964 31985  26 (D 0,0,0) (S 210,548,537) (S 158,537,224) (S 184,538,297) (S 183,463,217) (S 56,218,219) (S 170,219,211) (S 169,275,486) (S 55,212,213) (S 131,213,470) (S 251,470,314) (S 277,724,757) (S 31,127,126) (S 252,126,725) (S 274,725,751) (S 253,725,421) (S 346,836,726) (S 273,725,756) (S 275,756,420) (S 38,161,162) (S 37,161,128) (S 32,128,129) (S 276,748,160) (S 36,159,158) (S 77,295,294) (D 0,0,0)
 0 1 19 8684 26220  26 (D 0,0,0) (S 11,28,27) (S 283,27,686) (S 348,816,738) (S 18,66,67) (S 40,170,171) (S 125,450,449) (S 124,449,312) (S 82,312,310) (S 81,310,311) (S 83,310,313) (S 266,313,736) (S 258,736,449) (S 114,170,403) (S 115,403,404) (S 312,581,626) (S 265,582,633) (S 264,744,633) (S 200,627,629) (S 203,634,515) (S 149,516,517) (S 212,645,604) (S 189,604,602) (S 260,519,740) (S 150,416,351) (D 0,0,0)
 0 1 20 8798 18841  28 (D 0,0,0) (S 344,522,708) (S 282,708,673) (S 281,762,761) (S 341,761,526) (S 157,527,368) (S 105,368,379) (S 148,379,513) (S 147,513,375) (S 327,512,715) (S 98,371,372) (S 99,372,40) (S 13,40,39) (S 324,39,815) (S 197,616,39) (S 100,40,373) (S 101,373,374) (S 220,657,656) (S 330,656,670) (S 89,341,342) (S 268,260,343) (S 267,508,671) (S 70,267,266) (S 144,266,508) (S 145,508,5) (S 2,6,7) (S 3,7,8) (D 0,0,0)
