575533
20
2444713
1671338
 0 1 1 663 1326  3 (D 0,0,0) (S 1,0,1) (D 0,0,0)
 0 1 2 8863 15728  29 (D 0,0,0) (S 3,8,7) (S 2,7,6) (S 145,5,508) (S 144,508,266) (S 70,266,267) (S 267,671,508) (S 268,343,260) (S 269,260,745) (S 329,745,85) (S 328,85,512) (S 146,512,375) (S 103,375,86) (S 69,263,264) (S 102,263,86) (S 249,86,380) (S 250,380,344) (S 90,344,345) (S 105,379,368) (S 157,368,527) (S 341,526,761) (S 281,761,762) (S 282,673,708) (S 245,433,324) (S 201,631,324) (S 85,324,325) (S 305,520,64) (S 349,787,63) (D 0,0,0)
 0 1 3 8932 20411  26 (D 0,0,0) (S 326,734,733) (S 325,733,816) (S 348,816,738) (S 40,171,170) (S 114,170,403) (S 115,403,404) (S 265,582,633) (S 264,744,633) (S 200,627,629) (S 203,634,515) (S 149,516,517) (S 189,602,604) (S 212,645,604) (S 257,518,735) (S 266,736,313) (S 83,313,310) (S 81,310,311) (S 82,310,312) (S 124,312,449) (S 125,449,450) (S 258,449,736) (S 259,739,740) (S 260,740,519) (S 150,416,351) (D 0,0,0)
 0 1 4 8986 34969  26 (D 0,0,0) (S 293,740,735) (S 294,735,776) (S 312,581,626) (S 204,515,422) (S 205,422,439) (S 278,758,760) (S 206,562,93) (S 207,93,637) (S 291,478,771) (S 135,478,92) (S 26,90,91) (S 74,282,283) (S 73,282,281) (S 263,477,281) (S 72,281,280) (S 52,198,199) (S 134,476,142) (S 34,142,143) (S 227,476,685) (S 35,147,148) (S 53,202,201) (S 279,707,741) (S 190,96,472) (S 121,434,349) (D 0,0,0)
 0 1 5 8983 25883  17 (D 0,0,0) (S 307,325,495) (S 308,495,788) (S 309,788,789) (S 94,360,361) (S 188,99,600) (S 8,21,22) (S 9,22,23) (S 254,23,729) (S 10,24,25) (S 213,24,501) (S 214,575,646) (S 296,647,612) (S 292,773,774) (S 195,610,611) (S 340,443,432) (D 0,0,0)
 0 1 6 8924 34569  22 (D 0,0,0) (S 151,522,523) (S 112,394,398) (S 141,398,498) (S 140,498,428) (S 118,428,386) (S 119,377,429) (S 120,412,430) (S 113,401,402) (S 215,651,414) (S 216,414,652) (S 154,530,531) (S 313,530,390) (S 109,390,389) (S 108,389,388) (S 142,500,89) (S 25,89,88) (S 24,87,88) (S 153,89,397) (S 152,529,155) (S 218,137,427) (D 0,0,0)
 0 1 7 8976 23434  21 (D 0,0,0) (S 222,672,16) (S 5,16,15) (S 156,535,445) (S 301,446,601) (S 302,601,337) (S 187,574,460) (S 129,460,461) (S 174,574,359) (S 93,359,358) (S 246,709,139) (S 247,139,554) (S 173,573,572) (S 248,572,714) (S 172,572,571) (S 16,61,62) (S 39,168,169) (S 91,169,349) (S 92,350,326) (S 306,325,520) (D 0,0,0)
 0 1 8 8847 28001  19 (D 0,0,0) (S 304,787,64) (S 17,64,65) (S 18,66,67) (S 143,504,505) (S 202,69,405) (S 116,405,406) (S 117,406,407) (S 336,828,407) (S 337,407,71) (S 20,71,72) (S 19,70,71) (S 347,838,829) (S 338,624,830) (S 199,353,459) (S 256,621,734) (S 283,27,686) (S 11,27,28) (D 0,0,0)
 0 1 9 8976 20108  27 (D 0,0,0) (S 22,80,81) (S 165,81,190) (S 23,81,82) (S 241,82,654) (S 240,509,654) (S 219,654,262) (S 68,262,261) (S 89,341,342) (S 67,260,261) (S 330,670,656) (S 220,656,657) (S 101,373,374) (S 100,373,40) (S 13,40,39) (S 197,616,39) (S 324,39,815) (S 99,40,372) (S 98,372,371) (S 327,715,512) (S 147,375,513) (S 148,513,379) (S 106,379,380) (S 42,177,178) (S 43,179,180) (S 223,676,677) (D 0,0,0)
 0 1 10 8441 31213  17 (D 0,0,0) (S 270,747,727) (S 323,4,191) (S 155,532,150) (S 167,557,215) (S 354,609,578) (S 162,546,547) (S 211,566,644) (S 171,567,568) (S 95,365,117) (S 285,116,300) (S 54,209,208) (S 51,196,195) (S 50,195,194) (S 128,355,459) (S 255,621,733) (D 0,0,0)
 0 1 11 8963 20881  21 (D 0,0,0) (S 244,436,703) (S 311,55,794) (S 14,54,53) (S 261,53,454) (S 127,454,455) (S 242,455,54) (S 243,54,703) (S 239,703,702) (S 310,701,56) (S 15,56,57) (S 178,57,579) (S 238,579,636) (S 237,700,481) (S 136,59,481) (S 87,333,332) (S 180,332,580) (S 179,580,438) (S 303,649,784) (S 122,437,436) (D 0,0,0)
 0 1 12 8990 33435  19 (D 0,0,0) (S 191,571,472) (S 132,472,471) (S 230,20,485) (S 221,661,662) (S 123,440,441) (S 229,688,493) (S 228,493,496) (S 139,489,488) (S 280,488,618) (S 198,618,619) (S 137,483,484) (S 138,484,485) (S 231,599,690) (S 262,690,97) (S 27,96,95) (S 181,591,592) (S 86,328,327) (D 0,0,0)
 0 1 13 8963 35968  17 (D 0,0,0) (S 7,20,19) (S 290,19,769) (S 6,19,18) (S 88,18,340) (S 133,474,475) (S 166,473,469) (S 80,304,303) (S 333,303,308) (S 332,824,308) (S 334,303,556) (S 208,640,641) (S 209,641,468) (S 130,468,467) (S 232,692,466) (S 335,693,662) (D 0,0,0)
 0 1 14 8937 29142  18 (D 0,0,0) (S 339,443,494) (S 84,320,319) (S 297,779,778) (S 299,237,782) (S 62,237,238) (S 300,778,781) (S 298,781,425) (S 286,424,236) (S 287,140,391) (S 110,391,392) (S 295,777,393) (S 217,395,290) (S 33,136,137) (S 126,427,452) (S 196,319,443) (S 345,719,708) (D 0,0,0)
 0 1 15 8987 40271  18 (D 0,0,0) (S 344,522,708) (S 104,377,376) (S 21,73,74) (S 44,75,182) (S 322,182,806) (S 321,806,767) (S 288,767,49) (S 357,48,105) (S 28,105,106) (S 360,106,47) (S 361,47,848) (S 353,45,812) (S 352,45,109) (S 351,109,545) (S 161,545,184) (S 319,185,808) (D 0,0,0)
 0 1 16 8855 27712  20 (D 0,0,0) (S 168,561,258) (S 66,258,257) (S 96,257,366) (S 97,226,367) (S 77,294,295) (S 183,463,217) (S 75,288,278) (S 78,276,135) (S 182,135,38) (S 57,220,221) (S 289,221,381) (S 233,697,381) (S 107,381,382) (S 226,681,576) (S 175,576,286) (S 192,287,29) (S 193,29,608) (S 194,608,609) (D 0,0,0)
 0 1 17 8892 32389  28 (D 0,0,0) (S 185,565,596) (S 314,596,173) (S 36,158,159) (S 276,160,748) (S 32,129,128) (S 37,128,161) (S 38,161,162) (S 275,420,756) (S 273,756,725) (S 274,725,751) (S 253,725,421) (S 346,836,726) (S 252,725,126) (S 31,126,127) (S 277,757,724) (S 251,314,470) (S 131,470,213) (S 55,213,212) (S 169,275,486) (S 170,211,219) (S 56,219,218) (S 79,296,297) (S 184,297,538) (S 158,224,537) (S 210,537,548) (S 163,548,547) (D 0,0,0)
 0 1 18 8942 36669  20 (D 0,0,0) (S 76,294,293) (S 342,799,804) (S 316,797,805) (S 317,805,186) (S 46,186,187) (S 47,187,123) (S 29,123,124) (S 30,124,125) (S 315,125,803) (S 350,764,834) (S 343,834,765) (S 284,765,32) (S 12,32,33) (S 4,12,13) (S 48,12,188) (S 49,188,189) (S 235,188,11) (S 236,11,34) (D 0,0,0)
 0 1 19 8919 39631  16 (D 0,0,0) (S 71,256,227) (S 318,348,175) (S 41,175,176) (S 320,811,810) (S 272,754,541) (S 271,541,753) (S 363,847,845) (S 362,845,183) (S 45,183,184) (S 359,544,847) (S 364,847,843) (S 358,843,543) (S 160,542,541) (S 159,540,158) (D 0,0,0)
 0 1 20 8938 43793  20 (D 0,0,0) (S 111,396,397) (S 186,597,598) (S 355,615,842) (S 356,842,680) (S 65,254,255) (S 164,552,299) (S 58,229,230) (S 64,231,252) (S 331,796,243) (S 63,244,130) (S 61,132,235) (S 59,232,233) (S 60,233,234) (S 224,133,595) (S 225,595,222) (S 234,681,285) (S 176,286,364) (S 177,364,577) (D 0,0,0)
