573476
20
3600169
3537590
 0 1 1 8950 24783  18 (D 0,0,0) (S 340,432,443) (S 339,443,494) (S 93,358,359) (S 174,359,574) (S 129,461,460) (S 187,460,574) (S 302,601,337) (S 301,601,446) (S 33,136,137) (S 218,137,427) (S 126,427,452) (S 156,445,535) (S 341,761,526) (S 5,15,16) (S 222,16,672) (S 223,676,677) (D 0,0,0)
 0 1 2 8969 36749  23 (D 0,0,0) (S 297,779,778) (S 62,238,237) (S 299,237,782) (S 300,778,781) (S 298,781,425) (S 286,424,236) (S 287,140,391) (S 110,391,392) (S 118,428,386) (S 119,377,429) (S 120,412,430) (S 113,401,402) (S 215,651,414) (S 216,414,652) (S 154,530,531) (S 313,530,390) (S 109,390,389) (S 108,389,388) (S 142,500,89) (S 153,89,397) (S 152,529,155) (D 0,0,0)
 0 1 3 8641 23922  24 (D 0,0,0) (S 305,520,64) (S 349,787,63) (S 3,8,7) (S 2,7,6) (S 145,5,508) (S 267,508,671) (S 70,267,266) (S 144,266,508) (S 268,343,260) (S 67,260,261) (S 89,341,342) (S 68,261,262) (S 219,262,654) (S 240,509,654) (S 241,654,82) (S 23,82,81) (S 165,81,190) (S 22,81,80) (S 323,191,4) (S 270,747,727) (S 283,27,686) (S 11,27,28) (D 0,0,0)
 0 1 4 8900 20919  25 (D 0,0,0) (S 326,734,733) (S 255,733,621) (S 256,621,734) (S 325,733,816) (S 348,816,738) (S 18,66,67) (S 258,449,736) (S 266,736,313) (S 83,313,310) (S 81,310,311) (S 82,310,312) (S 124,312,449) (S 125,449,450) (S 259,739,740) (S 293,740,735) (S 294,735,776) (S 312,581,626) (S 265,582,633) (S 264,744,633) (S 202,405,69) (S 143,505,504) (S 199,353,459) (S 128,459,355) (D 0,0,0)
 0 1 5 8859 23385  17 (D 0,0,0) (S 50,194,195) (S 51,195,196) (S 338,624,830) (S 347,838,829) (S 19,70,71) (S 20,71,72) (S 337,71,407) (S 336,828,407) (S 117,407,406) (S 116,406,405) (S 115,404,403) (S 114,403,170) (S 40,170,171) (S 17,65,64) (S 304,64,787) (D 0,0,0)
 0 1 6 8991 18501  30 (D 0,0,0) (S 43,180,179) (S 42,178,177) (S 250,344,380) (S 249,380,86) (S 102,86,263) (S 69,263,264) (S 103,86,375) (S 328,512,85) (S 329,85,745) (S 269,745,260) (S 330,670,656) (S 220,656,657) (S 101,373,374) (S 100,373,40) (S 13,40,39) (S 324,39,815) (S 197,616,39) (S 99,40,372) (S 98,372,371) (S 327,715,512) (S 146,512,375) (S 147,375,513) (S 148,513,379) (S 106,379,380) (S 90,344,345) (S 105,379,368) (S 157,368,527) (S 151,523,522) (D 0,0,0)
 0 1 7 8913 22665  24 (D 0,0,0) (S 245,433,324) (S 201,631,324) (S 85,324,325) (S 307,325,495) (S 308,495,788) (S 309,788,789) (S 247,554,139) (S 246,709,139) (S 173,573,572) (S 248,572,714) (S 172,572,571) (S 127,454,455) (S 261,454,53) (S 14,53,54) (S 311,55,794) (S 243,54,703) (S 244,703,436) (S 122,436,437) (S 303,649,784) (S 179,438,580) (S 180,580,332) (S 86,328,327) (D 0,0,0)
 0 1 8 8989 21501  21 (D 0,0,0) (S 150,351,416) (S 260,519,740) (S 257,735,518) (S 212,645,604) (S 189,604,602) (S 149,517,516) (S 87,332,333) (S 136,59,481) (S 237,481,700) (S 238,636,579) (S 178,579,57) (S 15,57,56) (S 310,56,701) (S 239,702,703) (S 16,61,62) (S 39,168,169) (S 91,169,349) (S 92,350,326) (S 306,325,520) (D 0,0,0)
 0 1 9 8950 33459  19 (D 0,0,0) (S 242,54,455) (S 181,592,591) (S 262,97,690) (S 231,690,599) (S 230,20,485) (S 138,485,484) (S 137,484,483) (S 198,618,619) (S 280,618,488) (S 139,488,489) (S 228,496,493) (S 229,493,688) (S 221,661,662) (S 123,440,441) (S 132,471,472) (S 191,472,571) (S 121,434,349) (D 0,0,0)
 0 1 10 8954 35134  25 (D 0,0,0) (S 200,627,629) (S 203,634,515) (S 204,515,422) (S 205,422,439) (S 278,758,760) (S 206,562,93) (S 207,93,637) (S 135,92,478) (S 291,478,771) (S 26,90,91) (S 74,282,283) (S 73,282,281) (S 263,477,281) (S 72,281,280) (S 52,198,199) (S 134,476,142) (S 34,142,143) (S 227,476,685) (S 35,147,148) (S 53,202,201) (S 279,707,741) (S 27,95,96) (S 190,96,472) (D 0,0,0)
 0 1 11 8937 25441  19 (D 0,0,0) (S 344,522,708) (S 345,708,719) (S 196,443,319) (S 84,319,320) (S 94,360,361) (S 188,99,600) (S 8,21,22) (S 9,22,23) (S 254,23,729) (S 10,24,25) (S 213,24,501) (S 214,575,646) (S 296,647,612) (S 195,610,611) (S 292,773,774) (S 281,761,762) (S 282,673,708) (D 0,0,0)
 0 1 12 663 1326  3 (D 0,0,0) (S 1,0,1) (D 0,0,0)
 0 1 13 8963 35968  17 (D 0,0,0) (S 335,662,693) (S 232,692,466) (S 130,467,468) (S 209,468,641) (S 208,640,641) (S 334,556,303) (S 333,303,308) (S 332,824,308) (S 80,303,304) (S 166,469,473) (S 133,474,475) (S 88,340,18) (S 6,18,19) (S 290,19,769) (S 7,19,20) (D 0,0,0)
 0 1 14 8724 35793  12 (D 0,0,0) (S 155,532,150) (S 54,208,209) (S 285,300,116) (S 95,117,365) (S 71,256,227) (S 318,348,175) (S 41,175,176) (S 314,173,596) (S 185,596,565) (S 211,566,644) (D 0,0,0)
 0 1 15 8961 33872  24 (D 0,0,0) (S 177,577,364) (S 176,364,286) (S 234,285,681) (S 225,222,595) (S 224,595,133) (S 61,132,235) (S 59,232,233) (S 60,233,234) (S 63,130,244) (S 331,243,796) (S 38,162,161) (S 275,420,756) (S 252,725,126) (S 31,126,127) (S 277,757,724) (S 251,314,470) (S 131,470,213) (S 55,213,212) (S 169,275,486) (S 170,211,219) (S 56,219,218) (S 79,296,297) (D 0,0,0)
 0 1 16 8758 28746  22 (D 0,0,0) (S 354,609,578) (S 171,567,568) (S 162,546,547) (S 163,547,548) (S 210,548,537) (S 158,537,224) (S 184,538,297) (S 183,463,217) (S 75,288,278) (S 78,276,135) (S 182,135,38) (S 57,220,221) (S 289,221,381) (S 107,381,382) (S 233,697,381) (S 226,681,576) (S 175,576,286) (S 192,287,29) (S 193,29,608) (S 194,608,609) (D 0,0,0)
 0 1 17 8999 36396  21 (D 0,0,0) (S 168,561,258) (S 66,258,257) (S 96,257,366) (S 97,226,367) (S 320,811,810) (S 272,754,541) (S 160,541,542) (S 358,543,843) (S 364,843,847) (S 359,544,847) (S 363,847,845) (S 362,845,183) (S 45,183,184) (S 161,184,545) (S 351,545,109) (S 352,109,45) (S 353,45,812) (S 319,808,185) (S 76,293,294) (D 0,0,0)
 0 1 18 8993 36669  20 (D 0,0,0) (S 167,557,215) (S 342,799,804) (S 316,797,805) (S 317,805,186) (S 46,186,187) (S 47,187,123) (S 29,123,124) (S 30,124,125) (S 315,125,803) (S 350,764,834) (S 343,834,765) (S 284,765,32) (S 12,32,33) (S 4,12,13) (S 48,12,188) (S 49,188,189) (S 235,188,11) (S 236,11,34) (D 0,0,0)
 0 1 19 8958 35207  19 (D 0,0,0) (S 217,290,395) (S 295,777,393) (S 112,394,398) (S 141,398,498) (S 140,498,428) (S 104,377,376) (S 21,73,74) (S 44,75,182) (S 322,182,806) (S 321,806,767) (S 288,767,49) (S 357,48,105) (S 28,105,106) (S 360,106,47) (S 361,47,848) (S 271,753,541) (S 159,540,158) (D 0,0,0)
 0 1 20 8905 43040  21 (D 0,0,0) (S 111,396,397) (S 25,89,88) (S 24,87,88) (S 186,597,598) (S 355,615,842) (S 356,842,680) (S 64,252,231) (S 58,230,229) (S 164,552,299) (S 65,254,255) (S 346,836,726) (S 253,421,725) (S 274,725,751) (S 273,725,756) (S 37,161,128) (S 32,128,129) (S 276,748,160) (S 36,159,158) (S 77,295,294) (D 0,0,0)
