572768
19
3373672
2455859
 0 1 1 8992 24008  17 (D 0,0,0) (S 304,787,64) (S 348,816,738) (S 18,66,67) (S 40,170,171) (S 114,170,403) (S 115,403,404) (S 116,405,406) (S 117,406,407) (S 336,828,407) (S 337,407,71) (S 19,70,71) (S 20,71,72) (S 347,838,829) (S 338,624,830) (S 51,196,195) (D 0,0,0)
 0 1 2 8990 37006  24 (D 0,0,0) (S 151,522,523) (S 111,396,397) (S 153,397,89) (S 142,89,500) (S 108,388,389) (S 109,389,390) (S 313,390,530) (S 154,530,531) (S 216,652,414) (S 215,651,414) (S 113,401,402) (S 120,412,430) (S 119,429,377) (S 118,386,428) (S 110,392,391) (S 287,391,140) (S 286,236,424) (S 298,425,781) (S 300,781,778) (S 62,238,237) (S 299,237,782) (S 297,778,779) (D 0,0,0)
 0 1 3 8963 35968  17 (D 0,0,0) (S 7,20,19) (S 290,19,769) (S 6,19,18) (S 88,18,340) (S 133,474,475) (S 166,473,469) (S 80,304,303) (S 333,303,308) (S 332,824,308) (S 334,303,556) (S 208,640,641) (S 209,641,468) (S 130,468,467) (S 232,692,466) (S 335,693,662) (D 0,0,0)
 0 1 4 8904 23382  26 (D 0,0,0) (S 128,355,459) (S 199,459,353) (S 143,504,505) (S 202,69,405) (S 264,744,633) (S 265,633,582) (S 312,581,626) (S 200,627,629) (S 203,634,515) (S 149,516,517) (S 189,602,604) (S 212,645,604) (S 257,518,735) (S 294,735,776) (S 266,736,313) (S 83,313,310) (S 81,310,311) (S 82,310,312) (S 124,312,449) (S 125,449,450) (S 258,449,736) (S 293,735,740) (S 259,739,740) (S 260,740,519) (D 0,0,0)
 0 1 5 8977 33410  21 (D 0,0,0) (S 79,297,296) (S 55,212,213) (S 131,213,470) (S 251,470,314) (S 277,724,757) (S 276,160,748) (S 32,129,128) (S 37,128,161) (S 38,161,162) (S 331,796,243) (S 63,244,130) (S 59,232,233) (S 60,233,234) (S 61,132,235) (S 224,133,595) (S 225,595,222) (S 234,681,285) (S 192,287,29) (S 193,29,608) (D 0,0,0)
 0 1 6 8993 36669  20 (D 0,0,0) (S 167,557,215) (S 236,34,11) (S 235,11,188) (S 49,188,189) (S 48,188,12) (S 4,12,13) (S 12,32,33) (S 284,32,765) (S 343,765,834) (S 350,834,764) (S 315,125,803) (S 30,125,124) (S 29,124,123) (S 47,123,187) (S 46,187,186) (S 317,186,805) (S 316,805,797) (S 342,804,799) (D 0,0,0)
 0 1 7 8999 36396  21 (D 0,0,0) (S 76,294,293) (S 320,811,810) (S 272,754,541) (S 160,541,542) (S 358,543,843) (S 364,843,847) (S 359,544,847) (S 363,847,845) (S 362,845,183) (S 45,183,184) (S 161,184,545) (S 351,545,109) (S 352,109,45) (S 353,45,812) (S 319,808,185) (S 97,367,226) (S 96,366,257) (S 66,257,258) (S 168,258,561) (D 0,0,0)
 0 1 8 8999 35226  22 (D 0,0,0) (S 339,443,494) (S 246,709,139) (S 247,139,554) (S 173,573,572) (S 248,572,714) (S 172,572,571) (S 191,571,472) (S 132,472,471) (S 230,20,485) (S 221,661,662) (S 123,440,441) (S 229,688,493) (S 228,493,496) (S 139,489,488) (S 280,488,618) (S 198,618,619) (S 137,483,484) (S 138,484,485) (S 188,600,99) (S 94,361,360) (D 0,0,0)
 0 1 9 8925 23905  18 (D 0,0,0) (S 345,708,719) (S 340,432,443) (S 196,443,319) (S 84,319,320) (S 93,358,359) (S 174,359,574) (S 187,574,460) (S 129,460,461) (S 302,601,337) (S 301,601,446) (S 218,427,137) (S 33,136,137) (S 126,427,452) (S 156,445,535) (S 5,15,16) (S 222,16,672) (D 0,0,0)
 0 1 10 8867 18293  19 (D 0,0,0) (S 201,631,324) (S 245,433,324) (S 85,324,325) (S 307,325,495) (S 309,788,789) (S 308,788,495) (S 16,61,62) (S 39,168,169) (S 91,169,349) (S 92,350,326) (S 305,520,64) (S 17,64,65) (S 325,816,733) (S 326,733,734) (S 256,734,621) (S 255,621,733) (S 349,787,63) (D 0,0,0)
 0 1 11 8937 35827  12 (D 0,0,0) (S 50,194,195) (S 54,208,209) (S 285,300,116) (S 95,117,365) (S 71,256,227) (S 318,348,175) (S 41,175,176) (S 314,173,596) (S 185,596,565) (S 211,566,644) (D 0,0,0)
 0 1 12 8958 35207  19 (D 0,0,0) (S 159,158,540) (S 271,541,753) (S 361,47,848) (S 360,47,106) (S 28,106,105) (S 357,105,48) (S 288,49,767) (S 321,767,806) (S 322,806,182) (S 44,182,75) (S 21,74,73) (S 104,376,377) (S 140,428,498) (S 141,498,398) (S 112,398,394) (S 295,777,393) (S 217,395,290) (D 0,0,0)
 0 1 13 8893 26392  15 (D 0,0,0) (S 292,773,774) (S 195,610,611) (S 296,612,647) (S 214,646,575) (S 213,501,24) (S 10,24,25) (S 254,23,729) (S 9,23,22) (S 8,22,21) (S 231,599,690) (S 262,690,97) (S 190,96,472) (S 121,434,349) (D 0,0,0)
 0 1 14 8855 20136  28 (D 0,0,0) (S 43,180,179) (S 42,178,177) (S 106,380,379) (S 148,379,513) (S 147,513,375) (S 327,512,715) (S 98,371,372) (S 99,372,40) (S 197,616,39) (S 324,39,815) (S 13,39,40) (S 100,40,373) (S 101,373,374) (S 220,657,656) (S 330,656,670) (S 89,341,342) (S 67,261,260) (S 268,260,343) (S 144,508,266) (S 70,266,267) (S 267,671,508) (S 145,508,5) (S 2,6,7) (S 3,7,8) (S 223,676,677) (S 1,0,1) (D 0,0,0)
 0 1 15 8989 29797  25 (D 0,0,0) (S 354,609,578) (S 171,567,568) (S 162,546,547) (S 163,547,548) (S 210,548,537) (S 158,537,224) (S 184,538,297) (S 183,463,217) (S 56,218,219) (S 170,219,211) (S 169,486,275) (S 75,288,278) (S 78,276,135) (S 182,135,38) (S 57,220,221) (S 289,221,381) (S 233,697,381) (S 107,381,382) (S 226,681,576) (S 175,576,286) (S 176,286,364) (S 177,364,577) (S 194,608,609) (D 0,0,0)
 0 1 16 8878 22925  30 (D 0,0,0) (S 283,27,686) (S 11,27,28) (S 270,747,727) (S 323,4,191) (S 155,532,150) (S 22,80,81) (S 165,81,190) (S 23,81,82) (S 241,82,654) (S 240,509,654) (S 219,654,262) (S 68,262,261) (S 269,260,745) (S 329,745,85) (S 328,85,512) (S 146,512,375) (S 103,375,86) (S 69,263,264) (S 102,263,86) (S 249,86,380) (S 250,380,344) (S 90,344,345) (S 105,379,368) (S 157,368,527) (S 341,526,761) (S 281,761,762) (S 282,673,708) (S 344,708,522) (D 0,0,0)
 0 1 17 8963 20881  21 (D 0,0,0) (S 122,436,437) (S 303,649,784) (S 179,438,580) (S 180,580,332) (S 87,332,333) (S 136,59,481) (S 237,481,700) (S 238,636,579) (S 178,579,57) (S 15,57,56) (S 310,56,701) (S 239,702,703) (S 242,54,455) (S 127,455,454) (S 261,454,53) (S 14,53,54) (S 311,55,794) (S 243,54,703) (S 244,703,436) (D 0,0,0)
 0 1 18 8965 43091  21 (D 0,0,0) (S 152,155,529) (S 25,89,88) (S 24,87,88) (S 186,597,598) (S 355,615,842) (S 356,842,680) (S 64,252,231) (S 58,230,229) (S 65,254,255) (S 164,552,299) (S 346,836,726) (S 253,421,725) (S 275,756,420) (S 273,756,725) (S 274,725,751) (S 252,725,126) (S 31,126,127) (S 36,159,158) (S 77,295,294) (D 0,0,0)
 0 1 19 8930 34249  26 (D 0,0,0) (S 306,520,325) (S 86,327,328) (S 181,592,591) (S 27,95,96) (S 279,741,707) (S 53,201,202) (S 35,147,148) (S 34,143,142) (S 134,142,476) (S 227,476,685) (S 52,199,198) (S 72,280,281) (S 263,477,281) (S 73,281,282) (S 74,282,283) (S 26,90,91) (S 291,478,771) (S 135,478,92) (S 207,93,637) (S 206,93,562) (S 278,758,760) (S 205,439,422) (S 204,422,515) (S 150,416,351) (D 0,0,0)
