572645
20
1742045
879312
 0 1 1 8960 44363  21 (D 0,0,0) (S 194,609,608) (S 234,285,681) (S 225,222,595) (S 224,595,133) (S 59,232,233) (S 60,233,234) (S 61,132,235) (S 63,130,244) (S 331,243,796) (S 58,230,229) (S 65,254,255) (S 164,552,299) (S 64,231,252) (S 356,680,842) (S 355,842,615) (S 186,597,598) (S 24,87,88) (S 25,88,89) (S 111,397,396) (D 0,0,0)
 0 1 2 8688 22507  19 (D 0,0,0) (S 92,326,350) (S 121,349,434) (S 91,349,169) (S 39,168,169) (S 16,61,62) (S 190,472,96) (S 27,95,96) (S 262,97,690) (S 132,471,472) (S 191,472,571) (S 172,571,572) (S 248,572,714) (S 173,572,573) (S 246,709,139) (S 247,139,554) (S 307,495,325) (S 306,325,520) (D 0,0,0)
 0 1 3 8976 38460  21 (D 0,0,0) (S 319,185,808) (S 351,545,109) (S 353,45,812) (S 352,45,109) (S 161,545,184) (S 45,184,183) (S 362,183,845) (S 363,845,847) (S 359,544,847) (S 28,106,105) (S 357,105,48) (S 361,47,848) (S 360,47,106) (S 364,847,843) (S 358,843,543) (S 160,542,541) (S 159,540,158) (S 158,224,537) (S 163,548,547) (D 0,0,0)
 0 1 4 8948 31955  25 (D 0,0,0) (S 210,548,537) (S 184,538,297) (S 79,296,297) (S 183,463,217) (S 56,218,219) (S 170,219,211) (S 55,212,213) (S 131,213,470) (S 251,470,314) (S 277,724,757) (S 31,127,126) (S 252,126,725) (S 253,725,421) (S 346,836,726) (S 274,725,751) (S 273,725,756) (S 275,756,420) (S 38,161,162) (S 37,161,128) (S 32,128,129) (S 276,748,160) (S 36,159,158) (S 77,295,294) (D 0,0,0)
 0 1 5 8842 35443  21 (D 0,0,0) (S 261,53,454) (S 127,454,455) (S 181,592,591) (S 279,741,707) (S 35,147,148) (S 53,201,202) (S 230,20,485) (S 221,661,662) (S 123,440,441) (S 229,688,493) (S 228,493,496) (S 139,489,488) (S 280,488,618) (S 198,618,619) (S 137,483,484) (S 138,484,485) (S 231,599,690) (S 339,494,443) (S 340,443,432) (D 0,0,0)
 0 1 6 8942 36669  20 (D 0,0,0) (S 76,294,293) (S 236,34,11) (S 235,11,188) (S 49,188,189) (S 48,188,12) (S 4,12,13) (S 12,32,33) (S 284,32,765) (S 343,765,834) (S 350,834,764) (S 315,125,803) (S 30,125,124) (S 29,124,123) (S 47,123,187) (S 46,187,186) (S 317,186,805) (S 316,805,797) (S 342,804,799) (D 0,0,0)
 0 1 7 8753 25558  20 (D 0,0,0) (S 344,522,708) (S 345,708,719) (S 196,443,319) (S 84,319,320) (S 94,360,361) (S 188,99,600) (S 8,21,22) (S 9,22,23) (S 254,23,729) (S 10,24,25) (S 213,24,501) (S 214,575,646) (S 296,647,612) (S 195,610,611) (S 292,773,774) (S 341,761,526) (S 5,15,16) (S 222,16,672) (D 0,0,0)
 0 1 8 8899 21662  27 (D 0,0,0) (S 11,28,27) (S 283,27,686) (S 323,4,191) (S 155,532,150) (S 22,80,81) (S 165,81,190) (S 23,81,82) (S 241,82,654) (S 240,509,654) (S 219,654,262) (S 68,262,261) (S 89,341,342) (S 67,261,260) (S 268,260,343) (S 267,508,671) (S 70,267,266) (S 144,266,508) (S 145,508,5) (S 2,6,7) (S 3,7,8) (S 349,63,787) (S 304,787,64) (S 17,64,65) (S 305,64,520) (S 223,676,677) (D 0,0,0)
 0 1 9 8778 23894  15 (D 0,0,0) (S 199,459,353) (S 143,504,505) (S 202,69,405) (S 116,405,406) (S 117,406,407) (S 336,828,407) (S 337,407,71) (S 20,71,72) (S 19,70,71) (S 347,838,829) (S 338,624,830) (S 51,196,195) (S 50,195,194) (D 0,0,0)
 0 1 10 663 1326  3 (D 0,0,0) (S 1,0,1) (D 0,0,0)
 0 1 11 8999 33195  19 (D 0,0,0) (S 217,290,395) (S 295,777,393) (S 112,394,398) (S 141,398,498) (S 140,498,428) (S 104,377,376) (S 21,73,74) (S 44,75,182) (S 322,182,806) (S 321,806,767) (S 288,767,49) (S 271,753,541) (S 272,541,754) (S 320,810,811) (S 97,367,226) (S 96,366,257) (S 167,215,557) (D 0,0,0)
 0 1 12 8991 18501  30 (D 0,0,0) (S 43,180,179) (S 42,178,177) (S 90,344,345) (S 148,379,513) (S 147,513,375) (S 327,512,715) (S 98,371,372) (S 99,372,40) (S 324,39,815) (S 197,616,39) (S 13,39,40) (S 100,40,373) (S 101,373,374) (S 220,657,656) (S 330,656,670) (S 269,260,745) (S 329,745,85) (S 328,85,512) (S 146,512,375) (S 103,375,86) (S 102,86,263) (S 69,263,264) (S 249,86,380) (S 250,380,344) (S 106,380,379) (S 105,379,368) (S 157,368,527) (S 151,523,522) (D 0,0,0)
 0 1 13 8963 35968  17 (D 0,0,0) (S 335,662,693) (S 232,692,466) (S 130,467,468) (S 209,468,641) (S 208,640,641) (S 334,556,303) (S 333,303,308) (S 332,824,308) (S 80,303,304) (S 166,469,473) (S 133,474,475) (S 88,340,18) (S 6,18,19) (S 290,19,769) (S 7,19,20) (D 0,0,0)
 0 1 14 8939 22812  26 (D 0,0,0) (S 260,519,740) (S 259,740,739) (S 266,736,313) (S 83,313,310) (S 81,310,311) (S 82,310,312) (S 124,312,449) (S 125,449,450) (S 258,449,736) (S 294,735,776) (S 312,581,626) (S 200,627,629) (S 264,744,633) (S 265,633,582) (S 115,404,403) (S 114,403,170) (S 40,170,171) (S 18,67,66) (S 348,738,816) (S 325,816,733) (S 326,733,734) (S 255,733,621) (S 256,621,734) (S 270,747,727) (D 0,0,0)
 0 1 15 8986 30694  20 (D 0,0,0) (S 193,608,29) (S 192,29,287) (S 226,576,681) (S 75,288,278) (S 169,275,486) (S 78,276,135) (S 182,135,38) (S 57,220,221) (S 289,221,381) (S 233,697,381) (S 107,381,382) (S 175,576,286) (S 176,286,364) (S 177,364,577) (S 95,365,117) (S 285,116,300) (S 54,209,208) (S 128,355,459) (D 0,0,0)
 0 1 16 8872 24705  16 (D 0,0,0) (S 308,495,788) (S 309,788,789) (S 93,358,359) (S 174,359,574) (S 187,574,460) (S 129,460,461) (S 302,601,337) (S 301,601,446) (S 218,427,137) (S 33,136,137) (S 126,427,452) (S 156,445,535) (S 281,761,762) (S 282,673,708) (D 0,0,0)
 0 1 17 8930 35561  13 (D 0,0,0) (S 168,561,258) (S 66,258,257) (S 71,256,227) (S 318,348,175) (S 41,175,176) (S 314,173,596) (S 185,596,565) (S 211,566,644) (S 162,546,547) (S 171,567,568) (S 354,578,609) (D 0,0,0)
 0 1 18 8969 36749  23 (D 0,0,0) (S 297,779,778) (S 299,237,782) (S 62,237,238) (S 300,778,781) (S 298,781,425) (S 286,424,236) (S 287,140,391) (S 110,391,392) (S 118,428,386) (S 119,377,429) (S 120,412,430) (S 113,401,402) (S 215,651,414) (S 216,414,652) (S 154,530,531) (S 313,530,390) (S 109,390,389) (S 108,389,388) (S 142,500,89) (S 153,89,397) (S 152,529,155) (D 0,0,0)
 0 1 19 8905 22647  28 (D 0,0,0) (S 245,433,324) (S 201,631,324) (S 85,324,325) (S 86,327,328) (S 180,332,580) (S 179,580,438) (S 303,649,784) (S 122,437,436) (S 244,436,703) (S 243,703,54) (S 311,55,794) (S 239,703,702) (S 310,701,56) (S 15,56,57) (S 178,57,579) (S 238,579,636) (S 278,758,760) (S 205,439,422) (S 204,422,515) (S 203,634,515) (S 149,516,517) (S 212,645,604) (S 189,604,602) (S 257,518,735) (S 293,735,740) (S 150,416,351) (D 0,0,0)
 0 1 20 8974 29976  20 (D 0,0,0) (S 14,53,54) (S 242,54,455) (S 206,562,93) (S 207,93,637) (S 227,476,685) (S 34,143,142) (S 134,142,476) (S 52,199,198) (S 72,280,281) (S 263,477,281) (S 73,281,282) (S 74,282,283) (S 26,90,91) (S 135,92,478) (S 291,478,771) (S 136,59,481) (S 237,481,700) (S 87,333,332) (D 0,0,0)
