573471
20
1776703
903571
 0 1 1 8817 25039  28 (D 0,0,0) (S 92,326,350) (S 91,349,169) (S 39,168,169) (S 16,61,62) (S 121,349,434) (S 122,436,437) (S 303,649,784) (S 257,518,735) (S 294,735,776) (S 293,735,740) (S 259,740,739) (S 125,450,449) (S 258,449,736) (S 266,736,313) (S 83,313,310) (S 81,310,311) (S 82,310,312) (S 124,312,449) (S 18,67,66) (S 348,738,816) (S 325,816,733) (S 326,733,734) (S 256,734,621) (S 255,621,733) (S 11,28,27) (S 283,27,686) (D 0,0,0)
 0 1 2 8938 38131  22 (D 0,0,0) (S 297,779,778) (S 62,238,237) (S 299,237,782) (S 300,778,781) (S 298,781,425) (S 286,424,236) (S 287,140,391) (S 110,391,392) (S 104,377,376) (S 21,73,74) (S 44,75,182) (S 322,182,806) (S 321,806,767) (S 288,767,49) (S 361,47,848) (S 360,47,106) (S 28,106,105) (S 357,105,48) (S 271,753,541) (S 159,540,158) (D 0,0,0)
 0 1 3 8951 31404  20 (D 0,0,0) (S 177,577,364) (S 176,364,286) (S 175,286,576) (S 226,576,681) (S 225,222,595) (S 224,595,133) (S 59,232,233) (S 60,233,234) (S 61,132,235) (S 63,130,244) (S 331,243,796) (S 38,162,161) (S 37,161,128) (S 32,128,129) (S 276,748,160) (S 36,159,158) (S 77,295,294) (S 168,258,561) (D 0,0,0)
 0 1 4 8973 36474  26 (D 0,0,0) (S 246,709,139) (S 247,139,554) (S 173,573,572) (S 248,572,714) (S 172,572,571) (S 191,571,472) (S 27,96,95) (S 279,741,707) (S 35,147,148) (S 53,202,201) (S 134,476,142) (S 34,142,143) (S 227,476,685) (S 52,199,198) (S 72,280,281) (S 263,477,281) (S 73,281,282) (S 74,282,283) (S 26,90,91) (S 135,92,478) (S 291,478,771) (S 206,562,93) (S 207,93,637) (S 181,592,591) (D 0,0,0)
 0 1 5 8957 34121  20 (D 0,0,0) (S 151,522,523) (S 217,290,395) (S 295,777,393) (S 112,394,398) (S 141,398,498) (S 140,498,428) (S 118,428,386) (S 119,377,429) (S 120,412,430) (S 113,401,402) (S 215,651,414) (S 216,414,652) (S 154,530,531) (S 313,530,390) (S 109,390,389) (S 108,389,388) (S 142,500,89) (S 152,529,155) (D 0,0,0)
 0 1 6 8990 44122  25 (D 0,0,0) (S 111,396,397) (S 153,397,89) (S 25,89,88) (S 24,87,88) (S 186,597,598) (S 355,615,842) (S 356,842,680) (S 64,252,231) (S 164,552,299) (S 65,254,255) (S 58,229,230) (S 346,836,726) (S 253,421,725) (S 275,756,420) (S 273,756,725) (S 274,725,751) (S 252,725,126) (S 31,126,127) (S 277,757,724) (S 251,314,470) (S 131,470,213) (S 55,213,212) (S 183,217,463) (D 0,0,0)
 0 1 7 8963 35968  17 (D 0,0,0) (S 335,662,693) (S 232,692,466) (S 130,467,468) (S 209,468,641) (S 208,640,641) (S 334,556,303) (S 333,303,308) (S 332,824,308) (S 80,303,304) (S 166,469,473) (S 133,474,475) (S 88,340,18) (S 6,18,19) (S 290,19,769) (S 7,19,20) (D 0,0,0)
 0 1 8 8942 18495  29 (D 0,0,0) (S 43,180,179) (S 42,178,177) (S 106,380,379) (S 90,345,344) (S 250,344,380) (S 249,380,86) (S 69,263,264) (S 102,263,86) (S 103,86,375) (S 146,375,512) (S 327,512,715) (S 98,371,372) (S 99,372,40) (S 197,616,39) (S 324,39,815) (S 13,39,40) (S 100,40,373) (S 101,373,374) (S 220,657,656) (S 330,656,670) (S 68,261,262) (S 219,262,654) (S 240,509,654) (S 241,654,82) (S 23,82,81) (S 22,80,81) (S 165,81,190) (D 0,0,0)
 0 1 9 8984 33172  18 (D 0,0,0) (S 223,676,677) (S 339,443,494) (S 231,690,599) (S 123,441,440) (S 221,661,662) (S 229,688,493) (S 228,493,496) (S 139,489,488) (S 280,488,618) (S 198,618,619) (S 137,483,484) (S 138,484,485) (S 230,485,20) (S 262,690,97) (S 190,96,472) (S 132,472,471) (D 0,0,0)
 0 1 10 8733 23385  16 (D 0,0,0) (S 17,64,65) (S 40,171,170) (S 114,170,403) (S 115,403,404) (S 116,405,406) (S 117,406,407) (S 336,828,407) (S 337,407,71) (S 20,71,72) (S 19,70,71) (S 347,838,829) (S 338,624,830) (S 51,196,195) (S 50,195,194) (D 0,0,0)
 0 1 11 8992 25620  22 (D 0,0,0) (S 150,351,416) (S 260,740,519) (S 212,645,604) (S 189,604,602) (S 149,517,516) (S 180,332,580) (S 179,580,438) (S 205,439,422) (S 204,422,515) (S 203,515,634) (S 200,629,627) (S 312,626,581) (S 265,582,633) (S 264,744,633) (S 202,405,69) (S 143,505,504) (S 199,353,459) (S 128,459,355) (S 323,191,4) (S 270,747,727) (D 0,0,0)
 0 1 12 8923 29657  23 (D 0,0,0) (S 194,609,608) (S 193,608,29) (S 192,29,287) (S 234,285,681) (S 107,381,382) (S 233,697,381) (S 289,381,221) (S 57,220,221) (S 182,38,135) (S 78,135,276) (S 75,288,278) (S 169,275,486) (S 170,211,219) (S 56,219,218) (S 79,296,297) (S 184,297,538) (S 158,224,537) (S 210,537,548) (S 163,548,547) (S 162,546,547) (S 354,578,609) (D 0,0,0)
 0 1 13 8873 23905  18 (D 0,0,0) (S 222,672,16) (S 5,16,15) (S 156,535,445) (S 33,136,137) (S 218,137,427) (S 126,427,452) (S 301,446,601) (S 302,601,337) (S 129,461,460) (S 187,460,574) (S 174,574,359) (S 93,359,358) (S 84,320,319) (S 196,319,443) (S 345,719,708) (S 344,708,522) (D 0,0,0)
 0 1 14 8942 36669  20 (D 0,0,0) (S 76,294,293) (S 236,34,11) (S 235,11,188) (S 49,188,189) (S 48,188,12) (S 4,12,13) (S 12,32,33) (S 284,32,765) (S 343,765,834) (S 350,834,764) (S 315,125,803) (S 30,125,124) (S 29,124,123) (S 47,123,187) (S 46,187,186) (S 317,186,805) (S 316,805,797) (S 342,804,799) (D 0,0,0)
 0 1 15 8986 36317  13 (D 0,0,0) (S 171,567,568) (S 211,566,644) (S 185,565,596) (S 314,596,173) (S 41,175,176) (S 318,175,348) (S 71,227,256) (S 95,365,117) (S 285,116,300) (S 54,209,208) (S 155,150,532) (D 0,0,0)
 0 1 16 8633 20842  19 (D 0,0,0) (S 87,332,333) (S 136,59,481) (S 237,481,700) (S 278,758,760) (S 238,636,579) (S 178,579,57) (S 15,57,56) (S 310,56,701) (S 239,702,703) (S 243,703,54) (S 242,54,455) (S 127,455,454) (S 261,454,53) (S 14,53,54) (S 311,55,794) (S 244,703,436) (S 86,328,327) (D 0,0,0)
 0 1 17 8983 25883  17 (D 0,0,0) (S 307,325,495) (S 308,495,788) (S 309,788,789) (S 94,360,361) (S 188,99,600) (S 8,21,22) (S 9,22,23) (S 254,23,729) (S 10,24,25) (S 213,24,501) (S 214,575,646) (S 296,647,612) (S 292,773,774) (S 195,610,611) (S 340,443,432) (D 0,0,0)
 0 1 18 8826 16545  28 (D 0,0,0) (S 349,63,787) (S 304,787,64) (S 305,64,520) (S 306,520,325) (S 85,325,324) (S 201,631,324) (S 245,324,433) (S 282,708,673) (S 281,762,761) (S 341,761,526) (S 157,527,368) (S 105,368,379) (S 148,379,513) (S 147,513,375) (S 328,512,85) (S 329,85,745) (S 269,745,260) (S 89,341,342) (S 67,261,260) (S 268,260,343) (S 267,508,671) (S 70,267,266) (S 144,266,508) (S 145,508,5) (S 2,6,7) (S 3,7,8) (D 0,0,0)
 0 1 19 8908 36396  20 (D 0,0,0) (S 167,557,215) (S 66,258,257) (S 96,257,366) (S 97,226,367) (S 320,811,810) (S 272,754,541) (S 160,541,542) (S 358,543,843) (S 364,843,847) (S 359,544,847) (S 363,847,845) (S 362,845,183) (S 45,183,184) (S 161,184,545) (S 351,545,109) (S 352,109,45) (S 353,45,812) (S 319,808,185) (D 0,0,0)
 0 1 20 663 1326  3 (D 0,0,0) (S 1,0,1) (D 0,0,0)
