572645
20
1909736
1012406
 0 1 1 8982 21679  27 (D 0,0,0) (S 270,747,727) (S 323,4,191) (S 155,532,150) (S 22,80,81) (S 165,81,190) (S 23,81,82) (S 241,82,654) (S 240,509,654) (S 219,654,262) (S 68,262,261) (S 330,670,656) (S 220,656,657) (S 101,373,374) (S 100,373,40) (S 13,40,39) (S 197,616,39) (S 324,39,815) (S 99,40,372) (S 98,372,371) (S 327,715,512) (S 147,375,513) (S 148,513,379) (S 106,379,380) (S 42,177,178) (S 43,179,180) (D 0,0,0)
 0 1 2 8877 23844  27 (D 0,0,0) (S 150,351,416) (S 259,740,739) (S 266,736,313) (S 83,313,310) (S 81,310,311) (S 82,310,312) (S 124,312,449) (S 125,449,450) (S 258,449,736) (S 294,735,776) (S 312,581,626) (S 200,627,629) (S 264,744,633) (S 265,633,582) (S 115,404,403) (S 114,403,170) (S 40,170,171) (S 18,67,66) (S 348,738,816) (S 325,816,733) (S 326,733,734) (S 255,733,621) (S 256,621,734) (S 283,27,686) (S 11,27,28) (D 0,0,0)
 0 1 3 8655 23915  18 (D 0,0,0) (S 344,522,708) (S 345,708,719) (S 340,432,443) (S 196,443,319) (S 84,319,320) (S 93,358,359) (S 174,359,574) (S 129,461,460) (S 187,460,574) (S 302,601,337) (S 301,601,446) (S 218,427,137) (S 33,136,137) (S 126,427,452) (S 281,761,762) (S 282,673,708) (D 0,0,0)
 0 1 4 8900 17108  30 (D 0,0,0) (S 222,672,16) (S 5,16,15) (S 157,527,368) (S 105,368,379) (S 90,345,344) (S 250,344,380) (S 249,380,86) (S 102,86,263) (S 69,263,264) (S 103,86,375) (S 146,375,512) (S 328,512,85) (S 329,85,745) (S 269,745,260) (S 67,260,261) (S 89,341,342) (S 268,260,343) (S 144,508,266) (S 70,266,267) (S 267,671,508) (S 145,508,5) (S 2,6,7) (S 3,7,8) (S 349,63,787) (S 304,787,64) (S 17,64,65) (S 305,64,520) (S 223,676,677) (D 0,0,0)
 0 1 5 8948 31955  25 (D 0,0,0) (S 210,548,537) (S 184,538,297) (S 79,296,297) (S 183,463,217) (S 56,218,219) (S 170,219,211) (S 55,212,213) (S 131,213,470) (S 251,470,314) (S 277,724,757) (S 31,127,126) (S 252,126,725) (S 274,725,751) (S 346,836,726) (S 253,421,725) (S 273,725,756) (S 275,756,420) (S 38,161,162) (S 37,161,128) (S 32,128,129) (S 276,748,160) (S 36,159,158) (S 77,295,294) (D 0,0,0)
 0 1 6 8972 29974  20 (D 0,0,0) (S 87,332,333) (S 237,481,700) (S 136,481,59) (S 291,478,771) (S 135,478,92) (S 26,90,91) (S 74,282,283) (S 73,282,281) (S 263,477,281) (S 72,281,280) (S 52,198,199) (S 227,476,685) (S 34,143,142) (S 134,142,476) (S 207,637,93) (S 206,93,562) (S 127,455,454) (S 261,454,53) (D 0,0,0)
 0 1 7 8957 44363  21 (D 0,0,0) (S 177,577,364) (S 234,285,681) (S 225,222,595) (S 224,595,133) (S 60,234,233) (S 59,232,233) (S 61,132,235) (S 63,130,244) (S 331,243,796) (S 64,252,231) (S 58,230,229) (S 65,254,255) (S 164,552,299) (S 356,680,842) (S 355,842,615) (S 186,597,598) (S 24,87,88) (S 25,88,89) (S 111,397,396) (D 0,0,0)
 0 1 8 8963 35968  17 (D 0,0,0) (S 7,20,19) (S 290,19,769) (S 6,19,18) (S 88,18,340) (S 133,474,475) (S 166,473,469) (S 80,304,303) (S 332,824,308) (S 333,308,303) (S 334,303,556) (S 208,640,641) (S 209,641,468) (S 130,468,467) (S 232,692,466) (S 335,693,662) (D 0,0,0)
 0 1 9 8821 36340  21 (D 0,0,0) (S 306,520,325) (S 231,690,599) (S 221,661,662) (S 123,440,441) (S 229,688,493) (S 228,493,496) (S 139,489,488) (S 280,488,618) (S 198,618,619) (S 137,483,484) (S 138,484,485) (S 230,485,20) (S 53,202,201) (S 35,147,148) (S 279,707,741) (S 27,95,96) (S 181,591,592) (S 242,455,54) (S 14,54,53) (D 0,0,0)
 0 1 10 8992 35561  13 (D 0,0,0) (S 167,557,215) (S 354,609,578) (S 171,567,568) (S 162,546,547) (S 211,566,644) (S 185,565,596) (S 314,596,173) (S 41,175,176) (S 318,175,348) (S 71,227,256) (S 168,258,561) (D 0,0,0)
 0 1 11 8917 36119  22 (D 0,0,0) (S 66,258,257) (S 96,257,366) (S 97,226,367) (S 320,811,810) (S 272,754,541) (S 271,541,753) (S 288,49,767) (S 321,767,806) (S 322,806,182) (S 44,182,75) (S 21,74,73) (S 104,376,377) (S 110,392,391) (S 287,391,140) (S 286,236,424) (S 298,425,781) (S 300,781,778) (S 299,237,782) (S 62,237,238) (S 297,778,779) (D 0,0,0)
 0 1 12 8814 25471  17 (D 0,0,0) (S 339,443,494) (S 94,360,361) (S 188,99,600) (S 8,21,22) (S 9,22,23) (S 254,23,729) (S 10,24,25) (S 213,24,501) (S 214,575,646) (S 296,647,612) (S 195,610,611) (S 292,773,774) (S 156,445,535) (S 341,761,526) (S 151,523,522) (D 0,0,0)
 0 1 13 8989 33825  20 (D 0,0,0) (S 152,155,529) (S 153,397,89) (S 142,89,500) (S 108,388,389) (S 109,389,390) (S 313,390,530) (S 154,530,531) (S 216,652,414) (S 215,651,414) (S 113,401,402) (S 120,412,430) (S 119,429,377) (S 118,386,428) (S 140,428,498) (S 141,498,398) (S 112,398,394) (S 295,777,393) (S 217,395,290) (D 0,0,0)
 0 1 14 8995 23033  28 (D 0,0,0) (S 201,631,324) (S 245,433,324) (S 85,324,325) (S 86,327,328) (S 180,332,580) (S 179,580,438) (S 303,649,784) (S 122,437,436) (S 244,436,703) (S 311,55,794) (S 243,54,703) (S 239,703,702) (S 310,701,56) (S 15,56,57) (S 178,57,579) (S 238,579,636) (S 278,758,760) (S 205,439,422) (S 204,422,515) (S 203,634,515) (S 149,516,517) (S 212,645,604) (S 189,604,602) (S 257,518,735) (S 293,735,740) (S 260,740,519) (D 0,0,0)
 0 1 15 8778 23894  15 (D 0,0,0) (S 50,194,195) (S 51,195,196) (S 338,624,830) (S 347,838,829) (S 19,70,71) (S 20,71,72) (S 337,71,407) (S 336,828,407) (S 117,407,406) (S 116,406,405) (S 202,405,69) (S 143,505,504) (S 199,353,459) (D 0,0,0)
 0 1 16 8989 30694  20 (D 0,0,0) (S 128,459,355) (S 54,208,209) (S 285,300,116) (S 95,117,365) (S 176,364,286) (S 175,286,576) (S 107,382,381) (S 233,697,381) (S 289,381,221) (S 57,220,221) (S 182,38,135) (S 78,135,276) (S 169,275,486) (S 75,288,278) (S 226,681,576) (S 192,287,29) (S 193,29,608) (S 194,608,609) (D 0,0,0)
 0 1 17 8976 38460  21 (D 0,0,0) (S 163,547,548) (S 158,537,224) (S 159,158,540) (S 160,541,542) (S 358,543,843) (S 364,843,847) (S 359,544,847) (S 28,106,105) (S 357,105,48) (S 361,47,848) (S 360,47,106) (S 363,847,845) (S 362,845,183) (S 45,183,184) (S 161,184,545) (S 353,45,812) (S 352,45,109) (S 351,109,545) (S 319,808,185) (D 0,0,0)
 0 1 18 663 1326  3 (D 0,0,0) (S 1,0,1) (D 0,0,0)
 0 1 19 8942 36669  20 (D 0,0,0) (S 76,294,293) (S 236,34,11) (S 235,11,188) (S 49,188,189) (S 48,188,12) (S 4,12,13) (S 12,32,33) (S 284,32,765) (S 343,765,834) (S 350,834,764) (S 315,125,803) (S 30,125,124) (S 29,124,123) (S 47,123,187) (S 46,187,186) (S 317,186,805) (S 316,805,797) (S 342,804,799) (D 0,0,0)
 0 1 20 8847 22447  19 (D 0,0,0) (S 92,326,350) (S 121,349,434) (S 91,349,169) (S 39,168,169) (S 16,61,62) (S 191,571,472) (S 190,472,96) (S 262,97,690) (S 132,471,472) (S 172,571,572) (S 248,572,714) (S 173,572,573) (S 246,709,139) (S 247,139,554) (S 309,788,789) (S 308,788,495) (S 307,495,325) (D 0,0,0)
