420047
56
306601
297856
 0 1 1 167889 6881  15 (D 0,0,0) (S 10,25,26) (S 332,27,545) (S 335,545,512) (S 572,731,732) (S 188,344,343) (S 187,343,342) (S 577,342,734) (S 578,734,735) (S 579,734,730) (S 571,730,344) (S 574,344,731) (S 573,731,93) (S 369,93,582) (D 0,0,0)
 0 1 2 166407 7517  14 (D 0,0,0) (S 347,544,511) (S 75,156,157) (S 206,157,372) (S 609,372,750) (S 205,370,371) (S 204,369,142) (S 68,142,141) (S 72,141,156) (S 605,156,749) (S 606,749,199) (S 608,111,732) (S 370,582,559) (D 0,0,0)
 0 1 3 165107 7902  14 (D 0,0,0) (S 585,739,351) (S 584,738,386) (S 192,352,353) (S 217,354,365) (S 213,364,384) (S 599,384,746) (S 597,359,746) (S 598,746,743) (S 593,743,744) (S 595,744,745) (S 594,743,364) (S 583,738,575) (D 0,0,0)
 0 1 4 164699 9932  13 (D 0,0,0) (S 131,259,260) (S 663,264,781) (S 662,781,780) (S 639,764,762) (S 641,769,770) (S 664,781,782) (S 665,412,291) (S 236,412,262) (S 135,261,264) (S 157,263,298) (S 155,298,297) (D 0,0,0)
 0 1 5 167483 9592  11 (D 0,0,0) (S 238,64,416) (S 670,416,775) (S 646,775,417) (S 647,67,417) (S 239,417,66) (S 70,65,146) (S 44,94,95) (S 601,747,381) (S 586,739,582) (D 0,0,0)
 0 1 6 167493 7077  15 (D 0,0,0) (S 158,300,301) (S 303,300,507) (S 124,247,246) (S 324,246,248) (S 125,248,249) (S 468,249,119) (S 59,120,119) (S 491,674,675) (S 490,675,53) (S 469,657,658) (S 176,51,333) (S 178,46,335) (S 116,232,233) (D 0,0,0)
 0 1 7 166259 7752  13 (D 0,0,0) (S 55,109,111) (S 607,111,199) (S 103,199,198) (S 196,198,360) (S 102,198,160) (S 76,160,144) (S 141,107,274) (S 147,273,278) (S 317,278,494) (S 180,338,178) (S 91,180,181) (D 0,0,0)
 0 1 8 167762 8161  13 (D 0,0,0) (S 334,547,546) (S 587,739,350) (S 588,740,350) (S 191,350,351) (S 214,385,354) (S 201,365,157) (S 73,157,143) (S 42,90,89) (S 293,91,495) (S 216,91,356) (S 194,356,357) (D 0,0,0)
 0 1 9 164082 3568  13 (D 0,0,0) (S 400,210,203) (S 232,408,392) (S 224,392,390) (S 222,390,387) (S 219,387,201) (S 220,200,388) (S 221,388,389) (S 225,389,393) (S 411,211,616) (S 109,216,215) (S 399,408,203) (D 0,0,0)
 0 1 10 167606 8993  9 (D 0,0,0) (S 197,361,152) (S 669,148,784) (S 667,783,778) (S 668,783,147) (S 71,147,155) (S 600,153,747) (S 602,747,748) (D 0,0,0)
 0 1 11 167554 7455  13 (D 0,0,0) (S 20,49,50) (S 92,177,175) (S 90,175,179) (S 130,255,258) (S 614,752,108) (S 53,108,106) (S 51,106,105) (S 627,753,751) (S 628,751,757) (S 610,751,258) (S 575,733,345) (D 0,0,0)
 0 1 12 163031 9149  14 (D 0,0,0) (S 462,237,570) (S 207,299,297) (S 679,297,433) (S 248,432,267) (S 149,268,288) (S 150,288,289) (S 151,288,81) (S 153,81,169) (S 680,169,444) (S 259,442,441) (S 686,68,445) (S 181,339,338) (D 0,0,0)
 0 1 13 166278 5042  17 (D 0,0,0) (S 413,211,618) (S 107,211,212) (S 160,306,307) (S 415,306,486) (S 287,486,483) (S 1,3,4) (S 418,4,620) (S 285,4,484) (S 420,477,619) (S 416,619,2) (S 417,2,213) (S 108,213,212) (S 410,212,216) (S 409,216,616) (S 412,616,617) (D 0,0,0)
 0 1 14 162667 3325  12 (D 0,0,0) (S 345,563,562) (S 386,593,597) (S 100,194,193) (S 9,21,24) (S 355,24,571) (S 365,571,578) (S 363,578,572) (S 356,572,24) (S 7,21,22) (S 8,21,23) (D 0,0,0)
 0 1 15 167696 8353  21 (D 0,0,0) (S 270,465,466) (S 329,510,540) (S 161,308,309) (S 478,125,669) (S 482,669,251) (S 312,522,525) (S 480,522,251) (S 126,252,30) (S 12,30,31) (S 13,31,32) (S 471,662,550) (S 337,549,542) (S 327,508,304) (S 127,254,253) (S 484,253,506) (S 467,505,630) (S 434,628,629) (S 435,630,480) (S 439,469,634) (D 0,0,0)
 0 1 16 166565 7573  10 (D 0,0,0) (S 569,340,145) (S 146,258,117) (S 47,100,101) (S 45,97,98) (S 46,98,83) (S 41,83,84) (S 552,326,533) (S 322,533,535) (D 0,0,0)
 0 1 17 167936 9456  16 (D 0,0,0) (S 199,363,150) (S 74,150,158) (S 233,158,409) (S 629,409,758) (S 632,430,270) (S 138,270,269) (S 653,259,777) (S 658,777,763) (S 638,763,762) (S 656,762,776) (S 657,776,155) (S 211,382,376) (S 208,376,377) (S 215,358,363) (D 0,0,0)
 0 1 18 165551 10015  11 (D 0,0,0) (S 357,167,573) (S 358,574,162) (S 247,161,431) (S 676,431,265) (S 672,785,413) (S 675,413,429) (S 674,429,163) (S 133,164,266) (S 132,266,265) (D 0,0,0)
 0 1 19 167097 8817  17 (D 0,0,0) (S 292,338,494) (S 323,494,532) (S 48,100,102) (S 145,286,280) (S 624,280,756) (S 622,756,754) (S 623,756,755) (S 625,755,283) (S 255,438,440) (S 34,74,73) (S 35,73,71) (S 33,72,71) (S 175,285,332) (S 319,532,529) (S 318,530,531) (D 0,0,0)
 0 1 20 166961 10587  20 (D 0,0,0) (S 40,81,82) (S 136,268,265) (S 245,266,429) (S 237,413,165) (S 80,165,163) (S 78,163,164) (S 79,164,161) (S 77,161,162) (S 81,162,166) (S 82,166,167) (S 86,167,169) (S 83,169,168) (S 87,168,171) (S 154,293,294) (S 683,786,787) (S 685,787,68) (S 37,68,76) (S 262,76,279) (D 0,0,0)
 0 1 21 166455 9707  11 (D 0,0,0) (S 69,145,144) (S 633,759,269) (S 640,263,763) (S 659,777,154) (S 137,159,270) (S 631,430,758) (S 630,409,37) (S 295,37,497) (S 84,36,143) (D 0,0,0)
 0 1 22 167175 10783  14 (D 0,0,0) (S 242,424,425) (S 643,772,426) (S 243,426,427) (S 644,773,12) (S 244,12,428) (S 3,12,13) (S 202,287,366) (S 666,366,773) (S 661,772,414) (S 660,764,779) (S 246,430,150) (S 200,158,364) (D 0,0,0)
 0 1 23 167520 7992  17 (D 0,0,0) (S 407,610,615) (S 404,614,615) (S 402,613,206) (S 403,206,612) (S 487,253,548) (S 486,548,673) (S 476,663,670) (S 472,663,35) (S 14,33,34) (S 473,664,665) (S 474,666,668) (S 483,660,671) (S 485,671,673) (S 488,673,303) (S 159,305,304) (D 0,0,0)
 0 1 24 159430 6873  23 (D 0,0,0) (S 414,617,215) (S 110,218,217) (S 422,217,405) (S 440,403,635) (S 65,132,136) (S 437,136,632) (S 452,644,234) (S 117,234,235) (S 449,234,645) (S 451,645,647) (S 450,646,647) (S 458,647,651) (S 457,652,651) (S 456,651,650) (S 459,654,653) (S 460,653,649) (S 454,649,650) (S 455,650,645) (S 448,644,599) (S 274,195,28) (S 346,191,562) (D 0,0,0)
 0 1 25 167914 7170  15 (D 0,0,0) (S 185,340,179) (S 128,256,255) (S 184,255,115) (S 58,116,117) (S 148,117,107) (S 52,107,103) (S 49,103,104) (S 50,103,105) (S 617,105,753) (S 616,753,752) (S 615,752,144) (S 576,145,733) (S 580,736,176) (D 0,0,0)
 0 1 26 163895 4845  13 (D 0,0,0) (S 463,598,655) (S 461,655,237) (S 118,237,236) (S 351,569,49) (S 226,238,396) (S 227,396,391) (S 223,391,232) (S 297,239,500) (S 438,401,631) (S 447,631,472) (S 273,132,473) (D 0,0,0)
 0 1 27 167369 7163  14 (D 0,0,0) (S 298,501,502) (S 190,348,349) (S 570,348,728) (S 564,728,727) (S 582,727,346) (S 581,346,737) (S 189,346,347) (S 568,729,727) (S 567,502,49) (S 121,241,239) (S 120,239,240) (S 436,631,136) (D 0,0,0)
 0 1 28 167203 7627  13 (D 0,0,0) (S 561,725,726) (S 563,726,334) (S 545,535,327) (S 546,327,720) (S 547,329,520) (S 169,320,321) (S 543,321,323) (S 170,323,322) (S 507,526,694) (S 314,526,314) (S 330,543,509) (D 0,0,0)
 0 1 29 167382 8937  16 (D 0,0,0) (S 328,448,493) (S 544,58,323) (S 542,321,705) (S 526,708,706) (S 524,706,707) (S 534,707,715) (S 560,719,715) (S 559,715,689) (S 533,715,276) (S 143,275,272) (S 539,272,719) (S 537,719,706) (S 538,706,718) (S 536,718,48) (D 0,0,0)
 0 1 30 167923 9251  18 (D 0,0,0) (S 23,58,48) (S 19,48,44) (S 530,57,712) (S 529,712,713) (S 531,713,714) (S 168,318,319) (S 341,318,52) (S 342,52,556) (S 163,310,312) (S 265,449,312) (S 166,313,315) (S 512,315,695) (S 513,695,676) (S 509,695,523) (S 477,524,669) (S 479,125,541) (D 0,0,0)
 0 1 31 167861 7164  14 (D 0,0,0) (S 304,465,247) (S 325,248,536) (S 326,537,527) (S 316,528,527) (S 315,527,55) (S 550,59,721) (S 549,721,521) (S 310,521,331) (S 174,331,330) (S 548,721,534) (S 28,62,61) (S 388,602,599) (D 0,0,0)
 0 1 32 167560 9688  25 (D 0,0,0) (S 338,551,552) (S 475,552,669) (S 305,513,514) (S 167,316,317) (S 494,677,682) (S 493,680,681) (S 496,680,678) (S 492,678,679) (S 500,687,683) (S 497,683,684) (S 520,684,691) (S 515,690,701) (S 516,701,702) (S 519,701,699) (S 518,317,703) (S 517,703,700) (S 514,700,122) (S 311,523,518) (S 60,122,121) (S 61,123,121) (S 264,124,448) (S 481,543,538) (S 302,118,87) (D 0,0,0)
 0 1 33 166179 6437  10 (D 0,0,0) (S 470,657,63) (S 320,534,324) (S 171,324,325) (S 321,324,535) (S 562,535,334) (S 177,334,54) (S 25,61,53) (S 465,478,621) (D 0,0,0)
 0 1 34 167134 9411  12 (D 0,0,0) (S 165,314,315) (S 505,694,688) (S 506,688,556) (S 340,553,498) (S 296,498,47) (S 17,41,42) (S 263,447,42) (S 21,47,52) (S 26,52,57) (S 24,60,59) (D 0,0,0)
 0 1 35 167885 5472  11 (D 0,0,0) (S 453,233,397) (S 419,396,479) (S 281,479,45) (S 129,257,182) (S 186,341,182) (S 93,182,181) (S 565,181,728) (S 566,348,502) (S 387,398,601) (D 0,0,0)
 0 1 36 166426 8337  15 (D 0,0,0) (S 551,330,720) (S 173,329,328) (S 553,328,519) (S 523,488,705) (S 540,708,492) (S 290,492,491) (S 289,490,491) (S 288,487,489) (S 556,517,96) (S 619,96,722) (S 558,724,722) (S 554,722,101) (S 555,99,332) (D 0,0,0)
 0 1 37 167432 8737  13 (D 0,0,0) (S 30,55,59) (S 27,44,56) (S 22,56,57) (S 532,712,709) (S 528,710,711) (S 527,711,704) (S 522,704,499) (S 525,704,685) (S 535,716,717) (S 29,58,60) (S 336,314,543) (D 0,0,0)
 0 1 38 165980 8047  12 (D 0,0,0) (S 32,70,71) (S 257,74,440) (S 256,438,439) (S 253,438,437) (S 254,437,75) (S 36,75,69) (S 31,69,68) (S 261,445,76) (S 183,274,339) (S 182,178,180) (D 0,0,0)
 0 1 39 167395 8925  18 (D 0,0,0) (S 313,526,60) (S 18,43,44) (S 502,56,688) (S 164,313,312) (S 162,310,311) (S 339,310,555) (S 343,555,557) (S 498,557,684) (S 521,684,698) (S 510,698,693) (S 511,692,697) (S 508,697,682) (S 495,676,518) (S 309,518,122) (S 62,121,124) (S 489,309,551) (D 0,0,0)
 0 1 40 163717 4389  11 (D 0,0,0) (S 395,446,406) (S 229,403,402) (S 228,400,399) (S 428,394,625) (S 282,227,480) (S 429,504,219) (S 426,626,627) (S 427,626,625) (S 443,395,641) (D 0,0,0)
 0 1 41 167721 4969  17 (D 0,0,0) (S 398,612,446) (S 430,223,131) (S 283,130,224) (S 113,224,225) (S 114,225,226) (S 299,503,7) (S 11,6,29) (S 2,9,10) (S 433,10,5) (S 432,5,40) (S 16,40,39) (S 276,38,475) (S 421,619,217) (S 230,404,218) (S 105,203,205) (D 0,0,0)
 0 1 42 164634 8599  12 (D 0,0,0) (S 557,516,723) (S 626,723,755) (S 620,755,490) (S 308,490,515) (S 306,515,284) (S 144,284,282) (S 252,271,436) (S 541,282,492) (S 307,516,517) (S 172,326,327) (D 0,0,0)
 0 1 43 167269 8521  16 (D 0,0,0) (S 344,511,559) (S 43,92,93) (S 218,110,386) (S 198,362,149) (S 235,151,411) (S 590,378,78) (S 592,741,742) (S 591,742,459) (S 291,458,457) (S 209,373,77) (S 38,77,78) (S 589,78,741) (S 596,741,359) (S 195,359,358) (D 0,0,0)
 0 1 44 166140 8747  9 (D 0,0,0) (S 464,655,656) (S 258,293,441) (S 682,496,434) (S 251,434,435) (S 294,443,294) (S 684,445,278) (S 119,50,238) (D 0,0,0)
 0 1 45 166187 9562  10 (D 0,0,0) (S 260,295,444) (S 677,265,785) (S 673,785,292) (S 152,292,268) (S 134,268,267) (S 250,261,433) (S 678,433,432) (S 249,432,168) (D 0,0,0)
 0 1 46 166472 6447  13 (D 0,0,0) (S 371,559,583) (S 5,16,17) (S 389,603,604) (S 390,604,15) (S 4,14,15) (S 392,604,114) (S 57,114,113) (S 56,113,112) (S 361,112,336) (S 179,336,337) (S 391,114,577) (D 0,0,0)
 0 1 47 163734 6559  11 (D 0,0,0) (S 362,559,577) (S 359,577,576) (S 360,575,355) (S 193,355,354) (S 604,385,368) (S 203,368,109) (S 54,109,110) (S 210,110,93) (S 353,511,139) (D 0,0,0)
 0 1 48 166564 6899  28 (D 0,0,0) (S 383,594,194) (S 366,572,581) (S 367,581,187) (S 97,187,188) (S 368,187,580) (S 364,579,580) (S 373,580,186) (S 354,185,139) (S 67,139,140) (S 374,140,186) (S 372,580,184) (S 94,184,183) (S 377,567,174) (S 89,173,174) (S 376,586,174) (S 375,584,585) (S 378,584,587) (S 349,565,566) (S 350,565,568) (S 352,568,185) (S 95,185,186) (S 96,186,138) (S 66,138,137) (S 331,137,544) (S 333,544,546) (S 348,560,23) (D 0,0,0)
 0 1 49 164642 2416  10 (D 0,0,0) (S 385,593,594) (S 394,607,208) (S 393,208,605) (S 396,596,564) (S 380,561,189) (S 379,189,588) (S 98,189,190) (S 99,190,192) (D 0,0,0)
 0 1 50 46970 1004  8 (D 0,0,0) (S 269,455,456) (S 268,453,454) (S 267,452,453) (S 266,450,451) (S 381,590,591) (S 382,592,590) (D 0,0,0)
 0 1 51 167742 9061  12 (D 0,0,0) (S 501,56,686) (S 499,686,685) (S 503,685,689) (S 504,689,277) (S 140,277,172) (S 139,276,275) (S 142,271,282) (S 681,284,434) (S 618,286,754) (S 621,754,100) (D 0,0,0)
 0 1 52 166763 4806  14 (D 0,0,0) (S 104,203,202) (S 408,204,404) (S 112,223,38) (S 286,38,476) (S 277,476,130) (S 64,130,129) (S 431,623,482) (S 284,481,227) (S 115,227,228) (S 425,227,624) (S 444,642,635) (S 101,197,196) (D 0,0,0)
 0 1 53 166284 10070  16 (D 0,0,0) (S 651,777,776) (S 655,776,779) (S 652,779,778) (S 642,771,766) (S 650,771,422) (S 654,422,774) (S 645,420,761) (S 637,760,761) (S 241,420,421) (S 649,774,418) (S 240,418,419) (S 648,418,775) (S 671,416,784) (S 212,379,383) (D 0,0,0)
 0 1 54 163468 3998  16 (D 0,0,0) (S 405,594,607) (S 401,611,210) (S 106,210,209) (S 406,613,204) (S 424,402,624) (S 423,624,625) (S 111,222,221) (S 231,221,407) (S 446,468,641) (S 445,641,640) (S 442,639,135) (S 441,135,637) (S 397,605,596) (S 384,194,595) (D 0,0,0)
 0 1 55 167836 5302  15 (D 0,0,0) (S 275,474,473) (S 272,132,472) (S 6,18,19) (S 278,85,478) (S 279,478,128) (S 280,128,242) (S 122,243,127) (S 63,128,126) (S 466,126,244) (S 123,244,245) (S 301,86,463) (S 300,485,504) (S 271,468,133) (D 0,0,0)
 0 1 56 167988 8985  15 (D 0,0,0) (S 603,368,749) (S 634,170,759) (S 636,759,410) (S 635,410,298) (S 234,410,299) (S 156,299,171) (S 88,171,79) (S 39,79,80) (S 85,170,37) (S 15,37,36) (S 612,36,372) (S 611,750,369) (S 613,370,108) (D 0,0,0)
