418570
57
300685
277049
 0 1 1 166273 3913  15 (D 0,0,0) (S 407,610,615) (S 404,614,615) (S 408,204,404) (S 230,404,218) (S 399,408,203) (S 104,202,203) (S 232,408,392) (S 224,392,390) (S 222,390,387) (S 219,387,201) (S 220,200,388) (S 221,388,389) (S 225,389,393) (D 0,0,0)
 0 1 2 167403 5001  17 (D 0,0,0) (S 400,210,203) (S 412,617,616) (S 409,616,216) (S 410,216,212) (S 160,306,307) (S 415,306,486) (S 287,486,483) (S 418,4,620) (S 1,3,4) (S 285,4,484) (S 276,475,38) (S 286,38,476) (S 277,130,476) (S 420,477,619) (S 110,217,218) (D 0,0,0)
 0 1 3 166066 4175  15 (D 0,0,0) (S 105,203,205) (S 414,617,215) (S 109,215,216) (S 411,616,211) (S 413,211,618) (S 107,211,212) (S 108,212,213) (S 417,213,2) (S 416,2,619) (S 421,619,217) (S 422,217,405) (S 106,209,210) (S 401,210,611) (D 0,0,0)
 0 1 4 124304 1836  8 (D 0,0,0) (S 396,564,596) (S 397,596,605) (S 393,605,208) (S 394,208,607) (S 405,607,594) (S 345,562,563) (D 0,0,0)
 0 1 5 101893 2599  8 (D 0,0,0) (S 356,24,572) (S 363,572,578) (S 365,578,571) (S 355,571,24) (S 7,21,22) (S 8,21,23) (D 0,0,0)
 0 1 6 162982 6618  24 (D 0,0,0) (S 395,446,406) (S 423,624,625) (S 111,222,221) (S 446,641,468) (S 271,468,133) (S 65,132,136) (S 437,136,632) (S 448,599,644) (S 455,645,650) (S 460,649,653) (S 459,654,653) (S 454,649,650) (S 456,650,651) (S 457,652,651) (S 458,651,647) (S 450,646,647) (S 451,647,645) (S 449,645,234) (S 117,234,235) (S 452,234,644) (S 274,195,28) (S 346,191,562) (D 0,0,0)
 0 1 7 167313 6951  28 (D 0,0,0) (S 9,21,24) (S 366,572,581) (S 367,581,187) (S 97,187,188) (S 368,187,580) (S 373,186,580) (S 364,579,580) (S 372,580,184) (S 94,184,183) (S 377,567,174) (S 89,173,174) (S 376,586,174) (S 375,584,585) (S 378,584,587) (S 349,565,566) (S 350,565,568) (S 352,568,185) (S 95,185,186) (S 374,186,140) (S 67,140,139) (S 353,511,139) (S 354,139,185) (S 96,186,138) (S 66,138,137) (S 331,137,544) (S 333,544,546) (D 0,0,0)
 0 1 8 163976 2497  10 (D 0,0,0) (S 99,192,190) (S 98,190,189) (S 379,189,588) (S 380,189,561) (S 100,193,194) (S 383,194,594) (S 385,594,593) (S 386,593,597) (D 0,0,0)
 0 1 9 46970 1004  8 (D 0,0,0) (S 268,453,454) (S 267,452,453) (S 269,455,456) (S 266,450,451) (S 381,590,591) (S 382,592,590) (D 0,0,0)
 0 1 10 167823 8001  15 (D 0,0,0) (S 348,23,560) (S 334,547,546) (S 359,577,576) (S 361,336,112) (S 193,355,354) (S 216,356,91) (S 293,91,495) (S 192,352,353) (S 191,351,350) (S 588,740,350) (S 587,350,739) (S 586,739,582) (S 370,582,559) (D 0,0,0)
 0 1 11 162169 6420  16 (D 0,0,0) (S 453,233,397) (S 227,391,396) (S 568,727,729) (S 185,340,179) (S 128,255,256) (S 90,179,175) (S 92,175,177) (S 93,181,182) (S 281,45,479) (S 122,243,127) (S 280,242,128) (S 278,478,85) (S 273,132,473) (S 275,473,474) (D 0,0,0)
 0 1 12 167299 9506  12 (D 0,0,0) (S 295,37,497) (S 39,79,80) (S 156,171,299) (S 234,299,410) (S 635,410,298) (S 636,410,759) (S 633,759,269) (S 634,759,170) (S 206,372,157) (S 218,386,110) (D 0,0,0)
 0 1 13 162678 5140  8 (D 0,0,0) (S 119,238,50) (S 178,46,335) (S 351,49,569) (S 462,570,237) (S 461,237,655) (S 463,655,598) (D 0,0,0)
 0 1 14 164840 10304  14 (D 0,0,0) (S 132,265,266) (S 245,266,429) (S 674,163,429) (S 675,429,413) (S 237,413,165) (S 80,165,163) (S 78,163,164) (S 133,266,164) (S 79,164,161) (S 77,161,162) (S 81,162,166) (S 82,166,167) (D 0,0,0)
 0 1 15 162353 6449  12 (D 0,0,0) (S 6,18,19) (S 302,87,118) (S 491,674,675) (S 490,675,53) (S 25,53,61) (S 561,725,726) (S 563,726,334) (S 562,334,535) (S 171,324,325) (S 28,62,61) (D 0,0,0)
 0 1 16 157125 4853  11 (D 0,0,0) (S 439,634,469) (S 300,504,485) (S 467,505,630) (S 434,628,629) (S 435,630,480) (S 425,227,624) (S 424,624,402) (S 229,402,403) (S 440,403,635) (D 0,0,0)
 0 1 17 167874 9878  15 (D 0,0,0) (S 200,364,158) (S 74,158,150) (S 640,263,763) (S 638,763,762) (S 639,762,764) (S 637,760,761) (S 645,761,420) (S 241,420,421) (S 649,418,774) (S 654,774,422) (S 650,422,771) (S 659,777,154) (S 215,358,363) (D 0,0,0)
 0 1 18 164097 8324  13 (D 0,0,0) (S 147,273,278) (S 262,279,76) (S 37,76,68) (S 683,786,787) (S 685,787,68) (S 254,75,437) (S 253,437,438) (S 255,438,440) (S 257,440,74) (S 34,74,73) (S 35,73,71) (D 0,0,0)
 0 1 19 167761 7989  10 (D 0,0,0) (S 313,526,60) (S 29,60,58) (S 19,48,44) (S 18,43,44) (S 536,48,718) (S 523,705,488) (S 553,519,328) (S 173,328,329) (D 0,0,0)
 0 1 20 164835 8299  14 (D 0,0,0) (S 194,357,356) (S 195,358,359) (S 589,741,78) (S 38,78,77) (S 211,382,376) (S 208,376,377) (S 291,457,458) (S 591,459,742) (S 592,742,741) (S 597,359,746) (S 599,746,384) (S 213,384,364) (D 0,0,0)
 0 1 21 167819 9014  11 (D 0,0,0) (S 209,77,373) (S 601,381,747) (S 602,747,748) (S 600,747,153) (S 44,94,95) (S 669,148,784) (S 671,784,416) (S 238,416,64) (S 197,152,361) (D 0,0,0)
 0 1 22 166985 7537  15 (D 0,0,0) (S 565,728,181) (S 130,255,258) (S 610,258,751) (S 613,108,370) (S 205,370,371) (S 611,369,750) (S 609,750,372) (S 612,372,36) (S 84,36,143) (S 75,157,156) (S 604,368,385) (S 584,386,738) (S 585,351,739) (D 0,0,0)
 0 1 23 165778 6328  11 (D 0,0,0) (S 116,233,232) (S 567,49,502) (S 298,501,502) (S 566,502,348) (S 190,348,349) (S 570,348,728) (S 564,727,728) (S 118,236,237) (S 464,655,656) (D 0,0,0)
 0 1 24 163279 8961  10 (D 0,0,0) (S 246,150,430) (S 138,270,269) (S 653,259,777) (S 651,777,776) (S 652,779,778) (S 667,778,783) (S 668,783,147) (S 235,151,411) (D 0,0,0)
 0 1 25 161047 5033  14 (D 0,0,0) (S 388,599,602) (S 387,601,398) (S 465,621,478) (S 279,478,128) (S 419,479,396) (S 223,391,232) (S 121,241,239) (S 297,239,500) (S 120,239,240) (S 438,401,631) (S 447,631,472) (S 272,472,132) (D 0,0,0)
 0 1 26 167771 7479  15 (D 0,0,0) (S 573,93,731) (S 574,731,344) (S 575,345,733) (S 576,733,145) (S 579,730,734) (S 578,734,735) (S 577,734,342) (S 187,342,343) (S 188,343,344) (S 571,344,730) (S 580,736,176) (S 189,347,346) (S 581,346,737) (D 0,0,0)
 0 1 27 161914 7005  8 (D 0,0,0) (S 569,340,145) (S 69,145,144) (S 615,144,752) (S 627,753,751) (S 628,751,757) (S 146,258,117) (D 0,0,0)
 0 1 28 166439 7988  15 (D 0,0,0) (S 180,178,338) (S 181,338,339) (S 183,339,274) (S 141,274,107) (S 51,105,106) (S 53,106,108) (S 614,108,752) (S 76,144,160) (S 196,198,360) (S 103,198,199) (S 607,199,111) (S 332,545,27) (S 10,25,26) (D 0,0,0)
 0 1 29 166868 7721  11 (D 0,0,0) (S 552,533,326) (S 41,84,83) (S 46,83,98) (S 45,97,98) (S 47,101,100) (S 48,100,102) (S 33,72,71) (S 32,71,70) (S 226,238,396) (D 0,0,0)
 0 1 30 165613 9592  14 (D 0,0,0) (S 261,76,445) (S 686,445,68) (S 260,295,444) (S 153,169,81) (S 40,81,82) (S 151,81,288) (S 150,288,289) (S 149,288,268) (S 152,268,292) (S 673,292,785) (S 672,413,785) (S 677,785,265) (D 0,0,0)
 0 1 31 167503 8690  11 (D 0,0,0) (S 292,338,494) (S 317,494,278) (S 684,278,445) (S 31,68,69) (S 154,294,293) (S 258,293,441) (S 251,434,435) (S 682,434,496) (S 294,443,294) (D 0,0,0)
 0 1 32 148017 4247  14 (D 0,0,0) (S 384,194,595) (S 441,637,135) (S 442,135,639) (S 445,640,641) (S 443,641,395) (S 231,221,407) (S 429,504,219) (S 426,626,627) (S 427,626,625) (S 428,625,394) (S 228,399,400) (S 444,642,635) (D 0,0,0)
 0 1 33 163586 9405  25 (D 0,0,0) (S 328,448,493) (S 165,314,315) (S 166,315,313) (S 164,313,312) (S 265,449,312) (S 163,312,310) (S 162,310,311) (S 342,52,556) (S 506,556,688) (S 511,692,697) (S 508,697,682) (S 494,682,677) (S 513,676,695) (S 509,695,523) (S 311,523,518) (S 309,518,122) (S 60,122,121) (S 61,123,121) (S 62,121,124) (S 264,124,448) (S 479,541,125) (S 161,309,308) (S 329,540,510) (D 0,0,0)
 0 1 34 167648 9094  15 (D 0,0,0) (S 270,465,466) (S 314,314,526) (S 544,58,323) (S 543,323,321) (S 526,708,706) (S 524,706,707) (S 535,716,717) (S 534,707,715) (S 560,719,715) (S 504,689,277) (S 140,277,172) (S 625,283,755) (S 623,755,756) (D 0,0,0)
 0 1 35 166097 7349  11 (D 0,0,0) (S 330,509,543) (S 481,543,538) (S 548,534,721) (S 549,721,521) (S 310,521,331) (S 174,331,330) (S 546,720,327) (S 545,327,535) (S 177,334,54) (D 0,0,0)
 0 1 36 166550 8249  15 (D 0,0,0) (S 127,253,254) (S 159,304,305) (S 488,303,673) (S 485,673,671) (S 483,671,660) (S 472,663,35) (S 14,33,34) (S 476,663,670) (S 473,664,665) (S 474,666,668) (S 471,662,550) (S 337,549,542) (S 158,300,301) (D 0,0,0)
 0 1 37 155887 8114  21 (D 0,0,0) (S 484,506,253) (S 487,253,548) (S 486,548,673) (S 13,32,31) (S 12,31,30) (S 126,252,30) (S 477,669,524) (S 514,122,700) (S 517,700,703) (S 518,703,317) (S 167,317,316) (S 305,513,514) (S 312,522,525) (S 480,522,251) (S 482,251,669) (S 478,669,125) (S 489,309,551) (S 327,508,304) (S 303,507,300) (D 0,0,0)
 0 1 38 164318 6680  15 (D 0,0,0) (S 20,49,50) (S 176,51,333) (S 469,657,658) (S 470,657,63) (S 315,55,527) (S 316,528,527) (S 326,527,537) (S 59,120,119) (S 468,119,249) (S 125,249,248) (S 324,248,246) (S 124,246,247) (S 304,247,465) (D 0,0,0)
 0 1 39 167632 9127  14 (D 0,0,0) (S 538,718,706) (S 537,706,719) (S 539,719,272) (S 143,272,275) (S 139,275,276) (S 533,276,715) (S 559,715,689) (S 503,689,685) (S 527,704,711) (S 531,714,713) (S 529,713,712) (S 530,712,57) (D 0,0,0)
 0 1 40 166588 8764  13 (D 0,0,0) (S 556,96,517) (S 288,487,489) (S 307,517,516) (S 557,516,723) (S 308,490,515) (S 306,515,284) (S 144,284,282) (S 252,271,436) (S 142,271,282) (S 541,282,492) (S 170,323,322) (D 0,0,0)
 0 1 41 167805 9000  17 (D 0,0,0) (S 338,551,552) (S 475,552,669) (S 495,518,676) (S 519,699,701) (S 516,701,702) (S 515,701,690) (S 520,691,684) (S 498,684,557) (S 343,557,555) (S 510,698,693) (S 502,56,688) (S 505,688,694) (S 507,694,526) (S 336,314,543) (S 325,536,248) (D 0,0,0)
 0 1 42 165032 8039  19 (D 0,0,0) (S 129,257,182) (S 186,341,182) (S 91,181,180) (S 182,180,178) (S 323,494,532) (S 554,101,722) (S 618,754,286) (S 145,286,280) (S 624,280,756) (S 622,756,754) (S 621,754,100) (S 555,99,332) (S 319,532,529) (S 318,530,531) (S 322,533,535) (S 321,535,324) (S 320,324,534) (D 0,0,0)
 0 1 43 167690 9366  16 (D 0,0,0) (S 493,680,681) (S 492,678,679) (S 497,683,684) (S 521,684,698) (S 339,555,310) (S 341,52,318) (S 168,318,319) (S 528,710,711) (S 522,704,499) (S 525,704,685) (S 499,685,686) (S 501,686,56) (S 27,56,44) (S 24,60,59) (D 0,0,0)
 0 1 44 166786 9817  14 (D 0,0,0) (S 23,58,48) (S 22,56,57) (S 26,57,52) (S 21,52,47) (S 263,447,42) (S 17,42,41) (S 296,47,498) (S 340,498,553) (S 532,709,712) (S 500,687,683) (S 496,678,680) (S 512,695,315) (D 0,0,0)
 0 1 45 167625 7914  16 (D 0,0,0) (S 172,327,326) (S 619,96,722) (S 558,722,724) (S 626,723,755) (S 620,755,490) (S 289,490,491) (S 290,491,492) (S 540,492,708) (S 542,705,321) (S 169,321,320) (S 547,520,329) (S 551,720,330) (S 550,721,59) (S 30,59,55) (D 0,0,0)
 0 1 46 167576 7941  13 (D 0,0,0) (S 583,575,738) (S 214,385,354) (S 217,354,365) (S 594,364,743) (S 593,743,744) (S 595,744,745) (S 598,743,746) (S 596,359,741) (S 590,78,378) (S 198,362,149) (S 199,150,363) (D 0,0,0)
 0 1 47 165309 6937  15 (D 0,0,0) (S 347,544,511) (S 344,511,559) (S 210,93,110) (S 54,110,109) (S 203,109,368) (S 603,368,749) (S 605,749,156) (S 72,156,141) (S 102,160,198) (S 608,111,732) (S 572,732,731) (S 43,92,93) (S 369,93,582) (D 0,0,0)
 0 1 48 167805 6447  13 (D 0,0,0) (S 371,559,583) (S 5,16,17) (S 389,603,604) (S 390,604,15) (S 4,14,15) (S 392,604,114) (S 179,337,336) (S 56,112,113) (S 57,113,114) (S 391,114,577) (S 362,577,559) (D 0,0,0)
 0 1 49 167579 9591  12 (D 0,0,0) (S 85,37,170) (S 88,79,171) (S 87,171,168) (S 248,432,267) (S 134,267,268) (S 136,268,265) (S 676,265,431) (S 247,431,161) (S 358,162,574) (S 357,573,167) (D 0,0,0)
 0 1 50 164333 9246  16 (D 0,0,0) (S 335,545,512) (S 137,159,270) (S 157,263,298) (S 250,433,261) (S 135,261,264) (S 658,763,777) (S 632,270,430) (S 631,430,758) (S 629,758,409) (S 630,409,37) (S 15,37,36) (S 73,143,157) (S 201,157,365) (S 360,355,575) (D 0,0,0)
 0 1 51 166883 9563  16 (D 0,0,0) (S 175,332,285) (S 36,75,69) (S 207,299,297) (S 155,297,298) (S 679,297,433) (S 678,433,432) (S 249,432,168) (S 83,168,169) (S 86,169,167) (S 680,169,444) (S 259,442,441) (S 681,434,284) (S 256,438,439) (S 436,631,136) (D 0,0,0)
 0 1 52 167275 9786  11 (D 0,0,0) (S 212,383,379) (S 70,65,146) (S 239,66,417) (S 647,67,417) (S 646,417,775) (S 648,775,418) (S 240,418,419) (S 670,775,416) (S 71,147,155) (D 0,0,0)
 0 1 53 166476 7764  15 (D 0,0,0) (S 55,109,111) (S 606,199,749) (S 68,141,142) (S 204,142,369) (S 616,752,753) (S 617,753,105) (S 50,105,103) (S 49,103,104) (S 52,103,107) (S 148,107,117) (S 58,117,116) (S 184,115,255) (S 582,346,727) (D 0,0,0)
 0 1 54 166968 9802  11 (D 0,0,0) (S 656,776,762) (S 662,780,781) (S 664,781,782) (S 665,412,291) (S 236,412,262) (S 663,781,264) (S 131,260,259) (S 233,409,158) (S 42,90,89) (D 0,0,0)
 0 1 55 165785 10738  16 (D 0,0,0) (S 642,771,766) (S 641,769,770) (S 661,414,772) (S 242,424,425) (S 643,772,426) (S 243,426,427) (S 644,773,12) (S 244,12,428) (S 3,12,13) (S 202,287,366) (S 666,773,366) (S 660,764,779) (S 655,779,776) (S 657,776,155) (D 0,0,0)
 0 1 56 167656 5667  11 (D 0,0,0) (S 101,196,197) (S 63,128,126) (S 466,126,244) (S 123,244,245) (S 301,86,463) (S 282,480,227) (S 115,227,228) (S 284,227,481) (S 431,482,623) (D 0,0,0)
 0 1 57 164416 4818  18 (D 0,0,0) (S 403,206,612) (S 398,612,446) (S 112,223,38) (S 16,39,40) (S 432,40,5) (S 433,5,10) (S 2,10,9) (S 11,6,29) (S 299,503,7) (S 114,226,225) (S 113,225,224) (S 283,224,130) (S 64,130,129) (S 430,131,223) (S 406,204,613) (S 402,613,206) (D 0,0,0)
