424147
57
315608
278794
 0 1 1 165743 3609  15 (D 0,0,0) (S 400,210,203) (S 232,408,392) (S 224,392,390) (S 222,390,387) (S 219,387,201) (S 220,200,388) (S 221,388,389) (S 225,389,393) (S 399,408,203) (S 106,210,209) (S 404,614,615) (S 407,615,610) (S 405,607,594) (D 0,0,0)
 0 1 2 158017 2837  10 (D 0,0,0) (S 385,593,594) (S 383,594,194) (S 384,194,595) (S 100,194,193) (S 396,564,596) (S 397,596,605) (S 393,605,208) (S 386,593,597) (D 0,0,0)
 0 1 3 164439 6862  15 (D 0,0,0) (S 465,621,478) (S 280,128,242) (S 122,243,127) (S 129,257,182) (S 186,341,182) (S 93,182,181) (S 564,728,727) (S 582,727,346) (S 581,346,737) (S 189,346,347) (S 568,729,727) (S 190,348,349) (S 118,236,237) (D 0,0,0)
 0 1 4 164839 6962  13 (D 0,0,0) (S 388,599,602) (S 227,391,396) (S 548,534,721) (S 549,721,521) (S 310,521,331) (S 174,331,330) (S 551,330,720) (S 546,720,327) (S 545,327,535) (S 177,334,54) (S 20,50,49) (D 0,0,0)
 0 1 5 147127 5988  18 (D 0,0,0) (S 348,23,560) (S 347,544,511) (S 391,577,114) (S 57,114,113) (S 56,113,112) (S 361,112,336) (S 179,336,337) (S 359,576,577) (S 362,577,559) (S 344,559,511) (S 353,511,139) (S 67,139,140) (S 374,140,186) (S 373,186,580) (S 356,572,24) (S 9,24,21) (D 0,0,0)
 0 1 6 162857 6807  26 (D 0,0,0) (S 7,21,22) (S 366,572,581) (S 367,581,187) (S 97,187,188) (S 368,187,580) (S 364,579,580) (S 372,580,184) (S 94,184,183) (S 376,586,174) (S 89,173,174) (S 377,174,567) (S 378,584,587) (S 375,584,585) (S 349,565,566) (S 350,565,568) (S 352,568,185) (S 354,139,185) (S 95,185,186) (S 96,186,138) (S 66,138,137) (S 331,137,544) (S 333,544,546) (S 10,25,26) (S 346,191,562) (D 0,0,0)
 0 1 7 158762 7198  24 (D 0,0,0) (S 274,28,195) (S 272,132,472) (S 447,472,631) (S 436,631,136) (S 437,136,632) (S 448,599,644) (S 455,645,650) (S 454,650,649) (S 459,654,653) (S 460,653,649) (S 456,650,651) (S 457,652,651) (S 458,651,647) (S 450,646,647) (S 451,647,645) (S 449,645,234) (S 117,234,235) (S 452,234,644) (S 463,598,655) (S 464,655,656) (S 462,570,237) (S 461,237,655) (D 0,0,0)
 0 1 8 165017 2717  10 (D 0,0,0) (S 363,572,578) (S 365,578,571) (S 355,571,24) (S 8,21,23) (S 380,561,189) (S 379,189,588) (S 98,189,190) (S 99,190,192) (D 0,0,0)
 0 1 9 158515 6199  7 (D 0,0,0) (S 387,601,398) (S 178,46,335) (S 298,501,502) (S 567,502,49) (S 351,49,569) (D 0,0,0)
 0 1 10 166301 6463  13 (D 0,0,0) (S 302,87,118) (S 491,674,675) (S 490,675,53) (S 25,53,61) (S 28,61,62) (S 561,725,726) (S 563,726,334) (S 562,334,535) (S 171,324,325) (S 320,324,534) (S 453,397,233) (D 0,0,0)
 0 1 11 160788 5447  11 (D 0,0,0) (S 65,132,136) (S 438,631,401) (S 121,241,239) (S 120,239,240) (S 297,239,500) (S 419,396,479) (S 281,479,45) (S 119,50,238) (S 116,232,233) (D 0,0,0)
 0 1 12 145209 4936  10 (D 0,0,0) (S 273,473,132) (S 6,18,19) (S 301,463,86) (S 123,244,245) (S 466,244,126) (S 63,126,128) (S 279,128,478) (S 278,478,85) (D 0,0,0)
 0 1 13 150111 4590  13 (D 0,0,0) (S 345,563,562) (S 431,623,482) (S 113,224,225) (S 114,225,226) (S 299,503,7) (S 11,6,29) (S 2,9,10) (S 433,10,5) (S 432,5,40) (S 16,40,39) (S 112,38,223) (D 0,0,0)
 0 1 14 167826 3915  13 (D 0,0,0) (S 444,635,642) (S 445,640,641) (S 443,641,395) (S 428,394,625) (S 426,626,627) (S 427,626,625) (S 423,625,624) (S 228,399,400) (S 395,406,446) (S 398,446,612) (S 394,208,607) (D 0,0,0)
 0 1 15 167576 9014  21 (D 0,0,0) (S 270,465,466) (S 489,551,309) (S 479,125,541) (S 264,448,124) (S 62,124,121) (S 514,122,700) (S 516,701,702) (S 519,701,699) (S 167,317,316) (S 305,513,514) (S 312,522,525) (S 480,522,251) (S 126,252,30) (S 12,30,31) (S 13,31,32) (S 471,662,550) (S 337,549,542) (S 127,254,253) (S 484,253,506) (D 0,0,0)
 0 1 16 167013 6827  13 (D 0,0,0) (S 332,27,545) (S 335,545,512) (S 102,198,160) (S 76,160,144) (S 69,144,145) (S 569,145,340) (S 185,340,179) (S 90,179,175) (S 92,175,177) (S 91,180,181) (S 565,181,728) (D 0,0,0)
 0 1 17 167660 7625  17 (D 0,0,0) (S 441,637,135) (S 442,135,639) (S 446,641,468) (S 487,253,548) (S 486,548,673) (S 485,673,671) (S 483,671,660) (S 14,33,34) (S 472,35,663) (S 476,663,670) (S 474,666,668) (S 473,665,664) (S 488,673,303) (S 159,305,304) (S 327,304,508) (D 0,0,0)
 0 1 18 167274 4956  10 (D 0,0,0) (S 231,407,221) (S 111,221,222) (S 429,219,504) (S 300,504,485) (S 467,505,630) (S 434,628,629) (S 435,630,480) (S 282,480,227) (D 0,0,0)
 0 1 19 167609 4797  17 (D 0,0,0) (S 401,611,210) (S 105,203,205) (S 104,202,203) (S 414,617,215) (S 109,215,216) (S 409,616,216) (S 410,216,212) (S 160,306,307) (S 415,306,486) (S 287,486,483) (S 418,4,620) (S 1,3,4) (S 285,4,484) (S 420,477,619) (S 422,217,405) (D 0,0,0)
 0 1 20 151842 4060  15 (D 0,0,0) (S 412,617,616) (S 411,616,211) (S 413,211,618) (S 107,211,212) (S 108,212,213) (S 417,213,2) (S 416,2,619) (S 421,619,217) (S 110,217,218) (S 230,218,404) (S 408,404,204) (S 406,204,613) (S 402,613,206) (D 0,0,0)
 0 1 21 46970 1004  8 (D 0,0,0) (S 266,450,451) (S 269,455,456) (S 267,452,453) (S 268,453,454) (S 381,590,591) (S 382,592,590) (D 0,0,0)
 0 1 22 165445 8649  10 (D 0,0,0) (S 223,232,391) (S 684,278,445) (S 686,445,68) (S 294,294,443) (S 682,496,434) (S 251,434,435) (S 681,434,284) (S 547,520,329) (D 0,0,0)
 0 1 23 166994 9605  13 (D 0,0,0) (S 170,323,322) (S 169,320,321) (S 535,716,717) (S 503,685,689) (S 560,719,715) (S 559,715,689) (S 504,689,277) (S 140,277,172) (S 252,271,436) (S 541,282,492) (S 290,492,491) (D 0,0,0)
 0 1 24 167892 9237  14 (D 0,0,0) (S 540,492,708) (S 526,708,706) (S 524,706,707) (S 534,707,715) (S 533,715,276) (S 139,276,275) (S 143,275,272) (S 539,272,719) (S 537,719,706) (S 538,706,718) (S 536,718,48) (S 19,48,44) (D 0,0,0)
 0 1 25 164493 8796  10 (D 0,0,0) (S 23,58,48) (S 18,43,44) (S 27,44,56) (S 22,56,57) (S 26,57,52) (S 21,52,47) (S 296,47,498) (S 340,498,553) (D 0,0,0)
 0 1 26 166017 8655  13 (D 0,0,0) (S 505,694,688) (S 502,688,56) (S 501,56,686) (S 499,686,685) (S 525,685,704) (S 522,704,499) (S 527,704,711) (S 528,711,710) (S 341,318,52) (S 342,52,556) (S 506,556,688) (D 0,0,0)
 0 1 27 153431 4482  15 (D 0,0,0) (S 403,206,612) (S 430,223,131) (S 64,129,130) (S 276,38,475) (S 286,38,476) (S 277,476,130) (S 283,130,224) (S 284,481,227) (S 115,227,228) (S 425,227,624) (S 424,624,402) (S 229,402,403) (S 440,403,635) (D 0,0,0)
 0 1 28 166059 8943  16 (D 0,0,0) (S 144,284,282) (S 306,284,515) (S 308,515,490) (S 623,755,756) (S 622,756,754) (S 618,754,286) (S 145,286,280) (S 624,280,756) (S 626,755,723) (S 557,723,516) (S 307,516,517) (S 556,517,96) (S 172,326,327) (S 176,51,333) (D 0,0,0)
 0 1 29 161250 6949  13 (D 0,0,0) (S 43,92,93) (S 573,93,731) (S 574,731,344) (S 575,345,733) (S 579,730,734) (S 578,734,735) (S 577,734,342) (S 187,342,343) (S 188,343,344) (S 571,344,730) (S 580,736,176) (D 0,0,0)
 0 1 30 166287 7657  13 (D 0,0,0) (S 182,180,178) (S 180,178,338) (S 58,116,117) (S 52,107,103) (S 49,103,104) (S 51,105,106) (S 53,106,108) (S 205,370,371) (S 613,370,108) (S 614,108,752) (S 615,752,144) (D 0,0,0)
 0 1 31 166501 9754  12 (D 0,0,0) (S 147,273,278) (S 679,297,433) (S 678,433,432) (S 236,262,412) (S 665,412,291) (S 664,782,781) (S 662,780,781) (S 663,781,264) (S 135,264,261) (S 250,261,433) (D 0,0,0)
 0 1 32 162282 10342  14 (D 0,0,0) (S 357,167,573) (S 358,574,162) (S 259,442,441) (S 258,441,293) (S 683,786,787) (S 685,787,68) (S 261,445,76) (S 317,278,494) (S 323,494,532) (S 554,101,722) (S 621,754,100) (S 292,494,338) (D 0,0,0)
 0 1 33 167814 8211  17 (D 0,0,0) (S 318,530,531) (S 319,529,532) (S 47,101,100) (S 48,100,102) (S 32,70,71) (S 33,72,71) (S 35,71,73) (S 34,73,74) (S 257,74,440) (S 254,437,75) (S 36,75,69) (S 37,68,76) (S 262,76,279) (S 141,274,107) (S 184,115,255) (D 0,0,0)
 0 1 34 164235 7024  11 (D 0,0,0) (S 128,256,255) (S 130,255,258) (S 146,258,117) (S 148,117,107) (S 50,103,105) (S 617,105,753) (S 627,753,751) (S 628,751,757) (S 610,751,258) (D 0,0,0)
 0 1 35 166719 8585  12 (D 0,0,0) (S 570,348,728) (S 253,438,437) (S 255,440,438) (S 256,438,439) (S 625,283,755) (S 620,755,490) (S 289,490,491) (S 288,487,489) (S 558,724,722) (S 619,722,96) (D 0,0,0)
 0 1 36 165425 10380  13 (D 0,0,0) (S 83,168,169) (S 136,268,265) (S 132,265,266) (S 133,266,164) (S 245,266,429) (S 674,163,429) (S 675,429,413) (S 677,785,265) (S 676,265,431) (S 247,431,161) (S 142,271,282) (D 0,0,0)
 0 1 37 160594 9003  15 (D 0,0,0) (S 334,547,546) (S 210,93,110) (S 218,110,386) (S 192,352,353) (S 293,91,495) (S 213,364,384) (S 199,363,150) (S 74,150,158) (S 196,198,360) (S 103,198,199) (S 608,111,732) (S 572,732,731) (S 369,93,582) (D 0,0,0)
 0 1 38 163475 9439  13 (D 0,0,0) (S 154,294,293) (S 260,295,444) (S 153,169,81) (S 40,81,82) (S 151,81,288) (S 134,268,267) (S 248,267,432) (S 249,432,168) (S 87,168,171) (S 88,171,79) (S 39,79,80) (D 0,0,0)
 0 1 39 162162 7003  14 (D 0,0,0) (S 586,582,739) (S 585,739,351) (S 191,351,350) (S 588,740,350) (S 587,350,739) (S 370,582,559) (S 392,114,604) (S 390,604,15) (S 4,14,15) (S 389,604,603) (S 5,16,17) (S 371,583,559) (D 0,0,0)
 0 1 40 165344 7001  11 (D 0,0,0) (S 193,355,354) (S 214,354,385) (S 604,385,368) (S 203,368,109) (S 55,109,111) (S 607,111,199) (S 606,199,749) (S 603,749,368) (S 54,109,110) (D 0,0,0)
 0 1 41 166723 9891  18 (D 0,0,0) (S 566,502,348) (S 31,68,69) (S 680,444,169) (S 86,169,167) (S 82,167,166) (S 81,166,162) (S 77,162,161) (S 79,161,164) (S 78,164,163) (S 80,163,165) (S 237,165,413) (S 672,413,785) (S 673,785,292) (S 152,292,268) (S 149,268,288) (S 150,288,289) (D 0,0,0)
 0 1 42 162330 7429  12 (D 0,0,0) (S 321,324,535) (S 322,535,533) (S 552,533,326) (S 41,84,83) (S 46,83,98) (S 45,97,98) (S 555,99,332) (S 175,332,285) (S 183,274,339) (S 181,339,338) (D 0,0,0)
 0 1 43 166694 8643  13 (D 0,0,0) (S 42,89,90) (S 200,158,364) (S 215,363,358) (S 195,358,359) (S 596,359,741) (S 589,741,78) (S 38,78,77) (S 209,77,373) (S 212,379,383) (S 197,361,152) (S 235,151,411) (D 0,0,0)
 0 1 44 166902 8409  12 (D 0,0,0) (S 137,159,270) (S 138,270,269) (S 633,759,269) (S 631,430,758) (S 629,758,409) (S 612,36,372) (S 206,372,157) (S 201,157,365) (S 584,386,738) (S 583,738,575) (D 0,0,0)
 0 1 45 162612 7691  13 (D 0,0,0) (S 360,575,355) (S 599,384,746) (S 592,741,742) (S 591,459,742) (S 597,359,746) (S 598,746,743) (S 593,743,744) (S 595,744,745) (S 594,743,364) (S 216,91,356) (S 194,356,357) (D 0,0,0)
 0 1 46 162850 9972  13 (D 0,0,0) (S 590,378,78) (S 291,458,457) (S 211,382,376) (S 208,376,377) (S 601,381,747) (S 600,747,153) (S 70,65,146) (S 647,67,417) (S 238,416,64) (S 71,147,155) (S 602,747,748) (D 0,0,0)
 0 1 47 163147 10038  15 (D 0,0,0) (S 659,154,777) (S 653,777,259) (S 131,259,260) (S 666,366,773) (S 243,426,427) (S 643,426,772) (S 661,772,414) (S 641,770,769) (S 639,764,762) (S 638,762,763) (S 658,763,777) (S 651,777,776) (S 657,776,155) (D 0,0,0)
 0 1 48 166101 10974  16 (D 0,0,0) (S 655,776,779) (S 660,779,764) (S 202,366,287) (S 3,13,12) (S 244,12,428) (S 644,12,773) (S 242,424,425) (S 637,760,761) (S 645,761,420) (S 241,420,421) (S 649,418,774) (S 654,774,422) (S 650,422,771) (S 642,771,766) (D 0,0,0)
 0 1 49 165494 9528  10 (D 0,0,0) (S 669,148,784) (S 671,784,416) (S 670,416,775) (S 240,418,419) (S 648,418,775) (S 646,775,417) (S 239,417,66) (S 44,94,95) (D 0,0,0)
 0 1 50 164959 9083  13 (D 0,0,0) (S 605,749,156) (S 85,37,170) (S 634,170,759) (S 635,410,298) (S 155,298,297) (S 207,297,299) (S 156,299,171) (S 234,299,410) (S 636,410,759) (S 632,270,430) (S 246,430,150) (D 0,0,0)
 0 1 51 163026 8867  17 (D 0,0,0) (S 217,354,365) (S 233,158,409) (S 630,409,37) (S 295,37,497) (S 15,37,36) (S 84,36,143) (S 73,143,157) (S 75,157,156) (S 72,156,141) (S 68,141,142) (S 204,142,369) (S 609,372,750) (S 611,750,369) (S 616,752,753) (S 576,145,733) (D 0,0,0)
 0 1 52 166151 9039  9 (D 0,0,0) (S 157,298,263) (S 640,263,763) (S 656,762,776) (S 652,779,778) (S 667,778,783) (S 668,783,147) (S 198,149,362) (D 0,0,0)
 0 1 53 165212 9985  15 (D 0,0,0) (S 477,669,524) (S 495,518,676) (S 494,677,682) (S 508,682,697) (S 511,697,692) (S 17,41,42) (S 263,447,42) (S 168,318,319) (S 532,709,712) (S 529,712,713) (S 531,713,714) (S 530,712,57) (S 24,60,59) (D 0,0,0)
 0 1 54 167810 8958  22 (D 0,0,0) (S 330,509,543) (S 336,543,314) (S 165,314,315) (S 166,315,313) (S 164,313,312) (S 265,449,312) (S 163,312,310) (S 162,310,311) (S 339,310,555) (S 343,555,557) (S 498,557,684) (S 497,684,683) (S 500,683,687) (S 510,693,698) (S 521,698,684) (S 520,684,691) (S 515,690,701) (S 518,317,703) (S 517,703,700) (S 161,309,308) (D 0,0,0)
 0 1 55 166935 9204  26 (D 0,0,0) (S 275,474,473) (S 325,248,536) (S 481,538,543) (S 314,314,526) (S 507,526,694) (S 512,315,695) (S 513,695,676) (S 493,680,681) (S 496,680,678) (S 492,678,679) (S 509,695,523) (S 311,523,518) (S 309,518,122) (S 60,122,121) (S 61,123,121) (S 478,125,669) (S 482,669,251) (S 475,669,552) (S 338,552,551) (S 303,507,300) (S 158,300,301) (S 271,468,133) (S 439,469,634) (S 101,197,196) (D 0,0,0)
 0 1 56 167652 7400  14 (D 0,0,0) (S 30,55,59) (S 550,59,721) (S 173,329,328) (S 553,328,519) (S 523,488,705) (S 542,705,321) (S 543,321,323) (S 544,323,58) (S 29,58,60) (S 313,60,526) (S 328,493,448) (S 329,540,510) (D 0,0,0)
 0 1 57 157860 6508  14 (D 0,0,0) (S 226,396,238) (S 469,657,658) (S 470,657,63) (S 315,55,527) (S 316,528,527) (S 326,527,537) (S 59,120,119) (S 468,119,249) (S 125,249,248) (S 324,248,246) (S 124,246,247) (S 304,247,465) (D 0,0,0)
