420904
56
306295
206409
 0 1 1 167596 11088  16 (D 0,0,0) (S 334,547,546) (S 642,771,766) (S 661,414,772) (S 643,772,426) (S 243,426,427) (S 644,773,12) (S 244,12,428) (S 3,12,13) (S 202,287,366) (S 666,366,773) (S 242,424,425) (S 637,760,761) (S 645,761,420) (S 241,420,421) (D 0,0,0)
 0 1 2 164807 5106  19 (D 0,0,0) (S 345,563,562) (S 398,612,446) (S 64,129,130) (S 16,39,40) (S 432,40,5) (S 433,5,10) (S 2,10,9) (S 11,6,29) (S 299,503,7) (S 114,226,225) (S 113,225,224) (S 283,224,130) (S 277,130,476) (S 286,476,38) (S 112,38,223) (S 402,206,613) (S 106,209,210) (D 0,0,0)
 0 1 3 158748 4472  15 (D 0,0,0) (S 401,611,210) (S 104,202,203) (S 399,203,408) (S 412,617,616) (S 411,616,211) (S 413,211,618) (S 107,211,212) (S 160,306,307) (S 415,306,486) (S 287,486,483) (S 416,2,619) (S 421,619,217) (S 422,217,405) (D 0,0,0)
 0 1 4 167572 4156  13 (D 0,0,0) (S 440,635,403) (S 430,223,131) (S 431,623,482) (S 284,481,227) (S 115,227,228) (S 425,227,624) (S 428,625,394) (S 228,399,400) (S 229,402,403) (S 395,406,446) (S 403,612,206) (D 0,0,0)
 0 1 5 166768 3568  13 (D 0,0,0) (S 400,210,203) (S 414,617,215) (S 109,215,216) (S 409,216,616) (S 225,389,393) (S 221,389,388) (S 220,388,200) (S 219,201,387) (S 222,387,390) (S 224,390,392) (S 232,392,408) (D 0,0,0)
 0 1 6 156801 4600  17 (D 0,0,0) (S 105,203,205) (S 410,216,212) (S 108,212,213) (S 417,213,2) (S 1,3,4) (S 418,4,620) (S 285,4,484) (S 276,38,475) (S 420,477,619) (S 110,217,218) (S 230,218,404) (S 408,404,204) (S 406,204,613) (S 404,614,615) (S 407,615,610) (D 0,0,0)
 0 1 7 167129 4004  11 (D 0,0,0) (S 101,196,197) (S 439,634,469) (S 6,18,19) (S 429,504,219) (S 426,626,627) (S 427,626,625) (S 423,625,624) (S 424,624,402) (S 444,642,635) (D 0,0,0)
 0 1 8 166509 8157  15 (D 0,0,0) (S 275,474,473) (S 273,473,132) (S 272,132,472) (S 481,543,538) (S 326,537,527) (S 316,528,527) (S 315,527,55) (S 550,59,721) (S 174,330,331) (S 170,322,323) (S 544,323,58) (S 18,43,44) (S 30,59,55) (D 0,0,0)
 0 1 9 165188 7625  15 (D 0,0,0) (S 487,253,548) (S 486,548,673) (S 485,673,671) (S 476,663,670) (S 14,33,34) (S 472,35,663) (S 474,666,668) (S 473,665,664) (S 483,660,671) (S 488,673,303) (S 159,305,304) (S 327,304,508) (S 446,468,641) (D 0,0,0)
 0 1 10 167475 5452  11 (D 0,0,0) (S 388,599,602) (S 387,601,398) (S 419,396,479) (S 281,479,45) (S 178,46,335) (S 20,50,49) (S 226,238,396) (S 121,241,239) (S 120,239,240) (D 0,0,0)
 0 1 11 166999 8407  12 (D 0,0,0) (S 436,136,631) (S 317,494,278) (S 262,279,76) (S 261,76,445) (S 685,68,787) (S 683,786,787) (S 258,293,441) (S 294,443,294) (S 686,68,445) (S 684,445,278) (D 0,0,0)
 0 1 12 166067 7041  12 (D 0,0,0) (S 573,93,731) (S 574,731,344) (S 571,344,730) (S 579,730,734) (S 577,734,342) (S 578,734,735) (S 188,344,343) (S 187,343,342) (S 580,736,176) (S 190,348,349) (D 0,0,0)
 0 1 13 167844 10220  17 (D 0,0,0) (S 185,340,179) (S 628,751,757) (S 612,372,36) (S 39,79,80) (S 88,79,171) (S 83,168,169) (S 86,169,167) (S 358,574,162) (S 77,162,161) (S 133,164,266) (S 136,265,268) (S 134,267,268) (S 150,288,289) (S 151,288,81) (S 153,81,169) (D 0,0,0)
 0 1 14 167815 5895  9 (D 0,0,0) (S 118,237,236) (S 567,502,49) (S 351,49,569) (S 462,570,237) (S 461,237,655) (S 464,655,656) (S 117,234,235) (D 0,0,0)
 0 1 15 167800 8799  12 (D 0,0,0) (S 453,233,397) (S 681,284,434) (S 251,434,435) (S 682,434,496) (S 260,444,295) (S 36,69,75) (S 33,72,71) (S 32,71,70) (S 147,278,273) (S 183,274,339) (D 0,0,0)
 0 1 16 167627 6509  13 (D 0,0,0) (S 438,631,401) (S 223,232,391) (S 566,502,348) (S 91,181,180) (S 180,178,338) (S 181,338,339) (S 146,117,258) (S 130,258,255) (S 128,255,256) (S 90,179,175) (S 92,175,177) (D 0,0,0)
 0 1 17 166600 8440  13 (D 0,0,0) (S 546,327,720) (S 173,329,328) (S 290,491,492) (S 541,492,282) (S 252,271,436) (S 144,282,284) (S 625,283,755) (S 626,755,723) (S 558,724,722) (S 554,722,101) (S 555,99,332) (D 0,0,0)
 0 1 18 167368 8605  14 (D 0,0,0) (S 319,529,532) (S 621,100,754) (S 618,754,286) (S 624,280,756) (S 623,756,755) (S 620,755,490) (S 308,490,515) (S 306,515,284) (S 256,438,439) (S 48,102,100) (S 46,98,83) (S 552,326,533) (D 0,0,0)
 0 1 19 167769 9326  13 (D 0,0,0) (S 292,338,494) (S 323,494,532) (S 175,332,285) (S 87,171,168) (S 249,168,432) (S 678,432,433) (S 157,298,263) (S 640,263,763) (S 658,763,777) (S 653,777,259) (S 137,270,159) (D 0,0,0)
 0 1 20 167509 7381  10 (D 0,0,0) (S 177,54,334) (S 547,329,520) (S 169,320,321) (S 543,321,323) (S 310,331,521) (S 549,521,721) (S 548,721,534) (S 320,324,534) (D 0,0,0)
 0 1 21 167641 8330  14 (D 0,0,0) (S 119,238,50) (S 561,725,726) (S 563,726,334) (S 41,84,83) (S 45,97,98) (S 556,96,517) (S 288,487,489) (S 307,517,516) (S 557,516,723) (S 47,100,101) (S 318,530,531) (S 322,533,535) (D 0,0,0)
 0 1 22 166871 7951  14 (D 0,0,0) (S 627,751,753) (S 53,108,106) (S 51,106,105) (S 52,107,103) (S 49,103,104) (S 50,103,105) (S 617,105,753) (S 616,753,752) (S 615,752,144) (S 576,145,733) (S 575,733,345) (S 369,93,582) (D 0,0,0)
 0 1 23 166712 8056  13 (D 0,0,0) (S 329,510,540) (S 336,543,314) (S 507,526,694) (S 502,688,56) (S 27,56,44) (S 19,44,48) (S 536,48,718) (S 526,706,708) (S 523,705,488) (S 553,519,328) (S 551,720,330) (D 0,0,0)
 0 1 24 167145 9956  14 (D 0,0,0) (S 40,81,82) (S 149,288,268) (S 152,268,292) (S 673,292,785) (S 672,785,413) (S 675,413,429) (S 674,163,429) (S 245,429,266) (S 79,164,161) (S 81,162,166) (S 82,166,167) (S 259,442,441) (D 0,0,0)
 0 1 25 167699 9644  17 (D 0,0,0) (S 23,58,48) (S 538,718,706) (S 537,706,719) (S 560,719,715) (S 539,719,272) (S 139,275,276) (S 533,276,715) (S 559,715,689) (S 534,715,707) (S 535,716,717) (S 524,707,706) (S 540,708,492) (S 289,491,490) (S 622,756,754) (S 619,722,96) (D 0,0,0)
 0 1 26 166216 7402  10 (D 0,0,0) (S 585,739,351) (S 54,110,109) (S 203,109,368) (S 603,368,749) (S 606,749,199) (S 196,198,360) (S 76,160,144) (S 69,144,145) (D 0,0,0)
 0 1 27 167414 7627  13 (D 0,0,0) (S 569,340,145) (S 610,258,751) (S 614,752,108) (S 613,108,370) (S 205,370,371) (S 68,142,141) (S 72,141,156) (S 605,156,749) (S 604,368,385) (S 192,352,353) (S 218,386,110) (D 0,0,0)
 0 1 28 164925 7379  15 (D 0,0,0) (S 43,92,93) (S 572,731,732) (S 608,732,111) (S 607,111,199) (S 103,199,198) (S 102,198,160) (S 204,142,369) (S 611,369,750) (S 609,750,372) (S 206,372,157) (S 75,157,156) (S 55,111,109) (S 210,110,93) (D 0,0,0)
 0 1 29 163329 7925  12 (D 0,0,0) (S 184,255,115) (S 58,116,117) (S 148,117,107) (S 141,107,274) (S 254,75,437) (S 253,437,438) (S 255,438,440) (S 257,440,74) (S 34,74,73) (S 35,73,71) (D 0,0,0)
 0 1 30 167766 9512  15 (D 0,0,0) (S 217,354,365) (S 596,359,741) (S 589,741,78) (S 592,741,742) (S 591,742,459) (S 291,458,457) (S 211,382,376) (S 208,376,377) (S 600,747,153) (S 235,151,411) (S 199,150,363) (S 213,384,364) (S 293,91,495) (D 0,0,0)
 0 1 31 167196 8759  14 (D 0,0,0) (S 154,294,293) (S 156,171,299) (S 155,297,298) (S 635,298,410) (S 636,410,759) (S 634,759,170) (S 85,170,37) (S 295,37,497) (S 15,37,36) (S 84,36,143) (S 73,143,157) (S 201,157,365) (D 0,0,0)
 0 1 32 167494 9825  16 (D 0,0,0) (S 182,180,178) (S 37,76,68) (S 250,433,261) (S 135,261,264) (S 638,763,762) (S 656,762,776) (S 652,779,778) (S 650,771,422) (S 654,422,774) (S 649,774,418) (S 648,418,775) (S 646,775,417) (S 239,417,66) (S 70,65,146) (D 0,0,0)
 0 1 33 165993 9593  29 (D 0,0,0) (S 489,551,309) (S 161,309,308) (S 479,541,125) (S 478,125,669) (S 482,669,251) (S 305,513,514) (S 167,316,317) (S 519,699,701) (S 516,701,702) (S 515,701,690) (S 520,691,684) (S 498,684,557) (S 343,557,555) (S 510,698,693) (S 500,687,683) (S 511,692,697) (S 508,697,682) (S 496,680,678) (S 492,678,679) (S 493,680,681) (S 494,682,677) (S 518,317,703) (S 517,703,700) (S 514,700,122) (S 477,524,669) (S 475,669,552) (S 338,552,551) (D 0,0,0)
 0 1 34 167407 8804  24 (D 0,0,0) (S 270,465,466) (S 330,509,543) (S 264,448,124) (S 62,124,121) (S 61,123,121) (S 60,121,122) (S 309,122,518) (S 495,518,676) (S 513,676,695) (S 509,695,523) (S 311,523,518) (S 312,522,525) (S 480,522,251) (S 126,252,30) (S 12,30,31) (S 13,31,32) (S 471,662,550) (S 337,549,542) (S 127,254,253) (S 484,253,506) (S 300,485,504) (S 271,468,133) (D 0,0,0)
 0 1 35 167475 7537  16 (D 0,0,0) (S 302,87,118) (S 491,674,675) (S 490,675,53) (S 129,257,182) (S 186,341,182) (S 93,182,181) (S 565,181,728) (S 568,727,729) (S 189,347,346) (S 581,346,737) (S 582,346,727) (S 564,727,728) (S 570,728,348) (S 298,501,502) (D 0,0,0)
 0 1 36 165905 6705  15 (D 0,0,0) (S 125,248,249) (S 468,249,119) (S 59,119,120) (S 325,536,248) (S 324,248,246) (S 124,246,247) (S 304,247,465) (S 303,507,300) (S 158,300,301) (S 467,505,630) (S 434,628,629) (S 435,630,480) (S 282,480,227) (D 0,0,0)
 0 1 37 167873 9628  13 (D 0,0,0) (S 328,448,493) (S 505,694,688) (S 506,688,556) (S 21,52,47) (S 17,41,42) (S 263,447,42) (S 296,47,498) (S 340,498,553) (S 341,318,52) (S 163,310,312) (S 265,449,312) (D 0,0,0)
 0 1 38 167795 8440  12 (D 0,0,0) (S 165,314,315) (S 166,315,313) (S 530,57,712) (S 529,712,713) (S 531,713,714) (S 532,712,709) (S 26,52,57) (S 22,57,56) (S 313,60,526) (S 314,526,314) (D 0,0,0)
 0 1 39 167756 9592  16 (D 0,0,0) (S 512,315,695) (S 497,683,684) (S 521,684,698) (S 339,555,310) (S 162,310,311) (S 342,556,52) (S 168,318,319) (S 528,710,711) (S 527,711,704) (S 522,704,499) (S 525,704,685) (S 499,685,686) (S 501,686,56) (S 164,313,312) (D 0,0,0)
 0 1 40 167776 9659  12 (D 0,0,0) (S 193,355,354) (S 246,150,430) (S 629,409,758) (S 664,781,782) (S 665,412,291) (S 236,412,262) (S 248,267,432) (S 679,433,297) (S 207,297,299) (S 31,69,68) (D 0,0,0)
 0 1 41 167816 9416  15 (D 0,0,0) (S 659,154,777) (S 651,777,776) (S 655,776,779) (S 660,779,764) (S 639,764,762) (S 641,769,770) (S 662,780,781) (S 663,781,264) (S 131,260,259) (S 632,270,430) (S 631,430,758) (S 630,409,37) (S 42,90,89) (D 0,0,0)
 0 1 42 167688 10076  14 (D 0,0,0) (S 212,383,379) (S 238,64,416) (S 647,67,417) (S 240,418,419) (S 670,775,416) (S 671,416,784) (S 669,784,148) (S 602,747,748) (S 601,747,381) (S 209,373,77) (S 38,77,78) (S 590,78,378) (D 0,0,0)
 0 1 43 167662 8261  14 (D 0,0,0) (S 584,738,386) (S 214,385,354) (S 200,364,158) (S 215,363,358) (S 195,358,359) (S 597,359,746) (S 599,384,746) (S 598,746,743) (S 593,743,744) (S 595,744,745) (S 594,743,364) (S 360,355,575) (D 0,0,0)
 0 1 44 167549 8975  9 (D 0,0,0) (S 657,155,776) (S 667,778,783) (S 668,783,147) (S 44,94,95) (S 71,147,155) (S 197,152,361) (S 216,91,356) (D 0,0,0)
 0 1 45 167639 7122  11 (D 0,0,0) (S 176,51,333) (S 25,53,61) (S 469,657,658) (S 470,657,63) (S 562,334,535) (S 172,326,327) (S 545,327,535) (S 321,535,324) (S 171,324,325) (D 0,0,0)
 0 1 46 167203 8837  9 (D 0,0,0) (S 234,299,410) (S 633,759,269) (S 138,269,270) (S 233,409,158) (S 74,158,150) (S 198,149,362) (S 194,356,357) (D 0,0,0)
 0 1 47 167863 10083  12 (D 0,0,0) (S 116,233,232) (S 680,444,169) (S 357,167,573) (S 676,431,265) (S 132,265,266) (S 677,265,785) (S 237,413,165) (S 80,165,163) (S 78,163,164) (S 247,161,431) (D 0,0,0)
 0 1 48 46970 1004  8 (D 0,0,0) (S 381,590,591) (S 382,592,590) (S 268,453,454) (S 267,452,453) (S 269,455,456) (S 266,450,451) (D 0,0,0)
 0 1 49 163976 2497  10 (D 0,0,0) (S 386,593,597) (S 385,593,594) (S 383,594,194) (S 100,194,193) (S 380,561,189) (S 379,189,588) (S 98,189,190) (S 99,190,192) (D 0,0,0)
 0 1 50 163818 6252  24 (D 0,0,0) (S 365,571,578) (S 366,572,581) (S 367,581,187) (S 368,187,580) (S 364,579,580) (S 372,580,184) (S 94,184,183) (S 377,567,174) (S 376,586,174) (S 89,173,174) (S 378,584,587) (S 375,584,585) (S 349,565,566) (S 350,565,568) (S 352,568,185) (S 354,185,139) (S 67,139,140) (S 374,140,186) (S 96,186,138) (S 66,138,137) (S 331,137,544) (S 348,560,23) (D 0,0,0)
 0 1 51 159403 6975  19 (D 0,0,0) (S 7,21,22) (S 97,187,188) (S 373,580,186) (S 95,186,185) (S 353,139,511) (S 344,511,559) (S 362,559,577) (S 391,577,114) (S 56,113,112) (S 583,575,738) (S 191,351,350) (S 588,740,350) (S 587,350,739) (S 586,739,582) (S 370,582,559) (S 347,511,544) (S 333,544,546) (D 0,0,0)
 0 1 52 167820 2896  11 (D 0,0,0) (S 355,24,571) (S 363,578,572) (S 356,572,24) (S 9,24,21) (S 8,21,23) (S 396,564,596) (S 393,605,208) (S 394,208,607) (S 405,607,594) (D 0,0,0)
 0 1 53 166805 6628  26 (D 0,0,0) (S 274,28,195) (S 463,655,598) (S 449,234,645) (S 451,645,647) (S 450,646,647) (S 458,647,651) (S 457,652,651) (S 456,651,650) (S 454,650,649) (S 459,654,653) (S 460,653,649) (S 455,650,645) (S 452,234,644) (S 448,644,599) (S 437,632,136) (S 65,136,132) (S 231,407,221) (S 111,221,222) (S 443,395,641) (S 445,641,640) (S 442,639,135) (S 441,135,637) (S 397,605,596) (S 384,194,595) (D 0,0,0)
 0 1 54 161268 5411  13 (D 0,0,0) (S 447,472,631) (S 465,621,478) (S 278,478,85) (S 279,478,128) (S 122,243,127) (S 280,242,128) (S 63,128,126) (S 466,126,244) (S 123,244,245) (S 301,86,463) (S 346,191,562) (D 0,0,0)
 0 1 55 167811 8837  14 (D 0,0,0) (S 297,239,500) (S 227,391,396) (S 28,61,62) (S 24,59,60) (S 29,60,58) (S 542,321,705) (S 503,685,689) (S 504,689,277) (S 140,277,172) (S 143,275,272) (S 142,271,282) (S 145,280,286) (D 0,0,0)
 0 1 56 164702 6459  15 (D 0,0,0) (S 359,577,576) (S 361,112,336) (S 179,336,337) (S 57,113,114) (S 392,114,604) (S 390,604,15) (S 4,14,15) (S 389,604,603) (S 5,16,17) (S 371,583,559) (S 335,512,545) (S 332,545,27) (S 10,25,26) (D 0,0,0)
