418733
57
314227
279269
 0 1 1 166756 4858  11 (D 0,0,0) (S 345,563,562) (S 423,624,625) (S 429,219,504) (S 300,504,485) (S 467,505,630) (S 434,628,629) (S 435,630,480) (S 282,480,227) (S 425,227,624) (D 0,0,0)
 0 1 2 166996 8921  23 (D 0,0,0) (S 272,132,472) (S 447,472,631) (S 565,728,181) (S 91,181,180) (S 292,338,494) (S 323,494,532) (S 554,101,722) (S 558,724,722) (S 619,722,96) (S 556,96,517) (S 307,517,516) (S 557,516,723) (S 541,492,282) (S 144,282,284) (S 306,284,515) (S 622,756,754) (S 47,100,101) (S 319,532,529) (S 318,530,531) (S 436,631,136) (S 437,136,632) (D 0,0,0)
 0 1 3 166453 5441  15 (D 0,0,0) (S 275,474,473) (S 273,473,132) (S 65,132,136) (S 438,631,401) (S 465,621,478) (S 278,478,85) (S 279,478,128) (S 122,243,127) (S 280,242,128) (S 63,128,126) (S 466,126,244) (S 123,244,245) (S 301,86,463) (D 0,0,0)
 0 1 4 167858 7658  12 (D 0,0,0) (S 564,728,727) (S 175,285,332) (S 555,332,99) (S 45,97,98) (S 46,98,83) (S 41,83,84) (S 552,326,533) (S 322,533,535) (S 177,334,54) (S 176,51,333) (D 0,0,0)
 0 1 5 153867 6464  11 (D 0,0,0) (S 387,601,398) (S 121,241,239) (S 120,239,240) (S 297,239,500) (S 190,348,349) (S 298,501,502) (S 567,502,49) (S 223,391,232) (S 274,195,28) (D 0,0,0)
 0 1 6 158761 4290  17 (D 0,0,0) (S 8,23,21) (S 7,21,22) (S 9,21,24) (S 356,24,572) (S 366,572,581) (S 367,581,187) (S 97,187,188) (S 368,187,580) (S 364,579,580) (S 373,580,186) (S 374,186,140) (S 380,561,189) (S 379,189,588) (S 98,189,190) (S 99,190,192) (D 0,0,0)
 0 1 7 46970 1004  8 (D 0,0,0) (S 266,450,451) (S 269,455,456) (S 267,452,453) (S 268,453,454) (S 381,590,591) (S 382,592,590) (D 0,0,0)
 0 1 8 167821 4714  15 (D 0,0,0) (S 383,594,194) (S 440,635,403) (S 430,223,131) (S 64,129,130) (S 113,224,225) (S 114,225,226) (S 299,503,7) (S 11,6,29) (S 2,9,10) (S 433,10,5) (S 432,5,40) (S 16,40,39) (S 112,38,223) (D 0,0,0)
 0 1 9 161663 4509  14 (D 0,0,0) (S 110,218,217) (S 420,619,477) (S 276,475,38) (S 286,38,476) (S 277,476,130) (S 283,130,224) (S 115,227,228) (S 284,227,481) (S 431,482,623) (S 424,624,402) (S 229,402,403) (S 398,446,612) (D 0,0,0)
 0 1 10 128728 5016  17 (D 0,0,0) (S 106,210,209) (S 406,613,204) (S 408,204,404) (S 230,404,218) (S 412,617,616) (S 411,616,211) (S 413,211,618) (S 107,211,212) (S 1,3,4) (S 285,484,4) (S 418,4,620) (S 287,483,486) (S 415,486,306) (S 160,306,307) (S 409,216,616) (D 0,0,0)
 0 1 11 130628 1840  8 (D 0,0,0) (S 346,562,191) (S 396,564,596) (S 397,596,605) (S 393,605,208) (S 394,208,607) (S 405,607,594) (D 0,0,0)
 0 1 12 160950 8866  23 (D 0,0,0) (S 271,133,468) (S 484,506,253) (S 127,253,254) (S 337,542,549) (S 471,550,662) (S 13,32,31) (S 12,31,30) (S 126,252,30) (S 480,251,522) (S 312,522,525) (S 305,513,514) (S 167,316,317) (S 518,317,703) (S 517,703,700) (S 514,700,122) (S 60,122,121) (S 61,123,121) (S 62,121,124) (S 489,309,551) (S 303,507,300) (S 158,300,301) (D 0,0,0)
 0 1 13 164606 5458  10 (D 0,0,0) (S 464,655,656) (S 461,655,237) (S 351,49,569) (S 118,236,237) (S 462,237,570) (S 353,511,139) (S 354,139,185) (S 67,139,140) (D 0,0,0)
 0 1 14 166976 7293  13 (D 0,0,0) (S 347,544,511) (S 344,511,559) (S 193,355,354) (S 201,365,157) (S 72,156,141) (S 68,141,142) (S 204,142,369) (S 205,370,371) (S 613,370,108) (S 614,108,752) (S 185,179,340) (D 0,0,0)
 0 1 15 161454 6649  14 (D 0,0,0) (S 580,176,736) (S 187,342,343) (S 188,343,344) (S 575,345,733) (S 578,734,735) (S 579,734,730) (S 571,730,344) (S 574,344,731) (S 573,731,93) (S 370,582,559) (S 334,546,547) (S 348,560,23) (D 0,0,0)
 0 1 16 167952 6038  22 (D 0,0,0) (S 10,25,26) (S 332,27,545) (S 335,545,512) (S 331,544,137) (S 66,137,138) (S 96,138,186) (S 95,186,185) (S 352,185,568) (S 349,565,566) (S 377,567,174) (S 89,173,174) (S 376,586,174) (S 378,584,587) (S 375,584,585) (S 350,565,568) (S 94,183,184) (S 372,184,580) (S 363,572,578) (S 365,578,571) (S 355,571,24) (D 0,0,0)
 0 1 17 164486 6307  19 (D 0,0,0) (S 101,196,197) (S 439,634,469) (S 449,234,645) (S 455,645,650) (S 454,650,649) (S 460,649,653) (S 459,654,653) (S 456,650,651) (S 457,652,651) (S 458,651,647) (S 450,646,647) (S 451,647,645) (S 117,234,235) (S 452,234,644) (S 448,644,599) (S 385,594,593) (S 386,593,597) (D 0,0,0)
 0 1 18 167249 4280  14 (D 0,0,0) (S 100,193,194) (S 444,635,642) (S 228,400,399) (S 428,394,625) (S 426,626,627) (S 427,626,625) (S 111,222,221) (S 231,407,221) (S 443,395,641) (S 442,639,135) (S 441,135,637) (S 384,194,595) (D 0,0,0)
 0 1 19 150743 3249  11 (D 0,0,0) (S 232,408,392) (S 224,392,390) (S 222,390,387) (S 219,387,201) (S 220,200,388) (S 221,388,389) (S 225,389,393) (S 399,408,203) (S 401,210,611) (D 0,0,0)
 0 1 20 164169 4022  18 (D 0,0,0) (S 400,210,203) (S 105,203,205) (S 104,202,203) (S 414,617,215) (S 109,215,216) (S 410,216,212) (S 108,212,213) (S 417,213,2) (S 416,2,619) (S 421,619,217) (S 422,217,405) (S 395,406,446) (S 403,612,206) (S 402,206,613) (S 404,614,615) (S 407,615,610) (D 0,0,0)
 0 1 21 167484 8033  16 (D 0,0,0) (S 445,640,641) (S 446,641,468) (S 330,509,543) (S 165,314,315) (S 507,694,526) (S 310,521,331) (S 169,320,321) (S 543,321,323) (S 544,323,58) (S 313,60,526) (S 314,526,314) (S 336,314,543) (S 481,543,538) (S 325,536,248) (D 0,0,0)
 0 1 22 167669 6508  14 (D 0,0,0) (S 25,53,61) (S 469,657,658) (S 470,657,63) (S 315,55,527) (S 316,528,527) (S 326,527,537) (S 59,120,119) (S 468,119,249) (S 125,249,248) (S 324,248,246) (S 124,246,247) (S 304,247,465) (D 0,0,0)
 0 1 23 162534 6449  12 (D 0,0,0) (S 6,18,19) (S 302,87,118) (S 491,674,675) (S 561,725,726) (S 563,726,334) (S 562,334,535) (S 321,535,324) (S 171,324,325) (S 320,324,534) (S 28,62,61) (D 0,0,0)
 0 1 24 167420 8665  13 (D 0,0,0) (S 550,59,721) (S 551,330,720) (S 173,329,328) (S 553,328,519) (S 288,487,489) (S 522,704,499) (S 531,714,713) (S 529,713,712) (S 530,712,57) (S 22,57,56) (S 463,655,598) (D 0,0,0)
 0 1 25 157786 5511  12 (D 0,0,0) (S 453,233,397) (S 227,391,396) (S 419,396,479) (S 281,479,45) (S 129,257,182) (S 186,341,182) (S 93,182,181) (S 570,728,348) (S 566,348,502) (S 116,232,233) (D 0,0,0)
 0 1 26 162075 8977  16 (D 0,0,0) (S 388,599,602) (S 20,49,50) (S 523,488,705) (S 537,706,719) (S 539,719,272) (S 140,277,172) (S 504,277,689) (S 559,689,715) (S 560,719,715) (S 533,715,276) (S 139,276,275) (S 143,275,272) (S 252,271,436) (S 142,271,282) (D 0,0,0)
 0 1 27 167353 9006  10 (D 0,0,0) (S 626,723,755) (S 625,755,283) (S 681,284,434) (S 251,434,435) (S 256,439,438) (S 253,438,437) (S 254,437,75) (S 36,75,69) (D 0,0,0)
 0 1 28 166074 7993  13 (D 0,0,0) (S 48,102,100) (S 621,100,754) (S 618,754,286) (S 255,438,440) (S 257,440,74) (S 34,74,73) (S 35,73,71) (S 33,72,71) (S 32,71,70) (S 147,278,273) (S 182,178,180) (D 0,0,0)
 0 1 29 163201 6540  12 (D 0,0,0) (S 92,177,175) (S 90,175,179) (S 128,256,255) (S 130,255,258) (S 146,258,117) (S 148,117,107) (S 141,107,274) (S 183,274,339) (S 181,339,338) (S 180,338,178) (D 0,0,0)
 0 1 30 167835 8251  13 (D 0,0,0) (S 317,494,278) (S 145,286,280) (S 624,280,756) (S 623,756,755) (S 620,755,490) (S 308,515,490) (S 289,490,491) (S 290,491,492) (S 540,492,708) (S 547,520,329) (S 546,720,327) (D 0,0,0)
 0 1 31 166912 7978  11 (D 0,0,0) (S 174,330,331) (S 170,322,323) (S 542,321,705) (S 526,708,706) (S 536,718,48) (S 19,48,44) (S 18,43,44) (S 23,48,58) (S 29,58,60) (D 0,0,0)
 0 1 32 167612 9338  21 (D 0,0,0) (S 338,551,552) (S 475,552,669) (S 477,669,524) (S 309,122,518) (S 311,518,523) (S 509,523,695) (S 494,677,682) (S 493,680,681) (S 492,678,679) (S 496,678,680) (S 508,682,697) (S 511,697,692) (S 502,688,56) (S 532,712,709) (S 168,318,319) (S 341,318,52) (S 26,52,57) (S 27,56,44) (S 24,60,59) (D 0,0,0)
 0 1 33 143045 6908  8 (D 0,0,0) (S 119,238,50) (S 178,46,335) (S 30,55,59) (S 549,521,721) (S 548,721,534) (S 490,53,675) (D 0,0,0)
 0 1 34 166841 9566  26 (D 0,0,0) (S 329,510,540) (S 161,308,309) (S 478,125,669) (S 482,669,251) (S 519,699,701) (S 516,701,702) (S 515,701,690) (S 520,691,684) (S 497,684,683) (S 500,683,687) (S 510,693,698) (S 521,698,684) (S 498,684,557) (S 343,557,555) (S 339,555,310) (S 162,310,311) (S 163,310,312) (S 265,449,312) (S 164,312,313) (S 166,313,315) (S 512,315,695) (S 513,695,676) (S 495,676,518) (S 264,124,448) (D 0,0,0)
 0 1 35 167190 8990  13 (D 0,0,0) (S 479,125,541) (S 328,448,493) (S 505,694,688) (S 501,56,686) (S 499,686,685) (S 503,685,689) (S 534,715,707) (S 524,707,706) (S 538,706,718) (S 172,326,327) (S 545,327,535) (D 0,0,0)
 0 1 36 167004 8393  13 (D 0,0,0) (S 226,396,238) (S 261,76,445) (S 294,294,443) (S 259,442,441) (S 258,441,293) (S 154,293,294) (S 31,69,68) (S 683,786,787) (S 685,787,68) (S 686,68,445) (S 684,445,278) (D 0,0,0)
 0 1 37 165884 9817  13 (D 0,0,0) (S 506,688,556) (S 342,556,52) (S 21,52,47) (S 263,447,42) (S 17,42,41) (S 296,47,498) (S 340,498,553) (S 528,710,711) (S 527,711,704) (S 525,704,685) (S 535,716,717) (D 0,0,0)
 0 1 38 167490 7508  15 (D 0,0,0) (S 487,253,548) (S 486,548,673) (S 485,673,671) (S 483,671,660) (S 14,33,34) (S 472,35,663) (S 476,663,670) (S 473,664,665) (S 474,666,668) (S 488,673,303) (S 159,305,304) (S 327,304,508) (S 270,466,465) (D 0,0,0)
 0 1 39 167372 9525  14 (D 0,0,0) (S 262,279,76) (S 37,76,68) (S 260,295,444) (S 680,444,169) (S 357,167,573) (S 153,169,81) (S 40,81,82) (S 151,81,288) (S 150,288,289) (S 134,268,267) (S 248,267,432) (S 87,168,171) (D 0,0,0)
 0 1 40 166770 9531  11 (D 0,0,0) (S 249,168,432) (S 678,432,433) (S 250,433,261) (S 135,261,264) (S 663,264,781) (S 662,780,781) (S 664,781,782) (S 236,412,262) (S 131,260,259) (D 0,0,0)
 0 1 41 167185 9515  16 (D 0,0,0) (S 634,170,759) (S 633,759,269) (S 653,259,777) (S 651,777,776) (S 656,776,762) (S 638,762,763) (S 640,763,263) (S 155,297,298) (S 234,410,299) (S 156,299,171) (S 88,171,79) (S 39,79,80) (S 85,170,37) (S 612,36,372) (D 0,0,0)
 0 1 42 166384 10052  13 (D 0,0,0) (S 207,299,297) (S 152,268,292) (S 672,785,413) (S 675,413,429) (S 674,163,429) (S 245,429,266) (S 133,266,164) (S 132,266,265) (S 136,265,268) (S 149,268,288) (S 682,496,434) (D 0,0,0)
 0 1 43 166631 10169  15 (D 0,0,0) (S 83,168,169) (S 358,574,162) (S 247,161,431) (S 676,431,265) (S 677,265,785) (S 237,413,165) (S 80,165,163) (S 78,163,164) (S 79,164,161) (S 77,161,162) (S 81,162,166) (S 82,166,167) (S 86,167,169) (D 0,0,0)
 0 1 44 167408 10213  13 (D 0,0,0) (S 668,147,783) (S 667,783,778) (S 660,779,764) (S 639,764,762) (S 641,769,770) (S 661,414,772) (S 242,424,425) (S 637,760,761) (S 645,761,420) (S 241,420,421) (S 670,775,416) (D 0,0,0)
 0 1 45 163027 11162  13 (D 0,0,0) (S 647,67,417) (S 643,772,426) (S 243,426,427) (S 644,773,12) (S 3,12,13) (S 244,12,428) (S 666,773,366) (S 202,366,287) (S 673,785,292) (S 665,291,412) (S 679,433,297) (D 0,0,0)
 0 1 46 167914 9645  15 (D 0,0,0) (S 333,546,544) (S 657,155,776) (S 655,776,779) (S 652,779,778) (S 642,771,766) (S 650,771,422) (S 654,422,774) (S 649,774,418) (S 240,418,419) (S 648,418,775) (S 646,775,417) (S 239,417,66) (S 70,65,146) (D 0,0,0)
 0 1 47 165712 8997  9 (D 0,0,0) (S 197,361,152) (S 235,151,411) (S 137,159,270) (S 632,270,430) (S 246,430,150) (S 199,150,363) (S 293,91,495) (D 0,0,0)
 0 1 48 166267 8224  18 (D 0,0,0) (S 599,384,746) (S 597,746,359) (S 596,359,741) (S 38,78,77) (S 209,77,373) (S 208,376,377) (S 211,382,376) (S 291,457,458) (S 591,459,742) (S 592,742,741) (S 589,741,78) (S 590,78,378) (S 215,358,363) (S 213,384,364) (S 194,356,357) (S 360,355,575) (D 0,0,0)
 0 1 49 166472 6447  13 (D 0,0,0) (S 391,577,114) (S 56,113,112) (S 361,112,336) (S 179,336,337) (S 57,113,114) (S 392,114,604) (S 4,14,15) (S 390,15,604) (S 389,604,603) (S 5,16,17) (S 371,583,559) (D 0,0,0)
 0 1 50 166877 8426  13 (D 0,0,0) (S 362,559,577) (S 583,575,738) (S 192,352,353) (S 216,356,91) (S 200,364,158) (S 630,409,37) (S 295,37,497) (S 15,37,36) (S 84,36,143) (S 73,143,157) (S 359,576,577) (D 0,0,0)
 0 1 51 164672 6782  13 (D 0,0,0) (S 369,582,93) (S 210,93,110) (S 54,110,109) (S 203,109,368) (S 604,368,385) (S 584,386,738) (S 587,739,350) (S 588,740,350) (S 191,350,351) (S 585,351,739) (S 586,739,582) (D 0,0,0)
 0 1 52 167013 7234  12 (D 0,0,0) (S 43,92,93) (S 55,109,111) (S 607,111,199) (S 606,749,199) (S 103,199,198) (S 196,198,360) (S 102,198,160) (S 76,160,144) (S 569,145,340) (S 568,729,727) (D 0,0,0)
 0 1 53 157312 7807  14 (D 0,0,0) (S 610,258,751) (S 628,751,757) (S 627,751,753) (S 617,753,105) (S 616,753,752) (S 53,108,106) (S 51,106,105) (S 50,105,103) (S 49,103,104) (S 52,103,107) (S 58,117,116) (S 184,115,255) (D 0,0,0)
 0 1 54 167138 8997  13 (D 0,0,0) (S 572,731,732) (S 608,732,111) (S 233,158,409) (S 629,409,758) (S 631,758,430) (S 138,270,269) (S 636,759,410) (S 635,410,298) (S 157,298,263) (S 658,763,777) (S 659,777,154) (D 0,0,0)
 0 1 55 165232 8969  11 (D 0,0,0) (S 212,383,379) (S 601,381,747) (S 602,747,748) (S 600,747,153) (S 71,155,147) (S 669,148,784) (S 671,784,416) (S 238,416,64) (S 44,94,95) (D 0,0,0)
 0 1 56 164907 7922  12 (D 0,0,0) (S 214,385,354) (S 42,89,90) (S 74,158,150) (S 198,149,362) (S 195,358,359) (S 598,746,743) (S 595,744,745) (S 593,744,743) (S 594,743,364) (S 217,365,354) (D 0,0,0)
 0 1 57 165584 7808  16 (D 0,0,0) (S 218,110,386) (S 603,368,749) (S 605,749,156) (S 75,156,157) (S 206,157,372) (S 609,372,750) (S 611,750,369) (S 615,752,144) (S 69,144,145) (S 576,145,733) (S 577,734,342) (S 189,347,346) (S 581,346,737) (S 582,346,727) (D 0,0,0)
