419841
57
310577
268809
 0 1 1 46970 1004  8 (D 0,0,0) (S 269,455,456) (S 268,453,454) (S 267,452,453) (S 266,450,451) (S 381,590,591) (S 382,592,590) (D 0,0,0)
 0 1 2 167897 10255  29 (D 0,0,0) (S 62,124,121) (S 61,123,121) (S 60,121,122) (S 517,700,703) (S 519,699,701) (S 516,701,702) (S 515,701,690) (S 520,691,684) (S 497,684,683) (S 496,678,680) (S 493,680,681) (S 492,678,679) (S 500,683,687) (S 510,693,698) (S 521,698,684) (S 498,684,557) (S 343,557,555) (S 339,555,310) (S 162,310,311) (S 163,310,312) (S 265,449,312) (S 511,692,697) (S 508,697,682) (S 494,682,677) (S 509,695,523) (S 328,493,448) (S 329,540,510) (D 0,0,0)
 0 1 3 160880 7505  13 (D 0,0,0) (S 487,253,548) (S 486,548,673) (S 485,673,671) (S 483,671,660) (S 474,666,668) (S 473,665,664) (S 472,663,35) (S 14,33,34) (S 476,663,670) (S 488,673,303) (S 159,305,304) (D 0,0,0)
 0 1 4 163675 6392  12 (D 0,0,0) (S 419,396,479) (S 178,46,335) (S 177,54,334) (S 563,334,726) (S 561,726,725) (S 28,62,61) (S 490,53,675) (S 491,675,674) (S 302,118,87) (S 393,605,208) (D 0,0,0)
 0 1 5 167091 3665  14 (D 0,0,0) (S 394,607,208) (S 403,206,612) (S 398,612,446) (S 395,446,406) (S 422,405,217) (S 416,619,2) (S 417,2,213) (S 109,216,215) (S 414,215,617) (S 104,202,203) (S 105,203,205) (S 400,203,210) (D 0,0,0)
 0 1 6 164006 4789  19 (D 0,0,0) (S 401,611,210) (S 412,617,616) (S 411,616,211) (S 413,211,618) (S 108,212,213) (S 160,306,307) (S 415,306,486) (S 287,486,483) (S 418,4,620) (S 420,477,619) (S 421,619,217) (S 110,217,218) (S 230,218,404) (S 408,404,204) (S 406,204,613) (S 106,209,210) (S 345,562,563) (D 0,0,0)
 0 1 7 165336 2791  11 (D 0,0,0) (S 99,192,190) (S 98,190,189) (S 379,189,588) (S 380,189,561) (S 100,193,194) (S 384,194,595) (S 383,194,594) (S 385,594,593) (S 386,593,597) (D 0,0,0)
 0 1 8 138560 4549  14 (D 0,0,0) (S 405,594,607) (S 407,610,615) (S 404,614,615) (S 402,613,206) (S 112,223,38) (S 286,38,476) (S 277,476,130) (S 284,481,227) (S 115,227,228) (S 425,227,624) (S 424,624,402) (S 229,402,403) (D 0,0,0)
 0 1 9 148609 5089  16 (D 0,0,0) (S 346,562,191) (S 463,598,655) (S 464,655,656) (S 461,655,237) (S 118,237,236) (S 226,238,396) (S 223,391,232) (S 120,239,240) (S 297,239,500) (S 121,239,241) (S 447,631,472) (S 273,132,473) (S 275,473,474) (S 274,195,28) (D 0,0,0)
 0 1 10 165051 4996  15 (D 0,0,0) (S 441,637,135) (S 442,135,639) (S 445,640,641) (S 443,641,395) (S 429,219,504) (S 300,504,485) (S 467,505,630) (S 434,628,629) (S 435,630,480) (S 282,480,227) (S 431,482,623) (S 430,131,223) (S 440,403,635) (D 0,0,0)
 0 1 11 161958 3683  13 (D 0,0,0) (S 399,203,408) (S 232,408,392) (S 224,392,390) (S 222,390,387) (S 219,387,201) (S 220,200,388) (S 221,388,389) (S 225,389,393) (S 107,211,212) (S 410,212,216) (S 409,216,616) (D 0,0,0)
 0 1 12 167115 4857  15 (D 0,0,0) (S 1,3,4) (S 285,4,484) (S 276,475,38) (S 16,39,40) (S 432,40,5) (S 433,5,10) (S 2,10,9) (S 11,6,29) (S 299,503,7) (S 114,226,225) (S 113,225,224) (S 283,224,130) (S 64,130,129) (D 0,0,0)
 0 1 13 165706 8805  15 (D 0,0,0) (S 551,330,720) (S 169,320,321) (S 542,321,705) (S 524,706,707) (S 534,707,715) (S 559,715,689) (S 504,689,277) (S 140,277,172) (S 143,275,272) (S 539,272,719) (S 537,719,706) (S 538,706,718) (S 536,718,48) (D 0,0,0)
 0 1 14 163873 5087  13 (D 0,0,0) (S 65,132,136) (S 436,136,631) (S 438,631,401) (S 278,478,85) (S 279,478,128) (S 63,128,126) (S 466,126,244) (S 123,244,245) (S 301,86,463) (S 6,19,18) (S 272,472,132) (D 0,0,0)
 0 1 15 165962 5235  9 (D 0,0,0) (S 387,601,398) (S 465,621,478) (S 280,128,242) (S 122,243,127) (S 281,479,45) (S 351,49,569) (S 462,570,237) (D 0,0,0)
 0 1 16 167313 6473  13 (D 0,0,0) (S 437,632,136) (S 119,238,50) (S 129,257,182) (S 186,341,182) (S 93,182,181) (S 570,728,348) (S 190,348,349) (S 566,348,502) (S 298,501,502) (S 567,502,49) (S 453,397,233) (D 0,0,0)
 0 1 17 159197 8683  20 (D 0,0,0) (S 101,196,197) (S 271,133,468) (S 158,300,301) (S 303,300,507) (S 337,542,549) (S 471,550,662) (S 13,32,31) (S 12,31,30) (S 126,252,30) (S 305,513,514) (S 514,122,700) (S 518,703,317) (S 167,317,316) (S 312,522,525) (S 480,522,251) (S 482,251,669) (S 478,669,125) (S 489,309,551) (D 0,0,0)
 0 1 18 163568 4670  19 (D 0,0,0) (S 8,23,21) (S 7,21,22) (S 9,21,24) (S 355,24,571) (S 365,571,578) (S 363,578,572) (S 366,572,581) (S 367,581,187) (S 97,187,188) (S 368,187,580) (S 364,579,580) (S 373,580,186) (S 95,186,185) (S 353,139,511) (S 335,512,545) (S 332,545,27) (S 10,25,26) (D 0,0,0)
 0 1 19 120767 5773  20 (D 0,0,0) (S 348,23,560) (S 331,544,137) (S 66,137,138) (S 96,138,186) (S 374,186,140) (S 67,140,139) (S 354,139,185) (S 352,185,568) (S 350,568,565) (S 349,565,566) (S 377,567,174) (S 89,173,174) (S 376,586,174) (S 375,584,585) (S 378,584,587) (S 94,183,184) (S 372,184,580) (S 356,572,24) (D 0,0,0)
 0 1 20 162024 8615  14 (D 0,0,0) (S 545,535,327) (S 173,329,328) (S 46,83,98) (S 45,97,98) (S 621,100,754) (S 618,754,286) (S 624,280,756) (S 622,756,754) (S 555,99,332) (S 175,332,285) (S 147,273,278) (S 317,278,494) (D 0,0,0)
 0 1 21 163955 4072  11 (D 0,0,0) (S 444,635,642) (S 446,641,468) (S 231,407,221) (S 111,221,222) (S 423,625,624) (S 426,626,627) (S 427,626,625) (S 428,625,394) (S 228,399,400) (D 0,0,0)
 0 1 22 166581 9975  18 (D 0,0,0) (S 334,547,546) (S 213,364,384) (S 212,383,379) (S 208,376,377) (S 211,382,376) (S 657,155,776) (S 655,776,779) (S 660,779,764) (S 662,780,781) (S 664,782,781) (S 663,781,264) (S 135,264,261) (S 250,261,433) (S 249,432,168) (S 87,168,171) (S 182,178,180) (D 0,0,0)
 0 1 23 166973 10459  18 (D 0,0,0) (S 154,294,293) (S 86,169,167) (S 82,167,166) (S 81,166,162) (S 77,162,161) (S 79,161,164) (S 133,266,164) (S 78,164,163) (S 80,163,165) (S 237,165,413) (S 673,785,292) (S 152,292,268) (S 136,268,265) (S 247,431,161) (S 358,162,574) (S 31,69,68) (D 0,0,0)
 0 1 24 156610 8025  10 (D 0,0,0) (S 24,59,60) (S 29,60,58) (S 27,44,56) (S 22,56,57) (S 26,57,52) (S 506,556,688) (S 505,688,694) (S 507,694,526) (D 0,0,0)
 0 1 25 167396 7630  14 (D 0,0,0) (S 370,559,582) (S 575,345,733) (S 576,733,145) (S 614,752,108) (S 205,370,371) (S 613,370,108) (S 53,108,106) (S 51,106,105) (S 617,105,753) (S 616,753,752) (S 615,752,144) (S 569,145,340) (D 0,0,0)
 0 1 26 167569 8047  10 (D 0,0,0) (S 262,279,76) (S 261,76,445) (S 254,75,437) (S 253,437,438) (S 256,438,439) (S 255,438,440) (S 257,440,74) (S 34,74,73) (D 0,0,0)
 0 1 27 167311 8202  15 (D 0,0,0) (S 684,278,445) (S 686,445,68) (S 683,786,787) (S 685,787,68) (S 36,69,75) (S 35,73,71) (S 33,72,71) (S 32,71,70) (S 48,102,100) (S 47,100,101) (S 319,532,529) (S 318,530,531) (S 321,535,324) (D 0,0,0)
 0 1 28 166200 7512  13 (D 0,0,0) (S 603,368,749) (S 605,749,156) (S 72,156,141) (S 68,141,142) (S 204,142,369) (S 611,369,750) (S 609,750,372) (S 612,36,372) (S 206,372,157) (S 201,157,365) (S 360,355,575) (D 0,0,0)
 0 1 29 162616 8623  15 (D 0,0,0) (S 91,181,180) (S 623,756,755) (S 620,755,490) (S 308,490,515) (S 306,515,284) (S 252,271,436) (S 142,271,282) (S 541,282,492) (S 290,492,491) (S 307,516,517) (S 556,517,96) (S 172,326,327) (S 176,51,333) (D 0,0,0)
 0 1 30 167211 9106  10 (D 0,0,0) (S 37,76,68) (S 294,294,443) (S 258,441,293) (S 260,295,444) (S 682,496,434) (S 251,434,435) (S 681,434,284) (S 145,280,286) (D 0,0,0)
 0 1 31 134918 5686  18 (D 0,0,0) (S 396,564,596) (S 397,596,605) (S 439,634,469) (S 448,599,644) (S 455,645,650) (S 460,649,653) (S 459,654,653) (S 454,649,650) (S 456,650,651) (S 457,652,651) (S 458,651,647) (S 450,646,647) (S 451,647,645) (S 449,645,234) (S 117,234,235) (S 452,234,644) (D 0,0,0)
 0 1 32 164229 8987  15 (D 0,0,0) (S 535,716,717) (S 525,685,704) (S 522,704,499) (S 527,704,711) (S 528,711,710) (S 532,709,712) (S 531,713,714) (S 529,713,712) (S 530,712,57) (S 502,56,688) (S 166,313,315) (S 165,315,314) (S 330,543,509) (D 0,0,0)
 0 1 33 166108 7359  15 (D 0,0,0) (S 484,506,253) (S 127,253,254) (S 327,304,508) (S 338,551,552) (S 475,552,669) (S 477,669,524) (S 311,518,523) (S 314,314,526) (S 313,526,60) (S 310,331,521) (S 549,521,721) (S 548,721,534) (S 20,50,49) (D 0,0,0)
 0 1 34 166729 8071  16 (D 0,0,0) (S 388,599,602) (S 292,338,494) (S 323,494,532) (S 554,101,722) (S 558,722,724) (S 557,723,516) (S 288,487,489) (S 523,488,705) (S 543,321,323) (S 544,323,58) (S 170,323,322) (S 174,331,330) (S 550,721,59) (S 30,59,55) (D 0,0,0)
 0 1 35 163550 6606  12 (D 0,0,0) (S 573,93,731) (S 574,731,344) (S 571,344,730) (S 579,730,734) (S 578,734,735) (S 188,344,343) (S 187,343,342) (S 568,729,727) (S 564,727,728) (S 116,232,233) (D 0,0,0)
 0 1 36 166910 10089  18 (D 0,0,0) (S 21,52,47) (S 263,447,42) (S 17,42,41) (S 296,47,498) (S 340,498,553) (S 168,318,319) (S 341,318,52) (S 342,52,556) (S 164,312,313) (S 512,315,695) (S 513,695,676) (S 495,676,518) (S 309,518,122) (S 264,124,448) (S 479,541,125) (S 161,309,308) (D 0,0,0)
 0 1 37 164506 8755  15 (D 0,0,0) (S 41,84,83) (S 619,96,722) (S 289,490,491) (S 540,492,708) (S 526,708,706) (S 18,43,44) (S 19,44,48) (S 23,48,58) (S 336,314,543) (S 481,543,538) (S 325,536,248) (S 324,248,246) (S 270,466,465) (D 0,0,0)
 0 1 38 165639 6508  13 (D 0,0,0) (S 25,53,61) (S 469,657,658) (S 470,657,63) (S 315,55,527) (S 316,528,527) (S 326,527,537) (S 59,120,119) (S 468,119,249) (S 125,249,248) (S 124,246,247) (S 304,247,465) (D 0,0,0)
 0 1 39 165828 7664  16 (D 0,0,0) (S 582,727,346) (S 581,346,737) (S 189,346,347) (S 610,258,751) (S 628,751,757) (S 627,751,753) (S 50,105,103) (S 49,103,104) (S 52,103,107) (S 58,117,116) (S 184,115,255) (S 90,179,175) (S 92,175,177) (S 227,396,391) (D 0,0,0)
 0 1 40 167751 8947  12 (D 0,0,0) (S 501,56,686) (S 499,686,685) (S 503,685,689) (S 560,719,715) (S 533,715,276) (S 139,276,275) (S 144,282,284) (S 625,283,755) (S 626,755,723) (S 322,533,535) (D 0,0,0)
 0 1 41 164364 7214  9 (D 0,0,0) (S 562,334,535) (S 552,533,326) (S 553,328,519) (S 547,520,329) (S 546,720,327) (S 171,324,325) (S 320,324,534) (D 0,0,0)
 0 1 42 167955 6508  12 (D 0,0,0) (S 565,728,181) (S 180,178,338) (S 181,338,339) (S 183,339,274) (S 141,274,107) (S 148,107,117) (S 146,117,258) (S 130,258,255) (S 128,255,256) (S 185,179,340) (D 0,0,0)
 0 1 43 166497 9616  16 (D 0,0,0) (S 344,511,559) (S 238,64,416) (S 670,416,775) (S 648,775,418) (S 240,418,419) (S 649,418,774) (S 654,774,422) (S 650,422,771) (S 652,778,779) (S 656,776,762) (S 651,776,777) (S 653,777,259) (S 631,430,758) (S 629,758,409) (D 0,0,0)
 0 1 44 167902 8409  15 (D 0,0,0) (S 333,546,544) (S 215,363,358) (S 235,151,411) (S 197,152,361) (S 590,378,78) (S 38,78,77) (S 209,77,373) (S 291,457,458) (S 591,459,742) (S 592,742,741) (S 596,741,359) (S 599,746,384) (S 214,354,385) (D 0,0,0)
 0 1 45 166352 7153  12 (D 0,0,0) (S 580,176,736) (S 577,342,734) (S 69,145,144) (S 76,144,160) (S 102,160,198) (S 196,198,360) (S 607,199,111) (S 54,109,110) (S 43,92,93) (S 369,93,582) (D 0,0,0)
 0 1 46 167980 9051  11 (D 0,0,0) (S 361,336,112) (S 589,741,78) (S 601,381,747) (S 602,747,748) (S 600,747,153) (S 71,155,147) (S 668,147,783) (S 667,783,778) (S 137,270,159) (D 0,0,0)
 0 1 47 167986 7944  14 (D 0,0,0) (S 210,93,110) (S 218,110,386) (S 192,352,353) (S 604,385,368) (S 606,749,199) (S 608,111,732) (S 55,111,109) (S 203,109,368) (S 584,386,738) (S 191,351,350) (S 588,740,350) (S 587,350,739) (D 0,0,0)
 0 1 48 165005 6537  13 (D 0,0,0) (S 359,577,576) (S 179,336,337) (S 57,113,114) (S 391,114,577) (S 362,577,559) (S 371,559,583) (S 5,16,17) (S 389,603,604) (S 390,604,15) (S 4,14,15) (S 392,604,114) (D 0,0,0)
 0 1 49 167500 7901  12 (D 0,0,0) (S 217,354,365) (S 200,364,158) (S 74,158,150) (S 198,149,362) (S 195,358,359) (S 597,359,746) (S 598,746,743) (S 593,743,744) (S 595,744,745) (S 594,743,364) (D 0,0,0)
 0 1 50 163995 7775  10 (D 0,0,0) (S 586,582,739) (S 585,739,351) (S 583,738,575) (S 193,355,354) (S 293,91,495) (S 216,91,356) (S 194,356,357) (S 56,112,113) (D 0,0,0)
 0 1 51 167796 10480  15 (D 0,0,0) (S 647,67,417) (S 646,417,775) (S 241,420,421) (S 645,420,761) (S 637,760,761) (S 242,424,425) (S 243,426,427) (S 643,426,772) (S 661,772,414) (S 641,770,769) (S 639,764,762) (S 638,762,763) (S 138,269,270) (D 0,0,0)
 0 1 52 166973 8977  14 (D 0,0,0) (S 634,170,759) (S 633,759,269) (S 131,259,260) (S 157,263,298) (S 207,297,299) (S 156,299,171) (S 88,171,79) (S 39,79,80) (S 85,170,37) (S 84,36,143) (S 42,90,89) (S 347,511,544) (D 0,0,0)
 0 1 53 164678 9679  10 (D 0,0,0) (S 44,94,95) (S 669,148,784) (S 671,784,416) (S 239,417,66) (S 70,65,146) (S 632,270,430) (S 246,430,150) (S 199,150,363) (D 0,0,0)
 0 1 54 167373 9699  10 (D 0,0,0) (S 357,167,573) (S 676,431,265) (S 677,265,785) (S 672,785,413) (S 675,413,429) (S 674,163,429) (S 245,429,266) (S 132,266,265) (D 0,0,0)
 0 1 55 166493 9769  14 (D 0,0,0) (S 259,441,442) (S 680,444,169) (S 40,81,82) (S 151,81,288) (S 134,268,267) (S 248,267,432) (S 678,432,433) (S 679,433,297) (S 635,298,410) (S 295,37,497) (S 630,37,409) (S 233,409,158) (D 0,0,0)
 0 1 56 167238 9126  13 (D 0,0,0) (S 659,154,777) (S 658,777,763) (S 640,763,263) (S 155,298,297) (S 234,299,410) (S 636,410,759) (S 15,37,36) (S 73,143,157) (S 75,157,156) (S 103,198,199) (S 572,732,731) (D 0,0,0)
 0 1 57 166137 10764  14 (D 0,0,0) (S 642,771,766) (S 644,773,12) (S 244,12,428) (S 3,12,13) (S 666,773,366) (S 202,366,287) (S 665,291,412) (S 236,412,262) (S 149,268,288) (S 150,288,289) (S 153,81,169) (S 83,169,168) (D 0,0,0)
