420184
57
309596
303433
 0 1 1 156286 2408  9 (D 0,0,0) (S 345,563,562) (S 386,593,597) (S 385,593,594) (S 394,607,208) (S 393,208,605) (S 397,605,596) (S 396,596,564) (D 0,0,0)
 0 1 2 142586 5129  13 (D 0,0,0) (S 100,193,194) (S 387,601,398) (S 453,397,233) (S 116,233,232) (S 223,232,391) (S 119,238,50) (S 20,50,49) (S 118,236,237) (S 464,655,656) (S 463,655,598) (S 274,195,28) (D 0,0,0)
 0 1 3 155881 2899  11 (D 0,0,0) (S 8,23,21) (S 355,24,571) (S 365,571,578) (S 363,578,572) (S 356,572,24) (S 9,24,21) (S 7,21,22) (S 380,561,189) (S 98,189,190) (D 0,0,0)
 0 1 4 155247 6921  24 (D 0,0,0) (S 99,192,190) (S 379,189,588) (S 366,572,581) (S 367,581,187) (S 97,187,188) (S 368,187,580) (S 352,185,568) (S 350,568,565) (S 375,584,585) (S 378,584,587) (S 377,567,174) (S 89,173,174) (S 376,586,174) (S 349,565,566) (S 94,183,184) (S 372,184,580) (S 364,579,580) (S 373,580,186) (S 96,186,138) (S 66,138,137) (S 10,25,26) (S 346,191,562) (D 0,0,0)
 0 1 5 161037 3811  11 (D 0,0,0) (S 383,594,194) (S 444,635,642) (S 228,400,399) (S 428,394,625) (S 427,625,626) (S 426,626,627) (S 429,219,504) (S 6,19,18) (S 275,473,474) (D 0,0,0)
 0 1 6 161347 4942  11 (D 0,0,0) (S 437,632,136) (S 436,136,631) (S 438,631,401) (S 465,621,478) (S 279,478,128) (S 63,128,126) (S 466,126,244) (S 123,244,245) (S 301,86,463) (D 0,0,0)
 0 1 7 166175 4511  15 (D 0,0,0) (S 440,635,403) (S 229,403,402) (S 424,402,624) (S 431,623,482) (S 284,481,227) (S 115,227,228) (S 425,227,624) (S 423,624,625) (S 111,222,221) (S 231,407,221) (S 443,395,641) (S 446,641,468) (S 271,468,133) (D 0,0,0)
 0 1 8 158972 6297  14 (D 0,0,0) (S 227,391,396) (S 226,396,238) (S 570,348,728) (S 568,727,729) (S 187,342,343) (S 188,343,344) (S 574,344,731) (S 369,93,582) (S 370,582,559) (S 353,511,139) (S 67,139,140) (S 333,544,546) (D 0,0,0)
 0 1 9 166676 6447  14 (D 0,0,0) (S 334,547,546) (S 391,577,114) (S 57,114,113) (S 179,337,336) (S 361,336,112) (S 56,112,113) (S 392,114,604) (S 4,14,15) (S 390,15,604) (S 389,604,603) (S 5,16,17) (S 371,583,559) (D 0,0,0)
 0 1 10 167111 5914  11 (D 0,0,0) (S 121,241,239) (S 120,239,240) (S 297,239,500) (S 419,396,479) (S 281,479,45) (S 129,257,182) (S 186,341,182) (S 93,182,181) (S 566,348,502) (D 0,0,0)
 0 1 11 108626 5665  17 (D 0,0,0) (S 452,644,234) (S 117,234,235) (S 449,234,645) (S 451,645,647) (S 450,646,647) (S 458,647,651) (S 457,652,651) (S 456,651,650) (S 454,650,649) (S 459,654,653) (S 460,653,649) (S 455,650,645) (S 448,644,599) (S 439,469,634) (S 101,197,196) (D 0,0,0)
 0 1 12 163587 4729  16 (D 0,0,0) (S 403,206,612) (S 398,612,446) (S 430,223,131) (S 64,129,130) (S 113,224,225) (S 114,225,226) (S 299,503,7) (S 11,6,29) (S 2,9,10) (S 433,10,5) (S 432,5,40) (S 16,40,39) (S 276,38,475) (S 421,619,217) (D 0,0,0)
 0 1 13 154757 3457  13 (D 0,0,0) (S 105,203,205) (S 104,202,203) (S 399,203,408) (S 225,389,393) (S 221,389,388) (S 220,388,200) (S 219,201,387) (S 222,387,390) (S 224,390,392) (S 232,392,408) (S 400,203,210) (D 0,0,0)
 0 1 14 167055 5547  18 (D 0,0,0) (S 401,611,210) (S 106,210,209) (S 402,613,206) (S 112,223,38) (S 286,38,476) (S 277,476,130) (S 283,130,224) (S 282,227,480) (S 435,480,630) (S 434,628,629) (S 467,630,505) (S 300,485,504) (S 445,641,640) (S 442,639,135) (S 441,135,637) (S 384,194,595) (D 0,0,0)
 0 1 15 159710 4823  18 (D 0,0,0) (S 405,594,607) (S 407,610,615) (S 404,614,615) (S 406,613,204) (S 408,204,404) (S 230,404,218) (S 110,218,217) (S 420,619,477) (S 285,484,4) (S 418,4,620) (S 1,3,4) (S 287,483,486) (S 415,486,306) (S 160,306,307) (S 410,212,216) (S 412,616,617) (D 0,0,0)
 0 1 16 162656 3953  13 (D 0,0,0) (S 414,617,215) (S 109,215,216) (S 409,216,616) (S 411,616,211) (S 413,211,618) (S 107,211,212) (S 108,212,213) (S 417,213,2) (S 416,2,619) (S 422,217,405) (S 395,406,446) (D 0,0,0)
 0 1 17 46970 1004  8 (D 0,0,0) (S 266,450,451) (S 267,452,453) (S 268,453,454) (S 269,455,456) (S 381,590,591) (S 382,592,590) (D 0,0,0)
 0 1 18 165898 10532  15 (D 0,0,0) (S 653,259,777) (S 658,777,763) (S 644,773,12) (S 244,12,428) (S 3,12,13) (S 202,287,366) (S 666,366,773) (S 243,426,427) (S 643,426,772) (S 661,772,414) (S 641,770,769) (S 642,766,771) (S 212,379,383) (D 0,0,0)
 0 1 19 167108 8984  11 (D 0,0,0) (S 600,747,153) (S 657,155,776) (S 655,776,779) (S 652,779,778) (S 667,778,783) (S 668,783,147) (S 44,94,95) (S 71,147,155) (S 209,373,77) (D 0,0,0)
 0 1 20 167801 10033  10 (D 0,0,0) (S 669,148,784) (S 238,416,64) (S 647,67,417) (S 646,417,775) (S 648,775,418) (S 240,418,419) (S 239,417,66) (S 70,65,146) (D 0,0,0)
 0 1 21 166971 9439  14 (D 0,0,0) (S 347,544,511) (S 632,430,270) (S 131,259,260) (S 135,264,261) (S 663,264,781) (S 664,782,781) (S 662,781,780) (S 656,762,776) (S 651,776,777) (S 659,777,154) (S 197,152,361) (S 590,78,378) (D 0,0,0)
 0 1 22 167635 8627  11 (D 0,0,0) (S 217,354,365) (S 213,364,384) (S 215,363,358) (S 198,362,149) (S 138,270,269) (S 633,759,269) (S 137,270,159) (S 235,151,411) (S 74,150,158) (D 0,0,0)
 0 1 23 162260 7563  12 (D 0,0,0) (S 201,365,157) (S 206,157,372) (S 84,36,143) (S 73,143,157) (S 68,141,142) (S 72,141,156) (S 606,749,199) (S 608,111,732) (S 572,732,731) (S 573,731,93) (D 0,0,0)
 0 1 24 167116 8508  12 (D 0,0,0) (S 571,344,730) (S 613,108,370) (S 205,370,371) (S 612,372,36) (S 629,409,758) (S 631,758,430) (S 246,430,150) (S 199,150,363) (S 599,384,746) (S 594,743,364) (D 0,0,0)
 0 1 25 165527 7866  13 (D 0,0,0) (S 584,738,386) (S 604,385,368) (S 603,368,749) (S 605,749,156) (S 75,156,157) (S 42,90,89) (S 293,91,495) (S 216,91,356) (S 194,356,357) (S 359,576,577) (S 362,577,559) (D 0,0,0)
 0 1 26 167363 8040  15 (D 0,0,0) (S 54,110,109) (S 102,198,160) (S 204,142,369) (S 611,369,750) (S 609,750,372) (S 15,36,37) (S 295,37,497) (S 630,37,409) (S 233,409,158) (S 200,158,364) (S 344,559,511) (S 335,512,545) (S 332,545,27) (D 0,0,0)
 0 1 27 167251 7458  16 (D 0,0,0) (S 331,544,137) (S 374,140,186) (S 95,186,185) (S 354,185,139) (S 43,92,93) (S 210,93,110) (S 203,109,368) (S 214,385,354) (S 193,354,355) (S 360,355,575) (S 583,575,738) (S 191,351,350) (S 588,740,350) (S 587,350,739) (D 0,0,0)
 0 1 28 167296 9341  20 (D 0,0,0) (S 218,110,386) (S 192,352,353) (S 593,743,744) (S 595,744,745) (S 598,743,746) (S 597,746,359) (S 596,359,741) (S 592,741,742) (S 591,742,459) (S 291,458,457) (S 208,376,377) (S 211,382,376) (S 602,747,748) (S 601,747,381) (S 38,77,78) (S 589,78,741) (S 195,359,358) (S 348,560,23) (D 0,0,0)
 0 1 29 161650 10226  16 (D 0,0,0) (S 85,37,170) (S 39,79,80) (S 88,79,171) (S 87,171,168) (S 248,432,267) (S 134,267,268) (S 152,268,292) (S 673,292,785) (S 672,785,413) (S 237,413,165) (S 80,165,163) (S 78,163,164) (S 79,164,161) (S 182,178,180) (D 0,0,0)
 0 1 30 166347 7692  13 (D 0,0,0) (S 91,181,180) (S 180,178,338) (S 141,274,107) (S 146,117,258) (S 76,144,160) (S 196,198,360) (S 103,198,199) (S 607,199,111) (S 55,111,109) (S 585,351,739) (S 586,739,582) (D 0,0,0)
 0 1 31 167530 7581  14 (D 0,0,0) (S 184,255,115) (S 58,116,117) (S 148,117,107) (S 52,107,103) (S 49,103,104) (S 50,103,105) (S 51,105,106) (S 53,106,108) (S 614,108,752) (S 628,751,757) (S 69,144,145) (S 575,733,345) (D 0,0,0)
 0 1 32 166455 7074  11 (D 0,0,0) (S 185,340,179) (S 128,256,255) (S 130,255,258) (S 610,258,751) (S 627,751,753) (S 617,753,105) (S 616,753,752) (S 615,752,144) (S 577,734,342) (D 0,0,0)
 0 1 33 161099 7241  15 (D 0,0,0) (S 388,599,602) (S 190,348,349) (S 564,728,727) (S 582,727,346) (S 581,346,737) (S 189,346,347) (S 580,176,736) (S 578,734,735) (S 579,734,730) (S 576,733,145) (S 569,145,340) (S 90,179,175) (S 92,175,177) (D 0,0,0)
 0 1 34 167932 9090  15 (D 0,0,0) (S 183,339,274) (S 37,76,68) (S 258,293,441) (S 259,441,442) (S 680,444,169) (S 83,169,168) (S 249,168,432) (S 678,432,433) (S 679,433,297) (S 157,263,298) (S 155,298,297) (S 207,297,299) (S 156,299,171) (D 0,0,0)
 0 1 35 167423 10450  16 (D 0,0,0) (S 234,299,410) (S 640,263,763) (S 638,763,762) (S 639,762,764) (S 660,764,779) (S 650,771,422) (S 654,422,774) (S 241,420,421) (S 645,420,761) (S 637,760,761) (S 242,424,425) (S 649,774,418) (S 670,775,416) (S 671,416,784) (D 0,0,0)
 0 1 36 167466 9953  12 (D 0,0,0) (S 150,288,289) (S 149,288,268) (S 136,268,265) (S 132,265,266) (S 133,266,164) (S 245,266,429) (S 674,163,429) (S 675,429,413) (S 677,785,265) (S 676,265,431) (D 0,0,0)
 0 1 37 165433 9533  11 (D 0,0,0) (S 153,169,81) (S 40,81,82) (S 151,81,288) (S 665,291,412) (S 236,412,262) (S 250,261,433) (S 635,298,410) (S 636,410,759) (S 634,759,170) (D 0,0,0)
 0 1 38 166650 6811  13 (D 0,0,0) (S 272,132,472) (S 302,87,118) (S 491,674,675) (S 490,675,53) (S 561,725,726) (S 563,726,334) (S 562,334,535) (S 545,535,327) (S 171,324,325) (S 320,324,534) (S 28,62,61) (D 0,0,0)
 0 1 39 164516 8344  15 (D 0,0,0) (S 177,54,334) (S 172,327,326) (S 41,84,83) (S 46,83,98) (S 45,97,98) (S 619,96,722) (S 558,722,724) (S 626,723,755) (S 620,755,490) (S 288,487,489) (S 169,321,320) (S 547,520,329) (S 551,720,330) (D 0,0,0)
 0 1 40 167415 8963  12 (D 0,0,0) (S 552,533,326) (S 556,96,517) (S 307,517,516) (S 290,491,492) (S 541,492,282) (S 142,282,271) (S 681,284,434) (S 251,434,435) (S 682,434,496) (S 686,68,445) (D 0,0,0)
 0 1 41 167775 9545  12 (D 0,0,0) (S 154,294,293) (S 260,295,444) (S 86,169,167) (S 82,167,166) (S 81,166,162) (S 358,574,162) (S 77,162,161) (S 247,161,431) (S 357,573,167) (S 294,443,294) (D 0,0,0)
 0 1 42 167597 8015  14 (D 0,0,0) (S 181,338,339) (S 147,273,278) (S 684,278,445) (S 261,445,76) (S 262,76,279) (S 145,286,280) (S 624,280,756) (S 622,756,754) (S 47,100,101) (S 175,332,285) (S 317,278,494) (S 565,181,728) (D 0,0,0)
 0 1 43 166422 7448  13 (D 0,0,0) (S 30,55,59) (S 550,59,721) (S 549,721,521) (S 310,521,331) (S 174,331,330) (S 548,721,534) (S 176,51,333) (S 178,46,335) (S 122,243,127) (S 280,242,128) (S 278,478,85) (D 0,0,0)
 0 1 44 164372 7505  15 (D 0,0,0) (S 303,300,507) (S 327,508,304) (S 159,304,305) (S 488,303,673) (S 14,33,34) (S 472,35,663) (S 476,663,670) (S 473,664,665) (S 474,666,668) (S 483,660,671) (S 485,671,673) (S 486,673,548) (S 487,548,253) (D 0,0,0)
 0 1 45 167669 6508  14 (D 0,0,0) (S 304,465,247) (S 124,247,246) (S 324,246,248) (S 125,248,249) (S 468,249,119) (S 59,119,120) (S 326,537,527) (S 316,528,527) (S 315,527,55) (S 470,63,657) (S 469,657,658) (S 25,61,53) (D 0,0,0)
 0 1 46 167993 9371  15 (D 0,0,0) (S 24,59,60) (S 499,686,685) (S 503,685,689) (S 559,689,715) (S 560,715,719) (S 539,719,272) (S 139,275,276) (S 533,276,715) (S 534,715,707) (S 524,707,706) (S 526,706,708) (S 540,708,492) (S 557,516,723) (D 0,0,0)
 0 1 47 166825 8984  15 (D 0,0,0) (S 538,718,706) (S 537,706,719) (S 504,689,277) (S 140,277,172) (S 143,275,272) (S 252,271,436) (S 144,282,284) (S 306,284,515) (S 308,515,490) (S 289,490,491) (S 319,532,529) (S 318,530,531) (S 322,533,535) (D 0,0,0)
 0 1 48 167135 9560  25 (D 0,0,0) (S 325,248,536) (S 481,538,543) (S 479,541,125) (S 478,125,669) (S 477,669,524) (S 514,122,700) (S 517,700,703) (S 518,703,317) (S 167,317,316) (S 305,513,514) (S 312,522,525) (S 480,522,251) (S 482,251,669) (S 475,669,552) (S 338,552,551) (S 489,551,309) (S 126,252,30) (S 12,30,31) (S 13,31,32) (S 471,662,550) (S 337,549,542) (S 127,254,253) (S 484,253,506) (D 0,0,0)
 0 1 49 166768 7623  14 (D 0,0,0) (S 330,509,543) (S 328,448,493) (S 313,526,60) (S 544,58,323) (S 170,322,323) (S 543,323,321) (S 542,321,705) (S 523,705,488) (S 553,519,328) (S 173,328,329) (S 546,720,327) (S 321,535,324) (D 0,0,0)
 0 1 50 167972 8943  23 (D 0,0,0) (S 314,314,526) (S 507,526,694) (S 512,315,695) (S 513,695,676) (S 519,699,701) (S 516,701,702) (S 515,701,690) (S 520,691,684) (S 497,684,683) (S 500,683,687) (S 511,692,697) (S 508,697,682) (S 494,682,677) (S 509,695,523) (S 311,523,518) (S 309,518,122) (S 62,121,124) (S 264,124,448) (S 329,540,510) (S 270,466,465) (S 158,300,301) (D 0,0,0)
 0 1 51 167957 9288  16 (D 0,0,0) (S 336,543,314) (S 165,314,315) (S 166,315,313) (S 510,693,698) (S 521,698,684) (S 498,684,557) (S 343,557,555) (S 339,555,310) (S 162,310,311) (S 342,556,52) (S 168,318,319) (S 528,710,711) (S 527,711,704) (S 501,686,56) (D 0,0,0)
 0 1 52 167282 9617  13 (D 0,0,0) (S 505,694,688) (S 506,688,556) (S 341,52,318) (S 340,553,498) (S 296,498,47) (S 17,41,42) (S 263,447,42) (S 21,47,52) (S 163,310,312) (S 265,449,312) (S 164,312,313) (D 0,0,0)
 0 1 53 167360 9232  15 (D 0,0,0) (S 18,43,44) (S 22,56,57) (S 530,57,712) (S 532,712,709) (S 26,52,57) (S 502,56,688) (S 492,678,679) (S 496,678,680) (S 493,680,681) (S 495,676,518) (S 60,122,121) (S 61,123,121) (S 161,309,308) (D 0,0,0)
 0 1 54 163693 8607  13 (D 0,0,0) (S 65,132,136) (S 19,48,44) (S 27,44,56) (S 529,712,713) (S 531,713,714) (S 522,704,499) (S 525,704,685) (S 535,716,717) (S 536,718,48) (S 23,48,58) (S 29,58,60) (D 0,0,0)
 0 1 55 154147 5644  7 (D 0,0,0) (S 461,655,237) (S 462,237,570) (S 351,569,49) (S 567,49,502) (S 298,501,502) (D 0,0,0)
 0 1 56 167825 8434  16 (D 0,0,0) (S 273,473,132) (S 447,472,631) (S 48,102,100) (S 621,100,754) (S 623,756,755) (S 625,755,283) (S 256,439,438) (S 253,438,437) (S 255,440,438) (S 618,286,754) (S 554,722,101) (S 555,99,332) (S 323,532,494) (S 292,494,338) (D 0,0,0)
 0 1 57 160759 8054  12 (D 0,0,0) (S 32,70,71) (S 33,72,71) (S 35,71,73) (S 34,73,74) (S 257,74,440) (S 254,437,75) (S 36,75,69) (S 31,69,68) (S 683,786,787) (S 685,787,68) (D 0,0,0)
