415182
57
300403
297750
 0 1 1 151066 2265  11 (D 0,0,0) (S 345,563,562) (S 383,594,194) (S 384,194,595) (S 100,194,193) (S 396,564,596) (S 393,605,208) (S 394,208,607) (S 405,607,594) (S 385,594,593) (D 0,0,0)
 0 1 2 37189 1162  3 (D 0,0,0) (S 386,593,597) (D 0,0,0)
 0 1 3 165017 2717  10 (D 0,0,0) (S 99,192,190) (S 98,190,189) (S 379,189,588) (S 380,189,561) (S 8,23,21) (S 355,24,571) (S 365,571,578) (S 363,578,572) (D 0,0,0)
 0 1 4 159681 6240  15 (D 0,0,0) (S 333,546,544) (S 347,544,511) (S 370,559,582) (S 586,582,739) (S 588,740,350) (S 585,739,351) (S 583,738,575) (S 56,112,113) (S 57,113,114) (S 391,114,577) (S 335,512,545) (S 332,545,27) (S 10,25,26) (D 0,0,0)
 0 1 5 155447 6421  24 (D 0,0,0) (S 331,544,137) (S 66,137,138) (S 96,138,186) (S 374,186,140) (S 67,140,139) (S 354,139,185) (S 352,185,568) (S 350,568,565) (S 349,565,566) (S 378,584,587) (S 375,584,585) (S 376,586,174) (S 89,173,174) (S 377,174,567) (S 94,183,184) (S 372,184,580) (S 364,579,580) (S 368,580,187) (S 366,581,572) (S 356,572,24) (S 9,24,21) (S 7,21,22) (D 0,0,0)
 0 1 6 46970 1004  8 (D 0,0,0) (S 269,455,456) (S 268,453,454) (S 267,452,453) (S 266,450,451) (S 382,592,590) (S 381,590,591) (D 0,0,0)
 0 1 7 159742 8415  13 (D 0,0,0) (S 361,336,112) (S 194,357,356) (S 293,91,495) (S 42,89,90) (S 73,143,157) (S 201,157,365) (S 192,352,353) (S 218,386,110) (S 43,92,93) (S 334,546,547) (S 348,560,23) (D 0,0,0)
 0 1 8 160091 6704  17 (D 0,0,0) (S 367,581,187) (S 97,187,188) (S 373,580,186) (S 95,186,185) (S 353,139,511) (S 344,511,559) (S 362,559,577) (S 359,577,576) (S 179,336,337) (S 392,114,604) (S 4,14,15) (S 390,15,604) (S 389,604,603) (S 5,16,17) (S 371,583,559) (D 0,0,0)
 0 1 9 167713 9571  13 (D 0,0,0) (S 360,575,355) (S 217,354,365) (S 602,747,748) (S 600,747,153) (S 70,65,146) (S 239,66,417) (S 647,67,417) (S 646,417,775) (S 670,775,416) (S 238,416,64) (S 601,747,381) (D 0,0,0)
 0 1 10 167870 9803  14 (D 0,0,0) (S 657,155,776) (S 656,776,762) (S 639,762,764) (S 660,764,779) (S 650,771,422) (S 654,422,774) (S 649,774,418) (S 240,418,419) (S 648,418,775) (S 669,784,148) (S 44,94,95) (S 209,373,77) (D 0,0,0)
 0 1 11 163830 8118  9 (D 0,0,0) (S 198,362,149) (S 137,159,270) (S 138,270,269) (S 632,270,430) (S 246,430,150) (S 74,150,158) (S 200,158,364) (D 0,0,0)
 0 1 12 165906 7737  14 (D 0,0,0) (S 216,356,91) (S 213,364,384) (S 195,358,359) (S 596,359,741) (S 589,741,78) (S 590,78,378) (S 599,384,746) (S 598,746,743) (S 595,744,745) (S 593,744,743) (S 594,743,364) (S 193,354,355) (D 0,0,0)
 0 1 13 165432 7388  12 (D 0,0,0) (S 584,738,386) (S 604,385,368) (S 606,749,199) (S 55,111,109) (S 203,109,368) (S 603,368,749) (S 605,749,156) (S 72,156,141) (S 68,141,142) (S 76,160,144) (D 0,0,0)
 0 1 14 167605 9178  11 (D 0,0,0) (S 154,294,293) (S 87,171,168) (S 249,168,432) (S 134,267,268) (S 157,263,298) (S 636,410,759) (S 634,759,170) (S 609,372,750) (S 611,750,369) (D 0,0,0)
 0 1 15 166454 10635  14 (D 0,0,0) (S 236,262,412) (S 665,412,291) (S 202,287,366) (S 666,366,773) (S 644,773,12) (S 3,12,13) (S 244,12,428) (S 243,426,427) (S 643,426,772) (S 661,772,414) (S 641,770,769) (S 638,762,763) (D 0,0,0)
 0 1 16 166188 10769  15 (D 0,0,0) (S 671,784,416) (S 241,420,421) (S 645,420,761) (S 637,760,761) (S 242,424,425) (S 662,780,781) (S 664,782,781) (S 663,781,264) (S 135,264,261) (S 250,261,433) (S 156,299,171) (S 39,79,80) (S 233,409,158) (D 0,0,0)
 0 1 17 167720 8922  16 (D 0,0,0) (S 215,363,358) (S 38,77,78) (S 592,741,742) (S 591,742,459) (S 291,458,457) (S 211,382,376) (S 208,376,377) (S 212,379,383) (S 197,361,152) (S 235,151,411) (S 199,150,363) (S 214,354,385) (S 191,351,350) (S 587,350,739) (D 0,0,0)
 0 1 18 167863 9027  13 (D 0,0,0) (S 572,731,732) (S 608,732,111) (S 75,156,157) (S 84,143,36) (S 85,37,170) (S 633,759,269) (S 653,777,259) (S 131,259,260) (S 640,263,763) (S 658,763,777) (S 659,777,154) (D 0,0,0)
 0 1 19 167673 9280  14 (D 0,0,0) (S 597,746,359) (S 71,155,147) (S 668,147,783) (S 667,783,778) (S 642,771,766) (S 652,778,779) (S 655,779,776) (S 651,776,777) (S 631,430,758) (S 629,758,409) (S 630,409,37) (S 206,372,157) (D 0,0,0)
 0 1 20 167842 6883  13 (D 0,0,0) (S 190,348,349) (S 564,728,727) (S 582,727,346) (S 581,346,737) (S 189,346,347) (S 580,176,736) (S 187,342,343) (S 188,343,344) (S 574,344,731) (S 573,731,93) (S 369,93,582) (D 0,0,0)
 0 1 21 165963 8073  17 (D 0,0,0) (S 210,93,110) (S 54,110,109) (S 607,111,199) (S 103,199,198) (S 196,198,360) (S 102,198,160) (S 204,142,369) (S 205,370,371) (S 613,370,108) (S 53,108,106) (S 51,106,105) (S 617,753,105) (S 50,105,103) (S 141,107,274) (S 181,339,338) (D 0,0,0)
 0 1 22 167810 7862  11 (D 0,0,0) (S 292,338,494) (S 317,494,278) (S 684,278,445) (S 261,445,76) (S 183,274,339) (S 180,338,178) (S 182,178,180) (S 298,501,502) (S 462,570,237) (D 0,0,0)
 0 1 23 166642 6995  10 (D 0,0,0) (S 130,255,258) (S 610,258,751) (S 628,751,757) (S 627,751,753) (S 616,753,752) (S 614,108,752) (S 615,752,144) (S 69,144,145) (D 0,0,0)
 0 1 24 166708 9558  14 (D 0,0,0) (S 262,279,76) (S 679,297,433) (S 678,433,432) (S 248,432,267) (S 136,268,265) (S 676,265,431) (S 247,431,161) (S 77,161,162) (S 358,162,574) (S 357,573,167) (S 259,442,441) (S 686,68,445) (D 0,0,0)
 0 1 25 167472 8031  12 (D 0,0,0) (S 552,533,326) (S 553,328,519) (S 169,320,321) (S 542,321,705) (S 540,708,492) (S 290,492,491) (S 557,516,723) (S 626,723,755) (S 622,756,754) (S 554,722,101) (D 0,0,0)
 0 1 26 166868 9605  12 (D 0,0,0) (S 341,52,318) (S 168,318,319) (S 340,553,498) (S 296,498,47) (S 17,41,42) (S 263,447,42) (S 21,47,52) (S 342,52,556) (S 506,556,688) (S 505,688,694) (D 0,0,0)
 0 1 27 166592 10011  14 (D 0,0,0) (S 83,168,169) (S 153,169,81) (S 151,81,288) (S 150,288,289) (S 132,265,266) (S 133,266,164) (S 245,266,429) (S 674,163,429) (S 675,429,413) (S 672,413,785) (S 677,785,265) (S 86,167,169) (D 0,0,0)
 0 1 28 167810 9915  15 (D 0,0,0) (S 680,444,169) (S 40,81,82) (S 149,288,268) (S 152,268,292) (S 673,292,785) (S 237,413,165) (S 80,165,163) (S 78,163,164) (S 79,164,161) (S 81,162,166) (S 82,166,167) (S 260,444,295) (S 31,69,68) (D 0,0,0)
 0 1 29 167156 9086  15 (D 0,0,0) (S 318,530,531) (S 175,332,285) (S 48,102,100) (S 621,100,754) (S 308,490,515) (S 306,515,284) (S 144,284,282) (S 142,282,271) (S 252,271,436) (S 541,282,492) (S 523,705,488) (S 172,326,327) (S 176,51,333) (D 0,0,0)
 0 1 30 167125 7066  15 (D 0,0,0) (S 270,465,466) (S 324,246,248) (S 325,248,536) (S 326,537,527) (S 316,528,527) (S 315,527,55) (S 548,534,721) (S 470,63,657) (S 469,657,658) (S 25,61,53) (S 490,53,675) (S 491,675,674) (S 302,118,87) (D 0,0,0)
 0 1 31 167162 8249  16 (D 0,0,0) (S 127,253,254) (S 159,304,305) (S 488,303,673) (S 485,673,671) (S 483,671,660) (S 476,663,670) (S 472,663,35) (S 14,33,34) (S 473,664,665) (S 474,666,668) (S 471,662,550) (S 337,549,542) (S 303,507,300) (S 158,300,301) (D 0,0,0)
 0 1 32 166728 10482  34 (D 0,0,0) (S 327,508,304) (S 338,551,552) (S 475,552,669) (S 477,669,524) (S 495,518,676) (S 513,695,676) (S 494,677,682) (S 493,680,681) (S 496,680,678) (S 492,678,679) (S 508,682,697) (S 511,697,692) (S 164,313,312) (S 265,449,312) (S 163,312,310) (S 162,310,311) (S 339,310,555) (S 343,555,557) (S 498,557,684) (S 497,684,683) (S 500,683,687) (S 510,693,698) (S 521,698,684) (S 520,684,691) (S 515,690,701) (S 516,701,702) (S 518,317,703) (S 517,703,700) (S 61,123,121) (S 62,121,124) (S 161,309,308) (S 329,540,510) (D 0,0,0)
 0 1 33 167970 8075  13 (D 0,0,0) (S 489,551,309) (S 305,513,514) (S 167,316,317) (S 519,699,701) (S 514,700,122) (S 309,122,518) (S 311,518,523) (S 509,523,695) (S 512,695,315) (S 507,694,526) (S 336,314,543) (D 0,0,0)
 0 1 34 167864 8121  13 (D 0,0,0) (S 273,473,132) (S 313,526,60) (S 19,48,44) (S 18,43,44) (S 27,44,56) (S 22,56,57) (S 530,57,712) (S 502,56,688) (S 166,313,315) (S 165,315,314) (S 328,493,448) (D 0,0,0)
 0 1 35 167323 9124  16 (D 0,0,0) (S 29,60,58) (S 543,323,321) (S 526,708,706) (S 535,716,717) (S 534,707,715) (S 559,715,689) (S 504,689,277) (S 140,277,172) (S 139,276,275) (S 539,272,719) (S 560,719,715) (S 537,719,706) (S 538,706,718) (S 23,48,58) (D 0,0,0)
 0 1 36 167640 8963  12 (D 0,0,0) (S 26,57,52) (S 532,709,712) (S 529,712,713) (S 531,713,714) (S 528,711,710) (S 527,711,704) (S 522,704,499) (S 525,704,685) (S 499,685,686) (S 501,686,56) (D 0,0,0)
 0 1 37 167943 9675  14 (D 0,0,0) (S 682,496,434) (S 251,434,435) (S 681,434,284) (S 143,272,275) (S 533,276,715) (S 503,689,685) (S 524,707,706) (S 536,718,48) (S 314,526,314) (S 60,122,121) (S 264,124,448) (S 330,543,509) (D 0,0,0)
 0 1 38 167911 9386  13 (D 0,0,0) (S 612,372,36) (S 15,36,37) (S 295,37,497) (S 88,79,171) (S 234,299,410) (S 635,410,298) (S 155,298,297) (S 207,297,299) (S 258,293,441) (S 294,443,294) (S 453,397,233) (D 0,0,0)
 0 1 39 167987 7905  16 (D 0,0,0) (S 28,61,62) (S 177,54,334) (S 562,334,535) (S 322,535,533) (S 41,84,83) (S 556,96,517) (S 288,487,489) (S 307,517,516) (S 289,491,490) (S 620,490,755) (S 558,724,722) (S 619,722,96) (S 173,328,329) (S 546,720,327) (D 0,0,0)
 0 1 40 167743 7271  12 (D 0,0,0) (S 561,725,726) (S 563,726,334) (S 545,535,327) (S 46,83,98) (S 45,97,98) (S 555,99,332) (S 319,532,529) (S 321,535,324) (S 171,324,325) (S 320,324,534) (D 0,0,0)
 0 1 41 163108 7616  12 (D 0,0,0) (S 30,55,59) (S 550,59,721) (S 549,721,521) (S 310,521,331) (S 174,331,330) (S 551,330,720) (S 547,329,520) (S 170,322,323) (S 544,323,58) (S 24,60,59) (D 0,0,0)
 0 1 42 166777 7929  12 (D 0,0,0) (S 323,494,532) (S 47,101,100) (S 618,754,286) (S 255,438,440) (S 257,440,74) (S 34,74,73) (S 35,73,71) (S 33,72,71) (S 32,71,70) (S 147,278,273) (D 0,0,0)
 0 1 43 166531 7074  13 (D 0,0,0) (S 178,46,335) (S 91,181,180) (S 92,177,175) (S 90,175,179) (S 128,256,255) (S 184,255,115) (S 49,103,104) (S 52,103,107) (S 148,107,117) (S 58,117,116) (S 185,179,340) (D 0,0,0)
 0 1 44 166569 8595  13 (D 0,0,0) (S 145,286,280) (S 624,280,756) (S 623,756,755) (S 625,755,283) (S 256,439,438) (S 253,438,437) (S 254,437,75) (S 36,75,69) (S 685,68,787) (S 683,786,787) (S 37,68,76) (D 0,0,0)
 0 1 45 156391 4382  13 (D 0,0,0) (S 397,596,605) (S 440,635,403) (S 229,403,402) (S 424,402,624) (S 425,624,227) (S 115,227,228) (S 423,624,625) (S 111,222,221) (S 446,468,641) (S 445,641,640) (S 444,642,635) (D 0,0,0)
 0 1 46 166550 4664  12 (D 0,0,0) (S 430,223,131) (S 431,623,482) (S 284,481,227) (S 282,227,480) (S 435,480,630) (S 434,628,629) (S 467,630,505) (S 300,485,504) (S 6,19,18) (S 272,472,132) (D 0,0,0)
 0 1 47 159748 5441  14 (D 0,0,0) (S 274,28,195) (S 275,474,473) (S 65,132,136) (S 465,621,478) (S 278,478,85) (S 279,478,128) (S 122,243,127) (S 280,242,128) (S 63,128,126) (S 466,126,244) (S 123,244,245) (S 301,86,463) (D 0,0,0)
 0 1 48 167518 7434  20 (D 0,0,0) (S 304,465,247) (S 124,247,246) (S 125,248,249) (S 468,249,119) (S 59,119,120) (S 481,538,543) (S 479,541,125) (S 478,125,669) (S 482,669,251) (S 480,251,522) (S 312,522,525) (S 126,252,30) (S 12,30,31) (S 13,31,32) (S 486,673,548) (S 487,548,253) (S 484,253,506) (S 271,468,133) (D 0,0,0)
 0 1 49 166608 5473  12 (D 0,0,0) (S 437,632,136) (S 436,136,631) (S 567,49,502) (S 566,502,348) (S 565,728,181) (S 93,181,182) (S 186,341,182) (S 129,182,257) (S 281,45,479) (S 419,479,396) (D 0,0,0)
 0 1 50 166869 6919  14 (D 0,0,0) (S 226,396,238) (S 569,340,145) (S 146,258,117) (S 576,145,733) (S 575,733,345) (S 571,344,730) (S 579,730,734) (S 578,734,735) (S 577,734,342) (S 568,729,727) (S 570,728,348) (S 223,391,232) (D 0,0,0)
 0 1 51 167544 4888  11 (D 0,0,0) (S 463,598,655) (S 464,655,656) (S 461,655,237) (S 118,237,236) (S 351,569,49) (S 20,49,50) (S 119,50,238) (S 227,396,391) (S 116,232,233) (D 0,0,0)
 0 1 52 166893 6785  23 (D 0,0,0) (S 449,234,645) (S 455,645,650) (S 460,649,653) (S 459,654,653) (S 454,649,650) (S 456,650,651) (S 457,652,651) (S 458,651,647) (S 450,646,647) (S 451,647,645) (S 117,234,235) (S 452,234,644) (S 448,644,599) (S 388,599,602) (S 387,601,398) (S 121,241,239) (S 297,239,500) (S 120,239,240) (S 438,401,631) (S 447,631,472) (S 346,191,562) (D 0,0,0)
 0 1 53 165531 4223  13 (D 0,0,0) (S 101,196,197) (S 439,634,469) (S 441,637,135) (S 442,135,639) (S 443,641,395) (S 231,221,407) (S 429,504,219) (S 426,626,627) (S 427,626,625) (S 428,625,394) (S 228,399,400) (D 0,0,0)
 0 1 54 166721 4675  17 (D 0,0,0) (S 403,206,612) (S 398,612,446) (S 395,446,406) (S 112,223,38) (S 16,39,40) (S 432,40,5) (S 433,5,10) (S 2,10,9) (S 11,6,29) (S 299,503,7) (S 114,226,225) (S 113,225,224) (S 283,224,130) (S 277,130,476) (S 64,130,129) (D 0,0,0)
 0 1 55 167531 4508  17 (D 0,0,0) (S 406,613,204) (S 408,204,404) (S 230,404,218) (S 110,218,217) (S 421,217,619) (S 416,619,2) (S 418,4,620) (S 287,483,486) (S 415,486,306) (S 160,306,307) (S 410,212,216) (S 109,216,215) (S 414,215,617) (S 400,203,210) (S 401,210,611) (D 0,0,0)
 0 1 56 167749 3998  14 (D 0,0,0) (S 105,203,205) (S 107,212,211) (S 225,389,393) (S 221,389,388) (S 220,388,200) (S 219,201,387) (S 222,387,390) (S 224,390,392) (S 232,392,408) (S 399,408,203) (S 104,203,202) (S 402,613,206) (D 0,0,0)
 0 1 57 164018 4886  17 (D 0,0,0) (S 407,610,615) (S 404,614,615) (S 106,209,210) (S 412,617,616) (S 411,616,211) (S 413,211,618) (S 409,616,216) (S 108,212,213) (S 417,213,2) (S 1,3,4) (S 285,4,484) (S 286,476,38) (S 276,38,475) (S 420,477,619) (S 422,217,405) (D 0,0,0)
