421643
56
311455
281787
 0 1 1 162748 7392  16 (D 0,0,0) (S 128,256,255) (S 184,255,115) (S 148,117,107) (S 141,107,274) (S 317,278,494) (S 180,338,178) (S 182,178,180) (S 91,180,181) (S 93,181,182) (S 186,341,182) (S 129,182,257) (S 122,243,127) (S 280,242,128) (S 278,478,85) (D 0,0,0)
 0 1 2 167965 6971  17 (D 0,0,0) (S 10,25,26) (S 370,559,582) (S 369,582,93) (S 43,92,93) (S 573,93,731) (S 574,731,344) (S 188,344,343) (S 187,343,342) (S 580,736,176) (S 189,347,346) (S 581,346,737) (S 582,346,727) (S 570,728,348) (S 227,396,391) (S 447,631,472) (D 0,0,0)
 0 1 3 166146 2543  9 (D 0,0,0) (S 383,594,194) (S 100,194,193) (S 396,564,596) (S 397,596,605) (S 393,605,208) (S 394,208,607) (S 386,593,597) (D 0,0,0)
 0 1 4 159322 3065  12 (D 0,0,0) (S 99,192,190) (S 98,190,189) (S 379,189,588) (S 380,189,561) (S 8,23,21) (S 7,21,22) (S 356,24,572) (S 363,572,578) (S 355,571,24) (S 9,24,21) (D 0,0,0)
 0 1 5 166331 5376  11 (D 0,0,0) (S 388,599,602) (S 387,601,398) (S 121,241,239) (S 120,239,240) (S 297,239,500) (S 119,238,50) (S 281,45,479) (S 419,479,396) (S 453,397,233) (D 0,0,0)
 0 1 6 167097 3565  13 (D 0,0,0) (S 401,611,210) (S 399,203,408) (S 232,408,392) (S 224,392,390) (S 222,390,387) (S 219,387,201) (S 220,200,388) (S 221,388,389) (S 225,389,393) (S 413,211,618) (S 412,616,617) (D 0,0,0)
 0 1 7 164417 4639  15 (D 0,0,0) (S 414,617,215) (S 109,215,216) (S 416,2,619) (S 276,475,38) (S 286,38,476) (S 277,130,476) (S 420,477,619) (S 421,619,217) (S 422,405,217) (S 110,217,218) (S 230,218,404) (S 406,204,613) (S 402,613,206) (D 0,0,0)
 0 1 8 163989 3488  12 (D 0,0,0) (S 104,203,202) (S 408,204,404) (S 229,403,402) (S 228,400,399) (S 428,394,625) (S 423,625,624) (S 424,624,402) (S 395,406,446) (S 398,446,612) (S 385,594,593) (D 0,0,0)
 0 1 9 164870 5038  20 (D 0,0,0) (S 105,203,205) (S 409,616,216) (S 410,216,212) (S 417,213,2) (S 1,3,4) (S 285,484,4) (S 418,4,620) (S 287,483,486) (S 415,486,306) (S 160,306,307) (S 108,213,212) (S 107,212,211) (S 411,211,616) (S 400,203,210) (S 106,210,209) (S 404,614,615) (S 407,615,610) (S 405,607,594) (D 0,0,0)
 0 1 10 153962 6545  25 (D 0,0,0) (S 365,571,578) (S 366,572,581) (S 367,581,187) (S 97,187,188) (S 368,187,580) (S 373,186,580) (S 364,579,580) (S 372,580,184) (S 94,184,183) (S 350,568,565) (S 349,565,566) (S 89,173,174) (S 376,586,174) (S 377,174,567) (S 378,584,587) (S 375,584,585) (S 352,568,185) (S 95,185,186) (S 374,140,186) (S 96,186,138) (S 66,138,137) (S 331,137,544) (S 333,544,546) (D 0,0,0)
 0 1 11 161257 6874  11 (D 0,0,0) (S 171,324,325) (S 321,324,535) (S 552,533,326) (S 322,533,535) (S 562,535,334) (S 563,334,726) (S 561,726,725) (S 28,62,61) (S 176,51,333) (D 0,0,0)
 0 1 12 163574 9514  13 (D 0,0,0) (S 334,547,546) (S 211,382,376) (S 208,376,377) (S 602,747,748) (S 238,64,416) (S 671,416,784) (S 669,784,148) (S 44,94,95) (S 197,152,361) (S 335,512,545) (S 332,545,27) (D 0,0,0)
 0 1 13 157720 4219  15 (D 0,0,0) (S 441,637,135) (S 442,135,639) (S 445,640,641) (S 231,221,407) (S 6,18,19) (S 429,504,219) (S 426,626,627) (S 427,626,625) (S 111,222,221) (S 443,395,641) (S 446,641,468) (S 271,468,133) (S 439,469,634) (D 0,0,0)
 0 1 14 163221 8932  14 (D 0,0,0) (S 258,293,441) (S 259,441,442) (S 682,496,434) (S 251,434,435) (S 681,434,284) (S 625,283,755) (S 626,755,723) (S 558,724,722) (S 554,722,101) (S 319,532,529) (S 318,530,531) (S 320,324,534) (D 0,0,0)
 0 1 15 167793 7892  14 (D 0,0,0) (S 587,739,350) (S 588,740,350) (S 191,350,351) (S 585,351,739) (S 586,739,582) (S 203,109,368) (S 603,368,749) (S 605,749,156) (S 205,370,371) (S 613,370,108) (S 614,108,752) (S 90,179,175) (D 0,0,0)
 0 1 16 167851 8091  14 (D 0,0,0) (S 174,330,331) (S 170,322,323) (S 540,708,492) (S 290,492,491) (S 307,516,517) (S 289,491,490) (S 620,490,755) (S 623,755,756) (S 622,756,754) (S 621,754,100) (S 47,100,101) (S 323,532,494) (D 0,0,0)
 0 1 17 166541 10353  18 (D 0,0,0) (S 611,369,750) (S 612,372,36) (S 629,409,758) (S 631,758,430) (S 632,430,270) (S 653,259,777) (S 651,777,776) (S 660,779,764) (S 666,366,773) (S 644,773,12) (S 244,12,428) (S 3,12,13) (S 202,287,366) (S 662,780,781) (S 135,264,261) (S 679,433,297) (D 0,0,0)
 0 1 18 165336 8205  12 (D 0,0,0) (S 116,233,232) (S 181,338,339) (S 261,76,445) (S 685,68,787) (S 683,786,787) (S 294,443,294) (S 31,69,68) (S 686,68,445) (S 684,445,278) (S 183,274,339) (D 0,0,0)
 0 1 19 163361 4973  14 (D 0,0,0) (S 65,132,136) (S 436,136,631) (S 438,631,401) (S 465,621,478) (S 279,478,128) (S 63,128,126) (S 466,126,244) (S 123,244,245) (S 301,86,463) (S 272,472,132) (S 273,132,473) (S 275,473,474) (D 0,0,0)
 0 1 20 167305 7549  13 (D 0,0,0) (S 437,632,136) (S 76,144,160) (S 72,156,141) (S 68,141,142) (S 204,142,369) (S 609,750,372) (S 206,372,157) (S 73,143,157) (S 201,157,365) (S 360,355,575) (S 344,559,511) (D 0,0,0)
 0 1 21 167283 7884  14 (D 0,0,0) (S 179,336,337) (S 56,113,112) (S 583,575,738) (S 584,738,386) (S 218,386,110) (S 607,111,199) (S 103,199,198) (S 196,198,360) (S 102,198,160) (S 615,144,752) (S 628,751,757) (S 146,258,117) (D 0,0,0)
 0 1 22 166047 6478  11 (D 0,0,0) (S 210,93,110) (S 54,110,109) (S 55,109,111) (S 608,111,732) (S 575,345,733) (S 576,733,145) (S 569,145,340) (S 568,729,727) (S 462,570,237) (D 0,0,0)
 0 1 23 165222 9934  14 (D 0,0,0) (S 536,48,718) (S 538,718,706) (S 537,706,719) (S 560,719,715) (S 559,715,689) (S 525,685,704) (S 503,685,689) (S 504,689,277) (S 140,277,172) (S 539,272,719) (S 624,280,756) (S 48,100,102) (D 0,0,0)
 0 1 24 162525 8790  10 (D 0,0,0) (S 601,381,747) (S 71,155,147) (S 668,147,783) (S 667,783,778) (S 652,778,779) (S 138,269,270) (S 137,270,159) (S 604,368,385) (D 0,0,0)
 0 1 25 157358 5241  11 (D 0,0,0) (S 444,635,642) (S 425,624,227) (S 115,227,228) (S 467,505,630) (S 434,628,629) (S 435,630,480) (S 282,480,227) (S 284,227,481) (S 431,482,623) (D 0,0,0)
 0 1 26 166431 8567  21 (D 0,0,0) (S 300,504,485) (S 484,506,253) (S 127,253,254) (S 337,542,549) (S 471,550,662) (S 13,32,31) (S 12,31,30) (S 126,252,30) (S 480,251,522) (S 312,522,525) (S 305,513,514) (S 167,316,317) (S 518,317,703) (S 517,703,700) (S 514,700,122) (S 482,251,669) (S 475,669,552) (S 338,552,551) (S 270,466,465) (D 0,0,0)
 0 1 27 164272 7419  14 (D 0,0,0) (S 185,340,179) (S 130,255,258) (S 610,258,751) (S 627,751,753) (S 616,753,752) (S 53,108,106) (S 51,106,105) (S 50,105,103) (S 49,103,104) (S 52,103,107) (S 58,117,116) (S 92,175,177) (D 0,0,0)
 0 1 28 167544 9834  13 (D 0,0,0) (S 216,356,91) (S 213,364,384) (S 70,65,146) (S 239,66,417) (S 647,67,417) (S 646,417,775) (S 648,775,418) (S 240,418,419) (S 649,418,774) (S 654,774,422) (S 650,422,771) (D 0,0,0)
 0 1 29 132748 4617  9 (D 0,0,0) (S 463,598,655) (S 464,655,656) (S 461,655,237) (S 118,237,236) (S 351,569,49) (S 226,238,396) (S 223,391,232) (D 0,0,0)
 0 1 30 166047 9557  13 (D 0,0,0) (S 235,151,411) (S 659,154,777) (S 658,777,763) (S 656,762,776) (S 655,776,779) (S 639,764,762) (S 638,762,763) (S 640,763,263) (S 131,260,259) (S 634,759,170) (S 565,181,728) (D 0,0,0)
 0 1 31 155169 6645  24 (D 0,0,0) (S 101,196,197) (S 452,644,234) (S 117,234,235) (S 451,645,647) (S 450,646,647) (S 458,647,651) (S 457,652,651) (S 456,651,650) (S 459,654,653) (S 460,653,649) (S 454,649,650) (S 455,650,645) (S 449,645,234) (S 448,644,599) (S 274,195,28) (S 346,191,562) (S 266,450,451) (S 269,455,456) (S 267,452,453) (S 268,453,454) (S 382,592,590) (S 381,590,591) (D 0,0,0)
 0 1 32 166557 6463  15 (D 0,0,0) (S 362,559,577) (S 391,577,114) (S 57,113,114) (S 392,114,604) (S 4,14,15) (S 390,15,604) (S 389,604,603) (S 5,16,17) (S 371,583,559) (S 353,511,139) (S 354,139,185) (S 67,139,140) (S 348,560,23) (D 0,0,0)
 0 1 33 166518 7304  12 (D 0,0,0) (S 567,49,502) (S 298,501,502) (S 566,502,348) (S 190,348,349) (S 564,728,727) (S 577,342,734) (S 578,734,735) (S 579,734,730) (S 571,730,344) (S 572,732,731) (D 0,0,0)
 0 1 34 166649 8805  13 (D 0,0,0) (S 24,59,60) (S 29,60,58) (S 530,57,712) (S 532,712,709) (S 528,710,711) (S 522,704,499) (S 527,704,711) (S 531,714,713) (S 529,713,712) (S 22,57,56) (S 511,692,697) (D 0,0,0)
 0 1 35 165014 6586  11 (D 0,0,0) (S 125,248,249) (S 468,249,119) (S 59,119,120) (S 326,537,527) (S 316,528,527) (S 315,527,55) (S 470,63,657) (S 469,657,658) (S 178,46,335) (D 0,0,0)
 0 1 36 163792 8717  15 (D 0,0,0) (S 546,327,720) (S 173,329,328) (S 523,488,705) (S 526,708,706) (S 534,707,715) (S 533,715,276) (S 139,276,275) (S 143,275,272) (S 252,271,436) (S 142,271,282) (S 306,284,515) (S 308,515,490) (S 557,516,723) (D 0,0,0)
 0 1 37 167897 10037  15 (D 0,0,0) (S 357,167,573) (S 358,574,162) (S 77,162,161) (S 79,161,164) (S 133,266,164) (S 78,164,163) (S 245,429,266) (S 132,266,265) (S 136,265,268) (S 149,268,288) (S 150,288,289) (S 151,288,81) (S 40,81,82) (D 0,0,0)
 0 1 38 167311 8823  12 (D 0,0,0) (S 361,336,112) (S 193,355,354) (S 293,91,495) (S 42,89,90) (S 233,158,409) (S 630,409,37) (S 295,37,497) (S 84,36,143) (S 75,157,156) (S 606,749,199) (D 0,0,0)
 0 1 39 165549 5008  18 (D 0,0,0) (S 384,194,595) (S 440,635,403) (S 112,223,38) (S 16,39,40) (S 432,40,5) (S 433,5,10) (S 2,10,9) (S 11,6,29) (S 299,503,7) (S 114,226,225) (S 113,225,224) (S 283,224,130) (S 64,130,129) (S 430,131,223) (S 403,612,206) (S 345,562,563) (D 0,0,0)
 0 1 40 164934 10273  13 (D 0,0,0) (S 207,299,297) (S 635,410,298) (S 665,412,291) (S 675,413,429) (S 674,429,163) (S 80,163,165) (S 237,165,413) (S 672,413,785) (S 153,81,169) (S 83,169,168) (S 87,168,171) (D 0,0,0)
 0 1 41 166767 9645  13 (D 0,0,0) (S 680,444,169) (S 86,169,167) (S 82,167,166) (S 81,166,162) (S 247,161,431) (S 676,431,265) (S 677,265,785) (S 673,785,292) (S 152,292,268) (S 134,268,267) (S 248,267,432) (D 0,0,0)
 0 1 42 167379 9764  13 (D 0,0,0) (S 69,145,144) (S 617,753,105) (S 154,294,293) (S 260,295,444) (S 144,284,282) (S 541,282,492) (S 535,716,717) (S 524,707,706) (S 169,321,320) (S 553,519,328) (S 20,50,49) (D 0,0,0)
 0 1 43 165567 7984  14 (D 0,0,0) (S 545,535,327) (S 45,97,98) (S 46,98,83) (S 556,96,517) (S 288,487,489) (S 542,705,321) (S 543,321,323) (S 544,323,58) (S 313,60,526) (S 314,526,314) (S 328,493,448) (S 329,540,510) (D 0,0,0)
 0 1 44 167781 9615  13 (D 0,0,0) (S 15,36,37) (S 39,79,80) (S 88,79,171) (S 249,168,432) (S 678,432,433) (S 250,433,261) (S 236,262,412) (S 664,782,781) (S 663,781,264) (S 157,263,298) (S 155,298,297) (D 0,0,0)
 0 1 45 167547 7880  13 (D 0,0,0) (S 359,577,576) (S 194,357,356) (S 594,364,743) (S 593,743,744) (S 595,744,745) (S 598,743,746) (S 597,359,746) (S 599,746,384) (S 217,365,354) (S 214,354,385) (S 192,352,353) (D 0,0,0)
 0 1 46 166870 8045  14 (D 0,0,0) (S 262,279,76) (S 37,76,68) (S 36,69,75) (S 254,75,437) (S 257,440,74) (S 34,74,73) (S 35,73,71) (S 33,72,71) (S 32,71,70) (S 175,285,332) (S 555,332,99) (S 292,494,338) (D 0,0,0)
 0 1 47 164211 10235  15 (D 0,0,0) (S 212,383,379) (S 600,747,153) (S 657,155,776) (S 642,771,766) (S 641,769,770) (S 661,414,772) (S 243,426,427) (S 643,426,772) (S 242,424,425) (S 637,760,761) (S 645,761,420) (S 241,420,421) (S 670,775,416) (D 0,0,0)
 0 1 48 166605 8657  11 (D 0,0,0) (S 85,37,170) (S 156,171,299) (S 234,299,410) (S 636,410,759) (S 633,759,269) (S 246,430,150) (S 74,150,158) (S 200,158,364) (S 347,511,544) (D 0,0,0)
 0 1 49 165559 8108  12 (D 0,0,0) (S 147,273,278) (S 256,439,438) (S 253,438,437) (S 255,440,438) (S 145,280,286) (S 618,286,754) (S 619,722,96) (S 41,83,84) (S 172,326,327) (S 177,334,54) (D 0,0,0)
 0 1 50 164780 7218  13 (D 0,0,0) (S 548,534,721) (S 549,721,521) (S 310,521,331) (S 547,520,329) (S 551,720,330) (S 550,721,59) (S 30,59,55) (S 25,61,53) (S 490,53,675) (S 491,675,674) (S 302,118,87) (D 0,0,0)
 0 1 51 164372 7505  15 (D 0,0,0) (S 487,253,548) (S 486,548,673) (S 485,673,671) (S 473,664,665) (S 474,666,668) (S 472,663,35) (S 14,33,34) (S 476,663,670) (S 483,660,671) (S 488,673,303) (S 159,305,304) (S 327,304,508) (S 303,507,300) (D 0,0,0)
 0 1 52 167327 8792  20 (D 0,0,0) (S 161,308,309) (S 60,121,122) (S 519,699,701) (S 516,701,702) (S 515,701,690) (S 520,691,684) (S 521,684,698) (S 339,555,310) (S 162,310,311) (S 163,310,312) (S 265,449,312) (S 164,312,313) (S 166,313,315) (S 512,315,695) (S 513,695,676) (S 495,676,518) (S 309,518,122) (S 264,124,448) (D 0,0,0)
 0 1 53 161319 8120  14 (D 0,0,0) (S 215,363,358) (S 195,358,359) (S 596,359,741) (S 38,78,77) (S 209,77,373) (S 291,457,458) (S 591,459,742) (S 592,742,741) (S 589,741,78) (S 590,78,378) (S 198,362,149) (S 199,150,363) (D 0,0,0)
 0 1 54 165472 8194  11 (D 0,0,0) (S 23,58,48) (S 19,48,44) (S 18,43,44) (S 27,44,56) (S 499,685,686) (S 501,686,56) (S 165,315,314) (S 336,314,543) (S 330,543,509) (D 0,0,0)
 0 1 55 161383 9781  26 (D 0,0,0) (S 158,300,301) (S 489,551,309) (S 62,124,121) (S 61,123,121) (S 311,518,523) (S 509,523,695) (S 508,697,682) (S 493,680,681) (S 496,680,678) (S 492,678,679) (S 500,683,687) (S 510,693,698) (S 343,555,557) (S 506,556,688) (S 505,688,694) (S 507,694,526) (S 477,524,669) (S 478,669,125) (S 479,125,541) (S 481,543,538) (S 325,536,248) (S 324,248,246) (S 124,246,247) (S 304,247,465) (D 0,0,0)
 0 1 56 167760 9894  15 (D 0,0,0) (S 502,688,56) (S 26,57,52) (S 21,52,47) (S 17,41,42) (S 263,447,42) (S 296,47,498) (S 340,498,553) (S 168,318,319) (S 341,318,52) (S 342,52,556) (S 498,557,684) (S 497,684,683) (S 494,682,677) (D 0,0,0)
