427383
58
35236
31111
 0 1 1 154454 3932  13 (D 0,0,0) (S 345,563,562) (S 444,635,642) (S 424,402,624) (S 423,624,625) (S 427,625,626) (S 426,626,627) (S 428,625,394) (S 228,399,400) (S 229,402,403) (S 402,206,613) (S 106,209,210) (D 0,0,0)
 0 1 2 150334 6935  17 (D 0,0,0) (S 388,599,602) (S 116,233,232) (S 223,232,391) (S 227,391,396) (S 226,396,238) (S 582,727,346) (S 581,346,737) (S 189,346,347) (S 185,340,179) (S 128,256,255) (S 130,255,258) (S 576,145,733) (S 575,733,345) (S 574,344,731) (S 573,731,93) (D 0,0,0)
 0 1 3 166038 8847  14 (D 0,0,0) (S 198,362,149) (S 601,381,747) (S 602,747,748) (S 600,747,153) (S 246,150,430) (S 631,430,758) (S 629,758,409) (S 233,409,158) (S 73,143,157) (S 75,157,156) (S 218,386,110) (S 210,110,93) (D 0,0,0)
 0 1 4 160097 7308  12 (D 0,0,0) (S 353,139,511) (S 369,582,93) (S 43,92,93) (S 54,110,109) (S 203,109,368) (S 606,749,199) (S 103,199,198) (S 196,198,360) (S 607,199,111) (S 55,111,109) (D 0,0,0)
 0 1 5 127071 5953  19 (D 0,0,0) (S 464,655,656) (S 463,655,598) (S 452,644,234) (S 117,234,235) (S 455,645,650) (S 459,654,653) (S 460,653,649) (S 454,649,650) (S 456,650,651) (S 457,652,651) (S 458,651,647) (S 450,646,647) (S 451,647,645) (S 449,645,234) (S 448,644,599) (S 439,469,634) (S 101,197,196) (D 0,0,0)
 0 1 6 167568 7895  12 (D 0,0,0) (S 194,357,356) (S 200,364,158) (S 74,158,150) (S 199,150,363) (S 215,363,358) (S 195,358,359) (S 598,746,743) (S 595,744,745) (S 593,744,743) (S 594,743,364) (D 0,0,0)
 0 1 7 106243 2599  9 (D 0,0,0) (S 355,24,571) (S 365,571,578) (S 363,578,572) (S 356,572,24) (S 9,24,21) (S 7,21,22) (S 8,21,23) (D 0,0,0)
 0 1 8 156175 4321  15 (D 0,0,0) (S 400,210,203) (S 414,617,215) (S 109,215,216) (S 409,216,616) (S 411,616,211) (S 413,211,618) (S 107,211,212) (S 417,2,213) (S 160,306,307) (S 108,213,212) (S 410,212,216) (S 412,616,617) (S 399,408,203) (D 0,0,0)
 0 1 9 159132 3457  12 (D 0,0,0) (S 401,611,210) (S 232,408,392) (S 224,392,390) (S 222,390,387) (S 219,387,201) (S 220,200,388) (S 221,388,389) (S 225,389,393) (S 104,202,203) (S 105,203,205) (D 0,0,0)
 0 1 10 160377 4964  12 (D 0,0,0) (S 440,635,403) (S 431,623,482) (S 282,227,480) (S 435,480,630) (S 434,628,629) (S 467,630,505) (S 301,463,86) (S 278,85,478) (S 465,478,621) (S 387,398,601) (D 0,0,0)
 0 1 11 130628 1840  8 (D 0,0,0) (S 405,594,607) (S 394,607,208) (S 393,208,605) (S 397,605,596) (S 396,596,564) (S 346,191,562) (D 0,0,0)
 0 1 12 165336 2791  11 (D 0,0,0) (S 99,192,190) (S 98,190,189) (S 379,189,588) (S 380,189,561) (S 100,193,194) (S 384,194,595) (S 383,194,594) (S 385,594,593) (S 386,593,597) (D 0,0,0)
 0 1 13 46970 1004  8 (D 0,0,0) (S 267,452,453) (S 268,453,454) (S 269,455,456) (S 266,450,451) (S 382,592,590) (S 381,590,591) (D 0,0,0)
 0 1 14 156593 9351  27 (D 0,0,0) (S 274,28,195) (S 264,448,124) (S 60,121,122) (S 309,122,518) (S 311,518,523) (S 509,523,695) (S 512,695,315) (S 166,315,313) (S 339,310,555) (S 343,555,557) (S 498,557,684) (S 521,684,698) (S 510,698,693) (S 500,687,683) (S 494,682,677) (S 513,676,695) (S 165,315,314) (S 328,493,448) (S 479,541,125) (S 478,125,669) (S 482,669,251) (S 475,669,552) (S 338,552,551) (S 429,504,219) (S 443,395,641) (D 0,0,0)
 0 1 15 163940 8636  23 (D 0,0,0) (S 271,133,468) (S 300,504,485) (S 484,506,253) (S 127,253,254) (S 337,542,549) (S 471,550,662) (S 13,32,31) (S 12,31,30) (S 126,252,30) (S 480,251,522) (S 312,522,525) (S 305,513,514) (S 167,316,317) (S 518,317,703) (S 517,703,700) (S 514,700,122) (S 61,123,121) (S 62,121,124) (S 161,309,308) (S 329,540,510) (S 270,466,465) (D 0,0,0)
 0 1 16 163760 7505  14 (D 0,0,0) (S 327,508,304) (S 159,304,305) (S 488,303,673) (S 483,671,660) (S 473,664,665) (S 474,666,668) (S 14,33,34) (S 472,35,663) (S 476,663,670) (S 485,671,673) (S 486,673,548) (S 487,548,253) (D 0,0,0)
 0 1 17 162407 9109  20 (D 0,0,0) (S 489,551,309) (S 477,669,524) (S 495,518,676) (S 519,699,701) (S 516,701,702) (S 515,701,690) (S 520,691,684) (S 497,684,683) (S 492,678,679) (S 496,678,680) (S 493,680,681) (S 508,682,697) (S 511,697,692) (S 502,56,688) (S 505,688,694) (S 314,526,314) (S 336,314,543) (S 330,543,509) (D 0,0,0)
 0 1 18 167426 8906  13 (D 0,0,0) (S 325,248,536) (S 481,538,543) (S 313,526,60) (S 27,44,56) (S 26,57,52) (S 21,52,47) (S 296,47,498) (S 340,498,553) (S 342,52,556) (S 506,556,688) (S 507,694,526) (D 0,0,0)
 0 1 19 144619 7136  10 (D 0,0,0) (S 320,534,324) (S 321,324,535) (S 552,533,326) (S 41,84,83) (S 46,83,98) (S 45,97,98) (S 172,326,327) (S 545,327,535) (D 0,0,0)
 0 1 20 162480 7062  9 (D 0,0,0) (S 177,54,334) (S 562,334,535) (S 171,324,325) (S 548,534,721) (S 549,721,521) (S 24,60,59) (S 30,59,55) (D 0,0,0)
 0 1 21 165710 7168  13 (D 0,0,0) (S 119,238,50) (S 129,257,182) (S 186,341,182) (S 93,182,181) (S 564,728,727) (S 568,727,729) (S 69,145,144) (S 72,141,156) (S 605,156,749) (S 603,749,368) (S 604,368,385) (D 0,0,0)
 0 1 22 167549 7057  15 (D 0,0,0) (S 10,25,26) (S 332,27,545) (S 335,545,512) (S 359,577,576) (S 361,336,112) (S 360,575,355) (S 193,355,354) (S 214,354,385) (S 192,352,353) (S 584,386,738) (S 583,738,575) (S 56,112,113) (S 179,337,336) (D 0,0,0)
 0 1 23 167284 6497  16 (D 0,0,0) (S 275,474,473) (S 273,473,132) (S 272,132,472) (S 6,18,19) (S 123,244,245) (S 466,244,126) (S 63,126,128) (S 280,128,242) (S 122,243,127) (S 178,46,335) (S 176,51,333) (S 490,53,675) (S 491,675,674) (S 302,118,87) (D 0,0,0)
 0 1 24 165940 9828  9 (D 0,0,0) (S 28,61,62) (S 544,58,323) (S 501,686,56) (S 22,56,57) (S 263,447,42) (S 17,42,41) (S 18,43,44) (D 0,0,0)
 0 1 25 167188 9425  15 (D 0,0,0) (S 19,48,44) (S 499,686,685) (S 525,685,704) (S 522,704,499) (S 527,704,711) (S 503,685,689) (S 559,689,715) (S 560,719,715) (S 504,689,277) (S 140,277,172) (S 252,271,436) (S 142,271,282) (S 182,178,180) (D 0,0,0)
 0 1 26 165829 8974  14 (D 0,0,0) (S 565,728,181) (S 91,181,180) (S 92,177,175) (S 90,175,179) (S 682,496,434) (S 251,434,435) (S 681,434,284) (S 306,284,515) (S 540,492,708) (S 543,321,323) (S 170,323,322) (S 550,721,59) (D 0,0,0)
 0 1 27 166380 8411  12 (D 0,0,0) (S 173,329,328) (S 553,328,519) (S 288,487,489) (S 307,517,516) (S 289,491,490) (S 308,490,515) (S 144,284,282) (S 541,282,492) (S 290,492,491) (S 556,517,96) (D 0,0,0)
 0 1 28 167410 8860  15 (D 0,0,0) (S 29,60,58) (S 23,58,48) (S 536,48,718) (S 538,718,706) (S 537,706,719) (S 539,719,272) (S 143,272,275) (S 139,275,276) (S 533,276,715) (S 534,715,707) (S 535,716,717) (S 524,707,706) (S 526,706,708) (D 0,0,0)
 0 1 29 167932 7688  14 (D 0,0,0) (S 547,329,520) (S 523,488,705) (S 542,705,321) (S 169,321,320) (S 310,331,521) (S 174,331,330) (S 551,330,720) (S 546,720,327) (S 563,334,726) (S 561,726,725) (S 25,61,53) (S 20,50,49) (D 0,0,0)
 0 1 30 166692 9261  13 (D 0,0,0) (S 530,57,712) (S 532,712,709) (S 529,712,713) (S 531,713,714) (S 528,711,710) (S 168,318,319) (S 341,318,52) (S 162,310,311) (S 163,310,312) (S 265,449,312) (S 164,312,313) (D 0,0,0)
 0 1 31 167676 6758  15 (D 0,0,0) (S 469,657,658) (S 470,657,63) (S 315,55,527) (S 316,528,527) (S 326,527,537) (S 59,120,119) (S 468,119,249) (S 125,249,248) (S 324,248,246) (S 124,246,247) (S 304,247,465) (S 303,507,300) (S 158,300,301) (D 0,0,0)
 0 1 32 159632 5656  12 (D 0,0,0) (S 279,478,128) (S 281,45,479) (S 419,479,396) (S 121,241,239) (S 120,239,240) (S 297,239,500) (S 438,401,631) (S 447,631,472) (S 65,132,136) (S 437,136,632) (D 0,0,0)
 0 1 33 167628 8454  10 (D 0,0,0) (S 48,100,102) (S 32,70,71) (S 33,72,71) (S 35,71,73) (S 34,73,74) (S 257,74,440) (S 255,440,438) (S 294,443,294) (D 0,0,0)
 0 1 34 153883 6668  12 (D 0,0,0) (S 580,176,736) (S 187,342,343) (S 188,343,344) (S 571,344,730) (S 579,730,734) (S 578,734,735) (S 577,734,342) (S 570,728,348) (S 190,348,349) (S 566,348,502) (D 0,0,0)
 0 1 35 163506 7039  14 (D 0,0,0) (S 436,136,631) (S 184,255,115) (S 58,116,117) (S 148,117,107) (S 50,103,105) (S 49,103,104) (S 52,103,107) (S 141,107,274) (S 183,274,339) (S 181,339,338) (S 180,338,178) (S 462,570,237) (D 0,0,0)
 0 1 36 165382 7289  11 (D 0,0,0) (S 569,340,145) (S 76,144,160) (S 68,142,141) (S 609,372,750) (S 611,750,369) (S 204,369,142) (S 102,160,198) (S 608,111,732) (S 572,732,731) (D 0,0,0)
 0 1 37 167658 8609  13 (D 0,0,0) (S 262,279,76) (S 261,76,445) (S 260,295,444) (S 259,442,441) (S 258,441,293) (S 154,293,294) (S 683,786,787) (S 685,787,68) (S 686,68,445) (S 684,445,278) (S 317,278,494) (D 0,0,0)
 0 1 38 162995 8352  16 (D 0,0,0) (S 292,338,494) (S 323,494,532) (S 555,332,99) (S 47,101,100) (S 621,100,754) (S 618,754,286) (S 145,286,280) (S 624,280,756) (S 626,755,723) (S 557,516,723) (S 558,724,722) (S 554,722,101) (S 175,332,285) (S 146,117,258) (D 0,0,0)
 0 1 39 166195 7986  13 (D 0,0,0) (S 610,258,751) (S 628,751,757) (S 627,751,753) (S 616,753,752) (S 614,752,108) (S 53,108,106) (S 51,106,105) (S 617,105,753) (S 613,108,370) (S 205,370,371) (S 615,752,144) (D 0,0,0)
 0 1 40 165427 10231  14 (D 0,0,0) (S 39,79,80) (S 87,171,168) (S 249,168,432) (S 248,432,267) (S 236,262,412) (S 665,412,291) (S 202,287,366) (S 664,782,781) (S 663,781,264) (S 135,264,261) (S 632,270,430) (S 213,384,364) (D 0,0,0)
 0 1 41 166226 9510  12 (D 0,0,0) (S 88,79,171) (S 156,171,299) (S 234,299,410) (S 207,297,299) (S 155,297,298) (S 157,298,263) (S 640,263,763) (S 656,762,776) (S 652,779,778) (S 668,783,147) (D 0,0,0)
 0 1 42 167247 9485  14 (D 0,0,0) (S 657,155,776) (S 642,771,766) (S 650,771,422) (S 654,422,774) (S 649,774,418) (S 671,416,784) (S 669,784,148) (S 44,94,95) (S 71,147,155) (S 212,379,383) (S 216,91,356) (S 217,365,354) (D 0,0,0)
 0 1 43 162682 8590  17 (D 0,0,0) (S 322,535,533) (S 318,530,531) (S 319,529,532) (S 619,96,722) (S 622,754,756) (S 623,756,755) (S 620,490,755) (S 625,755,283) (S 256,439,438) (S 253,438,437) (S 254,437,75) (S 36,75,69) (S 31,69,68) (S 37,68,76) (S 147,278,273) (D 0,0,0)
 0 1 44 162162 7003  14 (D 0,0,0) (S 586,582,739) (S 587,739,350) (S 588,740,350) (S 191,350,351) (S 585,351,739) (S 370,582,559) (S 371,559,583) (S 5,16,17) (S 389,603,604) (S 4,14,15) (S 390,15,604) (S 392,604,114) (D 0,0,0)
 0 1 45 165101 9002  11 (D 0,0,0) (S 630,409,37) (S 295,37,497) (S 85,37,170) (S 634,170,759) (S 633,759,269) (S 138,269,270) (S 137,270,159) (S 235,151,411) (S 197,152,361) (D 0,0,0)
 0 1 46 167695 10227  14 (D 0,0,0) (S 659,154,777) (S 658,777,763) (S 638,763,762) (S 641,769,770) (S 661,414,772) (S 643,772,426) (S 243,426,427) (S 242,424,425) (S 637,760,761) (S 645,761,420) (S 241,420,421) (S 667,778,783) (D 0,0,0)
 0 1 47 160943 9795  10 (D 0,0,0) (S 238,64,416) (S 670,416,775) (S 240,418,419) (S 648,418,775) (S 646,775,417) (S 647,67,417) (S 239,417,66) (S 70,65,146) (D 0,0,0)
 0 1 48 164757 9776  13 (D 0,0,0) (S 636,759,410) (S 635,410,298) (S 639,762,764) (S 660,764,779) (S 655,779,776) (S 651,776,777) (S 653,777,259) (S 131,259,260) (S 250,261,433) (S 678,433,432) (S 679,433,297) (D 0,0,0)
 0 1 49 164552 10711  11 (D 0,0,0) (S 662,781,780) (S 666,366,773) (S 644,773,12) (S 244,12,428) (S 3,12,13) (S 134,267,268) (S 676,265,431) (S 247,431,161) (S 358,162,574) (D 0,0,0)
 0 1 50 167362 9949  18 (D 0,0,0) (S 680,444,169) (S 151,81,288) (S 150,288,289) (S 149,288,268) (S 152,268,292) (S 673,292,785) (S 672,785,413) (S 237,413,165) (S 80,165,163) (S 78,163,164) (S 79,164,161) (S 77,161,162) (S 81,162,166) (S 82,166,167) (S 86,167,169) (S 83,169,168) (D 0,0,0)
 0 1 51 167512 8307  13 (D 0,0,0) (S 334,547,546) (S 347,544,511) (S 344,511,559) (S 362,559,577) (S 293,91,495) (S 42,89,90) (S 84,143,36) (S 15,36,37) (S 612,36,372) (S 206,372,157) (S 201,157,365) (D 0,0,0)
 0 1 52 166927 10196  12 (D 0,0,0) (S 153,169,81) (S 40,81,82) (S 136,268,265) (S 245,266,429) (S 674,163,429) (S 675,429,413) (S 677,785,265) (S 132,265,266) (S 133,266,164) (S 357,573,167) (D 0,0,0)
 0 1 53 165348 5649  8 (D 0,0,0) (S 453,233,397) (S 298,501,502) (S 567,502,49) (S 351,49,569) (S 118,236,237) (S 461,237,655) (D 0,0,0)
 0 1 54 157158 8459  16 (D 0,0,0) (S 391,577,114) (S 57,114,113) (S 590,378,78) (S 592,741,742) (S 591,742,459) (S 291,458,457) (S 208,376,377) (S 211,382,376) (S 209,373,77) (S 38,77,78) (S 589,78,741) (S 596,741,359) (S 597,359,746) (S 599,746,384) (D 0,0,0)
 0 1 55 151159 4497  16 (D 0,0,0) (S 422,405,217) (S 421,217,619) (S 416,619,2) (S 1,3,4) (S 418,4,620) (S 285,4,484) (S 276,38,475) (S 420,477,619) (S 110,217,218) (S 230,218,404) (S 408,404,204) (S 406,204,613) (S 404,614,615) (S 407,615,610) (D 0,0,0)
 0 1 56 147351 4443  17 (D 0,0,0) (S 403,206,612) (S 398,612,446) (S 395,446,406) (S 430,223,131) (S 64,129,130) (S 283,130,224) (S 284,481,227) (S 115,227,228) (S 425,227,624) (S 111,222,221) (S 231,221,407) (S 446,468,641) (S 445,641,640) (S 442,639,135) (S 441,135,637) (D 0,0,0)
 0 1 57 149108 6910  27 (D 0,0,0) (S 366,572,581) (S 367,581,187) (S 97,187,188) (S 368,187,580) (S 373,580,186) (S 374,186,140) (S 67,140,139) (S 354,139,185) (S 350,568,565) (S 349,565,566) (S 375,584,585) (S 378,584,587) (S 89,173,174) (S 376,586,174) (S 377,174,567) (S 364,579,580) (S 372,580,184) (S 94,184,183) (S 352,568,185) (S 95,185,186) (S 96,186,138) (S 66,138,137) (S 331,137,544) (S 333,544,546) (S 348,560,23) (D 0,0,0)
 0 1 58 163538 5112  15 (D 0,0,0) (S 415,306,486) (S 287,486,483) (S 286,38,476) (S 277,476,130) (S 113,224,225) (S 114,225,226) (S 299,503,7) (S 11,6,29) (S 2,9,10) (S 433,10,5) (S 432,5,40) (S 16,40,39) (S 112,38,223) (D 0,0,0)
