421409
57
307807
240029
 0 1 1 162771 3900  15 (D 0,0,0) (S 106,210,209) (S 406,613,204) (S 408,204,404) (S 230,404,218) (S 110,218,217) (S 422,405,217) (S 421,217,619) (S 416,619,2) (S 410,212,216) (S 109,216,215) (S 414,215,617) (S 399,408,203) (S 405,607,594) (D 0,0,0)
 0 1 2 167269 7317  11 (D 0,0,0) (S 384,194,595) (S 439,634,469) (S 271,133,468) (S 447,472,631) (S 610,258,751) (S 628,751,757) (S 627,751,753) (S 69,144,145) (S 569,145,340) (D 0,0,0)
 0 1 3 165729 4758  13 (D 0,0,0) (S 395,446,406) (S 420,619,477) (S 276,475,38) (S 286,38,476) (S 277,476,130) (S 64,130,129) (S 431,623,482) (S 284,481,227) (S 115,227,228) (S 423,624,625) (S 111,222,221) (D 0,0,0)
 0 1 4 167510 10565  24 (D 0,0,0) (S 329,510,540) (S 328,448,493) (S 509,523,695) (S 513,695,676) (S 494,677,682) (S 493,680,681) (S 496,680,678) (S 492,678,679) (S 500,687,683) (S 497,683,684) (S 498,684,557) (S 343,557,555) (S 342,556,52) (S 341,52,318) (S 168,318,319) (S 340,553,498) (S 296,498,47) (S 263,447,42) (S 17,42,41) (S 21,47,52) (S 510,698,693) (S 511,692,697) (D 0,0,0)
 0 1 5 167979 6295  11 (D 0,0,0) (S 272,132,472) (S 302,87,118) (S 491,674,675) (S 490,675,53) (S 469,657,658) (S 178,46,335) (S 129,182,257) (S 281,45,479) (S 419,479,396) (D 0,0,0)
 0 1 6 166383 7931  13 (D 0,0,0) (S 125,249,248) (S 325,248,536) (S 481,538,543) (S 336,543,314) (S 165,314,315) (S 502,688,56) (S 27,56,44) (S 18,43,44) (S 19,44,48) (S 23,48,58) (S 314,526,314) (D 0,0,0)
 0 1 7 165995 8233  14 (D 0,0,0) (S 200,364,158) (S 74,158,150) (S 235,151,411) (S 197,152,361) (S 590,378,78) (S 589,78,741) (S 596,741,359) (S 597,359,746) (S 598,746,743) (S 593,743,744) (S 595,744,745) (S 594,743,364) (D 0,0,0)
 0 1 8 167770 8902  10 (D 0,0,0) (S 501,56,686) (S 499,686,685) (S 503,685,689) (S 504,689,277) (S 140,277,172) (S 533,276,715) (S 534,715,707) (S 536,718,48) (D 0,0,0)
 0 1 9 164571 4385  17 (D 0,0,0) (S 385,593,594) (S 407,610,615) (S 404,614,615) (S 402,613,206) (S 403,206,612) (S 398,612,446) (S 229,403,402) (S 424,402,624) (S 425,624,227) (S 282,227,480) (S 429,219,504) (S 231,407,221) (S 443,395,641) (S 445,641,640) (S 444,642,635) (D 0,0,0)
 0 1 10 151796 4659  13 (D 0,0,0) (S 112,223,38) (S 16,39,40) (S 432,40,5) (S 433,5,10) (S 2,10,9) (S 11,6,29) (S 299,503,7) (S 114,226,225) (S 113,225,224) (S 283,224,130) (S 430,131,223) (D 0,0,0)
 0 1 11 167531 8862  12 (D 0,0,0) (S 548,534,721) (S 551,330,720) (S 546,720,327) (S 619,96,722) (S 175,332,285) (S 258,293,441) (S 294,443,294) (S 683,786,787) (S 686,68,445) (S 684,445,278) (D 0,0,0)
 0 1 12 158964 6483  13 (D 0,0,0) (S 116,233,232) (S 223,232,391) (S 226,396,238) (S 119,238,50) (S 186,341,182) (S 93,182,181) (S 565,181,728) (S 570,728,348) (S 190,348,349) (S 298,501,502) (S 567,502,49) (D 0,0,0)
 0 1 13 165544 4862  18 (D 0,0,0) (S 401,611,210) (S 400,210,203) (S 105,203,205) (S 409,616,216) (S 417,213,2) (S 1,3,4) (S 418,4,620) (S 285,484,4) (S 287,483,486) (S 415,486,306) (S 160,306,307) (S 108,213,212) (S 107,212,211) (S 413,211,618) (S 411,211,616) (S 412,616,617) (D 0,0,0)
 0 1 14 108132 1993  8 (D 0,0,0) (S 99,192,190) (S 98,190,189) (S 379,189,588) (S 380,189,561) (S 396,564,596) (S 100,194,193) (D 0,0,0)
 0 1 15 164949 6821  20 (D 0,0,0) (S 437,632,136) (S 436,136,631) (S 20,49,50) (S 176,51,333) (S 25,53,61) (S 315,55,527) (S 316,528,527) (S 326,527,537) (S 59,120,119) (S 468,119,249) (S 324,248,246) (S 124,246,247) (S 304,247,465) (S 158,300,301) (S 300,485,504) (S 446,468,641) (S 442,639,135) (S 441,135,637) (D 0,0,0)
 0 1 16 167560 6406  11 (D 0,0,0) (S 351,569,49) (S 566,502,348) (S 91,181,180) (S 92,177,175) (S 90,175,179) (S 128,256,255) (S 130,255,258) (S 575,733,345) (S 370,582,559) (D 0,0,0)
 0 1 17 142464 6149  22 (D 0,0,0) (S 346,562,191) (S 10,25,26) (S 332,27,545) (S 335,545,512) (S 353,511,139) (S 67,139,140) (S 374,140,186) (S 95,186,185) (S 354,139,185) (S 352,185,568) (S 377,567,174) (S 89,173,174) (S 376,586,174) (S 378,584,587) (S 375,584,585) (S 349,565,566) (S 350,565,568) (S 94,183,184) (S 372,184,580) (S 356,572,24) (D 0,0,0)
 0 1 18 46970 1004  8 (D 0,0,0) (S 382,592,590) (S 381,590,591) (S 266,450,451) (S 268,453,454) (S 267,452,453) (S 269,455,456) (D 0,0,0)
 0 1 19 164424 6698  11 (D 0,0,0) (S 362,559,577) (S 359,577,576) (S 361,336,112) (S 193,355,354) (S 203,368,109) (S 55,109,111) (S 572,732,731) (S 573,731,93) (S 43,92,93) (D 0,0,0)
 0 1 20 167720 9660  15 (D 0,0,0) (S 260,295,444) (S 682,496,434) (S 251,434,435) (S 681,434,284) (S 139,275,276) (S 143,275,272) (S 539,272,719) (S 560,719,715) (S 559,715,689) (S 537,719,706) (S 538,706,718) (S 29,58,60) (S 24,60,59) (D 0,0,0)
 0 1 21 167614 9553  13 (D 0,0,0) (S 138,270,269) (S 131,259,260) (S 663,264,781) (S 664,782,781) (S 662,781,780) (S 655,779,776) (S 656,776,762) (S 638,762,763) (S 640,763,263) (S 633,269,759) (S 15,37,36) (D 0,0,0)
 0 1 22 163208 6447  14 (D 0,0,0) (S 347,544,511) (S 344,511,559) (S 371,559,583) (S 5,16,17) (S 389,603,604) (S 4,14,15) (S 390,15,604) (S 392,604,114) (S 57,114,113) (S 179,337,336) (S 56,112,113) (S 391,114,577) (D 0,0,0)
 0 1 23 166403 10874  16 (D 0,0,0) (S 217,354,365) (S 212,383,379) (S 667,783,778) (S 660,779,764) (S 639,764,762) (S 665,412,291) (S 202,287,366) (S 666,366,773) (S 644,773,12) (S 244,12,428) (S 3,12,13) (S 649,774,418) (S 671,416,784) (S 669,784,148) (D 0,0,0)
 0 1 24 163518 6973  23 (D 0,0,0) (S 275,474,473) (S 273,473,132) (S 65,132,136) (S 438,631,401) (S 387,398,601) (S 455,645,650) (S 454,650,649) (S 460,649,653) (S 459,654,653) (S 456,650,651) (S 457,652,651) (S 458,651,647) (S 450,646,647) (S 451,647,645) (S 449,645,234) (S 117,234,235) (S 452,234,644) (S 448,644,599) (S 464,655,656) (S 461,237,655) (S 463,655,598) (D 0,0,0)
 0 1 25 166366 8297  17 (D 0,0,0) (S 185,340,179) (S 147,273,278) (S 621,100,754) (S 622,754,756) (S 626,755,723) (S 557,723,516) (S 620,490,755) (S 623,755,756) (S 624,756,280) (S 145,280,286) (S 618,286,754) (S 47,100,101) (S 555,99,332) (S 323,532,494) (S 292,494,338) (D 0,0,0)
 0 1 26 167991 10458  12 (D 0,0,0) (S 39,79,80) (S 88,79,171) (S 87,171,168) (S 357,167,573) (S 236,412,262) (S 135,261,264) (S 658,763,777) (S 659,777,154) (S 214,354,385) (S 192,352,353) (D 0,0,0)
 0 1 27 166160 7764  12 (D 0,0,0) (S 146,258,117) (S 52,107,103) (S 51,105,106) (S 53,106,108) (S 615,752,144) (S 76,144,160) (S 102,160,198) (S 196,198,360) (S 103,198,199) (S 369,93,582) (D 0,0,0)
 0 1 28 164041 4793  14 (D 0,0,0) (S 440,635,403) (S 228,400,399) (S 428,394,625) (S 427,625,626) (S 426,626,627) (S 6,19,18) (S 297,239,500) (S 120,239,240) (S 121,239,241) (S 453,397,233) (S 388,602,599) (S 274,195,28) (D 0,0,0)
 0 1 29 166777 9550  13 (D 0,0,0) (S 678,433,432) (S 249,432,168) (S 83,168,169) (S 153,169,81) (S 40,81,82) (S 151,81,288) (S 150,288,289) (S 149,288,268) (S 134,268,267) (S 250,261,433) (S 679,433,297) (D 0,0,0)
 0 1 30 166971 7242  11 (D 0,0,0) (S 177,54,334) (S 545,535,327) (S 172,327,326) (S 45,97,98) (S 46,98,83) (S 41,83,84) (S 552,326,533) (S 322,533,535) (S 470,63,657) (D 0,0,0)
 0 1 31 167983 8358  12 (D 0,0,0) (S 549,721,521) (S 310,521,331) (S 170,322,323) (S 542,321,705) (S 540,708,492) (S 290,492,491) (S 289,491,490) (S 48,100,102) (S 317,278,494) (S 318,530,531) (D 0,0,0)
 0 1 32 167876 8896  19 (D 0,0,0) (S 489,551,309) (S 309,122,518) (S 495,518,676) (S 508,682,697) (S 164,313,312) (S 265,449,312) (S 163,312,310) (S 162,310,311) (S 339,310,555) (S 521,698,684) (S 520,684,691) (S 515,690,701) (S 516,701,702) (S 167,317,316) (S 477,524,669) (S 475,669,552) (S 338,552,551) (D 0,0,0)
 0 1 33 166215 8284  14 (D 0,0,0) (S 264,448,124) (S 61,123,121) (S 311,518,523) (S 313,526,60) (S 544,58,323) (S 543,323,321) (S 523,705,488) (S 173,328,329) (S 547,329,520) (S 174,331,330) (S 550,721,59) (S 30,59,55) (D 0,0,0)
 0 1 34 164354 7802  12 (D 0,0,0) (S 210,93,110) (S 218,110,386) (S 201,365,157) (S 206,157,372) (S 612,372,36) (S 84,36,143) (S 609,372,750) (S 611,750,369) (S 205,370,371) (S 564,727,728) (D 0,0,0)
 0 1 35 167153 8541  16 (D 0,0,0) (S 586,582,739) (S 585,739,351) (S 604,385,368) (S 603,368,749) (S 605,749,156) (S 75,156,157) (S 73,157,143) (S 137,159,270) (S 631,430,758) (S 629,758,409) (S 295,37,497) (S 630,37,409) (S 233,409,158) (S 42,90,89) (D 0,0,0)
 0 1 36 167739 7448  13 (D 0,0,0) (S 182,180,178) (S 262,279,76) (S 261,76,445) (S 31,68,69) (S 34,74,73) (S 35,73,71) (S 33,72,71) (S 32,71,70) (S 183,274,339) (S 181,339,338) (S 180,338,178) (D 0,0,0)
 0 1 37 166414 8576  13 (D 0,0,0) (S 227,391,396) (S 556,96,517) (S 308,490,515) (S 306,515,284) (S 144,284,282) (S 142,282,271) (S 252,271,436) (S 541,282,492) (S 307,516,517) (S 288,487,489) (S 553,519,328) (D 0,0,0)
 0 1 38 164731 8498  16 (D 0,0,0) (S 507,526,694) (S 505,694,688) (S 506,688,556) (S 26,52,57) (S 22,57,56) (S 166,313,315) (S 512,315,695) (S 519,699,701) (S 518,317,703) (S 517,703,700) (S 514,700,122) (S 60,122,121) (S 62,121,124) (S 161,309,308) (D 0,0,0)
 0 1 39 166139 5559  12 (D 0,0,0) (S 465,621,478) (S 278,478,85) (S 279,478,128) (S 122,243,127) (S 280,242,128) (S 63,128,126) (S 466,126,244) (S 123,244,245) (S 301,86,463) (S 101,196,197) (D 0,0,0)
 0 1 40 167946 8967  15 (D 0,0,0) (S 169,320,321) (S 526,708,706) (S 524,706,707) (S 535,716,717) (S 525,685,704) (S 522,704,499) (S 527,704,711) (S 528,711,710) (S 532,709,712) (S 529,712,713) (S 531,713,714) (S 530,712,57) (S 28,62,61) (D 0,0,0)
 0 1 41 165398 8645  20 (D 0,0,0) (S 435,480,630) (S 434,628,629) (S 467,630,505) (S 303,300,507) (S 330,509,543) (S 479,541,125) (S 478,125,669) (S 482,669,251) (S 312,522,525) (S 305,513,514) (S 480,522,251) (S 126,252,30) (S 12,30,31) (S 13,31,32) (S 471,662,550) (S 337,549,542) (S 127,254,253) (S 484,253,506) (D 0,0,0)
 0 1 42 167490 7508  15 (D 0,0,0) (S 270,465,466) (S 327,508,304) (S 159,304,305) (S 488,303,673) (S 472,663,35) (S 14,33,34) (S 476,663,670) (S 473,664,665) (S 474,666,668) (S 483,660,671) (S 485,671,673) (S 486,673,548) (S 487,548,253) (D 0,0,0)
 0 1 43 166240 8749  9 (D 0,0,0) (S 199,363,150) (S 246,150,430) (S 632,430,270) (S 653,259,777) (S 651,777,776) (S 668,783,147) (S 198,149,362) (D 0,0,0)
 0 1 44 167913 9074  15 (D 0,0,0) (S 213,364,384) (S 208,376,377) (S 211,382,376) (S 601,381,747) (S 600,747,153) (S 71,155,147) (S 44,94,95) (S 209,373,77) (S 38,77,78) (S 216,91,356) (S 191,351,350) (S 588,740,350) (S 587,350,739) (D 0,0,0)
 0 1 45 156882 4298  20 (D 0,0,0) (S 348,23,560) (S 334,547,546) (S 333,546,544) (S 331,544,137) (S 66,137,138) (S 96,138,186) (S 373,186,580) (S 364,579,580) (S 368,580,187) (S 97,187,188) (S 367,187,581) (S 366,581,572) (S 363,572,578) (S 365,578,571) (S 355,571,24) (S 9,24,21) (S 7,21,22) (S 8,21,23) (D 0,0,0)
 0 1 46 167994 6299  10 (D 0,0,0) (S 118,237,236) (S 561,725,726) (S 563,726,334) (S 562,334,535) (S 321,535,324) (S 171,324,325) (S 320,324,534) (S 462,570,237) (D 0,0,0)
 0 1 47 166678 8156  19 (D 0,0,0) (S 581,346,737) (S 189,346,347) (S 184,255,115) (S 58,116,117) (S 148,117,107) (S 141,107,274) (S 49,103,104) (S 50,103,105) (S 617,105,753) (S 616,753,752) (S 614,752,108) (S 204,369,142) (S 68,142,141) (S 72,141,156) (S 606,749,199) (S 607,199,111) (S 54,109,110) (D 0,0,0)
 0 1 48 164618 8476  11 (D 0,0,0) (S 194,357,356) (S 293,91,495) (S 195,358,359) (S 291,457,458) (S 591,459,742) (S 592,742,741) (S 599,746,384) (S 584,386,738) (S 583,738,575) (D 0,0,0)
 0 1 49 167855 10401  17 (D 0,0,0) (S 215,363,358) (S 602,747,748) (S 657,155,776) (S 652,779,778) (S 642,771,766) (S 641,769,770) (S 661,414,772) (S 643,772,426) (S 243,426,427) (S 242,424,425) (S 637,760,761) (S 645,761,420) (S 241,420,421) (S 654,774,422) (S 650,422,771) (D 0,0,0)
 0 1 50 167834 10416  13 (D 0,0,0) (S 248,432,267) (S 136,268,265) (S 677,785,265) (S 132,265,266) (S 133,266,164) (S 245,266,429) (S 672,413,785) (S 673,785,292) (S 152,292,268) (S 676,265,431) (S 358,574,162) (D 0,0,0)
 0 1 51 165261 9795  11 (D 0,0,0) (S 360,575,355) (S 238,64,416) (S 670,416,775) (S 648,775,418) (S 240,418,419) (S 646,775,417) (S 647,67,417) (S 239,417,66) (S 70,65,146) (D 0,0,0)
 0 1 52 136856 3361  10 (D 0,0,0) (S 224,392,390) (S 222,390,387) (S 219,387,201) (S 220,200,388) (S 221,388,389) (S 225,389,393) (S 232,392,408) (S 104,202,203) (D 0,0,0)
 0 1 53 167347 10197  17 (D 0,0,0) (S 37,76,68) (S 154,294,293) (S 259,441,442) (S 82,167,166) (S 81,166,162) (S 77,162,161) (S 79,161,164) (S 674,163,429) (S 675,429,413) (S 237,413,165) (S 80,165,163) (S 78,163,164) (S 247,161,431) (S 86,167,169) (S 680,169,444) (D 0,0,0)
 0 1 54 167629 9103  13 (D 0,0,0) (S 685,787,68) (S 156,171,299) (S 157,263,298) (S 234,410,299) (S 207,299,297) (S 155,297,298) (S 635,298,410) (S 636,410,759) (S 634,759,170) (S 85,170,37) (S 613,370,108) (D 0,0,0)
 0 1 55 167695 7293  14 (D 0,0,0) (S 568,727,729) (S 580,176,736) (S 187,342,343) (S 188,343,344) (S 608,111,732) (S 574,731,344) (S 571,344,730) (S 576,733,145) (S 579,730,734) (S 578,734,735) (S 577,734,342) (S 582,346,727) (D 0,0,0)
 0 1 56 167453 8503  12 (D 0,0,0) (S 319,529,532) (S 554,101,722) (S 558,722,724) (S 625,755,283) (S 255,438,440) (S 257,440,74) (S 36,75,69) (S 254,75,437) (S 253,437,438) (S 256,438,439) (D 0,0,0)
 0 1 57 137599 2372  8 (D 0,0,0) (S 386,593,597) (S 383,594,194) (S 397,596,605) (S 393,605,208) (S 394,208,607) (S 345,562,563) (D 0,0,0)
