410242
56
1802929
1769116
 0 1 1 160888 3766  16 (D 0,0,0) (S 403,206,612) (S 398,612,446) (S 395,446,406) (S 422,405,217) (S 421,217,619) (S 416,619,2) (S 417,2,213) (S 108,213,212) (S 107,212,211) (S 413,211,618) (S 411,211,616) (S 412,616,617) (S 399,408,203) (S 400,203,210) (D 0,0,0)
 0 1 2 163605 3817  15 (D 0,0,0) (S 401,611,210) (S 104,202,203) (S 225,389,393) (S 221,389,388) (S 220,388,200) (S 219,201,387) (S 222,387,390) (S 224,390,392) (S 232,392,408) (S 105,203,205) (S 106,210,209) (S 404,614,615) (S 407,615,610) (D 0,0,0)
 0 1 3 164727 4689  18 (D 0,0,0) (S 402,206,613) (S 406,613,204) (S 408,204,404) (S 230,404,218) (S 110,218,217) (S 420,619,477) (S 285,484,4) (S 418,4,620) (S 287,483,486) (S 415,486,306) (S 160,306,307) (S 410,212,216) (S 409,616,216) (S 109,216,215) (S 414,215,617) (S 385,594,593) (D 0,0,0)
 0 1 4 161477 2372  9 (D 0,0,0) (S 345,563,562) (S 405,594,607) (S 394,607,208) (S 393,208,605) (S 397,605,596) (S 383,194,594) (S 386,593,597) (D 0,0,0)
 0 1 5 167057 2717  11 (D 0,0,0) (S 99,192,190) (S 98,190,189) (S 379,189,588) (S 380,189,561) (S 8,23,21) (S 356,24,572) (S 363,572,578) (S 365,578,571) (S 355,571,24) (D 0,0,0)
 0 1 6 165639 6789  27 (D 0,0,0) (S 7,21,22) (S 9,21,24) (S 366,572,581) (S 367,581,187) (S 97,187,188) (S 368,187,580) (S 364,579,580) (S 372,580,184) (S 94,184,183) (S 350,568,565) (S 377,567,174) (S 89,173,174) (S 376,586,174) (S 375,584,585) (S 378,584,587) (S 349,565,566) (S 352,568,185) (S 354,185,139) (S 67,139,140) (S 374,140,186) (S 373,186,580) (S 96,186,138) (S 66,138,137) (S 331,137,544) (S 335,512,545) (D 0,0,0)
 0 1 7 164062 8049  13 (D 0,0,0) (S 334,547,546) (S 594,364,743) (S 593,743,744) (S 595,744,745) (S 598,743,746) (S 195,359,358) (S 197,361,152) (S 74,150,158) (S 42,90,89) (S 194,356,357) (S 360,355,575) (D 0,0,0)
 0 1 8 167935 7638  16 (D 0,0,0) (S 10,25,26) (S 332,27,545) (S 54,110,109) (S 55,109,111) (S 607,111,199) (S 606,199,749) (S 604,368,385) (S 192,352,353) (S 193,354,355) (S 362,577,559) (S 344,559,511) (S 353,511,139) (S 95,185,186) (S 333,544,546) (D 0,0,0)
 0 1 9 167650 5751  12 (D 0,0,0) (S 463,598,655) (S 464,655,656) (S 462,237,570) (S 351,569,49) (S 298,501,502) (S 567,502,49) (S 227,396,391) (S 116,232,233) (S 388,602,599) (S 274,195,28) (D 0,0,0)
 0 1 10 167532 7112  14 (D 0,0,0) (S 128,256,255) (S 184,255,115) (S 58,116,117) (S 148,117,107) (S 141,107,274) (S 147,273,278) (S 317,278,494) (S 180,338,178) (S 190,348,349) (S 566,348,502) (S 223,391,232) (S 447,631,472) (D 0,0,0)
 0 1 11 166431 6478  18 (D 0,0,0) (S 272,132,472) (S 6,18,19) (S 278,85,478) (S 280,128,242) (S 122,243,127) (S 129,257,182) (S 186,341,182) (S 93,182,181) (S 565,728,181) (S 91,181,180) (S 92,177,175) (S 90,175,179) (S 185,179,340) (S 568,729,727) (S 564,727,728) (S 570,728,348) (D 0,0,0)
 0 1 12 165777 4019  13 (D 0,0,0) (S 444,635,642) (S 424,402,624) (S 423,624,625) (S 427,625,626) (S 426,626,627) (S 111,222,221) (S 446,641,468) (S 271,468,133) (S 439,469,634) (S 101,197,196) (S 346,191,562) (D 0,0,0)
 0 1 13 166185 5398  17 (D 0,0,0) (S 100,193,194) (S 384,194,595) (S 441,637,135) (S 442,135,639) (S 445,640,641) (S 443,641,395) (S 231,221,407) (S 429,504,219) (S 467,505,630) (S 434,628,629) (S 435,630,480) (S 282,480,227) (S 283,224,130) (S 64,130,129) (S 430,131,223) (D 0,0,0)
 0 1 14 167243 4681  14 (D 0,0,0) (S 431,623,482) (S 113,224,225) (S 114,225,226) (S 299,503,7) (S 11,6,29) (S 2,9,10) (S 433,10,5) (S 432,5,40) (S 16,40,39) (S 112,38,223) (S 440,403,635) (S 396,596,564) (D 0,0,0)
 0 1 15 165473 4549  12 (D 0,0,0) (S 229,403,402) (S 228,400,399) (S 428,394,625) (S 425,624,227) (S 115,227,228) (S 284,227,481) (S 277,130,476) (S 286,476,38) (S 276,38,475) (S 1,4,3) (D 0,0,0)
 0 1 16 167098 8250  21 (D 0,0,0) (S 484,506,253) (S 127,253,254) (S 487,253,548) (S 486,548,673) (S 13,32,31) (S 12,31,30) (S 126,252,30) (S 480,251,522) (S 312,522,525) (S 305,513,514) (S 167,316,317) (S 518,317,703) (S 517,703,700) (S 514,700,122) (S 60,122,121) (S 61,123,121) (S 479,125,541) (S 330,543,509) (S 270,466,465) (D 0,0,0)
 0 1 17 166149 8148  16 (D 0,0,0) (S 158,300,301) (S 303,300,507) (S 337,542,549) (S 471,550,662) (S 473,664,665) (S 474,666,668) (S 14,33,34) (S 472,35,663) (S 476,663,670) (S 483,660,671) (S 485,671,673) (S 488,673,303) (S 159,305,304) (S 327,304,508) (D 0,0,0)
 0 1 18 165060 9047  13 (D 0,0,0) (S 686,445,68) (S 685,68,787) (S 683,786,787) (S 31,68,69) (S 294,294,443) (S 682,496,434) (S 251,434,435) (S 681,434,284) (S 306,284,515) (S 308,515,490) (S 619,722,96) (D 0,0,0)
 0 1 19 164754 5209  8 (D 0,0,0) (S 453,233,397) (S 419,396,479) (S 281,479,45) (S 178,46,335) (S 118,236,237) (S 461,237,655) (D 0,0,0)
 0 1 20 46970 1004  8 (D 0,0,0) (S 269,455,456) (S 267,452,453) (S 268,453,454) (S 266,450,451) (S 382,592,590) (S 381,590,591) (D 0,0,0)
 0 1 21 167806 9362  12 (D 0,0,0) (S 348,23,560) (S 629,409,758) (S 138,270,269) (S 131,259,260) (S 663,264,781) (S 664,781,782) (S 665,412,291) (S 236,412,262) (S 250,261,433) (S 207,297,299) (D 0,0,0)
 0 1 22 167034 10021  13 (D 0,0,0) (S 135,264,261) (S 152,268,292) (S 673,292,785) (S 672,785,413) (S 237,413,165) (S 80,165,163) (S 675,429,413) (S 677,785,265) (S 136,265,268) (S 134,268,267) (S 248,267,432) (D 0,0,0)
 0 1 23 166770 9080  14 (D 0,0,0) (S 659,154,777) (S 651,777,776) (S 660,779,764) (S 639,764,762) (S 656,762,776) (S 655,776,779) (S 652,779,778) (S 667,778,783) (S 668,783,147) (S 71,147,155) (S 601,747,381) (S 212,379,383) (D 0,0,0)
 0 1 24 167834 10769  16 (D 0,0,0) (S 215,363,358) (S 662,781,780) (S 666,773,366) (S 202,366,287) (S 3,13,12) (S 244,12,428) (S 644,12,773) (S 243,426,427) (S 643,426,772) (S 242,424,425) (S 661,772,414) (S 641,770,769) (S 642,766,771) (S 657,776,155) (D 0,0,0)
 0 1 25 167406 9036  17 (D 0,0,0) (S 214,385,354) (S 590,378,78) (S 589,741,78) (S 38,78,77) (S 209,77,373) (S 208,376,377) (S 211,382,376) (S 291,457,458) (S 591,459,742) (S 592,742,741) (S 596,741,359) (S 597,359,746) (S 599,746,384) (S 293,91,495) (S 347,511,544) (D 0,0,0)
 0 1 26 167926 6631  12 (D 0,0,0) (S 370,559,582) (S 188,344,343) (S 187,343,342) (S 577,342,734) (S 578,734,735) (S 579,734,730) (S 571,730,344) (S 574,344,731) (S 573,731,93) (S 369,93,582) (D 0,0,0)
 0 1 27 167243 7298  11 (D 0,0,0) (S 210,93,110) (S 201,365,157) (S 206,157,372) (S 609,372,750) (S 611,750,369) (S 614,108,752) (S 628,751,757) (S 610,751,258) (S 130,258,255) (D 0,0,0)
 0 1 28 165919 4985  13 (D 0,0,0) (S 300,504,485) (S 301,463,86) (S 123,244,245) (S 466,244,126) (S 63,126,128) (S 279,128,478) (S 465,478,621) (S 436,631,136) (S 65,136,132) (S 273,132,473) (S 275,473,474) (D 0,0,0)
 0 1 29 166710 7566  12 (D 0,0,0) (S 569,340,145) (S 627,751,753) (S 617,753,105) (S 616,753,752) (S 615,752,144) (S 69,144,145) (S 580,736,176) (S 189,347,346) (S 581,346,737) (S 582,346,727) (D 0,0,0)
 0 1 30 167451 8570  14 (D 0,0,0) (S 182,180,178) (S 175,332,285) (S 145,286,280) (S 624,280,756) (S 623,756,755) (S 625,755,283) (S 144,284,282) (S 541,282,492) (S 523,705,488) (S 553,519,328) (S 546,720,327) (S 321,535,324) (D 0,0,0)
 0 1 31 167919 7504  11 (D 0,0,0) (S 322,535,533) (S 552,533,326) (S 41,83,84) (S 173,328,329) (S 547,329,520) (S 170,322,323) (S 544,323,58) (S 29,58,60) (S 20,50,49) (D 0,0,0)
 0 1 32 160904 6757  14 (D 0,0,0) (S 304,465,247) (S 125,248,249) (S 468,249,119) (S 59,119,120) (S 326,537,527) (S 316,528,527) (S 315,527,55) (S 470,63,657) (S 469,657,658) (S 490,53,675) (S 491,675,674) (S 302,118,87) (D 0,0,0)
 0 1 33 167772 9010  16 (D 0,0,0) (S 329,510,540) (S 328,448,493) (S 165,314,315) (S 166,315,313) (S 501,56,686) (S 499,686,685) (S 522,704,499) (S 525,704,685) (S 503,685,689) (S 559,689,715) (S 560,715,719) (S 539,719,272) (S 252,271,436) (S 142,271,282) (D 0,0,0)
 0 1 34 167953 9691  13 (D 0,0,0) (S 24,59,60) (S 529,712,713) (S 531,713,714) (S 527,704,711) (S 528,711,710) (S 340,553,498) (S 296,498,47) (S 17,41,42) (S 263,447,42) (S 21,47,52) (S 26,52,57) (D 0,0,0)
 0 1 35 166649 8534  20 (D 0,0,0) (S 30,55,59) (S 23,58,48) (S 19,48,44) (S 18,43,44) (S 27,44,56) (S 502,56,688) (S 511,692,697) (S 508,697,682) (S 492,678,679) (S 496,678,680) (S 493,680,681) (S 494,682,677) (S 513,676,695) (S 509,695,523) (S 311,523,518) (S 309,518,122) (S 62,121,124) (S 264,124,448) (D 0,0,0)
 0 1 36 167623 9592  25 (D 0,0,0) (S 338,551,552) (S 475,552,669) (S 477,669,524) (S 495,518,676) (S 512,695,315) (S 164,313,312) (S 265,449,312) (S 163,312,310) (S 162,310,311) (S 339,310,555) (S 343,555,557) (S 498,557,684) (S 497,684,683) (S 500,683,687) (S 510,693,698) (S 521,698,684) (S 520,684,691) (S 515,690,701) (S 516,701,702) (S 519,701,699) (S 482,251,669) (S 478,669,125) (S 489,309,551) (D 0,0,0)
 0 1 37 165986 9815  13 (D 0,0,0) (S 258,293,441) (S 259,441,442) (S 82,167,166) (S 81,166,162) (S 79,161,164) (S 78,164,163) (S 674,163,429) (S 245,429,266) (S 133,266,164) (S 132,266,265) (S 357,573,167) (D 0,0,0)
 0 1 38 167193 9124  11 (D 0,0,0) (S 85,37,170) (S 634,170,759) (S 633,759,269) (S 636,759,410) (S 155,298,297) (S 679,297,433) (S 678,433,432) (S 249,432,168) (S 260,444,295) (D 0,0,0)
 0 1 39 167797 9650  16 (D 0,0,0) (S 154,294,293) (S 680,444,169) (S 86,169,167) (S 358,574,162) (S 77,162,161) (S 247,161,431) (S 676,431,265) (S 149,268,288) (S 150,288,289) (S 151,288,81) (S 40,81,82) (S 153,81,169) (S 83,169,168) (S 87,168,171) (D 0,0,0)
 0 1 40 167225 9687  15 (D 0,0,0) (S 612,372,36) (S 295,37,497) (S 39,79,80) (S 88,79,171) (S 156,171,299) (S 234,299,410) (S 635,410,298) (S 157,298,263) (S 640,263,763) (S 638,762,763) (S 658,763,777) (S 653,777,259) (S 631,430,758) (D 0,0,0)
 0 1 41 167662 8182  10 (D 0,0,0) (S 213,364,384) (S 198,362,149) (S 235,151,411) (S 137,159,270) (S 632,270,430) (S 246,430,150) (S 199,150,363) (S 217,365,354) (D 0,0,0)
 0 1 42 167950 9731  10 (D 0,0,0) (S 602,747,748) (S 600,747,153) (S 44,94,95) (S 669,148,784) (S 670,416,775) (S 239,417,66) (S 238,64,416) (S 671,416,784) (D 0,0,0)
 0 1 43 166942 10281  14 (D 0,0,0) (S 43,92,93) (S 650,771,422) (S 654,422,774) (S 241,420,421) (S 645,420,761) (S 637,760,761) (S 649,774,418) (S 240,418,419) (S 648,418,775) (S 646,775,417) (S 647,417,67) (S 70,65,146) (D 0,0,0)
 0 1 44 166892 7175  13 (D 0,0,0) (S 575,345,733) (S 576,733,145) (S 76,144,160) (S 68,142,141) (S 72,141,156) (S 605,156,749) (S 603,749,368) (S 203,368,109) (S 218,110,386) (S 583,738,575) (S 359,576,577) (D 0,0,0)
 0 1 45 166472 6447  13 (D 0,0,0) (S 371,559,583) (S 5,16,17) (S 389,603,604) (S 390,604,15) (S 4,14,15) (S 392,604,114) (S 179,337,336) (S 361,336,112) (S 56,112,113) (S 57,113,114) (S 391,114,577) (D 0,0,0)
 0 1 46 167732 8010  16 (D 0,0,0) (S 585,739,351) (S 584,738,386) (S 75,156,157) (S 73,157,143) (S 84,143,36) (S 15,36,37) (S 630,37,409) (S 233,409,158) (S 200,158,364) (S 216,91,356) (S 191,351,350) (S 588,740,350) (S 587,350,739) (S 586,739,582) (D 0,0,0)
 0 1 47 166587 7998  16 (D 0,0,0) (S 146,258,117) (S 52,107,103) (S 49,103,104) (S 50,103,105) (S 51,105,106) (S 53,106,108) (S 613,108,370) (S 205,370,371) (S 204,369,142) (S 102,160,198) (S 196,198,360) (S 103,198,199) (S 608,111,732) (S 572,732,731) (D 0,0,0)
 0 1 48 167611 7892  12 (D 0,0,0) (S 684,278,445) (S 261,445,76) (S 33,72,71) (S 32,71,70) (S 618,286,754) (S 621,754,100) (S 47,100,101) (S 555,99,332) (S 319,532,529) (S 318,530,531) (D 0,0,0)
 0 1 49 167960 8427  16 (D 0,0,0) (S 292,338,494) (S 323,494,532) (S 45,97,98) (S 46,98,83) (S 556,96,517) (S 288,487,489) (S 307,517,516) (S 289,491,490) (S 620,490,755) (S 626,755,723) (S 622,756,754) (S 48,100,102) (S 183,274,339) (S 181,339,338) (D 0,0,0)
 0 1 50 167161 8032  12 (D 0,0,0) (S 35,71,73) (S 34,73,74) (S 257,74,440) (S 255,440,438) (S 256,438,439) (S 253,438,437) (S 254,437,75) (S 36,75,69) (S 37,68,76) (S 262,76,279) (D 0,0,0)
 0 1 51 167337 7856  14 (D 0,0,0) (S 177,54,334) (S 545,535,327) (S 172,327,326) (S 554,101,722) (S 558,722,724) (S 557,723,516) (S 290,491,492) (S 540,492,708) (S 542,705,321) (S 543,321,323) (S 174,331,330) (S 550,721,59) (D 0,0,0)
 0 1 52 167394 7091  12 (D 0,0,0) (S 548,534,721) (S 549,721,521) (S 310,331,521) (S 313,60,526) (S 314,526,314) (S 336,314,543) (S 481,543,538) (S 325,536,248) (S 324,248,246) (S 124,246,247) (D 0,0,0)
 0 1 53 167553 8632  12 (D 0,0,0) (S 22,56,57) (S 530,57,712) (S 532,712,709) (S 168,318,319) (S 341,318,52) (S 342,52,556) (S 506,556,688) (S 505,688,694) (S 507,694,526) (S 161,308,309) (D 0,0,0)
 0 1 54 166414 6386  12 (D 0,0,0) (S 119,238,50) (S 176,51,333) (S 25,53,61) (S 320,534,324) (S 171,324,325) (S 562,535,334) (S 563,334,726) (S 561,726,725) (S 28,62,61) (S 226,238,396) (D 0,0,0)
 0 1 55 167657 9153  16 (D 0,0,0) (S 551,330,720) (S 169,320,321) (S 526,708,706) (S 524,706,707) (S 535,716,717) (S 534,707,715) (S 533,715,276) (S 139,276,275) (S 143,272,275) (S 140,277,172) (S 504,277,689) (S 537,719,706) (S 538,706,718) (S 536,718,48) (D 0,0,0)
 0 1 56 156216 6784  21 (D 0,0,0) (S 437,632,136) (S 438,631,401) (S 121,241,239) (S 120,239,240) (S 297,239,500) (S 387,398,601) (S 452,644,234) (S 449,234,645) (S 451,645,647) (S 450,646,647) (S 458,647,651) (S 457,652,651) (S 456,651,650) (S 454,650,649) (S 460,649,653) (S 459,654,653) (S 455,650,645) (S 117,234,235) (S 448,644,599) (D 0,0,0)
