743647
28
2467109
1285443
 0 1 1 8965 17896  13 (D 0,0,0) (S 70,151,205) (S 453,557,301) (S 454,301,827) (S 111,301,300) (S 219,306,558) (S 458,558,826) (S 452,826,208) (S 71,208,207) (S 275,207,590) (S 237,206,585) (S 243,585,532) (D 0,0,0)
 0 1 2 8996 31545  19 (D 0,0,0) (S 461,494,814) (S 166,442,441) (S 449,665,662) (S 287,640,641) (S 448,556,641) (S 314,683,467) (S 176,465,466) (S 323,692,466) (S 315,467,684) (S 177,467,468) (S 178,468,469) (S 218,469,473) (S 7,18,19) (S 398,19,769) (S 8,19,20) (S 459,335,357) (S 415,495,325) (D 0,0,0)
 0 1 3 8877 29770  20 (D 0,0,0) (S 419,331,580) (S 25,58,59) (S 183,480,479) (S 400,479,772) (S 399,478,771) (S 182,478,92) (S 102,282,283) (S 351,282,720) (S 366,281,477) (S 180,477,199) (S 179,199,79) (S 316,143,476) (S 69,199,198) (S 101,279,280) (S 181,477,92) (S 285,93,562) (S 284,456,58) (S 281,422,515) (D 0,0,0)
 0 1 4 8972 21575  19 (D 0,0,0) (S 129,326,350) (S 128,350,349) (S 127,349,169) (S 26,61,62) (S 332,705,607) (S 331,607,704) (S 330,704,703) (S 329,703,702) (S 418,166,702) (S 328,702,701) (S 327,701,579) (S 326,636,700) (S 121,333,332) (S 252,604,605) (S 272,605,628) (S 289,645,604) (S 290,604,603) (D 0,0,0)
 0 1 5 8993 29550  16 (D 0,0,0) (S 460,814,357) (S 322,334,471) (S 321,691,690) (S 320,690,599) (S 470,825,441) (S 165,441,440) (S 244,594,440) (S 450,440,825) (S 451,667,688) (S 318,687,496) (S 319,688,485) (S 191,503,502) (S 251,600,99) (S 133,360,359) (D 0,0,0)
 0 1 6 8927 32797  20 (D 0,0,0) (S 49,145,144) (S 122,336,144) (S 334,706,146) (S 50,148,149) (S 469,837,639) (S 286,638,637) (S 375,637,749) (S 36,93,94) (S 335,94,707) (S 384,707,741) (S 254,606,96) (S 255,96,472) (S 230,571,572) (S 343,573,554) (S 47,138,139) (S 342,139,554) (S 186,320,494) (S 466,708,522) (D 0,0,0)
 0 1 7 8988 15594  33 (D 0,0,0) (S 302,674,180) (S 303,180,268) (S 95,268,267) (S 299,267,179) (S 60,179,178) (S 193,177,507) (S 350,507,344) (S 125,344,265) (S 124,343,342) (S 123,341,342) (S 297,342,261) (S 93,261,260) (S 371,745,43) (S 473,43,822) (S 17,43,42) (S 16,42,41) (S 443,512,85) (S 35,85,86) (S 145,86,263) (S 349,380,86) (S 444,85,745) (S 370,745,260) (S 369,260,343) (S 368,343,508) (S 195,508,5) (S 2,5,6) (S 3,6,7) (S 298,6,671) (S 194,508,266) (S 94,266,267) (S 96,268,63) (D 0,0,0)
 0 1 8 8699 16133  23 (D 0,0,0) (S 413,3,787) (S 414,787,64) (S 27,65,66) (S 361,66,171) (S 58,171,172) (S 57,171,170) (S 261,403,613) (S 156,403,404) (S 235,404,582) (S 424,581,626) (S 423,581,776) (S 402,776,735) (S 168,449,312) (S 113,310,311) (S 114,310,313) (S 358,736,449) (S 169,449,450) (S 362,450,171) (S 359,170,67) (S 28,67,66) (S 360,66,738) (D 0,0,0)
 0 1 9 9000 21452  15 (D 0,0,0) (S 416,495,788) (S 440,788,814) (S 132,322,358) (S 231,359,574) (S 232,574,497) (S 250,574,601) (S 411,601,446) (S 170,452,427) (S 293,427,137) (S 46,136,137) (S 167,446,447) (S 259,534,319) (S 467,317,832) (D 0,0,0)
 0 1 10 8995 32140  14 (D 0,0,0) (S 260,443,319) (S 307,528,678) (S 105,291,242) (S 136,242,363) (S 253,363,155) (S 53,155,156) (S 262,614,88) (S 263,88,597) (S 249,597,530) (S 206,530,89) (S 189,89,500) (S 188,499,398) (D 0,0,0)
 0 1 11 8871 31240  21 (D 0,0,0) (S 291,290,395) (S 403,777,393) (S 152,393,392) (S 187,428,498) (S 155,398,387) (S 147,378,377) (S 159,377,386) (S 393,385,391) (S 48,140,141) (S 392,140,152) (S 84,236,237) (S 408,237,782) (S 407,237,781) (S 158,424,425) (S 85,238,239) (S 406,239,780) (S 86,239,240) (S 405,239,779) (S 409,779,426) (D 0,0,0)
 0 1 12 8981 21402  26 (D 0,0,0) (S 306,672,431) (S 160,431,15) (S 192,14,506) (S 126,346,347) (S 386,761,535) (S 207,535,445) (S 404,612,774) (S 258,612,611) (S 40,100,99) (S 39,98,97) (S 38,96,95) (S 37,95,94) (S 336,592,455) (S 337,455,54) (S 21,54,55) (S 22,55,56) (S 420,56,701) (S 422,790,660) (S 421,793,785) (S 412,784,786) (S 163,437,436) (S 162,436,435) (S 118,328,327) (S 117,326,325) (D 0,0,0)
 0 1 13 8793 20079  14 (D 0,0,0) (S 51,150,151) (S 391,300,116) (S 42,116,117) (S 138,365,257) (S 140,366,226) (S 78,226,225) (S 77,225,224) (S 90,248,249) (S 91,249,250) (S 474,578,609) (S 257,609,561) (S 72,214,215) (D 0,0,0)
 0 1 14 9000 39061  20 (D 0,0,0) (S 221,214,561) (S 137,29,364) (S 103,284,285) (S 79,230,229) (S 109,299,229) (S 110,229,254) (S 80,230,231) (S 308,679,680) (S 264,597,615) (S 478,615,844) (S 245,135,38) (S 15,37,38) (S 345,712,713) (S 75,220,221) (S 397,221,381) (S 148,381,382) (S 149,382,383) (S 217,383,287) (D 0,0,0)
 0 1 15 8954 34746  23 (D 0,0,0) (S 89,248,247) (S 76,223,222) (S 73,217,216) (S 98,216,271) (S 74,217,218) (S 108,218,276) (S 100,277,278) (S 104,278,289) (S 229,570,564) (S 228,564,131) (S 83,132,235) (S 82,132,234) (S 216,551,549) (S 215,549,550) (S 81,232,233) (S 309,133,595) (S 310,222,681) (S 311,681,576) (S 233,382,576) (S 312,576,287) (S 12,29,30) (D 0,0,0)
 0 1 16 8956 36473  20 (D 0,0,0) (S 59,173,174) (S 64,112,185) (S 63,185,184) (S 62,184,183) (S 482,849,183) (S 213,184,544) (S 480,846,544) (S 483,847,845) (S 479,845,107) (S 481,106,847) (S 476,843,105) (S 475,104,841) (S 484,841,753) (S 378,753,541) (S 212,541,542) (S 477,543,813) (S 435,810,811) (S 485,811,755) (D 0,0,0)
 0 1 17 8877 34744  29 (D 0,0,0) (S 227,547,566) (S 209,224,538) (S 175,463,462) (S 224,219,211) (S 223,211,486) (S 222,486,275) (S 99,275,274) (S 88,246,213) (S 87,245,130) (S 429,796,795) (S 428,795,162) (S 56,162,163) (S 55,162,161) (S 468,836,726) (S 376,750,751) (S 380,751,725) (S 379,756,725) (S 354,126,724) (S 115,314,159) (S 116,159,315) (S 374,315,748) (S 381,748,160) (S 54,160,128) (S 382,757,724) (S 353,724,314) (S 352,470,540) (S 107,295,294) (D 0,0,0)
 0 1 18 8967 35598  17 (D 0,0,0) (S 52,154,155) (S 204,529,397) (S 205,397,89) (S 427,390,652) (S 426,652,399) (S 157,412,413) (S 425,429,766) (S 395,766,73) (S 396,73,767) (S 436,767,806) (S 437,806,182) (S 18,47,48) (S 377,103,753) (S 211,539,295) (S 210,295,538) (D 0,0,0)
 0 1 19 8983 39254  18 (D 0,0,0) (S 410,446,452) (S 292,137,290) (S 153,395,394) (S 154,394,398) (S 151,387,386) (S 150,386,385) (S 394,385,376) (S 31,74,75) (S 61,75,182) (S 472,812,76) (S 471,812,45) (S 434,809,808) (S 465,111,801) (S 432,187,800) (S 41,114,115) (S 106,293,294) (D 0,0,0)
 0 1 20 5934 9816  17 (D 0,0,0) (S 294,653,522) (S 200,522,521) (S 274,521,324) (S 273,631,324) (S 341,324,433) (S 161,433,432) (S 462,832,718) (S 438,718,762) (S 387,762,761) (S 463,761,526) (S 202,526,525) (S 439,525,762) (S 388,762,673) (S 300,673,524) (S 301,17,674) (D 0,0,0)
 0 1 21 8717 19549  26 (D 0,0,0) (S 305,674,672) (S 201,524,525) (S 203,526,527) (S 208,527,368) (S 238,369,513) (S 146,375,370) (S 143,369,370) (S 144,370,371) (S 346,371,715) (S 347,715,372) (S 442,39,815) (S 265,616,39) (S 296,373,658) (S 34,83,84) (S 373,657,746) (S 372,657,43) (S 445,745,670) (S 446,670,656) (S 295,656,655) (S 348,716,655) (S 333,654,82) (S 33,82,81) (S 32,80,81) (S 447,81,695) (D 0,0,0)
 0 1 22 8999 19908  19 (D 0,0,0) (S 270,459,353) (S 271,623,624) (S 457,624,829) (S 30,70,71) (S 456,71,407) (S 455,828,407) (S 417,406,70) (S 236,583,504) (S 29,68,69) (S 277,69,405) (S 278,405,633) (S 279,633,627) (S 280,627,634) (S 196,515,516) (S 363,519,740) (S 367,739,418) (S 313,521,677) (D 0,0,0)
 0 1 23 8941 36335  21 (D 0,0,0) (S 141,367,293) (S 142,174,115) (S 44,119,121) (S 45,121,122) (S 430,122,798) (S 431,798,800) (S 433,187,801) (S 464,124,765) (S 65,123,32) (S 13,32,33) (S 325,34,11) (S 5,11,12) (S 6,12,13) (S 66,12,188) (S 324,699,188) (S 67,188,189) (S 4,9,10) (S 14,35,36) (S 43,120,119) (D 0,0,0)
 0 1 24 8870 29662  13 (D 0,0,0) (S 214,547,548) (S 288,548,566) (S 226,566,225) (S 225,225,565) (S 246,565,367) (S 247,367,269) (S 248,269,292) (S 97,269,227) (S 139,366,257) (S 92,258,259) (S 220,258,561) (D 0,0,0)
 0 1 25 6426 17834  13 (D 0,0,0) (S 355,727,728) (S 441,728,4) (S 356,733,621) (S 269,621,459) (S 172,458,459) (S 173,459,355) (S 174,355,192) (S 68,192,191) (S 11,28,27) (S 389,27,686) (S 317,686,663) (D 0,0,0)
 0 1 26 9000 19745  13 (D 0,0,0) (S 1,0,1) (S 131,355,354) (S 130,354,353) (S 276,622,195) (S 304,196,589) (S 242,589,588) (S 241,588,559) (S 240,559,587) (S 239,586,587) (S 390,587,300) (S 112,306,151) (D 0,0,0)
 0 1 27 8949 32551  14 (D 0,0,0) (S 134,360,361) (S 190,502,501) (S 10,24,25) (S 9,23,22) (S 185,491,492) (S 184,490,489) (S 344,710,711) (S 385,710,488) (S 268,617,492) (S 267,492,483) (S 266,22,502) (S 135,362,98) (D 0,0,0)
 0 1 28 8985 17198  25 (D 0,0,0) (S 199,520,351) (S 401,740,735) (S 357,735,518) (S 340,518,329) (S 119,330,331) (S 120,331,332) (S 234,332,580) (S 164,438,439) (S 282,439,635) (S 383,758,759) (S 283,636,58) (S 24,58,57) (S 23,57,56) (S 171,455,454) (S 256,453,52) (S 19,52,53) (S 20,53,54) (S 338,54,703) (S 339,703,436) (S 365,435,328) (S 364,328,519) (S 197,519,416) (S 198,416,351) (D 0,0,0)
