741158
29
2061880
912300
 0 1 1 663 1326  3 (D 0,0,0) (S 1,0,1) (D 0,0,0)
 0 1 2 8995 25939  16 (D 0,0,0) (S 301,674,17) (S 201,524,525) (S 404,612,774) (S 258,612,611) (S 40,100,99) (S 251,99,600) (S 266,502,22) (S 9,22,23) (S 10,24,25) (S 190,501,502) (S 191,502,503) (S 320,599,690) (S 322,471,334) (S 460,357,814) (D 0,0,0)
 0 1 3 8102 19108  21 (D 0,0,0) (S 367,418,739) (S 357,735,518) (S 289,645,604) (S 272,605,628) (S 252,605,604) (S 290,604,603) (S 196,516,515) (S 280,634,627) (S 279,627,633) (S 278,633,405) (S 261,403,613) (S 156,403,404) (S 235,404,582) (S 424,581,626) (S 423,581,776) (S 402,776,735) (S 401,735,740) (S 198,416,351) (S 199,351,520) (D 0,0,0)
 0 1 4 8088 19351  29 (D 0,0,0) (S 303,268,180) (S 299,179,267) (S 298,671,6) (S 3,6,7) (S 2,6,5) (S 195,5,508) (S 369,343,260) (S 372,43,657) (S 373,657,746) (S 34,83,84) (S 296,373,658) (S 265,616,39) (S 442,39,815) (S 347,372,715) (S 346,715,371) (S 144,371,370) (S 146,375,370) (S 143,370,369) (S 238,369,513) (S 349,380,86) (S 35,85,86) (S 145,86,263) (S 125,265,344) (S 350,344,507) (S 193,507,177) (S 60,178,179) (S 302,180,674) (D 0,0,0)
 0 1 5 8893 16711  25 (D 0,0,0) (S 197,416,519) (S 364,519,328) (S 162,435,436) (S 163,436,437) (S 412,784,786) (S 421,785,793) (S 422,660,790) (S 22,56,55) (S 21,55,54) (S 20,54,53) (S 19,53,52) (S 256,52,453) (S 171,454,455) (S 337,455,54) (S 338,54,703) (S 330,703,704) (S 331,704,607) (S 332,607,705) (S 26,61,62) (S 127,169,349) (S 128,349,350) (S 129,350,326) (S 313,521,677) (D 0,0,0)
 0 1 6 8848 15169  26 (D 0,0,0) (S 96,63,268) (S 95,268,267) (S 94,267,266) (S 194,266,508) (S 368,508,343) (S 124,343,342) (S 123,341,342) (S 297,342,261) (S 93,261,260) (S 370,260,745) (S 444,745,85) (S 443,85,512) (S 16,41,42) (S 17,42,43) (S 473,43,822) (S 371,43,745) (S 445,745,670) (S 446,670,656) (S 295,656,655) (S 348,716,655) (S 333,654,82) (S 33,82,81) (S 32,80,81) (S 447,81,695) (D 0,0,0)
 0 1 7 8296 17349  12 (D 0,0,0) (S 243,532,585) (S 237,585,206) (S 275,207,590) (S 71,207,208) (S 452,208,826) (S 458,826,558) (S 219,558,306) (S 111,300,301) (S 454,301,827) (S 453,301,557) (D 0,0,0)
 0 1 8 8794 18040  13 (D 0,0,0) (S 112,151,306) (S 390,300,587) (S 239,586,587) (S 240,587,559) (S 241,559,588) (S 242,588,589) (S 304,589,196) (S 276,195,622) (S 270,353,459) (S 269,459,621) (S 356,621,733) (D 0,0,0)
 0 1 9 8407 21900  22 (D 0,0,0) (S 413,3,787) (S 414,787,64) (S 27,65,66) (S 361,66,171) (S 58,171,172) (S 362,171,450) (S 169,450,449) (S 168,449,312) (S 113,310,311) (S 114,310,313) (S 358,736,449) (S 57,170,171) (S 359,170,67) (S 28,67,66) (S 360,66,738) (S 441,4,728) (S 355,727,728) (S 389,27,686) (S 317,686,663) (S 11,27,28) (D 0,0,0)
 0 1 10 8734 18991  17 (D 0,0,0) (S 68,191,192) (S 173,355,459) (S 172,458,459) (S 236,504,583) (S 29,68,69) (S 277,69,405) (S 417,406,70) (S 30,70,71) (S 456,71,407) (S 455,828,407) (S 457,829,624) (S 271,624,623) (S 130,353,354) (S 131,354,355) (S 174,355,192) (D 0,0,0)
 0 1 11 6183 10726  20 (D 0,0,0) (S 305,674,672) (S 306,672,431) (S 160,431,15) (S 192,14,506) (S 126,346,347) (S 203,526,527) (S 208,527,368) (S 463,761,526) (S 202,526,525) (S 439,525,762) (S 438,762,718) (S 462,718,832) (S 161,432,433) (S 341,433,324) (S 273,631,324) (S 274,324,521) (S 200,521,522) (S 294,522,653) (D 0,0,0)
 0 1 12 8872 21759  17 (D 0,0,0) (S 466,522,708) (S 260,443,319) (S 411,446,601) (S 250,601,574) (S 232,574,497) (S 231,574,359) (S 133,359,360) (S 39,98,97) (S 255,96,472) (S 230,571,572) (S 343,573,554) (S 47,138,139) (S 342,139,554) (S 132,358,322) (S 467,317,832) (D 0,0,0)
 0 1 13 8948 19729  18 (D 0,0,0) (S 300,524,673) (S 388,673,762) (S 387,762,761) (S 386,761,535) (S 207,535,445) (S 167,447,446) (S 410,446,452) (S 170,452,427) (S 293,427,137) (S 46,136,137) (S 259,534,319) (S 186,320,494) (S 461,494,814) (S 440,814,788) (S 416,788,495) (S 415,495,325) (D 0,0,0)
 0 1 14 8977 16896  19 (D 0,0,0) (S 117,325,326) (S 118,327,328) (S 365,328,435) (S 339,436,703) (S 329,703,702) (S 418,166,702) (S 328,702,701) (S 327,579,701) (S 420,701,56) (S 23,56,57) (S 24,57,58) (S 25,58,59) (S 121,333,332) (S 120,332,331) (S 119,331,330) (S 340,329,518) (S 363,519,740) (D 0,0,0)
 0 1 15 8948 32547  21 (D 0,0,0) (S 419,331,580) (S 326,636,700) (S 183,480,479) (S 400,479,772) (S 399,478,771) (S 182,478,92) (S 181,92,477) (S 180,477,199) (S 316,143,476) (S 179,79,199) (S 366,477,281) (S 102,282,283) (S 351,282,720) (S 101,279,280) (S 69,198,199) (S 469,837,639) (S 286,638,637) (S 285,93,562) (S 281,422,515) (D 0,0,0)
 0 1 16 8857 28861  20 (D 0,0,0) (S 234,332,580) (S 164,438,439) (S 282,439,635) (S 383,758,759) (S 283,636,58) (S 284,58,456) (S 375,637,749) (S 36,93,94) (S 37,94,95) (S 38,95,96) (S 254,96,606) (S 49,145,144) (S 122,336,144) (S 334,706,146) (S 50,148,149) (S 384,741,707) (S 335,707,94) (S 336,592,455) (D 0,0,0)
 0 1 17 8905 36028  16 (D 0,0,0) (S 134,360,361) (S 135,98,362) (S 267,483,492) (S 185,491,492) (S 268,492,617) (S 344,710,711) (S 385,710,488) (S 184,489,490) (S 318,687,496) (S 450,825,440) (S 165,440,441) (S 470,441,825) (S 321,690,691) (S 459,335,357) (D 0,0,0)
 0 1 18 8974 33542  19 (D 0,0,0) (S 8,20,19) (S 398,19,769) (S 7,19,18) (S 218,473,469) (S 178,469,468) (S 177,468,467) (S 315,467,684) (S 323,692,466) (S 176,465,466) (S 314,467,683) (S 287,640,641) (S 448,556,641) (S 449,662,665) (S 244,594,440) (S 166,441,442) (S 451,667,688) (S 319,688,485) (D 0,0,0)
 0 1 19 8947 29066  19 (D 0,0,0) (S 409,426,779) (S 405,779,239) (S 406,239,780) (S 86,239,240) (S 85,239,238) (S 158,424,425) (S 407,781,237) (S 408,237,782) (S 84,237,236) (S 392,152,140) (S 48,140,141) (S 393,391,385) (S 150,385,386) (S 151,386,387) (S 155,387,398) (S 154,398,394) (S 291,395,290) (D 0,0,0)
 0 1 20 8952 33738  15 (D 0,0,0) (S 153,395,394) (S 188,398,499) (S 189,500,89) (S 249,530,597) (S 478,615,844) (S 264,615,597) (S 263,597,88) (S 262,88,614) (S 53,156,155) (S 253,155,363) (S 136,363,242) (S 105,242,291) (S 307,528,678) (D 0,0,0)
 0 1 21 8946 34486  18 (D 0,0,0) (S 292,137,290) (S 52,154,155) (S 204,529,397) (S 205,397,89) (S 206,89,530) (S 427,390,652) (S 426,652,399) (S 157,412,413) (S 425,429,766) (S 395,766,73) (S 394,376,385) (S 159,386,377) (S 147,377,378) (S 187,498,428) (S 152,392,393) (S 403,777,393) (D 0,0,0)
 0 1 22 8979 20905  13 (D 0,0,0) (S 391,300,116) (S 42,116,117) (S 138,365,257) (S 139,257,366) (S 474,578,609) (S 257,609,561) (S 92,258,259) (S 221,561,214) (S 72,214,215) (S 70,205,151) (S 51,151,150) (D 0,0,0)
 0 1 23 8879 31922  29 (D 0,0,0) (S 107,294,295) (S 211,295,539) (S 175,462,463) (S 98,216,271) (S 73,216,217) (S 74,217,218) (S 108,218,276) (S 100,277,278) (S 104,278,289) (S 99,274,275) (S 222,275,486) (S 223,486,211) (S 224,211,219) (S 88,213,246) (S 116,315,159) (S 115,159,314) (S 353,314,724) (S 382,724,757) (S 54,160,128) (S 381,160,748) (S 374,748,315) (S 87,245,130) (S 228,131,564) (S 229,564,570) (S 310,222,681) (S 311,681,576) (S 312,576,287) (D 0,0,0)
 0 1 24 8913 34186  20 (D 0,0,0) (S 12,29,30) (S 217,287,383) (S 149,383,382) (S 233,382,576) (S 148,382,381) (S 397,381,221) (S 75,220,221) (S 345,712,713) (S 15,37,38) (S 245,38,135) (S 82,132,234) (S 215,549,550) (S 216,551,549) (S 81,232,233) (S 83,132,235) (S 76,222,223) (S 89,247,248) (S 90,248,249) (D 0,0,0)
 0 1 25 8802 37582  22 (D 0,0,0) (S 106,294,293) (S 43,119,120) (S 14,35,36) (S 4,9,10) (S 67,189,188) (S 324,699,188) (S 66,188,12) (S 6,12,13) (S 5,12,11) (S 325,11,34) (S 13,33,32) (S 65,123,32) (S 464,765,124) (S 465,801,111) (S 433,801,187) (S 432,187,800) (S 431,800,798) (S 430,798,122) (S 45,122,121) (S 44,121,119) (D 0,0,0)
 0 1 26 8958 41039  21 (D 0,0,0) (S 59,174,173) (S 352,540,470) (S 354,724,126) (S 379,756,725) (S 376,750,751) (S 380,751,725) (S 468,836,726) (S 55,161,162) (S 56,162,163) (S 428,162,795) (S 429,795,796) (S 80,231,230) (S 79,230,229) (S 109,299,229) (S 110,229,254) (S 308,679,680) (S 309,133,595) (S 103,284,285) (S 137,364,29) (D 0,0,0)
 0 1 27 8902 33898  20 (D 0,0,0) (S 142,174,115) (S 64,112,185) (S 63,185,184) (S 62,184,183) (S 482,849,183) (S 479,845,107) (S 481,106,847) (S 483,847,845) (S 213,184,544) (S 480,846,544) (S 212,542,541) (S 378,541,753) (S 484,753,841) (S 475,841,104) (S 377,103,753) (S 210,295,538) (S 209,538,224) (S 77,224,225) (D 0,0,0)
 0 1 28 8931 28131  16 (D 0,0,0) (S 97,227,269) (S 248,269,292) (S 247,269,367) (S 141,367,293) (S 246,367,565) (S 225,565,225) (S 288,566,548) (S 214,548,547) (S 91,249,250) (S 227,547,566) (S 226,566,225) (S 78,225,226) (S 140,226,366) (S 220,258,561) (D 0,0,0)
 0 1 29 8922 42233  16 (D 0,0,0) (S 41,115,114) (S 434,808,809) (S 471,45,812) (S 472,812,76) (S 61,182,75) (S 31,75,74) (S 396,73,767) (S 436,767,806) (S 437,806,182) (S 18,47,48) (S 476,105,843) (S 477,543,813) (S 435,810,811) (S 485,811,755) (D 0,0,0)
