740605
28
3600262
2865105
 0 1 1 8722 15096  22 (D 0,0,0) (S 414,787,64) (S 27,65,66) (S 361,66,171) (S 57,170,171) (S 58,171,172) (S 362,171,450) (S 169,450,449) (S 358,449,736) (S 401,735,740) (S 363,740,519) (S 357,518,735) (S 402,735,776) (S 423,776,581) (S 235,582,404) (S 156,404,403) (S 261,403,613) (S 359,170,67) (S 28,67,66) (S 360,66,738) (S 413,787,3) (D 0,0,0)
 0 1 2 8711 20866  19 (D 0,0,0) (S 199,520,351) (S 252,604,605) (S 272,605,628) (S 289,645,604) (S 290,604,603) (S 196,516,515) (S 281,515,422) (S 282,439,635) (S 383,758,759) (S 283,636,58) (S 25,58,59) (S 121,333,332) (S 120,331,332) (S 234,332,580) (S 419,580,331) (S 119,331,330) (S 118,328,327) (D 0,0,0)
 0 1 3 8965 17896  13 (D 0,0,0) (S 243,532,585) (S 237,585,206) (S 275,207,590) (S 71,207,208) (S 452,208,826) (S 458,826,558) (S 219,558,306) (S 111,300,301) (S 454,301,827) (S 453,301,557) (S 70,205,151) (D 0,0,0)
 0 1 4 8933 15658  29 (D 0,0,0) (S 447,695,81) (S 32,80,81) (S 33,81,82) (S 333,82,654) (S 348,716,655) (S 295,655,656) (S 446,656,670) (S 445,670,745) (S 17,43,42) (S 16,42,41) (S 443,512,85) (S 35,85,86) (S 145,86,263) (S 349,380,86) (S 444,85,745) (S 370,745,260) (S 93,260,261) (S 297,261,342) (S 123,341,342) (S 124,342,343) (S 125,265,344) (S 350,344,507) (S 193,507,177) (S 60,178,179) (S 299,179,267) (S 95,267,268) (S 96,268,63) (D 0,0,0)
 0 1 5 6798 10909  21 (D 0,0,0) (S 305,674,672) (S 306,672,431) (S 160,431,15) (S 192,14,506) (S 126,346,347) (S 463,526,761) (S 387,761,762) (S 388,762,673) (S 300,673,524) (S 201,524,525) (S 439,525,762) (S 438,762,718) (S 462,718,832) (S 161,432,433) (S 341,433,324) (S 273,631,324) (S 274,324,521) (S 200,521,522) (S 294,522,653) (D 0,0,0)
 0 1 6 8630 19473  30 (D 0,0,0) (S 301,674,17) (S 202,525,526) (S 203,526,527) (S 208,527,368) (S 143,369,370) (S 238,369,513) (S 146,375,370) (S 144,370,371) (S 346,371,715) (S 347,715,372) (S 442,39,815) (S 265,616,39) (S 296,373,658) (S 34,83,84) (S 373,657,746) (S 372,657,43) (S 473,43,822) (S 371,43,745) (S 369,260,343) (S 368,343,508) (S 195,508,5) (S 2,5,6) (S 3,6,7) (S 298,6,671) (S 194,508,266) (S 94,266,267) (S 303,268,180) (S 302,180,674) (D 0,0,0)
 0 1 7 8993 14813  24 (D 0,0,0) (S 117,325,326) (S 129,326,350) (S 128,350,349) (S 127,349,169) (S 26,61,62) (S 332,705,607) (S 331,607,704) (S 330,704,703) (S 329,703,702) (S 418,166,702) (S 328,702,701) (S 327,579,701) (S 420,701,56) (S 22,56,55) (S 21,55,54) (S 338,54,703) (S 339,703,436) (S 162,436,435) (S 365,435,328) (S 364,328,519) (S 197,519,416) (S 313,521,677) (D 0,0,0)
 0 1 8 8724 21032  21 (D 0,0,0) (S 198,351,416) (S 367,418,739) (S 168,449,312) (S 113,310,311) (S 114,310,313) (S 424,581,626) (S 280,627,634) (S 279,627,633) (S 278,633,405) (S 277,405,69) (S 29,69,68) (S 236,583,504) (S 30,70,71) (S 456,71,407) (S 455,828,407) (S 417,406,70) (S 457,829,624) (S 271,624,623) (S 270,353,459) (D 0,0,0)
 0 1 9 8976 29791  20 (D 0,0,0) (S 340,518,329) (S 164,438,439) (S 326,636,700) (S 183,480,479) (S 400,479,772) (S 399,478,771) (S 182,478,92) (S 181,92,477) (S 180,477,199) (S 316,143,476) (S 179,79,199) (S 69,199,198) (S 101,279,280) (S 366,477,281) (S 351,282,720) (S 102,282,283) (S 36,93,94) (S 337,455,54) (D 0,0,0)
 0 1 10 8991 25995  16 (D 0,0,0) (S 459,357,335) (S 322,334,471) (S 321,691,690) (S 191,503,502) (S 190,502,501) (S 10,24,25) (S 9,23,22) (S 266,22,502) (S 251,600,99) (S 40,99,100) (S 258,611,612) (S 404,612,774) (S 207,445,535) (S 386,535,761) (D 0,0,0)
 0 1 11 8985 36028  14 (D 0,0,0) (S 135,98,362) (S 267,483,492) (S 185,491,492) (S 268,492,617) (S 344,710,711) (S 385,710,488) (S 184,489,490) (S 318,687,496) (S 470,825,441) (S 165,441,440) (S 450,440,825) (S 320,599,690) (D 0,0,0)
 0 1 12 8934 34268  19 (D 0,0,0) (S 292,137,290) (S 307,528,678) (S 105,291,242) (S 136,242,363) (S 253,363,155) (S 204,529,397) (S 205,397,89) (S 249,530,597) (S 264,597,615) (S 478,615,844) (S 245,135,38) (S 15,37,38) (S 345,712,713) (S 75,220,221) (S 397,221,381) (S 148,381,382) (S 312,576,287) (D 0,0,0)
 0 1 13 8894 34719  19 (D 0,0,0) (S 142,174,115) (S 485,755,811) (S 435,811,810) (S 477,813,543) (S 480,846,544) (S 213,544,184) (S 63,184,185) (S 62,184,183) (S 482,849,183) (S 479,845,107) (S 481,106,847) (S 483,845,847) (S 476,843,105) (S 475,104,841) (S 484,841,753) (S 378,753,541) (S 59,173,174) (D 0,0,0)
 0 1 14 8992 31232  23 (D 0,0,0) (S 107,294,295) (S 211,295,539) (S 352,540,470) (S 115,314,159) (S 116,159,315) (S 374,315,748) (S 381,748,160) (S 54,160,128) (S 55,161,162) (S 56,162,163) (S 428,162,795) (S 429,795,796) (S 87,130,245) (S 88,246,213) (S 99,274,275) (S 222,275,486) (S 223,486,211) (S 224,211,219) (S 175,462,463) (S 78,225,226) (S 140,226,366) (D 0,0,0)
 0 1 15 8837 30695  20 (D 0,0,0) (S 409,426,779) (S 405,779,239) (S 406,239,780) (S 86,239,240) (S 85,239,238) (S 158,424,425) (S 407,781,237) (S 408,237,782) (S 84,237,236) (S 392,152,140) (S 48,140,141) (S 393,391,385) (S 151,386,387) (S 187,498,428) (S 152,392,393) (S 403,777,393) (S 153,394,395) (S 291,395,290) (D 0,0,0)
 0 1 16 8974 33542  19 (D 0,0,0) (S 8,20,19) (S 398,19,769) (S 7,19,18) (S 218,473,469) (S 178,469,468) (S 177,468,467) (S 315,467,684) (S 323,692,466) (S 176,465,466) (S 314,467,683) (S 448,556,641) (S 287,640,641) (S 449,662,665) (S 244,594,440) (S 166,441,442) (S 451,667,688) (S 319,688,485) (D 0,0,0)
 0 1 17 8953 30232  23 (D 0,0,0) (S 163,436,437) (S 412,784,786) (S 421,785,793) (S 422,660,790) (S 23,56,57) (S 24,57,58) (S 284,58,456) (S 285,562,93) (S 375,637,749) (S 286,637,638) (S 469,837,639) (S 50,148,149) (S 334,706,146) (S 122,336,144) (S 49,144,145) (S 384,741,707) (S 336,592,455) (S 171,455,454) (S 256,453,52) (S 19,52,53) (S 20,53,54) (D 0,0,0)
 0 1 18 8991 21437  19 (D 0,0,0) (S 186,494,320) (S 133,359,360) (S 134,360,361) (S 39,98,97) (S 38,96,95) (S 37,95,94) (S 335,94,707) (S 254,606,96) (S 255,96,472) (S 230,571,572) (S 343,573,554) (S 47,138,139) (S 342,139,554) (S 460,357,814) (S 440,814,788) (S 416,788,495) (S 415,495,325) (D 0,0,0)
 0 1 19 8931 21479  15 (D 0,0,0) (S 466,522,708) (S 461,494,814) (S 132,322,358) (S 231,359,574) (S 232,574,497) (S 250,574,601) (S 411,601,446) (S 410,446,452) (S 170,452,427) (S 46,136,137) (S 293,137,427) (S 167,446,447) (S 259,534,319) (D 0,0,0)
 0 1 20 8784 33799  18 (D 0,0,0) (S 467,832,317) (S 188,398,499) (S 189,500,89) (S 206,89,530) (S 427,390,652) (S 426,652,399) (S 157,412,413) (S 425,429,766) (S 395,766,73) (S 394,376,385) (S 150,385,386) (S 159,386,377) (S 147,377,378) (S 155,387,398) (S 154,398,394) (S 260,319,443) (D 0,0,0)
 0 1 21 8794 37769  22 (D 0,0,0) (S 141,367,293) (S 43,119,120) (S 14,35,36) (S 4,9,10) (S 67,189,188) (S 324,699,188) (S 66,188,12) (S 6,12,13) (S 5,12,11) (S 325,11,34) (S 13,33,32) (S 65,123,32) (S 464,765,124) (S 465,801,111) (S 433,801,187) (S 432,187,800) (S 431,800,798) (S 430,798,122) (S 45,122,121) (S 44,121,119) (D 0,0,0)
 0 1 22 8967 42044  17 (D 0,0,0) (S 214,547,548) (S 212,541,542) (S 377,753,103) (S 18,48,47) (S 61,182,75) (S 31,75,74) (S 396,73,767) (S 436,767,806) (S 437,806,182) (S 472,812,76) (S 471,812,45) (S 434,809,808) (S 64,185,112) (S 41,114,115) (S 106,293,294) (D 0,0,0)
 0 1 23 8581 33335  22 (D 0,0,0) (S 72,215,214) (S 137,29,364) (S 103,284,285) (S 309,595,133) (S 82,132,234) (S 215,549,550) (S 216,551,549) (S 81,232,233) (S 83,132,235) (S 228,131,564) (S 229,564,570) (S 104,278,289) (S 100,278,277) (S 108,276,218) (S 74,218,217) (S 98,216,271) (S 73,216,217) (S 209,538,224) (S 77,224,225) (S 226,225,566) (D 0,0,0)
 0 1 24 8995 25388  13 (D 0,0,0) (S 227,547,566) (S 225,225,565) (S 246,565,367) (S 247,367,269) (S 248,269,292) (S 97,269,227) (S 139,366,257) (S 138,257,365) (S 42,117,116) (S 391,116,300) (S 112,306,151) (D 0,0,0)
 0 1 25 8829 27335  17 (D 0,0,0) (S 92,258,259) (S 220,258,561) (S 257,561,609) (S 12,29,30) (S 217,287,383) (S 149,383,382) (S 233,382,576) (S 311,576,681) (S 310,681,222) (S 76,222,223) (S 89,247,248) (S 90,248,249) (S 91,249,250) (S 474,578,609) (S 221,561,214) (D 0,0,0)
 0 1 26 8872 38195  20 (D 0,0,0) (S 52,154,155) (S 53,155,156) (S 262,614,88) (S 263,88,597) (S 308,680,679) (S 80,231,230) (S 110,229,254) (S 109,299,229) (S 79,229,230) (S 468,836,726) (S 376,750,751) (S 380,751,725) (S 379,756,725) (S 354,126,724) (S 382,757,724) (S 353,724,314) (S 210,295,538) (S 288,548,566) (D 0,0,0)
 0 1 27 7089 19160  14 (D 0,0,0) (S 1,0,1) (S 68,191,192) (S 174,192,355) (S 173,355,459) (S 172,458,459) (S 269,459,621) (S 356,621,733) (S 355,727,728) (S 441,728,4) (S 389,27,686) (S 317,686,663) (S 11,27,28) (D 0,0,0)
 0 1 28 8770 18419  12 (D 0,0,0) (S 51,150,151) (S 390,300,587) (S 239,586,587) (S 240,587,559) (S 241,559,588) (S 242,588,589) (S 304,589,196) (S 276,195,622) (S 130,353,354) (S 131,354,355) (D 0,0,0)
