739484
28
3600237
2791781
 0 1 1 8633 14544  20 (D 0,0,0) (S 1,0,1) (S 313,677,521) (S 199,520,351) (S 198,351,416) (S 197,416,519) (S 364,519,328) (S 365,328,435) (S 162,435,436) (S 339,436,703) (S 418,166,702) (S 330,703,704) (S 331,704,607) (S 332,607,705) (S 26,61,62) (S 127,169,349) (S 128,349,350) (S 129,350,326) (S 117,326,325) (D 0,0,0)
 0 1 2 8909 17744  22 (D 0,0,0) (S 118,327,328) (S 163,436,437) (S 412,784,786) (S 421,785,793) (S 422,660,790) (S 420,701,56) (S 22,56,55) (S 21,55,54) (S 20,54,53) (S 19,53,52) (S 256,52,453) (S 230,571,572) (S 343,573,554) (S 342,554,139) (S 47,138,139) (S 132,358,322) (S 460,357,814) (S 440,814,788) (S 416,788,495) (S 415,495,325) (D 0,0,0)
 0 1 3 8958 30026  17 (D 0,0,0) (S 461,494,814) (S 459,357,335) (S 322,334,471) (S 321,691,690) (S 320,690,599) (S 319,485,688) (S 470,825,441) (S 244,594,440) (S 165,440,441) (S 166,441,442) (S 451,667,688) (S 318,687,496) (S 191,503,502) (S 251,600,99) (S 231,574,359) (D 0,0,0)
 0 1 4 8912 29886  20 (D 0,0,0) (S 36,94,93) (S 102,282,283) (S 351,282,720) (S 180,477,199) (S 316,143,476) (S 179,79,199) (S 69,199,198) (S 101,279,280) (S 366,281,477) (S 181,477,92) (S 182,92,478) (S 399,478,771) (S 400,479,772) (S 183,479,480) (S 25,59,58) (S 283,58,636) (S 164,439,438) (S 120,332,331) (D 0,0,0)
 0 1 5 8764 20435  18 (D 0,0,0) (S 402,735,776) (S 423,776,581) (S 424,581,626) (S 280,627,634) (S 279,627,633) (S 278,633,405) (S 277,405,69) (S 236,583,504) (S 29,68,69) (S 30,70,71) (S 456,71,407) (S 455,828,407) (S 417,406,70) (S 457,829,624) (S 271,624,623) (S 173,459,355) (D 0,0,0)
 0 1 6 7828 12969  23 (D 0,0,0) (S 294,653,522) (S 200,522,521) (S 274,521,324) (S 273,631,324) (S 341,324,433) (S 161,433,432) (S 462,832,718) (S 438,718,762) (S 439,762,525) (S 201,525,524) (S 300,524,673) (S 388,673,762) (S 387,762,761) (S 207,445,535) (S 386,535,761) (S 463,761,526) (S 126,347,346) (S 192,506,14) (S 160,15,431) (S 306,431,672) (S 305,672,674) (D 0,0,0)
 0 1 7 8898 19537  27 (D 0,0,0) (S 301,674,17) (S 202,525,526) (S 203,526,527) (S 208,527,368) (S 146,370,375) (S 238,513,369) (S 143,369,370) (S 144,370,371) (S 346,371,715) (S 347,715,372) (S 442,39,815) (S 265,616,39) (S 296,373,658) (S 34,83,84) (S 373,657,746) (S 372,657,43) (S 371,43,745) (S 445,745,670) (S 446,670,656) (S 295,656,655) (S 348,716,655) (S 333,654,82) (S 33,82,81) (S 32,80,81) (S 447,81,695) (D 0,0,0)
 0 1 8 8665 15594  32 (D 0,0,0) (S 302,674,180) (S 303,180,268) (S 95,268,267) (S 299,267,179) (S 60,179,178) (S 193,177,507) (S 350,507,344) (S 125,344,265) (S 124,343,342) (S 123,341,342) (S 297,342,261) (S 93,261,260) (S 370,260,745) (S 444,745,85) (S 349,86,380) (S 145,263,86) (S 35,86,85) (S 443,85,512) (S 16,41,42) (S 17,42,43) (S 473,43,822) (S 369,260,343) (S 368,343,508) (S 195,508,5) (S 2,5,6) (S 3,6,7) (S 298,6,671) (S 194,508,266) (S 94,266,267) (S 96,268,63) (D 0,0,0)
 0 1 9 8927 21730  16 (D 0,0,0) (S 466,522,708) (S 260,443,319) (S 259,319,534) (S 167,447,446) (S 170,427,452) (S 410,452,446) (S 411,446,601) (S 250,601,574) (S 232,574,497) (S 40,100,99) (S 39,98,97) (S 38,96,95) (S 37,95,94) (S 336,592,455) (D 0,0,0)
 0 1 10 8982 31100  23 (D 0,0,0) (S 338,703,54) (S 337,54,455) (S 171,455,454) (S 255,472,96) (S 254,96,606) (S 384,741,707) (S 335,707,94) (S 49,145,144) (S 122,336,144) (S 50,148,149) (S 334,706,146) (S 469,837,639) (S 286,638,637) (S 375,637,749) (S 285,93,562) (S 284,456,58) (S 24,58,57) (S 23,57,56) (S 327,579,701) (S 328,701,702) (S 329,702,703) (D 0,0,0)
 0 1 11 8754 21333  20 (D 0,0,0) (S 367,418,739) (S 401,740,735) (S 357,735,518) (S 290,603,604) (S 272,605,628) (S 252,605,604) (S 289,645,604) (S 196,516,515) (S 281,515,422) (S 282,439,635) (S 383,758,759) (S 326,636,700) (S 121,333,332) (S 234,332,580) (S 419,580,331) (S 119,331,330) (S 340,329,518) (S 363,519,740) (D 0,0,0)
 0 1 12 8939 33390  14 (D 0,0,0) (S 404,612,774) (S 258,612,611) (S 10,24,25) (S 9,23,22) (S 185,491,492) (S 184,490,489) (S 344,710,711) (S 385,710,488) (S 268,617,492) (S 267,492,483) (S 266,22,502) (S 190,502,501) (D 0,0,0)
 0 1 13 8935 31991  20 (D 0,0,0) (S 450,825,440) (S 449,665,662) (S 287,640,641) (S 448,556,641) (S 314,683,467) (S 176,465,466) (S 323,692,466) (S 315,467,684) (S 177,467,468) (S 178,468,469) (S 218,469,473) (S 7,18,19) (S 398,19,769) (S 8,19,20) (S 135,362,98) (S 134,361,360) (S 133,360,359) (S 186,320,494) (D 0,0,0)
 0 1 14 8981 32125  14 (D 0,0,0) (S 467,832,317) (S 307,528,678) (S 105,291,242) (S 136,242,363) (S 253,363,155) (S 53,155,156) (S 262,614,88) (S 263,88,597) (S 264,597,615) (S 249,597,530) (S 206,530,89) (S 189,89,500) (D 0,0,0)
 0 1 15 8991 31058  17 (D 0,0,0) (S 291,290,395) (S 153,395,394) (S 403,777,393) (S 152,392,393) (S 154,394,398) (S 151,387,386) (S 150,386,385) (S 394,385,376) (S 425,766,429) (S 157,412,413) (S 426,399,652) (S 427,652,390) (S 205,89,397) (S 204,397,529) (S 52,155,154) (D 0,0,0)
 0 1 16 9000 31844  21 (D 0,0,0) (S 409,426,779) (S 405,779,239) (S 86,239,240) (S 406,239,780) (S 85,239,238) (S 158,424,425) (S 407,781,237) (S 408,237,782) (S 84,237,236) (S 392,152,140) (S 48,140,141) (S 393,391,385) (S 159,386,377) (S 147,377,378) (S 155,387,398) (S 188,398,499) (S 292,290,137) (S 46,136,137) (S 293,137,427) (D 0,0,0)
 0 1 17 8982 41373  14 (D 0,0,0) (S 41,115,114) (S 465,801,111) (S 434,808,809) (S 471,45,812) (S 472,812,76) (S 61,182,75) (S 31,74,75) (S 437,182,806) (S 436,806,767) (S 396,767,73) (S 395,73,766) (S 187,428,498) (D 0,0,0)
 0 1 18 8998 24797  12 (D 0,0,0) (S 391,300,116) (S 42,116,117) (S 138,365,257) (S 78,226,225) (S 225,225,565) (S 246,565,367) (S 140,226,366) (S 92,258,259) (S 221,561,214) (S 72,214,215) (D 0,0,0)
 0 1 19 8930 34358  22 (D 0,0,0) (S 217,287,383) (S 149,383,382) (S 148,382,381) (S 397,381,221) (S 75,220,221) (S 345,712,713) (S 15,37,38) (S 245,38,135) (S 83,132,235) (S 81,232,233) (S 216,551,549) (S 215,549,550) (S 82,234,132) (S 309,133,595) (S 310,222,681) (S 311,681,576) (S 103,284,285) (S 137,364,29) (S 12,29,30) (S 257,609,561) (D 0,0,0)
 0 1 20 8761 32813  30 (D 0,0,0) (S 91,249,250) (S 227,547,566) (S 211,295,539) (S 175,462,463) (S 98,216,271) (S 73,216,217) (S 74,217,218) (S 108,218,276) (S 104,278,289) (S 100,278,277) (S 99,274,275) (S 222,275,486) (S 223,486,211) (S 224,211,219) (S 88,213,246) (S 116,315,159) (S 115,159,314) (S 353,314,724) (S 382,724,757) (S 54,160,128) (S 381,160,748) (S 374,748,315) (S 87,245,130) (S 228,131,564) (S 229,564,570) (S 76,222,223) (S 89,247,248) (S 90,248,249) (D 0,0,0)
 0 1 21 8814 26698  17 (D 0,0,0) (S 474,609,578) (S 214,547,548) (S 288,548,566) (S 226,566,225) (S 77,225,224) (S 209,224,538) (S 210,538,295) (S 107,295,294) (S 106,294,293) (S 141,293,367) (S 247,367,269) (S 248,269,292) (S 97,269,227) (S 139,366,257) (S 220,258,561) (D 0,0,0)
 0 1 22 8974 41221  21 (D 0,0,0) (S 59,174,173) (S 352,540,470) (S 354,724,126) (S 379,756,725) (S 380,725,751) (S 376,750,751) (S 468,836,726) (S 55,161,162) (S 56,162,163) (S 428,162,795) (S 429,795,796) (S 80,231,230) (S 79,230,229) (S 109,299,229) (S 110,229,254) (S 308,679,680) (S 478,615,844) (S 233,382,576) (S 312,576,287) (D 0,0,0)
 0 1 23 8886 36148  21 (D 0,0,0) (S 142,174,115) (S 44,119,121) (S 45,121,122) (S 430,122,798) (S 431,798,800) (S 432,800,187) (S 433,187,801) (S 464,124,765) (S 65,123,32) (S 13,32,33) (S 325,34,11) (S 5,11,12) (S 6,12,13) (S 66,12,188) (S 324,699,188) (S 67,188,189) (S 4,9,10) (S 14,35,36) (S 43,120,119) (D 0,0,0)
 0 1 24 8864 37468  21 (D 0,0,0) (S 64,112,185) (S 63,185,184) (S 480,846,544) (S 213,544,184) (S 62,184,183) (S 482,849,183) (S 479,107,845) (S 483,845,847) (S 481,847,106) (S 18,47,48) (S 476,105,843) (S 484,841,753) (S 475,841,104) (S 377,103,753) (S 378,753,541) (S 212,541,542) (S 477,543,813) (S 435,810,811) (S 485,811,755) (D 0,0,0)
 0 1 25 5587 11397  12 (D 0,0,0) (S 68,191,192) (S 174,192,355) (S 131,355,354) (S 130,354,353) (S 270,353,459) (S 172,458,459) (S 269,459,621) (S 356,621,733) (S 441,4,728) (S 355,727,728) (D 0,0,0)
 0 1 26 8965 17896  13 (D 0,0,0) (S 243,532,585) (S 237,585,206) (S 275,207,590) (S 71,207,208) (S 452,208,826) (S 458,826,558) (S 219,558,306) (S 111,300,301) (S 454,301,827) (S 453,301,557) (S 70,205,151) (D 0,0,0)
 0 1 27 8834 17812  11 (D 0,0,0) (S 51,150,151) (S 112,151,306) (S 390,300,587) (S 239,586,587) (S 240,587,559) (S 241,559,588) (S 242,588,589) (S 304,589,196) (S 276,195,622) (D 0,0,0)
 0 1 28 8944 22197  23 (D 0,0,0) (S 414,787,64) (S 27,65,66) (S 361,66,171) (S 362,171,450) (S 169,450,449) (S 358,736,449) (S 168,449,312) (S 113,310,311) (S 114,310,313) (S 235,582,404) (S 156,404,403) (S 261,403,613) (S 57,170,171) (S 58,171,172) (S 359,170,67) (S 28,67,66) (S 360,66,738) (S 413,787,3) (S 317,686,663) (S 389,686,27) (S 11,27,28) (D 0,0,0)
