740533
28
3600281
3564173
 0 1 1 8972 36845  20 (D 0,0,0) (S 221,214,561) (S 106,294,293) (S 14,35,36) (S 4,9,10) (S 67,189,188) (S 324,699,188) (S 66,188,12) (S 6,12,13) (S 13,32,33) (S 464,765,124) (S 65,123,32) (S 5,12,11) (S 325,11,34) (S 43,120,119) (S 142,115,174) (S 59,174,173) (S 288,566,548) (S 214,548,547) (D 0,0,0)
 0 1 2 8996 31491  16 (D 0,0,0) (S 260,443,319) (S 259,319,534) (S 10,24,25) (S 9,23,22) (S 184,490,489) (S 385,488,710) (S 344,710,711) (S 268,617,492) (S 185,491,492) (S 267,492,483) (S 266,22,502) (S 251,600,99) (S 231,574,359) (S 186,320,494) (D 0,0,0)
 0 1 3 8699 16133  23 (D 0,0,0) (S 360,738,66) (S 361,66,171) (S 362,171,450) (S 169,450,449) (S 168,449,312) (S 113,310,311) (S 114,310,313) (S 358,736,449) (S 402,735,776) (S 423,776,581) (S 424,581,626) (S 235,582,404) (S 156,404,403) (S 261,403,613) (S 58,171,172) (S 57,171,170) (S 359,170,67) (S 28,67,66) (S 27,66,65) (S 414,64,787) (S 413,787,3) (D 0,0,0)
 0 1 4 8918 22030  20 (D 0,0,0) (S 367,418,739) (S 401,740,735) (S 357,735,518) (S 340,518,329) (S 119,330,331) (S 419,331,580) (S 234,580,332) (S 120,332,331) (S 164,438,439) (S 282,439,635) (S 383,758,759) (S 283,636,58) (S 25,58,59) (S 121,333,332) (S 290,603,604) (S 289,645,604) (S 272,605,628) (S 252,605,604) (D 0,0,0)
 0 1 5 8624 16244  19 (D 0,0,0) (S 117,325,326) (S 118,327,328) (S 162,435,436) (S 339,436,703) (S 338,703,54) (S 20,54,53) (S 19,53,52) (S 256,52,453) (S 230,571,572) (S 343,573,554) (S 342,554,139) (S 47,138,139) (S 132,358,322) (S 460,357,814) (S 440,814,788) (S 416,788,495) (S 415,495,325) (D 0,0,0)
 0 1 6 8834 17812  11 (D 0,0,0) (S 51,150,151) (S 112,151,306) (S 390,300,587) (S 239,586,587) (S 240,587,559) (S 241,559,588) (S 242,588,589) (S 304,589,196) (S 276,195,622) (D 0,0,0)
 0 1 7 7299 18707  15 (D 0,0,0) (S 68,191,192) (S 174,192,355) (S 131,355,354) (S 130,354,353) (S 270,353,459) (S 172,458,459) (S 269,459,621) (S 356,621,733) (S 355,727,728) (S 441,728,4) (S 389,27,686) (S 317,686,663) (S 11,27,28) (D 0,0,0)
 0 1 8 8965 36878  23 (D 0,0,0) (S 44,119,121) (S 45,121,122) (S 430,122,798) (S 431,798,800) (S 432,800,187) (S 433,187,801) (S 465,801,111) (S 64,112,185) (S 63,185,184) (S 213,184,544) (S 480,846,544) (S 62,184,183) (S 482,849,183) (S 479,107,845) (S 483,845,847) (S 481,847,106) (S 18,47,48) (S 476,105,843) (S 477,543,813) (S 435,810,811) (S 485,811,755) (D 0,0,0)
 0 1 9 8946 32767  23 (D 0,0,0) (S 78,226,225) (S 77,225,224) (S 175,463,462) (S 224,219,211) (S 223,211,486) (S 222,486,275) (S 99,275,274) (S 88,246,213) (S 87,245,130) (S 54,128,160) (S 381,160,748) (S 374,748,315) (S 116,315,159) (S 115,159,314) (S 352,470,540) (S 212,541,542) (S 484,841,753) (S 377,753,103) (S 475,104,841) (S 378,753,541) (S 107,295,294) (D 0,0,0)
 0 1 10 8973 30287  20 (D 0,0,0) (S 337,54,455) (S 171,455,454) (S 255,472,96) (S 254,606,96) (S 38,96,95) (S 37,95,94) (S 36,94,93) (S 375,637,749) (S 286,637,638) (S 469,837,639) (S 50,148,149) (S 334,706,146) (S 122,336,144) (S 49,144,145) (S 384,741,707) (S 335,707,94) (S 336,592,455) (S 330,703,704) (D 0,0,0)
 0 1 11 8638 17090  24 (D 0,0,0) (S 199,520,351) (S 198,351,416) (S 363,740,519) (S 364,519,328) (S 365,328,435) (S 163,436,437) (S 412,784,786) (S 421,785,793) (S 422,660,790) (S 327,701,579) (S 23,57,56) (S 420,56,701) (S 328,701,702) (S 418,166,702) (S 329,702,703) (S 331,704,607) (S 332,607,705) (S 26,61,62) (S 127,169,349) (S 128,349,350) (S 129,350,326) (S 1,0,1) (D 0,0,0)
 0 1 12 8991 26633  16 (D 0,0,0) (S 92,258,259) (S 220,258,561) (S 257,561,609) (S 217,287,383) (S 149,383,382) (S 233,382,576) (S 311,576,681) (S 310,681,222) (S 76,222,223) (S 89,247,248) (S 90,248,249) (S 138,257,365) (S 42,117,116) (S 391,116,300) (D 0,0,0)
 0 1 13 8969 20030  28 (D 0,0,0) (S 305,674,672) (S 306,672,431) (S 160,431,15) (S 192,14,506) (S 126,346,347) (S 208,527,368) (S 143,369,370) (S 238,369,513) (S 146,375,370) (S 144,370,371) (S 346,371,715) (S 347,715,372) (S 442,39,815) (S 265,616,39) (S 296,373,658) (S 34,83,84) (S 373,657,746) (S 372,657,43) (S 445,745,670) (S 446,670,656) (S 295,656,655) (S 348,716,655) (S 333,654,82) (S 33,82,81) (S 32,80,81) (S 447,81,695) (D 0,0,0)
 0 1 14 5786 9816  16 (D 0,0,0) (S 300,524,673) (S 388,673,762) (S 439,762,525) (S 202,525,526) (S 463,526,761) (S 387,761,762) (S 438,762,718) (S 462,718,832) (S 161,432,433) (S 341,433,324) (S 273,631,324) (S 274,324,521) (S 200,521,522) (S 294,522,653) (D 0,0,0)
 0 1 15 8754 21646  15 (D 0,0,0) (S 461,494,814) (S 459,357,335) (S 322,334,471) (S 39,97,98) (S 40,99,100) (S 232,497,574) (S 250,574,601) (S 411,601,446) (S 170,427,452) (S 410,452,446) (S 167,446,447) (S 207,445,535) (S 386,535,761) (D 0,0,0)
 0 1 16 8867 30652  18 (D 0,0,0) (S 52,154,155) (S 204,529,397) (S 205,397,89) (S 206,89,530) (S 427,390,652) (S 426,652,399) (S 157,412,413) (S 425,766,429) (S 159,377,386) (S 187,428,498) (S 152,392,393) (S 403,777,393) (S 291,395,290) (S 203,527,526) (S 201,525,524) (S 301,17,674) (D 0,0,0)
 0 1 17 8795 31293  19 (D 0,0,0) (S 8,20,19) (S 398,19,769) (S 7,19,18) (S 218,473,469) (S 314,467,683) (S 287,640,641) (S 448,641,556) (S 178,469,468) (S 177,468,467) (S 315,467,684) (S 323,692,466) (S 176,466,465) (S 449,662,665) (S 450,440,825) (S 451,667,688) (S 320,599,690) (S 321,690,691) (D 0,0,0)
 0 1 18 8988 31968  21 (D 0,0,0) (S 46,136,137) (S 153,395,394) (S 154,394,398) (S 155,398,387) (S 151,387,386) (S 150,386,385) (S 394,385,376) (S 393,385,391) (S 48,140,141) (S 392,140,152) (S 84,236,237) (S 408,237,782) (S 407,237,781) (S 158,424,425) (S 85,238,239) (S 406,239,780) (S 86,239,240) (S 405,239,779) (S 409,779,426) (D 0,0,0)
 0 1 19 8950 32616  17 (D 0,0,0) (S 466,522,708) (S 467,832,317) (S 404,612,774) (S 258,612,611) (S 190,501,502) (S 191,502,503) (S 318,687,496) (S 166,442,441) (S 165,441,440) (S 244,594,440) (S 470,441,825) (S 319,688,485) (S 135,362,98) (S 134,361,360) (S 133,360,359) (D 0,0,0)
 0 1 20 9000 40383  15 (D 0,0,0) (S 188,499,398) (S 147,378,377) (S 395,766,73) (S 396,73,767) (S 436,767,806) (S 437,806,182) (S 31,74,75) (S 61,75,182) (S 472,812,76) (S 471,812,45) (S 434,809,808) (S 41,114,115) (S 141,293,367) (D 0,0,0)
 0 1 21 8988 15594  33 (D 0,0,0) (S 302,674,180) (S 303,180,268) (S 299,267,179) (S 60,179,178) (S 193,177,507) (S 350,507,344) (S 125,344,265) (S 124,343,342) (S 123,341,342) (S 297,342,261) (S 93,261,260) (S 371,745,43) (S 473,43,822) (S 17,43,42) (S 16,42,41) (S 443,512,85) (S 35,85,86) (S 349,86,380) (S 145,263,86) (S 444,85,745) (S 370,745,260) (S 369,260,343) (S 368,343,508) (S 195,508,5) (S 2,5,6) (S 3,6,7) (S 298,6,671) (S 194,508,266) (S 94,266,267) (S 95,267,268) (S 96,268,63) (D 0,0,0)
 0 1 22 8979 32109  14 (D 0,0,0) (S 293,427,137) (S 307,528,678) (S 105,291,242) (S 136,242,363) (S 253,363,155) (S 53,155,156) (S 262,614,88) (S 263,88,597) (S 264,597,615) (S 249,597,530) (S 189,89,500) (S 292,290,137) (D 0,0,0)
 0 1 23 8928 25624  13 (D 0,0,0) (S 474,609,578) (S 91,249,250) (S 226,566,225) (S 225,225,565) (S 246,565,367) (S 247,367,269) (S 248,269,292) (S 97,269,227) (S 140,226,366) (S 139,366,257) (S 72,214,215) (D 0,0,0)
 0 1 24 8965 17896  13 (D 0,0,0) (S 243,532,585) (S 237,585,206) (S 275,207,590) (S 71,207,208) (S 452,208,826) (S 458,826,558) (S 219,558,306) (S 111,300,301) (S 454,301,827) (S 453,301,557) (S 70,205,151) (D 0,0,0)
 0 1 25 8961 29879  22 (D 0,0,0) (S 281,515,422) (S 326,636,700) (S 183,480,479) (S 400,479,772) (S 399,478,771) (S 182,478,92) (S 102,282,283) (S 351,282,720) (S 180,477,199) (S 179,199,79) (S 316,143,476) (S 69,199,198) (S 101,279,280) (S 366,281,477) (S 181,477,92) (S 285,93,562) (S 284,456,58) (S 24,58,57) (S 22,56,55) (S 21,55,54) (D 0,0,0)
 0 1 26 8991 40730  25 (D 0,0,0) (S 210,538,295) (S 211,295,539) (S 353,314,724) (S 382,757,724) (S 354,724,126) (S 379,756,725) (S 376,750,751) (S 380,751,725) (S 468,836,726) (S 55,161,162) (S 56,162,163) (S 428,162,795) (S 429,795,796) (S 80,231,230) (S 110,229,254) (S 109,299,229) (S 79,229,230) (S 308,679,680) (S 478,615,844) (S 245,135,38) (S 397,221,381) (S 148,381,382) (S 312,576,287) (D 0,0,0)
 0 1 27 8941 37347  24 (D 0,0,0) (S 227,547,566) (S 209,224,538) (S 98,216,271) (S 73,216,217) (S 74,217,218) (S 108,218,276) (S 104,278,289) (S 100,278,277) (S 229,570,564) (S 228,564,131) (S 215,549,550) (S 216,551,549) (S 81,232,233) (S 82,234,132) (S 83,132,235) (S 309,133,595) (S 15,37,38) (S 345,712,713) (S 75,220,221) (S 103,284,285) (S 137,364,29) (S 12,29,30) (D 0,0,0)
 0 1 28 8898 20033  18 (D 0,0,0) (S 173,355,459) (S 271,623,624) (S 457,624,829) (S 417,70,406) (S 455,828,407) (S 456,407,71) (S 30,71,70) (S 29,69,68) (S 236,583,504) (S 277,69,405) (S 278,405,633) (S 279,633,627) (S 280,627,634) (S 196,515,516) (S 197,519,416) (S 313,521,677) (D 0,0,0)
