737841
28
3600293
3242257
 0 1 1 8910 31014  17 (D 0,0,0) (S 167,447,446) (S 292,137,290) (S 204,529,397) (S 205,397,89) (S 189,500,89) (S 206,89,530) (S 427,390,652) (S 426,652,399) (S 157,412,413) (S 425,429,766) (S 394,376,385) (S 159,386,377) (S 147,377,378) (S 188,398,499) (S 291,395,290) (D 0,0,0)
 0 1 2 8961 31482  19 (D 0,0,0) (S 474,609,578) (S 91,249,250) (S 90,249,248) (S 89,248,247) (S 76,223,222) (S 309,595,133) (S 83,132,235) (S 82,132,234) (S 81,232,233) (S 215,549,550) (S 216,551,549) (S 228,131,564) (S 229,564,570) (S 310,222,681) (S 311,681,576) (S 149,382,383) (S 217,383,287) (D 0,0,0)
 0 1 3 7846 18401  21 (D 0,0,0) (S 313,677,521) (S 198,351,416) (S 367,418,739) (S 168,449,312) (S 113,310,311) (S 114,310,313) (S 358,736,449) (S 169,449,450) (S 362,450,171) (S 58,171,172) (S 57,171,170) (S 359,170,67) (S 28,67,66) (S 27,66,65) (S 414,64,787) (S 413,787,3) (S 11,28,27) (S 317,686,663) (S 389,686,27) (D 0,0,0)
 0 1 4 8979 18418  20 (D 0,0,0) (S 199,520,351) (S 364,519,328) (S 162,435,436) (S 339,436,703) (S 329,703,702) (S 418,166,702) (S 328,702,701) (S 327,579,701) (S 23,56,57) (S 24,57,58) (S 283,636,58) (S 25,58,59) (S 121,333,332) (S 234,332,580) (S 419,580,331) (S 120,331,332) (S 119,331,330) (S 340,329,518) (D 0,0,0)
 0 1 5 8955 19966  32 (D 0,0,0) (S 306,672,431) (S 160,431,15) (S 192,14,506) (S 126,346,347) (S 203,526,527) (S 208,527,368) (S 238,369,513) (S 146,375,370) (S 143,369,370) (S 144,370,371) (S 346,371,715) (S 347,715,372) (S 265,616,39) (S 442,39,815) (S 296,373,658) (S 34,83,84) (S 373,657,746) (S 372,657,43) (S 473,43,822) (S 370,745,260) (S 369,260,343) (S 368,343,508) (S 195,508,5) (S 2,5,6) (S 3,6,7) (S 298,6,671) (S 194,508,266) (S 94,266,267) (S 303,268,180) (S 302,180,674) (D 0,0,0)
 0 1 6 8806 29558  19 (D 0,0,0) (S 281,515,422) (S 326,636,700) (S 183,480,479) (S 400,479,772) (S 399,478,771) (S 182,478,92) (S 102,282,283) (S 351,282,720) (S 366,477,281) (S 101,279,280) (S 69,198,199) (S 179,199,79) (S 316,143,476) (S 180,199,477) (S 181,477,92) (S 36,93,94) (S 336,592,455) (D 0,0,0)
 0 1 7 8988 15658  29 (D 0,0,0) (S 96,63,268) (S 95,268,267) (S 299,267,179) (S 60,179,178) (S 193,177,507) (S 350,507,344) (S 125,344,265) (S 124,343,342) (S 123,341,342) (S 297,342,261) (S 93,261,260) (S 371,745,43) (S 17,43,42) (S 16,42,41) (S 443,512,85) (S 35,85,86) (S 349,86,380) (S 145,263,86) (S 444,85,745) (S 445,745,670) (S 446,670,656) (S 295,656,655) (S 348,716,655) (S 333,654,82) (S 33,82,81) (S 32,80,81) (S 447,81,695) (D 0,0,0)
 0 1 8 8913 27877  13 (D 0,0,0) (S 466,522,708) (S 260,443,319) (S 259,319,534) (S 170,452,427) (S 307,528,678) (S 105,291,242) (S 136,242,363) (S 253,363,155) (S 52,155,154) (S 46,136,137) (S 293,137,427) (D 0,0,0)
 0 1 9 6633 11154  18 (D 0,0,0) (S 305,674,672) (S 300,524,673) (S 388,673,762) (S 387,762,761) (S 463,761,526) (S 202,526,525) (S 439,525,762) (S 438,762,718) (S 462,718,832) (S 161,432,433) (S 341,433,324) (S 273,631,324) (S 274,324,521) (S 200,521,522) (S 294,522,653) (S 1,0,1) (D 0,0,0)
 0 1 10 8849 19902  12 (D 0,0,0) (S 356,733,621) (S 173,459,355) (S 304,196,589) (S 242,589,588) (S 241,588,559) (S 240,559,587) (S 239,586,587) (S 390,587,300) (S 237,206,585) (S 243,585,532) (D 0,0,0)
 0 1 11 8939 33390  14 (D 0,0,0) (S 404,612,774) (S 258,612,611) (S 10,24,25) (S 9,23,22) (S 184,490,489) (S 385,488,710) (S 344,710,711) (S 268,617,492) (S 185,491,492) (S 267,492,483) (S 266,22,502) (S 190,502,501) (D 0,0,0)
 0 1 12 8960 29737  22 (D 0,0,0) (S 301,674,17) (S 201,524,525) (S 386,761,535) (S 207,535,445) (S 53,155,156) (S 262,614,88) (S 263,88,597) (S 249,530,597) (S 264,597,615) (S 478,615,844) (S 245,135,38) (S 15,37,38) (S 345,712,713) (S 75,220,221) (S 397,221,381) (S 148,381,382) (S 233,382,576) (S 312,576,287) (S 12,29,30) (S 257,609,561) (D 0,0,0)
 0 1 13 8927 41901  23 (D 0,0,0) (S 137,29,364) (S 103,284,285) (S 308,680,679) (S 80,231,230) (S 79,230,229) (S 110,229,254) (S 109,299,229) (S 429,795,796) (S 428,795,162) (S 56,162,163) (S 55,162,161) (S 468,836,726) (S 380,725,751) (S 376,750,751) (S 379,756,725) (S 354,126,724) (S 382,757,724) (S 353,724,314) (S 59,173,174) (S 141,367,293) (S 106,293,294) (D 0,0,0)
 0 1 14 8923 26298  12 (D 0,0,0) (S 70,151,205) (S 220,561,258) (S 139,257,366) (S 140,366,226) (S 78,226,225) (S 225,225,565) (S 246,565,367) (S 247,367,269) (S 248,269,292) (S 97,269,227) (D 0,0,0)
 0 1 15 8955 30832  23 (D 0,0,0) (S 467,832,317) (S 410,446,452) (S 409,426,779) (S 405,779,239) (S 406,239,780) (S 86,239,240) (S 85,239,238) (S 158,424,425) (S 407,781,237) (S 408,237,782) (S 84,237,236) (S 392,152,140) (S 48,140,141) (S 393,391,385) (S 150,385,386) (S 151,386,387) (S 155,387,398) (S 154,398,394) (S 152,392,393) (S 403,777,393) (S 153,394,395) (D 0,0,0)
 0 1 16 8763 20534  17 (D 0,0,0) (S 360,738,66) (S 361,66,171) (S 261,403,613) (S 156,403,404) (S 417,406,70) (S 30,70,71) (S 456,71,407) (S 455,828,407) (S 457,829,624) (S 271,624,623) (S 270,353,459) (S 172,458,459) (S 269,459,621) (S 355,727,728) (S 441,728,4) (D 0,0,0)
 0 1 17 8991 16474  25 (D 0,0,0) (S 129,326,350) (S 128,350,349) (S 127,349,169) (S 26,61,62) (S 332,705,607) (S 331,607,704) (S 330,704,703) (S 338,703,54) (S 337,54,455) (S 171,455,454) (S 256,453,52) (S 19,52,53) (S 20,53,54) (S 21,54,55) (S 22,55,56) (S 420,56,701) (S 422,790,660) (S 421,793,785) (S 412,784,786) (S 163,437,436) (S 365,435,328) (S 118,328,327) (S 117,326,325) (D 0,0,0)
 0 1 18 8110 18995  21 (D 0,0,0) (S 197,416,519) (S 363,519,740) (S 401,740,735) (S 357,735,518) (S 252,604,605) (S 272,605,628) (S 289,645,604) (S 290,604,603) (S 196,516,515) (S 280,634,627) (S 279,627,633) (S 278,633,405) (S 277,405,69) (S 29,69,68) (S 236,583,504) (S 235,404,582) (S 424,581,626) (S 423,581,776) (S 402,776,735) (D 0,0,0)
 0 1 19 8326 22064  11 (D 0,0,0) (S 111,300,301) (S 454,301,827) (S 453,301,557) (S 72,215,214) (S 221,214,561) (S 92,258,259) (S 138,257,365) (S 42,117,116) (S 391,116,300) (D 0,0,0)
 0 1 20 8886 36148  21 (D 0,0,0) (S 142,174,115) (S 43,119,120) (S 14,35,36) (S 4,9,10) (S 67,189,188) (S 324,699,188) (S 66,188,12) (S 6,12,13) (S 5,12,11) (S 325,11,34) (S 13,33,32) (S 65,123,32) (S 464,765,124) (S 433,801,187) (S 432,187,800) (S 431,800,798) (S 430,798,122) (S 45,122,121) (S 44,121,119) (D 0,0,0)
 0 1 21 8344 13170  14 (D 0,0,0) (S 51,150,151) (S 112,151,306) (S 219,306,558) (S 458,558,826) (S 452,826,208) (S 71,208,207) (S 275,207,590) (S 276,195,622) (S 130,353,354) (S 131,354,355) (S 174,355,192) (S 68,192,191) (D 0,0,0)
 0 1 22 8853 31150  30 (D 0,0,0) (S 107,294,295) (S 352,540,470) (S 115,314,159) (S 116,159,315) (S 374,315,748) (S 381,748,160) (S 54,160,128) (S 87,130,245) (S 88,246,213) (S 224,219,211) (S 223,211,486) (S 222,486,275) (S 99,274,275) (S 104,278,289) (S 100,278,277) (S 108,276,218) (S 74,218,217) (S 98,216,271) (S 73,216,217) (S 175,463,462) (S 211,539,295) (S 210,295,538) (S 209,538,224) (S 77,224,225) (S 226,225,566) (S 214,547,548) (S 288,548,566) (S 227,566,547) (D 0,0,0)
 0 1 23 8982 41373  14 (D 0,0,0) (S 41,115,114) (S 465,801,111) (S 434,808,809) (S 471,45,812) (S 472,812,76) (S 31,74,75) (S 61,75,182) (S 437,182,806) (S 436,806,767) (S 396,767,73) (S 395,73,766) (S 187,428,498) (D 0,0,0)
 0 1 24 9000 32051  21 (D 0,0,0) (S 416,495,788) (S 459,357,335) (S 8,20,19) (S 398,19,769) (S 7,19,18) (S 218,473,469) (S 178,469,468) (S 177,468,467) (S 323,692,466) (S 176,465,466) (S 315,467,684) (S 314,467,683) (S 287,640,641) (S 448,556,641) (S 449,662,665) (S 166,441,442) (S 135,362,98) (S 134,361,360) (S 133,360,359) (D 0,0,0)
 0 1 25 8996 29923  16 (D 0,0,0) (S 186,494,320) (S 231,359,574) (S 251,99,600) (S 191,502,503) (S 319,485,688) (S 470,825,441) (S 165,441,440) (S 244,594,440) (S 450,440,825) (S 451,667,688) (S 318,687,496) (S 320,599,690) (S 321,690,691) (S 322,471,334) (D 0,0,0)
 0 1 26 8977 31323  22 (D 0,0,0) (S 164,438,439) (S 282,439,635) (S 383,758,759) (S 284,58,456) (S 285,562,93) (S 375,637,749) (S 286,637,638) (S 469,837,639) (S 334,706,146) (S 50,148,149) (S 122,336,144) (S 49,144,145) (S 384,741,707) (S 335,707,94) (S 37,94,95) (S 38,95,96) (S 254,606,96) (S 255,96,472) (S 460,357,814) (S 461,814,494) (D 0,0,0)
 0 1 27 8979 21580  14 (D 0,0,0) (S 415,325,495) (S 440,788,814) (S 132,322,358) (S 47,138,139) (S 342,139,554) (S 343,554,573) (S 230,572,571) (S 39,97,98) (S 40,99,100) (S 232,497,574) (S 250,574,601) (S 411,601,446) (D 0,0,0)
 0 1 28 8864 37468  21 (D 0,0,0) (S 485,755,811) (S 435,811,810) (S 477,813,543) (S 212,542,541) (S 378,541,753) (S 484,841,753) (S 377,753,103) (S 475,104,841) (S 476,843,105) (S 18,48,47) (S 481,106,847) (S 483,847,845) (S 479,107,845) (S 482,849,183) (S 62,183,184) (S 213,184,544) (S 480,846,544) (S 63,184,185) (S 64,185,112) (D 0,0,0)
