740433
28
3310412
1895332
 0 1 1 7681 18381  20 (D 0,0,0) (S 11,28,27) (S 317,686,663) (S 389,686,27) (S 413,3,787) (S 414,787,64) (S 27,65,66) (S 361,66,171) (S 58,171,172) (S 57,170,171) (S 362,171,450) (S 169,450,449) (S 168,449,312) (S 113,310,311) (S 114,310,313) (S 358,736,449) (S 367,739,418) (S 198,416,351) (S 313,521,677) (D 0,0,0)
 0 1 2 6969 11251  22 (D 0,0,0) (S 294,653,522) (S 200,522,521) (S 274,521,324) (S 273,631,324) (S 341,324,433) (S 161,433,432) (S 462,832,718) (S 438,718,762) (S 439,762,525) (S 201,525,524) (S 300,524,673) (S 388,673,762) (S 387,762,761) (S 386,535,761) (S 463,761,526) (S 126,347,346) (S 192,506,14) (S 160,15,431) (S 306,431,672) (S 305,672,674) (D 0,0,0)
 0 1 3 8922 31865  20 (D 0,0,0) (S 133,359,360) (S 134,360,361) (S 135,98,362) (S 8,20,19) (S 398,19,769) (S 7,19,18) (S 218,473,469) (S 178,469,468) (S 177,468,467) (S 315,467,684) (S 323,692,466) (S 176,465,466) (S 314,467,683) (S 448,556,641) (S 287,640,641) (S 449,662,665) (S 450,440,825) (S 461,814,494) (D 0,0,0)
 0 1 4 8356 17875  29 (D 0,0,0) (S 302,674,180) (S 299,179,267) (S 94,267,266) (S 194,266,508) (S 368,508,343) (S 369,343,260) (S 370,260,745) (S 444,745,85) (S 443,85,512) (S 143,370,369) (S 238,369,513) (S 146,375,370) (S 144,370,371) (S 346,371,715) (S 347,715,372) (S 265,616,39) (S 442,39,815) (S 296,373,658) (S 16,41,42) (S 35,85,86) (S 349,86,380) (S 145,86,263) (S 125,265,344) (S 350,344,507) (S 193,507,177) (S 60,178,179) (S 303,180,268) (D 0,0,0)
 0 1 5 8929 17919  15 (D 0,0,0) (S 441,4,728) (S 355,727,728) (S 356,733,621) (S 269,621,459) (S 172,458,459) (S 173,459,355) (S 174,355,192) (S 131,355,354) (S 130,354,353) (S 276,622,195) (S 237,585,206) (S 243,585,532) (S 1,0,1) (D 0,0,0)
 0 1 6 8584 26156  17 (D 0,0,0) (S 12,29,30) (S 217,287,383) (S 149,383,382) (S 148,382,381) (S 397,381,221) (S 75,220,221) (S 345,712,713) (S 76,222,223) (S 89,247,248) (S 77,224,225) (S 78,225,226) (S 139,366,257) (S 138,257,365) (S 42,117,116) (S 391,116,300) (D 0,0,0)
 0 1 7 8839 27893  14 (D 0,0,0) (S 466,522,708) (S 467,832,317) (S 307,528,678) (S 105,291,242) (S 136,242,363) (S 253,363,155) (S 52,155,154) (S 292,290,137) (S 46,136,137) (S 293,137,427) (S 170,427,452) (S 260,319,443) (D 0,0,0)
 0 1 8 8952 34215  19 (D 0,0,0) (S 312,287,576) (S 233,576,382) (S 15,37,38) (S 245,38,135) (S 478,844,615) (S 249,597,530) (S 206,530,89) (S 205,89,397) (S 204,529,397) (S 189,89,500) (S 427,390,652) (S 426,652,399) (S 157,412,413) (S 147,377,378) (S 154,398,394) (S 153,394,395) (S 410,452,446) (D 0,0,0)
 0 1 9 8983 35052  27 (D 0,0,0) (S 227,547,566) (S 288,566,548) (S 224,219,211) (S 223,211,486) (S 222,486,275) (S 99,275,274) (S 88,246,213) (S 87,245,130) (S 429,796,795) (S 428,795,162) (S 56,162,163) (S 55,162,161) (S 54,128,160) (S 381,160,748) (S 374,748,315) (S 116,315,159) (S 115,159,314) (S 352,470,540) (S 212,541,542) (S 475,841,104) (S 377,103,753) (S 484,841,753) (S 378,753,541) (S 107,295,294) (S 220,258,561) (D 0,0,0)
 0 1 10 8971 30152  17 (D 0,0,0) (S 186,494,320) (S 231,359,574) (S 251,99,600) (S 191,502,503) (S 318,687,496) (S 470,825,441) (S 244,594,440) (S 165,440,441) (S 166,441,442) (S 451,667,688) (S 319,688,485) (S 320,599,690) (S 321,690,691) (S 322,471,334) (S 459,335,357) (D 0,0,0)
 0 1 11 8903 29997  21 (D 0,0,0) (S 37,95,94) (S 36,94,93) (S 181,92,477) (S 366,477,281) (S 180,477,199) (S 316,143,476) (S 179,79,199) (S 69,199,198) (S 101,279,280) (S 102,282,283) (S 351,282,720) (S 182,92,478) (S 399,478,771) (S 400,479,772) (S 183,479,480) (S 25,59,58) (S 22,56,55) (S 21,55,54) (S 338,54,703) (D 0,0,0)
 0 1 12 8959 34086  25 (D 0,0,0) (S 137,29,364) (S 103,284,285) (S 311,576,681) (S 310,681,222) (S 309,595,133) (S 83,132,235) (S 82,132,234) (S 81,232,233) (S 215,549,550) (S 216,551,549) (S 228,131,564) (S 229,564,570) (S 100,277,278) (S 104,278,289) (S 108,276,218) (S 74,218,217) (S 73,217,216) (S 98,216,271) (S 175,463,462) (S 211,539,295) (S 210,295,538) (S 209,538,224) (S 90,248,249) (D 0,0,0)
 0 1 13 8868 18963  19 (D 0,0,0) (S 270,459,353) (S 271,623,624) (S 457,624,829) (S 456,71,407) (S 455,828,407) (S 30,71,70) (S 417,70,406) (S 277,405,69) (S 29,69,68) (S 236,583,504) (S 235,404,582) (S 424,581,626) (S 423,581,776) (S 402,776,735) (S 401,735,740) (S 363,740,519) (S 197,519,416) (D 0,0,0)
 0 1 14 8996 21733  10 (D 0,0,0) (S 51,150,151) (S 112,151,306) (S 111,300,301) (S 454,301,827) (S 453,301,557) (S 221,214,561) (S 92,258,259) (S 70,205,151) (D 0,0,0)
 0 1 15 8710 21655  18 (D 0,0,0) (S 330,704,703) (S 171,455,454) (S 255,472,96) (S 38,96,95) (S 254,606,96) (S 39,97,98) (S 40,99,100) (S 232,497,574) (S 250,574,601) (S 411,601,446) (S 167,446,447) (S 207,445,535) (S 208,527,368) (S 203,527,526) (S 202,526,525) (S 301,17,674) (D 0,0,0)
 0 1 16 8682 16731  18 (D 0,0,0) (S 415,325,495) (S 416,495,788) (S 440,788,814) (S 460,814,357) (S 132,322,358) (S 47,138,139) (S 342,139,554) (S 343,554,573) (S 230,572,571) (S 256,453,52) (S 332,607,705) (S 26,61,62) (S 127,169,349) (S 128,349,350) (S 129,350,326) (S 117,326,325) (D 0,0,0)
 0 1 17 8889 38994  19 (D 0,0,0) (S 59,174,173) (S 353,314,724) (S 382,757,724) (S 354,724,126) (S 379,756,725) (S 380,725,751) (S 376,750,751) (S 468,836,726) (S 110,229,254) (S 109,299,229) (S 79,229,230) (S 80,230,231) (S 308,679,680) (S 264,615,597) (S 263,597,88) (S 262,88,614) (S 53,156,155) (D 0,0,0)
 0 1 18 8939 33390  14 (D 0,0,0) (S 10,24,25) (S 9,23,22) (S 184,490,489) (S 385,488,710) (S 344,710,711) (S 268,617,492) (S 185,491,492) (S 267,492,483) (S 266,22,502) (S 190,502,501) (S 258,611,612) (S 404,612,774) (D 0,0,0)
 0 1 19 8957 17738  20 (D 0,0,0) (S 199,520,351) (S 357,735,518) (S 340,518,329) (S 119,330,331) (S 419,331,580) (S 234,580,332) (S 120,331,332) (S 121,332,333) (S 326,700,636) (S 283,636,58) (S 24,58,57) (S 23,57,56) (S 420,56,701) (S 328,701,702) (S 418,166,702) (S 329,702,703) (S 339,703,436) (S 118,328,327) (D 0,0,0)
 0 1 20 8996 36822  20 (D 0,0,0) (S 485,755,811) (S 435,811,810) (S 477,813,543) (S 476,843,105) (S 18,48,47) (S 481,106,847) (S 483,847,845) (S 479,107,845) (S 482,849,183) (S 62,183,184) (S 480,846,544) (S 213,544,184) (S 63,184,185) (S 434,808,809) (S 64,185,112) (S 41,114,115) (S 142,115,174) (S 141,293,367) (D 0,0,0)
 0 1 21 8802 37582  22 (D 0,0,0) (S 106,294,293) (S 44,119,121) (S 45,121,122) (S 430,122,798) (S 431,798,800) (S 432,800,187) (S 433,187,801) (S 465,801,111) (S 464,124,765) (S 65,123,32) (S 13,32,33) (S 325,34,11) (S 5,11,12) (S 6,12,13) (S 66,12,188) (S 324,699,188) (S 67,188,189) (S 4,9,10) (S 14,35,36) (S 43,120,119) (D 0,0,0)
 0 1 22 8891 18732  14 (D 0,0,0) (S 68,191,192) (S 275,590,207) (S 71,207,208) (S 452,208,826) (S 458,826,558) (S 219,558,306) (S 390,300,587) (S 239,586,587) (S 240,587,559) (S 241,559,588) (S 242,588,589) (S 304,589,196) (D 0,0,0)
 0 1 23 8976 29790  22 (D 0,0,0) (S 331,704,607) (S 19,52,53) (S 20,53,54) (S 337,54,455) (S 336,455,592) (S 335,94,707) (S 384,707,741) (S 122,336,144) (S 49,144,145) (S 334,706,146) (S 50,148,149) (S 469,837,639) (S 286,638,637) (S 375,637,749) (S 285,93,562) (S 284,456,58) (S 327,579,701) (S 422,790,660) (S 421,793,785) (S 412,784,786) (D 0,0,0)
 0 1 24 8990 40034  17 (D 0,0,0) (S 188,499,398) (S 155,398,387) (S 151,387,386) (S 159,386,377) (S 425,429,766) (S 395,766,73) (S 396,73,767) (S 436,767,806) (S 437,806,182) (S 471,45,812) (S 472,812,76) (S 61,182,75) (S 31,75,74) (S 394,376,385) (S 187,428,498) (D 0,0,0)
 0 1 25 8965 25778  14 (D 0,0,0) (S 72,215,214) (S 257,561,609) (S 474,609,578) (S 91,249,250) (S 214,547,548) (S 226,566,225) (S 225,225,565) (S 246,565,367) (S 247,367,269) (S 248,269,292) (S 97,269,227) (S 140,226,366) (D 0,0,0)
 0 1 26 8916 29849  19 (D 0,0,0) (S 259,319,534) (S 291,290,395) (S 403,777,393) (S 152,393,392) (S 150,386,385) (S 393,385,391) (S 48,140,141) (S 392,140,152) (S 84,236,237) (S 408,237,782) (S 407,237,781) (S 158,424,425) (S 85,238,239) (S 406,239,780) (S 86,239,240) (S 405,239,779) (S 409,779,426) (D 0,0,0)
 0 1 27 8580 16843  26 (D 0,0,0) (S 447,695,81) (S 32,80,81) (S 33,81,82) (S 333,82,654) (S 348,716,655) (S 295,655,656) (S 446,656,670) (S 445,670,745) (S 371,745,43) (S 473,43,822) (S 17,43,42) (S 34,83,84) (S 373,657,746) (S 372,657,43) (S 93,260,261) (S 297,261,342) (S 123,341,342) (S 124,342,343) (S 195,508,5) (S 2,5,6) (S 3,6,7) (S 298,6,671) (S 95,267,268) (S 96,268,63) (D 0,0,0)
 0 1 28 8410 20957  23 (D 0,0,0) (S 360,738,66) (S 28,66,67) (S 359,67,170) (S 261,403,613) (S 156,403,404) (S 278,405,633) (S 279,633,627) (S 280,627,634) (S 252,604,605) (S 272,605,628) (S 289,645,604) (S 290,604,603) (S 196,516,515) (S 281,515,422) (S 383,758,759) (S 282,635,439) (S 164,439,438) (S 163,437,436) (S 162,436,435) (S 365,435,328) (S 364,328,519) (D 0,0,0)
