740472
28
3600266
3583522
 0 1 1 8938 34097  19 (D 0,0,0) (S 107,294,295) (S 211,295,539) (S 378,541,753) (S 377,753,103) (S 475,104,841) (S 484,841,753) (S 212,541,542) (S 480,846,544) (S 213,544,184) (S 483,845,847) (S 481,847,106) (S 479,107,845) (S 482,849,183) (S 62,183,184) (S 63,184,185) (S 64,185,112) (S 41,114,115) (D 0,0,0)
 0 1 2 8962 29558  20 (D 0,0,0) (S 330,704,703) (S 336,455,592) (S 36,94,93) (S 102,282,283) (S 351,282,720) (S 366,477,281) (S 101,279,280) (S 69,198,199) (S 179,199,79) (S 316,143,476) (S 180,199,477) (S 181,477,92) (S 182,92,478) (S 399,478,771) (S 400,479,772) (S 183,479,480) (S 326,700,636) (S 281,422,515) (D 0,0,0)
 0 1 3 8678 33509  30 (D 0,0,0) (S 12,29,30) (S 137,29,364) (S 103,284,285) (S 104,278,289) (S 100,278,277) (S 108,276,218) (S 74,218,217) (S 73,217,216) (S 98,216,271) (S 229,570,564) (S 228,564,131) (S 87,130,245) (S 116,315,159) (S 115,159,314) (S 353,314,724) (S 354,724,126) (S 54,128,160) (S 381,160,748) (S 374,748,315) (S 88,246,213) (S 99,274,275) (S 222,275,486) (S 223,486,211) (S 224,211,219) (S 175,462,463) (S 209,538,224) (S 77,224,225) (S 227,566,547) (D 0,0,0)
 0 1 4 8939 30597  19 (D 0,0,0) (S 257,561,609) (S 217,287,383) (S 149,383,382) (S 233,382,576) (S 311,576,681) (S 310,681,222) (S 83,132,235) (S 81,232,233) (S 215,549,550) (S 216,551,549) (S 82,234,132) (S 309,133,595) (S 76,222,223) (S 89,247,248) (S 90,248,249) (S 91,249,250) (S 474,578,609) (D 0,0,0)
 0 1 5 8990 18958  19 (D 0,0,0) (S 117,325,326) (S 118,327,328) (S 339,436,703) (S 338,703,54) (S 20,54,53) (S 19,53,52) (S 256,52,453) (S 230,571,572) (S 343,573,554) (S 47,138,139) (S 342,139,554) (S 231,359,574) (S 250,574,601) (S 411,601,446) (S 167,446,447) (S 259,534,319) (S 467,317,832) (D 0,0,0)
 0 1 6 8534 17161  17 (D 0,0,0) (S 401,740,735) (S 402,735,776) (S 423,776,581) (S 424,581,626) (S 235,582,404) (S 417,406,70) (S 30,70,71) (S 455,828,407) (S 456,407,71) (S 457,829,624) (S 271,624,623) (S 130,353,354) (S 131,354,355) (S 174,355,192) (S 68,192,191) (D 0,0,0)
 0 1 7 8923 26298  12 (D 0,0,0) (S 70,151,205) (S 139,257,366) (S 78,226,225) (S 225,225,565) (S 246,565,367) (S 247,367,269) (S 248,269,292) (S 97,269,227) (S 140,226,366) (S 220,258,561) (D 0,0,0)
 0 1 8 8179 18401  22 (D 0,0,0) (S 313,677,521) (S 199,520,351) (S 198,351,416) (S 367,418,739) (S 358,736,449) (S 168,449,312) (S 113,310,311) (S 114,310,313) (S 169,449,450) (S 362,450,171) (S 58,171,172) (S 57,171,170) (S 359,170,67) (S 28,67,66) (S 27,66,65) (S 414,64,787) (S 413,787,3) (S 317,686,663) (S 389,686,27) (S 11,27,28) (D 0,0,0)
 0 1 9 8455 40896  18 (D 0,0,0) (S 44,119,121) (S 45,121,122) (S 430,122,798) (S 431,798,800) (S 432,800,187) (S 433,187,801) (S 465,801,111) (S 434,808,809) (S 471,45,812) (S 472,812,76) (S 18,47,48) (S 476,105,843) (S 477,543,813) (S 435,810,811) (S 485,811,755) (S 106,293,294) (D 0,0,0)
 0 1 10 8893 30234  21 (D 0,0,0) (S 312,287,576) (S 148,382,381) (S 397,381,221) (S 75,220,221) (S 345,712,713) (S 15,37,38) (S 245,38,135) (S 478,844,615) (S 264,615,597) (S 249,597,530) (S 206,530,89) (S 189,89,500) (S 188,499,398) (S 187,498,428) (S 152,392,393) (S 403,777,393) (S 153,394,395) (S 291,395,290) (S 292,290,137) (D 0,0,0)
 0 1 11 8828 21076  23 (D 0,0,0) (S 360,738,66) (S 361,66,171) (S 261,403,613) (S 156,403,404) (S 236,583,504) (S 29,68,69) (S 277,69,405) (S 278,405,633) (S 279,633,627) (S 280,627,634) (S 196,515,516) (S 234,332,580) (S 419,580,331) (S 120,331,332) (S 289,645,604) (S 252,604,605) (S 272,605,628) (S 290,604,603) (S 357,518,735) (S 363,740,519) (S 197,519,416) (D 0,0,0)
 0 1 12 8988 15594  33 (D 0,0,0) (S 302,674,180) (S 303,180,268) (S 95,268,267) (S 299,267,179) (S 60,179,178) (S 193,177,507) (S 350,507,344) (S 125,344,265) (S 369,343,260) (S 444,745,85) (S 145,86,263) (S 349,380,86) (S 35,86,85) (S 443,85,512) (S 16,41,42) (S 17,42,43) (S 473,43,822) (S 371,43,745) (S 370,745,260) (S 93,260,261) (S 297,261,342) (S 123,341,342) (S 124,342,343) (S 368,343,508) (S 195,508,5) (S 2,5,6) (S 3,6,7) (S 298,6,671) (S 194,508,266) (S 94,266,267) (S 96,268,63) (D 0,0,0)
 0 1 13 8326 22064  11 (D 0,0,0) (S 391,300,116) (S 42,116,117) (S 138,365,257) (S 92,258,259) (S 221,561,214) (S 72,214,215) (S 453,557,301) (S 454,301,827) (S 111,301,300) (D 0,0,0)
 0 1 14 8981 15731  13 (D 0,0,0) (S 441,4,728) (S 355,727,728) (S 51,150,151) (S 112,151,306) (S 219,306,558) (S 458,558,826) (S 452,826,208) (S 71,208,207) (S 275,207,590) (S 237,206,585) (S 243,585,532) (D 0,0,0)
 0 1 15 8998 29066  20 (D 0,0,0) (S 293,427,137) (S 154,394,398) (S 155,398,387) (S 151,387,386) (S 150,386,385) (S 393,385,391) (S 48,140,141) (S 392,140,152) (S 84,236,237) (S 408,237,782) (S 407,237,781) (S 158,424,425) (S 85,238,239) (S 86,239,240) (S 406,239,780) (S 405,239,779) (S 409,779,426) (S 170,427,452) (D 0,0,0)
 0 1 16 8983 20198  24 (D 0,0,0) (S 440,788,814) (S 132,322,358) (S 133,359,360) (S 134,360,361) (S 135,98,362) (S 39,98,97) (S 38,96,95) (S 37,95,94) (S 335,94,707) (S 384,707,741) (S 171,454,455) (S 337,455,54) (S 21,54,55) (S 22,55,56) (S 420,56,701) (S 422,790,660) (S 421,793,785) (S 412,784,786) (S 163,437,436) (S 162,436,435) (S 365,435,328) (S 364,328,519) (D 0,0,0)
 0 1 17 8715 28409  15 (D 0,0,0) (S 260,443,319) (S 410,446,452) (S 52,154,155) (S 253,155,363) (S 136,363,242) (S 105,242,291) (S 307,528,678) (S 46,136,137) (S 207,445,535) (S 386,535,761) (S 387,761,762) (S 439,762,525) (S 192,14,506) (D 0,0,0)
 0 1 18 8972 20516  14 (D 0,0,0) (S 356,733,621) (S 269,621,459) (S 173,459,355) (S 172,458,459) (S 270,459,353) (S 276,622,195) (S 304,196,589) (S 242,589,588) (S 241,588,559) (S 240,559,587) (S 239,586,587) (S 390,587,300) (D 0,0,0)
 0 1 19 8875 19537  27 (D 0,0,0) (S 301,674,17) (S 201,524,525) (S 202,525,526) (S 203,526,527) (S 208,527,368) (S 238,369,513) (S 146,375,370) (S 143,369,370) (S 144,370,371) (S 346,371,715) (S 347,715,372) (S 442,39,815) (S 265,616,39) (S 296,373,658) (S 34,83,84) (S 373,657,746) (S 372,657,43) (S 445,745,670) (S 446,670,656) (S 295,656,655) (S 348,716,655) (S 333,654,82) (S 33,82,81) (S 32,80,81) (S 447,81,695) (D 0,0,0)
 0 1 20 8940 33562  19 (D 0,0,0) (S 459,357,335) (S 8,20,19) (S 398,19,769) (S 7,19,18) (S 218,473,469) (S 178,468,469) (S 448,556,641) (S 287,640,641) (S 314,683,467) (S 177,467,468) (S 315,467,684) (S 323,692,466) (S 176,466,465) (S 449,662,665) (S 244,594,440) (S 166,441,442) (S 319,688,485) (D 0,0,0)
 0 1 21 8889 28973  17 (D 0,0,0) (S 466,522,708) (S 461,494,814) (S 322,334,471) (S 321,691,690) (S 320,690,599) (S 318,687,496) (S 451,688,667) (S 450,825,440) (S 165,440,441) (S 470,441,825) (S 191,503,502) (S 251,600,99) (S 40,99,100) (S 232,497,574) (S 186,320,494) (D 0,0,0)
 0 1 22 8995 29747  20 (D 0,0,0) (S 415,325,495) (S 416,495,788) (S 460,814,357) (S 255,472,96) (S 254,96,606) (S 122,336,144) (S 49,144,145) (S 334,706,146) (S 50,148,149) (S 469,837,639) (S 286,638,637) (S 375,637,749) (S 285,93,562) (S 284,456,58) (S 283,58,636) (S 383,758,759) (S 282,635,439) (S 164,439,438) (D 0,0,0)
 0 1 23 8929 40438  21 (D 0,0,0) (S 210,538,295) (S 352,540,470) (S 382,724,757) (S 379,756,725) (S 376,750,751) (S 380,751,725) (S 468,836,726) (S 55,161,162) (S 56,162,163) (S 428,162,795) (S 429,795,796) (S 80,231,230) (S 110,229,254) (S 109,299,229) (S 79,229,230) (S 308,679,680) (S 263,597,88) (S 262,88,614) (S 53,156,155) (D 0,0,0)
 0 1 24 8939 33390  14 (D 0,0,0) (S 10,24,25) (S 9,23,22) (S 184,490,489) (S 385,488,710) (S 344,710,711) (S 268,617,492) (S 185,491,492) (S 267,492,483) (S 266,22,502) (S 190,502,501) (S 258,611,612) (S 404,612,774) (D 0,0,0)
 0 1 25 8927 36341  19 (D 0,0,0) (S 126,346,347) (S 463,526,761) (S 147,378,377) (S 159,377,386) (S 394,385,376) (S 395,766,73) (S 396,73,767) (S 436,767,806) (S 437,806,182) (S 61,182,75) (S 31,75,74) (S 425,766,429) (S 157,412,413) (S 426,399,652) (S 427,652,390) (S 205,89,397) (S 204,397,529) (D 0,0,0)
 0 1 26 8993 18585  18 (D 0,0,0) (S 340,518,329) (S 119,330,331) (S 121,332,333) (S 25,59,58) (S 24,58,57) (S 23,57,56) (S 327,579,701) (S 328,701,702) (S 418,166,702) (S 329,702,703) (S 331,704,607) (S 332,607,705) (S 26,61,62) (S 127,169,349) (S 128,349,350) (S 129,350,326) (D 0,0,0)
 0 1 27 5983 10504  16 (D 0,0,0) (S 1,0,1) (S 294,653,522) (S 200,522,521) (S 274,521,324) (S 273,631,324) (S 341,324,433) (S 161,433,432) (S 462,832,718) (S 438,718,762) (S 388,762,673) (S 300,673,524) (S 160,15,431) (S 306,431,672) (S 305,672,674) (D 0,0,0)
 0 1 28 8863 37032  20 (D 0,0,0) (S 141,367,293) (S 325,34,11) (S 5,11,12) (S 13,32,33) (S 464,765,124) (S 65,123,32) (S 6,12,13) (S 66,12,188) (S 324,699,188) (S 67,188,189) (S 4,9,10) (S 14,35,36) (S 43,120,119) (S 142,115,174) (S 59,174,173) (S 226,225,566) (S 288,566,548) (S 214,548,547) (D 0,0,0)
