736477
28
3600331
3444665
 0 1 1 7817 19788  20 (D 0,0,0) (S 1,0,1) (S 313,677,521) (S 198,351,416) (S 367,418,739) (S 114,313,310) (S 113,310,311) (S 168,312,449) (S 358,736,449) (S 169,449,450) (S 362,450,171) (S 58,171,172) (S 359,170,67) (S 28,67,66) (S 360,66,738) (S 413,787,3) (S 389,27,686) (S 317,686,663) (S 11,27,28) (D 0,0,0)
 0 1 2 8995 27376  22 (D 0,0,0) (S 340,518,329) (S 120,331,332) (S 164,438,439) (S 282,439,635) (S 383,758,759) (S 284,58,456) (S 285,562,93) (S 36,93,94) (S 335,94,707) (S 384,707,741) (S 50,148,149) (S 334,706,146) (S 49,145,144) (S 122,336,144) (S 254,606,96) (S 38,96,95) (S 37,95,94) (S 336,592,455) (S 337,455,54) (S 330,703,704) (D 0,0,0)
 0 1 3 8982 41373  14 (D 0,0,0) (S 187,498,428) (S 395,766,73) (S 396,73,767) (S 436,767,806) (S 437,806,182) (S 31,74,75) (S 61,75,182) (S 472,812,76) (S 471,812,45) (S 434,809,808) (S 465,111,801) (S 41,114,115) (D 0,0,0)
 0 1 4 8939 19123  17 (D 0,0,0) (S 402,735,776) (S 423,776,581) (S 424,581,626) (S 235,582,404) (S 417,406,70) (S 30,70,71) (S 456,71,407) (S 455,828,407) (S 457,829,624) (S 271,624,623) (S 130,353,354) (S 173,355,459) (S 172,458,459) (S 269,459,621) (S 356,621,733) (D 0,0,0)
 0 1 5 8981 41039  23 (D 0,0,0) (S 220,561,258) (S 106,294,293) (S 59,174,173) (S 352,540,470) (S 353,314,724) (S 354,724,126) (S 376,750,751) (S 380,751,725) (S 379,756,725) (S 468,836,726) (S 55,161,162) (S 56,162,163) (S 428,162,795) (S 429,795,796) (S 80,231,230) (S 109,299,229) (S 110,229,254) (S 79,229,230) (S 308,679,680) (S 103,284,285) (S 137,364,29) (D 0,0,0)
 0 1 6 8864 37468  21 (D 0,0,0) (S 64,112,185) (S 63,185,184) (S 480,846,544) (S 213,544,184) (S 62,184,183) (S 482,849,183) (S 479,107,845) (S 483,845,847) (S 481,847,106) (S 18,47,48) (S 476,105,843) (S 475,841,104) (S 377,103,753) (S 484,841,753) (S 378,753,541) (S 212,541,542) (S 477,543,813) (S 435,810,811) (S 485,811,755) (D 0,0,0)
 0 1 7 8996 32053  21 (D 0,0,0) (S 321,691,690) (S 451,688,667) (S 470,825,441) (S 449,665,662) (S 448,556,641) (S 287,640,641) (S 314,683,467) (S 176,465,466) (S 323,692,466) (S 315,467,684) (S 177,467,468) (S 178,468,469) (S 218,469,473) (S 7,18,19) (S 398,19,769) (S 8,19,20) (S 135,362,98) (S 134,361,360) (S 133,360,359) (D 0,0,0)
 0 1 8 8996 30913  20 (D 0,0,0) (S 466,522,708) (S 105,291,242) (S 136,242,363) (S 253,363,155) (S 53,155,156) (S 262,614,88) (S 263,88,597) (S 249,530,597) (S 264,597,615) (S 478,615,844) (S 245,135,38) (S 15,37,38) (S 345,712,713) (S 75,220,221) (S 397,221,381) (S 148,381,382) (S 312,576,287) (S 12,29,30) (D 0,0,0)
 0 1 9 8958 33713  22 (D 0,0,0) (S 327,701,579) (S 283,636,58) (S 375,637,749) (S 286,637,638) (S 469,837,639) (S 316,143,476) (S 179,79,199) (S 180,199,477) (S 366,477,281) (S 102,282,283) (S 351,282,720) (S 101,279,280) (S 69,198,199) (S 181,477,92) (S 182,92,478) (S 399,478,771) (S 400,479,772) (S 183,479,480) (S 326,700,636) (S 281,422,515) (D 0,0,0)
 0 1 10 8897 29964  16 (D 0,0,0) (S 461,494,814) (S 459,357,335) (S 322,334,471) (S 320,690,599) (S 319,485,688) (S 318,687,496) (S 450,825,440) (S 244,594,440) (S 165,440,441) (S 166,441,442) (S 191,503,502) (S 251,600,99) (S 231,574,359) (S 186,320,494) (D 0,0,0)
 0 1 11 8995 27095  15 (D 0,0,0) (S 139,257,366) (S 140,366,226) (S 97,227,269) (S 248,269,292) (S 247,269,367) (S 141,367,293) (S 246,367,565) (S 225,565,225) (S 288,566,548) (S 214,548,547) (S 227,547,566) (S 226,566,225) (S 78,225,226) (D 0,0,0)
 0 1 12 8988 15594  33 (D 0,0,0) (S 302,674,180) (S 303,180,268) (S 95,268,267) (S 94,267,266) (S 194,266,508) (S 298,671,6) (S 3,6,7) (S 2,6,5) (S 195,5,508) (S 368,508,343) (S 124,343,342) (S 123,341,342) (S 297,342,261) (S 93,261,260) (S 370,260,745) (S 371,745,43) (S 473,43,822) (S 17,43,42) (S 16,42,41) (S 443,512,85) (S 349,86,380) (S 145,263,86) (S 35,86,85) (S 444,85,745) (S 369,260,343) (S 125,265,344) (S 350,344,507) (S 193,507,177) (S 60,178,179) (S 299,179,267) (S 96,268,63) (D 0,0,0)
 0 1 13 8907 31854  28 (D 0,0,0) (S 107,294,295) (S 175,462,463) (S 73,217,216) (S 98,216,271) (S 74,217,218) (S 108,218,276) (S 104,278,289) (S 100,278,277) (S 229,570,564) (S 228,564,131) (S 87,130,245) (S 374,315,748) (S 381,748,160) (S 54,160,128) (S 382,757,724) (S 115,314,159) (S 116,159,315) (S 88,246,213) (S 99,274,275) (S 222,275,486) (S 223,486,211) (S 224,211,219) (S 211,539,295) (S 210,295,538) (S 209,538,224) (S 77,224,225) (D 0,0,0)
 0 1 14 8975 18184  19 (D 0,0,0) (S 129,326,350) (S 128,350,349) (S 127,349,169) (S 26,61,62) (S 332,705,607) (S 331,607,704) (S 338,703,54) (S 171,455,454) (S 230,571,572) (S 343,573,554) (S 342,554,139) (S 47,138,139) (S 132,358,322) (S 460,357,814) (S 440,814,788) (S 416,788,495) (S 415,495,325) (D 0,0,0)
 0 1 15 8863 19168  24 (D 0,0,0) (S 414,787,64) (S 27,65,66) (S 361,66,171) (S 57,171,170) (S 261,403,613) (S 156,403,404) (S 236,583,504) (S 29,68,69) (S 277,69,405) (S 278,405,633) (S 279,633,627) (S 280,627,634) (S 196,515,516) (S 290,603,604) (S 289,645,604) (S 272,605,628) (S 252,605,604) (S 357,518,735) (S 401,735,740) (S 363,740,519) (S 197,519,416) (S 199,351,520) (D 0,0,0)
 0 1 16 8995 25550  17 (D 0,0,0) (S 467,832,317) (S 259,319,534) (S 167,447,446) (S 293,427,137) (S 46,136,137) (S 307,528,678) (S 292,290,137) (S 170,427,452) (S 410,452,446) (S 207,445,535) (S 386,535,761) (S 387,761,762) (S 439,762,525) (S 201,525,524) (S 301,17,674) (D 0,0,0)
 0 1 17 8993 32198  19 (D 0,0,0) (S 260,443,319) (S 52,154,155) (S 204,529,397) (S 205,397,89) (S 189,500,89) (S 206,89,530) (S 427,390,652) (S 426,652,399) (S 157,412,413) (S 425,429,766) (S 394,376,385) (S 150,385,386) (S 151,386,387) (S 154,398,394) (S 403,777,393) (S 152,392,393) (S 153,394,395) (D 0,0,0)
 0 1 18 8955 20030  28 (D 0,0,0) (S 447,695,81) (S 32,80,81) (S 33,81,82) (S 333,82,654) (S 348,716,655) (S 295,655,656) (S 446,656,670) (S 445,670,745) (S 372,43,657) (S 373,657,746) (S 34,83,84) (S 296,373,658) (S 265,616,39) (S 442,39,815) (S 347,372,715) (S 346,715,371) (S 144,371,370) (S 238,369,513) (S 146,375,370) (S 143,370,369) (S 208,368,527) (S 203,527,526) (S 126,347,346) (S 192,506,14) (S 160,15,431) (S 306,431,672) (D 0,0,0)
 0 1 19 8918 30051  21 (D 0,0,0) (S 291,290,395) (S 188,499,398) (S 155,398,387) (S 147,378,377) (S 159,377,386) (S 393,385,391) (S 48,140,141) (S 392,140,152) (S 84,236,237) (S 408,237,782) (S 407,237,781) (S 158,424,425) (S 85,238,239) (S 406,239,780) (S 86,239,240) (S 405,239,779) (S 409,779,426) (S 463,761,526) (S 202,526,525) (D 0,0,0)
 0 1 20 8981 21226  18 (D 0,0,0) (S 411,446,601) (S 250,601,574) (S 232,574,497) (S 40,100,99) (S 39,98,97) (S 255,96,472) (S 256,453,52) (S 19,52,53) (S 20,53,54) (S 21,54,55) (S 22,55,56) (S 328,701,702) (S 418,166,702) (S 329,702,703) (S 339,703,436) (S 364,328,519) (D 0,0,0)
 0 1 21 8939 33390  14 (D 0,0,0) (S 404,612,774) (S 258,612,611) (S 10,24,25) (S 9,23,22) (S 184,490,489) (S 385,488,710) (S 344,710,711) (S 268,617,492) (S 185,491,492) (S 267,492,483) (S 266,22,502) (S 190,502,501) (D 0,0,0)
 0 1 22 8939 30597  19 (D 0,0,0) (S 474,609,578) (S 91,249,250) (S 90,249,248) (S 89,248,247) (S 76,223,222) (S 83,132,235) (S 81,232,233) (S 215,549,550) (S 216,551,549) (S 82,234,132) (S 309,133,595) (S 310,222,681) (S 311,681,576) (S 233,576,382) (S 149,382,383) (S 217,383,287) (S 257,609,561) (D 0,0,0)
 0 1 23 4979 8837  13 (D 0,0,0) (S 305,674,672) (S 300,524,673) (S 388,673,762) (S 438,762,718) (S 462,718,832) (S 161,432,433) (S 341,433,324) (S 273,631,324) (S 274,324,521) (S 200,521,522) (S 294,522,653) (D 0,0,0)
 0 1 24 8593 16641  18 (D 0,0,0) (S 118,327,328) (S 365,328,435) (S 162,435,436) (S 163,436,437) (S 412,784,786) (S 421,785,793) (S 422,660,790) (S 420,701,56) (S 23,56,57) (S 24,57,58) (S 25,58,59) (S 121,333,332) (S 234,332,580) (S 419,580,331) (S 119,331,330) (S 117,326,325) (D 0,0,0)
 0 1 25 8995 22855  12 (D 0,0,0) (S 70,205,151) (S 111,300,301) (S 454,301,827) (S 453,301,557) (S 72,215,214) (S 221,214,561) (S 92,258,259) (S 138,257,365) (S 42,117,116) (S 391,116,300) (D 0,0,0)
 0 1 26 8933 16935  14 (D 0,0,0) (S 441,4,728) (S 355,727,728) (S 270,459,353) (S 276,622,195) (S 275,590,207) (S 71,207,208) (S 452,208,826) (S 458,826,558) (S 219,558,306) (S 112,306,151) (S 237,206,585) (S 243,585,532) (D 0,0,0)
 0 1 27 8356 17314  12 (D 0,0,0) (S 51,150,151) (S 390,300,587) (S 239,586,587) (S 240,587,559) (S 241,559,588) (S 242,588,589) (S 304,589,196) (S 131,354,355) (S 174,355,192) (S 68,192,191) (D 0,0,0)
 0 1 28 8886 36148  21 (D 0,0,0) (S 43,119,120) (S 14,35,36) (S 4,9,10) (S 67,189,188) (S 324,699,188) (S 66,188,12) (S 6,12,13) (S 5,12,11) (S 325,11,34) (S 13,33,32) (S 65,123,32) (S 464,765,124) (S 433,801,187) (S 432,187,800) (S 431,800,798) (S 430,798,122) (S 45,122,121) (S 44,121,119) (S 142,115,174) (D 0,0,0)
