741801
29
3600330
3024052
 0 1 1 8815 33435  22 (D 0,0,0) (S 91,249,250) (S 288,566,548) (S 209,224,538) (S 73,217,216) (S 98,216,271) (S 74,217,218) (S 108,218,276) (S 100,277,278) (S 104,278,289) (S 229,570,564) (S 228,564,131) (S 83,132,235) (S 216,551,549) (S 215,549,550) (S 81,232,233) (S 82,234,132) (S 309,133,595) (S 76,222,223) (S 89,247,248) (S 90,248,249) (D 0,0,0)
 0 1 2 8992 32443  25 (D 0,0,0) (S 227,547,566) (S 226,566,225) (S 77,225,224) (S 175,463,462) (S 224,219,211) (S 223,211,486) (S 222,486,275) (S 99,275,274) (S 88,246,213) (S 87,245,130) (S 54,128,160) (S 381,160,748) (S 374,748,315) (S 116,315,159) (S 115,159,314) (S 352,470,540) (S 212,541,542) (S 477,543,813) (S 435,810,811) (S 485,811,755) (S 142,115,174) (S 59,174,173) (S 474,578,609) (D 0,0,0)
 0 1 3 8985 19776  13 (D 0,0,0) (S 68,191,192) (S 173,355,459) (S 172,458,459) (S 270,459,353) (S 276,622,195) (S 304,196,589) (S 242,589,588) (S 241,588,559) (S 240,559,587) (S 239,586,587) (S 390,587,300) (D 0,0,0)
 0 1 4 8701 30361  21 (D 0,0,0) (S 171,455,454) (S 255,472,96) (S 254,96,606) (S 49,145,144) (S 122,336,144) (S 50,148,149) (S 334,706,146) (S 469,837,639) (S 286,638,637) (S 375,637,749) (S 285,93,562) (S 284,456,58) (S 24,58,57) (S 23,57,56) (S 22,56,55) (S 21,55,54) (S 20,54,53) (S 19,53,52) (S 331,607,704) (D 0,0,0)
 0 1 5 8781 26298  11 (D 0,0,0) (S 139,257,366) (S 78,226,225) (S 225,225,565) (S 246,565,367) (S 247,367,269) (S 248,269,292) (S 97,269,227) (S 140,226,366) (S 70,205,151) (D 0,0,0)
 0 1 6 8756 20194  19 (D 0,0,0) (S 330,704,703) (S 338,703,54) (S 337,54,455) (S 336,455,592) (S 335,94,707) (S 384,707,741) (S 38,95,96) (S 39,97,98) (S 135,98,362) (S 134,361,360) (S 133,360,359) (S 231,359,574) (S 250,574,601) (S 411,601,446) (S 207,445,535) (S 192,14,506) (S 305,672,674) (D 0,0,0)
 0 1 7 8781 21048  20 (D 0,0,0) (S 198,351,416) (S 363,740,519) (S 290,603,604) (S 272,605,628) (S 252,605,604) (S 289,645,604) (S 196,516,515) (S 281,515,422) (S 282,439,635) (S 383,758,759) (S 326,636,700) (S 121,333,332) (S 120,331,332) (S 234,332,580) (S 419,580,331) (S 119,331,330) (S 364,328,519) (S 197,519,416) (D 0,0,0)
 0 1 8 8993 31013  16 (D 0,0,0) (S 461,494,814) (S 459,357,335) (S 322,334,471) (S 450,825,440) (S 244,594,440) (S 165,440,441) (S 470,441,825) (S 318,687,496) (S 191,503,502) (S 251,600,99) (S 40,99,100) (S 232,497,574) (S 186,320,494) (S 466,708,522) (D 0,0,0)
 0 1 9 8802 37582  22 (D 0,0,0) (S 43,119,120) (S 14,35,36) (S 4,9,10) (S 67,189,188) (S 324,699,188) (S 66,188,12) (S 6,12,13) (S 5,12,11) (S 325,11,34) (S 13,33,32) (S 65,123,32) (S 464,765,124) (S 465,801,111) (S 433,801,187) (S 432,187,800) (S 431,800,798) (S 430,798,122) (S 45,122,121) (S 44,121,119) (S 106,293,294) (D 0,0,0)
 0 1 10 8836 31502  20 (D 0,0,0) (S 8,20,19) (S 398,19,769) (S 7,19,18) (S 218,473,469) (S 178,469,468) (S 177,468,467) (S 176,465,466) (S 323,692,466) (S 315,467,684) (S 314,467,683) (S 287,640,641) (S 448,556,641) (S 449,662,665) (S 166,441,442) (S 451,667,688) (S 319,688,485) (S 320,599,690) (S 321,690,691) (D 0,0,0)
 0 1 11 8991 19350  31 (D 0,0,0) (S 306,672,431) (S 160,431,15) (S 202,525,526) (S 203,526,527) (S 208,527,368) (S 143,369,370) (S 146,370,375) (S 238,513,369) (S 144,370,371) (S 346,371,715) (S 347,715,372) (S 442,39,815) (S 265,616,39) (S 296,373,658) (S 34,83,84) (S 373,657,746) (S 372,657,43) (S 371,43,745) (S 370,745,260) (S 93,260,261) (S 297,261,342) (S 123,341,342) (S 124,342,343) (S 125,265,344) (S 350,344,507) (S 193,507,177) (S 60,178,179) (S 299,179,267) (S 96,268,63) (D 0,0,0)
 0 1 12 8994 35337  19 (D 0,0,0) (S 141,367,293) (S 41,115,114) (S 64,112,185) (S 434,808,809) (S 63,185,184) (S 482,849,183) (S 62,183,184) (S 213,184,544) (S 480,846,544) (S 481,847,106) (S 479,107,845) (S 483,845,847) (S 476,843,105) (S 475,104,841) (S 484,841,753) (S 378,753,541) (S 107,295,294) (D 0,0,0)
 0 1 13 8918 20125  19 (D 0,0,0) (S 356,733,621) (S 269,621,459) (S 236,504,583) (S 29,68,69) (S 277,69,405) (S 278,405,633) (S 279,633,627) (S 280,627,634) (S 417,406,70) (S 30,70,71) (S 456,71,407) (S 455,828,407) (S 457,829,624) (S 271,624,623) (S 130,353,354) (S 131,354,355) (S 174,355,192) (D 0,0,0)
 0 1 14 8939 33390  14 (D 0,0,0) (S 404,612,774) (S 258,612,611) (S 10,24,25) (S 9,23,22) (S 267,483,492) (S 185,491,492) (S 268,492,617) (S 344,710,711) (S 385,710,488) (S 184,489,490) (S 266,22,502) (S 190,502,501) (D 0,0,0)
 0 1 15 8486 19872  20 (D 0,0,0) (S 11,28,27) (S 317,686,663) (S 389,686,27) (S 414,787,64) (S 27,65,66) (S 361,66,171) (S 58,171,172) (S 57,171,170) (S 261,403,613) (S 156,403,404) (S 235,404,582) (S 424,581,626) (S 423,581,776) (S 402,776,735) (S 401,735,740) (S 367,739,418) (S 199,351,520) (S 313,521,677) (D 0,0,0)
 0 1 16 8930 40854  16 (D 0,0,0) (S 214,547,548) (S 377,753,103) (S 18,48,47) (S 471,45,812) (S 472,812,76) (S 61,182,75) (S 31,74,75) (S 437,182,806) (S 436,806,767) (S 396,767,73) (S 395,73,766) (S 425,766,429) (S 147,377,378) (S 188,398,499) (D 0,0,0)
 0 1 17 8990 29863  20 (D 0,0,0) (S 164,438,439) (S 283,636,58) (S 25,58,59) (S 183,480,479) (S 400,479,772) (S 399,478,771) (S 182,478,92) (S 181,92,477) (S 180,477,199) (S 179,199,79) (S 316,143,476) (S 69,199,198) (S 101,279,280) (S 366,477,281) (S 102,282,283) (S 351,282,720) (S 36,93,94) (S 37,94,95) (D 0,0,0)
 0 1 18 663 1326  3 (D 0,0,0) (S 1,0,1) (D 0,0,0)
 0 1 19 8995 29772  22 (D 0,0,0) (S 153,395,394) (S 154,394,398) (S 155,398,387) (S 151,387,386) (S 150,386,385) (S 394,385,376) (S 393,385,391) (S 48,140,141) (S 392,140,152) (S 84,236,237) (S 408,237,782) (S 407,237,781) (S 158,424,425) (S 85,238,239) (S 406,239,780) (S 86,239,240) (S 405,239,779) (S 409,779,426) (S 170,427,452) (S 467,317,832) (D 0,0,0)
 0 1 20 8879 30924  21 (D 0,0,0) (S 257,561,609) (S 12,29,30) (S 217,287,383) (S 149,383,382) (S 233,382,576) (S 148,382,381) (S 397,381,221) (S 75,220,221) (S 345,712,713) (S 15,37,38) (S 245,38,135) (S 478,844,615) (S 264,615,597) (S 249,597,530) (S 206,530,89) (S 189,500,89) (S 205,89,397) (S 204,397,529) (S 167,446,447) (D 0,0,0)
 0 1 21 8965 41406  25 (D 0,0,0) (S 137,29,364) (S 210,538,295) (S 211,295,539) (S 353,314,724) (S 382,757,724) (S 354,724,126) (S 379,756,725) (S 376,750,751) (S 380,751,725) (S 468,836,726) (S 55,161,162) (S 56,162,163) (S 428,162,795) (S 429,795,796) (S 80,231,230) (S 110,229,254) (S 109,299,229) (S 79,229,230) (S 308,679,680) (S 310,222,681) (S 103,284,285) (S 311,681,576) (S 312,576,287) (D 0,0,0)
 0 1 22 8948 30871  19 (D 0,0,0) (S 53,155,156) (S 262,614,88) (S 263,88,597) (S 427,390,652) (S 426,652,399) (S 157,412,413) (S 159,377,386) (S 187,428,498) (S 152,392,393) (S 403,777,393) (S 291,395,290) (S 292,290,137) (S 386,535,761) (S 387,761,762) (S 439,762,525) (S 201,525,524) (S 301,17,674) (D 0,0,0)
 0 1 23 8765 15820  29 (D 0,0,0) (S 302,674,180) (S 303,180,268) (S 95,268,267) (S 94,267,266) (S 194,266,508) (S 298,671,6) (S 3,6,7) (S 2,6,5) (S 195,5,508) (S 368,508,343) (S 369,343,260) (S 444,745,85) (S 35,85,86) (S 145,86,263) (S 349,380,86) (S 443,85,512) (S 16,41,42) (S 17,42,43) (S 473,43,822) (S 445,745,670) (S 446,670,656) (S 295,656,655) (S 348,716,655) (S 333,654,82) (S 33,82,81) (S 32,80,81) (S 447,81,695) (D 0,0,0)
 0 1 24 8888 28426  14 (D 0,0,0) (S 260,443,319) (S 259,319,534) (S 410,446,452) (S 46,136,137) (S 52,154,155) (S 253,155,363) (S 136,363,242) (S 105,242,291) (S 307,528,678) (S 293,137,427) (S 463,761,526) (S 126,347,346) (D 0,0,0)
 0 1 25 8682 16731  18 (D 0,0,0) (S 117,325,326) (S 129,326,350) (S 128,350,349) (S 127,349,169) (S 26,61,62) (S 332,705,607) (S 256,52,453) (S 230,571,572) (S 343,573,554) (S 342,554,139) (S 47,138,139) (S 132,358,322) (S 460,357,814) (S 440,814,788) (S 416,788,495) (S 415,495,325) (D 0,0,0)
 0 1 26 4795 8825  12 (D 0,0,0) (S 294,653,522) (S 200,522,521) (S 274,521,324) (S 273,631,324) (S 341,324,433) (S 161,433,432) (S 462,832,718) (S 438,718,762) (S 388,762,673) (S 300,673,524) (D 0,0,0)
 0 1 27 8896 17462  27 (D 0,0,0) (S 413,3,787) (S 360,738,66) (S 28,66,67) (S 359,67,170) (S 362,171,450) (S 169,450,449) (S 168,449,312) (S 113,310,311) (S 114,310,313) (S 358,736,449) (S 357,735,518) (S 340,518,329) (S 163,436,437) (S 412,784,786) (S 421,785,793) (S 422,660,790) (S 327,579,701) (S 420,701,56) (S 328,701,702) (S 418,166,702) (S 329,702,703) (S 339,703,436) (S 162,436,435) (S 365,435,328) (S 118,328,327) (D 0,0,0)
 0 1 28 8981 15731  13 (D 0,0,0) (S 355,727,728) (S 441,728,4) (S 51,150,151) (S 112,151,306) (S 219,306,558) (S 458,558,826) (S 452,826,208) (S 71,208,207) (S 275,207,590) (S 237,206,585) (S 243,585,532) (D 0,0,0)
 0 1 29 8468 22064  12 (D 0,0,0) (S 391,300,116) (S 42,116,117) (S 138,365,257) (S 92,258,259) (S 220,258,561) (S 221,561,214) (S 72,214,215) (S 453,557,301) (S 454,301,827) (S 111,301,300) (D 0,0,0)
