1589418
63
3600749
3565796
 0 1 1 6341 13540  12 (D 0,0,0) (S 1,0,1) (S 2,2,3) (S 990,3,732) (S 18,27,26) (S 917,26,783) (S 710,686,663) (S 872,686,27) (S 19,27,28) (S 830,28,731) (S 797,731,732) (D 0,0,0)
 0 1 2 8794 15620  21 (D 0,0,0) (S 3,3,4) (S 982,734,733) (S 981,733,816) (S 1051,816,738) (S 807,738,66) (S 805,67,737) (S 49,67,68) (S 50,68,69) (S 327,405,406) (S 930,406,70) (S 52,70,71) (S 53,71,72) (S 51,70,69) (S 416,505,504) (S 532,504,584) (S 603,584,353) (S 602,353,459) (S 600,620,621) (S 799,621,734) (D 0,0,0)
 0 1 3 8835 21295  10 (D 0,0,0) (S 991,3,191) (S 150,193,194) (S 537,586,587) (S 876,587,300) (S 234,300,301) (S 1013,301,827) (S 1012,301,557) (S 157,204,205) (D 0,0,0)
 0 1 4 8957 11926  14 (D 0,0,0) (S 730,695,696) (S 999,695,205) (S 158,205,151) (S 111,151,150) (S 455,150,533) (S 543,532,80) (S 58,80,81) (S 483,81,190) (S 147,190,82) (S 59,82,81) (S 998,81,695) (S 729,695,2) (D 0,0,0)
 0 1 5 8993 15587  29 (D 0,0,0) (S 727,0,677) (S 694,674,672) (S 271,346,347) (S 1026,347,526) (S 459,527,368) (S 536,369,513) (S 430,513,375) (S 303,375,370) (S 774,371,715) (S 983,817,715) (S 984,715,512) (S 27,41,40) (S 26,40,39) (S 592,616,39) (S 977,39,815) (S 297,372,371) (S 296,371,370) (S 674,370,669) (S 295,370,369) (S 294,369,368) (S 306,368,379) (S 269,345,344) (S 781,344,507) (S 130,177,178) (S 131,178,179) (S 132,179,180) (S 685,180,674) (D 0,0,0)
 0 1 6 8772 15584  32 (D 0,0,0) (S 695,672,431) (S 696,431,506) (S 697,506,346) (S 270,346,345) (S 431,345,379) (S 779,380,86) (S 302,86,375) (S 429,375,512) (S 428,512,41) (S 28,41,42) (S 61,42,85) (S 985,85,512) (S 775,715,372) (S 298,372,40) (S 299,40,373) (S 300,373,374) (S 667,373,658) (S 666,373,84) (S 60,83,84) (S 665,84,657) (S 839,657,746) (S 29,43,42) (S 62,85,86) (S 198,263,264) (S 199,264,265) (S 200,265,266) (S 201,266,267) (S 202,267,268) (S 686,268,180) (S 691,676,677) (D 0,0,0)
 0 1 7 8828 13414  29 (D 0,0,0) (S 659,653,63) (S 687,268,675) (S 688,675,7) (S 6,7,8) (S 658,8,555) (S 424,509,510) (S 755,509,654) (S 756,654,82) (S 661,654,262) (S 662,262,655) (S 663,655,656) (S 989,656,818) (S 988,656,670) (S 676,261,342) (S 265,341,342) (S 266,342,343) (S 834,343,508) (S 421,508,266) (S 420,266,507) (S 419,507,177) (S 418,177,506) (S 417,506,14) (S 974,14,525) (S 443,525,524) (S 442,523,522) (S 660,522,653) (S 692,653,677) (D 0,0,0)
 0 1 8 8843 18009  21 (D 0,0,0) (S 441,522,521) (S 928,495,788) (S 929,788,789) (S 976,788,814) (S 1020,357,335) (S 261,335,334) (S 723,334,471) (S 385,471,472) (S 574,472,96) (S 71,96,97) (S 821,97,690) (S 721,690,691) (S 822,691,360) (S 281,359,358) (S 1021,357,814) (S 1025,832,718) (S 972,718,762) (S 973,762,525) (S 10,14,15) (D 0,0,0)
 0 1 9 8984 21571  18 (D 0,0,0) (S 682,16,524) (S 444,525,526) (S 1027,526,761) (S 868,761,535) (S 919,446,601) (S 262,337,338) (S 566,601,574) (S 567,574,460) (S 376,460,461) (S 74,100,99) (S 73,99,98) (S 72,98,97) (S 575,472,571) (S 576,571,453) (S 577,453,52) (S 352,434,415) (D 0,0,0)
 0 1 10 8999 18014  20 (D 0,0,0) (S 274,350,349) (S 273,349,169) (S 123,168,169) (S 563,169,62) (S 44,61,62) (S 562,62,167) (S 754,705,607) (S 578,607,52) (S 36,52,51) (S 992,51,794) (S 993,794,819) (S 940,794,55) (S 39,55,54) (S 764,54,703) (S 765,703,436) (S 766,436,329) (S 257,329,328) (S 336,327,416) (D 0,0,0)
 0 1 11 8922 15864  20 (D 0,0,0) (S 338,417,418) (S 829,418,739) (S 828,739,736) (S 802,736,449) (S 363,449,312) (S 242,312,310) (S 241,310,311) (S 243,310,313) (S 826,313,582) (S 825,582,633) (S 824,744,633) (S 619,633,405) (S 326,405,404) (S 529,404,68) (S 530,68,583) (S 1050,583,737) (S 806,737,738) (S 1053,787,63) (D 0,0,0)
 0 1 12 8711 12269  22 (D 0,0,0) (S 45,63,64) (S 924,64,787) (S 1052,787,816) (S 980,816,65) (S 979,65,451) (S 978,451,352) (S 438,351,416) (S 437,416,519) (S 811,519,740) (S 810,740,739) (S 809,739,450) (S 808,450,171) (S 125,171,172) (S 124,171,170) (S 804,170,67) (S 48,67,66) (S 47,66,65) (S 46,65,64) (S 925,64,520) (S 704,521,677) (D 0,0,0)
 0 1 13 8712 13989  19 (D 0,0,0) (S 612,521,324) (S 611,631,324) (S 253,324,325) (S 927,325,495) (S 408,495,494) (S 1022,494,443) (S 359,443,444) (S 350,432,433) (S 768,433,708) (S 871,708,673) (S 870,673,762) (S 869,762,761) (S 1028,761,316) (S 246,316,317) (S 1041,317,835) (S 1040,317,832) (S 1039,832,719) (D 0,0,0)
 0 1 14 8983 27452  19 (D 0,0,0) (S 360,318,445) (S 361,447,446) (S 910,779,239) (S 182,239,240) (S 911,239,780) (S 181,239,238) (S 908,238,778) (S 915,778,781) (S 912,781,425) (S 342,425,424) (S 878,424,722) (S 784,721,722) (S 879,424,236) (S 179,236,237) (S 180,237,238) (S 909,778,779) (S 916,779,426) (D 0,0,0)
 0 1 15 8907 17176  23 (D 0,0,0) (S 249,319,320) (S 407,320,494) (S 280,357,322) (S 512,359,574) (S 513,574,497) (S 514,497,575) (S 647,575,646) (S 648,646,647) (S 649,647,648) (S 900,647,611) (S 583,611,612) (S 899,611,774) (S 898,773,774) (S 907,774,612) (S 584,612,448) (S 456,534,445) (S 457,445,535) (S 458,535,527) (S 445,527,526) (S 683,523,17) (S 693,674,653) (D 0,0,0)
 0 1 16 8998 20992  24 (D 0,0,0) (S 1038,522,708) (S 778,719,718) (S 1024,832,432) (S 586,443,319) (S 250,320,321) (S 279,321,356) (S 251,321,322) (S 252,322,323) (S 482,358,554) (S 105,138,139) (S 769,709,139) (S 510,573,572) (S 773,572,714) (S 509,572,571) (S 368,453,454) (S 369,454,455) (S 763,455,54) (S 38,54,53) (S 815,53,704) (S 753,704,607) (S 975,705,434) (S 409,350,495) (D 0,0,0)
 0 1 17 8876 19357  17 (D 0,0,0) (S 254,325,326) (S 255,326,327) (S 813,328,435) (S 752,704,703) (S 750,702,701) (S 749,701,579) (S 748,579,636) (S 370,456,455) (S 762,455,592) (S 545,592,593) (S 544,592,591) (S 816,454,53) (S 37,53,52) (S 351,434,349) (S 275,350,326) (D 0,0,0)
 0 1 18 8942 16901  24 (D 0,0,0) (S 926,520,325) (S 335,327,415) (S 353,415,435) (S 814,435,704) (S 751,703,702) (S 931,702,166) (S 122,166,165) (S 121,164,165) (S 743,165,700) (S 747,700,636) (S 626,636,635) (S 624,439,422) (S 341,422,423) (S 623,422,515) (S 622,515,634) (S 621,634,627) (S 527,581,582) (S 827,313,736) (S 801,736,735) (S 902,735,740) (S 901,740,417) (S 337,417,416) (D 0,0,0)
 0 1 19 8578 17864  17 (D 0,0,0) (S 436,519,518) (S 433,516,515) (S 432,515,514) (S 744,514,333) (S 745,333,481) (S 395,481,59) (S 43,59,60) (S 42,59,58) (S 627,58,636) (S 862,635,758) (S 863,758,759) (S 625,635,439) (S 356,439,438) (S 355,438,437) (S 831,437,330) (D 0,0,0)
 0 1 20 8835 19241  29 (D 0,0,0) (S 354,436,437) (S 922,437,784) (S 920,649,784) (S 923,784,786) (S 921,784,785) (S 937,785,793) (S 936,792,793) (S 938,793,660) (S 668,659,660) (S 939,660,790) (S 933,790,701) (S 934,701,56) (S 935,56,791) (S 40,56,57) (S 522,57,579) (S 523,579,438) (S 524,438,580) (S 525,580,332) (S 526,332,516) (S 434,516,517) (S 570,517,602) (S 569,602,603) (S 643,603,604) (S 608,605,628) (S 642,645,604) (S 571,604,602) (S 435,517,518) (D 0,0,0)
 0 1 21 8932 22873  15 (D 0,0,0) (S 767,518,329) (S 932,331,580) (S 41,57,58) (S 628,58,456) (S 371,456,457) (S 629,456,562) (S 498,562,563) (S 630,562,93) (S 67,93,92) (S 897,479,772) (S 260,333,332) (S 259,332,331) (S 258,331,330) (D 0,0,0)
 0 1 22 8968 15583  23 (D 0,0,0) (S 440,521,520) (S 276,351,326) (S 256,327,328) (S 812,328,519) (S 800,518,735) (S 903,735,776) (S 941,776,581) (S 942,581,626) (S 607,626,627) (S 609,627,629) (S 610,629,630) (S 620,627,633) (S 528,582,404) (S 325,404,403) (S 324,403,170) (S 803,170,449) (S 364,449,450) (S 365,450,419) (S 366,419,451) (S 277,352,351) (S 439,351,520) (D 0,0,0)
 0 1 23 8985 17009  28 (D 0,0,0) (S 832,675,671) (S 833,671,508) (S 835,343,260) (S 197,261,262) (S 776,716,655) (S 664,656,657) (S 838,657,43) (S 1018,823,831) (S 997,823,822) (S 996,821,822) (S 1067,822,43) (S 837,43,745) (S 987,745,670) (S 675,670,261) (S 196,261,260) (S 836,260,745) (S 986,745,85) (S 301,86,263) (S 307,264,380) (S 780,380,344) (S 268,344,265) (S 267,265,343) (S 422,508,5) (S 4,5,6) (S 5,6,7) (S 203,268,63) (D 0,0,0)
 0 1 24 8858 18476  17 (D 0,0,0) (S 454,532,150) (S 491,306,558) (S 1019,558,826) (S 1010,826,208) (S 613,207,590) (S 614,590,195) (S 151,195,196) (S 690,196,623) (S 1017,624,830) (S 606,624,625) (S 605,624,623) (S 689,623,505) (S 604,622,584) (S 533,584,194) (S 728,2,0) (D 0,0,0)
 0 1 25 8727 16020  20 (D 0,0,0) (S 794,728,727) (S 840,747,727) (S 798,733,621) (S 601,621,459) (S 372,458,459) (S 373,459,355) (S 149,192,191) (S 148,191,190) (S 484,190,555) (S 485,555,509) (S 423,509,5) (S 677,6,671) (S 678,671,267) (S 679,267,179) (S 680,179,672) (S 681,672,16) (S 11,16,17) (S 684,17,674) (D 0,0,0)
 0 1 26 8777 14672  17 (D 0,0,0) (S 374,192,355) (S 278,355,354) (S 287,354,193) (S 534,194,585) (S 535,585,206) (S 159,206,207) (S 160,207,208) (S 161,208,209) (S 492,558,209) (S 493,209,559) (S 538,559,588) (S 539,588,589) (S 540,589,590) (S 541,590,585) (S 542,585,532) (D 0,0,0)
 0 1 27 8994 21931  15 (D 0,0,0) (S 615,195,622) (S 616,622,505) (S 617,505,632) (S 1048,632,829) (S 1047,838,829) (S 1016,829,71) (S 1015,71,407) (S 329,407,408) (S 1014,828,407) (S 328,407,406) (S 618,405,69) (S 1049,632,583) (S 531,583,504) (D 0,0,0)
 0 1 28 8977 27932  15 (D 0,0,0) (S 877,300,116) (S 87,116,117) (S 288,365,257) (S 521,366,578) (S 474,546,547) (S 638,537,247) (S 637,247,223) (S 636,643,223) (S 172,223,224) (S 463,224,538) (S 464,538,295) (S 226,295,294) (S 494,560,294) (D 0,0,0)
 0 1 29 8995 20811  9 (D 0,0,0) (S 289,257,366) (S 290,366,226) (S 175,226,227) (S 204,227,256) (S 194,256,257) (S 496,258,561) (S 1011,557,205) (D 0,0,0)
 0 1 30 8854 30246  11 (D 0,0,0) (S 520,578,567) (S 505,547,566) (S 641,566,644) (S 504,566,225) (S 174,225,226) (S 176,227,228) (S 205,227,269) (S 559,269,292) (S 224,292,293) (D 0,0,0)
 0 1 31 8937 34845  22 (D 0,0,0) (S 225,294,293) (S 86,115,114) (S 85,114,113) (S 1077,805,800) (S 954,800,187) (S 141,187,186) (S 139,112,185) (S 964,185,808) (S 138,185,184) (S 137,184,183) (S 1086,849,183) (S 135,108,46) (S 1085,47,848) (S 33,47,48) (S 34,48,49) (S 35,49,50) (S 1074,48,105) (S 78,105,104) (S 848,103,753) (S 849,753,541) (D 0,0,0)
 0 1 32 8984 36998  19 (D 0,0,0) (S 467,158,540) (S 1071,542,841) (S 1089,843,847) (S 1088,847,845) (S 1081,845,107) (S 81,107,108) (S 82,108,109) (S 30,44,45) (S 1064,45,109) (S 1063,109,545) (S 1061,809,110) (S 95,125,124) (S 955,801,187) (S 142,187,123) (S 93,123,122) (S 92,122,121) (S 91,121,119) (D 0,0,0)
 0 1 33 8953 35325  24 (D 0,0,0) (S 952,118,799) (S 953,799,798) (S 949,797,798) (S 950,798,122) (S 1034,124,765) (S 873,763,764) (S 874,764,765) (S 875,765,32) (S 22,32,33) (S 23,33,34) (S 24,34,35) (S 736,35,10) (S 737,10,189) (S 738,189,698) (S 146,189,188) (S 739,699,188) (S 145,12,188) (S 740,188,11) (S 741,11,34) (S 742,34,120) (S 90,120,119) (S 89,119,118) (D 0,0,0)
 0 1 34 8902 33622  21 (D 0,0,0) (S 735,120,35) (S 25,35,36) (S 7,9,10) (S 8,10,11) (S 9,11,12) (S 144,12,32) (S 143,32,123) (S 94,123,124) (S 1035,124,801) (S 1036,801,111) (S 1037,111,808) (S 965,808,809) (S 1062,809,545) (S 473,545,184) (S 472,184,544) (S 1082,846,544) (S 471,544,543) (S 470,543,542) (S 469,542,541) (D 0,0,0)
 0 1 35 8727 34955  21 (D 0,0,0) (S 1091,755,811) (S 966,811,810) (S 971,810,754) (S 970,810,813) (S 1076,543,843) (S 1075,843,105) (S 79,105,106) (S 80,106,107) (S 1084,106,47) (S 32,47,46) (S 133,181,75) (S 134,75,182) (S 968,182,806) (S 888,767,49) (S 847,49,103) (S 77,103,104) (S 1070,104,841) (S 1090,841,753) (S 466,158,539) (D 0,0,0)
 0 1 36 8724 32375  23 (D 0,0,0) (S 852,115,755) (S 851,755,754) (S 850,754,541) (S 468,541,540) (S 787,540,470) (S 244,314,159) (S 117,159,160) (S 859,160,748) (S 858,748,245) (S 186,245,130) (S 99,130,131) (S 100,131,132) (S 178,234,233) (S 177,232,233) (S 478,233,549) (S 476,549,550) (S 477,551,549) (S 101,132,133) (S 892,134,38) (S 548,38,595) (S 701,595,222) (D 0,0,0)
 0 1 37 8833 42900  18 (D 0,0,0) (S 702,681,222) (S 1079,844,842) (S 699,680,679) (S 1045,679,252) (S 192,252,253) (S 207,272,230) (S 208,230,273) (S 232,229,299) (S 479,552,299) (S 193,254,255) (S 233,254,229) (S 191,251,231) (S 1044,252,802) (S 120,162,163) (S 339,161,243) (S 185,244,130) (D 0,0,0)
 0 1 38 8994 33228  23 (D 0,0,0) (S 118,160,128) (S 98,128,129) (S 97,128,127) (S 96,126,127) (S 119,128,161) (S 793,421,726) (S 1042,836,726) (S 1043,726,802) (S 956,802,795) (S 948,795,796) (S 994,820,796) (S 995,796,243) (S 184,243,244) (S 841,244,129) (S 842,129,748) (S 843,748,315) (S 245,315,159) (S 116,159,158) (S 126,158,173) (S 640,566,548) (S 475,548,547) (D 0,0,0)
 0 1 39 8981 29897  30 (D 0,0,0) (S 506,249,547) (S 639,548,537) (S 462,537,224) (S 554,538,297) (S 231,297,298) (S 553,297,463) (S 552,463,217) (S 501,219,211) (S 162,210,211) (S 163,211,212) (S 164,212,213) (S 188,213,246) (S 398,246,274) (S 399,274,486) (S 400,486,487) (S 500,486,275) (S 499,275,564) (S 508,564,570) (S 550,570,277) (S 551,277,217) (S 206,216,271) (S 166,216,217) (S 167,217,218) (S 168,218,219) (S 502,219,462) (S 503,462,539) (S 465,539,295) (S 173,224,225) (D 0,0,0)
 0 1 40 8985 31850  30 (D 0,0,0) (S 461,248,537) (S 230,296,297) (S 378,463,462) (S 377,462,213) (S 384,213,470) (S 788,470,314) (S 789,314,724) (S 790,724,126) (S 791,126,725) (S 857,756,420) (S 340,420,421) (S 792,421,725) (S 854,725,751) (S 845,750,751) (S 846,751,752) (S 853,725,756) (S 856,756,127) (S 855,127,757) (S 861,757,724) (S 860,757,160) (S 187,245,246) (S 209,274,275) (S 210,275,276) (S 211,276,277) (S 220,278,289) (S 219,288,278) (S 212,278,277) (S 549,570,595) (D 0,0,0)
 0 1 41 8982 40108  11 (D 0,0,0) (S 55,74,75) (S 969,182,812) (S 1066,812,76) (S 56,76,77) (S 1065,812,45) (S 31,45,46) (S 136,108,183) (S 1087,183,845) (S 1083,847,544) (D 0,0,0)
 0 1 42 8922 31510  20 (D 0,0,0) (S 320,394,398) (S 411,398,498) (S 346,428,386) (S 885,376,766) (S 886,766,73) (S 887,73,767) (S 967,767,806) (S 961,806,74) (S 54,74,73) (S 943,766,429) (S 348,429,377) (S 304,377,376) (S 884,376,385) (S 883,385,391) (S 314,391,392) (S 315,392,393) (S 904,777,393) (S 317,394,395) (D 0,0,0)
 0 1 43 8973 31803  18 (D 0,0,0) (S 655,290,395) (S 425,511,396) (S 426,396,500) (S 427,500,389) (S 313,389,390) (S 453,530,531) (S 947,530,390) (S 946,390,652) (S 945,652,399) (S 944,399,429) (S 349,412,430) (S 332,412,413) (S 321,399,378) (S 305,378,377) (S 347,377,386) (S 311,386,387) (D 0,0,0)
 0 1 44 8983 22776  20 (D 0,0,0) (S 1055,608,577) (S 460,364,536) (S 734,536,285) (S 217,284,285) (S 733,285,681) (S 732,681,381) (S 731,697,381) (S 889,381,221) (S 169,220,221) (S 170,221,222) (S 171,222,223) (S 189,247,248) (S 190,248,249) (S 1068,578,609) (S 582,609,561) (S 489,215,557) (S 490,557,306) (S 238,306,151) (D 0,0,0)
 0 1 45 8967 25690  19 (D 0,0,0) (S 497,214,561) (S 581,609,608) (S 580,608,29) (S 310,30,384) (S 21,30,31) (S 20,30,29) (S 579,29,287) (S 703,287,576) (S 515,576,382) (S 309,382,383) (S 480,553,383) (S 481,383,287) (S 218,287,286) (S 517,286,364) (S 518,364,577) (S 519,577,567) (S 507,567,568) (D 0,0,0)
 0 1 46 8762 30621  8 (D 0,0,0) (S 558,367,269) (S 272,292,348) (S 962,348,175) (S 963,175,807) (S 129,175,176) (S 128,175,174) (D 0,0,0)
 0 1 47 8961 26229  9 (D 0,0,0) (S 557,367,565) (S 951,596,173) (S 127,173,174) (S 293,174,293) (S 495,294,258) (S 195,258,259) (S 165,214,215) (D 0,0,0)
 0 1 48 8954 32839  20 (D 0,0,0) (S 291,226,367) (S 292,367,293) (S 88,115,118) (S 1029,799,804) (S 958,804,797) (S 959,797,805) (S 960,805,186) (S 140,186,112) (S 84,112,111) (S 83,111,110) (S 1060,110,125) (S 957,125,803) (S 1059,125,764) (S 1058,764,834) (S 1032,833,834) (S 1033,834,765) (S 1031,33,121) (S 1030,121,799) (D 0,0,0)
 0 1 49 8995 28751  20 (D 0,0,0) (S 556,565,596) (S 555,596,538) (S 227,295,296) (S 228,296,218) (S 229,276,135) (S 1080,135,844) (S 1078,844,615) (S 1072,615,842) (S 1073,842,680) (S 700,680,133) (S 102,133,134) (S 103,134,135) (S 547,135,38) (S 891,38,712) (S 772,712,713) (S 890,712,221) (S 308,381,382) (S 516,576,286) (D 0,0,0)
 0 1 50 8991 30456  19 (D 0,0,0) (S 1023,432,443) (S 906,612,647) (S 644,501,24) (S 17,24,25) (S 16,24,23) (S 795,23,729) (S 15,23,22) (S 396,483,484) (S 397,484,485) (S 672,667,442) (S 673,442,668) (S 358,442,441) (S 1056,840,441) (S 357,441,440) (S 546,594,440) (S 1057,441,825) (S 1009,667,688) (D 0,0,0)
 0 1 51 8960 34770  19 (D 0,0,0) (S 1008,667,825) (S 1007,825,440) (S 1006,440,665) (S 669,661,662) (S 1005,662,693) (S 706,682,683) (S 634,640,641) (S 707,683,467) (S 708,467,684) (S 381,467,466) (S 724,692,466) (S 725,466,693) (S 726,693,694) (S 671,665,666) (S 670,665,465) (S 379,465,464) (S 715,485,20) (D 0,0,0)
 0 1 52 9000 35425  16 (D 0,0,0) (S 13,20,19) (S 893,768,19) (S 12,19,18) (S 264,18,340) (S 488,340,473) (S 1054,474,839) (S 386,474,475) (S 487,473,469) (S 382,469,468) (S 635,468,641) (S 1003,641,556) (S 486,556,469) (S 263,339,340) (S 894,19,769) (D 0,0,0)
 0 1 53 8938 38446  15 (D 0,0,0) (S 380,465,466) (S 383,469,304) (S 237,304,305) (S 236,304,303) (S 1001,303,308) (S 240,308,309) (S 239,307,308) (S 1000,824,308) (S 235,302,303) (S 1002,303,556) (S 1004,641,683) (S 718,203,689) (S 722,691,471) (D 0,0,0)
 0 1 54 8951 29920  17 (D 0,0,0) (S 720,690,599) (S 719,599,689) (S 864,689,606) (S 818,741,202) (S 388,79,476) (S 709,476,143) (S 387,142,476) (S 57,78,79) (S 154,199,200) (S 633,200,639) (S 1046,837,639) (S 631,638,637) (S 844,637,749) (S 68,93,94) (S 69,94,95) (D 0,0,0)
 0 1 55 8970 25344  21 (D 0,0,0) (S 760,94,707) (S 867,707,638) (S 632,638,200) (S 155,200,201) (S 156,201,202) (S 819,202,145) (S 820,145,742) (S 107,144,145) (S 108,146,147) (S 109,147,148) (S 110,148,149) (S 757,706,146) (S 758,146,201) (S 759,201,707) (S 866,707,741) (S 865,741,606) (S 573,606,96) (S 70,96,95) (S 817,95,591) (D 0,0,0)
 0 1 56 8971 27114  25 (D 0,0,0) (S 761,592,94) (S 66,92,91) (S 65,90,91) (S 782,91,282) (S 216,282,283) (S 783,282,720) (S 215,282,281) (S 214,281,280) (S 786,280,723) (S 213,279,280) (S 785,280,198) (S 152,197,198) (S 153,198,199) (S 389,199,477) (S 823,477,281) (S 390,477,92) (S 391,92,478) (S 896,478,771) (S 392,478,479) (S 393,479,480) (S 895,480,770) (S 394,480,59) (S 746,481,700) (D 0,0,0)
 0 1 57 8831 20711  19 (D 0,0,0) (S 770,554,573) (S 511,573,359) (S 282,359,360) (S 284,361,98) (S 285,98,362) (S 565,362,600) (S 593,600,502) (S 414,502,501) (S 645,501,101) (S 76,101,102) (S 75,100,101) (S 646,101,575) (S 705,646,447) (S 362,447,448) (S 585,534,319) (S 248,319,318) (S 247,318,317) (D 0,0,0)
 0 1 58 8967 27785  16 (D 0,0,0) (S 283,360,361) (S 375,361,460) (S 568,460,99) (S 594,502,22) (S 595,22,483) (S 596,483,492) (S 404,491,492) (S 401,490,489) (S 410,489,496) (S 711,687,496) (S 712,496,493) (S 714,688,485) (S 716,20,503) (S 415,503,502) (D 0,0,0)
 0 1 59 8996 33854  15 (D 0,0,0) (S 564,362,599) (S 717,203,503) (S 14,20,21) (S 403,21,484) (S 402,484,490) (S 405,490,492) (S 597,492,617) (S 796,617,730) (S 598,617,618) (S 599,618,619) (S 771,710,711) (S 406,490,493) (S 713,493,688) (D 0,0,0)
 0 1 60 8998 29799  15 (D 0,0,0) (S 344,427,426) (S 343,426,425) (S 913,781,237) (S 914,237,782) (S 880,236,152) (S 112,152,153) (S 881,152,140) (S 106,140,141) (S 882,140,391) (S 345,392,428) (S 905,498,393) (S 316,393,394) (S 104,136,137) (D 0,0,0)
 0 1 61 8984 26669  16 (D 0,0,0) (S 113,154,155) (S 449,155,529) (S 450,529,397) (S 452,89,530) (S 560,530,597) (S 561,597,598) (S 591,597,615) (S 590,597,88) (S 63,87,88) (S 589,88,614) (S 114,156,155) (S 448,155,291) (S 222,291,154) (S 367,427,452) (D 0,0,0)
 0 1 62 8997 29710  16 (D 0,0,0) (S 447,291,241) (S 698,528,678) (S 446,528,241) (S 183,241,242) (S 286,242,363) (S 587,363,156) (S 115,156,157) (S 588,156,614) (S 1069,614,529) (S 572,155,363) (S 223,242,291) (S 221,154,290) (S 657,137,427) (S 777,717,427) (D 0,0,0)
 0 1 63 8958 31875  22 (D 0,0,0) (S 654,395,499) (S 653,499,388) (S 650,651,414) (S 333,414,401) (S 322,401,400) (S 330,400,410) (S 331,410,411) (S 334,410,401) (S 323,401,402) (S 651,414,652) (S 652,652,388) (S 312,388,387) (S 412,398,499) (S 413,499,500) (S 64,88,89) (S 451,89,397) (S 319,397,396) (S 318,396,395) (S 656,290,137) (S 918,452,446) (D 0,0,0)
