1587581
64
3601518
3526468
 0 1 1 8727 14038  22 (D 0,0,0) (S 832,675,671) (S 833,671,508) (S 196,260,261) (S 676,261,342) (S 265,341,342) (S 266,342,343) (S 835,343,260) (S 836,260,745) (S 837,745,43) (S 838,43,657) (S 664,657,656) (S 989,656,818) (S 663,656,655) (S 776,716,655) (S 662,655,262) (S 661,262,654) (S 756,654,82) (S 147,82,190) (S 148,190,191) (S 991,191,3) (D 0,0,0)
 0 1 2 8825 28429  13 (D 0,0,0) (S 447,291,241) (S 446,241,528) (S 698,528,678) (S 183,241,242) (S 286,242,363) (S 572,363,155) (S 113,155,154) (S 104,136,137) (S 657,137,427) (S 777,717,427) (S 918,452,446) (D 0,0,0)
 0 1 3 663 1326  3 (D 0,0,0) (S 1,0,1) (D 0,0,0)
 0 1 4 8926 16394  29 (D 0,0,0) (S 439,520,351) (S 438,351,416) (S 437,416,519) (S 436,519,518) (S 435,518,517) (S 569,602,603) (S 643,603,604) (S 642,645,604) (S 608,605,628) (S 571,604,602) (S 570,602,517) (S 433,516,515) (S 621,634,627) (S 620,627,633) (S 941,581,776) (S 903,776,735) (S 801,735,736) (S 802,736,449) (S 363,449,312) (S 242,312,310) (S 241,310,311) (S 243,310,313) (S 827,313,736) (S 828,736,739) (S 810,739,740) (S 901,740,417) (S 337,417,416) (D 0,0,0)
 0 1 5 8725 13368  21 (D 0,0,0) (S 440,521,520) (S 254,325,326) (S 255,326,327) (S 335,327,415) (S 352,415,434) (S 975,434,705) (S 562,167,62) (S 44,61,62) (S 563,62,169) (S 123,168,169) (S 273,169,349) (S 274,349,350) (S 409,350,495) (S 927,495,325) (S 253,325,324) (S 611,631,324) (S 612,324,521) (S 441,521,522) (S 660,522,653) (D 0,0,0)
 0 1 6 7875 12496  30 (D 0,0,0) (S 693,653,674) (S 681,672,16) (S 10,15,14) (S 974,14,525) (S 973,525,762) (S 869,762,761) (S 868,535,761) (S 1027,761,526) (S 1026,526,347) (S 271,347,346) (S 270,346,345) (S 431,345,379) (S 306,379,368) (S 295,369,370) (S 674,370,669) (S 296,370,371) (S 303,370,375) (S 430,375,513) (S 536,513,369) (S 294,369,368) (S 459,368,527) (S 445,527,526) (S 444,526,525) (S 443,525,524) (S 682,524,16) (S 11,16,17) (S 683,17,523) (S 442,523,522) (D 0,0,0)
 0 1 7 8514 14085  13 (D 0,0,0) (S 3,3,4) (S 794,728,727) (S 840,747,727) (S 455,150,533) (S 111,150,151) (S 158,151,205) (S 157,204,205) (S 999,205,695) (S 730,695,696) (S 729,695,2) (S 728,2,0) (D 0,0,0)
 0 1 8 8716 11139  32 (D 0,0,0) (S 727,0,677) (S 691,676,677) (S 659,653,63) (S 203,63,268) (S 686,268,180) (S 132,180,179) (S 679,179,267) (S 201,267,266) (S 421,266,508) (S 423,5,509) (S 485,509,555) (S 658,555,8) (S 6,8,7) (S 688,7,675) (S 687,675,268) (S 202,268,267) (S 678,267,671) (S 677,671,6) (S 5,6,7) (S 4,6,5) (S 422,5,508) (S 834,508,343) (S 267,343,265) (S 200,265,266) (S 420,266,507) (S 130,177,178) (S 131,178,179) (S 680,179,672) (S 694,672,674) (S 692,653,677) (D 0,0,0)
 0 1 9 8951 14178  23 (D 0,0,0) (S 1038,522,708) (S 768,708,433) (S 350,433,432) (S 359,443,444) (S 1022,443,494) (S 408,494,495) (S 928,495,788) (S 929,788,789) (S 976,788,814) (S 1021,814,357) (S 280,357,322) (S 251,322,321) (S 279,321,356) (S 250,321,320) (S 249,320,319) (S 248,319,318) (S 247,318,317) (S 246,317,316) (S 1028,316,761) (S 870,762,673) (S 871,673,708) (D 0,0,0)
 0 1 10 8949 26099  18 (D 0,0,0) (S 586,443,319) (S 644,501,24) (S 17,24,25) (S 16,24,23) (S 795,23,729) (S 15,23,22) (S 595,22,483) (S 596,483,492) (S 404,491,492) (S 405,492,490) (S 402,490,484) (S 403,484,21) (S 14,21,20) (S 415,503,502) (S 285,362,98) (S 281,359,358) (D 0,0,0)
 0 1 11 8642 17284  16 (D 0,0,0) (S 2,2,3) (S 990,3,732) (S 797,732,731) (S 830,731,28) (S 19,28,27) (S 710,686,663) (S 872,686,27) (S 18,27,26) (S 917,26,783) (S 1053,787,63) (S 45,63,64) (S 46,64,65) (S 979,65,451) (S 978,451,352) (D 0,0,0)
 0 1 12 8942 13166  21 (D 0,0,0) (S 704,677,521) (S 925,520,64) (S 924,64,787) (S 1052,787,816) (S 980,816,65) (S 47,65,66) (S 48,66,67) (S 805,67,737) (S 1050,737,583) (S 1049,583,632) (S 617,632,505) (S 416,505,504) (S 532,504,584) (S 602,353,459) (S 372,458,459) (S 601,459,621) (S 600,620,621) (S 798,621,733) (S 982,733,734) (D 0,0,0)
 0 1 13 8875 18516  21 (D 0,0,0) (S 981,733,816) (S 1051,816,738) (S 806,738,737) (S 530,583,68) (S 50,68,69) (S 51,69,70) (S 930,70,406) (S 52,70,71) (S 1015,71,407) (S 329,407,408) (S 1014,828,407) (S 328,407,406) (S 327,406,405) (S 618,405,69) (S 804,67,170) (S 808,171,450) (S 365,450,419) (S 366,419,451) (S 277,352,351) (D 0,0,0)
 0 1 14 8824 18400  17 (D 0,0,0) (S 417,506,14) (S 458,527,535) (S 457,535,445) (S 705,447,646) (S 514,575,497) (S 513,497,574) (S 566,574,601) (S 262,337,338) (S 919,601,446) (S 361,446,447) (S 362,447,448) (S 456,534,445) (S 360,445,318) (S 1025,832,718) (S 778,718,719) (D 0,0,0)
 0 1 15 8938 38307  13 (D 0,0,0) (S 720,690,599) (S 486,469,556) (S 1002,556,303) (S 235,302,303) (S 239,307,308) (S 1000,824,308) (S 240,308,309) (S 1001,308,303) (S 635,641,468) (S 708,467,684) (S 379,465,464) (D 0,0,0)
 0 1 16 8701 19563  22 (D 0,0,0) (S 926,520,325) (S 512,359,574) (S 567,574,460) (S 376,460,461) (S 75,100,101) (S 76,101,102) (S 646,101,575) (S 647,575,646) (S 648,646,647) (S 583,611,612) (S 907,612,774) (S 898,773,774) (S 899,774,611) (S 900,611,647) (S 649,647,648) (S 906,647,612) (S 584,612,448) (S 585,534,319) (S 1041,317,835) (S 1040,317,832) (D 0,0,0)
 0 1 17 8837 27598  26 (D 0,0,0) (S 369,454,455) (S 544,592,591) (S 156,202,201) (S 155,201,200) (S 154,200,199) (S 153,199,198) (S 152,197,198) (S 785,198,280) (S 786,280,723) (S 213,279,280) (S 214,280,281) (S 823,477,281) (S 215,281,282) (S 216,282,283) (S 783,282,720) (S 782,282,91) (S 65,90,91) (S 66,91,92) (S 391,92,478) (S 896,478,771) (S 392,478,479) (S 393,479,480) (S 745,481,333) (S 259,332,331) (D 0,0,0)
 0 1 18 8910 29269  18 (D 0,0,0) (S 525,332,580) (S 67,93,92) (S 390,92,477) (S 389,477,199) (S 388,79,476) (S 709,476,143) (S 387,142,476) (S 57,78,79) (S 1046,837,639) (S 633,639,200) (S 632,200,638) (S 631,638,637) (S 844,637,749) (S 867,638,707) (S 866,707,741) (S 817,95,591) (D 0,0,0)
 0 1 19 8993 26080  19 (D 0,0,0) (S 762,455,592) (S 545,592,593) (S 761,592,94) (S 760,94,707) (S 759,707,201) (S 758,201,146) (S 757,706,146) (S 109,147,148) (S 110,148,149) (S 108,147,146) (S 820,145,742) (S 107,144,145) (S 819,145,202) (S 818,202,741) (S 865,741,606) (S 573,606,96) (S 578,52,607) (D 0,0,0)
 0 1 20 8958 18815  17 (D 0,0,0) (S 811,740,519) (S 812,519,328) (S 257,328,329) (S 766,329,436) (S 765,436,703) (S 764,703,54) (S 39,54,55) (S 940,55,794) (S 993,794,819) (S 992,794,51) (S 36,51,52) (S 577,52,453) (S 368,453,454) (S 816,454,53) (S 37,53,52) (D 0,0,0)
 0 1 21 8977 17045  19 (D 0,0,0) (S 338,417,418) (S 829,418,739) (S 809,739,450) (S 364,450,449) (S 803,449,170) (S 124,170,171) (S 125,171,172) (S 324,170,403) (S 325,403,404) (S 326,404,405) (S 619,405,633) (S 824,744,633) (S 825,633,582) (S 528,582,404) (S 529,404,68) (S 49,68,67) (S 807,66,738) (D 0,0,0)
 0 1 22 8997 14629  14 (D 0,0,0) (S 534,194,585) (S 535,585,206) (S 159,206,207) (S 160,207,208) (S 161,208,209) (S 493,209,559) (S 540,589,590) (S 541,590,585) (S 542,585,532) (S 543,532,80) (S 58,80,81) (S 998,81,695) (D 0,0,0)
 0 1 23 8937 21394  17 (D 0,0,0) (S 374,192,355) (S 373,355,459) (S 603,353,584) (S 531,504,583) (S 1048,632,829) (S 1047,838,829) (S 53,71,72) (S 1016,71,829) (S 606,624,625) (S 1017,624,830) (S 605,624,623) (S 689,623,505) (S 616,505,622) (S 604,622,584) (S 799,621,734) (D 0,0,0)
 0 1 24 8835 16663  21 (D 0,0,0) (S 902,740,735) (S 800,735,518) (S 767,518,329) (S 831,330,437) (S 355,437,438) (S 356,438,439) (S 625,439,635) (S 862,635,758) (S 863,758,759) (S 626,635,636) (S 747,636,700) (S 743,700,165) (S 121,164,165) (S 122,165,166) (S 931,166,702) (S 752,703,704) (S 814,704,435) (S 813,435,328) (S 276,326,351) (D 0,0,0)
 0 1 25 8768 21975  16 (D 0,0,0) (S 576,453,571) (S 864,606,689) (S 719,689,599) (S 564,599,362) (S 565,362,600) (S 414,502,501) (S 645,501,101) (S 74,100,99) (S 568,99,460) (S 375,460,361) (S 282,360,359) (S 407,320,494) (S 1023,443,432) (S 1039,832,719) (D 0,0,0)
 0 1 26 8945 19397  26 (D 0,0,0) (S 353,415,435) (S 354,436,437) (S 922,437,784) (S 923,784,786) (S 920,649,784) (S 921,784,785) (S 937,785,793) (S 936,792,793) (S 938,793,660) (S 668,659,660) (S 939,660,790) (S 933,790,701) (S 934,701,56) (S 935,56,791) (S 40,56,57) (S 371,456,457) (S 370,456,455) (S 763,455,54) (S 38,54,53) (S 815,53,704) (S 753,704,607) (S 754,607,705) (S 351,434,349) (S 275,350,326) (D 0,0,0)
 0 1 27 8826 18074  13 (D 0,0,0) (S 826,313,582) (S 527,582,581) (S 942,581,626) (S 607,626,627) (S 609,627,629) (S 610,629,630) (S 622,634,515) (S 432,515,514) (S 744,514,333) (S 260,333,332) (S 526,332,516) (D 0,0,0)
 0 1 28 8935 21991  21 (D 0,0,0) (S 434,517,516) (S 623,515,422) (S 341,422,423) (S 624,422,439) (S 746,700,481) (S 395,481,59) (S 43,59,60) (S 895,480,770) (S 897,479,772) (S 394,480,59) (S 42,59,58) (S 627,58,636) (S 748,636,579) (S 523,579,438) (S 524,438,580) (S 932,580,331) (S 258,331,330) (S 256,328,327) (S 336,327,416) (D 0,0,0)
 0 1 29 8923 18910  20 (D 0,0,0) (S 751,703,702) (S 750,702,701) (S 749,701,579) (S 522,579,57) (S 41,57,58) (S 628,58,456) (S 629,456,562) (S 498,562,563) (S 630,562,93) (S 68,93,94) (S 69,94,95) (S 70,95,96) (S 821,97,690) (S 721,690,691) (S 722,691,471) (S 723,471,334) (S 261,334,335) (S 1020,335,357) (D 0,0,0)
 0 1 30 8676 16319  15 (D 0,0,0) (S 149,191,192) (S 278,355,354) (S 287,354,193) (S 533,194,584) (S 615,622,195) (S 614,195,590) (S 613,590,207) (S 1010,208,826) (S 1019,826,558) (S 492,558,209) (S 491,558,306) (S 490,306,557) (S 1011,557,205) (D 0,0,0)
 0 1 31 8956 19112  11 (D 0,0,0) (S 150,193,194) (S 151,195,196) (S 690,623,196) (S 539,589,588) (S 538,588,559) (S 537,586,587) (S 876,587,300) (S 238,306,151) (S 454,150,532) (D 0,0,0)
 0 1 32 8800 30666  10 (D 0,0,0) (S 494,560,294) (S 225,294,293) (S 224,293,292) (S 559,292,269) (S 205,269,227) (S 174,226,225) (S 504,225,566) (S 474,546,547) (D 0,0,0)
 0 1 33 8963 26583  26 (D 0,0,0) (S 519,567,577) (S 460,364,536) (S 734,536,285) (S 217,284,285) (S 733,285,681) (S 732,681,381) (S 889,381,221) (S 890,221,712) (S 772,712,713) (S 891,712,38) (S 547,38,135) (S 103,135,134) (S 892,134,38) (S 548,38,595) (S 171,222,223) (S 637,223,247) (S 638,247,537) (S 640,548,566) (S 641,566,644) (S 505,566,547) (S 506,547,249) (S 507,567,568) (S 520,567,578) (S 1068,578,609) (D 0,0,0)
 0 1 34 8977 25176  19 (D 0,0,0) (S 582,561,609) (S 581,609,608) (S 580,608,29) (S 20,29,30) (S 21,30,31) (S 310,30,384) (S 579,29,287) (S 481,287,383) (S 480,553,383) (S 309,383,382) (S 308,382,381) (S 731,697,381) (S 515,382,576) (S 516,576,286) (S 517,286,364) (S 518,364,577) (S 1055,577,608) (D 0,0,0)
 0 1 35 8980 24401  8 (D 0,0,0) (S 496,561,258) (S 194,257,256) (S 204,256,227) (S 176,227,228) (S 175,227,226) (S 290,226,366) (D 0,0,0)
 0 1 36 8482 22653  12 (D 0,0,0) (S 289,257,366) (S 291,226,367) (S 557,367,565) (S 556,565,596) (S 951,596,173) (S 126,173,158) (S 466,158,539) (S 465,539,295) (S 226,295,294) (S 495,294,258) (D 0,0,0)
 0 1 37 8767 30113  25 (D 0,0,0) (S 190,249,248) (S 189,248,247) (S 636,643,223) (S 172,223,224) (S 554,538,297) (S 378,463,462) (S 502,462,219) (S 501,219,211) (S 162,210,211) (S 399,486,274) (S 209,274,275) (S 499,275,564) (S 508,564,570) (S 551,277,217) (S 166,217,216) (S 206,216,271) (S 552,217,463) (S 553,463,297) (S 231,297,298) (S 230,297,296) (S 227,296,295) (S 173,224,225) (S 521,578,366) (D 0,0,0)
 0 1 38 8937 32942  17 (D 0,0,0) (S 475,547,548) (S 470,542,543) (S 472,544,184) (S 473,184,545) (S 1063,545,109) (S 1064,109,45) (S 31,45,46) (S 135,46,108) (S 81,108,107) (S 80,107,106) (S 79,106,105) (S 78,105,104) (S 1070,104,841) (S 1090,841,753) (S 849,753,541) (D 0,0,0)
 0 1 39 8997 42609  19 (D 0,0,0) (S 1079,844,842) (S 1073,842,680) (S 699,680,679) (S 191,251,231) (S 208,230,273) (S 207,272,230) (S 193,254,255) (S 233,254,229) (S 232,229,299) (S 479,552,299) (S 192,252,253) (S 1043,802,726) (S 1042,836,726) (S 793,726,421) (S 790,126,724) (S 789,724,314) (S 787,470,540) (D 0,0,0)
 0 1 40 8988 33346  19 (D 0,0,0) (S 467,158,540) (S 848,753,103) (S 77,103,104) (S 847,103,49) (S 35,49,50) (S 888,49,767) (S 887,73,767) (S 967,767,806) (S 968,806,182) (S 134,182,75) (S 133,181,75) (S 55,75,74) (S 54,74,73) (S 886,73,766) (S 884,376,385) (S 311,386,387) (S 320,398,394) (D 0,0,0)
 0 1 41 8995 30392  30 (D 0,0,0) (S 116,158,159) (S 245,159,315) (S 843,315,748) (S 859,748,160) (S 860,160,757) (S 861,757,724) (S 855,757,127) (S 96,127,126) (S 791,126,725) (S 853,756,725) (S 846,751,752) (S 845,750,751) (S 854,751,725) (S 792,725,421) (S 340,421,420) (S 857,420,756) (S 856,756,127) (S 97,127,128) (S 118,128,160) (S 117,160,159) (S 244,159,314) (S 788,314,470) (S 384,470,213) (S 164,213,212) (S 163,212,211) (S 168,219,218) (S 228,218,296) (S 464,295,538) (D 0,0,0)
 0 1 42 8921 33521  20 (D 0,0,0) (S 555,596,538) (S 167,217,218) (S 398,274,246) (S 858,245,748) (S 842,748,129) (S 98,129,128) (S 119,128,161) (S 339,161,243) (S 184,243,244) (S 995,243,796) (S 994,820,796) (S 948,796,795) (S 120,162,163) (S 956,795,802) (S 1044,802,252) (S 1045,252,679) (S 700,680,133) (S 218,286,287) (D 0,0,0)
 0 1 43 8991 31065  21 (D 0,0,0) (S 703,287,576) (S 701,222,595) (S 549,595,570) (S 550,570,277) (S 212,277,278) (S 219,288,278) (S 220,278,289) (S 211,277,276) (S 210,276,275) (S 400,486,487) (S 500,486,275) (S 229,276,135) (S 1080,135,844) (S 1078,844,615) (S 1072,615,842) (S 591,615,597) (S 63,87,88) (S 589,88,614) (S 114,156,155) (D 0,0,0)
 0 1 44 8838 31445  25 (D 0,0,0) (S 639,548,537) (S 461,248,537) (S 462,537,224) (S 463,224,538) (S 503,539,462) (S 377,462,213) (S 188,213,246) (S 187,246,245) (S 186,245,130) (S 185,130,244) (S 841,244,129) (S 99,130,131) (S 100,131,132) (S 178,234,233) (S 177,232,233) (S 477,551,549) (S 476,549,550) (S 478,549,233) (S 101,132,133) (S 102,133,134) (S 169,220,221) (S 170,221,222) (S 702,222,681) (D 0,0,0)
 0 1 45 8998 32455  19 (D 0,0,0) (S 293,293,174) (S 127,174,173) (S 468,540,541) (S 1071,542,841) (S 1075,843,105) (S 1074,105,48) (S 33,48,47) (S 1085,47,848) (S 32,46,47) (S 1084,47,106) (S 1081,107,845) (S 1088,845,847) (S 1089,847,843) (S 1076,843,543) (S 970,813,810) (S 851,754,755) (S 852,755,115) (D 0,0,0)
 0 1 46 8595 22064  12 (D 0,0,0) (S 877,300,116) (S 87,116,117) (S 288,365,257) (S 195,258,259) (S 497,561,214) (S 165,214,215) (S 489,215,557) (S 1012,557,301) (S 1013,301,827) (S 234,301,300) (D 0,0,0)
 0 1 47 8960 33613  26 (D 0,0,0) (S 88,115,118) (S 952,118,799) (S 1030,799,121) (S 1031,121,33) (S 22,33,32) (S 144,32,12) (S 9,12,11) (S 8,11,10) (S 7,9,10) (S 737,10,189) (S 738,189,698) (S 146,189,188) (S 145,12,188) (S 739,699,188) (S 740,188,11) (S 741,11,34) (S 23,33,34) (S 742,34,120) (S 735,120,35) (S 25,35,36) (S 736,35,10) (S 24,35,34) (S 90,120,119) (S 89,119,118) (D 0,0,0)
 0 1 48 8801 34606  22 (D 0,0,0) (S 91,119,121) (S 92,121,122) (S 93,122,123) (S 143,123,32) (S 875,32,765) (S 1033,765,834) (S 1032,833,834) (S 1058,834,764) (S 874,764,765) (S 1034,765,124) (S 1035,124,801) (S 1036,801,111) (S 955,801,187) (S 1077,800,805) (S 141,186,187) (S 954,187,800) (S 949,798,797) (S 959,797,805) (S 958,797,804) (S 1029,804,799) (D 0,0,0)
 0 1 49 8955 37878  18 (D 0,0,0) (S 953,799,798) (S 950,798,122) (S 142,187,123) (S 94,123,124) (S 95,124,125) (S 957,125,803) (S 1059,125,764) (S 873,763,764) (S 1060,125,110) (S 1062,809,545) (S 82,109,108) (S 136,108,183) (S 1086,849,183) (S 139,185,112) (S 140,112,186) (S 960,186,805) (D 0,0,0)
 0 1 50 8993 32938  21 (D 0,0,0) (S 86,115,114) (S 85,114,113) (S 84,112,111) (S 83,111,110) (S 1061,110,809) (S 965,809,808) (S 1037,111,808) (S 964,808,185) (S 138,185,184) (S 137,184,183) (S 1087,183,845) (S 1083,847,544) (S 1082,846,544) (S 471,544,543) (S 469,542,541) (S 850,541,754) (S 971,754,810) (S 966,810,811) (S 1091,811,755) (D 0,0,0)
 0 1 51 8972 30808  9 (D 0,0,0) (S 292,367,293) (S 128,174,175) (S 963,175,807) (S 129,175,176) (S 962,175,348) (S 272,348,292) (S 558,269,367) (D 0,0,0)
 0 1 52 8937 43026  11 (D 0,0,0) (S 34,49,48) (S 30,44,45) (S 1065,45,812) (S 56,76,77) (S 1066,76,812) (S 969,812,182) (S 961,806,74) (S 883,385,391) (S 315,392,393) (D 0,0,0)
 0 1 53 8861 28872  21 (D 0,0,0) (S 1024,832,432) (S 910,779,239) (S 182,239,240) (S 911,239,780) (S 181,239,238) (S 180,238,237) (S 914,237,782) (S 179,237,236) (S 880,236,152) (S 112,152,153) (S 881,152,140) (S 106,140,141) (S 882,140,391) (S 314,391,392) (S 345,392,428) (S 905,498,393) (S 904,777,393) (S 316,393,394) (S 317,394,395) (D 0,0,0)
 0 1 54 8975 26896  17 (D 0,0,0) (S 655,290,395) (S 319,396,397) (S 451,397,89) (S 427,500,389) (S 313,389,390) (S 453,530,531) (S 560,530,597) (S 561,597,598) (S 590,597,88) (S 64,88,89) (S 450,397,529) (S 449,529,155) (S 448,155,291) (S 222,291,154) (S 221,154,290) (D 0,0,0)
 0 1 55 8987 32182  23 (D 0,0,0) (S 656,137,290) (S 318,395,396) (S 425,511,396) (S 426,396,500) (S 413,500,499) (S 412,499,398) (S 411,398,498) (S 346,428,386) (S 347,386,377) (S 348,377,429) (S 943,429,766) (S 885,766,376) (S 304,376,377) (S 305,377,378) (S 321,378,399) (S 944,399,429) (S 332,412,413) (S 349,412,430) (S 945,399,652) (S 652,652,388) (S 653,388,499) (D 0,0,0)
 0 1 56 8986 32333  20 (D 0,0,0) (S 654,395,499) (S 312,388,387) (S 323,401,402) (S 334,401,410) (S 331,410,411) (S 330,410,400) (S 322,400,401) (S 333,401,414) (S 650,651,414) (S 651,414,652) (S 946,652,390) (S 947,390,530) (S 452,530,89) (S 1069,529,614) (S 588,614,156) (S 115,156,157) (S 587,156,363) (S 223,242,291) (D 0,0,0)
 0 1 57 8577 16658  30 (D 0,0,0) (S 418,506,177) (S 419,177,507) (S 781,507,344) (S 780,344,380) (S 779,380,86) (S 302,86,375) (S 429,375,512) (S 775,715,372) (S 977,39,815) (S 592,616,39) (S 26,39,40) (S 298,40,372) (S 297,372,371) (S 774,371,715) (S 983,817,715) (S 984,715,512) (S 428,41,512) (S 985,512,85) (S 986,85,745) (S 987,745,670) (S 988,670,656) (S 675,670,261) (S 197,261,262) (S 755,654,509) (S 424,509,510) (S 484,555,190) (S 483,190,81) (S 59,81,82) (D 0,0,0)
 0 1 58 8994 26739  15 (D 0,0,0) (S 367,452,427) (S 343,426,425) (S 913,781,237) (S 879,236,424) (S 878,424,722) (S 784,721,722) (S 342,424,425) (S 912,425,781) (S 915,781,778) (S 908,238,778) (S 909,778,779) (S 916,779,426) (S 344,426,427) (D 0,0,0)
 0 1 59 8974 24119  21 (D 0,0,0) (S 684,674,17) (S 972,762,718) (S 252,322,323) (S 511,359,573) (S 575,571,472) (S 574,472,96) (S 71,96,97) (S 72,97,98) (S 284,98,361) (S 283,361,360) (S 822,360,691) (S 385,471,472) (S 509,571,572) (S 773,572,714) (S 510,572,573) (S 770,573,554) (S 769,709,139) (S 105,138,139) (S 482,554,358) (D 0,0,0)
 0 1 60 8971 32901  14 (D 0,0,0) (S 73,98,99) (S 593,600,502) (S 594,502,22) (S 597,492,617) (S 796,617,730) (S 598,617,618) (S 599,618,619) (S 771,710,711) (S 401,489,490) (S 406,490,493) (S 714,688,485) (S 717,503,203) (D 0,0,0)
 0 1 61 8985 31841  19 (D 0,0,0) (S 718,689,203) (S 716,503,20) (S 1008,667,825) (S 1007,825,440) (S 546,594,440) (S 357,440,441) (S 1056,840,441) (S 358,441,442) (S 673,442,668) (S 672,442,667) (S 713,688,493) (S 712,493,496) (S 711,687,496) (S 410,496,489) (S 396,483,484) (S 397,484,485) (S 715,485,20) (D 0,0,0)
 0 1 62 8959 32349  17 (D 0,0,0) (S 13,20,19) (S 894,19,769) (S 12,19,18) (S 264,18,340) (S 263,339,340) (S 488,340,473) (S 487,473,469) (S 382,469,468) (S 725,466,693) (S 726,693,694) (S 1005,693,662) (S 669,661,662) (S 671,665,666) (S 1006,665,440) (S 1057,441,825) (D 0,0,0)
 0 1 63 8934 38876  18 (D 0,0,0) (S 1009,688,667) (S 670,665,465) (S 380,465,466) (S 724,692,466) (S 381,466,467) (S 707,467,683) (S 706,682,683) (S 1004,683,641) (S 634,640,641) (S 1003,641,556) (S 236,303,304) (S 237,304,305) (S 383,304,469) (S 386,474,475) (S 1054,474,839) (S 893,768,19) (D 0,0,0)
 0 1 64 8592 17456  28 (D 0,0,0) (S 685,674,180) (S 307,264,380) (S 62,86,85) (S 61,85,42) (S 28,42,41) (S 27,41,40) (S 299,40,373) (S 300,373,374) (S 667,373,658) (S 666,373,84) (S 60,83,84) (S 665,84,657) (S 839,657,746) (S 1067,43,822) (S 996,821,822) (S 997,822,823) (S 1018,823,831) (S 29,43,42) (S 301,86,263) (S 198,263,264) (S 199,264,265) (S 268,265,344) (S 269,344,345) (S 697,346,506) (S 696,506,431) (S 695,431,672) (D 0,0,0)
