1584452
63
3600910
3529107
 0 1 1 8886 12587  13 (D 0,0,0) (S 728,0,2) (S 999,695,205) (S 157,204,205) (S 158,205,151) (S 111,151,150) (S 455,150,533) (S 454,150,532) (S 543,532,80) (S 58,80,81) (S 483,81,190) (S 148,190,191) (D 0,0,0)
 0 1 2 8876 13330  16 (D 0,0,0) (S 149,191,192) (S 374,192,355) (S 278,355,354) (S 287,354,193) (S 534,194,585) (S 535,585,206) (S 159,206,207) (S 161,208,209) (S 493,209,559) (S 538,559,588) (S 539,588,589) (S 540,589,590) (S 541,590,585) (S 542,585,532) (D 0,0,0)
 0 1 3 8957 17140  17 (D 0,0,0) (S 991,3,191) (S 150,193,194) (S 614,195,590) (S 613,590,207) (S 160,207,208) (S 1010,208,826) (S 1019,826,558) (S 492,558,209) (S 491,558,306) (S 490,306,557) (S 165,215,214) (S 497,214,561) (S 87,117,116) (S 877,116,300) (S 238,306,151) (D 0,0,0)
 0 1 4 7352 16692  14 (D 0,0,0) (S 2,2,3) (S 3,3,4) (S 840,747,727) (S 794,727,728) (S 990,3,732) (S 797,732,731) (S 830,731,28) (S 19,28,27) (S 18,27,26) (S 917,26,783) (S 872,27,686) (S 710,686,663) (D 0,0,0)
 0 1 5 8397 17054  16 (D 0,0,0) (S 798,733,621) (S 600,620,621) (S 602,459,353) (S 603,353,584) (S 604,584,622) (S 615,622,195) (S 151,195,196) (S 690,196,623) (S 1017,624,830) (S 606,624,625) (S 605,624,623) (S 689,623,505) (S 416,505,504) (S 533,584,194) (D 0,0,0)
 0 1 6 8676 18873  14 (D 0,0,0) (S 373,355,459) (S 616,622,505) (S 617,505,632) (S 51,69,70) (S 52,70,71) (S 53,71,72) (S 1016,71,829) (S 1047,838,829) (S 1048,829,632) (S 1049,632,583) (S 1050,583,737) (S 1051,738,816) (D 0,0,0)
 0 1 7 8707 16984  20 (D 0,0,0) (S 1052,787,816) (S 807,738,66) (S 48,66,67) (S 49,67,68) (S 50,68,69) (S 618,69,405) (S 327,405,406) (S 930,406,70) (S 1015,71,407) (S 329,407,408) (S 1014,828,407) (S 328,407,406) (S 326,405,404) (S 325,404,403) (S 324,403,170) (S 804,170,67) (S 805,67,737) (S 806,737,738) (D 0,0,0)
 0 1 8 8927 15666  30 (D 0,0,0) (S 132,180,179) (S 131,179,178) (S 130,178,177) (S 420,507,266) (S 421,266,508) (S 834,508,343) (S 836,260,745) (S 837,745,43) (S 839,657,746) (S 838,657,43) (S 997,822,823) (S 1018,823,831) (S 996,821,822) (S 1067,822,43) (S 29,43,42) (S 61,42,85) (S 986,85,745) (S 987,745,670) (S 988,670,656) (S 663,656,655) (S 776,716,655) (S 662,655,262) (S 661,262,654) (S 755,654,509) (S 484,555,190) (S 147,190,82) (S 730,695,696) (S 729,695,2) (D 0,0,0)
 0 1 9 8994 15469  24 (D 0,0,0) (S 998,695,81) (S 59,81,82) (S 756,82,654) (S 197,262,261) (S 675,261,670) (S 989,656,818) (S 664,656,657) (S 665,657,84) (S 60,83,84) (S 666,84,373) (S 667,373,658) (S 300,373,374) (S 299,373,40) (S 775,372,715) (S 295,370,369) (S 536,369,513) (S 431,379,345) (S 270,345,346) (S 697,346,506) (S 696,506,431) (S 695,431,672) (S 693,674,653) (D 0,0,0)
 0 1 10 8668 14245  32 (D 0,0,0) (S 694,674,672) (S 680,672,179) (S 679,179,267) (S 678,267,671) (S 833,671,508) (S 266,343,342) (S 265,341,342) (S 676,342,261) (S 196,261,260) (S 835,260,343) (S 267,343,265) (S 199,265,264) (S 198,264,263) (S 301,263,86) (S 62,86,85) (S 985,85,512) (S 984,512,715) (S 983,817,715) (S 774,715,371) (S 296,371,370) (S 674,370,669) (S 303,370,375) (S 302,375,86) (S 779,86,380) (S 307,380,264) (S 780,380,344) (S 268,344,265) (S 200,265,266) (S 201,266,267) (S 202,267,268) (D 0,0,0)
 0 1 11 8685 12445  22 (D 0,0,0) (S 727,0,677) (S 612,521,324) (S 611,631,324) (S 253,324,325) (S 927,325,495) (S 408,495,494) (S 407,494,320) (S 249,320,319) (S 248,319,318) (S 360,318,445) (S 457,445,535) (S 246,316,317) (S 1041,317,835) (S 1040,317,832) (S 1025,832,718) (S 972,718,762) (S 973,762,525) (S 443,525,524) (S 682,524,16) (S 684,17,674) (D 0,0,0)
 0 1 12 8676 13534  23 (D 0,0,0) (S 1,0,1) (S 691,676,677) (S 660,653,522) (S 441,522,521) (S 925,520,64) (S 45,64,63) (S 203,63,268) (S 687,268,675) (S 832,675,671) (S 677,671,6) (S 6,7,8) (S 658,8,555) (S 485,555,509) (S 424,509,510) (S 423,509,5) (S 422,508,5) (S 4,5,6) (S 5,6,7) (S 688,7,675) (S 686,268,180) (S 685,180,674) (D 0,0,0)
 0 1 13 8798 20859  8 (D 0,0,0) (S 537,586,587) (S 876,587,300) (S 234,300,301) (S 1013,301,827) (S 1012,301,557) (S 1011,557,205) (D 0,0,0)
 0 1 14 8980 24401  8 (D 0,0,0) (S 496,561,258) (S 290,366,226) (S 175,226,227) (S 176,227,228) (S 204,227,256) (S 194,256,257) (D 0,0,0)
 0 1 15 8996 31071  11 (D 0,0,0) (S 289,257,366) (S 205,227,269) (S 559,269,292) (S 272,292,348) (S 962,348,175) (S 129,175,176) (S 963,175,807) (S 128,175,174) (S 225,293,294) (D 0,0,0)
 0 1 16 8865 25870  23 (D 0,0,0) (S 226,294,295) (S 465,295,539) (S 503,539,462) (S 502,462,219) (S 501,219,211) (S 162,210,211) (S 500,486,275) (S 499,275,564) (S 508,564,570) (S 549,570,595) (S 701,595,222) (S 171,222,223) (S 636,643,223) (S 637,223,247) (S 638,247,537) (S 461,537,248) (S 190,248,249) (S 507,567,568) (S 520,567,578) (S 521,578,366) (S 288,257,365) (D 0,0,0)
 0 1 17 8977 25176  19 (D 0,0,0) (S 1055,608,577) (S 518,577,364) (S 517,364,286) (S 516,286,576) (S 515,576,382) (S 731,697,381) (S 308,381,382) (S 309,382,383) (S 480,553,383) (S 481,383,287) (S 579,287,29) (S 21,30,31) (S 310,30,384) (S 20,30,29) (S 580,29,608) (S 581,608,609) (S 582,609,561) (D 0,0,0)
 0 1 18 8927 28154  12 (D 0,0,0) (S 506,249,547) (S 474,546,547) (S 475,547,548) (S 640,548,566) (S 641,566,644) (S 504,566,225) (S 174,225,226) (S 291,226,367) (S 558,367,269) (S 224,292,293) (D 0,0,0)
 0 1 19 8970 28862  21 (D 0,0,0) (S 951,596,173) (S 127,173,174) (S 852,115,755) (S 1091,755,811) (S 966,811,810) (S 971,810,754) (S 850,754,541) (S 468,541,540) (S 787,540,470) (S 788,470,314) (S 384,470,213) (S 164,213,212) (S 163,212,211) (S 168,219,218) (S 228,218,296) (S 227,296,295) (S 464,295,538) (S 462,224,537) (S 639,537,548) (D 0,0,0)
 0 1 20 8822 28608  10 (D 0,0,0) (S 463,224,538) (S 555,538,596) (S 556,596,565) (S 557,565,367) (S 292,367,293) (S 494,560,294) (S 495,294,258) (S 195,258,259) (D 0,0,0)
 0 1 21 8986 30720  23 (D 0,0,0) (S 703,287,576) (S 732,681,381) (S 889,381,221) (S 169,220,221) (S 891,712,38) (S 892,38,134) (S 103,134,135) (S 229,135,276) (S 211,276,277) (S 219,288,278) (S 220,278,289) (S 212,278,277) (S 551,277,217) (S 166,217,216) (S 206,216,271) (S 552,217,463) (S 553,463,297) (S 231,297,298) (S 230,297,296) (S 173,224,225) (S 505,566,547) (D 0,0,0)
 0 1 22 8997 30764  30 (D 0,0,0) (S 189,248,247) (S 172,223,224) (S 466,539,158) (S 116,158,159) (S 843,315,748) (S 859,748,160) (S 860,160,757) (S 855,757,127) (S 856,127,756) (S 857,756,420) (S 340,420,421) (S 792,421,725) (S 854,725,751) (S 845,750,751) (S 846,751,752) (S 791,725,126) (S 96,126,127) (S 97,127,128) (S 98,128,129) (S 185,130,244) (S 841,244,129) (S 842,129,748) (S 858,748,245) (S 187,245,246) (S 399,274,486) (S 400,486,487) (S 167,218,217) (S 1068,578,609) (D 0,0,0)
 0 1 23 8962 41866  19 (D 0,0,0) (S 548,595,38) (S 102,134,133) (S 184,244,243) (S 948,796,795) (S 1044,802,252) (S 192,252,253) (S 193,254,255) (S 233,254,229) (S 479,552,299) (S 232,299,229) (S 208,230,273) (S 207,272,230) (S 191,251,231) (S 1045,252,679) (S 699,679,680) (S 1073,680,842) (S 1079,842,844) (D 0,0,0)
 0 1 24 8966 44207  14 (D 0,0,0) (S 944,399,429) (S 55,74,75) (S 133,181,75) (S 134,75,182) (S 1066,812,76) (S 56,76,77) (S 30,44,45) (S 1063,109,545) (S 1062,545,809) (S 83,110,111) (S 1037,111,808) (S 84,111,112) (D 0,0,0)
 0 1 25 8995 35133  22 (D 0,0,0) (S 953,799,798) (S 950,798,122) (S 949,798,797) (S 959,797,805) (S 141,186,187) (S 955,187,801) (S 1036,801,111) (S 1035,801,124) (S 95,124,125) (S 957,125,803) (S 1059,125,764) (S 873,763,764) (S 1058,764,834) (S 1032,833,834) (S 1033,834,765) (S 875,765,32) (S 143,32,123) (S 93,123,122) (S 92,122,121) (S 1030,121,799) (D 0,0,0)
 0 1 26 8945 31945  21 (D 0,0,0) (S 88,115,118) (S 952,118,799) (S 1029,799,804) (S 958,804,797) (S 1077,805,800) (S 954,800,187) (S 142,187,123) (S 94,123,124) (S 1034,124,765) (S 874,765,764) (S 1060,125,110) (S 1061,110,809) (S 965,809,808) (S 964,808,185) (S 139,185,112) (S 140,112,186) (S 960,186,805) (S 85,113,114) (S 86,114,115) (D 0,0,0)
 0 1 27 8971 33626  25 (D 0,0,0) (S 89,118,119) (S 91,119,121) (S 1031,121,33) (S 23,33,34) (S 741,34,11) (S 9,11,12) (S 145,12,188) (S 739,699,188) (S 146,188,189) (S 738,189,698) (S 737,189,10) (S 7,9,10) (S 736,10,35) (S 735,35,120) (S 742,120,34) (S 24,34,35) (S 25,35,36) (S 8,10,11) (S 740,11,188) (S 144,12,32) (S 22,32,33) (S 90,120,119) (S 293,174,293) (D 0,0,0)
 0 1 28 8978 34937  24 (D 0,0,0) (S 126,173,158) (S 467,158,540) (S 849,541,753) (S 1090,753,841) (S 1070,841,104) (S 78,104,105) (S 1074,105,48) (S 35,49,50) (S 34,49,48) (S 33,48,47) (S 1085,47,848) (S 135,46,108) (S 81,108,107) (S 80,106,107) (S 1081,107,845) (S 1087,845,183) (S 1086,849,183) (S 1088,845,847) (S 1083,847,544) (S 471,544,543) (S 970,813,810) (S 851,754,755) (D 0,0,0)
 0 1 29 8997 35145  14 (D 0,0,0) (S 469,541,542) (S 1071,542,841) (S 848,753,103) (S 77,103,104) (S 847,103,49) (S 888,49,767) (S 967,767,806) (S 968,806,182) (S 969,182,812) (S 1065,812,45) (S 473,545,184) (S 138,184,185) (D 0,0,0)
 0 1 30 8959 34600  16 (D 0,0,0) (S 1076,543,843) (S 1089,847,843) (S 1075,843,105) (S 79,105,106) (S 1084,106,47) (S 32,47,46) (S 31,46,45) (S 1064,45,109) (S 82,109,108) (S 136,108,183) (S 137,183,184) (S 472,184,544) (S 1082,846,544) (S 470,543,542) (D 0,0,0)
 0 1 31 8958 33991  23 (D 0,0,0) (S 244,159,314) (S 789,314,724) (S 861,757,724) (S 790,724,126) (S 853,756,725) (S 793,421,726) (S 1042,836,726) (S 1043,726,802) (S 956,802,795) (S 120,162,163) (S 994,820,796) (S 995,796,243) (S 339,243,161) (S 119,161,128) (S 118,128,160) (S 117,160,159) (S 245,159,315) (S 188,246,213) (S 377,213,462) (S 378,462,463) (S 554,297,538) (D 0,0,0)
 0 1 32 8882 27530  17 (D 0,0,0) (S 344,427,426) (S 343,426,425) (S 912,425,781) (S 342,425,424) (S 878,424,722) (S 784,721,722) (S 879,424,236) (S 179,236,237) (S 913,237,781) (S 915,781,778) (S 181,238,239) (S 182,239,240) (S 911,239,780) (S 910,239,779) (S 916,779,426) (D 0,0,0)
 0 1 33 8866 29500  17 (D 0,0,0) (S 104,136,137) (S 448,291,155) (S 1069,529,614) (S 115,156,157) (S 588,156,614) (S 589,614,88) (S 590,88,597) (S 560,597,530) (S 453,530,531) (S 947,530,390) (S 313,390,389) (S 426,500,396) (S 425,511,396) (S 318,396,395) (S 655,395,290) (D 0,0,0)
 0 1 34 8983 27478  15 (D 0,0,0) (S 221,290,154) (S 222,154,291) (S 223,291,242) (S 286,242,363) (S 587,363,156) (S 114,156,155) (S 572,155,363) (S 183,242,241) (S 446,241,528) (S 698,528,678) (S 447,241,291) (S 656,290,137) (S 657,137,427) (D 0,0,0)
 0 1 35 8841 27602  20 (D 0,0,0) (S 113,154,155) (S 449,155,529) (S 450,529,397) (S 452,89,530) (S 561,597,598) (S 1078,615,844) (S 1080,844,135) (S 547,135,38) (S 772,712,713) (S 890,712,221) (S 170,221,222) (S 702,222,681) (S 733,681,285) (S 217,284,285) (S 734,285,536) (S 460,536,364) (S 519,577,567) (S 489,215,557) (D 0,0,0)
 0 1 36 8896 34694  19 (D 0,0,0) (S 312,388,387) (S 311,387,386) (S 884,385,376) (S 885,376,766) (S 886,766,73) (S 54,73,74) (S 961,74,806) (S 887,767,73) (S 943,766,429) (S 349,412,430) (S 332,412,413) (S 348,429,377) (S 347,377,386) (S 346,386,428) (S 345,428,392) (S 315,392,393) (S 316,393,394) (D 0,0,0)
 0 1 37 8974 30379  19 (D 0,0,0) (S 317,395,394) (S 904,777,393) (S 905,393,498) (S 411,498,398) (S 305,378,377) (S 304,377,376) (S 883,385,391) (S 314,391,392) (S 882,391,140) (S 106,140,141) (S 881,140,152) (S 112,152,153) (S 880,152,236) (S 914,237,782) (S 180,237,238) (S 908,238,778) (S 909,778,779) (D 0,0,0)
 0 1 38 9000 31588  20 (D 0,0,0) (S 654,395,499) (S 413,499,500) (S 427,500,389) (S 946,390,652) (S 651,652,414) (S 650,651,414) (S 333,414,401) (S 322,401,400) (S 330,400,410) (S 331,410,411) (S 334,410,401) (S 323,401,402) (S 321,378,399) (S 945,399,652) (S 652,652,388) (S 653,388,499) (S 412,499,398) (S 320,398,394) (D 0,0,0)
 0 1 39 8964 33775  23 (D 0,0,0) (S 319,396,397) (S 451,397,89) (S 64,89,88) (S 63,87,88) (S 591,597,615) (S 1072,615,842) (S 700,680,133) (S 101,133,132) (S 177,232,233) (S 478,233,549) (S 476,549,550) (S 477,551,549) (S 178,233,234) (S 100,132,131) (S 99,131,130) (S 186,130,245) (S 398,246,274) (S 209,274,275) (S 210,275,276) (S 550,277,570) (S 218,286,287) (D 0,0,0)
 0 1 40 8543 14081  25 (D 0,0,0) (S 704,677,521) (S 440,521,520) (S 926,520,325) (S 254,325,326) (S 276,326,351) (S 438,351,416) (S 437,416,519) (S 812,519,328) (S 257,328,329) (S 767,329,518) (S 434,517,516) (S 622,515,634) (S 621,634,627) (S 620,627,633) (S 825,633,582) (S 528,582,404) (S 529,404,68) (S 530,68,583) (S 531,583,504) (S 532,504,584) (S 372,458,459) (S 601,459,621) (S 799,621,734) (D 0,0,0)
 0 1 41 8899 18105  18 (D 0,0,0) (S 336,416,327) (S 766,329,436) (S 354,436,437) (S 355,437,438) (S 523,438,579) (S 522,579,57) (S 42,58,59) (S 43,59,60) (S 395,59,481) (S 744,333,514) (S 432,514,515) (S 433,515,516) (S 527,581,582) (S 826,582,313) (S 828,736,739) (S 338,418,417) (D 0,0,0)
 0 1 42 8855 28456  21 (D 0,0,0) (S 932,331,580) (S 747,636,700) (S 394,59,480) (S 895,480,770) (S 393,480,479) (S 897,479,772) (S 392,479,478) (S 896,478,771) (S 391,478,92) (S 66,92,91) (S 65,90,91) (S 782,91,282) (S 216,282,283) (S 783,282,720) (S 215,282,281) (S 389,477,199) (S 1046,837,639) (S 633,639,200) (S 632,200,638) (D 0,0,0)
 0 1 43 8978 19614  24 (D 0,0,0) (S 752,704,703) (S 763,54,455) (S 370,455,456) (S 371,456,457) (S 628,456,58) (S 627,58,636) (S 626,636,635) (S 863,758,759) (S 862,758,635) (S 625,635,439) (S 356,439,438) (S 524,438,580) (S 525,580,332) (S 526,332,516) (S 571,602,604) (S 642,645,604) (S 608,605,628) (S 643,604,603) (S 569,603,602) (S 570,602,517) (S 435,517,518) (S 436,518,519) (D 0,0,0)
 0 1 44 8941 22712  18 (D 0,0,0) (S 764,703,54) (S 762,455,592) (S 545,592,593) (S 544,592,591) (S 817,591,95) (S 70,95,96) (S 71,96,97) (S 821,97,690) (S 721,690,691) (S 822,691,360) (S 282,360,359) (S 511,359,573) (S 770,573,554) (S 769,709,139) (S 105,138,139) (S 482,554,358) (D 0,0,0)
 0 1 45 8980 22980  17 (D 0,0,0) (S 577,52,453) (S 72,97,98) (S 285,98,362) (S 564,362,599) (S 718,689,203) (S 415,503,502) (S 414,502,501) (S 646,101,575) (S 514,497,575) (S 647,575,646) (S 648,646,647) (S 900,647,611) (S 583,611,612) (S 586,319,443) (S 359,443,444) (D 0,0,0)
 0 1 46 8980 18479  23 (D 0,0,0) (S 1039,719,832) (S 585,319,534) (S 584,448,612) (S 899,611,774) (S 898,773,774) (S 907,774,612) (S 906,612,647) (S 649,647,648) (S 705,646,447) (S 361,447,446) (S 367,452,427) (S 777,717,427) (S 918,452,446) (S 362,447,448) (S 456,534,445) (S 247,318,317) (S 1028,316,761) (S 1027,761,526) (S 444,526,525) (S 974,525,14) (S 681,16,672) (D 0,0,0)
 0 1 47 8843 13338  29 (D 0,0,0) (S 692,677,653) (S 659,653,63) (S 1053,63,787) (S 924,787,64) (S 46,64,65) (S 979,65,451) (S 366,451,419) (S 365,419,450) (S 808,450,171) (S 125,171,172) (S 124,171,170) (S 803,170,449) (S 364,449,450) (S 809,450,739) (S 810,739,740) (S 902,740,735) (S 801,735,736) (S 802,736,449) (S 363,449,312) (S 242,312,310) (S 241,310,311) (S 243,310,313) (S 827,313,736) (S 829,739,418) (S 978,451,352) (S 277,352,351) (S 439,351,520) (D 0,0,0)
 0 1 48 8923 17024  26 (D 0,0,0) (S 255,326,327) (S 335,327,415) (S 352,415,434) (S 975,434,705) (S 754,705,607) (S 753,607,704) (S 750,702,701) (S 749,701,579) (S 748,579,636) (S 41,58,57) (S 40,57,56) (S 935,56,791) (S 934,56,701) (S 933,701,790) (S 939,790,660) (S 668,659,660) (S 938,660,793) (S 936,792,793) (S 937,793,785) (S 921,785,784) (S 920,649,784) (S 923,784,786) (S 922,784,437) (S 831,437,330) (D 0,0,0)
 0 1 49 8545 18646  18 (D 0,0,0) (S 982,734,733) (S 981,733,816) (S 980,816,65) (S 47,65,66) (S 619,405,633) (S 824,744,633) (S 609,627,629) (S 610,629,630) (S 607,627,626) (S 942,626,581) (S 941,581,776) (S 903,776,735) (S 800,735,518) (S 811,519,740) (S 901,740,417) (S 337,417,416) (D 0,0,0)
 0 1 50 8974 16287  15 (D 0,0,0) (S 256,327,328) (S 813,328,435) (S 765,436,703) (S 751,703,702) (S 931,702,166) (S 122,166,165) (S 121,164,165) (S 743,165,700) (S 746,700,481) (S 745,481,333) (S 260,333,332) (S 259,332,331) (S 258,331,330) (D 0,0,0)
 0 1 51 8946 21313  19 (D 0,0,0) (S 623,515,422) (S 341,422,423) (S 624,422,439) (S 629,456,562) (S 498,562,563) (S 630,562,93) (S 844,637,749) (S 631,637,638) (S 867,638,707) (S 866,707,741) (S 865,741,606) (S 573,606,96) (S 574,96,472) (S 575,472,571) (S 576,571,453) (S 368,453,454) (S 814,704,435) (D 0,0,0)
 0 1 52 8975 24875  21 (D 0,0,0) (S 353,415,435) (S 815,704,53) (S 816,53,454) (S 369,454,455) (S 761,592,94) (S 760,94,707) (S 818,741,202) (S 156,202,201) (S 758,201,146) (S 757,706,146) (S 110,148,149) (S 109,148,147) (S 108,147,146) (S 107,144,145) (S 820,145,742) (S 819,145,202) (S 864,606,689) (S 719,689,599) (S 720,599,690) (D 0,0,0)
 0 1 53 8841 21839  18 (D 0,0,0) (S 919,446,601) (S 262,337,338) (S 566,601,574) (S 513,574,497) (S 376,461,460) (S 568,460,99) (S 73,99,98) (S 284,98,361) (S 375,361,460) (S 567,460,574) (S 512,574,359) (S 251,322,321) (S 279,321,356) (S 250,321,320) (S 1024,432,832) (S 778,718,719) (D 0,0,0)
 0 1 54 8588 14576  33 (D 0,0,0) (S 1038,522,708) (S 871,708,673) (S 870,673,762) (S 869,762,761) (S 868,761,535) (S 458,535,527) (S 459,527,368) (S 306,368,379) (S 430,513,375) (S 429,375,512) (S 428,512,41) (S 28,41,42) (S 27,41,40) (S 26,40,39) (S 977,39,815) (S 592,616,39) (S 298,40,372) (S 297,372,371) (S 294,369,368) (S 445,527,526) (S 1026,526,347) (S 271,347,346) (S 269,345,344) (S 781,344,507) (S 419,507,177) (S 418,177,506) (S 417,506,14) (S 10,14,15) (S 11,16,17) (S 683,17,523) (S 442,523,522) (D 0,0,0)
 0 1 55 8997 17814  20 (D 0,0,0) (S 768,708,433) (S 350,433,432) (S 1023,432,443) (S 1022,443,494) (S 1020,357,335) (S 261,335,334) (S 723,334,471) (S 385,471,472) (S 509,571,572) (S 773,572,714) (S 510,572,573) (S 281,359,358) (S 252,322,323) (S 280,322,357) (S 1021,357,814) (S 976,814,788) (S 929,788,789) (S 928,788,495) (D 0,0,0)
 0 1 56 8921 18986  19 (D 0,0,0) (S 409,495,350) (S 274,350,349) (S 273,349,169) (S 123,168,169) (S 563,169,62) (S 44,61,62) (S 562,62,167) (S 578,607,52) (S 37,52,53) (S 38,53,54) (S 39,54,55) (S 940,55,794) (S 993,794,819) (S 992,794,51) (S 36,51,52) (S 351,434,349) (S 275,350,326) (D 0,0,0)
 0 1 57 9000 32566  15 (D 0,0,0) (S 717,203,503) (S 397,485,484) (S 402,484,490) (S 771,710,711) (S 599,618,619) (S 598,618,617) (S 796,617,730) (S 597,617,492) (S 596,492,483) (S 594,22,502) (S 593,502,600) (S 565,600,362) (S 283,361,360) (D 0,0,0)
 0 1 58 8994 32385  19 (D 0,0,0) (S 714,485,688) (S 713,688,493) (S 406,493,490) (S 405,490,492) (S 404,491,492) (S 401,490,489) (S 410,489,496) (S 711,687,496) (S 712,496,493) (S 1009,688,667) (S 1008,667,825) (S 1007,825,440) (S 546,594,440) (S 357,440,441) (S 358,441,442) (S 673,442,668) (S 672,442,667) (D 0,0,0)
 0 1 59 8986 35111  19 (D 0,0,0) (S 722,471,691) (S 715,20,485) (S 1057,825,441) (S 1056,840,441) (S 1006,440,665) (S 669,661,662) (S 1005,662,693) (S 726,693,694) (S 725,693,466) (S 706,682,683) (S 1004,683,641) (S 634,640,641) (S 707,683,467) (S 708,467,684) (S 724,692,466) (S 380,466,465) (S 379,465,464) (D 0,0,0)
 0 1 60 8991 26207  16 (D 0,0,0) (S 74,99,100) (S 75,100,101) (S 76,101,102) (S 645,101,501) (S 644,501,24) (S 17,24,25) (S 16,24,23) (S 795,23,729) (S 15,23,22) (S 595,22,483) (S 396,483,484) (S 403,484,21) (S 14,21,20) (S 716,20,503) (D 0,0,0)
 0 1 61 9000 35425  16 (D 0,0,0) (S 893,768,19) (S 12,19,18) (S 264,18,340) (S 263,339,340) (S 488,340,473) (S 487,473,469) (S 382,469,468) (S 635,468,641) (S 1003,641,556) (S 486,556,469) (S 1054,474,839) (S 386,474,475) (S 894,19,769) (S 13,19,20) (D 0,0,0)
 0 1 62 8979 39869  14 (D 0,0,0) (S 1002,556,303) (S 235,302,303) (S 1001,303,308) (S 1000,824,308) (S 240,308,309) (S 239,307,308) (S 236,303,304) (S 237,304,305) (S 383,304,469) (S 381,467,466) (S 670,465,665) (S 671,665,666) (D 0,0,0)
 0 1 63 8973 27264  20 (D 0,0,0) (S 69,95,94) (S 68,94,93) (S 67,93,92) (S 390,92,477) (S 823,477,281) (S 214,281,280) (S 213,279,280) (S 786,280,723) (S 785,280,198) (S 152,197,198) (S 153,198,199) (S 57,78,79) (S 709,476,143) (S 387,142,476) (S 388,476,79) (S 154,199,200) (S 155,200,201) (S 759,201,707) (D 0,0,0)
