1586803
63
3600813
3600548
 0 1 1 8897 24037  18 (D 0,0,0) (S 778,719,718) (S 375,361,460) (S 376,460,461) (S 76,101,102) (S 75,101,100) (S 74,100,99) (S 568,99,460) (S 567,460,574) (S 512,574,359) (S 511,359,573) (S 510,573,572) (S 773,572,714) (S 770,573,554) (S 105,138,139) (S 769,709,139) (S 482,554,358) (D 0,0,0)
 0 1 2 8905 16706  32 (D 0,0,0) (S 255,326,327) (S 257,328,329) (S 766,329,436) (S 354,436,437) (S 922,437,784) (S 920,649,784) (S 923,784,786) (S 921,784,785) (S 937,785,793) (S 936,792,793) (S 938,793,660) (S 668,659,660) (S 939,660,790) (S 933,790,701) (S 749,701,579) (S 748,579,636) (S 626,636,635) (S 862,635,758) (S 863,758,759) (S 625,635,439) (S 356,439,438) (S 524,438,580) (S 525,580,332) (S 259,332,331) (S 258,331,330) (S 767,329,518) (S 800,518,735) (S 801,735,736) (S 810,739,740) (S 901,740,417) (D 0,0,0)
 0 1 3 7427 12722  18 (D 0,0,0) (S 768,708,433) (S 350,433,432) (S 1023,432,443) (S 359,443,444) (S 586,443,319) (S 585,319,534) (S 584,448,612) (S 907,612,774) (S 898,773,774) (S 899,774,611) (S 456,534,445) (S 457,445,535) (S 868,535,761) (S 869,761,762) (S 870,762,673) (S 871,673,708) (D 0,0,0)
 0 1 4 8991 18476  20 (D 0,0,0) (S 1038,522,708) (S 1039,719,832) (S 360,318,445) (S 362,448,447) (S 361,447,446) (S 919,446,601) (S 262,337,338) (S 566,601,574) (S 513,574,497) (S 514,497,575) (S 647,575,646) (S 648,646,647) (S 649,647,648) (S 900,647,611) (S 583,611,612) (S 458,535,527) (S 10,14,15) (S 681,16,672) (D 0,0,0)
 0 1 5 8564 13940  33 (D 0,0,0) (S 694,674,672) (S 695,672,431) (S 696,431,506) (S 697,506,346) (S 270,346,345) (S 269,345,344) (S 780,344,380) (S 779,380,86) (S 302,86,375) (S 429,375,512) (S 983,817,715) (S 775,715,372) (S 298,372,40) (S 26,40,39) (S 977,39,815) (S 592,616,39) (S 27,40,41) (S 428,41,512) (S 984,512,715) (S 774,715,371) (S 296,371,370) (S 303,370,375) (S 430,375,513) (S 536,513,369) (S 294,369,368) (S 459,368,527) (S 445,527,526) (S 1026,526,347) (S 271,347,346) (S 684,17,674) (S 693,674,653) (D 0,0,0)
 0 1 6 8528 11540  18 (D 0,0,0) (S 691,676,677) (S 659,653,63) (S 1053,63,787) (S 1052,787,816) (S 980,816,65) (S 979,65,451) (S 276,351,326) (S 275,326,350) (S 409,350,495) (S 927,495,325) (S 253,325,324) (S 611,631,324) (S 612,324,521) (S 441,521,522) (S 660,522,653) (S 727,677,0) (D 0,0,0)
 0 1 7 8917 13509  32 (D 0,0,0) (S 442,522,523) (S 683,523,17) (S 11,17,16) (S 682,16,524) (S 443,524,525) (S 973,525,762) (S 972,762,718) (S 1025,718,832) (S 1024,832,432) (S 1022,443,494) (S 407,494,320) (S 250,320,321) (S 279,321,356) (S 249,320,319) (S 248,319,318) (S 247,318,317) (S 1041,317,835) (S 246,317,316) (S 1028,316,761) (S 1027,761,526) (S 444,526,525) (S 974,525,14) (S 417,14,506) (S 418,506,177) (S 419,177,507) (S 420,507,266) (S 201,266,267) (S 679,267,179) (S 132,179,180) (S 685,180,674) (D 0,0,0)
 0 1 8 8784 15090  21 (D 0,0,0) (S 45,63,64) (S 807,66,738) (S 1050,737,583) (S 530,583,68) (S 529,68,404) (S 528,404,582) (S 527,582,581) (S 942,581,626) (S 607,626,627) (S 610,629,630) (S 609,629,627) (S 621,627,634) (S 622,634,515) (S 433,515,516) (S 434,516,517) (S 435,517,518) (S 437,519,416) (S 438,416,351) (S 439,351,520) (D 0,0,0)
 0 1 9 8652 14700  18 (D 0,0,0) (S 925,520,64) (S 46,64,65) (S 47,65,66) (S 48,66,67) (S 804,67,170) (S 324,170,403) (S 325,403,404) (S 326,404,405) (S 619,405,633) (S 824,744,633) (S 825,633,582) (S 826,582,313) (S 828,736,739) (S 829,739,418) (S 338,418,417) (S 337,417,416) (D 0,0,0)
 0 1 10 8678 17061  18 (D 0,0,0) (S 813,328,435) (S 814,435,704) (S 752,704,703) (S 764,703,54) (S 38,54,53) (S 37,53,52) (S 753,607,704) (S 815,704,53) (S 816,53,454) (S 368,454,453) (S 509,571,572) (S 385,472,471) (S 723,471,334) (S 261,334,335) (S 1020,335,357) (S 408,494,495) (D 0,0,0)
 0 1 11 8940 18474  16 (D 0,0,0) (S 831,330,437) (S 355,437,438) (S 523,438,579) (S 522,579,57) (S 41,57,58) (S 42,58,59) (S 43,59,60) (S 395,59,481) (S 744,333,514) (S 432,514,515) (S 620,627,633) (S 941,581,776) (S 903,776,735) (S 902,735,740) (D 0,0,0)
 0 1 12 8191 17864  27 (D 0,0,0) (S 336,416,327) (S 256,327,328) (S 812,328,519) (S 570,517,602) (S 571,602,604) (S 642,645,604) (S 608,605,628) (S 643,604,603) (S 569,603,602) (S 811,519,740) (S 809,739,450) (S 808,450,171) (S 125,171,172) (S 803,170,449) (S 363,449,312) (S 242,312,310) (S 241,310,311) (S 243,310,313) (S 827,313,736) (S 802,736,449) (S 364,449,450) (S 365,450,419) (S 366,419,451) (S 978,451,352) (S 277,352,351) (D 0,0,0)
 0 1 13 8858 21984  18 (D 0,0,0) (S 341,422,423) (S 627,636,58) (S 371,456,457) (S 370,456,455) (S 545,592,593) (S 544,592,591) (S 817,591,95) (S 70,95,96) (S 574,96,472) (S 575,472,571) (S 576,571,453) (S 577,453,52) (S 754,607,705) (S 975,705,434) (S 351,434,349) (S 274,349,350) (D 0,0,0)
 0 1 14 8926 16690  15 (D 0,0,0) (S 436,519,518) (S 526,516,332) (S 260,332,333) (S 745,333,481) (S 746,481,700) (S 743,700,165) (S 121,164,165) (S 122,165,166) (S 931,166,702) (S 765,703,436) (S 353,435,415) (S 440,520,521) (S 704,521,677) (D 0,0,0)
 0 1 15 8993 18354  27 (D 0,0,0) (S 431,345,379) (S 306,379,368) (S 295,369,370) (S 674,370,669) (S 297,371,372) (S 299,40,373) (S 667,373,658) (S 300,373,374) (S 666,373,84) (S 60,83,84) (S 665,84,657) (S 838,657,43) (S 1067,43,822) (S 996,821,822) (S 997,822,823) (S 1018,823,831) (S 29,43,42) (S 301,86,263) (S 198,263,264) (S 268,265,344) (S 781,344,507) (S 130,177,178) (S 131,178,179) (S 680,179,672) (S 692,653,677) (D 0,0,0)
 0 1 16 8444 18018  16 (D 0,0,0) (S 1,0,1) (S 728,0,2) (S 2,2,3) (S 794,728,727) (S 840,747,727) (S 3,4,3) (S 830,731,28) (S 19,28,27) (S 872,27,686) (S 710,686,663) (S 18,27,26) (S 917,26,783) (S 797,731,732) (S 990,732,3) (D 0,0,0)
 0 1 17 8975 15515  17 (D 0,0,0) (S 991,3,191) (S 149,191,192) (S 374,192,355) (S 278,355,354) (S 287,354,193) (S 150,193,194) (S 533,194,584) (S 604,584,622) (S 616,622,505) (S 689,505,623) (S 606,624,625) (S 1017,624,830) (S 605,624,623) (S 690,623,196) (S 151,196,195) (D 0,0,0)
 0 1 18 8608 18026  15 (D 0,0,0) (S 373,355,459) (S 416,504,505) (S 617,505,632) (S 1048,632,829) (S 1047,838,829) (S 1016,829,71) (S 51,70,69) (S 50,69,68) (S 49,68,67) (S 805,67,737) (S 806,737,738) (S 1051,738,816) (S 981,816,733) (D 0,0,0)
 0 1 19 8929 20490  21 (D 0,0,0) (S 982,734,733) (S 798,733,621) (S 600,620,621) (S 601,621,459) (S 372,458,459) (S 532,584,504) (S 531,504,583) (S 1049,583,632) (S 618,69,405) (S 327,405,406) (S 328,406,407) (S 1014,828,407) (S 329,407,408) (S 1015,407,71) (S 53,71,72) (S 52,71,70) (S 930,70,406) (S 124,170,171) (S 924,64,787) (D 0,0,0)
 0 1 20 8986 13936  16 (D 0,0,0) (S 799,734,621) (S 602,459,353) (S 603,353,584) (S 615,622,195) (S 614,195,590) (S 613,590,207) (S 160,207,208) (S 161,208,209) (S 493,209,559) (S 538,559,588) (S 539,588,589) (S 540,589,590) (S 541,590,585) (S 542,585,532) (D 0,0,0)
 0 1 21 8910 13208  30 (D 0,0,0) (S 148,191,190) (S 147,190,82) (S 59,82,81) (S 483,81,190) (S 484,190,555) (S 485,555,509) (S 658,555,8) (S 6,8,7) (S 688,7,675) (S 832,675,671) (S 677,671,6) (S 4,6,5) (S 422,5,508) (S 834,508,343) (S 835,343,260) (S 836,260,745) (S 987,745,670) (S 675,670,261) (S 676,261,342) (S 265,341,342) (S 266,342,343) (S 267,343,265) (S 200,265,266) (S 421,266,508) (S 833,508,671) (S 678,671,267) (S 202,267,268) (S 203,268,63) (D 0,0,0)
 0 1 22 8981 17224  27 (D 0,0,0) (S 756,82,654) (S 662,262,655) (S 776,716,655) (S 663,655,656) (S 989,656,818) (S 988,670,656) (S 664,656,657) (S 839,657,746) (S 837,43,745) (S 986,745,85) (S 61,85,42) (S 28,42,41) (S 985,512,85) (S 62,85,86) (S 307,380,264) (S 199,264,265) (S 196,260,261) (S 197,261,262) (S 661,262,654) (S 755,654,509) (S 424,509,510) (S 423,509,5) (S 5,6,7) (S 687,675,268) (S 686,268,180) (D 0,0,0)
 0 1 23 8803 11806  13 (D 0,0,0) (S 998,695,81) (S 58,81,80) (S 543,80,532) (S 454,532,150) (S 455,150,533) (S 111,150,151) (S 158,151,205) (S 157,204,205) (S 999,205,695) (S 730,695,696) (S 729,695,2) (D 0,0,0)
 0 1 24 8571 19228  19 (D 0,0,0) (S 751,703,702) (S 750,702,701) (S 934,701,56) (S 940,55,794) (S 993,794,819) (S 992,794,51) (S 36,51,52) (S 578,52,607) (S 562,167,62) (S 44,61,62) (S 563,62,169) (S 123,168,169) (S 273,169,349) (S 352,434,415) (S 335,415,327) (S 254,326,325) (S 926,325,520) (D 0,0,0)
 0 1 25 8947 19899  19 (D 0,0,0) (S 928,495,788) (S 976,788,814) (S 1021,814,357) (S 280,357,322) (S 252,322,323) (S 281,358,359) (S 284,361,98) (S 72,98,97) (S 71,97,96) (S 573,96,606) (S 865,606,741) (S 866,741,707) (S 867,707,638) (S 68,93,94) (S 761,94,592) (S 762,592,455) (S 763,455,54) (D 0,0,0)
 0 1 26 8891 26647  26 (D 0,0,0) (S 39,54,55) (S 935,56,791) (S 40,56,57) (S 628,58,456) (S 498,562,563) (S 630,562,93) (S 67,93,92) (S 66,92,91) (S 65,90,91) (S 782,91,282) (S 783,282,720) (S 216,282,283) (S 215,282,281) (S 823,477,281) (S 214,281,280) (S 213,279,280) (S 786,280,723) (S 785,280,198) (S 152,197,198) (S 153,198,199) (S 154,199,200) (S 759,201,707) (S 760,707,94) (S 369,455,454) (D 0,0,0)
 0 1 27 8747 22763  19 (D 0,0,0) (S 1040,832,317) (S 251,321,322) (S 282,359,360) (S 822,360,691) (S 721,691,690) (S 720,690,599) (S 564,599,362) (S 565,362,600) (S 593,600,502) (S 415,502,503) (S 716,503,20) (S 14,20,21) (S 403,21,484) (S 397,484,485) (S 717,503,203) (S 864,689,606) (S 821,97,690) (D 0,0,0)
 0 1 28 8996 34741  17 (D 0,0,0) (S 285,98,362) (S 596,483,492) (S 404,491,492) (S 405,492,490) (S 597,492,617) (S 796,617,730) (S 598,617,618) (S 599,618,619) (S 771,710,711) (S 401,489,490) (S 402,490,484) (S 396,484,483) (S 595,483,22) (S 73,99,98) (S 283,361,360) (D 0,0,0)
 0 1 29 9000 35425  16 (D 0,0,0) (S 13,20,19) (S 893,768,19) (S 264,18,340) (S 263,339,340) (S 386,474,475) (S 1054,474,839) (S 487,473,469) (S 382,469,468) (S 635,468,641) (S 1003,641,556) (S 486,556,469) (S 488,473,340) (S 12,18,19) (S 894,19,769) (D 0,0,0)
 0 1 30 8966 35001  19 (D 0,0,0) (S 714,485,688) (S 379,464,465) (S 670,465,665) (S 671,665,666) (S 669,661,662) (S 1005,662,693) (S 726,693,694) (S 1004,683,641) (S 634,640,641) (S 706,682,683) (S 707,683,467) (S 708,467,684) (S 381,467,466) (S 724,692,466) (S 725,466,693) (S 1006,665,440) (S 1057,441,825) (D 0,0,0)
 0 1 31 8771 38446  15 (D 0,0,0) (S 380,465,466) (S 383,469,304) (S 237,304,305) (S 236,304,303) (S 1001,303,308) (S 239,307,308) (S 240,308,309) (S 1000,824,308) (S 235,302,303) (S 1002,303,556) (S 1009,667,688) (S 718,203,689) (S 722,691,471) (D 0,0,0)
 0 1 32 9000 32521  18 (D 0,0,0) (S 929,788,789) (S 719,599,689) (S 715,20,485) (S 713,688,493) (S 406,493,490) (S 410,489,496) (S 711,687,496) (S 712,496,493) (S 1008,667,825) (S 1007,825,440) (S 546,594,440) (S 357,440,441) (S 1056,840,441) (S 358,441,442) (S 673,442,668) (S 672,442,667) (D 0,0,0)
 0 1 33 8950 29374  18 (D 0,0,0) (S 932,331,580) (S 747,636,700) (S 394,59,480) (S 895,480,770) (S 393,480,479) (S 897,479,772) (S 392,479,478) (S 896,478,771) (S 391,478,92) (S 390,92,477) (S 389,477,199) (S 709,476,143) (S 387,142,476) (S 388,476,79) (S 57,78,79) (S 69,94,95) (D 0,0,0)
 0 1 34 8912 27796  21 (D 0,0,0) (S 623,515,422) (S 624,422,439) (S 629,456,562) (S 844,637,749) (S 631,637,638) (S 632,638,200) (S 1046,837,639) (S 633,639,200) (S 155,200,201) (S 156,201,202) (S 819,202,145) (S 107,144,145) (S 820,145,742) (S 757,706,146) (S 109,147,148) (S 110,148,149) (S 108,147,146) (S 758,146,201) (S 818,202,741) (D 0,0,0)
 0 1 35 8905 23924  13 (D 0,0,0) (S 705,447,646) (S 645,101,501) (S 414,501,502) (S 594,502,22) (S 15,22,23) (S 795,23,729) (S 16,23,24) (S 17,24,25) (S 644,24,501) (S 646,101,575) (S 906,647,612) (D 0,0,0)
 0 1 36 8999 27593  14 (D 0,0,0) (S 918,446,452) (S 657,427,137) (S 104,136,137) (S 221,290,154) (S 222,154,291) (S 447,291,241) (S 446,241,528) (S 698,528,678) (S 183,241,242) (S 286,242,363) (S 572,363,155) (S 448,155,291) (D 0,0,0)
 0 1 37 8987 28545  19 (D 0,0,0) (S 113,154,155) (S 114,155,156) (S 1069,614,529) (S 450,529,397) (S 451,397,89) (S 64,89,88) (S 590,88,597) (S 561,597,598) (S 560,597,530) (S 453,530,531) (S 947,530,390) (S 313,390,389) (S 427,389,500) (S 426,500,396) (S 425,511,396) (S 319,396,397) (S 449,529,155) (D 0,0,0)
 0 1 38 9000 31039  20 (D 0,0,0) (S 318,395,396) (S 653,499,388) (S 652,388,652) (S 651,652,414) (S 650,651,414) (S 333,414,401) (S 334,401,410) (S 331,410,411) (S 330,410,400) (S 322,400,401) (S 323,401,402) (S 321,399,378) (S 305,378,377) (S 304,377,376) (S 884,376,385) (S 311,386,387) (S 312,387,388) (S 655,395,290) (D 0,0,0)
 0 1 39 8994 33206  19 (D 0,0,0) (S 315,393,392) (S 314,392,391) (S 883,391,385) (S 885,376,766) (S 54,73,74) (S 55,74,75) (S 133,181,75) (S 134,75,182) (S 961,74,806) (S 967,806,767) (S 887,767,73) (S 886,73,766) (S 943,766,429) (S 348,429,377) (S 412,398,499) (S 413,499,500) (S 654,499,395) (D 0,0,0)
 0 1 40 8996 32548  19 (D 0,0,0) (S 223,291,242) (S 587,363,156) (S 115,156,157) (S 588,156,614) (S 589,614,88) (S 63,87,88) (S 452,89,530) (S 946,390,652) (S 945,652,399) (S 944,399,429) (S 349,412,430) (S 332,412,413) (S 347,377,386) (S 346,386,428) (S 411,498,398) (S 320,398,394) (S 656,290,137) (D 0,0,0)
 0 1 41 8994 28572  16 (D 0,0,0) (S 367,452,427) (S 777,717,427) (S 343,426,425) (S 912,425,781) (S 342,425,424) (S 878,424,722) (S 784,721,722) (S 879,424,236) (S 179,236,237) (S 913,237,781) (S 915,781,778) (S 181,238,239) (S 182,239,240) (S 911,239,780) (D 0,0,0)
 0 1 42 8869 28617  19 (D 0,0,0) (S 344,427,426) (S 916,426,779) (S 910,779,239) (S 909,779,778) (S 908,778,238) (S 180,238,237) (S 914,237,782) (S 880,236,152) (S 112,152,153) (S 881,152,140) (S 106,140,141) (S 882,140,391) (S 345,392,428) (S 905,498,393) (S 904,777,393) (S 316,393,394) (S 317,394,395) (D 0,0,0)
 0 1 43 8968 32492  24 (D 0,0,0) (S 464,538,295) (S 465,295,539) (S 466,539,158) (S 467,158,540) (S 468,540,541) (S 1090,753,841) (S 1089,843,847) (S 1088,847,845) (S 1087,845,183) (S 1086,849,183) (S 137,183,184) (S 138,184,185) (S 1037,808,111) (S 1036,111,801) (S 94,124,123) (S 93,123,122) (S 950,122,798) (S 949,798,797) (S 1029,804,799) (S 1030,799,121) (S 91,121,119) (S 89,119,118) (D 0,0,0)
 0 1 44 8986 36148  27 (D 0,0,0) (S 90,119,120) (S 735,120,35) (S 737,10,189) (S 738,189,698) (S 146,189,188) (S 739,699,188) (S 9,12,11) (S 8,11,10) (S 7,9,10) (S 736,10,35) (S 25,35,36) (S 24,35,34) (S 741,34,11) (S 740,11,188) (S 145,188,12) (S 144,12,32) (S 1059,764,125) (S 1035,124,801) (S 955,801,187) (S 954,187,800) (S 1077,800,805) (S 960,805,186) (S 959,805,797) (S 958,797,804) (S 952,799,118) (D 0,0,0)
 0 1 45 8993 33821  19 (D 0,0,0) (S 953,799,798) (S 92,122,121) (S 1031,121,33) (S 875,32,765) (S 874,765,764) (S 873,763,764) (S 1058,764,834) (S 1032,833,834) (S 1033,834,765) (S 1034,765,124) (S 95,124,125) (S 957,125,803) (S 1060,125,110) (S 83,110,111) (S 84,111,112) (S 85,113,114) (S 86,114,115) (D 0,0,0)
 0 1 46 8996 34527  22 (D 0,0,0) (S 852,115,755) (S 1091,755,811) (S 966,811,810) (S 850,754,541) (S 469,541,542) (S 1071,542,841) (S 1070,841,104) (S 77,103,104) (S 78,104,105) (S 79,105,106) (S 80,106,107) (S 1081,107,845) (S 136,183,108) (S 135,108,46) (S 1085,47,848) (S 1084,106,47) (S 33,47,48) (S 1074,48,105) (S 1075,105,843) (S 1076,843,543) (D 0,0,0)
 0 1 47 8957 36637  15 (D 0,0,0) (S 847,103,49) (S 35,49,50) (S 34,49,48) (S 32,47,46) (S 31,46,45) (S 30,44,45) (S 1064,45,109) (S 82,109,108) (S 81,108,107) (S 1083,847,544) (S 1082,846,544) (S 471,544,543) (S 470,543,542) (D 0,0,0)
 0 1 48 9000 32929  19 (D 0,0,0) (S 851,755,754) (S 971,754,810) (S 970,810,813) (S 472,544,184) (S 473,184,545) (S 1062,545,809) (S 965,809,808) (S 964,808,185) (S 139,185,112) (S 140,112,186) (S 141,186,187) (S 142,187,123) (S 143,123,32) (S 22,32,33) (S 23,33,34) (S 742,34,120) (S 88,118,115) (D 0,0,0)
 0 1 49 8963 39716  12 (D 0,0,0) (S 1061,110,809) (S 1063,545,109) (S 1065,45,812) (S 1066,812,76) (S 56,76,77) (S 969,812,182) (S 968,182,806) (S 888,767,49) (S 848,103,753) (S 849,753,541) (D 0,0,0)
 0 1 50 8955 20859  9 (D 0,0,0) (S 534,194,585) (S 537,586,587) (S 876,587,300) (S 234,300,301) (S 1013,301,827) (S 1012,301,557) (S 1011,557,205) (D 0,0,0)
 0 1 51 8912 21495  15 (D 0,0,0) (S 238,151,306) (S 195,258,259) (S 496,258,561) (S 497,561,214) (S 165,214,215) (S 489,215,557) (S 490,557,306) (S 491,306,558) (S 492,558,209) (S 1019,558,826) (S 1010,826,208) (S 159,207,206) (S 535,206,585) (D 0,0,0)
 0 1 52 8972 23143  9 (D 0,0,0) (S 289,257,366) (S 291,226,367) (S 558,367,269) (S 559,269,292) (S 224,292,293) (S 225,293,294) (S 495,294,258) (D 0,0,0)
 0 1 53 8999 36345  21 (D 0,0,0) (S 640,548,566) (S 641,566,644) (S 504,566,225) (S 842,748,129) (S 841,129,244) (S 184,244,243) (S 995,243,796) (S 994,820,796) (S 948,796,795) (S 120,162,163) (S 956,795,802) (S 1044,802,252) (S 1043,802,726) (S 1042,836,726) (S 793,726,421) (S 340,421,420) (S 339,243,161) (S 119,161,128) (S 98,128,129) (D 0,0,0)
 0 1 54 8999 30727  24 (D 0,0,0) (S 505,547,566) (S 951,596,173) (S 126,173,158) (S 787,540,470) (S 244,314,159) (S 245,159,315) (S 843,315,748) (S 96,127,126) (S 791,126,725) (S 857,756,420) (S 792,421,725) (S 854,725,751) (S 846,751,752) (S 845,750,751) (S 853,725,756) (S 856,756,127) (S 790,126,724) (S 860,757,160) (S 117,160,159) (S 116,159,158) (S 127,173,174) (S 293,174,293) (D 0,0,0)
 0 1 55 8969 31258  10 (D 0,0,0) (S 292,367,293) (S 128,174,175) (S 129,175,176) (S 963,175,807) (S 962,175,348) (S 272,348,292) (S 205,269,227) (S 290,226,366) (D 0,0,0)
 0 1 56 8993 33077  23 (D 0,0,0) (S 557,367,565) (S 556,565,596) (S 555,596,538) (S 230,296,297) (S 231,297,298) (S 378,463,462) (S 502,462,219) (S 162,210,211) (S 500,486,275) (S 220,278,289) (S 219,288,278) (S 212,278,277) (S 211,277,276) (S 229,276,135) (S 103,135,134) (S 772,712,713) (S 169,220,221) (S 889,221,381) (S 731,697,381) (S 308,381,382) (S 516,576,286) (D 0,0,0)
 0 1 57 8994 25690  18 (D 0,0,0) (S 1068,609,578) (S 520,578,567) (S 507,567,568) (S 517,364,286) (S 218,286,287) (S 481,287,383) (S 480,553,383) (S 309,383,382) (S 515,382,576) (S 703,576,287) (S 579,287,29) (S 20,29,30) (S 21,30,31) (S 310,30,384) (S 580,29,608) (S 582,609,561) (D 0,0,0)
 0 1 58 8992 26026  8 (D 0,0,0) (S 194,257,256) (S 204,256,227) (S 176,227,228) (S 175,227,226) (S 174,226,225) (S 519,567,577) (D 0,0,0)
 0 1 59 8995 41213  20 (D 0,0,0) (S 548,595,38) (S 547,38,135) (S 1079,844,842) (S 1073,842,680) (S 699,680,679) (S 233,229,254) (S 193,254,255) (S 479,552,299) (S 232,299,229) (S 208,230,273) (S 207,272,230) (S 191,251,231) (S 192,252,253) (S 1045,252,679) (S 102,133,134) (S 892,134,38) (S 890,712,221) (S 170,221,222) (D 0,0,0)
 0 1 60 8975 33601  22 (D 0,0,0) (S 732,681,381) (S 891,712,38) (S 1080,135,844) (S 1078,844,615) (S 591,597,615) (S 1072,615,842) (S 700,680,133) (S 101,133,132) (S 178,234,233) (S 177,232,233) (S 478,233,549) (S 476,549,550) (S 477,551,549) (S 100,132,131) (S 99,131,130) (S 185,244,130) (S 186,130,245) (S 187,245,246) (S 398,246,274) (S 210,275,276) (D 0,0,0)
 0 1 61 8963 29367  20 (D 0,0,0) (S 190,249,248) (S 462,537,224) (S 463,224,538) (S 554,538,297) (S 553,297,463) (S 552,463,217) (S 166,217,216) (S 206,216,271) (S 551,217,277) (S 508,570,564) (S 499,564,275) (S 209,275,274) (S 399,274,486) (S 400,486,487) (S 228,218,296) (S 227,296,295) (S 226,295,294) (S 494,560,294) (D 0,0,0)
 0 1 62 8998 28966  28 (D 0,0,0) (S 506,249,547) (S 173,225,224) (S 638,537,247) (S 637,247,223) (S 636,643,223) (S 172,223,224) (S 503,539,462) (S 377,462,213) (S 384,213,470) (S 788,470,314) (S 789,314,724) (S 861,724,757) (S 855,757,127) (S 97,127,128) (S 118,128,160) (S 859,160,748) (S 858,748,245) (S 188,246,213) (S 164,213,212) (S 163,212,211) (S 501,211,219) (S 168,219,218) (S 167,218,217) (S 550,277,570) (S 549,570,595) (S 701,595,222) (D 0,0,0)
 0 1 63 8947 23511  20 (D 0,0,0) (S 581,609,608) (S 1055,608,577) (S 518,577,364) (S 460,364,536) (S 734,536,285) (S 217,284,285) (S 733,285,681) (S 702,681,222) (S 171,222,223) (S 189,247,248) (S 461,248,537) (S 639,537,548) (S 475,548,547) (S 474,546,547) (S 521,578,366) (S 288,257,365) (S 87,117,116) (S 877,116,300) (D 0,0,0)
