1591969
64
3600802
3541344
 0 1 1 8262 15479  14 (D 0,0,0) (S 990,3,732) (S 797,732,731) (S 830,731,28) (S 19,28,27) (S 917,26,783) (S 18,26,27) (S 872,27,686) (S 710,686,663) (S 543,532,80) (S 58,80,81) (S 998,81,695) (S 729,695,2) (D 0,0,0)
 0 1 2 8918 21096  15 (D 0,0,0) (S 730,695,696) (S 1011,205,557) (S 582,561,609) (S 581,609,608) (S 580,608,29) (S 20,29,30) (S 310,30,384) (S 21,30,31) (S 497,561,214) (S 165,214,215) (S 489,215,557) (S 157,204,205) (S 999,205,695) (D 0,0,0)
 0 1 3 8766 13687  31 (D 0,0,0) (S 728,0,2) (S 483,81,190) (S 484,190,555) (S 424,509,510) (S 485,509,555) (S 658,555,8) (S 6,8,7) (S 688,675,7) (S 5,7,6) (S 677,6,671) (S 678,671,267) (S 679,267,179) (S 418,177,506) (S 417,506,14) (S 974,14,525) (S 1027,526,761) (S 868,761,535) (S 457,535,445) (S 360,445,318) (S 247,318,317) (S 1041,317,835) (S 1040,317,832) (S 1025,832,718) (S 972,718,762) (S 973,762,525) (S 443,525,524) (S 682,524,16) (S 11,16,17) (S 684,17,674) (D 0,0,0)
 0 1 4 8558 13962  33 (D 0,0,0) (S 693,653,674) (S 685,674,180) (S 686,180,268) (S 687,268,675) (S 832,675,671) (S 833,671,508) (S 834,508,343) (S 835,343,260) (S 987,670,745) (S 986,745,85) (S 28,42,41) (S 984,715,512) (S 429,512,375) (S 302,375,86) (S 301,86,263) (S 198,263,264) (S 199,264,265) (S 267,265,343) (S 266,343,342) (S 265,341,342) (S 676,342,261) (S 197,261,262) (S 755,654,509) (S 423,509,5) (S 4,5,6) (S 422,5,508) (S 421,508,266) (S 420,266,507) (S 419,507,177) (S 131,178,179) (S 132,179,180) (D 0,0,0)
 0 1 5 8962 16443  25 (D 0,0,0) (S 680,672,179) (S 130,178,177) (S 781,507,344) (S 780,344,380) (S 307,380,264) (S 61,85,42) (S 29,42,43) (S 838,43,657) (S 1067,43,822) (S 996,821,822) (S 997,822,823) (S 1018,823,831) (S 837,43,745) (S 836,745,260) (S 196,260,261) (S 675,261,670) (S 988,670,656) (S 989,656,818) (S 776,716,655) (S 662,655,262) (S 147,82,190) (S 148,190,191) (S 991,191,3) (D 0,0,0)
 0 1 6 8613 17003  13 (D 0,0,0) (S 542,532,585) (S 541,585,590) (S 613,590,207) (S 160,207,208) (S 161,208,209) (S 491,558,306) (S 490,306,557) (S 1012,557,301) (S 1013,301,827) (S 234,301,300) (S 158,151,205) (D 0,0,0)
 0 1 7 8998 16699  10 (D 0,0,0) (S 454,532,150) (S 111,150,151) (S 238,151,306) (S 876,300,587) (S 537,586,587) (S 538,559,588) (S 540,589,590) (S 150,194,193) (D 0,0,0)
 0 1 8 8127 16617  19 (D 0,0,0) (S 2,2,3) (S 3,3,4) (S 840,747,727) (S 794,727,728) (S 600,620,621) (S 799,621,734) (S 982,734,733) (S 798,733,621) (S 601,621,459) (S 372,458,459) (S 602,459,353) (S 603,353,584) (S 532,504,584) (S 533,584,194) (S 287,193,354) (S 278,354,355) (S 374,355,192) (D 0,0,0)
 0 1 9 8115 15978  15 (D 0,0,0) (S 534,194,585) (S 535,585,206) (S 159,206,207) (S 1010,208,826) (S 1019,826,558) (S 492,558,209) (S 493,209,559) (S 539,588,589) (S 614,590,195) (S 615,195,622) (S 604,622,584) (S 373,459,355) (S 149,192,191) (D 0,0,0)
 0 1 10 8912 23096  16 (D 0,0,0) (S 616,622,505) (S 617,505,632) (S 1048,632,829) (S 1047,838,829) (S 1016,829,71) (S 52,70,71) (S 53,71,72) (S 1015,71,407) (S 1014,828,407) (S 329,407,408) (S 328,407,406) (S 618,405,69) (S 1049,632,583) (S 807,66,738) (D 0,0,0)
 0 1 11 8924 12781  19 (D 0,0,0) (S 45,63,64) (S 925,64,520) (S 439,520,351) (S 438,351,416) (S 437,416,519) (S 811,519,740) (S 902,740,735) (S 903,735,776) (S 941,776,581) (S 527,581,582) (S 528,582,404) (S 529,404,68) (S 530,68,583) (S 1050,583,737) (S 806,737,738) (S 1051,738,816) (S 981,816,733) (D 0,0,0)
 0 1 12 8773 18072  19 (D 0,0,0) (S 1053,63,787) (S 1052,787,816) (S 980,816,65) (S 979,65,451) (S 808,450,171) (S 125,171,172) (S 124,171,170) (S 804,170,67) (S 805,67,737) (S 531,583,504) (S 416,504,505) (S 689,505,623) (S 1017,624,830) (S 606,624,625) (S 605,624,623) (S 690,623,196) (S 151,196,195) (D 0,0,0)
 0 1 13 8991 17757  28 (D 0,0,0) (S 435,518,517) (S 570,517,602) (S 571,602,604) (S 642,645,604) (S 608,605,628) (S 643,604,603) (S 569,603,602) (S 434,517,516) (S 526,516,332) (S 525,332,580) (S 524,438,580) (S 932,580,331) (S 767,329,518) (S 800,518,735) (S 801,735,736) (S 802,736,449) (S 363,449,312) (S 242,312,310) (S 241,310,311) (S 243,310,313) (S 809,739,450) (S 365,450,419) (S 366,419,451) (S 978,451,352) (S 277,352,351) (S 441,521,522) (D 0,0,0)
 0 1 14 8799 20636  17 (D 0,0,0) (S 440,521,520) (S 336,416,327) (S 335,327,415) (S 352,415,434) (S 576,453,571) (S 511,573,359) (S 512,359,574) (S 376,461,460) (S 567,460,574) (S 566,574,601) (S 262,337,338) (S 919,601,446) (S 361,446,447) (S 1024,432,832) (S 778,718,719) (D 0,0,0)
 0 1 15 8975 18938  25 (D 0,0,0) (S 337,416,417) (S 338,417,418) (S 364,450,449) (S 803,449,170) (S 324,170,403) (S 325,403,404) (S 326,404,405) (S 620,633,627) (S 609,627,629) (S 610,629,630) (S 622,634,515) (S 623,515,422) (S 341,422,423) (S 433,515,516) (S 259,332,331) (S 258,331,330) (S 831,330,437) (S 922,437,784) (S 923,784,786) (S 920,649,784) (S 354,437,436) (S 813,435,328) (S 256,328,327) (D 0,0,0)
 0 1 16 8947 21076  24 (D 0,0,0) (S 812,328,519) (S 436,519,518) (S 624,422,439) (S 863,758,759) (S 862,758,635) (S 625,635,439) (S 356,439,438) (S 523,438,579) (S 749,579,701) (S 934,701,56) (S 935,56,791) (S 40,56,57) (S 940,55,794) (S 993,794,819) (S 39,55,54) (S 38,54,53) (S 37,53,52) (S 578,52,607) (S 754,607,705) (S 975,705,434) (S 351,434,349) (S 409,350,495) (D 0,0,0)
 0 1 17 8666 17297  19 (D 0,0,0) (S 408,495,494) (S 250,320,321) (S 279,321,356) (S 251,321,322) (S 822,360,691) (S 721,691,690) (S 821,690,97) (S 71,97,96) (S 574,96,472) (S 385,472,471) (S 723,471,334) (S 261,334,335) (S 1020,335,357) (S 1021,357,814) (S 1022,494,443) (S 1039,832,719) (S 1038,708,522) (D 0,0,0)
 0 1 18 8833 16216  23 (D 0,0,0) (S 692,677,653) (S 697,506,346) (S 270,346,345) (S 306,379,368) (S 536,369,513) (S 430,513,375) (S 303,375,370) (S 674,370,669) (S 297,371,372) (S 299,40,373) (S 300,373,374) (S 667,373,658) (S 666,373,84) (S 60,83,84) (S 665,84,657) (S 839,657,746) (S 664,657,656) (S 663,656,655) (S 661,262,654) (S 756,654,82) (S 59,82,81) (D 0,0,0)
 0 1 19 8927 13650  32 (D 0,0,0) (S 691,676,677) (S 681,672,16) (S 10,15,14) (S 444,525,526) (S 445,526,527) (S 459,527,368) (S 294,368,369) (S 295,369,370) (S 296,370,371) (S 774,371,715) (S 983,817,715) (S 775,715,372) (S 298,372,40) (S 977,39,815) (S 592,616,39) (S 26,39,40) (S 27,40,41) (S 428,41,512) (S 985,512,85) (S 62,85,86) (S 779,86,380) (S 431,379,345) (S 269,345,344) (S 268,344,265) (S 200,265,266) (S 201,266,267) (S 202,267,268) (S 203,268,63) (S 659,63,653) (S 727,677,0) (D 0,0,0)
 0 1 20 8175 12067  18 (D 0,0,0) (S 660,653,522) (S 768,708,433) (S 350,433,432) (S 1023,432,443) (S 359,443,444) (S 586,443,319) (S 249,319,320) (S 407,320,494) (S 976,814,788) (S 929,788,789) (S 928,788,495) (S 927,495,325) (S 253,325,324) (S 611,631,324) (S 612,324,521) (S 704,521,677) (D 0,0,0)
 0 1 21 8856 29717  20 (D 0,0,0) (S 318,395,396) (S 413,500,499) (S 653,499,388) (S 652,388,652) (S 651,652,414) (S 650,651,414) (S 333,414,401) (S 334,401,410) (S 331,410,411) (S 330,410,400) (S 322,400,401) (S 323,401,402) (S 321,399,378) (S 411,398,498) (S 905,498,393) (S 316,393,394) (S 317,394,395) (S 655,395,290) (D 0,0,0)
 0 1 22 9000 29129  17 (D 0,0,0) (S 114,155,156) (S 1069,614,529) (S 451,397,89) (S 452,89,530) (S 313,390,389) (S 427,389,500) (S 426,500,396) (S 425,511,396) (S 319,396,397) (S 450,397,529) (S 449,529,155) (S 572,155,363) (S 286,363,242) (S 221,154,290) (S 777,717,427) (D 0,0,0)
 0 1 23 8974 26986  14 (D 0,0,0) (S 367,452,427) (S 104,136,137) (S 656,137,290) (S 113,154,155) (S 448,155,291) (S 223,291,242) (S 183,242,241) (S 446,241,528) (S 698,528,678) (S 447,241,291) (S 222,291,154) (S 657,137,427) (D 0,0,0)
 0 1 24 8910 30269  17 (D 0,0,0) (S 343,426,425) (S 913,781,237) (S 914,237,782) (S 880,236,152) (S 112,152,153) (S 881,152,140) (S 106,140,141) (S 882,140,391) (S 883,391,385) (S 884,385,376) (S 346,386,428) (S 345,428,392) (S 314,391,392) (S 315,392,393) (S 904,777,393) (D 0,0,0)
 0 1 25 8994 27340  19 (D 0,0,0) (S 918,446,452) (S 344,427,426) (S 916,426,779) (S 909,779,778) (S 915,778,781) (S 912,781,425) (S 342,425,424) (S 878,424,722) (S 784,721,722) (S 879,424,236) (S 179,236,237) (S 180,237,238) (S 908,238,778) (S 181,238,239) (S 182,239,240) (S 911,239,780) (S 910,239,779) (D 0,0,0)
 0 1 26 8981 21149  17 (D 0,0,0) (S 513,574,497) (S 514,497,575) (S 646,575,101) (S 75,101,100) (S 74,100,99) (S 73,99,98) (S 285,98,362) (S 565,362,600) (S 593,600,502) (S 414,502,501) (S 645,501,101) (S 76,101,102) (S 647,575,646) (S 648,646,647) (S 906,647,612) (D 0,0,0)
 0 1 27 8812 15321  18 (D 0,0,0) (S 901,417,740) (S 810,740,739) (S 827,736,313) (S 826,313,582) (S 825,582,633) (S 824,744,633) (S 619,633,405) (S 327,405,406) (S 930,406,70) (S 51,70,69) (S 50,69,68) (S 49,68,67) (S 48,67,66) (S 47,66,65) (S 46,65,64) (S 924,64,787) (D 0,0,0)
 0 1 28 8988 26306  22 (D 0,0,0) (S 926,520,325) (S 575,571,472) (S 70,96,95) (S 759,707,201) (S 156,201,202) (S 819,202,145) (S 107,144,145) (S 820,145,742) (S 109,147,148) (S 110,148,149) (S 108,147,146) (S 757,706,146) (S 758,146,201) (S 155,201,200) (S 632,200,638) (S 631,638,637) (S 844,637,749) (S 68,93,94) (S 761,94,592) (S 764,54,703) (D 0,0,0)
 0 1 29 8936 23565  15 (D 0,0,0) (S 752,704,703) (S 751,703,702) (S 931,702,166) (S 122,166,165) (S 121,164,165) (S 743,165,700) (S 395,481,59) (S 43,59,60) (S 394,59,480) (S 895,480,770) (S 393,480,479) (S 897,479,772) (S 260,333,332) (D 0,0,0)
 0 1 30 8857 19898  21 (D 0,0,0) (S 276,351,326) (S 275,326,350) (S 274,350,349) (S 273,349,169) (S 123,168,169) (S 563,169,62) (S 44,61,62) (S 562,62,167) (S 753,607,704) (S 815,704,53) (S 816,53,454) (S 368,454,453) (S 509,571,572) (S 773,572,714) (S 510,572,573) (S 770,573,554) (S 769,709,139) (S 105,138,139) (S 482,554,358) (D 0,0,0)
 0 1 31 8761 16076  18 (D 0,0,0) (S 255,326,327) (S 257,328,329) (S 766,329,436) (S 765,436,703) (S 750,702,701) (S 748,579,636) (S 747,636,700) (S 746,700,481) (S 745,481,333) (S 744,333,514) (S 432,514,515) (S 621,634,627) (S 607,627,626) (S 942,626,581) (S 828,736,739) (S 829,739,418) (D 0,0,0)
 0 1 32 8945 19899  21 (D 0,0,0) (S 254,325,326) (S 353,415,435) (S 814,435,704) (S 992,794,51) (S 36,51,52) (S 577,52,453) (S 369,454,455) (S 370,455,456) (S 371,456,457) (S 628,456,58) (S 41,58,57) (S 522,57,579) (S 933,701,790) (S 939,790,660) (S 668,659,660) (S 938,660,793) (S 936,792,793) (S 937,793,785) (S 921,785,784) (D 0,0,0)
 0 1 33 8988 21527  19 (D 0,0,0) (S 280,357,322) (S 252,322,323) (S 281,358,359) (S 282,359,360) (S 283,360,361) (S 284,361,98) (S 72,98,97) (S 573,96,606) (S 865,606,741) (S 866,741,707) (S 760,707,94) (S 69,94,95) (S 817,95,591) (S 544,591,592) (S 545,592,593) (S 762,592,455) (S 763,455,54) (D 0,0,0)
 0 1 34 8943 24505  21 (D 0,0,0) (S 629,456,562) (S 498,562,563) (S 630,562,93) (S 67,93,92) (S 66,92,91) (S 65,90,91) (S 782,91,282) (S 783,282,720) (S 216,282,283) (S 215,282,281) (S 823,281,477) (S 390,477,92) (S 391,92,478) (S 896,478,771) (S 392,478,479) (S 42,59,58) (S 627,58,636) (S 626,636,635) (S 355,438,437) (D 0,0,0)
 0 1 35 8311 14342  27 (D 0,0,0) (S 683,17,523) (S 442,523,522) (S 871,708,673) (S 870,673,762) (S 869,762,761) (S 1028,761,316) (S 246,316,317) (S 248,318,319) (S 585,319,534) (S 362,448,447) (S 705,447,646) (S 649,647,648) (S 900,647,611) (S 583,611,612) (S 907,612,774) (S 898,773,774) (S 899,774,611) (S 584,612,448) (S 456,534,445) (S 458,535,527) (S 1026,526,347) (S 271,347,346) (S 696,506,431) (S 695,431,672) (S 694,672,674) (D 0,0,0)
 0 1 36 8946 29350  19 (D 0,0,0) (S 722,471,691) (S 564,599,362) (S 415,502,503) (S 1057,825,441) (S 357,441,440) (S 546,594,440) (S 1056,840,441) (S 358,441,442) (S 673,442,668) (S 672,442,667) (S 406,493,490) (S 405,490,492) (S 404,491,492) (S 596,492,483) (S 594,22,502) (S 568,99,460) (S 375,460,361) (D 0,0,0)
 0 1 37 8992 32897  14 (D 0,0,0) (S 720,690,599) (S 716,503,20) (S 397,485,484) (S 402,484,490) (S 771,710,711) (S 599,618,619) (S 598,618,617) (S 796,617,730) (S 597,617,492) (S 396,483,484) (S 403,484,21) (S 14,21,20) (D 0,0,0)
 0 1 38 8987 35314  16 (D 0,0,0) (S 13,20,19) (S 893,768,19) (S 264,18,340) (S 263,339,340) (S 488,340,473) (S 386,474,475) (S 1054,474,839) (S 487,473,469) (S 486,556,469) (S 382,469,468) (S 724,692,466) (S 379,465,464) (S 1009,667,688) (S 714,688,485) (D 0,0,0)
 0 1 39 8998 34596  19 (D 0,0,0) (S 1008,667,825) (S 1007,825,440) (S 1006,440,665) (S 671,665,666) (S 670,665,465) (S 380,465,466) (S 381,466,467) (S 708,467,684) (S 707,467,683) (S 706,682,683) (S 1004,683,641) (S 634,640,641) (S 635,641,468) (S 725,466,693) (S 726,693,694) (S 1005,693,662) (S 669,661,662) (D 0,0,0)
 0 1 40 8997 38414  15 (D 0,0,0) (S 718,689,203) (S 894,19,769) (S 12,19,18) (S 383,469,304) (S 237,304,305) (S 236,304,303) (S 1001,303,308) (S 1000,824,308) (S 240,308,309) (S 239,307,308) (S 235,302,303) (S 1002,303,556) (S 1003,556,641) (D 0,0,0)
 0 1 41 8990 31560  20 (D 0,0,0) (S 719,599,689) (S 864,689,606) (S 818,741,202) (S 154,200,199) (S 153,199,198) (S 152,197,198) (S 785,198,280) (S 786,280,723) (S 213,279,280) (S 214,280,281) (S 389,477,199) (S 57,78,79) (S 709,476,143) (S 387,142,476) (S 388,476,79) (S 1046,837,639) (S 633,639,200) (S 867,638,707) (D 0,0,0)
 0 1 42 8987 29629  15 (D 0,0,0) (S 644,501,24) (S 17,24,25) (S 16,24,23) (S 795,23,729) (S 15,23,22) (S 595,22,483) (S 401,490,489) (S 410,489,496) (S 711,687,496) (S 712,496,493) (S 713,493,688) (S 715,485,20) (S 717,503,203) (D 0,0,0)
 0 1 43 8937 25734  22 (D 0,0,0) (S 1055,608,577) (S 518,577,364) (S 460,364,536) (S 734,536,285) (S 217,284,285) (S 733,285,681) (S 702,681,222) (S 171,222,223) (S 636,643,223) (S 637,223,247) (S 638,247,537) (S 461,537,248) (S 189,248,247) (S 172,223,224) (S 173,224,225) (S 504,225,566) (S 641,566,644) (S 507,567,568) (S 520,567,578) (S 521,578,366) (D 0,0,0)
 0 1 44 8966 29406  21 (D 0,0,0) (S 519,567,577) (S 517,364,286) (S 516,286,576) (S 515,576,382) (S 308,382,381) (S 731,697,381) (S 170,221,222) (S 548,595,38) (S 103,134,135) (S 229,135,276) (S 211,276,277) (S 166,217,216) (S 206,216,271) (S 552,217,463) (S 553,463,297) (S 231,297,298) (S 554,297,538) (S 555,538,596) (S 557,565,367) (D 0,0,0)
 0 1 45 8995 24663  11 (D 0,0,0) (S 224,293,292) (S 559,292,269) (S 558,269,367) (S 291,367,226) (S 289,366,257) (S 288,257,365) (S 87,117,116) (S 877,116,300) (S 455,150,533) (D 0,0,0)
 0 1 46 8743 28334  28 (D 0,0,0) (S 226,294,295) (S 227,295,296) (S 228,296,218) (S 167,218,217) (S 551,217,277) (S 219,288,278) (S 220,278,289) (S 212,278,277) (S 550,570,277) (S 210,276,275) (S 500,275,486) (S 400,486,487) (S 399,486,274) (S 188,246,213) (S 164,213,212) (S 163,212,211) (S 162,210,211) (S 501,211,219) (S 168,218,219) (S 502,219,462) (S 378,462,463) (S 230,297,296) (S 463,538,224) (S 462,224,537) (S 475,548,547) (S 1068,578,609) (D 0,0,0)
 0 1 47 8968 32826  11 (D 0,0,0) (S 205,227,269) (S 272,292,348) (S 962,348,175) (S 129,175,176) (S 963,175,807) (S 128,175,174) (S 127,174,173) (S 556,596,565) (S 506,547,249) (D 0,0,0)
 0 1 48 8995 29460  10 (D 0,0,0) (S 474,546,547) (S 505,547,566) (S 174,225,226) (S 292,367,293) (S 225,293,294) (S 494,560,294) (S 495,294,258) (S 195,258,259) (D 0,0,0)
 0 1 49 8892 30010  19 (D 0,0,0) (S 579,29,287) (S 218,286,287) (S 481,287,383) (S 480,553,383) (S 309,383,382) (S 890,221,712) (S 772,712,713) (S 547,38,135) (S 1080,135,844) (S 1078,844,615) (S 590,597,88) (S 63,87,88) (S 64,88,89) (S 589,88,614) (S 588,614,156) (S 115,156,157) (S 587,156,363) (D 0,0,0)
 0 1 50 8951 32385  20 (D 0,0,0) (S 654,395,499) (S 412,499,398) (S 311,387,386) (S 347,386,377) (S 348,377,429) (S 332,412,413) (S 349,412,430) (S 944,429,399) (S 945,399,652) (S 946,652,390) (S 947,390,530) (S 453,530,531) (S 560,530,597) (S 561,597,598) (S 591,597,615) (S 1072,615,842) (S 1073,842,680) (S 700,680,133) (D 0,0,0)
 0 1 51 8989 32001  24 (D 0,0,0) (S 549,595,570) (S 508,570,564) (S 499,564,275) (S 209,275,274) (S 398,274,246) (S 187,246,245) (S 842,748,129) (S 841,129,244) (S 184,244,243) (S 995,243,796) (S 994,820,796) (S 948,796,795) (S 956,795,802) (S 1043,802,726) (S 1042,836,726) (S 793,726,421) (S 340,420,421) (S 792,421,725) (S 856,756,127) (S 97,127,128) (S 118,128,160) (S 117,160,159) (D 0,0,0)
 0 1 52 8947 31836  25 (D 0,0,0) (S 466,539,158) (S 467,158,540) (S 468,540,541) (S 850,541,754) (S 971,754,810) (S 966,810,811) (S 1091,811,755) (S 852,755,115) (S 88,115,118) (S 952,118,799) (S 953,799,798) (S 949,798,797) (S 959,797,805) (S 1077,805,800) (S 954,800,187) (S 142,187,123) (S 955,187,801) (S 1035,801,124) (S 94,124,123) (S 92,122,121) (S 1030,121,799) (S 1029,799,804) (S 958,804,797) (D 0,0,0)
 0 1 53 8973 40544  13 (D 0,0,0) (S 85,114,113) (S 1061,110,809) (S 1065,45,812) (S 56,76,77) (S 1066,76,812) (S 969,812,182) (S 134,75,182) (S 968,182,806) (S 887,767,73) (S 943,766,429) (S 320,398,394) (D 0,0,0)
 0 1 54 663 1326  3 (D 0,0,0) (S 1,0,1) (D 0,0,0)
 0 1 55 8892 42900  18 (D 0,0,0) (S 185,130,244) (S 339,243,161) (S 120,162,163) (S 1044,802,252) (S 191,251,231) (S 193,254,255) (S 233,254,229) (S 232,229,299) (S 479,552,299) (S 208,230,273) (S 207,272,230) (S 192,252,253) (S 1045,252,679) (S 699,679,680) (S 1079,842,844) (S 701,595,222) (D 0,0,0)
 0 1 56 8983 32595  26 (D 0,0,0) (S 703,287,576) (S 732,681,381) (S 889,381,221) (S 169,220,221) (S 891,712,38) (S 892,38,134) (S 102,134,133) (S 101,133,132) (S 477,551,549) (S 476,549,550) (S 478,549,233) (S 177,232,233) (S 178,233,234) (S 100,132,131) (S 99,131,130) (S 186,130,245) (S 858,245,748) (S 859,748,160) (S 860,160,757) (S 96,126,127) (S 855,127,757) (S 861,757,724) (S 244,314,159) (S 116,159,158) (D 0,0,0)
 0 1 57 8900 29502  24 (D 0,0,0) (S 951,596,173) (S 126,173,158) (S 787,540,470) (S 789,314,724) (S 790,724,126) (S 791,126,725) (S 846,751,752) (S 845,750,751) (S 854,751,725) (S 853,725,756) (S 857,756,420) (S 119,161,128) (S 98,128,129) (S 843,748,315) (S 245,315,159) (S 788,314,470) (S 384,470,213) (S 377,213,462) (S 503,462,539) (S 465,539,295) (S 464,295,538) (S 190,248,249) (D 0,0,0)
 0 1 58 8992 32965  19 (D 0,0,0) (S 639,548,537) (S 848,753,103) (S 77,103,104) (S 78,104,105) (S 1074,105,48) (S 34,48,49) (S 888,49,767) (S 967,767,806) (S 961,806,74) (S 133,181,75) (S 55,75,74) (S 54,74,73) (S 886,73,766) (S 885,766,376) (S 304,376,377) (S 305,377,378) (S 312,387,388) (D 0,0,0)
 0 1 59 8980 24401  8 (D 0,0,0) (S 496,561,258) (S 290,366,226) (S 175,226,227) (S 176,227,228) (S 204,227,256) (S 194,256,257) (D 0,0,0)
 0 1 60 8942 35792  18 (D 0,0,0) (S 640,566,548) (S 1071,542,841) (S 1070,841,104) (S 847,103,49) (S 35,49,50) (S 33,48,47) (S 1085,47,848) (S 32,47,46) (S 135,46,108) (S 82,108,109) (S 473,545,184) (S 137,184,183) (S 1086,849,183) (S 1089,847,843) (S 1090,841,753) (S 849,753,541) (D 0,0,0)
 0 1 61 8876 35355  22 (D 0,0,0) (S 851,755,754) (S 970,810,813) (S 1076,543,843) (S 1075,843,105) (S 79,105,106) (S 80,106,107) (S 1081,107,845) (S 1087,845,183) (S 136,183,108) (S 81,108,107) (S 1088,845,847) (S 1083,847,544) (S 1082,846,544) (S 472,544,184) (S 138,184,185) (S 1037,808,111) (S 83,111,110) (S 1060,110,125) (S 95,125,124) (S 141,187,186) (D 0,0,0)
 0 1 62 8991 35288  14 (D 0,0,0) (S 139,112,185) (S 964,185,808) (S 965,808,809) (S 1062,809,545) (S 1063,545,109) (S 1064,109,45) (S 30,44,45) (S 31,45,46) (S 1084,47,106) (S 471,544,543) (S 470,543,542) (S 469,542,541) (D 0,0,0)
 0 1 63 8968 34681  19 (D 0,0,0) (S 86,115,114) (S 960,805,186) (S 140,186,112) (S 84,112,111) (S 1036,111,801) (S 1034,124,765) (S 1033,765,834) (S 1032,833,834) (S 1058,834,764) (S 1059,764,125) (S 957,125,803) (S 873,763,764) (S 874,764,765) (S 875,765,32) (S 143,32,123) (S 93,123,122) (S 950,122,798) (D 0,0,0)
 0 1 64 8971 33626  25 (D 0,0,0) (S 89,118,119) (S 91,119,121) (S 1031,121,33) (S 735,120,35) (S 7,9,10) (S 8,10,11) (S 740,11,188) (S 144,12,32) (S 22,32,33) (S 23,33,34) (S 24,34,35) (S 25,35,36) (S 736,35,10) (S 737,10,189) (S 738,189,698) (S 146,189,188) (S 739,699,188) (S 145,188,12) (S 9,12,11) (S 741,11,34) (S 742,34,120) (S 90,120,119) (S 293,174,293) (D 0,0,0)
