1606341
64
3601087
3507836
 0 1 1 8881 25256  15 (D 0,0,0) (S 165,215,214) (S 474,546,547) (S 641,566,644) (S 640,566,548) (S 639,548,537) (S 461,537,248) (S 189,248,247) (S 636,643,223) (S 172,223,224) (S 463,224,538) (S 464,538,295) (S 226,295,294) (S 495,294,258) (D 0,0,0)
 0 1 2 7507 11649  17 (D 0,0,0) (S 727,0,677) (S 441,522,521) (S 612,521,324) (S 611,631,324) (S 253,324,325) (S 255,326,327) (S 335,327,415) (S 352,415,434) (S 351,434,349) (S 123,168,169) (S 273,169,349) (S 274,349,350) (S 275,350,326) (S 276,326,351) (S 439,351,520) (D 0,0,0)
 0 1 3 8461 12470  31 (D 0,0,0) (S 693,653,674) (S 685,674,180) (S 132,180,179) (S 131,179,178) (S 130,178,177) (S 418,177,506) (S 697,506,346) (S 270,346,345) (S 431,345,379) (S 306,379,368) (S 294,368,369) (S 536,369,513) (S 430,513,375) (S 303,375,370) (S 674,370,669) (S 296,370,371) (S 297,371,372) (S 298,372,40) (S 27,40,41) (S 428,41,512) (S 984,715,512) (S 429,512,375) (S 302,375,86) (S 779,86,380) (S 781,344,507) (S 420,507,266) (S 201,266,267) (S 202,267,268) (S 203,268,63) (D 0,0,0)
 0 1 4 8881 29919  21 (D 0,0,0) (S 759,707,201) (S 57,78,79) (S 709,476,143) (S 387,142,476) (S 388,476,79) (S 389,199,477) (S 823,477,281) (S 390,477,92) (S 391,92,478) (S 896,478,771) (S 392,478,479) (S 897,479,772) (S 393,479,480) (S 747,700,636) (S 748,636,579) (S 749,579,701) (S 40,56,57) (S 522,57,579) (S 750,701,702) (D 0,0,0)
 0 1 5 8927 25848  22 (D 0,0,0) (S 68,94,93) (S 67,93,92) (S 66,92,91) (S 65,90,91) (S 782,91,282) (S 783,282,720) (S 216,282,283) (S 215,282,281) (S 214,281,280) (S 213,279,280) (S 786,280,723) (S 785,280,198) (S 152,197,198) (S 153,198,199) (S 154,199,200) (S 1046,837,639) (S 633,639,200) (S 632,200,638) (S 867,638,707) (S 761,94,592) (D 0,0,0)
 0 1 6 8989 29107  8 (D 0,0,0) (S 291,226,367) (S 558,367,269) (S 205,227,269) (S 559,269,292) (S 224,292,293) (S 494,560,294) (D 0,0,0)
 0 1 7 8998 19412  19 (D 0,0,0) (S 360,318,445) (S 456,445,534) (S 362,448,447) (S 361,447,446) (S 919,446,601) (S 262,337,338) (S 566,601,574) (S 513,574,497) (S 514,497,575) (S 647,575,646) (S 648,646,647) (S 649,647,648) (S 900,647,611) (S 583,611,612) (S 907,612,774) (S 898,773,774) (S 899,774,611) (D 0,0,0)
 0 1 8 8672 17171  30 (D 0,0,0) (S 694,674,672) (S 419,177,507) (S 200,266,265) (S 198,264,263) (S 301,263,86) (S 62,86,85) (S 985,85,512) (S 28,41,42) (S 60,83,84) (S 666,84,373) (S 300,373,374) (S 667,373,658) (S 299,373,40) (S 26,40,39) (S 977,39,815) (S 592,616,39) (S 775,372,715) (S 983,817,715) (S 774,715,371) (S 295,370,369) (S 459,368,527) (S 1027,526,761) (S 869,761,762) (S 973,762,525) (S 443,525,524) (S 682,524,16) (S 11,16,17) (S 684,17,674) (D 0,0,0)
 0 1 9 8958 29629  15 (D 0,0,0) (S 712,493,496) (S 711,687,496) (S 410,496,489) (S 401,489,490) (S 405,490,492) (S 596,492,483) (S 595,483,22) (S 15,22,23) (S 795,23,729) (S 16,23,24) (S 17,24,25) (S 644,24,501) (S 646,101,575) (D 0,0,0)
 0 1 10 7563 13411  25 (D 0,0,0) (S 683,17,523) (S 442,523,522) (S 871,708,673) (S 870,673,762) (S 972,762,718) (S 778,718,719) (S 1039,719,832) (S 1040,832,317) (S 1041,317,835) (S 246,317,316) (S 1028,316,761) (S 868,761,535) (S 458,535,527) (S 1026,526,347) (S 271,347,346) (S 269,345,344) (S 833,508,671) (S 832,671,675) (S 6,7,8) (S 658,8,555) (S 485,555,509) (S 484,555,190) (S 483,190,81) (D 0,0,0)
 0 1 11 8802 19176  18 (D 0,0,0) (S 254,325,326) (S 764,703,54) (S 763,54,455) (S 762,455,592) (S 545,592,593) (S 544,592,591) (S 817,591,95) (S 70,95,96) (S 71,96,97) (S 574,96,472) (S 385,472,471) (S 722,691,471) (S 723,471,334) (S 261,334,335) (S 1020,335,357) (S 408,494,495) (D 0,0,0)
 0 1 12 8701 13257  14 (D 0,0,0) (S 149,191,192) (S 374,192,355) (S 278,355,354) (S 287,354,193) (S 151,195,196) (S 690,196,623) (S 689,623,505) (S 616,505,622) (S 615,622,195) (S 614,195,590) (S 542,585,532) (S 991,191,3) (D 0,0,0)
 0 1 13 8807 16396  20 (D 0,0,0) (S 1,0,1) (S 902,740,735) (S 903,735,776) (S 941,776,581) (S 434,516,517) (S 569,602,603) (S 643,603,604) (S 608,605,628) (S 642,645,604) (S 571,604,602) (S 570,602,517) (S 435,517,518) (S 436,518,519) (S 437,519,416) (S 438,416,351) (S 925,520,64) (S 45,64,63) (S 659,63,653) (D 0,0,0)
 0 1 14 8999 30703  19 (D 0,0,0) (S 104,136,137) (S 113,154,155) (S 449,155,529) (S 450,529,397) (S 319,397,396) (S 425,511,396) (S 427,500,389) (S 947,390,530) (S 453,530,531) (S 590,597,88) (S 64,88,89) (S 451,89,397) (S 1069,529,614) (S 588,614,156) (S 115,156,157) (S 448,155,291) (S 656,290,137) (D 0,0,0)
 0 1 15 8914 31860  20 (D 0,0,0) (S 654,395,499) (S 653,499,388) (S 312,387,388) (S 652,388,652) (S 651,652,414) (S 650,651,414) (S 333,414,401) (S 330,400,410) (S 331,410,411) (S 334,410,401) (S 323,401,402) (S 322,401,400) (S 945,399,652) (S 946,652,390) (S 313,390,389) (S 413,500,499) (S 412,499,398) (S 320,398,394) (D 0,0,0)
 0 1 16 8911 33547  15 (D 0,0,0) (S 720,690,599) (S 13,20,19) (S 894,19,769) (S 893,768,19) (S 12,19,18) (S 264,18,340) (S 263,339,340) (S 1054,474,839) (S 386,474,475) (S 488,473,340) (S 415,503,502) (S 283,361,360) (S 281,359,358) (D 0,0,0)
 0 1 17 8898 35143  17 (D 0,0,0) (S 138,185,184) (S 473,184,545) (S 82,109,108) (S 136,108,183) (S 1087,183,845) (S 1086,849,183) (S 137,183,184) (S 472,184,544) (S 1082,846,544) (S 1076,543,843) (S 1075,843,105) (S 78,105,104) (S 1070,104,841) (S 1090,841,753) (S 849,753,541) (D 0,0,0)
 0 1 18 8894 29954  16 (D 0,0,0) (S 247,317,318) (S 221,290,154) (S 222,154,291) (S 447,291,241) (S 698,528,678) (S 446,528,241) (S 183,241,242) (S 286,242,363) (S 572,363,155) (S 114,155,156) (S 63,87,88) (S 589,88,614) (S 587,156,363) (S 223,242,291) (D 0,0,0)
 0 1 19 8993 26146  23 (D 0,0,0) (S 581,609,608) (S 1055,608,577) (S 460,364,536) (S 734,536,285) (S 217,284,285) (S 733,285,681) (S 732,681,381) (S 731,697,381) (S 515,382,576) (S 703,576,287) (S 481,287,383) (S 480,553,383) (S 309,383,382) (S 308,382,381) (S 889,381,221) (S 169,220,221) (S 171,222,223) (S 637,223,247) (S 638,247,537) (S 190,248,249) (S 507,567,568) (D 0,0,0)
 0 1 20 8671 18708  12 (D 0,0,0) (S 534,194,585) (S 535,585,206) (S 159,206,207) (S 1010,208,826) (S 1019,826,558) (S 491,558,306) (S 876,300,587) (S 537,586,587) (S 539,588,589) (S 540,589,590) (D 0,0,0)
 0 1 21 8632 20454  16 (D 0,0,0) (S 975,434,705) (S 577,52,453) (S 576,453,571) (S 575,571,472) (S 573,96,606) (S 865,606,741) (S 864,606,689) (S 564,599,362) (S 285,362,98) (S 72,98,97) (S 821,97,690) (S 721,690,691) (S 822,691,360) (S 282,360,359) (D 0,0,0)
 0 1 22 8996 35059  25 (D 0,0,0) (S 88,115,118) (S 89,118,119) (S 742,120,34) (S 23,34,33) (S 144,32,12) (S 145,12,188) (S 740,188,11) (S 8,11,10) (S 736,35,10) (S 7,9,10) (S 737,10,189) (S 738,189,698) (S 146,189,188) (S 739,699,188) (S 9,12,11) (S 741,11,34) (S 24,34,35) (S 25,35,36) (S 735,35,120) (S 90,120,119) (S 91,119,121) (S 1030,121,799) (S 127,174,173) (D 0,0,0)
 0 1 23 8496 17591  15 (D 0,0,0) (S 338,417,418) (S 829,418,739) (S 828,739,736) (S 801,736,735) (S 800,735,518) (S 767,518,329) (S 932,331,580) (S 524,438,580) (S 525,580,332) (S 260,332,333) (S 745,333,481) (S 744,333,514) (S 432,514,515) (D 0,0,0)
 0 1 24 8677 15610  11 (D 0,0,0) (S 157,204,205) (S 1011,205,557) (S 1012,557,301) (S 1013,301,827) (S 234,301,300) (S 490,557,306) (S 238,306,151) (S 111,151,150) (S 2,3,2) (D 0,0,0)
 0 1 25 8995 21797  25 (D 0,0,0) (S 1023,432,443) (S 586,443,319) (S 918,446,452) (S 367,452,427) (S 777,717,427) (S 343,426,425) (S 912,425,781) (S 913,781,237) (S 914,237,782) (S 915,781,778) (S 908,778,238) (S 181,238,239) (S 911,239,780) (S 916,779,426) (S 705,447,646) (S 906,647,612) (S 584,612,448) (S 457,445,535) (S 445,527,526) (S 444,526,525) (S 417,14,506) (S 696,506,431) (S 695,431,672) (D 0,0,0)
 0 1 26 8884 22320  29 (D 0,0,0) (S 681,672,16) (S 10,15,14) (S 974,14,525) (S 1025,718,832) (S 248,318,319) (S 249,319,320) (S 482,358,554) (S 769,709,139) (S 105,138,139) (S 770,554,573) (S 510,573,572) (S 773,572,714) (S 509,572,571) (S 368,453,454) (S 369,454,455) (S 935,56,791) (S 934,56,701) (S 933,701,790) (S 939,790,660) (S 668,659,660) (S 938,660,793) (S 936,792,793) (S 937,793,785) (S 921,785,784) (S 923,784,786) (S 920,649,784) (S 922,784,437) (D 0,0,0)
 0 1 27 8953 39594  13 (D 0,0,0) (S 1057,825,441) (S 706,682,683) (S 1003,641,556) (S 1002,556,303) (S 239,307,308) (S 240,308,309) (S 1000,824,308) (S 1001,308,303) (S 235,302,303) (S 486,556,469) (S 487,469,473) (D 0,0,0)
 0 1 28 8925 33838  13 (D 0,0,0) (S 719,599,689) (S 718,689,203) (S 397,485,484) (S 771,710,711) (S 599,618,619) (S 598,618,617) (S 796,617,730) (S 597,617,492) (S 404,491,492) (S 594,22,502) (S 565,600,362) (D 0,0,0)
 0 1 29 8988 36273  18 (D 0,0,0) (S 470,542,543) (S 471,543,544) (S 1083,544,847) (S 1088,847,845) (S 1081,845,107) (S 81,107,108) (S 31,46,45) (S 30,44,45) (S 1064,45,109) (S 1063,109,545) (S 1061,809,110) (S 1036,111,801) (S 955,801,187) (S 954,187,800) (S 1077,800,805) (S 85,113,114) (D 0,0,0)
 0 1 30 8678 14865  25 (D 0,0,0) (S 678,267,671) (S 677,671,6) (S 4,6,5) (S 423,5,509) (S 424,509,510) (S 755,509,654) (S 197,262,261) (S 675,261,670) (S 988,670,656) (S 989,656,818) (S 664,656,657) (S 665,657,84) (S 839,657,746) (S 838,657,43) (S 837,43,745) (S 987,745,670) (S 663,656,655) (S 776,716,655) (S 662,655,262) (S 661,262,654) (S 756,654,82) (S 59,82,81) (S 998,81,695) (D 0,0,0)
 0 1 31 8926 29310  22 (D 0,0,0) (S 87,116,117) (S 289,257,366) (S 521,366,578) (S 520,578,567) (S 227,295,296) (S 230,296,297) (S 231,297,298) (S 552,463,217) (S 166,217,216) (S 206,216,271) (S 551,217,277) (S 550,277,570) (S 508,570,564) (S 499,564,275) (S 210,275,276) (S 229,276,135) (S 547,135,38) (S 891,38,712) (S 890,712,221) (S 170,221,222) (D 0,0,0)
 0 1 32 8973 34534  20 (D 0,0,0) (S 86,115,114) (S 959,805,797) (S 949,797,798) (S 93,122,123) (S 143,123,32) (S 1059,764,125) (S 957,125,803) (S 1060,125,110) (S 83,110,111) (S 1037,111,808) (S 964,808,185) (S 139,185,112) (S 140,112,186) (S 970,813,810) (S 971,810,754) (S 966,810,811) (S 1091,811,755) (S 852,755,115) (D 0,0,0)
 0 1 33 8983 30621  10 (D 0,0,0) (S 225,294,293) (S 293,293,174) (S 128,174,175) (S 129,175,176) (S 963,175,807) (S 962,175,348) (S 272,348,292) (S 290,226,366) (D 0,0,0)
 0 1 34 8998 33934  22 (D 0,0,0) (S 553,297,463) (S 167,217,218) (S 500,486,275) (S 186,245,130) (S 185,130,244) (S 184,244,243) (S 339,243,161) (S 340,420,421) (S 793,421,726) (S 1042,836,726) (S 1043,726,802) (S 956,802,795) (S 120,162,163) (S 948,795,796) (S 994,820,796) (S 995,796,243) (S 119,161,128) (S 118,128,160) (S 245,315,159) (S 466,158,539) (D 0,0,0)
 0 1 35 8260 12877  12 (D 0,0,0) (S 148,191,190) (S 147,190,82) (S 58,81,80) (S 543,80,532) (S 454,532,150) (S 455,150,533) (S 158,151,205) (S 999,205,695) (S 730,695,696) (S 729,695,2) (D 0,0,0)
 0 1 36 8984 17082  17 (D 0,0,0) (S 353,415,435) (S 814,435,704) (S 815,704,53) (S 38,53,54) (S 39,54,55) (S 940,55,794) (S 993,794,819) (S 992,794,51) (S 36,51,52) (S 578,52,607) (S 753,607,704) (S 752,704,703) (S 765,703,436) (S 813,435,328) (S 256,328,327) (D 0,0,0)
 0 1 37 8980 23501  17 (D 0,0,0) (S 511,573,359) (S 376,461,460) (S 568,460,99) (S 74,99,100) (S 75,100,101) (S 76,101,102) (S 645,101,501) (S 414,501,502) (S 593,502,600) (S 73,99,98) (S 284,98,361) (S 375,361,460) (S 567,460,574) (S 512,574,359) (S 280,322,357) (D 0,0,0)
 0 1 38 8861 16187  31 (D 0,0,0) (S 686,180,268) (S 687,268,675) (S 688,675,7) (S 5,7,6) (S 422,5,508) (S 199,265,264) (S 307,264,380) (S 780,380,344) (S 268,344,265) (S 267,265,343) (S 266,343,342) (S 265,341,342) (S 676,342,261) (S 196,261,260) (S 836,260,745) (S 1067,43,822) (S 1018,823,831) (S 997,823,822) (S 996,821,822) (S 29,43,42) (S 61,42,85) (S 986,85,745) (S 835,260,343) (S 834,343,508) (S 421,508,266) (S 679,267,179) (S 680,179,672) (S 692,653,677) (S 691,676,677) (D 0,0,0)
 0 1 39 8951 29618  15 (D 0,0,0) (S 910,779,239) (S 182,239,240) (S 180,238,237) (S 179,237,236) (S 112,152,153) (S 880,152,236) (S 879,236,424) (S 878,424,722) (S 784,721,722) (S 342,424,425) (S 909,778,779) (S 344,426,427) (S 585,534,319) (D 0,0,0)
 0 1 40 8994 32230  21 (D 0,0,0) (S 14,20,21) (S 403,21,484) (S 396,483,484) (S 402,484,490) (S 406,490,493) (S 713,493,688) (S 1008,667,825) (S 670,665,465) (S 724,692,466) (S 725,466,693) (S 726,693,694) (S 1005,693,662) (S 669,661,662) (S 671,665,666) (S 546,594,440) (S 1007,440,825) (S 1009,667,688) (S 716,20,503) (S 717,503,203) (D 0,0,0)
 0 1 41 8669 19051  13 (D 0,0,0) (S 533,194,584) (S 532,584,504) (S 1049,583,632) (S 1048,632,829) (S 1047,838,829) (S 53,71,72) (S 52,71,70) (S 51,70,69) (S 50,69,68) (S 49,68,67) (S 807,66,738) (D 0,0,0)
 0 1 42 8820 20509  17 (D 0,0,0) (S 728,0,2) (S 794,728,727) (S 840,747,727) (S 798,733,621) (S 601,621,459) (S 372,458,459) (S 373,459,355) (S 150,193,194) (S 541,585,590) (S 613,590,207) (S 160,207,208) (S 161,208,209) (S 492,558,209) (S 493,209,559) (S 538,559,588) (D 0,0,0)
 0 1 43 8990 32135  31 (D 0,0,0) (S 475,547,548) (S 228,296,218) (S 168,218,219) (S 501,211,219) (S 502,219,462) (S 377,462,213) (S 188,213,246) (S 843,315,748) (S 842,748,129) (S 97,128,127) (S 856,127,756) (S 857,756,420) (S 792,421,725) (S 845,750,751) (S 846,751,752) (S 854,751,725) (S 853,756,725) (S 791,725,126) (S 855,127,757) (S 860,757,160) (S 117,160,159) (S 209,274,275) (S 211,276,277) (S 212,277,278) (S 220,278,289) (S 219,288,278) (S 549,570,595) (S 701,595,222) (S 516,576,286) (D 0,0,0)
 0 1 44 8916 32748  20 (D 0,0,0) (S 1024,832,432) (S 321,378,399) (S 944,399,429) (S 943,429,766) (S 887,73,767) (S 967,767,806) (S 961,806,74) (S 55,74,75) (S 133,181,75) (S 134,75,182) (S 968,182,806) (S 54,74,73) (S 886,73,766) (S 885,766,376) (S 884,376,385) (S 883,385,391) (S 314,391,392) (S 315,392,393) (D 0,0,0)
 0 1 45 8241 13441  19 (D 0,0,0) (S 926,520,325) (S 927,325,495) (S 928,495,788) (S 929,788,789) (S 976,788,814) (S 1021,814,357) (S 252,322,323) (S 251,322,321) (S 279,321,356) (S 250,321,320) (S 407,320,494) (S 1022,494,443) (S 359,443,444) (S 350,432,433) (S 768,433,708) (S 1038,708,522) (S 660,522,653) (D 0,0,0)
 0 1 46 4853 12214  10 (D 0,0,0) (S 990,3,732) (S 18,27,26) (S 917,26,783) (S 872,27,686) (S 710,686,663) (S 19,27,28) (S 830,28,731) (S 797,731,732) (D 0,0,0)
 0 1 47 8923 33853  19 (D 0,0,0) (S 317,395,394) (S 316,394,393) (S 904,777,393) (S 905,393,498) (S 411,498,398) (S 311,387,386) (S 304,376,377) (S 305,377,378) (S 332,412,413) (S 349,412,430) (S 348,429,377) (S 347,377,386) (S 346,386,428) (S 345,428,392) (S 882,391,140) (S 106,140,141) (S 881,140,152) (D 0,0,0)
 0 1 48 7738 12722  23 (D 0,0,0) (S 704,677,521) (S 440,521,520) (S 277,351,352) (S 978,352,451) (S 365,419,450) (S 808,450,171) (S 125,171,172) (S 124,171,170) (S 803,170,449) (S 802,449,736) (S 243,313,310) (S 241,310,311) (S 242,310,312) (S 363,312,449) (S 364,449,450) (S 809,450,739) (S 366,419,451) (S 979,451,65) (S 980,65,816) (S 1052,816,787) (S 1053,787,63) (D 0,0,0)
 0 1 49 8492 13833  23 (D 0,0,0) (S 901,417,740) (S 811,740,519) (S 812,519,328) (S 257,328,329) (S 258,330,331) (S 259,331,332) (S 526,332,516) (S 433,516,515) (S 622,515,634) (S 621,634,627) (S 620,627,633) (S 619,633,405) (S 618,405,69) (S 617,632,505) (S 416,505,504) (S 531,504,583) (S 1050,583,737) (S 806,737,738) (S 1051,738,816) (S 981,816,733) (S 982,733,734) (D 0,0,0)
 0 1 50 8905 28208  16 (D 0,0,0) (S 657,427,137) (S 655,290,395) (S 318,395,396) (S 426,396,500) (S 452,89,530) (S 560,530,597) (S 561,597,598) (S 591,597,615) (S 1072,615,842) (S 1078,615,844) (S 1080,844,135) (S 103,135,134) (S 892,134,38) (S 772,712,713) (D 0,0,0)
 0 1 51 8878 33575  20 (D 0,0,0) (S 851,755,754) (S 850,754,541) (S 469,541,542) (S 1071,542,841) (S 1089,843,847) (S 79,106,105) (S 1074,105,48) (S 32,47,46) (S 135,46,108) (S 80,107,106) (S 1084,106,47) (S 1085,47,848) (S 33,47,48) (S 34,48,49) (S 847,49,103) (S 77,103,104) (S 848,103,753) (S 468,541,540) (D 0,0,0)
 0 1 52 8901 20967  21 (D 0,0,0) (S 766,329,436) (S 354,436,437) (S 356,438,439) (S 625,439,635) (S 862,635,758) (S 863,758,759) (S 626,635,636) (S 627,636,58) (S 628,58,456) (S 498,562,563) (S 629,562,456) (S 371,456,457) (S 370,456,455) (S 37,53,52) (S 754,607,705) (S 562,167,62) (S 44,61,62) (S 563,62,169) (S 409,350,495) (D 0,0,0)
 0 1 53 8764 17387  20 (D 0,0,0) (S 46,64,65) (S 47,65,66) (S 48,66,67) (S 804,67,170) (S 324,170,403) (S 325,403,404) (S 528,404,582) (S 825,582,633) (S 824,744,633) (S 610,629,630) (S 609,629,627) (S 607,627,626) (S 942,626,581) (S 527,581,582) (S 826,582,313) (S 827,313,736) (S 810,739,740) (S 337,417,416) (D 0,0,0)
 0 1 54 8724 19638  23 (D 0,0,0) (S 924,787,64) (S 805,67,737) (S 530,583,68) (S 529,68,404) (S 326,404,405) (S 327,405,406) (S 930,70,406) (S 328,406,407) (S 1014,828,407) (S 329,407,408) (S 1015,407,71) (S 1016,71,829) (S 606,624,625) (S 1017,624,830) (S 605,624,623) (S 604,622,584) (S 603,584,353) (S 602,353,459) (S 600,620,621) (S 799,621,734) (S 3,4,3) (D 0,0,0)
 0 1 55 8999 34113  23 (D 0,0,0) (S 952,118,799) (S 1029,799,804) (S 958,804,797) (S 960,805,186) (S 141,186,187) (S 142,187,123) (S 94,123,124) (S 95,124,125) (S 1035,124,801) (S 1034,124,765) (S 1033,765,834) (S 1032,833,834) (S 1058,834,764) (S 873,763,764) (S 874,764,765) (S 875,765,32) (S 22,32,33) (S 1031,33,121) (S 92,121,122) (S 950,122,798) (S 953,798,799) (D 0,0,0)
 0 1 56 8989 40076  14 (D 0,0,0) (S 462,537,224) (S 35,49,50) (S 888,49,767) (S 969,182,812) (S 56,76,77) (S 1066,76,812) (S 1065,812,45) (S 1062,545,809) (S 965,809,808) (S 84,111,112) (S 496,258,561) (S 497,561,214) (D 0,0,0)
 0 1 57 8996 32632  25 (D 0,0,0) (S 702,681,222) (S 102,134,133) (S 101,133,132) (S 177,232,233) (S 477,551,549) (S 476,549,550) (S 478,549,233) (S 178,233,234) (S 100,132,131) (S 99,131,130) (S 841,244,129) (S 98,129,128) (S 96,127,126) (S 790,126,724) (S 244,314,159) (S 116,159,158) (S 503,539,462) (S 378,462,463) (S 554,297,538) (S 555,538,596) (S 556,596,565) (S 557,565,367) (S 292,367,293) (D 0,0,0)
 0 1 58 8986 41262  17 (D 0,0,0) (S 700,133,680) (S 1045,679,252) (S 192,252,253) (S 207,272,230) (S 232,229,299) (S 479,552,299) (S 233,229,254) (S 193,254,255) (S 208,230,273) (S 191,251,231) (S 1044,802,252) (S 699,679,680) (S 1073,680,842) (S 1079,842,844) (S 548,38,595) (D 0,0,0)
 0 1 59 8947 27497  14 (D 0,0,0) (S 195,258,259) (S 582,561,609) (S 580,608,29) (S 20,29,30) (S 310,30,384) (S 21,30,31) (S 579,29,287) (S 218,287,286) (S 517,286,364) (S 518,364,577) (S 519,577,567) (S 1068,578,609) (D 0,0,0)
 0 1 60 8920 24865  8 (D 0,0,0) (S 489,557,215) (S 194,257,256) (S 204,256,227) (S 176,227,228) (S 175,227,226) (S 877,116,300) (D 0,0,0)
 0 1 61 8997 29099  26 (D 0,0,0) (S 288,365,257) (S 174,226,225) (S 951,596,173) (S 126,173,158) (S 788,470,314) (S 789,314,724) (S 861,724,757) (S 859,160,748) (S 858,748,245) (S 187,245,246) (S 398,246,274) (S 399,274,486) (S 400,486,487) (S 162,210,211) (S 163,211,212) (S 164,212,213) (S 384,213,470) (S 787,470,540) (S 467,540,158) (S 465,539,295) (S 173,224,225) (S 504,225,566) (S 505,566,547) (S 506,547,249) (D 0,0,0)
 0 1 62 8907 20944  18 (D 0,0,0) (S 336,416,327) (S 831,330,437) (S 355,437,438) (S 523,438,579) (S 41,57,58) (S 42,58,59) (S 394,59,480) (S 895,480,770) (S 43,59,60) (S 395,59,481) (S 746,481,700) (S 743,700,165) (S 121,164,165) (S 122,165,166) (S 931,166,702) (S 751,702,703) (D 0,0,0)
 0 1 63 8796 26961  23 (D 0,0,0) (S 816,53,454) (S 69,95,94) (S 760,94,707) (S 866,707,741) (S 818,741,202) (S 819,202,145) (S 107,144,145) (S 820,145,742) (S 109,147,148) (S 110,148,149) (S 108,147,146) (S 757,706,146) (S 758,146,201) (S 156,201,202) (S 155,201,200) (S 631,638,637) (S 844,637,749) (S 630,93,562) (S 624,439,422) (S 341,422,423) (S 623,422,515) (D 0,0,0)
 0 1 64 8996 32554  22 (D 0,0,0) (S 379,464,465) (S 380,465,466) (S 381,466,467) (S 708,467,684) (S 707,467,683) (S 1004,683,641) (S 634,640,641) (S 635,641,468) (S 382,468,469) (S 383,469,304) (S 237,304,305) (S 236,304,303) (S 1006,665,440) (S 357,440,441) (S 1056,840,441) (S 358,441,442) (S 673,442,668) (S 672,442,667) (S 714,688,485) (S 715,485,20) (D 0,0,0)
