1597331
64
3600814
3588636
 0 1 1 8879 33905  20 (D 0,0,0) (S 950,798,122) (S 93,122,123) (S 94,123,124) (S 1036,801,111) (S 1037,111,808) (S 965,808,809) (S 1060,110,125) (S 1058,764,834) (S 1032,833,834) (S 1033,834,765) (S 1034,765,124) (S 1035,124,801) (S 955,801,187) (S 954,187,800) (S 1077,800,805) (S 85,113,114) (S 86,114,115) (S 225,293,294) (D 0,0,0)
 0 1 2 8149 12940  26 (D 0,0,0) (S 439,520,351) (S 438,351,416) (S 336,416,327) (S 256,327,328) (S 812,328,519) (S 800,518,735) (S 801,735,736) (S 243,313,310) (S 241,310,311) (S 242,310,312) (S 363,312,449) (S 803,449,170) (S 124,170,171) (S 125,171,172) (S 808,171,450) (S 809,450,739) (S 828,739,736) (S 802,736,449) (S 364,449,450) (S 365,450,419) (S 366,419,451) (S 979,451,65) (S 46,65,64) (S 45,64,63) (D 0,0,0)
 0 1 3 8886 33464  22 (D 0,0,0) (S 469,541,542) (S 1070,841,104) (S 77,103,104) (S 78,104,105) (S 79,105,106) (S 80,106,107) (S 1084,106,47) (S 32,47,46) (S 135,46,108) (S 136,108,183) (S 1086,849,183) (S 1087,183,845) (S 1088,845,847) (S 1089,847,843) (S 1076,843,543) (S 470,543,542) (S 1071,542,841) (S 1090,841,753) (S 849,753,541) (S 127,173,174) (D 0,0,0)
 0 1 4 8863 19478  22 (D 0,0,0) (S 353,415,435) (S 815,704,53) (S 38,53,54) (S 763,54,455) (S 369,455,454) (S 368,454,453) (S 574,472,96) (S 71,96,97) (S 573,96,606) (S 865,606,741) (S 818,741,202) (S 156,202,201) (S 759,201,707) (S 760,707,94) (S 69,94,95) (S 817,95,591) (S 816,454,53) (S 37,53,52) (S 578,52,607) (S 975,705,434) (D 0,0,0)
 0 1 5 8968 28689  23 (D 0,0,0) (S 464,538,295) (S 465,295,539) (S 503,539,462) (S 377,462,213) (S 384,213,470) (S 788,470,314) (S 789,314,724) (S 790,724,126) (S 96,126,127) (S 97,127,128) (S 119,128,161) (S 857,420,756) (S 853,756,725) (S 856,756,127) (S 98,128,129) (S 842,129,748) (S 843,748,315) (S 245,315,159) (S 116,159,158) (S 126,158,173) (S 951,173,596) (D 0,0,0)
 0 1 6 8953 35369  20 (D 0,0,0) (S 1029,799,804) (S 958,804,797) (S 959,797,805) (S 140,186,112) (S 139,112,185) (S 137,183,184) (S 138,184,185) (S 84,112,111) (S 83,111,110) (S 1061,110,809) (S 473,545,184) (S 472,184,544) (S 1082,846,544) (S 471,544,543) (S 970,813,810) (S 971,810,754) (S 851,754,755) (S 852,755,115) (D 0,0,0)
 0 1 7 8968 19246  16 (D 0,0,0) (S 806,738,737) (S 805,737,67) (S 49,67,68) (S 530,68,583) (S 1049,583,632) (S 51,69,70) (S 930,70,406) (S 52,70,71) (S 1016,71,829) (S 1047,838,829) (S 1048,829,632) (S 617,632,505) (S 616,505,622) (S 615,622,195) (D 0,0,0)
 0 1 8 8961 21928  22 (D 0,0,0) (S 1025,718,832) (S 1040,832,317) (S 1041,317,835) (S 248,318,319) (S 249,319,320) (S 482,358,554) (S 769,709,139) (S 105,138,139) (S 770,554,573) (S 510,573,572) (S 773,572,714) (S 575,571,472) (S 385,472,471) (S 722,471,691) (S 822,691,360) (S 511,359,573) (S 509,572,571) (S 576,571,453) (S 577,453,52) (S 753,607,704) (D 0,0,0)
 0 1 9 8921 36607  15 (D 0,0,0) (S 461,248,537) (S 1083,544,847) (S 1081,845,107) (S 81,107,108) (S 82,108,109) (S 1064,109,45) (S 30,44,45) (S 31,45,46) (S 1085,47,848) (S 33,47,48) (S 35,49,50) (S 847,49,103) (S 848,103,753) (D 0,0,0)
 0 1 10 8928 28245  21 (D 0,0,0) (S 655,290,395) (S 654,395,499) (S 427,500,389) (S 313,389,390) (S 947,390,530) (S 453,530,531) (S 560,530,597) (S 591,597,615) (S 1072,615,842) (S 1079,842,844) (S 547,135,38) (S 772,712,713) (S 731,697,381) (S 732,381,681) (S 733,681,285) (S 217,284,285) (S 734,285,536) (S 460,536,364) (S 519,577,567) (D 0,0,0)
 0 1 11 8883 28001  18 (D 0,0,0) (S 318,395,396) (S 425,511,396) (S 426,396,500) (S 413,500,499) (S 412,499,398) (S 411,398,498) (S 905,498,393) (S 904,777,393) (S 315,393,392) (S 314,392,391) (S 882,391,140) (S 881,140,152) (S 880,152,236) (S 913,237,781) (S 343,425,426) (S 777,717,427) (D 0,0,0)
 0 1 12 8820 18771  18 (D 0,0,0) (S 924,787,64) (S 47,65,66) (S 804,67,170) (S 324,170,403) (S 325,403,404) (S 529,404,68) (S 50,68,69) (S 618,69,405) (S 619,405,633) (S 824,744,633) (S 609,627,629) (S 610,629,630) (S 620,627,633) (S 825,633,582) (S 810,739,740) (S 337,417,416) (D 0,0,0)
 0 1 13 8349 15074  19 (D 0,0,0) (S 704,677,521) (S 925,520,64) (S 1052,787,816) (S 981,816,733) (S 982,733,734) (S 840,747,727) (S 794,727,728) (S 148,191,190) (S 484,190,555) (S 485,555,509) (S 424,509,510) (S 423,509,5) (S 4,5,6) (S 5,6,7) (S 687,675,268) (S 686,268,180) (S 693,674,653) (D 0,0,0)
 0 1 14 8876 39299  14 (D 0,0,0) (S 1057,825,441) (S 669,661,662) (S 1005,662,693) (S 1002,556,303) (S 235,302,303) (S 1001,303,308) (S 1000,824,308) (S 240,308,309) (S 239,307,308) (S 236,303,304) (S 237,304,305) (S 383,304,469) (D 0,0,0)
 0 1 15 8783 31841  19 (D 0,0,0) (S 672,667,442) (S 673,442,668) (S 358,442,441) (S 1056,840,441) (S 357,441,440) (S 546,594,440) (S 1007,440,825) (S 1008,825,667) (S 1009,667,688) (S 713,688,493) (S 712,493,496) (S 711,687,496) (S 410,496,489) (S 401,489,490) (S 596,492,483) (S 396,483,484) (S 397,484,485) (D 0,0,0)
 0 1 16 8921 37559  18 (D 0,0,0) (S 718,689,203) (S 714,485,688) (S 379,464,465) (S 380,465,466) (S 724,692,466) (S 725,466,693) (S 726,693,694) (S 1003,641,556) (S 486,556,469) (S 487,469,473) (S 1054,474,839) (S 386,474,475) (S 488,473,340) (S 263,339,340) (S 264,340,18) (S 893,768,19) (D 0,0,0)
 0 1 17 8787 31258  10 (D 0,0,0) (S 292,367,293) (S 293,293,174) (S 128,174,175) (S 963,175,807) (S 129,175,176) (S 962,175,348) (S 272,348,292) (S 205,269,227) (D 0,0,0)
 0 1 18 8747 13459  31 (D 0,0,0) (S 1,0,1) (S 11,17,16) (S 681,16,672) (S 695,672,431) (S 696,431,506) (S 697,506,346) (S 271,346,347) (S 1026,347,526) (S 1027,526,761) (S 869,761,762) (S 973,762,525) (S 974,525,14) (S 10,14,15) (S 417,14,506) (S 418,506,177) (S 419,177,507) (S 420,507,266) (S 200,266,265) (S 199,264,265) (S 835,343,260) (S 196,260,261) (S 197,261,262) (S 756,654,82) (S 147,82,190) (S 658,555,8) (S 6,8,7) (S 688,7,675) (S 203,268,63) (S 659,63,653) (D 0,0,0)
 0 1 19 6107 12214  12 (D 0,0,0) (S 728,0,2) (S 2,2,3) (S 990,3,732) (S 797,732,731) (S 19,28,27) (S 872,27,686) (S 710,686,663) (S 917,26,783) (S 18,26,27) (S 830,28,731) (D 0,0,0)
 0 1 20 9000 28327  17 (D 0,0,0) (S 104,136,137) (S 223,291,242) (S 286,242,363) (S 587,363,156) (S 588,156,614) (S 589,614,88) (S 63,87,88) (S 64,88,89) (S 451,89,397) (S 319,396,397) (S 450,397,529) (S 1069,529,614) (S 449,529,155) (S 113,155,154) (S 221,154,290) (D 0,0,0)
 0 1 21 8952 19896  21 (D 0,0,0) (S 277,351,352) (S 978,352,451) (S 901,417,740) (S 902,740,735) (S 903,735,776) (S 941,776,581) (S 527,581,582) (S 528,582,404) (S 326,404,405) (S 327,405,406) (S 328,406,407) (S 1014,828,407) (S 329,407,408) (S 1015,407,71) (S 53,71,72) (S 1017,624,830) (S 606,624,625) (S 605,624,623) (S 604,622,584) (D 0,0,0)
 0 1 22 8996 34308  22 (D 0,0,0) (S 466,539,158) (S 467,158,540) (S 468,540,541) (S 850,541,754) (S 966,810,811) (S 1091,811,755) (S 91,119,121) (S 92,121,122) (S 95,124,125) (S 957,125,803) (S 1059,125,764) (S 873,763,764) (S 874,764,765) (S 875,765,32) (S 143,32,123) (S 142,123,187) (S 141,187,186) (S 960,186,805) (S 949,797,798) (S 953,798,799) (D 0,0,0)
 0 1 23 8960 33613  26 (D 0,0,0) (S 952,118,799) (S 1030,799,121) (S 1031,121,33) (S 23,33,34) (S 741,34,11) (S 740,11,188) (S 146,188,189) (S 738,189,698) (S 737,189,10) (S 8,10,11) (S 9,11,12) (S 145,12,188) (S 739,699,188) (S 144,12,32) (S 22,32,33) (S 24,34,35) (S 25,35,36) (S 736,35,10) (S 7,9,10) (S 735,35,120) (S 742,34,120) (S 90,120,119) (S 89,119,118) (S 88,118,115) (D 0,0,0)
 0 1 24 8714 18378  28 (D 0,0,0) (S 436,519,518) (S 571,602,604) (S 642,645,604) (S 608,605,628) (S 643,604,603) (S 569,603,602) (S 570,602,517) (S 434,517,516) (S 526,516,332) (S 525,332,580) (S 524,580,438) (S 356,438,439) (S 625,439,635) (S 863,758,759) (S 862,758,635) (S 624,439,422) (S 341,422,423) (S 623,422,515) (S 622,515,634) (S 621,634,627) (S 607,627,626) (S 942,626,581) (S 826,582,313) (S 827,313,736) (S 829,739,418) (S 338,418,417) (D 0,0,0)
 0 1 25 8892 32541  23 (D 0,0,0) (S 481,287,383) (S 480,553,383) (S 309,383,382) (S 890,221,712) (S 891,712,38) (S 892,38,134) (S 477,551,549) (S 476,549,550) (S 478,549,233) (S 177,232,233) (S 178,233,234) (S 101,132,133) (S 102,133,134) (S 103,134,135) (S 229,135,276) (S 500,275,486) (S 400,486,487) (S 399,486,274) (S 209,274,275) (S 499,275,564) (S 508,564,570) (D 0,0,0)
 0 1 26 8965 28001  18 (D 0,0,0) (S 520,578,567) (S 507,567,568) (S 190,249,248) (S 189,248,247) (S 637,247,223) (S 171,223,222) (S 701,222,595) (S 549,595,570) (S 550,570,277) (S 168,218,219) (S 502,219,462) (S 378,462,463) (S 553,463,297) (S 554,297,538) (S 226,295,294) (S 494,560,294) (D 0,0,0)
 0 1 27 9000 27229  16 (D 0,0,0) (S 586,443,319) (S 585,319,534) (S 367,452,427) (S 657,427,137) (S 656,137,290) (S 222,154,291) (S 448,291,155) (S 114,155,156) (S 115,156,157) (S 572,155,363) (S 183,242,241) (S 446,241,528) (S 698,528,678) (S 447,241,291) (D 0,0,0)
 0 1 28 5836 9822  15 (D 0,0,0) (S 440,521,520) (S 926,520,325) (S 275,326,350) (S 274,350,349) (S 351,349,434) (S 352,434,415) (S 335,415,327) (S 255,327,326) (S 254,326,325) (S 253,325,324) (S 611,631,324) (S 612,324,521) (S 441,521,522) (D 0,0,0)
 0 1 29 8949 31220  33 (D 0,0,0) (S 506,249,547) (S 475,547,548) (S 552,463,217) (S 166,217,216) (S 206,216,271) (S 167,217,218) (S 501,219,211) (S 162,210,211) (S 163,211,212) (S 164,212,213) (S 188,213,246) (S 187,246,245) (S 858,245,748) (S 859,748,160) (S 860,160,757) (S 861,757,724) (S 244,314,159) (S 117,159,160) (S 118,160,128) (S 841,129,244) (S 186,130,245) (S 398,246,274) (S 210,275,276) (S 211,276,277) (S 220,278,289) (S 219,288,278) (S 212,278,277) (S 551,277,217) (S 228,218,296) (S 173,224,225) (S 504,225,566) (D 0,0,0)
 0 1 30 8961 24144  15 (D 0,0,0) (S 647,646,575) (S 646,575,101) (S 76,101,102) (S 644,501,24) (S 17,24,25) (S 16,24,23) (S 795,23,729) (S 15,23,22) (S 595,22,483) (S 594,22,502) (S 593,502,600) (S 285,362,98) (S 284,98,361) (D 0,0,0)
 0 1 31 8583 12647  17 (D 0,0,0) (S 727,0,677) (S 691,676,677) (S 660,653,522) (S 442,522,523) (S 778,719,718) (S 972,718,762) (S 870,762,673) (S 871,673,708) (S 768,708,433) (S 350,433,432) (S 1023,432,443) (S 359,443,444) (S 1022,443,494) (S 408,494,495) (S 927,495,325) (D 0,0,0)
 0 1 32 8727 18685  26 (D 0,0,0) (S 832,675,671) (S 833,671,508) (S 834,508,343) (S 266,343,342) (S 265,341,342) (S 676,342,261) (S 675,261,670) (S 987,670,745) (S 986,745,85) (S 985,85,512) (S 428,41,512) (S 774,715,371) (S 674,370,669) (S 303,370,375) (S 302,375,86) (S 62,86,85) (S 61,85,42) (S 29,42,43) (S 1067,43,822) (S 996,821,822) (S 997,822,823) (S 1018,823,831) (S 988,670,656) (S 59,82,81) (D 0,0,0)
 0 1 33 8230 13735  19 (D 0,0,0) (S 1053,63,787) (S 980,65,816) (S 1051,816,738) (S 807,738,66) (S 48,66,67) (S 1050,737,583) (S 531,583,504) (S 532,504,584) (S 533,584,194) (S 287,193,354) (S 278,354,355) (S 373,355,459) (S 372,458,459) (S 601,459,621) (S 600,620,621) (S 798,621,733) (S 3,4,3) (D 0,0,0)
 0 1 34 8998 31063  25 (D 0,0,0) (S 932,331,580) (S 626,635,636) (S 371,456,457) (S 630,562,93) (S 390,92,477) (S 823,477,281) (S 214,281,280) (S 213,279,280) (S 786,280,723) (S 785,280,198) (S 152,197,198) (S 153,198,199) (S 387,476,142) (S 709,143,476) (S 388,476,79) (S 57,78,79) (S 389,199,477) (S 215,281,282) (S 216,282,283) (S 783,282,720) (S 782,282,91) (S 65,90,91) (S 66,91,92) (D 0,0,0)
 0 1 35 8919 26068  8 (D 0,0,0) (S 730,695,696) (S 194,257,256) (S 204,256,227) (S 176,227,228) (S 175,227,226) (S 174,226,225) (D 0,0,0)
 0 1 36 8632 16725  10 (D 0,0,0) (S 991,3,191) (S 542,532,585) (S 541,585,590) (S 540,590,589) (S 539,589,588) (S 538,588,559) (S 537,586,587) (S 876,587,300) (D 0,0,0)
 0 1 37 8225 28834  18 (D 0,0,0) (S 474,546,547) (S 505,547,566) (S 641,566,644) (S 640,566,548) (S 639,548,537) (S 638,537,247) (S 636,643,223) (S 172,223,224) (S 463,224,538) (S 227,295,296) (S 230,296,297) (S 231,297,298) (S 555,538,596) (S 556,596,565) (S 557,565,367) (S 291,367,226) (D 0,0,0)
 0 1 38 8899 20113  13 (D 0,0,0) (S 1011,205,557) (S 1012,557,301) (S 1013,301,827) (S 234,301,300) (S 491,306,558) (S 1019,558,826) (S 1010,826,208) (S 160,207,208) (S 161,208,209) (S 492,558,209) (S 493,209,559) (D 0,0,0)
 0 1 39 8959 31658  17 (D 0,0,0) (S 716,503,20) (S 13,20,19) (S 894,19,769) (S 12,19,18) (S 382,469,468) (S 635,468,641) (S 634,640,641) (S 1004,641,683) (S 706,682,683) (S 707,683,467) (S 708,467,684) (S 381,467,466) (S 670,465,665) (S 671,665,666) (S 1006,665,440) (D 0,0,0)
 0 1 40 8645 14219  17 (D 0,0,0) (S 799,734,621) (S 602,459,353) (S 603,353,584) (S 416,504,505) (S 689,505,623) (S 690,623,196) (S 151,196,195) (S 614,195,590) (S 613,590,207) (S 159,207,206) (S 535,206,585) (S 534,585,194) (S 150,194,193) (S 374,355,192) (S 149,192,191) (D 0,0,0)
 0 1 41 8704 33667  18 (D 0,0,0) (S 653,499,388) (S 333,414,401) (S 334,401,410) (S 331,410,411) (S 330,410,400) (S 322,400,401) (S 323,401,402) (S 650,651,414) (S 651,414,652) (S 946,652,390) (S 452,530,89) (S 590,88,597) (S 561,597,598) (S 1078,615,844) (S 1080,844,135) (S 548,38,595) (D 0,0,0)
 0 1 42 8999 33729  20 (D 0,0,0) (S 1038,522,708) (S 317,395,394) (S 316,394,393) (S 345,392,428) (S 346,428,386) (S 347,386,377) (S 304,377,376) (S 886,766,73) (S 967,767,806) (S 134,182,75) (S 133,181,75) (S 55,75,74) (S 54,74,73) (S 887,73,767) (S 888,767,49) (S 34,49,48) (S 1074,48,105) (S 1075,105,843) (D 0,0,0)
 0 1 43 8911 14876  28 (D 0,0,0) (S 682,16,524) (S 443,524,525) (S 444,525,526) (S 868,535,761) (S 1028,761,316) (S 246,316,317) (S 247,317,318) (S 360,318,445) (S 584,448,612) (S 583,612,611) (S 900,611,647) (S 899,611,774) (S 898,773,774) (S 907,774,612) (S 906,612,647) (S 649,647,648) (S 648,647,646) (S 705,646,447) (S 362,447,448) (S 456,534,445) (S 457,445,535) (S 458,535,527) (S 459,527,368) (S 306,368,379) (S 431,379,345) (S 270,345,346) (D 0,0,0)
 0 1 44 8922 29601  20 (D 0,0,0) (S 761,592,94) (S 867,707,638) (S 844,637,749) (S 631,637,638) (S 632,638,200) (S 154,199,200) (S 633,200,639) (S 1046,837,639) (S 155,200,201) (S 758,201,146) (S 757,706,146) (S 110,148,149) (S 109,148,147) (S 108,147,146) (S 107,144,145) (S 820,145,742) (S 819,145,202) (S 866,741,707) (D 0,0,0)
 0 1 45 8996 35561  19 (D 0,0,0) (S 914,237,782) (S 112,152,153) (S 106,140,141) (S 883,391,385) (S 884,385,376) (S 885,376,766) (S 943,766,429) (S 348,429,377) (S 305,377,378) (S 321,378,399) (S 944,399,429) (S 332,412,413) (S 349,412,430) (S 945,399,652) (S 652,652,388) (S 312,388,387) (S 320,398,394) (D 0,0,0)
 0 1 46 8907 23143  7 (D 0,0,0) (S 495,258,294) (S 224,293,292) (S 559,292,269) (S 558,269,367) (S 290,226,366) (D 0,0,0)
 0 1 47 8983 21041  17 (D 0,0,0) (S 280,357,322) (S 512,359,574) (S 513,574,497) (S 514,497,575) (S 75,100,101) (S 645,101,501) (S 414,501,502) (S 415,502,503) (S 717,503,203) (S 719,689,599) (S 720,599,690) (S 261,334,335) (S 1020,335,357) (S 976,814,788) (S 929,788,789) (D 0,0,0)
 0 1 48 8994 27340  19 (D 0,0,0) (S 344,427,426) (S 909,779,778) (S 908,778,238) (S 180,238,237) (S 179,237,236) (S 879,236,424) (S 878,424,722) (S 784,721,722) (S 342,424,425) (S 912,425,781) (S 915,781,778) (S 181,238,239) (S 182,239,240) (S 911,239,780) (S 910,239,779) (S 916,779,426) (S 918,452,446) (D 0,0,0)
 0 1 49 8983 39754  12 (D 0,0,0) (S 964,185,808) (S 1062,809,545) (S 1063,545,109) (S 1065,45,812) (S 1066,812,76) (S 56,76,77) (S 969,812,182) (S 968,182,806) (S 961,806,74) (S 311,386,387) (D 0,0,0)
 0 1 50 8661 22126  20 (D 0,0,0) (S 544,592,591) (S 70,95,96) (S 864,606,689) (S 564,599,362) (S 565,362,600) (S 74,99,100) (S 376,461,460) (S 375,460,361) (S 283,361,360) (S 282,360,359) (S 281,359,358) (S 252,322,323) (S 251,322,321) (S 279,321,356) (S 250,321,320) (S 407,320,494) (S 1024,432,832) (S 1039,832,719) (D 0,0,0)
 0 1 51 8675 16773  15 (D 0,0,0) (S 258,330,331) (S 259,331,332) (S 260,332,333) (S 745,333,481) (S 395,481,59) (S 43,59,60) (S 42,59,58) (S 41,58,57) (S 523,579,438) (S 355,438,437) (S 831,437,330) (S 767,329,518) (S 437,519,416) (D 0,0,0)
 0 1 52 8945 16908  15 (D 0,0,0) (S 813,328,435) (S 814,435,704) (S 751,703,702) (S 931,702,166) (S 122,166,165) (S 121,164,165) (S 743,165,700) (S 746,700,481) (S 744,333,514) (S 432,514,515) (S 433,515,516) (S 435,517,518) (S 811,519,740) (D 0,0,0)
 0 1 53 8969 15641  33 (D 0,0,0) (S 483,81,190) (S 755,509,654) (S 661,654,262) (S 662,262,655) (S 776,716,655) (S 663,655,656) (S 989,656,818) (S 664,656,657) (S 839,657,746) (S 665,657,84) (S 60,83,84) (S 28,42,41) (S 27,41,40) (S 298,40,372) (S 297,372,371) (S 296,371,370) (S 295,370,369) (S 294,368,369) (S 536,369,513) (S 779,380,86) (S 301,86,263) (S 198,263,264) (S 307,264,380) (S 780,380,344) (S 268,344,265) (S 267,265,343) (S 421,508,266) (S 201,266,267) (S 679,267,179) (S 132,179,180) (S 685,180,674) (D 0,0,0)
 0 1 54 8958 34477  25 (D 0,0,0) (S 462,537,224) (S 787,540,470) (S 855,757,127) (S 791,126,725) (S 854,725,751) (S 845,750,751) (S 846,751,752) (S 792,725,421) (S 340,420,421) (S 793,421,726) (S 1042,836,726) (S 1043,726,802) (S 956,802,795) (S 120,162,163) (S 948,795,796) (S 994,820,796) (S 995,796,243) (S 339,243,161) (S 184,243,244) (S 185,244,130) (S 99,130,131) (S 100,131,132) (S 218,286,287) (D 0,0,0)
 0 1 55 8968 34577  14 (D 0,0,0) (S 14,20,21) (S 403,21,484) (S 402,484,490) (S 771,710,711) (S 599,618,619) (S 598,618,617) (S 796,617,730) (S 597,617,492) (S 404,491,492) (S 405,492,490) (S 406,490,493) (S 715,485,20) (D 0,0,0)
 0 1 56 8221 17941  17 (D 0,0,0) (S 257,328,329) (S 766,329,436) (S 765,436,703) (S 39,54,55) (S 940,55,794) (S 993,794,819) (S 992,794,51) (S 36,51,52) (S 754,607,705) (S 562,167,62) (S 44,61,62) (S 563,62,169) (S 123,168,169) (S 273,169,349) (S 409,350,495) (D 0,0,0)
 0 1 57 8970 24917  15 (D 0,0,0) (S 752,704,703) (S 762,455,592) (S 545,592,593) (S 68,94,93) (S 67,93,92) (S 391,92,478) (S 896,478,771) (S 392,478,479) (S 897,479,772) (S 393,479,480) (S 895,480,770) (S 394,480,59) (S 747,700,636) (D 0,0,0)
 0 1 58 8421 11410  11 (D 0,0,0) (S 729,2,695) (S 999,695,205) (S 157,204,205) (S 158,205,151) (S 111,151,150) (S 455,150,533) (S 543,532,80) (S 58,80,81) (S 998,81,695) (D 0,0,0)
 0 1 59 8794 20739  15 (D 0,0,0) (S 454,532,150) (S 490,306,557) (S 497,214,561) (S 195,258,259) (S 496,258,561) (S 582,561,609) (S 1068,609,578) (S 521,578,366) (S 289,366,257) (S 288,257,365) (S 87,117,116) (S 877,116,300) (S 238,306,151) (D 0,0,0)
 0 1 60 8980 20050  18 (D 0,0,0) (S 928,495,788) (S 1021,814,357) (S 723,334,471) (S 721,691,690) (S 821,690,97) (S 72,97,98) (S 73,98,99) (S 568,99,460) (S 567,460,574) (S 566,574,601) (S 262,337,338) (S 919,601,446) (S 361,446,447) (S 445,527,526) (S 683,523,17) (S 684,17,674) (D 0,0,0)
 0 1 61 8998 25427  19 (D 0,0,0) (S 580,608,29) (S 310,30,384) (S 21,30,31) (S 20,30,29) (S 579,29,287) (S 703,287,576) (S 170,222,221) (S 169,220,221) (S 889,221,381) (S 308,381,382) (S 515,382,576) (S 516,576,286) (S 517,286,364) (S 518,364,577) (S 1055,577,608) (S 581,608,609) (S 165,214,215) (D 0,0,0)
 0 1 62 8826 41052  17 (D 0,0,0) (S 489,557,215) (S 232,229,299) (S 479,552,299) (S 193,254,255) (S 233,254,229) (S 208,230,273) (S 207,272,230) (S 191,251,231) (S 192,252,253) (S 1044,802,252) (S 1045,252,679) (S 699,679,680) (S 1073,842,680) (S 700,680,133) (S 702,222,681) (D 0,0,0)
 0 1 63 8347 15813  28 (D 0,0,0) (S 694,674,672) (S 680,672,179) (S 131,179,178) (S 130,178,177) (S 781,507,344) (S 269,344,345) (S 430,513,375) (S 429,375,512) (S 984,512,715) (S 983,817,715) (S 775,715,372) (S 26,40,39) (S 977,39,815) (S 592,616,39) (S 299,40,373) (S 300,373,374) (S 667,373,658) (S 666,373,84) (S 838,657,43) (S 837,43,745) (S 836,745,260) (S 422,508,5) (S 677,6,671) (S 678,671,267) (S 202,267,268) (S 692,653,677) (D 0,0,0)
 0 1 64 8985 22195  27 (D 0,0,0) (S 276,351,326) (S 764,703,54) (S 370,455,456) (S 498,562,563) (S 629,562,456) (S 628,456,58) (S 627,58,636) (S 748,636,579) (S 749,579,701) (S 522,579,57) (S 40,57,56) (S 935,56,791) (S 934,56,701) (S 750,701,702) (S 933,701,790) (S 939,790,660) (S 668,659,660) (S 938,660,793) (S 936,792,793) (S 937,793,785) (S 921,785,784) (S 920,649,784) (S 923,784,786) (S 922,784,437) (S 354,437,436) (D 0,0,0)
