1602920
63
3600986
3318515
 0 1 1 8882 27530  17 (D 0,0,0) (S 343,426,425) (S 912,425,781) (S 342,425,424) (S 784,721,722) (S 878,722,424) (S 879,424,236) (S 179,236,237) (S 913,237,781) (S 915,781,778) (S 181,238,239) (S 182,239,240) (S 911,239,780) (S 910,239,779) (S 916,779,426) (S 344,426,427) (D 0,0,0)
 0 1 2 8702 13200  33 (D 0,0,0) (S 680,672,179) (S 679,179,267) (S 201,267,266) (S 421,266,508) (S 834,508,343) (S 835,343,260) (S 836,260,745) (S 986,745,85) (S 985,85,512) (S 428,512,41) (S 27,41,40) (S 298,40,372) (S 775,372,715) (S 983,817,715) (S 984,715,512) (S 429,512,375) (S 430,375,513) (S 536,513,369) (S 674,370,669) (S 303,370,375) (S 302,375,86) (S 301,86,263) (S 198,263,264) (S 307,264,380) (S 780,380,344) (S 269,344,345) (S 270,345,346) (S 697,346,506) (S 696,506,431) (S 695,431,672) (S 694,672,674) (D 0,0,0)
 0 1 3 8949 21435  20 (D 0,0,0) (S 927,325,495) (S 409,495,350) (S 351,349,434) (S 754,705,607) (S 368,453,454) (S 369,454,455) (S 762,455,592) (S 545,592,593) (S 370,455,456) (S 371,456,457) (S 628,456,58) (S 627,58,636) (S 748,636,579) (S 749,579,701) (S 933,701,790) (S 939,790,660) (S 668,659,660) (S 938,660,793) (D 0,0,0)
 0 1 4 8932 33065  17 (D 0,0,0) (S 379,464,465) (S 381,466,467) (S 708,467,684) (S 707,467,683) (S 1004,683,641) (S 634,640,641) (S 706,682,683) (S 726,693,694) (S 725,693,466) (S 724,692,466) (S 380,466,465) (S 670,465,665) (S 1057,441,825) (S 720,599,690) (S 723,471,334) (D 0,0,0)
 0 1 5 8952 37399  14 (D 0,0,0) (S 471,543,544) (S 1083,544,847) (S 1084,106,47) (S 32,47,46) (S 969,182,812) (S 30,44,45) (S 31,45,46) (S 135,46,108) (S 81,108,107) (S 1081,107,845) (S 1088,845,847) (S 1090,841,753) (D 0,0,0)
 0 1 6 8715 16186  14 (D 0,0,0) (S 454,532,150) (S 111,150,151) (S 234,300,301) (S 1013,301,827) (S 1012,301,557) (S 490,557,306) (S 491,306,558) (S 161,209,208) (S 613,207,590) (S 534,585,194) (S 991,191,3) (S 2,3,2) (D 0,0,0)
 0 1 7 8787 31258  10 (D 0,0,0) (S 292,367,293) (S 293,293,174) (S 128,174,175) (S 963,175,807) (S 129,175,176) (S 962,175,348) (S 272,348,292) (S 205,269,227) (D 0,0,0)
 0 1 8 8987 19488  21 (D 0,0,0) (S 766,329,436) (S 765,436,703) (S 764,703,54) (S 38,54,53) (S 37,53,52) (S 577,52,453) (S 576,453,571) (S 509,571,572) (S 773,572,714) (S 510,572,573) (S 511,573,359) (S 770,573,554) (S 769,709,139) (S 105,138,139) (S 482,554,358) (S 280,322,357) (S 1021,357,814) (S 976,814,788) (S 929,788,789) (D 0,0,0)
 0 1 9 8950 27699  19 (D 0,0,0) (S 580,608,29) (S 310,30,384) (S 21,30,31) (S 20,30,29) (S 579,29,287) (S 481,287,383) (S 480,553,383) (S 309,383,382) (S 889,381,221) (S 169,220,221) (S 170,221,222) (S 171,222,223) (S 636,643,223) (S 637,223,247) (S 189,247,248) (S 190,248,249) (S 730,695,696) (D 0,0,0)
 0 1 10 8984 20435  23 (D 0,0,0) (S 569,602,603) (S 643,603,604) (S 642,645,604) (S 608,605,628) (S 571,604,602) (S 570,602,517) (S 433,516,515) (S 610,629,630) (S 609,629,627) (S 620,627,633) (S 825,633,582) (S 941,581,776) (S 903,776,735) (S 800,735,518) (S 811,519,740) (S 901,740,417) (S 276,351,326) (S 253,325,324) (S 611,631,324) (S 612,324,521) (S 691,676,677) (D 0,0,0)
 0 1 11 8760 34307  24 (D 0,0,0) (S 85,114,113) (S 141,186,187) (S 955,187,801) (S 1035,801,124) (S 874,765,764) (S 873,763,764) (S 1059,764,125) (S 1060,125,110) (S 957,125,803) (S 95,125,124) (S 94,124,123) (S 142,123,187) (S 954,187,800) (S 1077,800,805) (S 959,805,797) (S 958,797,804) (S 1029,804,799) (S 1030,799,121) (S 92,121,122) (S 953,798,799) (S 952,799,118) (S 88,118,115) (D 0,0,0)
 0 1 12 9000 28669  21 (D 0,0,0) (S 656,137,290) (S 448,291,155) (S 572,155,363) (S 286,242,363) (S 587,363,156) (S 588,156,614) (S 589,614,88) (S 590,88,597) (S 1072,615,842) (S 1073,842,680) (S 102,133,134) (S 892,134,38) (S 891,38,712) (S 890,712,221) (S 731,697,381) (S 308,381,382) (S 515,382,576) (S 703,576,287) (S 581,608,609) (D 0,0,0)
 0 1 13 8544 21408  14 (D 0,0,0) (S 1011,205,557) (S 489,557,215) (S 165,215,214) (S 497,214,561) (S 195,258,259) (S 1055,608,577) (S 519,577,567) (S 520,567,578) (S 521,578,366) (S 288,257,365) (S 87,117,116) (S 877,116,300) (D 0,0,0)
 0 1 14 8911 29740  19 (D 0,0,0) (S 909,779,778) (S 908,778,238) (S 180,238,237) (S 914,237,782) (S 880,236,152) (S 112,152,153) (S 881,152,140) (S 106,140,141) (S 882,140,391) (S 345,392,428) (S 346,428,386) (S 311,386,387) (S 312,387,388) (S 413,499,500) (S 426,500,396) (S 425,511,396) (S 318,396,395) (D 0,0,0)
 0 1 15 8838 24401  7 (D 0,0,0) (S 290,366,226) (S 175,226,227) (S 176,227,228) (S 204,227,256) (S 194,256,257) (D 0,0,0)
 0 1 16 8997 28666  22 (D 0,0,0) (S 557,367,565) (S 556,565,596) (S 555,538,596) (S 951,596,173) (S 127,173,174) (S 126,173,158) (S 467,158,540) (S 787,540,470) (S 789,314,724) (S 790,724,126) (S 861,724,757) (S 117,160,159) (S 116,159,158) (S 466,158,539) (S 465,539,295) (S 464,295,538) (S 463,538,224) (S 639,537,548) (S 475,548,547) (S 507,567,568) (D 0,0,0)
 0 1 17 8997 24852  20 (D 0,0,0) (S 816,53,454) (S 575,571,472) (S 385,472,471) (S 722,471,691) (S 721,691,690) (S 821,690,97) (S 631,637,638) (S 1046,837,639) (S 633,639,200) (S 155,200,201) (S 156,201,202) (S 865,741,606) (S 864,606,689) (S 719,689,599) (S 564,599,362) (S 283,361,360) (S 282,360,359) (S 408,494,495) (D 0,0,0)
 0 1 18 8974 16903  16 (D 0,0,0) (S 728,0,2) (S 990,732,3) (S 3,3,4) (S 794,728,727) (S 840,747,727) (S 601,621,459) (S 373,459,355) (S 278,355,354) (S 287,354,193) (S 150,193,194) (S 542,585,532) (S 455,150,533) (S 543,532,80) (S 58,80,81) (D 0,0,0)
 0 1 19 8978 26977  18 (D 0,0,0) (S 729,2,695) (S 702,681,222) (S 548,595,38) (S 1080,135,844) (S 1078,844,615) (S 591,615,597) (S 561,597,598) (S 560,597,530) (S 453,530,531) (S 313,390,389) (S 427,389,500) (S 319,396,397) (S 450,397,529) (S 449,529,155) (S 113,155,154) (S 221,154,290) (D 0,0,0)
 0 1 20 8879 26888  15 (D 0,0,0) (S 458,527,535) (S 457,535,445) (S 918,446,452) (S 367,452,427) (S 777,717,427) (S 104,136,137) (S 223,291,242) (S 183,242,241) (S 446,241,528) (S 698,528,678) (S 447,241,291) (S 222,291,154) (S 657,137,427) (D 0,0,0)
 0 1 21 8896 31790  14 (D 0,0,0) (S 1068,609,578) (S 474,546,547) (S 505,547,566) (S 641,566,644) (S 640,566,548) (S 638,537,247) (S 172,223,224) (S 231,297,298) (S 230,297,296) (S 226,295,294) (S 494,560,294) (S 496,258,561) (D 0,0,0)
 0 1 22 8982 29047  24 (D 0,0,0) (S 218,287,286) (S 701,222,595) (S 547,38,135) (S 229,135,276) (S 210,276,275) (S 500,275,486) (S 163,211,212) (S 164,212,213) (S 384,213,470) (S 788,470,314) (S 244,314,159) (S 245,159,315) (S 188,246,213) (S 377,213,462) (S 502,462,219) (S 167,218,217) (S 206,216,271) (S 166,216,217) (S 552,217,463) (S 553,463,297) (S 554,297,538) (S 173,224,225) (D 0,0,0)
 0 1 23 8632 16156  14 (D 0,0,0) (S 441,522,521) (S 812,519,328) (S 257,328,329) (S 525,580,332) (S 526,332,516) (S 432,515,514) (S 744,514,333) (S 260,333,332) (S 434,516,517) (S 435,517,518) (S 436,518,519) (S 437,519,416) (D 0,0,0)
 0 1 24 8902 18472  20 (D 0,0,0) (S 203,63,268) (S 687,268,675) (S 688,675,7) (S 6,7,8) (S 658,8,555) (S 424,509,510) (S 485,509,555) (S 484,555,190) (S 147,190,82) (S 483,81,190) (S 148,190,191) (S 18,27,26) (S 917,26,783) (S 872,27,686) (S 710,686,663) (S 19,27,28) (S 830,28,731) (S 797,731,732) (D 0,0,0)
 0 1 25 8981 36194  19 (D 0,0,0) (S 851,755,754) (S 970,810,813) (S 1082,846,544) (S 472,544,184) (S 138,184,185) (S 1037,808,111) (S 1036,111,801) (S 1034,124,765) (S 1058,764,834) (S 1032,833,834) (S 1033,834,765) (S 875,765,32) (S 22,32,33) (S 143,32,123) (S 93,123,122) (S 950,122,798) (S 949,798,797) (D 0,0,0)
 0 1 26 8673 17871  17 (D 0,0,0) (S 255,326,327) (S 814,435,704) (S 752,704,703) (S 39,54,55) (S 940,55,794) (S 993,794,819) (S 992,794,51) (S 36,51,52) (S 562,167,62) (S 44,61,62) (S 563,62,169) (S 123,168,169) (S 273,169,349) (S 274,349,350) (S 275,350,326) (D 0,0,0)
 0 1 27 8640 16928  28 (D 0,0,0) (S 1,0,1) (S 254,325,326) (S 256,327,328) (S 813,328,435) (S 354,436,437) (S 922,437,784) (S 936,792,793) (S 937,793,785) (S 921,785,784) (S 923,784,786) (S 920,649,784) (S 355,437,438) (S 356,438,439) (S 624,439,422) (S 341,422,423) (S 623,422,515) (S 622,515,634) (S 621,634,627) (S 607,627,626) (S 942,626,581) (S 527,581,582) (S 827,313,736) (S 828,736,739) (S 829,739,418) (S 338,418,417) (S 439,351,520) (D 0,0,0)
 0 1 28 8996 16817  24 (D 0,0,0) (S 832,675,671) (S 833,671,508) (S 423,5,509) (S 755,509,654) (S 662,262,655) (S 776,716,655) (S 663,655,656) (S 988,656,670) (S 987,670,745) (S 837,745,43) (S 996,821,822) (S 997,822,823) (S 1018,823,831) (S 1067,822,43) (S 664,657,656) (S 989,656,818) (S 675,670,261) (S 197,261,262) (S 661,262,654) (S 756,654,82) (S 59,82,81) (S 998,81,695) (D 0,0,0)
 0 1 29 8421 12846  34 (D 0,0,0) (S 693,653,674) (S 684,674,17) (S 11,17,16) (S 682,16,524) (S 443,524,525) (S 444,525,526) (S 1027,526,761) (S 868,761,535) (S 459,527,368) (S 306,368,379) (S 431,379,345) (S 271,346,347) (S 1026,347,526) (S 974,525,14) (S 417,14,506) (S 418,506,177) (S 419,177,507) (S 781,507,344) (S 268,344,265) (S 267,265,343) (S 266,343,342) (S 265,341,342) (S 676,342,261) (S 196,261,260) (S 422,508,5) (S 4,5,6) (S 5,6,7) (S 677,6,671) (S 678,671,267) (S 202,267,268) (S 686,268,180) (S 685,180,674) (D 0,0,0)
 0 1 30 8416 10210  19 (D 0,0,0) (S 727,0,677) (S 659,653,63) (S 1053,63,787) (S 1052,787,816) (S 980,816,65) (S 47,65,66) (S 48,66,67) (S 804,67,170) (S 803,170,449) (S 364,449,450) (S 809,450,739) (S 366,419,451) (S 979,451,65) (S 46,65,64) (S 925,64,520) (S 440,520,521) (S 704,521,677) (D 0,0,0)
 0 1 31 8976 24943  18 (D 0,0,0) (S 360,318,445) (S 456,445,534) (S 584,448,612) (S 906,612,647) (S 649,647,648) (S 646,575,101) (S 76,101,102) (S 75,100,101) (S 645,101,501) (S 644,501,24) (S 17,24,25) (S 16,24,23) (S 795,23,729) (S 15,23,22) (S 249,320,319) (S 586,319,443) (D 0,0,0)
 0 1 32 8969 27701  26 (D 0,0,0) (S 767,518,329) (S 259,331,332) (S 745,333,481) (S 393,480,479) (S 392,479,478) (S 896,478,771) (S 391,478,92) (S 823,477,281) (S 213,279,280) (S 786,280,723) (S 152,197,198) (S 153,198,199) (S 785,198,280) (S 214,280,281) (S 215,281,282) (S 216,282,283) (S 783,282,720) (S 782,282,91) (S 65,90,91) (S 66,91,92) (S 68,93,94) (S 761,94,592) (S 544,591,592) (S 763,455,54) (D 0,0,0)
 0 1 33 8870 25885  22 (D 0,0,0) (S 926,520,325) (S 252,322,323) (S 72,98,97) (S 71,97,96) (S 70,96,95) (S 69,95,94) (S 760,94,707) (S 759,707,201) (S 758,201,146) (S 757,706,146) (S 110,148,149) (S 109,148,147) (S 108,147,146) (S 107,144,145) (S 820,145,742) (S 819,145,202) (S 818,202,741) (S 573,606,96) (S 574,96,472) (S 578,52,607) (D 0,0,0)
 0 1 34 8865 39683  13 (D 0,0,0) (S 1089,843,847) (S 1087,845,183) (S 82,108,109) (S 1066,812,76) (S 56,76,77) (S 1065,812,45) (S 1064,45,109) (S 1063,109,545) (S 1061,809,110) (S 83,110,111) (S 84,111,112) (D 0,0,0)
 0 1 35 8887 39068  14 (D 0,0,0) (S 669,661,662) (S 1005,662,693) (S 1003,641,556) (S 1002,556,303) (S 1001,303,308) (S 239,307,308) (S 1000,824,308) (S 240,308,309) (S 235,302,303) (S 236,303,304) (S 237,304,305) (S 383,304,469) (D 0,0,0)
 0 1 36 8980 23459  17 (D 0,0,0) (S 258,330,331) (S 932,331,580) (S 524,580,438) (S 523,438,579) (S 522,579,57) (S 41,57,58) (S 629,456,562) (S 498,562,563) (S 630,562,93) (S 844,637,749) (S 67,93,92) (S 897,479,772) (S 895,480,770) (S 394,480,59) (S 747,700,636) (D 0,0,0)
 0 1 37 8925 28457  20 (D 0,0,0) (S 1023,432,443) (S 705,447,646) (S 414,501,502) (S 415,502,503) (S 715,20,485) (S 714,485,688) (S 672,667,442) (S 673,442,668) (S 358,442,441) (S 1056,840,441) (S 357,441,440) (S 671,665,666) (S 1006,665,440) (S 546,594,440) (S 1007,440,825) (S 1008,825,667) (S 1009,667,688) (S 717,503,203) (D 0,0,0)
 0 1 38 8939 26589  21 (D 0,0,0) (S 336,416,327) (S 353,415,435) (S 815,704,53) (S 817,591,95) (S 866,741,707) (S 867,707,638) (S 632,638,200) (S 154,200,199) (S 388,79,476) (S 709,476,143) (S 387,142,476) (S 57,78,79) (S 389,199,477) (S 390,477,92) (S 626,636,635) (S 863,758,759) (S 862,758,635) (S 625,635,439) (S 831,437,330) (D 0,0,0)
 0 1 39 8995 17487  32 (D 0,0,0) (S 132,180,179) (S 131,179,178) (S 130,178,177) (S 420,507,266) (S 200,266,265) (S 199,265,264) (S 779,380,86) (S 62,86,85) (S 61,85,42) (S 28,41,42) (S 29,42,43) (S 838,43,657) (S 839,657,746) (S 665,657,84) (S 60,83,84) (S 666,84,373) (S 300,373,374) (S 667,373,658) (S 299,373,40) (S 26,40,39) (S 592,616,39) (S 977,39,815) (S 297,372,371) (S 774,371,715) (S 296,371,370) (S 295,370,369) (S 294,369,368) (S 445,527,526) (S 10,14,15) (S 681,16,672) (D 0,0,0)
 0 1 40 8927 30027  17 (D 0,0,0) (S 317,395,394) (S 904,777,393) (S 315,393,392) (S 314,392,391) (S 883,391,385) (S 884,385,376) (S 304,376,377) (S 348,377,429) (S 332,412,413) (S 349,412,430) (S 945,399,652) (S 652,652,388) (S 653,388,499) (S 654,499,395) (S 655,395,290) (D 0,0,0)
 0 1 41 8997 18037  15 (D 0,0,0) (S 1051,816,738) (S 806,738,737) (S 49,67,68) (S 1049,583,632) (S 1048,632,829) (S 1047,838,829) (S 1016,829,71) (S 930,70,406) (S 326,405,404) (S 528,404,582) (S 826,582,313) (S 810,739,740) (S 438,416,351) (D 0,0,0)
 0 1 42 8992 35844  24 (D 0,0,0) (S 549,595,570) (S 550,570,277) (S 187,246,245) (S 184,244,243) (S 995,243,796) (S 994,820,796) (S 948,796,795) (S 120,162,163) (S 956,795,802) (S 192,252,253) (S 1044,252,802) (S 1043,802,726) (S 1042,836,726) (S 793,726,421) (S 792,421,725) (S 854,725,751) (S 846,751,752) (S 845,750,751) (S 340,421,420) (S 857,420,756) (S 856,756,127) (S 118,128,160) (D 0,0,0)
 0 1 43 8988 35425  16 (D 0,0,0) (S 928,495,788) (S 13,20,19) (S 893,768,19) (S 894,19,769) (S 264,18,340) (S 1054,474,839) (S 386,474,475) (S 487,473,469) (S 486,469,556) (S 635,641,468) (S 382,468,469) (S 488,473,340) (S 263,339,340) (S 12,18,19) (D 0,0,0)
 0 1 44 8949 19243  19 (D 0,0,0) (S 931,702,166) (S 122,166,165) (S 121,164,165) (S 743,165,700) (S 746,700,481) (S 395,481,59) (S 43,59,60) (S 42,59,58) (S 40,57,56) (S 935,56,791) (S 934,56,701) (S 750,701,702) (S 751,702,703) (S 753,704,607) (S 975,705,434) (S 352,434,415) (S 335,415,327) (D 0,0,0)
 0 1 45 8983 41364  16 (D 0,0,0) (S 700,133,680) (S 208,230,273) (S 479,552,299) (S 232,299,229) (S 193,254,255) (S 233,254,229) (S 207,272,230) (S 191,251,231) (S 1045,252,679) (S 699,679,680) (S 1079,842,844) (S 103,135,134) (S 772,712,713) (S 732,381,681) (D 0,0,0)
 0 1 46 8940 32300  32 (D 0,0,0) (S 460,364,536) (S 461,248,537) (S 462,537,224) (S 227,295,296) (S 228,296,218) (S 168,218,219) (S 501,219,211) (S 162,210,211) (S 400,486,487) (S 399,486,274) (S 186,245,130) (S 339,243,161) (S 119,161,128) (S 98,128,129) (S 97,128,127) (S 96,127,126) (S 791,126,725) (S 853,725,756) (S 855,127,757) (S 860,757,160) (S 859,160,748) (S 858,748,245) (S 209,274,275) (S 211,276,277) (S 220,278,289) (S 219,288,278) (S 212,278,277) (S 551,277,217) (S 378,463,462) (S 503,462,539) (D 0,0,0)
 0 1 47 8950 17969  23 (D 0,0,0) (S 337,416,417) (S 902,740,735) (S 801,735,736) (S 802,736,449) (S 363,449,312) (S 242,312,310) (S 241,310,311) (S 243,310,313) (S 824,744,633) (S 619,633,405) (S 618,405,69) (S 50,69,68) (S 529,68,404) (S 325,404,403) (S 324,403,170) (S 124,170,171) (S 125,171,172) (S 808,171,450) (S 365,450,419) (S 978,451,352) (S 277,352,351) (D 0,0,0)
 0 1 48 8934 34133  14 (D 0,0,0) (S 718,689,203) (S 716,503,20) (S 14,20,21) (S 403,21,484) (S 771,710,711) (S 599,618,619) (S 598,618,617) (S 796,617,730) (S 597,617,492) (S 404,491,492) (S 568,99,460) (S 375,460,361) (D 0,0,0)
 0 1 49 7580 10836  19 (D 0,0,0) (S 683,17,523) (S 442,523,522) (S 768,708,433) (S 350,433,432) (S 1024,432,832) (S 1025,832,718) (S 778,718,719) (S 1039,719,832) (S 1040,832,317) (S 1041,317,835) (S 246,317,316) (S 1028,316,761) (S 869,761,762) (S 870,762,673) (S 871,673,708) (S 1038,708,522) (S 660,522,653) (D 0,0,0)
 0 1 50 8998 18673  21 (D 0,0,0) (S 692,677,653) (S 45,63,64) (S 924,64,787) (S 807,738,66) (S 805,67,737) (S 1050,737,583) (S 531,583,504) (S 530,583,68) (S 327,405,406) (S 328,406,407) (S 1014,828,407) (S 329,407,408) (S 1015,407,71) (S 53,71,72) (S 52,71,70) (S 51,70,69) (S 617,632,505) (S 416,505,504) (S 532,504,584) (D 0,0,0)
 0 1 51 8997 18640  24 (D 0,0,0) (S 973,525,762) (S 972,762,718) (S 247,317,318) (S 248,318,319) (S 585,319,534) (S 583,612,611) (S 899,611,774) (S 898,773,774) (S 907,774,612) (S 900,611,647) (S 648,647,646) (S 647,646,575) (S 514,575,497) (S 513,497,574) (S 512,574,359) (S 281,359,358) (S 251,322,321) (S 279,321,356) (S 250,321,320) (S 407,320,494) (S 1022,494,443) (S 359,443,444) (D 0,0,0)
 0 1 52 8999 30770  24 (D 0,0,0) (S 518,577,364) (S 517,364,286) (S 516,286,576) (S 508,570,564) (S 499,564,275) (S 398,274,246) (S 843,315,748) (S 842,748,129) (S 841,129,244) (S 185,244,130) (S 99,130,131) (S 100,131,132) (S 178,234,233) (S 478,233,549) (S 477,551,549) (S 476,549,550) (S 177,232,233) (S 101,132,133) (S 733,681,285) (S 217,284,285) (S 734,285,536) (S 582,609,561) (D 0,0,0)
 0 1 53 8825 20122  15 (D 0,0,0) (S 1020,357,335) (S 261,335,334) (S 822,691,360) (S 284,361,98) (S 73,98,99) (S 74,99,100) (S 376,461,460) (S 567,460,574) (S 566,574,601) (S 262,337,338) (S 919,601,446) (S 361,446,447) (S 362,447,448) (D 0,0,0)
 0 1 54 8929 15724  16 (D 0,0,0) (S 149,191,192) (S 374,192,355) (S 535,585,206) (S 159,206,207) (S 160,207,208) (S 1010,208,826) (S 1019,826,558) (S 492,558,209) (S 493,209,559) (S 539,588,589) (S 540,589,590) (S 541,590,585) (S 533,194,584) (S 799,621,734) (D 0,0,0)
 0 1 55 8959 31536  22 (D 0,0,0) (S 316,394,393) (S 905,393,498) (S 347,386,377) (S 305,377,378) (S 321,378,399) (S 330,400,410) (S 331,410,411) (S 334,410,401) (S 333,401,414) (S 650,651,414) (S 651,414,652) (S 946,652,390) (S 947,390,530) (S 452,530,89) (S 64,89,88) (S 63,87,88) (S 451,89,397) (S 1069,529,614) (S 115,156,157) (S 114,156,155) (D 0,0,0)
 0 1 56 8920 18021  10 (D 0,0,0) (S 999,695,205) (S 157,204,205) (S 158,205,151) (S 238,151,306) (S 876,300,587) (S 537,586,587) (S 538,559,588) (S 614,590,195) (D 0,0,0)
 0 1 57 8927 32770  19 (D 0,0,0) (S 849,541,753) (S 848,753,103) (S 77,103,104) (S 78,104,105) (S 79,105,106) (S 80,106,107) (S 136,108,183) (S 1086,849,183) (S 137,183,184) (S 473,184,545) (S 1062,545,809) (S 965,809,808) (S 964,808,185) (S 139,185,112) (S 140,112,186) (S 960,186,805) (S 86,114,115) (D 0,0,0)
 0 1 58 8699 27570  18 (D 0,0,0) (S 397,485,484) (S 596,483,492) (S 405,492,490) (S 401,490,489) (S 410,489,496) (S 711,687,496) (S 712,496,493) (S 713,493,688) (S 406,493,490) (S 402,490,484) (S 396,484,483) (S 595,483,22) (S 594,22,502) (S 593,502,600) (S 565,600,362) (S 285,362,98) (D 0,0,0)
 0 1 59 8980 35180  22 (D 0,0,0) (S 320,394,398) (S 411,398,498) (S 885,376,766) (S 54,73,74) (S 55,74,75) (S 133,181,75) (S 134,75,182) (S 968,182,806) (S 961,806,74) (S 967,806,767) (S 35,49,50) (S 34,49,48) (S 33,48,47) (S 1085,47,848) (S 1074,48,105) (S 1075,105,843) (S 1076,843,543) (S 470,543,542) (S 468,541,540) (S 506,547,249) (D 0,0,0)
 0 1 60 8994 34604  25 (D 0,0,0) (S 504,566,225) (S 174,225,226) (S 90,119,120) (S 735,120,35) (S 742,120,34) (S 24,34,35) (S 25,35,36) (S 736,35,10) (S 7,9,10) (S 737,10,189) (S 738,189,698) (S 146,189,188) (S 739,699,188) (S 740,188,11) (S 9,11,12) (S 144,32,12) (S 145,12,188) (S 8,10,11) (S 741,11,34) (S 23,34,33) (S 1031,33,121) (S 91,121,119) (S 89,119,118) (D 0,0,0)
 0 1 61 8972 23143  9 (D 0,0,0) (S 495,258,294) (S 225,294,293) (S 224,293,292) (S 559,292,269) (S 558,269,367) (S 291,367,226) (S 289,366,257) (D 0,0,0)
 0 1 62 8984 32607  19 (D 0,0,0) (S 412,499,398) (S 322,400,401) (S 323,401,402) (S 944,399,429) (S 943,429,766) (S 886,766,73) (S 887,73,767) (S 888,767,49) (S 847,49,103) (S 1070,104,841) (S 1071,841,542) (S 469,542,541) (S 850,541,754) (S 971,754,810) (S 966,810,811) (S 1091,811,755) (S 852,755,115) (D 0,0,0)
 0 1 63 8822 18273  18 (D 0,0,0) (S 981,816,733) (S 600,620,621) (S 604,584,622) (S 616,622,505) (S 689,505,623) (S 1017,624,830) (S 606,624,625) (S 605,624,623) (S 690,623,196) (S 151,196,195) (S 615,195,622) (S 603,584,353) (S 602,353,459) (S 372,458,459) (S 798,621,733) (S 982,733,734) (D 0,0,0)
