1606337
64
3601219
3113033
 0 1 1 7655 11508  17 (D 0,0,0) (S 768,708,433) (S 350,433,432) (S 1023,432,443) (S 359,443,444) (S 1022,443,494) (S 408,494,495) (S 409,495,350) (S 275,350,326) (S 276,326,351) (S 277,351,352) (S 978,352,451) (S 979,451,65) (S 46,65,64) (S 924,64,787) (S 1053,787,63) (D 0,0,0)
 0 1 2 8762 30621  8 (D 0,0,0) (S 558,367,269) (S 272,292,348) (S 962,348,175) (S 129,175,176) (S 963,175,807) (S 128,175,174) (D 0,0,0)
 0 1 3 8143 13820  25 (D 0,0,0) (S 1,0,1) (S 728,0,2) (S 148,191,190) (S 485,555,509) (S 424,509,510) (S 755,509,654) (S 423,509,5) (S 422,5,508) (S 267,343,265) (S 199,265,264) (S 198,264,263) (S 301,263,86) (S 302,86,375) (S 430,375,513) (S 536,513,369) (S 303,370,375) (S 429,375,512) (S 985,512,85) (S 62,85,86) (S 779,86,380) (S 307,380,264) (S 780,380,344) (S 781,344,507) (D 0,0,0)
 0 1 4 8926 27194  15 (D 0,0,0) (S 692,677,653) (S 343,426,425) (S 912,425,781) (S 342,425,424) (S 784,721,722) (S 878,722,424) (S 879,424,236) (S 179,236,237) (S 180,237,238) (S 909,778,779) (S 916,779,426) (S 777,717,427) (S 362,447,448) (D 0,0,0)
 0 1 5 8938 32622  13 (D 0,0,0) (S 14,20,21) (S 403,21,484) (S 771,710,711) (S 599,618,619) (S 598,618,617) (S 796,617,730) (S 597,617,492) (S 595,483,22) (S 594,22,502) (S 593,502,600) (S 73,99,98) (D 0,0,0)
 0 1 6 8840 12700  25 (D 0,0,0) (S 659,653,63) (S 45,63,64) (S 925,64,520) (S 441,521,522) (S 1038,522,708) (S 871,708,673) (S 870,673,762) (S 972,762,718) (S 778,718,719) (S 1039,719,832) (S 1040,832,317) (S 1041,317,835) (S 1028,316,761) (S 1027,761,526) (S 1026,526,347) (S 271,347,346) (S 270,346,345) (S 269,345,344) (S 268,344,265) (S 200,265,266) (S 201,266,267) (S 202,267,268) (S 203,268,63) (D 0,0,0)
 0 1 7 8991 27679  14 (D 0,0,0) (S 656,137,290) (S 221,290,154) (S 447,291,241) (S 446,241,528) (S 698,528,678) (S 183,241,242) (S 286,242,363) (S 572,363,155) (S 113,155,154) (S 104,136,137) (S 456,534,445) (S 457,445,535) (D 0,0,0)
 0 1 8 8995 33304  25 (D 0,0,0) (S 88,115,118) (S 89,118,119) (S 90,119,120) (S 735,120,35) (S 736,35,10) (S 737,10,189) (S 738,189,698) (S 146,189,188) (S 145,188,12) (S 144,12,32) (S 23,33,34) (S 741,34,11) (S 9,11,12) (S 739,699,188) (S 740,188,11) (S 8,11,10) (S 7,9,10) (S 25,35,36) (S 24,35,34) (S 742,34,120) (S 91,119,121) (S 1030,121,799) (S 293,174,293) (D 0,0,0)
 0 1 9 8530 16241  29 (D 0,0,0) (S 686,180,268) (S 687,268,675) (S 832,675,671) (S 833,671,508) (S 834,508,343) (S 196,260,261) (S 675,261,670) (S 837,745,43) (S 838,43,657) (S 839,657,746) (S 60,83,84) (S 666,84,373) (S 667,373,658) (S 300,373,374) (S 299,373,40) (S 26,40,39) (S 592,616,39) (S 977,39,815) (S 298,40,372) (S 297,372,371) (S 296,371,370) (S 294,369,368) (S 306,368,379) (S 431,379,345) (S 697,346,506) (S 696,506,431) (S 695,431,672) (D 0,0,0)
 0 1 10 7593 10181  22 (D 0,0,0) (S 727,0,677) (S 691,676,677) (S 660,653,522) (S 442,522,523) (S 683,523,17) (S 11,17,16) (S 681,16,672) (S 679,179,267) (S 678,267,671) (S 677,671,6) (S 5,6,7) (S 6,7,8) (S 658,8,555) (S 484,555,190) (S 483,190,81) (S 59,81,82) (S 147,82,190) (S 58,81,80) (S 543,80,532) (S 991,191,3) (D 0,0,0)
 0 1 11 8683 18310  26 (D 0,0,0) (S 704,677,521) (S 612,521,324) (S 253,324,325) (S 354,436,437) (S 922,437,784) (S 923,784,786) (S 920,649,784) (S 921,784,785) (S 937,785,793) (S 936,792,793) (S 938,793,660) (S 668,659,660) (S 939,660,790) (S 933,790,701) (S 934,701,56) (S 935,56,791) (S 40,56,57) (S 41,57,58) (S 628,58,456) (S 371,456,457) (S 370,456,455) (S 763,455,54) (S 38,54,53) (S 815,53,704) (D 0,0,0)
 0 1 12 8023 15321  20 (D 0,0,0) (S 1052,787,816) (S 980,816,65) (S 47,65,66) (S 48,66,67) (S 804,67,170) (S 324,170,403) (S 325,403,404) (S 528,404,582) (S 825,582,633) (S 824,744,633) (S 826,582,313) (S 243,313,310) (S 241,310,311) (S 242,310,312) (S 363,312,449) (S 364,449,450) (S 365,450,419) (S 366,419,451) (D 0,0,0)
 0 1 13 8946 33911  21 (D 0,0,0) (S 1068,609,578) (S 850,541,754) (S 971,754,810) (S 959,805,797) (S 949,797,798) (S 92,122,121) (S 1031,121,33) (S 22,33,32) (S 1033,765,834) (S 1032,833,834) (S 1058,834,764) (S 874,764,765) (S 1034,765,124) (S 1035,124,801) (S 955,801,187) (S 141,187,186) (S 960,186,805) (S 85,113,114) (S 86,114,115) (D 0,0,0)
 0 1 14 8673 33635  14 (D 0,0,0) (S 249,319,320) (S 285,98,362) (S 565,362,600) (S 415,502,503) (S 13,20,19) (S 893,768,19) (S 894,19,769) (S 12,19,18) (S 263,339,340) (S 488,340,473) (S 1054,474,839) (S 386,474,475) (D 0,0,0)
 0 1 15 8960 14964  12 (D 0,0,0) (S 729,2,695) (S 999,695,205) (S 1011,205,557) (S 490,557,306) (S 491,306,558) (S 1019,558,826) (S 1010,826,208) (S 493,209,559) (S 538,559,588) (S 539,588,589) (D 0,0,0)
 0 1 16 8974 35597  21 (D 0,0,0) (S 952,118,799) (S 953,799,798) (S 950,798,122) (S 93,122,123) (S 143,123,32) (S 875,32,765) (S 873,763,764) (S 1059,764,125) (S 95,125,124) (S 1036,801,111) (S 1037,111,808) (S 964,185,808) (S 965,808,809) (S 1060,110,125) (S 957,125,803) (S 94,124,123) (S 142,123,187) (S 954,187,800) (S 1077,800,805) (D 0,0,0)
 0 1 17 8912 39999  11 (D 0,0,0) (S 967,767,806) (S 969,182,812) (S 1066,812,76) (S 56,76,77) (S 1065,812,45) (S 1064,45,109) (S 1063,109,545) (S 138,184,185) (S 139,185,112) (D 0,0,0)
 0 1 18 8919 29256  25 (D 0,0,0) (S 189,248,247) (S 637,247,223) (S 636,643,223) (S 171,223,222) (S 549,595,570) (S 508,570,564) (S 499,564,275) (S 398,274,246) (S 187,246,245) (S 858,245,748) (S 842,748,129) (S 841,244,129) (S 98,129,128) (S 118,128,160) (S 117,160,159) (S 244,159,314) (S 788,314,470) (S 787,470,540) (S 463,538,224) (S 462,224,537) (S 639,537,548) (S 640,548,566) (S 474,546,547) (D 0,0,0)
 0 1 19 8978 30799  23 (D 0,0,0) (S 641,566,644) (S 173,225,224) (S 230,296,297) (S 231,297,298) (S 553,297,463) (S 552,463,217) (S 206,216,271) (S 166,216,217) (S 551,217,277) (S 219,288,278) (S 220,278,289) (S 212,278,277) (S 167,217,218) (S 228,218,296) (S 227,296,295) (S 464,295,538) (S 461,537,248) (S 190,248,249) (S 507,567,568) (S 521,578,366) (S 289,366,257) (D 0,0,0)
 0 1 20 8777 17419  25 (D 0,0,0) (S 437,416,519) (S 812,519,328) (S 258,330,331) (S 932,331,580) (S 525,580,332) (S 526,332,516) (S 434,516,517) (S 569,602,603) (S 643,603,604) (S 642,645,604) (S 608,605,628) (S 571,604,602) (S 570,602,517) (S 435,517,518) (S 811,519,740) (S 810,740,739) (S 809,739,450) (S 808,450,171) (S 125,171,172) (S 124,171,170) (S 803,170,449) (S 802,449,736) (S 829,739,418) (D 0,0,0)
 0 1 21 8737 33678  18 (D 0,0,0) (S 248,318,319) (S 646,575,101) (S 414,501,502) (S 379,464,465) (S 724,692,466) (S 381,466,467) (S 708,467,684) (S 707,467,683) (S 706,682,683) (S 1004,683,641) (S 634,640,641) (S 1003,641,556) (S 486,556,469) (S 382,469,468) (S 635,468,641) (S 1006,665,440) (D 0,0,0)
 0 1 22 8973 20124  21 (D 0,0,0) (S 281,358,359) (S 512,359,574) (S 566,574,601) (S 262,337,338) (S 919,601,446) (S 361,446,447) (S 705,447,646) (S 648,646,647) (S 899,611,774) (S 898,773,774) (S 907,774,612) (S 583,612,611) (S 900,611,647) (S 649,647,648) (S 906,647,612) (S 584,612,448) (S 585,534,319) (S 586,319,443) (S 1025,832,718) (D 0,0,0)
 0 1 23 8437 26529  13 (D 0,0,0) (S 730,695,696) (S 165,215,214) (S 520,578,567) (S 506,249,547) (S 504,566,225) (S 174,225,226) (S 176,227,228) (S 175,227,226) (S 288,257,365) (S 87,117,116) (S 877,116,300) (D 0,0,0)
 0 1 24 8344 28260  20 (D 0,0,0) (S 67,93,92) (S 896,478,771) (S 391,478,92) (S 66,92,91) (S 65,90,91) (S 782,91,282) (S 216,282,283) (S 783,282,720) (S 215,282,281) (S 389,477,199) (S 154,199,200) (S 1046,837,639) (S 633,639,200) (S 632,200,638) (S 844,637,749) (S 631,637,638) (S 867,638,707) (S 866,707,741) (D 0,0,0)
 0 1 25 8957 38347  15 (D 0,0,0) (S 1008,667,825) (S 1057,825,441) (S 1002,556,303) (S 235,302,303) (S 239,307,308) (S 240,308,309) (S 1000,824,308) (S 1001,308,303) (S 236,303,304) (S 237,304,305) (S 383,304,469) (S 487,469,473) (S 264,340,18) (D 0,0,0)
 0 1 26 8845 33967  24 (D 0,0,0) (S 852,115,755) (S 851,754,755) (S 1091,755,811) (S 966,811,810) (S 970,810,813) (S 1076,543,843) (S 1075,843,105) (S 79,105,106) (S 80,106,107) (S 1084,106,47) (S 32,46,47) (S 1085,47,848) (S 33,47,48) (S 34,48,49) (S 35,49,50) (S 1074,48,105) (S 78,105,104) (S 77,103,104) (S 1070,104,841) (S 1071,841,542) (S 469,542,541) (S 475,548,547) (D 0,0,0)
 0 1 27 8822 14644  25 (D 0,0,0) (S 998,695,81) (S 756,82,654) (S 661,654,262) (S 663,655,656) (S 989,656,818) (S 988,656,670) (S 987,670,745) (S 986,745,85) (S 61,85,42) (S 665,84,657) (S 664,657,656) (S 776,716,655) (S 662,655,262) (S 197,262,261) (S 676,261,342) (S 265,341,342) (S 266,342,343) (S 421,508,266) (S 420,266,507) (S 419,507,177) (S 131,178,179) (S 132,179,180) (S 685,180,674) (D 0,0,0)
 0 1 28 8947 22301  20 (D 0,0,0) (S 524,580,438) (S 523,438,579) (S 748,579,636) (S 627,636,58) (S 42,58,59) (S 43,59,60) (S 895,480,770) (S 897,479,772) (S 393,479,480) (S 394,480,59) (S 395,59,481) (S 746,481,700) (S 863,758,759) (S 862,758,635) (S 356,439,438) (S 355,438,437) (S 831,437,330) (S 257,329,328) (D 0,0,0)
 0 1 29 8799 19112  19 (D 0,0,0) (S 611,631,324) (S 254,325,326) (S 256,327,328) (S 813,328,435) (S 39,54,55) (S 940,55,794) (S 993,794,819) (S 992,794,51) (S 36,51,52) (S 578,52,607) (S 754,607,705) (S 562,167,62) (S 44,61,62) (S 563,62,169) (S 123,168,169) (S 273,169,349) (S 274,349,350) (D 0,0,0)
 0 1 30 5678 12214  11 (D 0,0,0) (S 2,2,3) (S 990,3,732) (S 797,732,731) (S 830,731,28) (S 19,28,27) (S 872,27,686) (S 710,686,663) (S 917,26,783) (S 18,26,27) (D 0,0,0)
 0 1 31 8566 19765  15 (D 0,0,0) (S 278,355,354) (S 287,354,193) (S 150,193,194) (S 615,195,622) (S 605,623,624) (S 1017,624,830) (S 606,624,625) (S 1047,838,829) (S 52,71,70) (S 51,70,69) (S 1049,632,583) (S 1050,583,737) (S 806,737,738) (D 0,0,0)
 0 1 32 8991 23783  10 (D 0,0,0) (S 291,226,367) (S 292,367,293) (S 224,293,292) (S 559,292,269) (S 205,269,227) (S 204,227,256) (S 194,256,257) (S 496,258,561) (D 0,0,0)
 0 1 33 8731 17563  30 (D 0,0,0) (S 688,675,7) (S 4,6,5) (S 835,343,260) (S 836,260,745) (S 1067,43,822) (S 997,822,823) (S 1018,823,831) (S 996,821,822) (S 29,43,42) (S 28,42,41) (S 775,715,372) (S 27,40,41) (S 428,41,512) (S 984,512,715) (S 983,817,715) (S 774,715,371) (S 674,370,669) (S 295,370,369) (S 459,368,527) (S 868,535,761) (S 869,761,762) (S 973,762,525) (S 974,525,14) (S 417,14,506) (S 418,506,177) (S 130,177,178) (S 680,179,672) (S 694,672,674) (D 0,0,0)
 0 1 34 8876 27907  21 (D 0,0,0) (S 10,15,14) (S 445,526,527) (S 458,527,535) (S 918,446,452) (S 657,427,137) (S 318,395,396) (S 427,500,389) (S 313,389,390) (S 946,652,390) (S 947,390,530) (S 453,530,531) (S 560,530,597) (S 561,597,598) (S 452,530,89) (S 451,89,397) (S 450,397,529) (S 449,529,155) (S 448,155,291) (S 222,291,154) (D 0,0,0)
 0 1 35 8939 40942  17 (D 0,0,0) (S 516,286,576) (S 102,134,133) (S 700,133,680) (S 699,680,679) (S 1045,679,252) (S 191,251,231) (S 232,229,299) (S 479,552,299) (S 193,254,255) (S 233,254,229) (S 207,272,230) (S 208,230,273) (S 1073,680,842) (S 1078,615,844) (S 548,38,595) (D 0,0,0)
 0 1 36 8987 31315  19 (D 0,0,0) (S 315,393,392) (S 314,392,391) (S 883,391,385) (S 884,385,376) (S 943,766,429) (S 945,399,652) (S 334,401,410) (S 331,410,411) (S 330,410,400) (S 322,400,401) (S 323,401,402) (S 333,401,414) (S 650,651,414) (S 651,414,652) (S 652,652,388) (S 655,395,290) (S 1024,432,832) (D 0,0,0)
 0 1 37 8986 29280  22 (D 0,0,0) (S 283,360,361) (S 72,98,97) (S 71,97,96) (S 573,96,606) (S 865,606,741) (S 156,202,201) (S 155,201,200) (S 709,476,143) (S 387,142,476) (S 388,476,79) (S 57,78,79) (S 153,199,198) (S 152,197,198) (S 785,198,280) (S 786,280,723) (S 213,279,280) (S 214,280,281) (S 823,281,477) (S 390,477,92) (S 392,478,479) (D 0,0,0)
 0 1 38 8991 33195  19 (D 0,0,0) (S 126,173,158) (S 467,158,540) (S 468,540,541) (S 849,541,753) (S 1090,753,841) (S 1089,843,847) (S 1088,847,845) (S 1087,845,183) (S 1086,849,183) (S 473,184,545) (S 1062,545,809) (S 1061,809,110) (S 83,110,111) (S 84,111,112) (S 140,112,186) (S 958,797,804) (S 1029,804,799) (D 0,0,0)
 0 1 39 8829 14601  21 (D 0,0,0) (S 149,191,192) (S 374,192,355) (S 373,355,459) (S 602,459,353) (S 531,504,583) (S 530,583,68) (S 529,68,404) (S 527,582,581) (S 942,581,626) (S 607,626,627) (S 620,627,633) (S 619,633,405) (S 618,405,69) (S 50,69,68) (S 49,68,67) (S 805,67,737) (S 807,66,738) (S 1051,738,816) (S 981,816,733) (D 0,0,0)
 0 1 40 8931 20772  16 (D 0,0,0) (S 750,702,701) (S 749,701,579) (S 522,579,57) (S 629,456,562) (S 498,562,563) (S 630,562,93) (S 68,93,94) (S 761,94,592) (S 545,592,593) (S 762,592,455) (S 764,54,703) (S 765,703,436) (S 766,436,329) (S 336,327,416) (D 0,0,0)
 0 1 41 8979 29130  19 (D 0,0,0) (S 284,361,98) (S 564,362,599) (S 719,599,689) (S 396,484,483) (S 596,483,492) (S 404,491,492) (S 405,492,490) (S 401,490,489) (S 410,489,496) (S 711,687,496) (S 712,496,493) (S 713,493,688) (S 406,493,490) (S 402,490,484) (S 397,484,485) (S 720,599,690) (S 722,691,471) (D 0,0,0)
 0 1 42 8622 18614  19 (D 0,0,0) (S 799,734,621) (S 601,621,459) (S 532,584,504) (S 416,504,505) (S 617,505,632) (S 1048,632,829) (S 1016,829,71) (S 53,71,72) (S 1015,71,407) (S 329,407,408) (S 1014,828,407) (S 328,407,406) (S 930,70,406) (S 327,406,405) (S 326,405,404) (S 827,313,736) (S 337,417,416) (D 0,0,0)
 0 1 43 8978 24780  23 (D 0,0,0) (S 282,359,360) (S 822,360,691) (S 721,691,690) (S 821,690,97) (S 70,96,95) (S 69,95,94) (S 760,94,707) (S 759,707,201) (S 758,201,146) (S 757,706,146) (S 108,146,147) (S 110,148,149) (S 109,148,147) (S 107,144,145) (S 820,145,742) (S 819,145,202) (S 818,202,741) (S 817,95,591) (S 544,591,592) (S 369,455,454) (S 440,520,521) (D 0,0,0)
 0 1 44 8911 19870  23 (D 0,0,0) (S 338,417,418) (S 828,739,736) (S 801,736,735) (S 903,735,776) (S 941,776,581) (S 610,629,630) (S 609,629,627) (S 621,627,634) (S 622,634,515) (S 623,515,422) (S 341,422,423) (S 624,422,439) (S 625,439,635) (S 626,635,636) (S 747,636,700) (S 743,700,165) (S 121,164,165) (S 122,165,166) (S 931,166,702) (S 751,702,703) (S 752,703,704) (D 0,0,0)
 0 1 45 8999 25653  11 (D 0,0,0) (S 495,258,294) (S 494,560,294) (S 225,294,293) (S 127,174,173) (S 951,173,596) (S 556,596,565) (S 557,565,367) (S 290,226,366) (S 497,561,214) (D 0,0,0)
 0 1 46 8739 32369  17 (D 0,0,0) (S 848,753,103) (S 847,103,49) (S 888,49,767) (S 887,767,73) (S 55,74,75) (S 133,181,75) (S 134,75,182) (S 968,182,806) (S 961,806,74) (S 54,74,73) (S 886,73,766) (S 885,766,376) (S 304,376,377) (S 311,386,387) (S 320,398,394) (D 0,0,0)
 0 1 47 8993 27309  14 (D 0,0,0) (S 489,557,215) (S 195,258,259) (S 582,561,609) (S 1055,608,577) (S 518,577,364) (S 517,364,286) (S 218,286,287) (S 579,287,29) (S 21,30,31) (S 310,30,384) (S 20,30,29) (S 580,29,608) (D 0,0,0)
 0 1 48 8819 36366  15 (D 0,0,0) (S 471,543,544) (S 1082,846,544) (S 472,544,184) (S 137,184,183) (S 136,183,108) (S 135,108,46) (S 31,46,45) (S 30,44,45) (S 82,109,108) (S 81,108,107) (S 1081,107,845) (S 1083,847,544) (S 470,543,542) (D 0,0,0)
 0 1 49 8990 28450  25 (D 0,0,0) (S 226,294,295) (S 466,539,158) (S 116,158,159) (S 245,159,315) (S 843,315,748) (S 859,748,160) (S 860,160,757) (S 855,757,127) (S 856,127,756) (S 853,756,725) (S 854,725,751) (S 845,750,751) (S 846,751,752) (S 791,725,126) (S 96,126,127) (S 861,757,724) (S 789,724,314) (S 384,470,213) (S 377,213,462) (S 503,462,539) (S 465,539,295) (S 555,538,596) (S 505,566,547) (D 0,0,0)
 0 1 50 8715 35978  21 (D 0,0,0) (S 790,724,126) (S 97,127,128) (S 119,128,161) (S 995,243,796) (S 994,820,796) (S 948,796,795) (S 120,162,163) (S 956,795,802) (S 1044,802,252) (S 192,252,253) (S 1043,802,726) (S 1042,836,726) (S 793,726,421) (S 340,421,420) (S 857,420,756) (S 792,725,421) (S 339,161,243) (S 184,243,244) (S 185,244,130) (D 0,0,0)
 0 1 51 8994 29459  21 (D 0,0,0) (S 317,395,394) (S 316,394,393) (S 904,777,393) (S 905,393,498) (S 345,428,392) (S 882,391,140) (S 106,140,141) (S 881,140,152) (S 112,152,153) (S 880,152,236) (S 914,237,782) (S 913,237,781) (S 915,781,778) (S 908,778,238) (S 181,238,239) (S 911,239,780) (S 182,239,240) (S 910,239,779) (S 344,426,427) (D 0,0,0)
 0 1 52 8719 15543  16 (D 0,0,0) (S 982,734,733) (S 798,733,621) (S 372,458,459) (S 603,353,584) (S 604,584,622) (S 616,622,505) (S 689,505,623) (S 690,623,196) (S 151,196,195) (S 534,194,585) (S 541,585,590) (S 613,590,207) (S 159,207,206) (S 542,585,532) (D 0,0,0)
 0 1 53 8999 20453  12 (D 0,0,0) (S 600,620,621) (S 533,584,194) (S 614,195,590) (S 540,590,589) (S 537,586,587) (S 876,587,300) (S 492,558,209) (S 161,209,208) (S 160,208,207) (S 535,206,585) (D 0,0,0)
 0 1 54 8687 31396  20 (D 0,0,0) (S 715,20,485) (S 714,485,688) (S 672,667,442) (S 673,442,668) (S 358,442,441) (S 1056,840,441) (S 357,441,440) (S 546,594,440) (S 671,665,666) (S 670,665,465) (S 380,465,466) (S 725,466,693) (S 726,693,694) (S 1005,693,662) (S 669,661,662) (S 1007,440,825) (S 1009,667,688) (S 716,20,503) (D 0,0,0)
 0 1 55 8359 16052  15 (D 0,0,0) (S 901,417,740) (S 902,740,735) (S 800,735,518) (S 433,516,515) (S 432,515,514) (S 744,514,333) (S 745,333,481) (S 260,333,332) (S 259,332,331) (S 767,329,518) (S 436,518,519) (S 438,416,351) (S 439,351,520) (D 0,0,0)
 0 1 56 8971 32542  27 (D 0,0,0) (S 638,537,247) (S 172,223,224) (S 554,538,297) (S 378,463,462) (S 502,462,219) (S 168,218,219) (S 501,219,211) (S 162,210,211) (S 163,211,212) (S 164,212,213) (S 188,213,246) (S 186,245,130) (S 99,130,131) (S 100,131,132) (S 177,232,233) (S 478,233,549) (S 476,549,550) (S 477,551,549) (S 178,233,234) (S 101,132,133) (S 732,681,381) (S 731,697,381) (S 309,382,383) (S 480,553,383) (S 481,383,287) (D 0,0,0)
 0 1 57 8771 28779  19 (D 0,0,0) (S 367,452,427) (S 223,291,242) (S 587,363,156) (S 115,156,157) (S 588,156,614) (S 589,614,88) (S 63,87,88) (S 64,88,89) (S 590,88,597) (S 591,597,615) (S 1072,615,842) (S 1079,842,844) (S 1080,844,135) (S 547,135,38) (S 891,38,712) (S 169,220,221) (S 170,221,222) (D 0,0,0)
 0 1 58 8956 20001  14 (D 0,0,0) (S 3,3,4) (S 840,747,727) (S 794,727,728) (S 454,532,150) (S 455,150,533) (S 111,150,151) (S 238,151,306) (S 234,300,301) (S 1013,301,827) (S 1012,301,557) (S 157,204,205) (S 158,205,151) (D 0,0,0)
 0 1 59 8852 27123  26 (D 0,0,0) (S 519,567,577) (S 460,364,536) (S 734,536,285) (S 217,284,285) (S 733,285,681) (S 702,681,222) (S 701,222,595) (S 550,570,277) (S 211,277,276) (S 209,275,274) (S 399,274,486) (S 400,486,487) (S 500,486,275) (S 210,275,276) (S 229,276,135) (S 103,135,134) (S 892,134,38) (S 772,712,713) (S 890,712,221) (S 889,221,381) (S 308,381,382) (S 515,382,576) (S 703,576,287) (S 581,608,609) (D 0,0,0)
 0 1 60 8968 32595  21 (D 0,0,0) (S 114,155,156) (S 1069,614,529) (S 319,397,396) (S 425,511,396) (S 426,396,500) (S 413,500,499) (S 412,499,398) (S 411,398,498) (S 346,428,386) (S 347,386,377) (S 305,377,378) (S 321,378,399) (S 944,399,429) (S 332,412,413) (S 349,412,430) (S 348,429,377) (S 312,387,388) (S 653,388,499) (S 654,499,395) (D 0,0,0)
 0 1 61 8863 20040  20 (D 0,0,0) (S 407,494,320) (S 250,320,321) (S 279,321,356) (S 251,321,322) (S 252,322,323) (S 482,358,554) (S 105,138,139) (S 769,709,139) (S 770,554,573) (S 511,573,359) (S 510,573,572) (S 773,572,714) (S 509,572,571) (S 577,453,52) (S 975,705,434) (S 351,434,349) (S 927,495,325) (S 926,325,520) (D 0,0,0)
 0 1 62 8967 24874  15 (D 0,0,0) (S 335,327,415) (S 352,415,434) (S 574,472,96) (S 864,606,689) (S 718,689,203) (S 717,203,503) (S 15,22,23) (S 795,23,729) (S 16,23,24) (S 17,24,25) (S 644,24,501) (S 645,501,101) (S 76,101,102) (D 0,0,0)
 0 1 63 8708 19624  20 (D 0,0,0) (S 280,357,322) (S 375,361,460) (S 568,460,99) (S 74,99,100) (S 75,100,101) (S 376,461,460) (S 567,460,574) (S 513,574,497) (S 514,497,575) (S 647,575,646) (S 360,445,318) (S 247,318,317) (S 246,317,316) (S 444,526,525) (S 443,525,524) (S 682,524,16) (S 684,17,674) (S 693,674,653) (D 0,0,0)
 0 1 64 8765 15957  19 (D 0,0,0) (S 928,495,788) (S 929,788,789) (S 976,788,814) (S 1021,814,357) (S 1020,357,335) (S 261,335,334) (S 723,334,471) (S 385,471,472) (S 575,472,571) (S 576,571,453) (S 368,453,454) (S 816,454,53) (S 37,53,52) (S 753,607,704) (S 814,704,435) (S 353,435,415) (S 255,327,326) (D 0,0,0)
