440640
60
1807843
1659453
 0 1 1 161496 3615  19 (D 0,0,0) (S 378,576,575) (S 447,626,215) (S 114,215,214) (S 454,214,630) (S 455,630,625) (S 439,625,626) (S 446,215,208) (S 111,208,207) (S 456,209,415) (S 246,415,223) (S 118,223,222) (S 476,222,416) (S 440,417,457) (S 279,457,209) (S 453,209,628) (S 448,628,211) (S 113,211,212) (D 0,0,0)
 0 1 2 166089 4412  13 (D 0,0,0) (S 449,211,627) (S 245,414,413) (S 244,411,410) (S 6,18,19) (S 483,516,224) (S 302,492,232) (S 123,232,233) (S 479,232,646) (S 478,646,413) (S 506,664,657) (S 500,657,658) (D 0,0,0)
 0 1 3 167958 4223  19 (D 0,0,0) (S 511,658,660) (S 502,659,137) (S 504,137,661) (S 510,661,662) (S 507,662,663) (S 505,663,406) (S 482,405,647) (S 481,647,648) (S 480,648,649) (S 477,647,646) (S 119,227,226) (S 247,226,418) (S 494,412,653) (S 492,653,138) (S 68,138,134) (S 290,134,484) (S 294,484,485) (D 0,0,0)
 0 1 4 167969 6028  27 (D 0,0,0) (S 107,200,199) (S 426,199,616) (S 427,199,617) (S 428,617,613) (S 423,611,612) (S 514,612,666) (S 520,666,243) (S 129,243,244) (S 515,243,667) (S 518,667,669) (S 516,668,669) (S 531,669,673) (S 529,673,672) (S 527,672,671) (S 534,671,675) (S 533,676,675) (S 532,675,673) (S 530,674,673) (S 528,672,667) (S 519,612,654) (S 125,236,234) (S 124,234,235) (S 497,235,485) (S 498,480,656) (S 108,202,201) (D 0,0,0)
 0 1 5 166629 5807  17 (D 0,0,0) (S 437,624,623) (S 512,660,482) (S 288,135,479) (S 135,253,254) (S 540,253,128) (S 66,128,130) (S 134,252,129) (S 469,491,407) (S 133,250,248) (S 318,248,512) (S 132,248,249) (S 525,408,238) (S 524,670,614) (S 513,654,236) (S 517,236,484) (D 0,0,0)
 0 1 6 167795 7290  25 (D 0,0,0) (S 501,660,659) (S 503,659,136) (S 69,136,135) (S 508,479,663) (S 321,516,497) (S 559,518,262) (S 562,262,561) (S 565,695,312) (S 563,312,314) (S 564,314,562) (S 367,562,563) (S 546,563,684) (S 558,682,693) (S 560,693,695) (S 561,695,561) (S 366,561,263) (S 356,263,311) (S 173,311,312) (S 174,314,313) (S 287,477,476) (S 324,519,309) (S 172,309,310) (S 291,135,482) (D 0,0,0)
 0 1 7 166905 6716  15 (D 0,0,0) (S 289,134,483) (S 143,266,184) (S 201,350,184) (S 98,184,183) (S 197,182,180) (S 195,180,347) (S 196,347,348) (S 198,283,348) (S 199,116,264) (S 142,264,265) (S 97,177,179) (S 96,182,183) (S 656,183,752) (D 0,0,0)
 0 1 8 166840 5133  9 (D 0,0,0) (S 536,246,584) (S 384,245,582) (S 386,582,49) (S 131,247,50) (S 301,45,491) (S 300,251,130) (S 299,130,490) (D 0,0,0)
 0 1 9 167533 6475  18 (D 0,0,0) (S 509,483,653) (S 655,751,752) (S 205,357,358) (S 657,357,514) (S 319,513,514) (S 658,514,49) (S 243,407,402) (S 239,402,237) (S 126,237,238) (S 526,238,239) (S 127,239,240) (S 521,239,241) (S 128,241,242) (S 523,241,670) (S 522,670,615) (S 429,615,612) (D 0,0,0)
 0 1 10 164619 4910  14 (D 0,0,0) (S 425,615,614) (S 424,614,409) (S 539,643,490) (S 298,490,86) (S 322,87,474) (S 541,517,652) (S 490,650,651) (S 491,652,492) (S 304,232,493) (S 487,494,645) (S 485,645,131) (S 443,457,627) (D 0,0,0)
 0 1 11 165395 4155  15 (D 0,0,0) (S 435,212,621) (S 444,621,627) (S 484,414,228) (S 120,228,38) (S 295,38,486) (S 297,487,489) (S 474,489,634) (S 464,634,2) (S 465,2,218) (S 458,217,221) (S 457,631,221) (S 117,221,220) (S 462,220,632) (D 0,0,0)
 0 1 12 167882 5793  24 (D 0,0,0) (S 460,632,631) (S 459,631,216) (S 461,216,633) (S 115,216,217) (S 116,217,218) (S 175,315,316) (S 463,315,498) (S 308,498,495) (S 305,495,4) (S 468,4,635) (S 466,635,636) (S 467,637,638) (S 472,638,639) (S 473,638,642) (S 471,641,640) (S 470,640,496) (S 306,496,4) (S 1,4,3) (S 475,634,222) (S 451,628,214) (S 450,629,630) (S 438,625,212) (D 0,0,0)
 0 1 13 129997 3345  11 (D 0,0,0) (S 112,208,210) (S 445,208,419) (S 241,400,404) (S 237,400,399) (S 236,399,205) (S 235,206,398) (S 238,398,401) (S 240,401,403) (S 248,403,419) (D 0,0,0)
 0 1 14 135102 1840  8 (D 0,0,0) (S 379,575,195) (S 441,577,609) (S 442,609,620) (S 434,620,213) (S 436,213,622) (S 452,622,607) (D 0,0,0)
 0 1 15 167787 6209  15 (D 0,0,0) (S 381,23,573) (S 380,557,523) (S 398,572,591) (S 395,591,590) (S 397,113,345) (S 194,345,346) (S 58,114,115) (S 433,115,619) (S 431,619,15) (S 4,14,15) (S 430,619,618) (S 5,16,17) (S 407,596,572) (D 0,0,0)
 0 1 16 164482 6047  23 (D 0,0,0) (S 362,559,557) (S 360,557,139) (S 70,139,140) (S 102,140,190) (S 409,190,594) (S 408,594,186) (S 99,186,185) (S 414,597,600) (S 411,597,598) (S 412,599,176) (S 94,175,176) (S 413,176,580) (S 382,578,579) (S 383,578,581) (S 388,581,189) (S 390,141,189) (S 101,189,190) (S 410,190,142) (S 364,524,558) (S 361,558,27) (S 10,25,26) (D 0,0,0)
 0 1 17 167988 8949  14 (D 0,0,0) (S 377,573,560) (S 43,90,91) (S 78,160,152) (S 725,781,441) (S 726,441,279) (S 727,278,783) (S 730,783,421) (S 250,421,308) (S 170,308,173) (S 93,173,80) (S 40,80,81) (S 89,172,37) (D 0,0,0)
 0 1 18 167514 7291  15 (D 0,0,0) (S 293,200,485) (S 493,654,138) (S 20,49,50) (S 191,51,342) (S 31,55,60) (S 641,60,745) (S 640,745,533) (S 332,533,340) (S 635,332,59) (S 30,59,61) (S 335,61,538) (S 336,538,323) (S 326,520,519) (D 0,0,0)
 0 1 19 160835 4930  21 (D 0,0,0) (S 9,21,24) (S 392,24,586) (S 402,586,187) (S 100,187,188) (S 403,187,191) (S 103,191,192) (S 404,191,594) (S 400,593,594) (S 71,142,141) (S 389,141,523) (S 387,583,584) (S 385,584,245) (S 130,245,246) (S 535,246,677) (S 538,677,678) (S 537,677,611) (S 496,617,655) (S 495,655,235) (S 292,200,28) (D 0,0,0)
 0 1 20 167408 3065  10 (D 0,0,0) (S 104,194,193) (S 415,193,601) (S 416,193,574) (S 8,23,21) (S 7,21,22) (S 391,24,585) (S 401,585,592) (S 399,592,586) (D 0,0,0)
 0 1 21 146399 3381  14 (D 0,0,0) (S 283,461,462) (S 286,466,467) (S 284,463,464) (S 285,464,465) (S 417,603,604) (S 418,605,603) (S 422,606,610) (S 421,606,607) (S 419,607,198) (S 420,198,608) (S 106,198,197) (S 105,196,194) (D 0,0,0)
 0 1 22 167979 4815  16 (D 0,0,0) (S 303,132,229) (S 121,229,230) (S 122,230,231) (S 320,515,7) (S 11,6,29) (S 2,9,10) (S 489,10,5) (S 488,5,40) (S 16,40,39) (S 307,38,488) (S 296,488,132) (S 67,132,131) (S 486,133,228) (S 499,414,657) (D 0,0,0)
 0 1 23 166761 6725  15 (D 0,0,0) (S 325,476,256) (S 136,256,255) (S 347,257,548) (S 348,549,539) (S 342,546,333) (S 186,333,334) (S 343,333,547) (S 653,547,343) (S 192,343,54) (S 29,63,62) (S 568,53,697) (S 569,697,696) (S 323,119,88) (D 0,0,0)
 0 1 24 167608 9127  22 (D 0,0,0) (S 141,262,263) (S 357,311,313) (S 351,313,520) (S 369,555,562) (S 368,553,564) (S 370,564,565) (S 550,565,691) (S 557,691,260) (S 334,534,537) (S 139,260,30) (S 140,261,30) (S 12,30,31) (S 13,31,32) (S 138,32,259) (S 545,259,683) (S 548,686,687) (S 549,688,690) (S 551,685,692) (S 547,685,35) (S 14,33,34) (D 0,0,0)
 0 1 25 166609 8850  26 (D 0,0,0) (S 567,564,318) (S 65,127,126) (S 63,125,123) (S 61,122,123) (S 62,123,124) (S 604,124,724) (S 609,727,326) (S 610,723,725) (S 606,725,726) (S 581,709,710) (S 580,709,705) (S 577,705,700) (S 571,700,701) (S 575,700,702) (S 572,702,703) (S 573,704,699) (S 570,699,698) (S 600,698,723) (S 182,326,325) (S 327,525,526) (S 555,534,260) (S 553,691,127) (S 554,127,554) (S 353,551,522) (D 0,0,0)
 0 1 26 167964 8319  23 (D 0,0,0) (S 64,126,123) (S 607,724,727) (S 608,326,723) (S 605,725,714) (S 587,714,715) (S 611,715,706) (S 612,706,722) (S 596,722,568) (S 598,722,717) (S 599,716,721) (S 595,721,720) (S 594,720,699) (S 602,698,719) (S 597,719,535) (S 333,535,530) (S 331,530,124) (S 552,536,691) (S 566,127,318) (S 176,318,317) (S 358,317,551) (S 350,551,552) (D 0,0,0)
 0 1 27 167574 7255  12 (D 0,0,0) (S 363,560,559) (S 664,94,755) (S 666,354,757) (S 667,757,147) (S 80,146,162) (S 109,162,203) (S 211,203,369) (S 110,203,204) (S 218,377,110) (S 226,111,94) (D 0,0,0)
 0 1 28 167139 7905  14 (D 0,0,0) (S 700,112,204) (S 699,204,773) (S 698,773,158) (S 79,158,159) (S 77,159,145) (S 88,145,36) (S 705,36,381) (S 221,159,381) (S 702,381,382) (S 222,382,383) (S 706,379,109) (S 721,774,780) (D 0,0,0)
 0 1 29 167105 7236  12 (D 0,0,0) (S 160,267,118) (S 162,118,108) (S 53,108,104) (S 50,104,105) (S 710,106,776) (S 709,775,776) (S 720,776,774) (S 703,774,267) (S 144,267,264) (S 200,181,349) (D 0,0,0)
 0 1 30 167316 7085  11 (D 0,0,0) (S 95,177,181) (S 59,117,118) (S 51,104,106) (S 52,106,107) (S 54,107,109) (S 707,109,775) (S 708,775,146) (S 73,146,147) (S 660,147,349) (D 0,0,0)
 0 1 31 167656 7840  13 (D 0,0,0) (S 313,347,506) (S 339,506,287) (S 778,287,456) (S 780,456,69) (S 777,810,811) (S 779,811,69) (S 37,70,76) (S 35,75,74) (S 33,72,71) (S 161,287,282) (S 155,283,108) (D 0,0,0)
 0 1 32 167861 9188  11 (D 0,0,0) (S 278,288,77) (S 315,303,454) (S 267,445,446) (S 775,445,293) (S 269,449,448) (S 270,448,76) (S 34,73,72) (S 49,103,101) (S 345,544,506) (D 0,0,0)
 0 1 33 167796 8107  13 (D 0,0,0) (S 714,101,777) (S 649,746,748) (S 719,747,778) (S 713,778,502) (S 310,502,503) (S 311,503,504) (S 631,504,732) (S 614,729,500) (S 188,337,338) (S 637,744,336) (S 636,336,547) (D 0,0,0)
 0 1 34 166030 10181  14 (D 0,0,0) (S 776,445,508) (S 774,455,171) (S 86,169,168) (S 85,168,164) (S 263,163,442) (S 771,274,809) (S 253,424,167) (S 84,167,165) (S 82,165,166) (S 147,166,275) (S 146,275,274) (S 770,274,442) (D 0,0,0)
 0 1 35 167835 10051  14 (D 0,0,0) (S 767,301,809) (S 766,809,424) (S 769,424,440) (S 768,165,440) (S 261,440,275) (S 83,166,163) (S 81,163,164) (S 394,164,588) (S 393,587,169) (S 91,169,171) (S 87,171,170) (S 90,80,172) (D 0,0,0)
 0 1 36 167799 9838  13 (D 0,0,0) (S 223,308,306) (S 171,307,272) (S 734,272,787) (S 750,786,800) (S 744,795,433) (S 748,433,798) (S 257,431,432) (S 743,798,429) (S 256,429,430) (S 742,429,799) (S 765,427,808) (D 0,0,0)
 0 1 37 167062 9515  11 (D 0,0,0) (S 762,149,807) (S 761,807,802) (S 756,804,805) (S 758,806,805) (S 757,805,273) (S 149,273,270) (S 145,269,268) (S 723,781,782) (S 262,441,152) (D 0,0,0)
 0 1 38 167738 8542  9 (D 0,0,0) (S 214,372,152) (S 151,161,279) (S 152,279,278) (S 747,268,801) (S 753,801,156) (S 212,154,370) (S 228,390,394) (D 0,0,0)
 0 1 39 167472 10334  14 (D 0,0,0) (S 225,78,384) (S 751,157,800) (S 746,803,802) (S 736,795,790) (S 735,793,794) (S 755,425,796) (S 738,797,12) (S 260,12,439) (S 3,12,13) (S 217,296,375) (S 754,788,803) (S 763,808,150) (D 0,0,0)
 0 1 40 165669 9126  14 (D 0,0,0) (S 682,79,765) (S 684,766,470) (S 312,469,468) (S 227,393,387) (S 224,387,388) (S 695,771,772) (S 693,771,155) (S 75,157,149) (S 45,95,96) (S 694,771,392) (S 39,78,79) (S 683,79,389) (D 0,0,0)
 0 1 41 167345 7965  15 (D 0,0,0) (S 215,373,160) (S 249,160,420) (S 724,420,37) (S 15,37,36) (S 704,382,378) (S 220,379,380) (S 219,378,144) (S 72,144,143) (S 76,143,158) (S 696,773,377) (S 697,377,396) (S 678,762,360) (S 677,360,763) (D 0,0,0)
 0 1 42 162246 7008  17 (D 0,0,0) (S 376,523,572) (S 406,572,595) (S 405,595,94) (S 44,93,94) (S 665,755,353) (S 663,755,756) (S 701,756,112) (S 56,112,110) (S 55,110,111) (S 234,111,397) (S 676,397,762) (S 206,360,359) (S 681,764,359) (S 680,359,763) (S 679,763,595) (D 0,0,0)
 0 1 43 165738 7933  11 (D 0,0,0) (S 432,591,115) (S 57,114,113) (S 675,589,762) (S 207,361,362) (S 230,396,363) (S 232,365,92) (S 314,92,507) (S 208,363,364) (S 396,364,589) (D 0,0,0)
 0 1 44 167521 7943  15 (D 0,0,0) (S 209,366,365) (S 687,373,767) (S 688,768,769) (S 686,768,767) (S 691,767,770) (S 692,395,770) (S 690,770,368) (S 685,766,765) (S 689,765,368) (S 210,368,367) (S 231,367,372) (S 229,395,373) (S 233,374,363) (D 0,0,0)
 0 1 45 167059 10908  17 (D 0,0,0) (S 216,374,159) (S 316,37,509) (S 722,420,781) (S 749,803,800) (S 745,800,801) (S 752,801,787) (S 732,787,786) (S 733,786,788) (S 760,375,797) (S 259,437,438) (S 737,437,796) (S 258,435,436) (S 731,784,785) (S 739,785,431) (S 255,428,67) (D 0,0,0)
 0 1 46 166878 9334  9 (D 0,0,0) (S 74,66,148) (S 741,68,428) (S 740,428,799) (S 764,799,427) (S 254,427,65) (S 251,153,422) (S 213,151,371) (D 0,0,0)
 0 1 47 167691 9765  13 (D 0,0,0) (S 728,172,783) (S 729,421,307) (S 266,444,270) (S 252,271,423) (S 759,423,300) (S 166,301,277) (S 264,276,443) (S 265,443,170) (S 92,170,173) (S 168,302,303) (S 190,294,341) (D 0,0,0)
 0 1 48 167958 9477  14 (D 0,0,0) (S 38,77,69) (S 276,304,455) (S 167,171,82) (S 41,82,83) (S 165,82,297) (S 164,297,298) (S 163,297,277) (S 150,277,274) (S 148,277,276) (S 772,443,444) (S 773,444,306) (S 169,306,307) (D 0,0,0)
 0 1 49 167547 8143  11 (D 0,0,0) (S 36,72,74) (S 273,75,451) (S 271,451,449) (S 272,449,450) (S 328,293,527) (S 330,527,502) (S 329,528,529) (S 309,499,501) (S 644,531,337) (D 0,0,0)
 0 1 50 167165 8739  13 (D 0,0,0) (S 185,331,332) (S 634,332,330) (S 633,330,729) (S 617,732,730) (S 615,730,731) (S 625,731,739) (S 630,743,281) (S 268,280,447) (S 632,291,504) (S 647,529,97) (S 187,335,336) (D 0,0,0)
 0 1 51 167959 8662  14 (D 0,0,0) (S 642,339,744) (S 42,85,84) (S 48,102,101) (S 711,777,295) (S 159,295,289) (S 717,289,779) (S 715,779,777) (S 716,779,778) (S 718,292,778) (S 648,747,528) (S 189,340,339) (S 639,745,546) (D 0,0,0)
 0 1 52 167420 6586  12 (D 0,0,0) (S 349,478,255) (S 346,255,257) (S 137,257,258) (S 542,258,120) (S 60,120,121) (S 338,540,539) (S 337,539,55) (S 544,64,679) (S 543,679,680) (S 193,46,344) (D 0,0,0)
 0 1 53 166693 7503  14 (D 0,0,0) (S 652,749,750) (S 654,750,343) (S 344,547,545) (S 643,545,335) (S 47,84,99) (S 46,98,99) (S 712,97,746) (S 645,746,102) (S 646,100,341) (S 341,544,541) (S 340,542,543) (S 26,62,53) (D 0,0,0)
 0 1 54 167926 6870  16 (D 0,0,0) (S 242,407,247) (S 674,751,355) (S 673,355,761) (S 204,355,356) (S 672,356,753) (S 671,178,760) (S 202,351,352) (S 203,352,353) (S 662,353,754) (S 670,754,758) (S 669,758,759) (S 668,758,351) (S 659,753,751) (S 661,752,357) (D 0,0,0)
 0 1 55 167950 8886  15 (D 0,0,0) (S 25,60,61) (S 28,44,57) (S 620,736,737) (S 622,737,738) (S 623,736,733) (S 183,327,328) (S 374,52,569) (S 590,569,712) (S 588,322,716) (S 593,721,704) (S 574,698,530) (S 281,126,459) (S 359,556,521) (D 0,0,0)
 0 1 56 167858 8699  17 (D 0,0,0) (S 365,556,323) (S 180,323,324) (S 181,324,322) (S 179,322,321) (S 282,460,321) (S 178,321,319) (S 177,319,320) (S 371,319,568) (S 375,568,570) (S 578,570,706) (S 576,706,705) (S 582,705,711) (S 592,720,719) (S 601,719,324) (S 556,556,550) (D 0,0,0)
 0 1 57 167949 8380  13 (D 0,0,0) (S 355,317,554) (S 354,554,459) (S 352,459,505) (S 591,538,718) (S 589,718,712) (S 23,57,58) (S 18,43,44) (S 19,44,48) (S 24,48,59) (S 184,330,329) (S 638,532,338) (D 0,0,0)
 0 1 58 167298 8983  15 (D 0,0,0) (S 627,48,742) (S 629,742,730) (S 628,730,743) (S 651,743,739) (S 650,739,713) (S 586,713,286) (S 154,286,174) (S 153,285,284) (S 156,280,291) (S 275,453,452) (S 274,452,302) (S 32,70,69) (S 277,456,77) (D 0,0,0)
 0 1 59 167379 8921  12 (D 0,0,0) (S 158,293,291) (S 157,281,284) (S 624,285,739) (S 585,713,707) (S 616,707,728) (S 613,728,511) (S 579,707,708) (S 583,708,57) (S 584,57,712) (S 603,718,324) (D 0,0,0)
 0 1 60 167100 10282  14 (D 0,0,0) (S 626,740,741) (S 618,728,735) (S 619,735,734) (S 372,566,510) (S 317,510,47) (S 17,41,42) (S 22,42,56) (S 280,458,42) (S 21,47,52) (S 373,327,52) (S 27,52,58) (S 621,58,736) (D 0,0,0)
