441196
61
1807867
1746814
 0 1 1 166720 4009  14 (D 0,0,0) (S 378,576,575) (S 245,414,413) (S 244,411,410) (S 482,405,647) (S 481,647,648) (S 480,648,649) (S 483,224,516) (S 247,418,226) (S 508,663,479) (S 69,135,136) (S 503,136,659) (S 441,609,577) (D 0,0,0)
 0 1 2 166971 5730  23 (D 0,0,0) (S 292,28,200) (S 293,200,485) (S 495,235,655) (S 496,655,617) (S 520,666,243) (S 515,243,667) (S 528,667,672) (S 527,672,671) (S 534,671,675) (S 533,676,675) (S 532,675,673) (S 530,674,673) (S 529,673,672) (S 531,673,669) (S 516,668,669) (S 518,669,667) (S 129,243,244) (S 514,666,612) (S 517,236,484) (S 498,480,656) (S 108,202,201) (D 0,0,0)
 0 1 3 167174 6535  16 (D 0,0,0) (S 497,485,235) (S 513,236,654) (S 493,654,138) (S 492,138,653) (S 494,653,412) (S 133,250,248) (S 318,248,512) (S 132,248,249) (S 319,513,514) (S 205,357,358) (S 658,514,49) (S 384,582,245) (S 385,245,584) (S 536,584,246) (D 0,0,0)
 0 1 4 165568 5055  16 (D 0,0,0) (S 537,611,677) (S 538,677,678) (S 535,677,246) (S 130,246,245) (S 389,523,141) (S 101,189,190) (S 409,190,594) (S 400,593,594) (S 103,191,192) (S 403,191,187) (S 100,187,188) (S 402,187,586) (S 399,586,592) (S 401,592,585) (D 0,0,0)
 0 1 5 152670 5773  22 (D 0,0,0) (S 392,24,586) (S 404,191,594) (S 408,594,186) (S 99,186,185) (S 411,597,598) (S 414,597,600) (S 94,175,176) (S 412,599,176) (S 413,176,580) (S 382,578,579) (S 383,578,581) (S 388,581,189) (S 390,189,141) (S 71,141,142) (S 410,142,190) (S 102,190,140) (S 70,140,139) (S 360,139,557) (S 362,557,559) (S 381,573,23) (D 0,0,0)
 0 1 6 154900 2796  10 (D 0,0,0) (S 9,21,24) (S 391,24,585) (S 7,21,22) (S 8,21,23) (S 416,574,193) (S 415,193,601) (S 104,193,194) (S 105,194,196) (D 0,0,0)
 0 1 7 81564 2041  7 (D 0,0,0) (S 422,606,610) (S 419,607,198) (S 420,198,608) (S 106,198,197) (S 379,195,575) (D 0,0,0)
 0 1 8 164386 2971  12 (D 0,0,0) (S 452,607,622) (S 447,626,215) (S 446,215,208) (S 456,209,415) (S 246,415,223) (S 118,223,222) (S 440,417,457) (S 443,457,627) (S 444,627,621) (S 442,620,609) (D 0,0,0)
 0 1 9 163620 3514  17 (D 0,0,0) (S 437,624,623) (S 506,657,664) (S 478,413,646) (S 477,646,647) (S 119,227,226) (S 505,406,663) (S 507,663,662) (S 510,662,661) (S 504,661,137) (S 502,137,659) (S 501,659,660) (S 511,660,658) (S 434,620,213) (S 436,213,622) (S 421,607,606) (D 0,0,0)
 0 1 10 165451 5053  21 (D 0,0,0) (S 435,212,621) (S 500,658,657) (S 499,657,414) (S 67,131,132) (S 296,132,488) (S 307,488,38) (S 16,39,40) (S 488,40,5) (S 489,5,10) (S 2,10,9) (S 11,6,29) (S 320,515,7) (S 122,231,230) (S 121,230,229) (S 303,229,132) (S 449,627,211) (S 448,211,628) (S 451,628,214) (S 114,214,215) (D 0,0,0)
 0 1 11 165760 5748  22 (D 0,0,0) (S 112,208,210) (S 458,221,217) (S 175,315,316) (S 463,315,498) (S 308,498,495) (S 305,495,4) (S 306,4,496) (S 470,496,640) (S 471,640,641) (S 473,642,638) (S 472,638,639) (S 467,638,637) (S 466,636,635) (S 468,635,4) (S 1,4,3) (S 474,634,489) (S 297,489,487) (S 295,486,38) (S 120,38,228) (S 484,228,414) (D 0,0,0)
 0 1 12 167301 3943  16 (D 0,0,0) (S 445,208,419) (S 462,632,220) (S 117,220,221) (S 457,221,631) (S 459,631,216) (S 115,216,217) (S 116,217,218) (S 465,218,2) (S 464,2,634) (S 475,634,222) (S 476,222,416) (S 279,457,209) (S 455,630,625) (S 439,625,626) (D 0,0,0)
 0 1 13 166970 3928  16 (D 0,0,0) (S 248,419,403) (S 240,403,401) (S 238,401,398) (S 235,398,206) (S 236,205,399) (S 237,399,400) (S 241,400,404) (S 461,216,633) (S 460,631,632) (S 111,208,207) (S 453,209,628) (S 454,214,630) (S 450,629,630) (S 438,625,212) (D 0,0,0)
 0 1 14 164752 5066  16 (D 0,0,0) (S 512,660,482) (S 291,482,135) (S 288,135,479) (S 321,516,497) (S 541,517,652) (S 490,650,651) (S 491,652,492) (S 302,492,232) (S 123,232,233) (S 304,232,493) (S 487,494,645) (S 485,645,131) (S 486,133,228) (S 113,211,212) (D 0,0,0)
 0 1 15 167498 6785  24 (D 0,0,0) (S 124,235,234) (S 125,234,236) (S 519,654,612) (S 429,612,615) (S 424,614,409) (S 539,643,490) (S 298,490,86) (S 323,88,119) (S 60,121,120) (S 542,120,258) (S 137,258,257) (S 346,257,255) (S 349,255,478) (S 369,555,562) (S 564,562,314) (S 563,314,312) (S 173,312,311) (S 357,311,313) (S 351,313,520) (S 326,520,519) (S 324,519,309) (S 172,309,310) (D 0,0,0)
 0 1 16 165744 6882  15 (D 0,0,0) (S 289,134,483) (S 509,483,653) (S 661,357,752) (S 655,752,751) (S 674,751,355) (S 673,355,761) (S 668,351,758) (S 669,758,759) (S 670,758,754) (S 662,754,353) (S 203,353,352) (S 202,352,351) (S 671,760,178) (D 0,0,0)
 0 1 17 166892 6776  13 (D 0,0,0) (S 664,94,755) (S 665,755,353) (S 701,756,112) (S 700,112,204) (S 699,204,773) (S 696,773,377) (S 218,377,110) (S 226,111,94) (S 44,93,94) (S 406,595,572) (S 376,572,523) (D 0,0,0)
 0 1 18 165541 7477  17 (D 0,0,0) (S 377,573,560) (S 363,560,559) (S 380,557,523) (S 398,572,591) (S 395,591,590) (S 675,589,762) (S 697,396,377) (S 698,773,158) (S 76,158,143) (S 72,143,144) (S 219,144,378) (S 220,379,380) (S 706,379,109) (S 709,775,776) (S 721,774,780) (D 0,0,0)
 0 1 19 167887 6993  16 (D 0,0,0) (S 239,237,402) (S 657,514,357) (S 204,355,356) (S 672,356,753) (S 200,349,181) (S 142,265,264) (S 199,264,116) (S 155,108,283) (S 198,283,348) (S 196,348,347) (S 98,183,184) (S 201,350,184) (S 143,184,266) (S 299,130,490) (D 0,0,0)
 0 1 20 167957 6700  12 (D 0,0,0) (S 428,617,613) (S 242,407,247) (S 131,247,50) (S 193,46,344) (S 191,51,342) (S 186,333,334) (S 342,333,546) (S 544,64,679) (S 543,679,680) (S 568,53,697) (D 0,0,0)
 0 1 21 164696 5277  17 (D 0,0,0) (S 427,199,617) (S 425,615,614) (S 524,614,670) (S 521,241,239) (S 525,238,408) (S 243,402,407) (S 469,407,491) (S 134,252,129) (S 300,251,130) (S 66,130,128) (S 540,128,253) (S 135,253,254) (S 322,87,474) (S 6,19,18) (S 290,134,484) (D 0,0,0)
 0 1 22 165342 5837  18 (D 0,0,0) (S 10,25,26) (S 361,27,558) (S 364,558,524) (S 387,583,584) (S 386,582,49) (S 20,49,50) (S 301,45,491) (S 126,237,238) (S 526,238,239) (S 127,239,240) (S 128,241,242) (S 523,241,670) (S 522,670,615) (S 423,612,611) (S 426,199,616) (S 107,199,200) (D 0,0,0)
 0 1 23 46970 1004  8 (D 0,0,0) (S 284,463,464) (S 285,464,465) (S 286,466,467) (S 283,461,462) (S 418,605,603) (S 417,603,604) (D 0,0,0)
 0 1 24 162499 7365  18 (D 0,0,0) (S 287,476,477) (S 368,553,564) (S 370,564,565) (S 550,565,691) (S 557,691,260) (S 334,534,537) (S 555,534,260) (S 139,260,30) (S 140,261,30) (S 12,30,31) (S 13,31,32) (S 565,695,312) (S 356,311,263) (S 141,263,262) (S 559,262,518) (S 479,232,646) (D 0,0,0)
 0 1 25 166631 8009  17 (D 0,0,0) (S 366,561,263) (S 174,313,314) (S 367,562,563) (S 546,563,684) (S 138,32,259) (S 545,259,683) (S 14,33,34) (S 547,35,685) (S 551,685,692) (S 548,686,687) (S 549,688,690) (S 558,682,693) (S 560,693,695) (S 561,695,561) (S 562,561,262) (D 0,0,0)
 0 1 26 167935 9943  17 (D 0,0,0) (S 355,317,554) (S 354,554,459) (S 594,720,699) (S 593,704,721) (S 588,716,322) (S 584,712,57) (S 621,58,736) (S 623,736,733) (S 372,566,510) (S 317,510,47) (S 280,458,42) (S 22,42,56) (S 17,42,41) (S 21,47,52) (S 181,322,324) (D 0,0,0)
 0 1 27 166328 9634  28 (D 0,0,0) (S 567,564,318) (S 566,318,127) (S 65,127,126) (S 64,126,123) (S 61,122,123) (S 581,709,710) (S 580,709,705) (S 582,705,711) (S 179,322,321) (S 282,460,321) (S 178,321,319) (S 177,319,320) (S 371,319,568) (S 612,722,706) (S 576,706,705) (S 577,705,700) (S 571,700,701) (S 575,700,702) (S 572,702,703) (S 573,704,699) (S 570,699,698) (S 602,698,719) (S 601,719,324) (S 603,718,324) (S 180,324,323) (S 359,556,521) (D 0,0,0)
 0 1 28 167585 7696  10 (D 0,0,0) (S 185,331,332) (S 635,332,59) (S 24,59,48) (S 18,43,44) (S 30,59,61) (S 335,61,538) (S 336,538,323) (S 365,323,556) (D 0,0,0)
 0 1 29 166815 8375  11 (D 0,0,0) (S 19,48,44) (S 28,44,57) (S 27,58,52) (S 183,327,328) (S 373,327,52) (S 374,52,569) (S 590,569,712) (S 589,712,718) (S 591,718,538) (D 0,0,0)
 0 1 30 161660 8659  12 (D 0,0,0) (S 25,60,61) (S 23,57,58) (S 620,736,737) (S 622,737,738) (S 619,735,734) (S 618,735,728) (S 613,728,511) (S 616,728,707) (S 579,707,708) (S 583,708,57) (D 0,0,0)
 0 1 31 162975 7184  12 (D 0,0,0) (S 348,549,539) (S 338,540,539) (S 337,539,55) (S 639,546,745) (S 640,745,533) (S 332,533,340) (S 189,340,339) (S 641,745,60) (S 31,60,55) (S 68,138,134) (D 0,0,0)
 0 1 32 165180 7699  17 (D 0,0,0) (S 294,485,484) (S 176,317,318) (S 327,525,526) (S 182,325,326) (S 600,723,698) (S 574,698,530) (S 333,535,530) (S 331,530,124) (S 552,536,691) (S 553,691,127) (S 554,127,554) (S 556,556,550) (S 347,548,257) (S 136,255,256) (S 325,256,476) (D 0,0,0)
 0 1 33 167437 8446  26 (D 0,0,0) (S 353,522,551) (S 352,459,505) (S 597,535,719) (S 592,719,720) (S 595,720,721) (S 599,721,716) (S 598,717,722) (S 596,722,568) (S 375,568,570) (S 578,570,706) (S 611,706,715) (S 587,715,714) (S 605,714,725) (S 606,725,726) (S 610,725,723) (S 608,723,326) (S 609,326,727) (S 607,727,724) (S 604,724,124) (S 62,124,123) (S 63,125,123) (S 281,126,459) (S 358,317,551) (S 350,551,552) (D 0,0,0)
 0 1 34 167859 7663  14 (D 0,0,0) (S 569,696,697) (S 652,749,750) (S 654,750,343) (S 636,547,336) (S 187,336,335) (S 644,337,531) (S 309,499,501) (S 638,532,338) (S 637,744,336) (S 343,547,333) (S 29,63,62) (S 26,62,53) (D 0,0,0)
 0 1 35 167528 10322  13 (D 0,0,0) (S 197,182,180) (S 91,171,169) (S 85,168,164) (S 394,164,588) (S 263,442,163) (S 147,166,275) (S 261,275,440) (S 769,440,424) (S 768,440,165) (S 146,275,274) (S 150,274,277) (D 0,0,0)
 0 1 36 167129 9359  14 (D 0,0,0) (S 728,172,783) (S 169,307,306) (S 773,306,444) (S 772,444,443) (S 264,443,276) (S 148,276,277) (S 163,277,297) (S 164,297,298) (S 165,297,82) (S 41,82,83) (S 167,82,171) (S 275,453,452) (D 0,0,0)
 0 1 37 167940 10097  17 (D 0,0,0) (S 36,72,74) (S 37,76,70) (S 87,170,171) (S 393,169,587) (S 770,442,274) (S 771,274,809) (S 767,809,301) (S 766,809,424) (S 253,424,167) (S 84,167,165) (S 82,165,166) (S 83,166,163) (S 81,163,164) (S 86,168,169) (S 774,171,455) (D 0,0,0)
 0 1 38 167070 8002  10 (D 0,0,0) (S 49,103,101) (S 717,779,289) (S 272,450,449) (S 271,449,451) (S 273,451,75) (S 35,75,74) (S 34,73,72) (S 33,72,71) (D 0,0,0)
 0 1 39 167819 8688  13 (D 0,0,0) (S 645,102,746) (S 649,746,748) (S 713,778,502) (S 330,502,527) (S 328,527,293) (S 775,293,445) (S 267,445,446) (S 776,445,508) (S 315,454,303) (S 38,69,77) (S 161,287,282) (D 0,0,0)
 0 1 40 167896 8609  14 (D 0,0,0) (S 313,347,506) (S 339,506,287) (S 278,288,77) (S 277,77,456) (S 32,69,70) (S 276,304,455) (S 274,452,302) (S 168,302,303) (S 779,69,811) (S 777,810,811) (S 780,69,456) (S 778,456,287) (D 0,0,0)
 0 1 41 167979 7155  11 (D 0,0,0) (S 345,506,544) (S 646,341,100) (S 46,98,99) (S 47,99,84) (S 42,84,85) (S 643,335,545) (S 344,545,547) (S 653,547,343) (S 192,343,54) (D 0,0,0)
 0 1 42 167302 8524  15 (D 0,0,0) (S 642,339,744) (S 188,338,337) (S 614,500,729) (S 631,732,504) (S 632,504,291) (S 156,291,280) (S 158,291,293) (S 159,289,295) (S 711,295,777) (S 714,777,101) (S 48,101,102) (S 341,544,541) (S 340,542,543) (D 0,0,0)
 0 1 43 167651 8374  11 (D 0,0,0) (S 195,180,347) (S 190,341,294) (S 270,76,448) (S 269,448,449) (S 718,292,778) (S 719,778,747) (S 648,747,528) (S 329,528,529) (S 647,529,97) (D 0,0,0)
 0 1 44 167755 9448  15 (D 0,0,0) (S 184,329,330) (S 633,330,729) (S 626,740,741) (S 585,707,713) (S 650,739,713) (S 586,713,286) (S 154,286,174) (S 268,280,447) (S 311,504,503) (S 310,503,502) (S 716,778,779) (S 715,779,777) (S 712,746,97) (D 0,0,0)
 0 1 45 166522 8782  14 (D 0,0,0) (S 634,332,330) (S 617,732,730) (S 615,730,731) (S 625,731,739) (S 651,739,743) (S 630,743,281) (S 157,281,284) (S 153,284,285) (S 624,285,739) (S 628,743,730) (S 629,730,742) (S 627,742,48) (D 0,0,0)
 0 1 46 165786 7162  10 (D 0,0,0) (S 73,147,146) (S 708,146,775) (S 707,775,109) (S 54,109,107) (S 52,107,106) (S 710,106,776) (S 720,776,774) (S 703,774,267) (D 0,0,0)
 0 1 47 167900 6447  13 (D 0,0,0) (S 407,572,596) (S 5,16,17) (S 430,618,619) (S 4,14,15) (S 431,15,619) (S 433,619,115) (S 194,346,345) (S 397,345,113) (S 57,113,114) (S 58,114,115) (S 432,115,591) (D 0,0,0)
 0 1 48 167678 7449  15 (D 0,0,0) (S 679,595,763) (S 677,763,360) (S 678,360,762) (S 676,762,397) (S 233,363,374) (S 232,365,92) (S 43,90,91) (S 88,145,36) (S 705,36,381) (S 702,381,382) (S 222,382,383) (S 704,382,378) (S 144,267,264) (D 0,0,0)
 0 1 49 163287 6938  10 (D 0,0,0) (S 659,751,753) (S 660,349,147) (S 80,146,162) (S 109,162,203) (S 211,203,369) (S 110,203,204) (S 56,112,110) (S 55,110,111) (D 0,0,0)
 0 1 50 167905 8795  15 (D 0,0,0) (S 216,374,159) (S 77,159,145) (S 78,160,152) (S 262,152,441) (S 726,441,279) (S 723,781,782) (S 724,420,37) (S 316,37,509) (S 221,381,159) (S 79,159,158) (S 206,360,359) (S 681,764,359) (S 680,359,763) (D 0,0,0)
 0 1 51 166965 8625  10 (D 0,0,0) (S 209,366,365) (S 210,367,368) (S 312,469,468) (S 224,387,388) (S 227,393,387) (S 39,78,79) (S 213,371,151) (S 215,160,373) (D 0,0,0)
 0 1 52 167758 8211  16 (D 0,0,0) (S 229,373,395) (S 692,395,770) (S 682,765,79) (S 684,470,766) (S 685,766,765) (S 689,765,368) (S 690,368,770) (S 691,770,767) (S 688,768,769) (S 686,768,767) (S 687,767,373) (S 230,363,396) (S 207,361,362) (S 234,397,111) (D 0,0,0)
 0 1 53 166290 8534  9 (D 0,0,0) (S 214,372,152) (S 251,153,422) (S 212,154,370) (S 231,367,372) (S 314,92,507) (S 208,363,364) (S 396,364,589) (D 0,0,0)
 0 1 54 167458 8886  11 (D 0,0,0) (S 249,160,420) (S 722,420,781) (S 725,781,441) (S 152,279,278) (S 747,268,801) (S 734,787,272) (S 730,421,783) (S 727,783,278) (S 151,279,161) (D 0,0,0)
 0 1 55 167772 10319  14 (D 0,0,0) (S 753,156,801) (S 752,801,787) (S 732,787,786) (S 733,786,788) (S 217,375,296) (S 3,13,12) (S 260,12,439) (S 738,12,797) (S 259,437,438) (S 755,796,425) (S 735,794,793) (S 736,790,795) (D 0,0,0)
 0 1 56 166638 9581  13 (D 0,0,0) (S 761,807,802) (S 748,433,798) (S 743,798,429) (S 256,429,430) (S 742,429,799) (S 764,799,427) (S 765,427,808) (S 763,808,150) (S 695,771,772) (S 225,384,78) (S 683,79,389) (D 0,0,0)
 0 1 57 167867 9567  10 (D 0,0,0) (S 694,392,771) (S 74,66,148) (S 255,67,428) (S 741,68,428) (S 740,428,799) (S 254,427,65) (S 45,95,96) (S 75,149,157) (D 0,0,0)
 0 1 58 163206 9792  15 (D 0,0,0) (S 15,36,37) (S 89,37,172) (S 90,172,80) (S 40,80,81) (S 93,80,173) (S 223,308,306) (S 266,444,270) (S 149,273,270) (S 252,271,423) (S 759,423,300) (S 166,301,277) (S 265,443,170) (S 92,170,173) (D 0,0,0)
 0 1 59 166952 10420  17 (D 0,0,0) (S 170,173,308) (S 145,269,268) (S 745,801,800) (S 750,800,786) (S 760,375,797) (S 737,437,796) (S 258,435,436) (S 731,784,785) (S 739,785,431) (S 257,431,432) (S 744,433,795) (S 746,802,803) (S 749,803,800) (S 751,800,157) (S 228,390,394) (D 0,0,0)
 0 1 60 167990 9421  11 (D 0,0,0) (S 250,308,421) (S 729,421,307) (S 171,307,272) (S 757,273,805) (S 758,806,805) (S 756,805,804) (S 754,788,803) (S 762,807,149) (S 693,155,771) (D 0,0,0)
 0 1 61 166994 7123  16 (D 0,0,0) (S 656,752,183) (S 96,183,182) (S 97,179,177) (S 95,177,181) (S 59,117,118) (S 51,104,106) (S 50,104,105) (S 53,104,108) (S 162,108,118) (S 160,118,267) (S 667,147,757) (S 666,757,354) (S 663,756,755) (S 405,94,595) (D 0,0,0)
