441636
61
1807552
1784336
 0 1 1 150180 5176  22 (D 0,0,0) (S 420,198,608) (S 437,624,623) (S 500,658,657) (S 506,657,664) (S 508,663,479) (S 509,483,653) (S 133,250,248) (S 318,248,512) (S 132,248,249) (S 525,408,238) (S 526,238,239) (S 127,239,240) (S 128,241,242) (S 523,241,670) (S 524,670,614) (S 424,614,409) (S 494,412,653) (S 492,653,138) (S 493,138,654) (S 517,236,484) (D 0,0,0)
 0 1 2 149589 2497  10 (D 0,0,0) (S 378,576,575) (S 422,606,610) (S 419,607,198) (S 106,198,197) (S 416,574,193) (S 415,193,601) (S 104,193,194) (S 105,194,196) (D 0,0,0)
 0 1 3 162539 3750  17 (D 0,0,0) (S 114,215,214) (S 451,214,628) (S 453,628,209) (S 279,209,457) (S 440,457,417) (S 476,416,222) (S 475,222,634) (S 464,634,2) (S 465,2,218) (S 116,218,217) (S 458,217,221) (S 457,221,631) (S 460,631,632) (S 112,208,210) (S 447,215,626) (D 0,0,0)
 0 1 4 165410 6488  14 (D 0,0,0) (S 291,482,135) (S 288,135,479) (S 483,516,224) (S 490,650,651) (S 323,88,119) (S 569,696,697) (S 568,697,53) (S 191,51,342) (S 193,46,344) (S 301,45,491) (S 469,491,407) (S 68,138,134) (D 0,0,0)
 0 1 5 166362 9526  17 (D 0,0,0) (S 275,452,453) (S 774,455,171) (S 167,171,82) (S 41,82,83) (S 165,82,297) (S 164,297,298) (S 163,297,277) (S 148,277,276) (S 264,276,443) (S 265,443,170) (S 93,173,80) (S 40,80,81) (S 90,80,172) (S 89,172,37) (S 15,37,36) (D 0,0,0)
 0 1 6 160416 5819  23 (D 0,0,0) (S 108,201,202) (S 498,656,480) (S 497,485,235) (S 124,235,234) (S 125,234,236) (S 513,236,654) (S 519,654,612) (S 514,612,666) (S 520,666,243) (S 528,667,672) (S 527,672,671) (S 533,676,675) (S 530,674,673) (S 532,673,675) (S 534,675,671) (S 529,672,673) (S 531,673,669) (S 516,668,669) (S 518,669,667) (S 515,667,243) (S 129,243,244) (D 0,0,0)
 0 1 7 165823 6094  22 (D 0,0,0) (S 381,23,573) (S 362,559,557) (S 360,557,139) (S 70,139,140) (S 102,140,190) (S 410,142,190) (S 101,190,189) (S 388,189,581) (S 383,581,578) (S 382,578,579) (S 411,597,598) (S 414,597,600) (S 413,580,176) (S 94,175,176) (S 412,599,176) (S 99,185,186) (S 408,186,594) (S 402,187,586) (S 392,586,24) (S 7,21,22) (D 0,0,0)
 0 1 8 167250 4396  18 (D 0,0,0) (S 10,25,26) (S 361,27,558) (S 364,558,524) (S 389,523,141) (S 390,141,189) (S 409,190,594) (S 400,593,594) (S 404,594,191) (S 103,191,192) (S 403,191,187) (S 100,187,188) (S 399,586,592) (S 401,592,585) (S 391,585,24) (S 9,24,21) (S 8,21,23) (D 0,0,0)
 0 1 9 162155 4188  18 (D 0,0,0) (S 439,626,625) (S 455,625,630) (S 450,629,630) (S 454,630,214) (S 456,209,415) (S 246,415,223) (S 118,223,222) (S 474,634,489) (S 297,489,487) (S 295,486,38) (S 307,38,488) (S 296,488,132) (S 303,132,229) (S 487,494,645) (S 485,645,131) (S 486,133,228) (D 0,0,0)
 0 1 10 163206 3481  14 (D 0,0,0) (S 446,215,208) (S 445,208,419) (S 241,400,404) (S 237,400,399) (S 236,399,205) (S 235,206,398) (S 238,398,401) (S 240,401,403) (S 248,403,419) (S 111,208,207) (S 448,628,211) (S 113,211,212) (D 0,0,0)
 0 1 11 158546 5534  20 (D 0,0,0) (S 462,632,220) (S 117,220,221) (S 175,315,316) (S 463,315,498) (S 308,498,495) (S 305,495,4) (S 306,4,496) (S 470,496,640) (S 471,640,641) (S 473,642,638) (S 472,638,639) (S 467,638,637) (S 466,636,635) (S 468,635,4) (S 1,4,3) (S 115,217,216) (S 461,216,633) (S 459,216,631) (D 0,0,0)
 0 1 12 167097 4911  14 (D 0,0,0) (S 438,212,625) (S 244,411,410) (S 482,405,647) (S 479,646,232) (S 123,232,233) (S 304,232,493) (S 302,232,492) (S 491,492,652) (S 541,652,517) (S 69,135,136) (S 503,136,659) (S 511,660,658) (D 0,0,0)
 0 1 13 164676 4723  17 (D 0,0,0) (S 449,211,627) (S 443,627,457) (S 484,414,228) (S 120,228,38) (S 16,39,40) (S 488,40,5) (S 489,5,10) (S 2,10,9) (S 11,6,29) (S 320,515,7) (S 122,231,230) (S 121,230,229) (S 67,132,131) (S 444,627,621) (S 435,621,212) (D 0,0,0)
 0 1 14 149750 3961  16 (D 0,0,0) (S 501,660,659) (S 502,659,137) (S 504,137,661) (S 510,661,662) (S 507,662,663) (S 505,663,406) (S 247,418,226) (S 119,226,227) (S 480,648,649) (S 481,648,647) (S 477,647,646) (S 478,646,413) (S 245,413,414) (S 499,414,657) (D 0,0,0)
 0 1 15 161285 5395  13 (D 0,0,0) (S 539,643,490) (S 298,490,86) (S 299,490,130) (S 134,252,129) (S 300,251,130) (S 66,130,128) (S 540,128,253) (S 135,253,254) (S 322,87,474) (S 290,134,484) (S 292,200,28) (D 0,0,0)
 0 1 16 46970 1004  8 (D 0,0,0) (S 418,605,603) (S 417,603,604) (S 283,461,462) (S 286,466,467) (S 285,464,465) (S 284,463,464) (D 0,0,0)
 0 1 17 167592 10554  19 (D 0,0,0) (S 363,560,559) (S 683,389,79) (S 224,387,388) (S 227,393,387) (S 695,771,772) (S 693,771,155) (S 751,157,800) (S 749,800,803) (S 754,803,788) (S 735,793,794) (S 755,425,796) (S 737,796,437) (S 259,437,438) (S 760,797,375) (S 732,786,787) (S 752,787,801) (S 725,441,781) (D 0,0,0)
 0 1 18 167038 10406  16 (D 0,0,0) (S 427,199,617) (S 91,171,169) (S 81,164,163) (S 83,163,166) (S 147,166,275) (S 261,275,440) (S 768,165,440) (S 769,440,424) (S 766,424,809) (S 253,424,167) (S 84,167,165) (S 82,165,166) (S 146,275,274) (S 150,274,277) (D 0,0,0)
 0 1 19 166799 10107  12 (D 0,0,0) (S 38,77,69) (S 85,168,164) (S 263,163,442) (S 770,442,274) (S 771,274,809) (S 767,809,301) (S 166,301,277) (S 759,300,423) (S 252,423,271) (S 772,443,444) (D 0,0,0)
 0 1 20 166620 8888  10 (D 0,0,0) (S 233,363,374) (S 214,372,152) (S 251,153,422) (S 753,156,801) (S 747,801,268) (S 727,278,783) (S 728,783,172) (S 724,37,420) (D 0,0,0)
 0 1 21 164477 8126  8 (D 0,0,0) (S 213,371,151) (S 151,161,279) (S 152,279,278) (S 262,441,152) (S 78,152,160) (S 43,91,90) (D 0,0,0)
 0 1 22 167705 8936  12 (D 0,0,0) (S 232,365,92) (S 215,373,160) (S 249,160,420) (S 722,420,781) (S 723,781,782) (S 726,441,279) (S 145,268,269) (S 734,787,272) (S 171,272,307) (S 730,421,783) (D 0,0,0)
 0 1 23 167732 9471  17 (D 0,0,0) (S 231,372,367) (S 228,394,390) (S 761,807,802) (S 746,802,803) (S 750,800,786) (S 733,786,788) (S 756,804,805) (S 758,806,805) (S 757,805,273) (S 149,273,270) (S 266,270,444) (S 773,444,306) (S 170,308,173) (S 168,302,303) (S 32,70,69) (D 0,0,0)
 0 1 24 167875 9971  12 (D 0,0,0) (S 74,66,148) (S 741,68,428) (S 742,799,429) (S 256,429,430) (S 744,433,795) (S 748,433,798) (S 743,798,429) (S 764,799,427) (S 254,427,65) (S 694,771,392) (D 0,0,0)
 0 1 25 160024 7767  15 (D 0,0,0) (S 396,589,364) (S 210,367,368) (S 682,765,79) (S 39,79,78) (S 225,78,384) (S 312,468,469) (S 684,470,766) (S 685,766,765) (S 689,765,368) (S 690,368,770) (S 692,770,395) (S 229,395,373) (S 209,365,366) (D 0,0,0)
 0 1 26 168000 7423  13 (D 0,0,0) (S 429,612,615) (S 707,775,109) (S 706,109,379) (S 220,379,380) (S 222,382,383) (S 702,382,381) (S 221,381,159) (S 79,159,158) (S 698,158,773) (S 218,377,110) (S 226,111,94) (D 0,0,0)
 0 1 27 167232 7568  14 (D 0,0,0) (S 80,146,162) (S 109,162,203) (S 211,203,369) (S 110,203,204) (S 699,204,773) (S 696,773,377) (S 697,377,396) (S 207,361,362) (S 676,397,762) (S 678,762,360) (S 677,360,763) (S 679,763,595) (D 0,0,0)
 0 1 28 166786 6750  13 (D 0,0,0) (S 377,573,560) (S 405,595,94) (S 664,94,755) (S 665,755,353) (S 701,756,112) (S 56,112,110) (S 55,110,111) (S 234,111,397) (S 675,762,589) (S 57,113,114) (S 432,115,591) (D 0,0,0)
 0 1 29 166678 8002  13 (D 0,0,0) (S 700,112,204) (S 76,158,143) (S 72,143,144) (S 219,144,378) (S 704,378,382) (S 705,381,36) (S 316,37,509) (S 88,36,145) (S 77,145,159) (S 216,159,374) (S 397,113,345) (D 0,0,0)
 0 1 30 162887 8359  13 (D 0,0,0) (S 208,364,363) (S 314,92,507) (S 687,373,767) (S 686,767,768) (S 688,768,769) (S 691,767,770) (S 230,363,396) (S 206,360,359) (S 681,764,359) (S 680,359,763) (S 406,595,572) (D 0,0,0)
 0 1 31 167607 7436  16 (D 0,0,0) (S 536,246,584) (S 385,584,245) (S 144,264,267) (S 703,267,774) (S 54,109,107) (S 52,107,106) (S 710,106,776) (S 709,776,775) (S 708,775,146) (S 73,146,147) (S 667,147,757) (S 666,757,354) (S 663,756,755) (S 44,93,94) (D 0,0,0)
 0 1 32 166784 10858  14 (D 0,0,0) (S 255,67,428) (S 740,428,799) (S 257,431,432) (S 739,431,785) (S 731,784,785) (S 258,435,436) (S 738,797,12) (S 260,12,439) (S 3,12,13) (S 217,296,375) (S 736,790,795) (S 745,800,801) (D 0,0,0)
 0 1 33 167837 9689  14 (D 0,0,0) (S 495,235,655) (S 496,655,617) (S 276,304,455) (S 86,169,168) (S 394,164,588) (S 393,587,169) (S 87,171,170) (S 92,170,173) (S 250,308,421) (S 729,421,307) (S 169,307,306) (S 223,306,308) (D 0,0,0)
 0 1 34 164947 6444  12 (D 0,0,0) (S 243,402,407) (S 131,247,50) (S 143,266,184) (S 201,350,184) (S 98,184,183) (S 656,183,752) (S 205,357,358) (S 657,357,514) (S 319,513,514) (S 658,514,49) (D 0,0,0)
 0 1 35 166524 6870  15 (D 0,0,0) (S 661,357,752) (S 671,178,760) (S 202,351,352) (S 203,352,353) (S 662,353,754) (S 670,754,758) (S 669,758,759) (S 668,758,351) (S 672,753,356) (S 204,356,355) (S 673,355,761) (S 674,355,751) (S 655,751,752) (D 0,0,0)
 0 1 36 167679 6227  15 (D 0,0,0) (S 380,557,523) (S 407,572,596) (S 5,16,17) (S 430,618,619) (S 4,14,15) (S 431,15,619) (S 433,619,115) (S 58,115,114) (S 194,346,345) (S 395,590,591) (S 398,591,572) (S 376,572,523) (S 71,141,142) (D 0,0,0)
 0 1 37 167387 6726  12 (D 0,0,0) (S 97,179,177) (S 95,177,181) (S 200,181,349) (S 660,349,147) (S 160,267,118) (S 162,118,108) (S 155,108,283) (S 198,283,348) (S 196,348,347) (S 195,347,180) (D 0,0,0)
 0 1 38 167959 7154  11 (D 0,0,0) (S 199,264,116) (S 59,117,118) (S 53,108,104) (S 50,104,105) (S 51,104,106) (S 720,776,774) (S 721,774,780) (S 142,264,265) (S 659,753,751) (D 0,0,0)
 0 1 39 166589 8186  13 (D 0,0,0) (S 778,287,456) (S 780,456,69) (S 777,810,811) (S 779,811,69) (S 34,73,72) (S 33,72,71) (S 190,294,341) (S 341,544,541) (S 340,542,543) (S 344,545,547) (S 192,343,54) (D 0,0,0)
 0 1 40 166083 8792  14 (D 0,0,0) (S 343,333,547) (S 42,85,84) (S 712,97,746) (S 711,777,295) (S 159,295,289) (S 775,293,445) (S 267,445,446) (S 776,445,508) (S 37,70,76) (S 35,75,74) (S 36,74,72) (S 339,287,506) (D 0,0,0)
 0 1 41 166971 7290  17 (D 0,0,0) (S 654,750,343) (S 636,547,336) (S 637,336,744) (S 638,338,532) (S 185,331,332) (S 635,332,59) (S 30,59,61) (S 335,61,538) (S 336,538,323) (S 352,505,459) (S 354,459,554) (S 355,554,317) (S 358,317,551) (S 350,551,552) (S 353,551,522) (D 0,0,0)
 0 1 42 164276 8178  16 (D 0,0,0) (S 332,533,340) (S 189,340,339) (S 642,339,744) (S 188,338,337) (S 644,337,531) (S 614,500,729) (S 631,732,504) (S 649,748,746) (S 645,746,102) (S 646,100,341) (S 345,544,506) (S 313,506,347) (S 197,180,182) (S 96,182,183) (D 0,0,0)
 0 1 43 165490 8857  8 (D 0,0,0) (S 212,370,154) (S 762,149,807) (S 765,427,808) (S 763,808,150) (S 45,95,96) (S 75,149,157) (D 0,0,0)
 0 1 44 165204 4998  15 (D 0,0,0) (S 522,615,670) (S 521,241,239) (S 126,238,237) (S 239,237,402) (S 242,407,247) (S 386,49,582) (S 384,582,245) (S 130,245,246) (S 535,246,677) (S 538,677,678) (S 537,677,611) (S 426,199,616) (S 107,199,200) (D 0,0,0)
 0 1 45 167785 8874  14 (D 0,0,0) (S 49,103,101) (S 715,777,779) (S 716,779,778) (S 713,778,502) (S 330,502,527) (S 328,527,293) (S 158,293,291) (S 153,284,285) (S 154,286,174) (S 586,286,713) (S 585,713,707) (S 31,60,55) (D 0,0,0)
 0 1 46 165221 6617  12 (D 0,0,0) (S 428,617,613) (S 423,611,612) (S 641,60,745) (S 639,745,546) (S 342,546,333) (S 186,333,334) (S 653,547,343) (S 652,750,749) (S 29,63,62) (S 26,62,53) (D 0,0,0)
 0 1 47 165400 8912  15 (D 0,0,0) (S 25,60,61) (S 634,332,330) (S 633,330,729) (S 628,730,743) (S 624,739,285) (S 157,284,281) (S 630,281,743) (S 651,743,739) (S 650,739,713) (S 625,739,731) (S 629,730,742) (S 627,742,48) (S 24,48,59) (D 0,0,0)
 0 1 48 166128 8147  12 (D 0,0,0) (S 187,336,335) (S 47,84,99) (S 46,98,99) (S 48,102,101) (S 714,101,777) (S 717,779,289) (S 272,450,449) (S 271,449,451) (S 273,451,75) (S 161,287,282) (D 0,0,0)
 0 1 49 167802 8804  11 (D 0,0,0) (S 387,583,584) (S 719,747,778) (S 718,778,292) (S 269,449,448) (S 270,448,76) (S 315,303,454) (S 274,452,302) (S 277,456,77) (S 278,77,288) (D 0,0,0)
 0 1 50 167406 8448  12 (D 0,0,0) (S 640,745,533) (S 184,329,330) (S 617,732,730) (S 615,730,731) (S 626,740,741) (S 616,707,728) (S 622,738,737) (S 620,737,736) (S 28,57,44) (S 19,44,48) (D 0,0,0)
 0 1 51 167138 8595  12 (D 0,0,0) (S 643,545,335) (S 647,97,529) (S 309,499,501) (S 329,529,528) (S 311,503,504) (S 632,504,291) (S 156,291,280) (S 268,280,447) (S 310,502,503) (S 648,528,747) (D 0,0,0)
 0 1 52 164290 9074  15 (D 0,0,0) (S 293,200,485) (S 603,324,718) (S 584,712,57) (S 583,57,708) (S 579,708,707) (S 613,728,511) (S 618,728,735) (S 619,735,734) (S 183,327,328) (S 373,327,52) (S 178,319,321) (S 282,460,321) (S 179,321,322) (D 0,0,0)
 0 1 53 167839 10073  19 (D 0,0,0) (S 289,134,483) (S 370,564,565) (S 607,724,727) (S 608,326,723) (S 606,725,726) (S 587,714,715) (S 611,715,706) (S 612,706,722) (S 374,569,52) (S 21,52,47) (S 280,458,42) (S 22,42,56) (S 17,42,41) (S 317,47,510) (S 372,510,566) (S 623,733,736) (S 621,736,58) (D 0,0,0)
 0 1 54 161976 8221  9 (D 0,0,0) (S 425,615,614) (S 18,43,44) (S 23,57,58) (S 27,58,52) (S 590,569,712) (S 589,712,718) (S 591,718,538) (D 0,0,0)
 0 1 55 167697 7669  23 (D 0,0,0) (S 294,485,484) (S 6,18,19) (S 321,516,497) (S 559,518,262) (S 141,262,263) (S 356,263,311) (S 357,311,313) (S 174,313,314) (S 564,314,562) (S 550,565,691) (S 557,691,260) (S 139,260,30) (S 140,261,30) (S 12,30,31) (S 13,31,32) (S 558,682,693) (S 565,695,312) (S 563,314,312) (S 173,312,311) (S 366,263,561) (S 512,482,660) (D 0,0,0)
 0 1 56 167994 7916  19 (D 0,0,0) (S 562,262,561) (S 561,561,695) (S 560,695,693) (S 548,686,687) (S 549,688,690) (S 14,33,34) (S 547,35,685) (S 551,685,692) (S 545,683,259) (S 138,259,32) (S 546,684,563) (S 367,563,562) (S 369,562,555) (S 351,520,313) (S 326,520,519) (S 324,519,309) (S 172,309,310) (D 0,0,0)
 0 1 57 164144 7842  22 (D 0,0,0) (S 176,317,318) (S 566,318,127) (S 65,127,126) (S 64,126,123) (S 62,123,124) (S 331,124,530) (S 181,324,322) (S 588,322,716) (S 582,711,705) (S 580,705,709) (S 581,709,710) (S 605,714,725) (S 610,725,723) (S 609,326,727) (S 604,724,124) (S 552,536,691) (S 553,691,127) (S 554,127,554) (S 359,556,521) (S 287,477,476) (D 0,0,0)
 0 1 58 153773 1840  9 (D 0,0,0) (S 379,575,195) (S 441,577,609) (S 442,609,620) (S 434,620,213) (S 436,213,622) (S 452,622,607) (S 421,607,606) (D 0,0,0)
 0 1 59 166168 6508  14 (D 0,0,0) (S 20,49,50) (S 543,679,680) (S 544,679,64) (S 337,55,539) (S 338,540,539) (S 348,539,549) (S 60,121,120) (S 542,120,258) (S 137,258,257) (S 346,257,255) (S 136,255,256) (S 325,256,476) (D 0,0,0)
 0 1 60 157926 7690  16 (D 0,0,0) (S 368,553,564) (S 567,564,318) (S 555,260,534) (S 334,534,537) (S 327,525,526) (S 182,325,326) (S 600,723,698) (S 602,698,719) (S 601,719,324) (S 180,324,323) (S 365,323,556) (S 556,556,550) (S 347,548,257) (S 349,255,478) (D 0,0,0)
 0 1 61 167552 9430  26 (D 0,0,0) (S 63,125,123) (S 333,530,535) (S 597,535,719) (S 592,719,720) (S 595,720,721) (S 594,720,699) (S 573,699,704) (S 593,704,721) (S 599,721,716) (S 598,717,722) (S 596,722,568) (S 177,319,320) (S 371,319,568) (S 375,568,570) (S 578,570,706) (S 576,706,705) (S 577,705,700) (S 571,700,701) (S 575,700,702) (S 572,702,703) (S 570,699,698) (S 574,698,530) (S 61,122,123) (S 281,126,459) (D 0,0,0)
