442086
61
3610515
3271796
 0 1 1 137252 4457  21 (D 0,0,0) (S 292,28,200) (S 294,485,484) (S 517,484,236) (S 522,615,670) (S 523,670,241) (S 128,241,242) (S 521,241,239) (S 127,239,240) (S 526,239,238) (S 126,238,237) (S 133,250,248) (S 318,248,512) (S 132,248,249) (S 424,409,614) (S 423,612,611) (S 496,617,655) (S 495,655,235) (S 293,485,200) (S 379,195,575) (D 0,0,0)
 0 1 2 164180 2497  10 (D 0,0,0) (S 422,606,610) (S 421,606,607) (S 419,607,198) (S 106,198,197) (S 416,574,193) (S 415,193,601) (S 104,193,194) (S 105,194,196) (D 0,0,0)
 0 1 3 166680 9005  12 (D 0,0,0) (S 272,449,450) (S 775,293,445) (S 267,445,446) (S 776,445,508) (S 315,454,303) (S 779,69,811) (S 777,810,811) (S 780,69,456) (S 277,456,77) (S 278,77,288) (D 0,0,0)
 0 1 4 166425 9851  16 (D 0,0,0) (S 32,69,70) (S 168,303,302) (S 774,455,171) (S 91,171,169) (S 393,169,587) (S 263,442,163) (S 83,163,166) (S 147,166,275) (S 261,275,440) (S 768,440,165) (S 82,165,166) (S 81,163,164) (S 86,168,169) (S 92,170,173) (D 0,0,0)
 0 1 5 167280 3244  18 (D 0,0,0) (S 113,212,211) (S 448,211,628) (S 456,209,415) (S 246,415,223) (S 118,223,222) (S 476,222,416) (S 440,417,457) (S 279,457,209) (S 453,209,628) (S 454,214,630) (S 450,629,630) (S 455,630,625) (S 438,625,212) (S 436,213,622) (S 452,622,607) (S 378,575,576) (D 0,0,0)
 0 1 6 167793 7975  12 (D 0,0,0) (S 161,282,287) (S 778,287,456) (S 37,70,76) (S 270,76,448) (S 269,448,449) (S 271,449,451) (S 273,451,75) (S 36,74,72) (S 59,118,117) (S 199,116,264) (D 0,0,0)
 0 1 7 167903 3381  12 (D 0,0,0) (S 248,419,403) (S 240,403,401) (S 238,401,398) (S 235,398,206) (S 236,205,399) (S 237,399,400) (S 241,400,404) (S 459,216,631) (S 460,631,632) (S 447,215,626) (D 0,0,0)
 0 1 8 166578 7046  13 (D 0,0,0) (S 429,612,615) (S 96,183,182) (S 97,179,177) (S 95,177,181) (S 144,264,267) (S 720,774,776) (S 51,106,104) (S 50,104,105) (S 53,104,108) (S 155,108,283) (S 195,347,180) (D 0,0,0)
 0 1 9 167249 9333  11 (D 0,0,0) (S 45,95,96) (S 763,150,808) (S 765,808,427) (S 742,799,429) (S 748,798,433) (S 744,433,795) (S 746,802,803) (S 745,800,801) (S 753,801,156) (D 0,0,0)
 0 1 10 165962 7241  10 (D 0,0,0) (S 208,364,363) (S 687,373,767) (S 686,767,768) (S 688,768,769) (S 691,767,770) (S 692,770,395) (S 209,365,366) (S 398,591,572) (D 0,0,0)
 0 1 11 154702 4961  16 (D 0,0,0) (S 362,559,557) (S 70,139,140) (S 102,140,190) (S 400,593,594) (S 409,594,190) (S 101,190,189) (S 390,189,141) (S 389,141,523) (S 387,583,584) (S 130,245,246) (S 535,246,677) (S 538,677,678) (S 537,677,611) (S 107,199,200) (D 0,0,0)
 0 1 12 167762 4075  16 (D 0,0,0) (S 509,483,653) (S 494,653,412) (S 6,18,19) (S 483,516,224) (S 480,648,649) (S 481,648,647) (S 119,227,226) (S 505,406,663) (S 507,663,662) (S 510,662,661) (S 504,661,137) (S 502,137,659) (S 501,659,660) (S 434,620,213) (D 0,0,0)
 0 1 13 167934 7660  11 (D 0,0,0) (S 640,745,533) (S 30,61,59) (S 635,59,332) (S 633,330,729) (S 614,729,500) (S 644,531,337) (S 188,337,338) (S 642,744,339) (S 191,51,342) (D 0,0,0)
 0 1 14 167973 8806  13 (D 0,0,0) (S 352,459,505) (S 181,324,322) (S 583,57,708) (S 616,707,728) (S 613,728,511) (S 618,728,735) (S 619,735,734) (S 623,733,736) (S 622,737,738) (S 620,737,736) (S 621,736,58) (D 0,0,0)
 0 1 15 167765 9547  14 (D 0,0,0) (S 89,37,172) (S 90,172,80) (S 170,173,308) (S 223,308,306) (S 773,306,444) (S 266,444,270) (S 759,423,300) (S 252,423,271) (S 149,270,273) (S 171,272,307) (S 729,307,421) (S 728,783,172) (D 0,0,0)
 0 1 16 166792 6847  14 (D 0,0,0) (S 242,407,247) (S 671,178,760) (S 202,351,352) (S 203,352,353) (S 662,353,754) (S 669,758,759) (S 668,758,351) (S 670,758,754) (S 666,757,354) (S 665,353,755) (S 664,755,94) (S 363,559,560) (D 0,0,0)
 0 1 17 166801 8454  11 (D 0,0,0) (S 19,48,44) (S 18,43,44) (S 28,44,57) (S 23,57,58) (S 27,58,52) (S 374,52,569) (S 177,319,320) (S 179,321,322) (S 180,324,323) (D 0,0,0)
 0 1 18 167365 7441  18 (D 0,0,0) (S 141,262,263) (S 356,263,311) (S 173,311,312) (S 565,312,695) (S 563,312,314) (S 564,314,562) (S 369,562,555) (S 349,478,255) (S 137,257,258) (S 542,258,120) (S 60,120,121) (S 348,549,539) (S 338,540,539) (S 337,539,55) (S 544,64,679) (S 20,50,49) (D 0,0,0)
 0 1 19 46970 1004  8 (D 0,0,0) (S 417,603,604) (S 418,605,603) (S 285,464,465) (S 284,463,464) (S 286,466,467) (S 283,461,462) (D 0,0,0)
 0 1 20 163300 7324  12 (D 0,0,0) (S 376,523,572) (S 226,94,111) (S 218,110,377) (S 698,773,158) (S 109,162,203) (S 211,203,369) (S 699,204,773) (S 696,773,377) (S 697,377,396) (S 675,762,589) (D 0,0,0)
 0 1 21 166897 5158  14 (D 0,0,0) (S 503,659,136) (S 69,136,135) (S 508,479,663) (S 247,226,418) (S 321,516,497) (S 322,474,87) (S 135,253,254) (S 540,253,128) (S 66,128,130) (S 299,130,490) (S 298,490,86) (S 289,483,134) (D 0,0,0)
 0 1 22 164610 8397  15 (D 0,0,0) (S 77,159,145) (S 88,145,36) (S 15,36,37) (S 724,37,420) (S 722,420,781) (S 723,781,782) (S 725,781,441) (S 726,441,279) (S 151,279,161) (S 251,153,422) (S 212,154,370) (S 231,367,372) (S 380,523,557) (D 0,0,0)
 0 1 23 165539 10405  17 (D 0,0,0) (S 377,573,560) (S 751,157,800) (S 749,800,803) (S 754,803,788) (S 257,431,432) (S 739,431,785) (S 731,784,785) (S 258,435,436) (S 737,796,437) (S 259,437,438) (S 755,796,425) (S 735,794,793) (S 733,788,786) (S 752,787,801) (S 747,801,268) (D 0,0,0)
 0 1 24 165342 5626  22 (D 0,0,0) (S 435,212,621) (S 444,621,627) (S 120,228,38) (S 295,38,486) (S 297,487,489) (S 470,496,640) (S 471,640,641) (S 473,642,638) (S 472,638,639) (S 467,638,637) (S 466,636,635) (S 468,635,4) (S 1,3,4) (S 306,496,4) (S 305,4,495) (S 308,495,498) (S 463,498,315) (S 175,315,316) (S 458,217,221) (S 446,208,215) (D 0,0,0)
 0 1 25 167741 6890  16 (D 0,0,0) (S 239,237,402) (S 243,402,407) (S 658,49,514) (S 319,513,514) (S 657,514,357) (S 205,357,358) (S 674,751,355) (S 673,355,761) (S 204,355,356) (S 672,356,753) (S 659,753,751) (S 655,751,752) (S 68,138,134) (S 290,134,484) (D 0,0,0)
 0 1 26 167955 9208  16 (D 0,0,0) (S 131,247,50) (S 24,59,48) (S 627,48,742) (S 629,742,730) (S 615,730,731) (S 626,740,741) (S 628,743,730) (S 617,730,732) (S 631,732,504) (S 309,499,501) (S 332,340,533) (S 335,61,538) (S 350,551,552) (S 353,551,522) (D 0,0,0)
 0 1 27 167976 9928  13 (D 0,0,0) (S 539,643,490) (S 300,130,251) (S 21,52,47) (S 17,41,42) (S 22,42,56) (S 280,458,42) (S 317,47,510) (S 372,510,566) (S 183,327,328) (S 373,327,52) (S 590,569,712) (D 0,0,0)
 0 1 28 161750 5686  23 (D 0,0,0) (S 108,201,202) (S 498,656,480) (S 124,235,234) (S 125,234,236) (S 519,654,612) (S 514,612,666) (S 520,666,243) (S 129,243,244) (S 515,243,667) (S 518,667,669) (S 516,668,669) (S 531,669,673) (S 530,674,673) (S 527,672,671) (S 534,671,675) (S 533,676,675) (S 532,675,673) (S 529,673,672) (S 528,672,667) (S 428,613,617) (S 427,617,199) (D 0,0,0)
 0 1 29 164080 7785  17 (D 0,0,0) (S 680,763,359) (S 681,764,359) (S 206,359,360) (S 678,360,762) (S 230,396,363) (S 233,363,374) (S 216,374,159) (S 221,159,381) (S 702,381,382) (S 704,382,378) (S 220,379,380) (S 219,378,144) (S 110,203,204) (S 700,204,112) (S 44,93,94) (D 0,0,0)
 0 1 30 167804 8726  12 (D 0,0,0) (S 426,199,616) (S 196,347,348) (S 198,348,283) (S 33,71,72) (S 34,73,72) (S 35,74,75) (S 632,291,504) (S 311,504,503) (S 648,528,747) (S 712,746,97) (D 0,0,0)
 0 1 31 167816 6939  14 (D 0,0,0) (S 381,23,573) (S 679,595,763) (S 677,763,360) (S 676,762,397) (S 207,361,362) (S 234,397,111) (S 55,111,110) (S 56,110,112) (S 701,112,756) (S 663,756,755) (S 405,94,595) (S 406,595,572) (D 0,0,0)
 0 1 32 157994 4388  17 (D 0,0,0) (S 114,215,214) (S 451,214,628) (S 475,222,634) (S 464,634,2) (S 465,2,218) (S 116,218,217) (S 115,217,216) (S 461,216,633) (S 457,631,221) (S 117,221,220) (S 462,220,632) (S 445,419,208) (S 112,208,210) (S 111,208,207) (S 439,625,626) (D 0,0,0)
 0 1 33 166960 9105  12 (D 0,0,0) (S 396,589,364) (S 683,389,79) (S 762,149,807) (S 761,807,802) (S 750,800,786) (S 732,786,787) (S 734,787,272) (S 145,269,268) (S 152,278,279) (S 249,420,160) (D 0,0,0)
 0 1 34 167359 7493  11 (D 0,0,0) (S 186,333,334) (S 343,333,547) (S 643,545,335) (S 637,336,744) (S 638,338,532) (S 184,329,330) (S 634,330,332) (S 185,332,331) (S 189,340,339) (D 0,0,0)
 0 1 35 167233 6032  14 (D 0,0,0) (S 497,485,235) (S 513,236,654) (S 493,654,138) (S 492,138,653) (S 469,407,491) (S 134,252,129) (S 301,491,45) (S 26,53,62) (S 543,679,680) (S 193,46,344) (S 525,408,238) (S 524,670,614) (D 0,0,0)
 0 1 36 166033 7396  13 (D 0,0,0) (S 667,757,147) (S 73,147,146) (S 708,146,775) (S 709,775,776) (S 710,776,106) (S 52,106,107) (S 54,107,109) (S 707,109,775) (S 721,774,780) (S 703,774,267) (S 200,181,349) (D 0,0,0)
 0 1 37 165989 4955  16 (D 0,0,0) (S 474,634,489) (S 16,39,40) (S 488,40,5) (S 489,5,10) (S 2,10,9) (S 11,6,29) (S 320,515,7) (S 122,231,230) (S 121,230,229) (S 303,229,132) (S 307,488,38) (S 296,488,132) (S 67,132,131) (S 449,627,211) (D 0,0,0)
 0 1 38 166963 6774  14 (D 0,0,0) (S 291,482,135) (S 323,88,119) (S 569,696,697) (S 568,697,53) (S 29,62,63) (S 31,55,60) (S 641,60,745) (S 639,745,546) (S 342,546,333) (S 653,547,343) (S 654,343,750) (S 652,750,749) (D 0,0,0)
 0 1 39 166700 3768  14 (D 0,0,0) (S 420,198,608) (S 499,657,414) (S 245,414,413) (S 478,413,646) (S 477,646,647) (S 482,647,405) (S 244,410,411) (S 506,664,657) (S 500,657,658) (S 437,623,624) (S 442,620,609) (S 441,609,577) (D 0,0,0)
 0 1 40 167128 9056  10 (D 0,0,0) (S 38,77,69) (S 276,304,455) (S 87,171,170) (S 265,170,443) (S 772,443,444) (S 169,306,307) (S 730,421,783) (S 213,151,371) (D 0,0,0)
 0 1 41 167359 5196  14 (D 0,0,0) (S 443,627,457) (S 479,646,232) (S 302,232,492) (S 491,492,652) (S 490,650,651) (S 541,652,517) (S 123,232,233) (S 304,232,493) (S 487,494,645) (S 485,645,131) (S 486,133,228) (S 484,228,414) (D 0,0,0)
 0 1 42 167904 8061  11 (D 0,0,0) (S 71,142,141) (S 232,365,92) (S 314,92,507) (S 43,90,91) (S 79,159,158) (S 76,158,143) (S 72,143,144) (S 80,162,146) (S 660,147,349) (D 0,0,0)
 0 1 43 167994 8719  29 (D 0,0,0) (S 355,317,554) (S 354,554,459) (S 281,459,126) (S 604,124,724) (S 607,724,727) (S 609,727,326) (S 608,326,723) (S 610,723,725) (S 606,725,726) (S 605,725,714) (S 587,714,715) (S 611,715,706) (S 578,706,570) (S 375,570,568) (S 612,722,706) (S 576,706,705) (S 580,705,709) (S 581,709,710) (S 571,700,701) (S 572,702,703) (S 573,704,699) (S 570,699,698) (S 331,530,124) (S 62,124,123) (S 64,123,126) (S 65,126,127) (S 368,564,553) (D 0,0,0)
 0 1 44 165667 10402  12 (D 0,0,0) (S 41,82,83) (S 165,82,297) (S 766,809,424) (S 769,440,424) (S 253,424,167) (S 84,167,165) (S 146,275,274) (S 770,274,442) (S 394,588,164) (S 85,164,168) (D 0,0,0)
 0 1 45 167900 6447  13 (D 0,0,0) (S 432,591,115) (S 58,115,114) (S 57,114,113) (S 397,113,345) (S 194,345,346) (S 433,115,619) (S 431,619,15) (S 4,14,15) (S 430,619,618) (S 5,16,17) (S 407,596,572) (D 0,0,0)
 0 1 46 167856 8888  18 (D 0,0,0) (S 395,591,590) (S 229,373,395) (S 210,367,368) (S 689,368,765) (S 682,765,79) (S 39,79,78) (S 225,78,384) (S 694,392,771) (S 695,771,772) (S 693,771,155) (S 224,387,388) (S 227,393,387) (S 312,468,469) (S 684,470,766) (S 685,766,765) (S 690,368,770) (D 0,0,0)
 0 1 47 167993 9315  13 (D 0,0,0) (S 215,373,160) (S 78,160,152) (S 262,152,441) (S 727,278,783) (S 250,421,308) (S 93,173,80) (S 40,80,81) (S 316,37,509) (S 705,36,381) (S 222,382,383) (S 706,379,109) (D 0,0,0)
 0 1 48 167953 7514  19 (D 0,0,0) (S 288,135,479) (S 324,309,519) (S 351,520,313) (S 357,313,311) (S 366,263,561) (S 138,32,259) (S 545,259,683) (S 14,33,34) (S 547,35,685) (S 551,685,692) (S 549,688,690) (S 548,687,686) (S 558,682,693) (S 560,693,695) (S 561,695,561) (S 562,561,262) (S 559,262,518) (D 0,0,0)
 0 1 49 164997 6264  12 (D 0,0,0) (S 536,246,584) (S 385,584,245) (S 384,245,582) (S 386,582,49) (S 661,357,752) (S 656,752,183) (S 142,264,265) (S 98,183,184) (S 201,350,184) (S 143,184,266) (D 0,0,0)
 0 1 50 164479 8180  16 (D 0,0,0) (S 192,54,343) (S 340,542,543) (S 341,541,544) (S 646,341,100) (S 645,102,746) (S 649,746,748) (S 719,747,778) (S 717,779,289) (S 159,289,295) (S 711,295,777) (S 714,777,101) (S 49,101,103) (S 162,108,118) (S 160,118,267) (D 0,0,0)
 0 1 51 149061 5776  23 (D 0,0,0) (S 392,24,586) (S 402,586,187) (S 100,187,188) (S 403,187,191) (S 103,191,192) (S 404,191,594) (S 408,594,186) (S 99,186,185) (S 383,581,578) (S 382,578,579) (S 411,597,598) (S 414,597,600) (S 413,580,176) (S 94,175,176) (S 412,599,176) (S 388,581,189) (S 410,190,142) (S 360,139,557) (S 364,524,558) (S 361,558,27) (S 10,25,26) (D 0,0,0)
 0 1 52 167842 9062  12 (D 0,0,0) (S 589,718,712) (S 584,712,57) (S 579,708,707) (S 585,707,713) (S 586,713,286) (S 154,286,174) (S 624,285,739) (S 650,739,713) (S 625,739,731) (S 25,61,60) (D 0,0,0)
 0 1 53 167549 9901  12 (D 0,0,0) (S 228,394,390) (S 75,157,149) (S 254,65,427) (S 764,427,799) (S 256,429,430) (S 743,429,798) (S 740,799,428) (S 741,68,428) (S 255,428,67) (S 74,66,148) (D 0,0,0)
 0 1 54 105647 2599  8 (D 0,0,0) (S 7,21,22) (S 391,24,585) (S 401,585,592) (S 399,592,586) (S 9,24,21) (S 8,21,23) (D 0,0,0)
 0 1 55 167704 7460  19 (D 0,0,0) (S 325,476,256) (S 136,256,255) (S 346,255,257) (S 347,257,548) (S 556,550,556) (S 365,556,323) (S 336,323,538) (S 591,538,718) (S 603,718,324) (S 601,324,719) (S 602,719,698) (S 600,698,723) (S 182,326,325) (S 552,536,691) (S 553,691,127) (S 176,318,317) (S 358,317,551) (D 0,0,0)
 0 1 56 167956 7974  18 (D 0,0,0) (S 425,615,614) (S 636,547,336) (S 187,336,335) (S 42,85,84) (S 46,98,99) (S 47,99,84) (S 647,97,529) (S 329,529,528) (S 310,503,502) (S 713,502,778) (S 716,778,779) (S 715,779,777) (S 48,101,102) (S 345,544,506) (S 313,506,347) (S 197,180,182) (D 0,0,0)
 0 1 57 167304 9475  13 (D 0,0,0) (S 264,443,276) (S 148,276,277) (S 166,277,301) (S 767,301,809) (S 771,809,274) (S 150,274,277) (S 163,277,297) (S 164,297,298) (S 167,82,171) (S 275,453,452) (S 274,452,302) (D 0,0,0)
 0 1 58 166252 10255  12 (D 0,0,0) (S 214,372,152) (S 757,273,805) (S 758,806,805) (S 756,805,804) (S 760,375,797) (S 738,797,12) (S 260,12,439) (S 3,12,13) (S 217,296,375) (S 736,790,795) (D 0,0,0)
 0 1 59 167882 8649  24 (D 0,0,0) (S 511,658,660) (S 512,660,482) (S 172,309,310) (S 326,519,520) (S 174,313,314) (S 367,562,563) (S 546,563,684) (S 13,32,31) (S 12,31,30) (S 140,261,30) (S 139,30,260) (S 334,534,537) (S 327,525,526) (S 555,534,260) (S 557,260,691) (S 550,691,565) (S 370,565,564) (S 567,564,318) (S 566,318,127) (S 554,127,554) (S 359,556,521) (S 287,477,476) (D 0,0,0)
 0 1 60 166871 9078  15 (D 0,0,0) (S 344,547,545) (S 190,341,294) (S 156,291,280) (S 157,281,284) (S 153,284,285) (S 651,739,743) (S 630,743,281) (S 268,280,447) (S 158,291,293) (S 328,293,527) (S 330,527,502) (S 718,778,292) (S 339,287,506) (D 0,0,0)
 0 1 61 167570 9007  21 (D 0,0,0) (S 61,122,123) (S 63,125,123) (S 333,530,535) (S 597,535,719) (S 592,719,720) (S 593,721,704) (S 575,702,700) (S 577,700,705) (S 582,705,711) (S 598,717,722) (S 596,722,568) (S 371,568,319) (S 178,319,321) (S 282,460,321) (S 588,322,716) (S 599,716,721) (S 595,721,720) (S 594,720,699) (S 574,698,530) (D 0,0,0)
