439439
61
1807492
1782768
 0 1 1 93911 2037  8 (D 0,0,0) (S 378,576,575) (S 422,606,610) (S 421,606,607) (S 419,607,198) (S 420,198,608) (S 106,198,197) (D 0,0,0)
 0 1 2 165107 4928  22 (D 0,0,0) (S 379,575,195) (S 107,200,199) (S 537,611,677) (S 538,677,678) (S 535,677,246) (S 130,246,245) (S 385,245,584) (S 387,584,583) (S 389,523,141) (S 390,141,189) (S 101,189,190) (S 409,190,594) (S 404,594,191) (S 103,191,192) (S 403,191,187) (S 100,187,188) (S 402,187,586) (S 392,586,24) (S 9,24,21) (S 7,21,22) (D 0,0,0)
 0 1 3 166665 2717  10 (D 0,0,0) (S 8,23,21) (S 391,24,585) (S 401,585,592) (S 399,592,586) (S 416,574,193) (S 415,193,601) (S 104,193,194) (S 105,194,196) (D 0,0,0)
 0 1 4 164962 4082  19 (D 0,0,0) (S 292,28,200) (S 427,199,617) (S 428,617,613) (S 429,612,615) (S 425,615,614) (S 424,614,409) (S 133,250,248) (S 132,248,249) (S 318,248,512) (S 494,412,653) (S 492,653,138) (S 68,138,134) (S 69,135,136) (S 503,136,659) (S 511,660,658) (S 434,620,213) (S 452,622,607) (D 0,0,0)
 0 1 5 163887 4839  20 (D 0,0,0) (S 439,626,625) (S 455,625,630) (S 454,630,214) (S 451,214,628) (S 279,209,457) (S 484,414,228) (S 485,131,645) (S 487,645,494) (S 304,493,232) (S 302,232,492) (S 491,492,652) (S 490,650,651) (S 541,652,517) (S 321,497,516) (S 6,19,18) (S 289,483,134) (S 290,134,484) (S 294,484,485) (D 0,0,0)
 0 1 6 167085 8093  19 (D 0,0,0) (S 562,262,561) (S 561,561,695) (S 13,32,31) (S 12,31,30) (S 140,261,30) (S 139,30,260) (S 555,260,534) (S 334,534,537) (S 327,525,526) (S 182,325,326) (S 608,326,723) (S 609,326,727) (S 607,727,724) (S 604,724,124) (S 63,125,123) (S 64,123,126) (S 281,126,459) (D 0,0,0)
 0 1 7 160469 4081  19 (D 0,0,0) (S 437,624,623) (S 501,660,659) (S 502,659,137) (S 504,137,661) (S 510,661,662) (S 507,662,663) (S 505,663,406) (S 119,226,227) (S 481,647,648) (S 480,648,649) (S 483,224,516) (S 247,418,226) (S 508,663,479) (S 288,479,135) (S 291,135,482) (S 512,482,660) (S 442,620,609) (D 0,0,0)
 0 1 8 166670 4125  13 (D 0,0,0) (S 449,211,627) (S 440,457,417) (S 245,414,413) (S 478,413,646) (S 123,232,233) (S 479,232,646) (S 477,646,647) (S 482,647,405) (S 244,410,411) (S 506,664,657) (S 500,657,658) (D 0,0,0)
 0 1 9 163157 4969  13 (D 0,0,0) (S 118,223,222) (S 297,489,487) (S 488,40,5) (S 489,5,10) (S 2,10,9) (S 11,6,29) (S 320,515,7) (S 122,231,230) (S 121,230,229) (S 303,229,132) (S 120,38,228) (D 0,0,0)
 0 1 10 164989 4238  15 (D 0,0,0) (S 445,208,419) (S 457,631,221) (S 116,217,218) (S 465,218,2) (S 474,634,489) (S 295,486,38) (S 16,39,40) (S 307,38,488) (S 296,488,132) (S 67,132,131) (S 486,133,228) (S 499,414,657) (S 441,609,577) (D 0,0,0)
 0 1 11 160028 6161  20 (D 0,0,0) (S 10,25,26) (S 361,27,558) (S 364,558,524) (S 360,557,139) (S 410,142,190) (S 388,189,581) (S 383,581,578) (S 382,578,579) (S 411,597,598) (S 414,597,600) (S 94,175,176) (S 412,599,176) (S 413,176,580) (S 99,185,186) (S 408,186,594) (S 400,593,594) (S 102,190,140) (S 70,140,139) (D 0,0,0)
 0 1 12 167757 6545  14 (D 0,0,0) (S 363,560,559) (S 380,557,523) (S 664,94,755) (S 663,755,756) (S 701,756,112) (S 700,112,204) (S 699,204,773) (S 218,377,110) (S 55,110,111) (S 226,111,94) (S 405,94,595) (S 362,557,559) (D 0,0,0)
 0 1 13 165092 7208  14 (D 0,0,0) (S 536,246,584) (S 20,49,50) (S 191,51,342) (S 652,749,750) (S 654,750,343) (S 344,547,545) (S 340,542,543) (S 643,545,335) (S 187,335,336) (S 637,336,744) (S 636,336,547) (S 342,333,546) (D 0,0,0)
 0 1 14 165640 5439  9 (D 0,0,0) (S 299,490,130) (S 300,130,251) (S 301,491,45) (S 193,46,344) (S 386,49,582) (S 384,582,245) (S 71,141,142) (D 0,0,0)
 0 1 15 166416 3748  16 (D 0,0,0) (S 447,626,215) (S 111,207,208) (S 462,632,220) (S 117,220,221) (S 458,221,217) (S 115,217,216) (S 461,216,633) (S 459,216,631) (S 460,631,632) (S 246,223,415) (S 456,415,209) (S 453,209,628) (S 448,628,211) (S 113,211,212) (D 0,0,0)
 0 1 16 159321 5235  23 (D 0,0,0) (S 446,215,208) (S 112,208,210) (S 175,315,316) (S 463,315,498) (S 308,498,495) (S 305,495,4) (S 306,4,496) (S 470,496,640) (S 471,640,641) (S 473,642,638) (S 472,638,639) (S 467,638,637) (S 466,636,635) (S 468,635,4) (S 1,4,3) (S 464,2,634) (S 475,634,222) (S 476,222,416) (S 443,457,627) (S 444,627,621) (S 435,621,212) (D 0,0,0)
 0 1 17 156317 3613  13 (D 0,0,0) (S 240,403,401) (S 241,400,404) (S 237,400,399) (S 236,399,205) (S 235,206,398) (S 238,398,401) (S 248,403,419) (S 114,215,214) (S 450,629,630) (S 438,625,212) (S 436,213,622) (D 0,0,0)
 0 1 18 46970 1004  8 (D 0,0,0) (S 286,466,467) (S 285,464,465) (S 284,463,464) (S 283,461,462) (S 418,605,603) (S 417,603,604) (D 0,0,0)
 0 1 19 167892 6555  20 (D 0,0,0) (S 426,199,616) (S 423,611,612) (S 524,614,670) (S 521,241,239) (S 127,239,240) (S 526,239,238) (S 126,238,237) (S 239,237,402) (S 243,402,407) (S 242,407,247) (S 131,247,50) (S 543,679,680) (S 544,679,64) (S 29,63,62) (S 26,62,53) (S 568,53,697) (S 569,697,696) (S 323,119,88) (D 0,0,0)
 0 1 20 167707 8887  26 (D 0,0,0) (S 368,553,564) (S 566,318,127) (S 552,691,536) (S 574,530,698) (S 570,698,699) (S 573,699,704) (S 572,702,703) (S 575,702,700) (S 577,700,705) (S 582,705,711) (S 598,717,722) (S 612,722,706) (S 578,706,570) (S 375,570,568) (S 596,722,568) (S 371,568,319) (S 177,319,320) (S 178,319,321) (S 282,460,321) (S 179,321,322) (S 180,324,323) (S 352,505,459) (S 354,459,554) (S 355,554,317) (D 0,0,0)
 0 1 21 163851 9571  15 (D 0,0,0) (S 381,23,573) (S 77,159,145) (S 316,37,509) (S 90,172,80) (S 40,80,81) (S 93,80,173) (S 92,173,170) (S 265,170,443) (S 772,443,444) (S 773,444,306) (S 169,306,307) (S 729,307,421) (S 250,421,308) (D 0,0,0)
 0 1 22 167320 8025  16 (D 0,0,0) (S 198,348,283) (S 778,287,456) (S 780,456,69) (S 777,810,811) (S 779,811,69) (S 37,70,76) (S 33,72,71) (S 711,295,777) (S 48,101,102) (S 345,544,506) (S 313,506,347) (S 656,183,752) (S 493,138,654) (S 124,234,235) (D 0,0,0)
 0 1 23 161514 5705  23 (D 0,0,0) (S 108,201,202) (S 498,656,480) (S 517,484,236) (S 513,236,654) (S 514,612,666) (S 520,666,243) (S 515,243,667) (S 518,667,669) (S 516,668,669) (S 531,669,673) (S 530,674,673) (S 529,673,672) (S 527,672,671) (S 534,671,675) (S 533,676,675) (S 532,675,673) (S 528,672,667) (S 129,243,244) (S 519,612,654) (S 125,236,234) (S 497,235,485) (D 0,0,0)
 0 1 24 166649 5663  18 (D 0,0,0) (S 293,200,485) (S 495,235,655) (S 496,655,617) (S 522,615,670) (S 523,670,241) (S 128,241,242) (S 525,238,408) (S 469,407,491) (S 134,252,129) (S 66,130,128) (S 540,128,253) (S 135,253,254) (S 322,87,474) (S 298,86,490) (S 539,490,643) (S 509,653,483) (D 0,0,0)
 0 1 25 165747 8102  11 (D 0,0,0) (S 377,573,560) (S 210,367,368) (S 689,368,765) (S 685,766,765) (S 682,765,79) (S 39,79,78) (S 212,370,154) (S 251,153,422) (S 213,151,371) (D 0,0,0)
 0 1 26 164877 7089  14 (D 0,0,0) (S 398,572,591) (S 395,591,590) (S 208,364,363) (S 230,363,396) (S 207,361,362) (S 676,397,762) (S 678,762,360) (S 680,763,359) (S 681,764,359) (S 206,359,360) (S 677,360,763) (S 679,763,595) (D 0,0,0)
 0 1 27 167900 6447  13 (D 0,0,0) (S 407,572,596) (S 5,16,17) (S 430,618,619) (S 431,619,15) (S 4,14,15) (S 433,619,115) (S 58,115,114) (S 194,346,345) (S 397,345,113) (S 57,113,114) (S 432,115,591) (D 0,0,0)
 0 1 28 165182 8227  11 (D 0,0,0) (S 209,366,365) (S 314,92,507) (S 692,395,770) (S 690,368,770) (S 691,770,767) (S 688,768,769) (S 686,768,767) (S 687,767,373) (S 232,92,365) (D 0,0,0)
 0 1 29 167535 9305  11 (D 0,0,0) (S 233,363,374) (S 75,157,149) (S 45,95,96) (S 254,65,427) (S 764,427,799) (S 740,799,428) (S 741,428,68) (S 74,66,148) (S 693,155,771) (D 0,0,0)
 0 1 30 167959 9146  12 (D 0,0,0) (S 695,771,772) (S 751,157,800) (S 745,800,801) (S 747,801,268) (S 145,268,269) (S 171,272,307) (S 730,421,783) (S 728,783,172) (S 89,172,37) (S 702,381,382) (D 0,0,0)
 0 1 31 166762 8245  16 (D 0,0,0) (S 215,373,160) (S 78,160,152) (S 151,161,279) (S 723,781,782) (S 722,781,420) (S 724,420,37) (S 15,37,36) (S 705,36,381) (S 221,381,159) (S 698,158,773) (S 696,773,377) (S 697,377,396) (S 234,397,111) (S 44,93,94) (D 0,0,0)
 0 1 32 166647 7105  13 (D 0,0,0) (S 200,349,181) (S 142,265,264) (S 144,264,267) (S 703,267,774) (S 710,776,106) (S 51,106,104) (S 53,104,108) (S 162,108,118) (S 160,267,118) (S 59,118,117) (S 199,116,264) (D 0,0,0)
 0 1 33 167994 7586  13 (D 0,0,0) (S 660,349,147) (S 706,109,379) (S 220,379,380) (S 704,378,382) (S 222,382,383) (S 219,378,144) (S 72,144,143) (S 76,143,158) (S 79,158,159) (S 216,159,374) (S 675,762,589) (D 0,0,0)
 0 1 34 167570 8223  10 (D 0,0,0) (S 214,372,152) (S 262,152,441) (S 726,441,279) (S 152,279,278) (S 727,278,783) (S 88,36,145) (S 43,91,90) (S 396,364,589) (D 0,0,0)
 0 1 35 167737 10895  17 (D 0,0,0) (S 231,372,367) (S 735,793,794) (S 755,425,796) (S 737,796,437) (S 259,437,438) (S 760,797,375) (S 217,375,296) (S 3,13,12) (S 260,12,439) (S 738,12,797) (S 258,435,436) (S 257,431,432) (S 748,798,433) (S 744,433,795) (S 746,802,803) (D 0,0,0)
 0 1 36 167996 9823  15 (D 0,0,0) (S 752,801,787) (S 734,787,272) (S 732,787,786) (S 733,786,788) (S 736,790,795) (S 761,802,807) (S 762,807,149) (S 694,771,392) (S 224,387,388) (S 227,393,387) (S 312,468,469) (S 684,470,766) (S 683,79,389) (D 0,0,0)
 0 1 37 167888 9841  13 (D 0,0,0) (S 225,78,384) (S 763,150,808) (S 765,808,427) (S 742,799,429) (S 256,429,430) (S 743,429,798) (S 731,784,785) (S 739,785,431) (S 255,428,67) (S 228,390,394) (S 229,395,373) (D 0,0,0)
 0 1 38 167860 9793  12 (D 0,0,0) (S 774,455,171) (S 91,171,169) (S 393,169,587) (S 394,588,164) (S 263,163,442) (S 770,442,274) (S 759,300,423) (S 252,423,271) (S 725,441,781) (S 249,420,160) (D 0,0,0)
 0 1 39 167110 10105  14 (D 0,0,0) (S 167,171,82) (S 41,82,83) (S 165,82,297) (S 164,297,298) (S 163,297,277) (S 150,277,274) (S 146,274,275) (S 147,275,166) (S 261,275,440) (S 768,165,440) (S 771,809,274) (S 87,171,170) (D 0,0,0)
 0 1 40 166806 10037  15 (D 0,0,0) (S 86,169,168) (S 85,168,164) (S 81,164,163) (S 83,163,166) (S 82,166,165) (S 84,165,167) (S 253,167,424) (S 769,440,424) (S 766,424,809) (S 767,809,301) (S 166,301,277) (S 148,277,276) (S 264,276,443) (D 0,0,0)
 0 1 41 165029 6844  13 (D 0,0,0) (S 657,514,357) (S 659,751,753) (S 672,753,356) (S 204,356,355) (S 673,355,761) (S 674,355,751) (S 655,751,752) (S 661,752,357) (S 205,357,358) (S 319,513,514) (S 658,514,49) (D 0,0,0)
 0 1 42 165788 6936  14 (D 0,0,0) (S 143,266,184) (S 201,350,184) (S 98,184,183) (S 97,179,177) (S 95,177,181) (S 671,178,760) (S 202,351,352) (S 203,352,353) (S 662,353,754) (S 670,754,758) (S 669,758,759) (S 668,758,351) (D 0,0,0)
 0 1 43 167788 7150  13 (D 0,0,0) (S 665,755,353) (S 666,354,757) (S 667,757,147) (S 73,147,146) (S 80,146,162) (S 109,162,203) (S 211,203,369) (S 110,203,204) (S 56,112,110) (S 406,595,572) (S 376,572,523) (D 0,0,0)
 0 1 44 167539 8021  13 (D 0,0,0) (S 195,180,347) (S 339,506,287) (S 38,77,69) (S 32,69,70) (S 270,76,448) (S 273,451,75) (S 35,75,74) (S 36,74,72) (S 34,73,72) (S 190,294,341) (S 341,544,541) (D 0,0,0)
 0 1 45 167957 8124  11 (D 0,0,0) (S 161,282,287) (S 159,295,289) (S 271,449,451) (S 269,448,449) (S 272,449,450) (S 718,292,778) (S 715,779,777) (S 645,746,102) (S 646,100,341) (D 0,0,0)
 0 1 46 167260 9547  14 (D 0,0,0) (S 168,303,302) (S 170,173,308) (S 223,308,306) (S 266,444,270) (S 149,270,273) (S 757,273,805) (S 758,806,805) (S 756,805,804) (S 754,788,803) (S 749,803,800) (S 750,800,786) (S 753,801,156) (D 0,0,0)
 0 1 47 165875 7647  12 (D 0,0,0) (S 708,146,775) (S 709,775,776) (S 720,776,774) (S 721,774,780) (S 707,775,109) (S 54,109,107) (S 52,107,106) (S 50,104,105) (S 155,108,283) (S 196,348,347) (D 0,0,0)
 0 1 48 167791 9232  12 (D 0,0,0) (S 197,182,180) (S 775,293,445) (S 267,445,446) (S 776,445,508) (S 275,452,453) (S 276,455,304) (S 274,302,452) (S 315,454,303) (S 277,456,77) (S 278,77,288) (D 0,0,0)
 0 1 49 166805 8098  13 (D 0,0,0) (S 31,55,60) (S 634,332,330) (S 633,330,729) (S 614,500,729) (S 631,732,504) (S 311,504,503) (S 310,503,502) (S 713,502,778) (S 719,778,747) (S 649,748,746) (S 96,182,183) (D 0,0,0)
 0 1 50 156718 7820  26 (D 0,0,0) (S 559,518,262) (S 141,262,263) (S 366,263,561) (S 356,263,311) (S 357,311,313) (S 174,313,314) (S 564,314,562) (S 369,562,555) (S 353,522,551) (S 350,551,552) (S 358,551,317) (S 176,317,318) (S 567,318,564) (S 370,564,565) (S 550,565,691) (S 557,691,260) (S 553,691,127) (S 554,127,554) (S 556,556,550) (S 60,121,120) (S 542,120,258) (S 137,258,257) (S 346,257,255) (S 349,255,478) (D 0,0,0)
 0 1 51 167647 8056  18 (D 0,0,0) (S 326,519,520) (S 351,520,313) (S 173,311,312) (S 563,314,312) (S 565,312,695) (S 560,695,693) (S 558,693,682) (S 551,685,692) (S 14,33,34) (S 547,35,685) (S 549,688,690) (S 548,687,686) (S 545,683,259) (S 138,259,32) (S 546,684,563) (S 367,563,562) (D 0,0,0)
 0 1 52 167540 8143  14 (D 0,0,0) (S 62,123,124) (S 333,530,535) (S 597,535,719) (S 592,719,720) (S 599,721,716) (S 588,716,322) (S 584,712,57) (S 23,57,58) (S 28,57,44) (S 18,43,44) (S 19,44,48) (S 25,61,60) (D 0,0,0)
 0 1 53 165770 7087  11 (D 0,0,0) (S 640,745,533) (S 332,533,340) (S 185,331,332) (S 635,332,59) (S 30,59,61) (S 335,61,538) (S 336,538,323) (S 359,556,521) (S 287,477,476) (D 0,0,0)
 0 1 54 167469 8049  12 (D 0,0,0) (S 639,546,745) (S 188,338,337) (S 644,337,531) (S 309,499,501) (S 329,529,528) (S 648,528,747) (S 647,529,97) (S 47,84,99) (S 46,98,99) (S 42,84,85) (D 0,0,0)
 0 1 55 164801 8752  16 (D 0,0,0) (S 641,60,745) (S 642,339,744) (S 638,338,532) (S 184,329,330) (S 617,732,730) (S 628,730,743) (S 650,739,713) (S 586,713,286) (S 154,286,174) (S 158,291,293) (S 328,293,527) (S 330,527,502) (S 716,778,779) (S 712,746,97) (D 0,0,0)
 0 1 56 164630 6808  14 (D 0,0,0) (S 192,54,343) (S 653,343,547) (S 343,547,333) (S 186,333,334) (S 337,55,539) (S 338,540,539) (S 348,539,549) (S 347,548,257) (S 136,255,256) (S 325,256,476) (S 324,519,309) (S 172,309,310) (D 0,0,0)
 0 1 57 167395 9161  22 (D 0,0,0) (S 591,538,718) (S 603,718,324) (S 601,324,719) (S 602,719,698) (S 600,698,723) (S 610,723,725) (S 606,725,726) (S 605,725,714) (S 587,714,715) (S 611,715,706) (S 576,706,705) (S 580,705,709) (S 581,709,710) (S 571,700,701) (S 593,704,721) (S 595,721,720) (S 594,720,699) (S 331,530,124) (S 61,122,123) (S 65,126,127) (D 0,0,0)
 0 1 58 167679 9167  14 (D 0,0,0) (S 589,718,712) (S 620,736,737) (S 622,737,738) (S 618,735,728) (S 616,728,707) (S 585,707,713) (S 624,739,285) (S 153,285,284) (S 157,284,281) (S 717,289,779) (S 714,777,101) (S 49,101,103) (D 0,0,0)
 0 1 59 167104 8929  13 (D 0,0,0) (S 627,48,742) (S 629,742,730) (S 615,730,731) (S 626,740,741) (S 625,731,739) (S 651,739,743) (S 630,743,281) (S 268,280,447) (S 156,280,291) (S 632,291,504) (S 189,340,339) (D 0,0,0)
 0 1 60 167910 8848  12 (D 0,0,0) (S 24,59,48) (S 583,57,708) (S 579,708,707) (S 613,728,511) (S 619,735,734) (S 183,327,328) (S 373,327,52) (S 27,52,58) (S 181,322,324) (S 365,323,556) (D 0,0,0)
 0 1 61 166834 9583  12 (D 0,0,0) (S 621,58,736) (S 623,736,733) (S 372,566,510) (S 317,510,47) (S 280,458,42) (S 22,42,56) (S 17,42,41) (S 21,47,52) (S 374,52,569) (S 590,569,712) (D 0,0,0)
