440774
61
1807844
1712688
 0 1 1 155246 3918  19 (D 0,0,0) (S 378,576,575) (S 448,211,628) (S 279,209,457) (S 440,457,417) (S 245,414,413) (S 478,413,646) (S 477,646,647) (S 481,647,648) (S 480,648,649) (S 482,647,405) (S 505,406,663) (S 507,663,662) (S 510,662,661) (S 504,661,137) (S 502,137,659) (S 501,659,660) (S 511,660,658) (D 0,0,0)
 0 1 2 167943 8171  27 (D 0,0,0) (S 512,660,482) (S 291,482,135) (S 562,262,561) (S 356,263,311) (S 357,313,311) (S 173,311,312) (S 563,312,314) (S 564,314,562) (S 367,562,563) (S 550,565,691) (S 557,691,260) (S 327,525,526) (S 334,534,537) (S 555,534,260) (S 139,260,30) (S 140,261,30) (S 12,30,31) (S 13,31,32) (S 561,695,561) (S 366,561,263) (S 141,263,262) (S 559,262,518) (S 288,479,135) (S 69,135,136) (S 503,136,659) (D 0,0,0)
 0 1 3 163346 6680  20 (D 0,0,0) (S 290,484,134) (S 289,134,483) (S 6,18,19) (S 325,476,256) (S 136,256,255) (S 346,255,257) (S 137,257,258) (S 542,258,120) (S 60,120,121) (S 348,549,539) (S 338,540,539) (S 337,539,55) (S 568,53,697) (S 569,697,696) (S 323,119,88) (S 68,134,138) (S 493,138,654) (S 124,234,235) (D 0,0,0)
 0 1 4 167778 6456  14 (D 0,0,0) (S 294,485,484) (S 509,483,653) (S 243,402,407) (S 658,49,514) (S 319,513,514) (S 657,514,357) (S 205,357,358) (S 661,357,752) (S 98,183,184) (S 201,350,184) (S 143,184,266) (S 131,50,247) (D 0,0,0)
 0 1 5 166856 9680  14 (D 0,0,0) (S 96,183,182) (S 197,182,180) (S 37,76,70) (S 265,170,443) (S 266,444,270) (S 252,271,423) (S 759,423,300) (S 149,270,273) (S 145,269,268) (S 726,279,441) (S 724,420,37) (S 705,36,381) (D 0,0,0)
 0 1 6 163431 8924  15 (D 0,0,0) (S 706,109,379) (S 222,382,383) (S 89,37,172) (S 728,172,783) (S 730,783,421) (S 250,421,308) (S 170,308,173) (S 93,173,80) (S 40,80,81) (S 90,80,172) (S 15,37,36) (S 216,159,374) (S 234,397,111) (D 0,0,0)
 0 1 7 167476 7506  14 (D 0,0,0) (S 230,396,363) (S 221,159,381) (S 702,381,382) (S 704,382,378) (S 220,379,380) (S 219,378,144) (S 72,144,143) (S 76,143,158) (S 698,158,773) (S 699,773,204) (S 700,204,112) (S 701,112,756) (D 0,0,0)
 0 1 8 163893 6609  12 (D 0,0,0) (S 202,351,352) (S 203,352,353) (S 665,755,353) (S 662,353,754) (S 670,754,758) (S 669,758,759) (S 668,758,351) (S 671,760,178) (S 659,753,751) (S 655,751,752) (D 0,0,0)
 0 1 9 165236 7595  11 (D 0,0,0) (S 674,751,355) (S 673,355,761) (S 204,355,356) (S 672,356,753) (S 660,349,147) (S 80,162,146) (S 720,776,774) (S 721,774,780) (S 703,774,267) (D 0,0,0)
 0 1 10 167228 9995  15 (D 0,0,0) (S 161,282,287) (S 146,274,275) (S 82,166,165) (S 84,165,167) (S 253,167,424) (S 766,424,809) (S 767,809,301) (S 166,301,277) (S 163,277,297) (S 164,297,298) (S 167,82,171) (S 92,170,173) (S 32,70,69) (D 0,0,0)
 0 1 11 167536 8654  12 (D 0,0,0) (S 778,287,456) (S 780,456,69) (S 168,303,302) (S 274,302,452) (S 275,452,453) (S 276,455,304) (S 316,509,37) (S 88,36,145) (S 77,145,159) (S 79,159,158) (D 0,0,0)
 0 1 12 167435 9302  12 (D 0,0,0) (S 78,160,152) (S 151,161,279) (S 750,800,786) (S 734,787,272) (S 752,787,801) (S 753,801,156) (S 693,155,771) (S 695,771,772) (S 694,771,392) (S 231,367,372) (D 0,0,0)
 0 1 13 166121 9558  12 (D 0,0,0) (S 229,373,395) (S 228,394,390) (S 45,95,96) (S 74,66,148) (S 255,67,428) (S 741,68,428) (S 740,428,799) (S 764,799,427) (S 765,427,808) (S 763,808,150) (D 0,0,0)
 0 1 14 167171 10337  13 (D 0,0,0) (S 254,65,427) (S 742,799,429) (S 256,429,430) (S 743,429,798) (S 258,435,436) (S 731,784,785) (S 739,785,431) (S 257,431,432) (S 748,798,433) (S 744,433,795) (S 736,795,790) (D 0,0,0)
 0 1 15 167169 10655  15 (D 0,0,0) (S 751,157,800) (S 754,803,788) (S 735,793,794) (S 755,425,796) (S 737,796,437) (S 259,437,438) (S 738,797,12) (S 260,12,439) (S 3,12,13) (S 760,797,375) (S 217,375,296) (S 165,297,82) (S 41,82,83) (D 0,0,0)
 0 1 16 167329 9908  16 (D 0,0,0) (S 774,455,171) (S 91,171,169) (S 770,442,274) (S 771,274,809) (S 769,424,440) (S 768,165,440) (S 261,440,275) (S 147,275,166) (S 83,166,163) (S 81,163,164) (S 85,164,168) (S 86,168,169) (S 87,171,170) (S 38,69,77) (D 0,0,0)
 0 1 17 167206 9282  16 (D 0,0,0) (S 49,103,101) (S 717,779,289) (S 775,293,445) (S 267,445,446) (S 776,445,508) (S 315,454,303) (S 779,69,811) (S 777,810,811) (S 277,456,77) (S 278,77,288) (S 59,118,117) (S 199,116,264) (S 95,181,177) (S 97,177,179) (D 0,0,0)
 0 1 18 166785 6784  11 (D 0,0,0) (S 200,349,181) (S 142,265,264) (S 144,264,267) (S 160,267,118) (S 162,118,108) (S 53,108,104) (S 50,104,105) (S 155,108,283) (S 195,347,180) (D 0,0,0)
 0 1 19 167409 7808  11 (D 0,0,0) (S 196,347,348) (S 198,348,283) (S 34,73,72) (S 36,72,74) (S 35,74,75) (S 273,75,451) (S 270,448,76) (S 33,72,71) (S 190,294,341) (D 0,0,0)
 0 1 20 163021 8765  13 (D 0,0,0) (S 647,97,529) (S 329,529,528) (S 632,504,291) (S 157,281,284) (S 153,284,285) (S 154,286,174) (S 586,286,713) (S 650,713,739) (S 625,739,731) (S 629,730,742) (S 627,742,48) (D 0,0,0)
 0 1 21 167813 8596  16 (D 0,0,0) (S 712,97,746) (S 649,746,748) (S 648,747,528) (S 310,503,502) (S 330,502,527) (S 328,527,293) (S 158,293,291) (S 630,281,743) (S 651,743,739) (S 628,743,730) (S 617,730,732) (S 184,330,329) (S 638,532,338) (S 637,744,336) (D 0,0,0)
 0 1 22 157331 6612  10 (D 0,0,0) (S 543,679,680) (S 544,679,64) (S 192,54,343) (S 653,343,547) (S 343,547,333) (S 186,333,334) (S 342,333,546) (S 191,51,342) (D 0,0,0)
 0 1 23 166839 8486  20 (D 0,0,0) (S 298,86,490) (S 300,130,251) (S 134,252,129) (S 340,542,543) (S 341,541,544) (S 646,341,100) (S 48,102,101) (S 714,101,777) (S 715,777,779) (S 716,779,778) (S 713,778,502) (S 311,503,504) (S 631,504,732) (S 185,332,331) (S 332,340,533) (S 335,61,538) (S 352,505,459) (S 354,459,554) (D 0,0,0)
 0 1 24 167080 8651  24 (D 0,0,0) (S 369,555,562) (S 574,530,698) (S 570,698,699) (S 573,699,704) (S 572,702,703) (S 575,702,700) (S 571,700,701) (S 577,700,705) (S 598,717,722) (S 596,722,568) (S 612,722,706) (S 611,706,715) (S 587,715,714) (S 605,714,725) (S 606,725,726) (S 610,725,723) (S 608,723,326) (S 182,326,325) (S 552,536,691) (S 553,691,127) (S 566,127,318) (S 567,318,564) (D 0,0,0)
 0 1 25 167345 7940  17 (D 0,0,0) (S 370,564,565) (S 546,563,684) (S 138,32,259) (S 545,259,683) (S 14,33,34) (S 547,35,685) (S 551,685,692) (S 548,686,687) (S 549,688,690) (S 558,682,693) (S 560,693,695) (S 565,695,312) (S 174,314,313) (S 351,313,520) (S 326,520,519) (D 0,0,0)
 0 1 26 167849 8197  23 (D 0,0,0) (S 172,309,310) (S 324,309,519) (S 368,553,564) (S 176,318,317) (S 355,317,554) (S 554,554,127) (S 65,127,126) (S 61,122,123) (S 331,530,124) (S 604,124,724) (S 607,724,727) (S 609,727,326) (S 600,723,698) (S 602,698,719) (S 601,719,324) (S 603,324,718) (S 591,718,538) (S 336,538,323) (S 556,556,550) (S 347,548,257) (S 349,255,478) (D 0,0,0)
 0 1 27 166437 7523  10 (D 0,0,0) (S 287,476,477) (S 358,551,317) (S 30,61,59) (S 19,48,44) (S 18,43,44) (S 24,48,59) (S 640,533,745) (S 639,745,546) (D 0,0,0)
 0 1 28 159199 8201  12 (D 0,0,0) (S 345,506,544) (S 645,102,746) (S 711,777,295) (S 159,295,289) (S 269,449,448) (S 271,451,449) (S 272,449,450) (S 339,287,506) (S 313,506,347) (S 656,183,752) (D 0,0,0)
 0 1 29 166811 8806  12 (D 0,0,0) (S 28,44,57) (S 23,57,58) (S 27,58,52) (S 373,52,327) (S 183,327,328) (S 619,734,735) (S 618,735,728) (S 613,728,511) (S 579,707,708) (S 583,708,57) (D 0,0,0)
 0 1 30 167649 9712  14 (D 0,0,0) (S 350,551,552) (S 623,736,733) (S 372,566,510) (S 317,510,47) (S 22,42,56) (S 280,458,42) (S 17,42,41) (S 21,47,52) (S 374,52,569) (S 590,569,712) (S 589,712,718) (S 359,556,521) (D 0,0,0)
 0 1 31 163564 4942  10 (D 0,0,0) (S 322,474,87) (S 135,253,254) (S 540,253,128) (S 66,128,130) (S 299,130,490) (S 539,490,643) (S 494,412,653) (S 492,653,138) (D 0,0,0)
 0 1 32 167137 5340  12 (D 0,0,0) (S 508,663,479) (S 483,516,224) (S 321,516,497) (S 541,517,652) (S 490,650,651) (S 491,652,492) (S 302,492,232) (S 123,232,233) (S 304,232,493) (S 479,232,646) (D 0,0,0)
 0 1 33 166036 4723  16 (D 0,0,0) (S 120,228,38) (S 16,39,40) (S 488,40,5) (S 489,5,10) (S 2,10,9) (S 11,6,29) (S 320,515,7) (S 122,231,230) (S 121,230,229) (S 303,229,132) (S 67,132,131) (S 443,457,627) (S 444,627,621) (S 435,621,212) (D 0,0,0)
 0 1 34 152430 4126  18 (D 0,0,0) (S 113,212,211) (S 449,211,627) (S 476,416,222) (S 475,222,634) (S 464,634,2) (S 465,2,218) (S 116,218,217) (S 115,217,216) (S 461,216,633) (S 459,216,631) (S 460,631,632) (S 114,215,214) (S 454,214,630) (S 450,629,630) (S 455,630,625) (S 439,625,626) (D 0,0,0)
 0 1 35 143092 5238  20 (D 0,0,0) (S 445,208,419) (S 462,632,220) (S 117,220,221) (S 1,3,4) (S 468,4,635) (S 466,635,636) (S 467,637,638) (S 472,638,639) (S 473,638,642) (S 471,641,640) (S 470,640,496) (S 306,496,4) (S 305,4,495) (S 308,495,498) (S 463,498,315) (S 175,315,316) (S 458,217,221) (S 457,221,631) (D 0,0,0)
 0 1 36 167758 3457  13 (D 0,0,0) (S 112,208,210) (S 241,400,404) (S 237,400,399) (S 236,399,205) (S 235,206,398) (S 238,398,401) (S 240,401,403) (S 248,403,419) (S 111,207,208) (S 446,208,215) (S 447,215,626) (D 0,0,0)
 0 1 37 143369 1836  8 (D 0,0,0) (S 421,606,607) (S 452,607,622) (S 436,622,213) (S 434,213,620) (S 442,620,609) (S 441,609,577) (D 0,0,0)
 0 1 38 164227 4395  19 (D 0,0,0) (S 420,198,608) (S 499,657,414) (S 484,414,228) (S 486,228,133) (S 485,131,645) (S 487,645,494) (S 296,132,488) (S 307,488,38) (S 295,38,486) (S 297,487,489) (S 474,489,634) (S 118,222,223) (S 246,223,415) (S 456,415,209) (S 453,209,628) (S 451,628,214) (S 438,625,212) (D 0,0,0)
 0 1 39 161514 5705  23 (D 0,0,0) (S 517,484,236) (S 513,236,654) (S 519,654,612) (S 514,612,666) (S 520,666,243) (S 129,243,244) (S 515,243,667) (S 518,667,669) (S 516,668,669) (S 531,669,673) (S 530,674,673) (S 529,673,672) (S 527,672,671) (S 534,671,675) (S 533,676,675) (S 532,675,673) (S 528,672,667) (S 125,236,234) (S 497,235,485) (S 498,480,656) (S 108,202,201) (D 0,0,0)
 0 1 40 167996 5020  22 (D 0,0,0) (S 107,200,199) (S 426,199,616) (S 428,617,613) (S 429,612,615) (S 522,615,670) (S 523,670,241) (S 128,241,242) (S 521,241,239) (S 127,239,240) (S 526,239,238) (S 525,238,408) (S 318,248,512) (S 132,248,249) (S 133,248,250) (S 247,418,226) (S 119,226,227) (S 244,410,411) (S 506,664,657) (S 500,657,658) (S 437,623,624) (D 0,0,0)
 0 1 41 166606 5227  13 (D 0,0,0) (S 293,200,485) (S 495,235,655) (S 496,655,617) (S 424,614,409) (S 20,49,50) (S 193,46,344) (S 301,45,491) (S 469,491,407) (S 239,402,237) (S 126,237,238) (S 524,670,614) (D 0,0,0)
 0 1 42 166941 7138  14 (D 0,0,0) (S 423,611,612) (S 425,615,614) (S 242,407,247) (S 636,547,336) (S 187,336,335) (S 47,84,99) (S 46,98,99) (S 42,84,85) (S 643,335,545) (S 344,545,547) (S 654,343,750) (S 652,750,749) (D 0,0,0)
 0 1 43 165554 4677  12 (D 0,0,0) (S 130,246,245) (S 384,245,582) (S 386,49,582) (S 385,245,584) (S 536,584,246) (S 535,246,677) (S 538,677,678) (S 537,677,611) (S 292,200,28) (S 379,195,575) (D 0,0,0)
 0 1 44 145509 2497  9 (D 0,0,0) (S 422,606,610) (S 419,607,198) (S 106,198,197) (S 416,574,193) (S 415,193,601) (S 104,193,194) (S 105,194,196) (D 0,0,0)
 0 1 45 166900 4194  15 (D 0,0,0) (S 8,23,21) (S 7,21,22) (S 391,24,585) (S 401,585,592) (S 399,592,586) (S 402,586,187) (S 409,594,190) (S 410,190,142) (S 71,142,141) (S 390,141,189) (S 389,141,523) (S 364,524,558) (S 361,558,27) (D 0,0,0)
 0 1 46 166261 7576  17 (D 0,0,0) (S 377,573,560) (S 363,560,559) (S 44,93,94) (S 664,94,755) (S 663,755,756) (S 666,354,757) (S 667,757,147) (S 73,147,146) (S 708,146,775) (S 709,775,776) (S 710,776,106) (S 51,104,106) (S 52,106,107) (S 54,107,109) (S 707,109,775) (D 0,0,0)
 0 1 47 167170 8224  17 (D 0,0,0) (S 233,363,374) (S 692,395,770) (S 689,368,765) (S 685,765,766) (S 684,766,470) (S 312,469,468) (S 224,387,388) (S 227,393,387) (S 225,384,78) (S 39,78,79) (S 682,765,79) (S 683,79,389) (S 232,92,365) (S 209,365,366) (S 396,364,589) (D 0,0,0)
 0 1 48 167519 8710  11 (D 0,0,0) (S 398,572,591) (S 747,268,801) (S 745,801,800) (S 749,800,803) (S 746,803,802) (S 761,802,807) (S 762,807,149) (S 75,149,157) (S 212,154,370) (D 0,0,0)
 0 1 49 167565 9360  12 (D 0,0,0) (S 189,339,340) (S 309,499,501) (S 615,730,731) (S 626,740,741) (S 585,707,713) (S 624,739,285) (S 268,280,447) (S 156,280,291) (S 718,292,778) (S 719,778,747) (D 0,0,0)
 0 1 50 167892 9734  14 (D 0,0,0) (S 251,153,422) (S 152,279,278) (S 727,278,783) (S 729,421,307) (S 757,273,805) (S 758,806,805) (S 756,805,804) (S 733,788,786) (S 732,786,787) (S 171,272,307) (S 169,307,306) (S 427,617,199) (D 0,0,0)
 0 1 51 167947 9249  20 (D 0,0,0) (S 616,707,728) (S 622,738,737) (S 620,737,736) (S 621,736,58) (S 584,57,712) (S 282,460,321) (S 179,321,322) (S 588,322,716) (S 593,721,704) (S 594,699,720) (S 592,720,719) (S 597,719,535) (S 333,535,530) (S 62,124,123) (S 63,125,123) (S 64,123,126) (S 281,126,459) (S 353,551,522) (D 0,0,0)
 0 1 52 167715 8479  16 (D 0,0,0) (S 595,720,721) (S 599,721,716) (S 582,711,705) (S 580,705,709) (S 581,709,710) (S 576,705,706) (S 578,706,570) (S 375,570,568) (S 371,568,319) (S 177,319,320) (S 178,319,321) (S 181,322,324) (S 180,324,323) (S 365,323,556) (D 0,0,0)
 0 1 53 167619 9494  11 (D 0,0,0) (S 223,308,306) (S 773,306,444) (S 772,444,443) (S 264,443,276) (S 148,276,277) (S 150,277,274) (S 263,442,163) (S 394,164,588) (S 393,587,169) (D 0,0,0)
 0 1 54 166140 8129  11 (D 0,0,0) (S 687,373,767) (S 688,768,769) (S 686,768,767) (S 691,767,770) (S 690,770,368) (S 210,368,367) (S 213,371,151) (S 214,152,372) (S 10,25,26) (D 0,0,0)
 0 1 55 167873 8663  12 (D 0,0,0) (S 381,23,573) (S 208,364,363) (S 314,92,507) (S 215,373,160) (S 262,152,441) (S 725,441,781) (S 723,781,782) (S 722,781,420) (S 249,420,160) (S 43,91,90) (D 0,0,0)
 0 1 56 158554 7224  13 (D 0,0,0) (S 679,595,763) (S 680,763,359) (S 681,764,359) (S 206,359,360) (S 677,763,360) (S 678,360,762) (S 676,762,397) (S 207,361,362) (S 697,396,377) (S 218,377,110) (S 226,111,94) (D 0,0,0)
 0 1 57 167083 7128  13 (D 0,0,0) (S 376,523,572) (S 406,572,595) (S 405,595,94) (S 55,111,110) (S 56,110,112) (S 110,204,203) (S 211,203,369) (S 109,203,162) (S 696,773,377) (S 675,762,589) (S 395,590,591) (D 0,0,0)
 0 1 58 167900 6447  13 (D 0,0,0) (S 407,572,596) (S 5,16,17) (S 430,618,619) (S 431,619,15) (S 4,14,15) (S 433,619,115) (S 194,346,345) (S 397,345,113) (S 57,113,114) (S 58,114,115) (S 432,115,591) (D 0,0,0)
 0 1 59 166041 7443  16 (D 0,0,0) (S 380,557,523) (S 387,583,584) (S 26,53,62) (S 29,62,63) (S 31,55,60) (S 25,60,61) (S 635,59,332) (S 634,332,330) (S 633,330,729) (S 614,729,500) (S 644,531,337) (S 188,337,338) (S 642,744,339) (S 641,745,60) (D 0,0,0)
 0 1 60 167425 6084  24 (D 0,0,0) (S 362,559,557) (S 360,557,139) (S 70,139,140) (S 102,140,190) (S 101,190,189) (S 388,189,581) (S 414,597,600) (S 411,597,598) (S 412,599,176) (S 94,175,176) (S 413,176,580) (S 382,578,579) (S 383,578,581) (S 99,185,186) (S 408,186,594) (S 400,593,594) (S 404,594,191) (S 103,191,192) (S 403,191,187) (S 100,187,188) (S 392,586,24) (S 9,24,21) (D 0,0,0)
 0 1 61 46970 1004  8 (D 0,0,0) (S 418,605,603) (S 417,603,604) (S 285,464,465) (S 284,463,464) (S 286,466,467) (S 283,461,462) (D 0,0,0)
