442171
61
1807594
1749857
 0 1 1 166565 6490  14 (D 0,0,0) (S 319,513,514) (S 657,514,357) (S 205,357,358) (S 661,357,752) (S 656,752,183) (S 98,183,184) (S 201,350,184) (S 143,184,266) (S 131,50,247) (S 243,407,402) (S 494,412,653) (S 68,138,134) (D 0,0,0)
 0 1 2 166969 4809  18 (D 0,0,0) (S 499,657,414) (S 485,645,131) (S 67,131,132) (S 296,132,488) (S 121,229,230) (S 122,230,231) (S 320,515,7) (S 11,6,29) (S 2,9,10) (S 489,10,5) (S 488,5,40) (S 16,40,39) (S 120,38,228) (S 484,228,414) (S 444,627,621) (S 435,621,212) (D 0,0,0)
 0 1 3 166927 7234  11 (D 0,0,0) (S 387,583,584) (S 658,49,514) (S 655,752,751) (S 160,267,118) (S 53,108,104) (S 50,104,105) (S 51,104,106) (S 720,776,774) (S 721,774,780) (D 0,0,0)
 0 1 4 167894 4065  15 (D 0,0,0) (S 360,557,139) (S 70,139,140) (S 102,140,190) (S 101,190,189) (S 71,141,142) (S 410,142,190) (S 409,190,594) (S 402,187,586) (S 399,586,592) (S 401,592,585) (S 391,585,24) (S 9,24,21) (S 8,21,23) (D 0,0,0)
 0 1 5 167570 9887  30 (D 0,0,0) (S 324,309,519) (S 369,555,562) (S 597,535,719) (S 592,719,720) (S 595,720,721) (S 599,721,716) (S 588,716,322) (S 179,322,321) (S 282,460,321) (S 178,321,319) (S 177,319,320) (S 371,319,568) (S 375,568,570) (S 578,570,706) (S 612,706,722) (S 596,722,568) (S 598,722,717) (S 582,711,705) (S 580,705,709) (S 581,709,710) (S 577,705,700) (S 571,700,701) (S 572,702,703) (S 573,704,699) (S 63,125,123) (S 281,126,459) (S 355,554,317) (S 350,551,552) (D 0,0,0)
 0 1 6 167102 8307  24 (D 0,0,0) (S 370,564,565) (S 550,565,691) (S 557,691,260) (S 182,325,326) (S 608,326,723) (S 600,723,698) (S 570,698,699) (S 594,699,720) (S 593,721,704) (S 575,702,700) (S 576,705,706) (S 611,706,715) (S 587,715,714) (S 605,714,725) (S 606,725,726) (S 610,725,723) (S 609,326,727) (S 607,727,724) (S 552,536,691) (S 553,691,127) (S 554,127,554) (S 359,556,521) (D 0,0,0)
 0 1 7 167689 6498  14 (D 0,0,0) (S 287,476,477) (S 137,257,258) (S 542,258,120) (S 60,120,121) (S 348,549,539) (S 338,540,539) (S 337,539,55) (S 544,64,679) (S 543,679,680) (S 26,62,53) (S 20,50,49) (S 239,402,237) (D 0,0,0)
 0 1 8 167743 7874  17 (D 0,0,0) (S 561,561,695) (S 558,693,682) (S 548,686,687) (S 549,688,690) (S 14,33,34) (S 547,35,685) (S 551,685,692) (S 545,683,259) (S 138,259,32) (S 560,693,695) (S 565,695,312) (S 173,312,311) (S 141,263,262) (S 508,479,663) (S 420,198,608) (D 0,0,0)
 0 1 9 167106 5457  10 (D 0,0,0) (S 469,407,491) (S 134,252,129) (S 66,130,128) (S 540,128,253) (S 135,253,254) (S 322,87,474) (S 491,652,492) (S 302,492,232) (D 0,0,0)
 0 1 10 160181 4540  18 (D 0,0,0) (S 107,200,199) (S 423,611,612) (S 429,612,615) (S 522,615,670) (S 127,239,240) (S 526,239,238) (S 525,238,408) (S 133,250,248) (S 318,248,512) (S 132,248,249) (S 247,418,226) (S 119,226,227) (S 244,410,411) (S 245,413,414) (S 443,457,627) (S 449,627,211) (D 0,0,0)
 0 1 11 167872 4462  17 (D 0,0,0) (S 440,457,417) (S 486,228,133) (S 487,645,494) (S 304,493,232) (S 123,232,233) (S 303,229,132) (S 307,488,38) (S 295,38,486) (S 297,487,489) (S 474,489,634) (S 476,222,416) (S 279,457,209) (S 453,209,628) (S 451,628,214) (S 438,625,212) (D 0,0,0)
 0 1 12 167199 3621  19 (D 0,0,0) (S 439,626,625) (S 455,625,630) (S 450,629,630) (S 454,630,214) (S 114,214,215) (S 445,208,419) (S 460,632,631) (S 459,631,216) (S 461,216,633) (S 237,400,399) (S 236,399,205) (S 235,206,398) (S 238,398,401) (S 240,401,403) (S 248,403,419) (S 446,208,215) (S 447,215,626) (D 0,0,0)
 0 1 13 159281 3959  14 (D 0,0,0) (S 111,207,208) (S 112,208,210) (S 462,632,220) (S 117,220,221) (S 465,218,2) (S 464,2,634) (S 475,634,222) (S 118,222,223) (S 246,223,415) (S 456,415,209) (S 448,628,211) (S 113,211,212) (D 0,0,0)
 0 1 14 163945 7216  15 (D 0,0,0) (S 10,25,26) (S 361,27,558) (S 364,558,524) (S 376,523,572) (S 679,595,763) (S 677,763,360) (S 676,762,397) (S 207,361,362) (S 697,396,377) (S 696,377,773) (S 699,773,204) (S 56,112,110) (S 55,110,111) (D 0,0,0)
 0 1 15 160351 8283  12 (D 0,0,0) (S 363,560,559) (S 43,90,91) (S 78,160,152) (S 262,152,441) (S 723,781,782) (S 725,781,441) (S 726,441,279) (S 152,279,278) (S 151,279,161) (S 214,152,372) (D 0,0,0)
 0 1 16 145509 2497  9 (D 0,0,0) (S 422,606,610) (S 419,607,198) (S 106,198,197) (S 416,574,193) (S 415,193,601) (S 104,193,194) (S 105,194,196) (D 0,0,0)
 0 1 17 163252 9170  10 (D 0,0,0) (S 775,293,445) (S 267,445,446) (S 776,445,508) (S 276,455,304) (S 274,302,452) (S 275,452,453) (S 315,454,303) (S 780,69,456) (D 0,0,0)
 0 1 18 157853 1840  10 (D 0,0,0) (S 378,576,575) (S 421,606,607) (S 452,607,622) (S 436,622,213) (S 434,213,620) (S 442,620,609) (S 441,609,577) (S 379,195,575) (D 0,0,0)
 0 1 19 167094 8390  16 (D 0,0,0) (S 210,367,368) (S 689,368,765) (S 682,765,79) (S 39,79,78) (S 225,78,384) (S 312,468,469) (S 684,470,766) (S 685,766,765) (S 683,79,389) (S 251,153,422) (S 213,151,371) (S 231,367,372) (S 233,374,363) (S 381,573,23) (D 0,0,0)
 0 1 20 143618 3893  15 (D 0,0,0) (S 501,660,659) (S 503,659,136) (S 69,136,135) (S 288,135,479) (S 6,18,19) (S 483,516,224) (S 480,648,649) (S 481,648,647) (S 477,647,646) (S 478,646,413) (S 506,664,657) (S 500,657,658) (S 437,623,624) (D 0,0,0)
 0 1 21 162566 6930  12 (D 0,0,0) (S 186,333,334) (S 343,333,547) (S 344,547,545) (S 643,545,335) (S 187,335,336) (S 637,336,744) (S 653,547,343) (S 654,343,750) (S 652,750,749) (S 191,51,342) (D 0,0,0)
 0 1 22 167738 8644  25 (D 0,0,0) (S 290,484,134) (S 325,476,256) (S 136,256,255) (S 368,553,564) (S 567,564,318) (S 566,318,127) (S 64,126,123) (S 61,122,123) (S 62,123,124) (S 604,124,724) (S 327,525,526) (S 334,534,537) (S 555,534,260) (S 139,260,30) (S 140,261,30) (S 12,30,31) (S 13,31,32) (S 546,684,563) (S 367,563,562) (S 564,562,314) (S 563,314,312) (S 174,314,313) (S 356,311,263) (D 0,0,0)
 0 1 23 167980 6521  22 (D 0,0,0) (S 511,658,660) (S 502,659,137) (S 504,137,661) (S 510,661,662) (S 507,662,663) (S 505,663,406) (S 482,405,647) (S 479,646,232) (S 490,650,651) (S 541,652,517) (S 172,309,310) (S 326,519,520) (S 351,520,313) (S 357,313,311) (S 366,263,561) (S 562,561,262) (S 559,262,518) (S 321,497,516) (S 291,135,482) (S 512,482,660) (D 0,0,0)
 0 1 24 164141 5705  26 (D 0,0,0) (S 293,200,485) (S 294,485,484) (S 517,484,236) (S 513,236,654) (S 519,654,612) (S 514,612,666) (S 520,666,243) (S 129,243,244) (S 515,243,667) (S 518,667,669) (S 516,668,669) (S 531,669,673) (S 530,674,673) (S 532,673,675) (S 533,676,675) (S 534,675,671) (S 527,671,672) (S 529,673,672) (S 528,672,667) (S 125,236,234) (S 124,234,235) (S 497,235,485) (S 498,480,656) (S 108,202,201) (D 0,0,0)
 0 1 25 166405 8999  12 (D 0,0,0) (S 19,48,44) (S 621,58,736) (S 620,736,737) (S 618,735,728) (S 613,728,511) (S 616,728,707) (S 585,707,713) (S 628,743,730) (S 617,730,732) (S 332,340,533) (D 0,0,0)
 0 1 26 165168 4797  18 (D 0,0,0) (S 292,28,200) (S 495,235,655) (S 496,655,617) (S 537,611,677) (S 538,677,678) (S 535,677,246) (S 536,246,584) (S 385,584,245) (S 384,245,582) (S 386,582,49) (S 242,247,407) (S 126,237,238) (S 521,239,241) (S 128,241,242) (S 523,241,670) (S 524,670,614) (D 0,0,0)
 0 1 27 167191 9109  15 (D 0,0,0) (S 428,617,613) (S 615,730,731) (S 626,740,741) (S 625,731,739) (S 624,739,285) (S 154,286,174) (S 586,286,713) (S 650,713,739) (S 651,739,743) (S 630,743,281) (S 153,284,285) (S 157,284,281) (S 159,289,295) (D 0,0,0)
 0 1 28 165581 5715  20 (D 0,0,0) (S 241,400,404) (S 115,216,217) (S 116,217,218) (S 1,3,4) (S 306,4,496) (S 470,496,640) (S 471,640,641) (S 473,642,638) (S 472,638,639) (S 467,638,637) (S 466,636,635) (S 468,635,4) (S 305,4,495) (S 308,495,498) (S 463,498,315) (S 175,315,316) (S 458,217,221) (S 457,221,631) (D 0,0,0)
 0 1 29 46970 1004  8 (D 0,0,0) (S 417,603,604) (S 418,605,603) (S 284,463,464) (S 285,464,465) (S 286,466,467) (S 283,461,462) (D 0,0,0)
 0 1 30 167754 7722  11 (D 0,0,0) (S 339,506,287) (S 778,287,456) (S 32,69,70) (S 35,75,74) (S 34,73,72) (S 33,72,71) (S 49,103,101) (S 646,100,341) (S 313,506,347) (D 0,0,0)
 0 1 31 166314 7958  18 (D 0,0,0) (S 380,557,523) (S 234,111,397) (S 698,773,158) (S 76,158,143) (S 72,143,144) (S 219,144,378) (S 704,378,382) (S 222,382,383) (S 702,382,381) (S 705,36,381) (S 221,381,159) (S 79,159,158) (S 678,762,360) (S 206,360,359) (S 681,764,359) (S 680,359,763) (D 0,0,0)
 0 1 32 165718 7984  12 (D 0,0,0) (S 675,589,762) (S 232,365,92) (S 215,373,160) (S 249,160,420) (S 724,420,37) (S 316,37,509) (S 15,37,36) (S 88,36,145) (S 77,145,159) (S 216,159,374) (D 0,0,0)
 0 1 33 165954 8227  11 (D 0,0,0) (S 687,373,767) (S 688,768,769) (S 686,768,767) (S 691,767,770) (S 690,368,770) (S 692,770,395) (S 314,92,507) (S 209,365,366) (S 398,591,572) (D 0,0,0)
 0 1 34 167900 6447  13 (D 0,0,0) (S 407,572,596) (S 5,16,17) (S 430,618,619) (S 431,619,15) (S 4,14,15) (S 433,619,115) (S 58,115,114) (S 57,114,113) (S 397,113,345) (S 194,345,346) (S 432,115,591) (D 0,0,0)
 0 1 35 164540 6493  11 (D 0,0,0) (S 395,591,590) (S 396,589,364) (S 208,364,363) (S 230,363,396) (S 218,377,110) (S 226,111,94) (S 44,93,94) (S 405,94,595) (S 406,595,572) (D 0,0,0)
 0 1 36 167489 7159  14 (D 0,0,0) (S 664,94,755) (S 665,755,353) (S 662,353,754) (S 667,757,147) (S 73,147,146) (S 80,146,162) (S 109,162,203) (S 211,203,369) (S 110,203,204) (S 700,204,112) (S 701,112,756) (S 663,756,755) (D 0,0,0)
 0 1 37 167536 7495  13 (D 0,0,0) (S 425,615,614) (S 660,349,147) (S 708,146,775) (S 707,775,109) (S 220,379,380) (S 706,379,109) (S 54,109,107) (S 52,107,106) (S 710,106,776) (S 709,776,775) (S 703,774,267) (D 0,0,0)
 0 1 38 166582 9779  13 (D 0,0,0) (S 229,373,395) (S 228,394,390) (S 751,157,800) (S 749,800,803) (S 744,795,433) (S 742,429,799) (S 740,799,428) (S 741,428,68) (S 255,67,428) (S 764,799,427) (S 765,427,808) (D 0,0,0)
 0 1 39 167498 8999  9 (D 0,0,0) (S 693,771,155) (S 75,157,149) (S 45,95,96) (S 763,150,808) (S 254,427,65) (S 74,66,148) (S 212,154,370) (D 0,0,0)
 0 1 40 167513 9063  11 (D 0,0,0) (S 728,172,783) (S 730,783,421) (S 250,421,308) (S 169,306,307) (S 171,307,272) (S 266,270,444) (S 773,444,306) (S 223,306,308) (S 170,308,173) (D 0,0,0)
 0 1 41 166233 10227  14 (D 0,0,0) (S 393,169,587) (S 394,588,164) (S 82,166,165) (S 84,165,167) (S 253,167,424) (S 766,424,809) (S 771,809,274) (S 770,274,442) (S 87,171,170) (S 93,173,80) (S 40,80,81) (S 90,80,172) (D 0,0,0)
 0 1 42 166221 10104  13 (D 0,0,0) (S 38,77,69) (S 772,444,443) (S 148,276,277) (S 146,274,275) (S 147,275,166) (S 263,163,442) (S 150,274,277) (S 163,277,297) (S 165,297,82) (S 264,276,443) (S 265,443,170) (D 0,0,0)
 0 1 43 167885 10701  15 (D 0,0,0) (S 774,455,171) (S 41,82,83) (S 164,297,298) (S 166,277,301) (S 3,13,12) (S 260,12,439) (S 738,12,797) (S 760,797,375) (S 217,375,296) (S 759,300,423) (S 252,423,271) (S 149,270,273) (S 729,307,421) (D 0,0,0)
 0 1 44 166672 9542  13 (D 0,0,0) (S 745,801,800) (S 750,800,786) (S 732,786,787) (S 734,787,272) (S 757,273,805) (S 758,806,805) (S 756,805,804) (S 754,788,803) (S 746,803,802) (S 761,802,807) (S 762,807,149) (D 0,0,0)
 0 1 45 166254 8694  15 (D 0,0,0) (S 42,85,84) (S 46,98,99) (S 647,97,529) (S 309,499,501) (S 329,529,528) (S 311,503,504) (S 310,503,502) (S 713,502,778) (S 648,528,747) (S 645,746,102) (S 341,544,541) (S 340,542,543) (S 192,343,54) (D 0,0,0)
 0 1 46 167047 10753  17 (D 0,0,0) (S 736,795,790) (S 748,433,798) (S 743,798,429) (S 256,429,430) (S 257,431,432) (S 739,431,785) (S 731,784,785) (S 258,435,436) (S 737,796,437) (S 259,437,438) (S 755,796,425) (S 735,794,793) (S 733,788,786) (S 752,787,801) (S 722,781,420) (D 0,0,0)
 0 1 47 167265 8537  13 (D 0,0,0) (S 638,338,532) (S 184,329,330) (S 631,732,504) (S 632,504,291) (S 268,280,447) (S 156,280,291) (S 158,291,293) (S 328,293,527) (S 330,527,502) (S 716,778,779) (S 711,777,295) (D 0,0,0)
 0 1 48 162054 5317  9 (D 0,0,0) (S 424,614,409) (S 539,643,490) (S 298,490,86) (S 299,490,130) (S 300,130,251) (S 301,491,45) (S 193,46,344) (D 0,0,0)
 0 1 49 162948 6999  14 (D 0,0,0) (S 130,246,245) (S 674,751,355) (S 673,355,761) (S 204,355,356) (S 672,356,753) (S 671,178,760) (S 668,351,758) (S 669,758,759) (S 670,758,754) (S 666,757,354) (S 203,353,352) (S 202,352,351) (D 0,0,0)
 0 1 50 153461 6202  23 (D 0,0,0) (S 7,21,22) (S 392,24,586) (S 100,187,188) (S 403,187,191) (S 103,191,192) (S 404,191,594) (S 400,593,594) (S 408,594,186) (S 99,186,185) (S 383,581,578) (S 382,578,579) (S 414,597,600) (S 411,597,598) (S 412,599,176) (S 94,175,176) (S 413,176,580) (S 388,581,189) (S 390,189,141) (S 389,141,523) (S 362,557,559) (S 377,560,573) (D 0,0,0)
 0 1 51 156970 6503  13 (D 0,0,0) (S 96,183,182) (S 197,182,180) (S 195,180,347) (S 196,347,348) (S 198,348,283) (S 155,283,108) (S 162,108,118) (S 199,116,264) (S 142,264,265) (S 95,181,177) (S 659,753,751) (D 0,0,0)
 0 1 52 167993 7945  13 (D 0,0,0) (S 335,538,61) (S 635,59,332) (S 185,331,332) (S 634,332,330) (S 633,330,729) (S 614,729,500) (S 644,531,337) (S 188,337,338) (S 636,336,547) (S 427,617,199) (S 426,199,616) (D 0,0,0)
 0 1 53 167617 7486  17 (D 0,0,0) (S 358,551,317) (S 176,317,318) (S 65,127,126) (S 331,124,530) (S 333,535,530) (S 574,530,698) (S 602,698,719) (S 601,719,324) (S 180,324,323) (S 336,538,323) (S 365,323,556) (S 556,556,550) (S 347,548,257) (S 346,257,255) (S 349,255,478) (D 0,0,0)
 0 1 54 166305 8455  14 (D 0,0,0) (S 591,538,718) (S 589,718,712) (S 584,712,57) (S 23,57,58) (S 623,736,733) (S 183,327,328) (S 373,327,52) (S 27,52,58) (S 181,322,324) (S 352,505,459) (S 354,459,554) (S 353,551,522) (D 0,0,0)
 0 1 55 160476 7195  12 (D 0,0,0) (S 31,55,60) (S 641,60,745) (S 189,339,340) (S 640,533,745) (S 639,745,546) (S 342,333,546) (S 29,63,62) (S 568,53,697) (S 569,697,696) (S 323,119,88) (D 0,0,0)
 0 1 56 159152 7914  13 (D 0,0,0) (S 200,349,181) (S 59,117,118) (S 161,282,287) (S 36,72,74) (S 273,75,451) (S 271,451,449) (S 272,449,450) (S 718,292,778) (S 719,778,747) (S 649,748,746) (S 712,746,97) (D 0,0,0)
 0 1 57 167770 8136  11 (D 0,0,0) (S 18,43,44) (S 28,44,57) (S 583,57,708) (S 579,708,707) (S 629,730,742) (S 627,742,48) (S 24,48,59) (S 30,59,61) (S 25,61,60) (D 0,0,0)
 0 1 58 165774 9990  15 (D 0,0,0) (S 97,179,177) (S 168,303,302) (S 92,173,170) (S 91,171,169) (S 86,169,168) (S 85,168,164) (S 81,164,163) (S 83,163,166) (S 261,275,440) (S 768,165,440) (S 769,440,424) (S 767,809,301) (S 167,82,171) (D 0,0,0)
 0 1 59 165857 8926  19 (D 0,0,0) (S 642,339,744) (S 47,84,99) (S 48,102,101) (S 714,101,777) (S 715,777,779) (S 717,779,289) (S 269,449,448) (S 270,448,76) (S 37,76,70) (S 777,810,811) (S 779,811,69) (S 277,456,77) (S 278,77,288) (S 190,294,341) (S 345,544,506) (S 509,653,483) (S 289,483,134) (D 0,0,0)
 0 1 60 167848 9575  14 (D 0,0,0) (S 493,654,138) (S 492,138,653) (S 144,264,267) (S 89,37,172) (S 727,783,278) (S 145,268,269) (S 747,268,801) (S 753,801,156) (S 695,771,772) (S 694,771,392) (S 227,393,387) (S 224,387,388) (D 0,0,0)
 0 1 61 164215 9728  13 (D 0,0,0) (S 622,737,738) (S 619,735,734) (S 372,566,510) (S 317,510,47) (S 280,458,42) (S 22,42,56) (S 17,42,41) (S 21,47,52) (S 374,52,569) (S 590,569,712) (S 603,718,324) (D 0,0,0)
