443919
61
1809022
1701283
 0 1 1 156896 2131  11 (D 0,0,0) (S 378,576,575) (S 421,606,607) (S 452,607,622) (S 436,622,213) (S 434,213,620) (S 442,620,609) (S 420,198,608) (S 106,198,197) (S 379,195,575) (D 0,0,0)
 0 1 2 156076 5191  22 (D 0,0,0) (S 447,626,215) (S 446,215,208) (S 112,208,210) (S 460,632,631) (S 457,631,221) (S 458,221,217) (S 116,217,218) (S 175,315,316) (S 463,315,498) (S 308,498,495) (S 305,495,4) (S 306,4,496) (S 470,496,640) (S 471,640,641) (S 473,642,638) (S 472,638,639) (S 467,638,637) (S 466,636,635) (S 468,635,4) (S 1,4,3) (D 0,0,0)
 0 1 3 166231 4048  14 (D 0,0,0) (S 445,208,419) (S 462,632,220) (S 117,220,221) (S 459,631,216) (S 461,216,633) (S 115,216,217) (S 465,218,2) (S 464,2,634) (S 476,222,416) (S 443,457,627) (S 444,627,621) (S 441,609,577) (D 0,0,0)
 0 1 4 167516 5015  19 (D 0,0,0) (S 422,606,610) (S 419,607,198) (S 424,614,409) (S 133,250,248) (S 318,248,512) (S 132,248,249) (S 525,408,238) (S 526,238,239) (S 127,239,240) (S 521,239,241) (S 522,670,615) (S 429,615,612) (S 519,612,654) (S 493,654,138) (S 68,138,134) (S 290,134,484) (S 294,484,485) (D 0,0,0)
 0 1 5 46970 1004  8 (D 0,0,0) (S 418,605,603) (S 417,603,604) (S 286,466,467) (S 284,463,464) (S 285,464,465) (S 283,461,462) (D 0,0,0)
 0 1 6 166075 6614  22 (D 0,0,0) (S 7,21,22) (S 402,586,187) (S 100,187,188) (S 403,187,191) (S 103,191,192) (S 404,191,594) (S 400,593,594) (S 409,190,594) (S 408,594,186) (S 99,186,185) (S 383,581,578) (S 382,578,579) (S 412,599,176) (S 94,175,176) (S 413,176,580) (S 414,597,600) (S 411,597,598) (S 388,581,189) (S 102,190,140) (S 70,140,139) (D 0,0,0)
 0 1 7 167039 6938  13 (D 0,0,0) (S 377,573,560) (S 405,595,94) (S 55,111,110) (S 56,110,112) (S 700,112,204) (S 699,204,773) (S 698,773,158) (S 72,143,144) (S 76,143,158) (S 218,377,110) (S 380,523,557) (D 0,0,0)
 0 1 8 167354 8433  27 (D 0,0,0) (S 511,658,660) (S 503,659,136) (S 69,136,135) (S 321,516,497) (S 562,262,561) (S 561,561,695) (S 563,312,314) (S 369,562,555) (S 358,551,317) (S 355,317,554) (S 554,554,127) (S 557,691,260) (S 334,534,537) (S 555,534,260) (S 139,260,30) (S 140,261,30) (S 12,30,31) (S 13,31,32) (S 546,684,563) (S 367,563,562) (S 564,562,314) (S 174,314,313) (S 356,311,263) (S 559,262,518) (S 508,479,663) (D 0,0,0)
 0 1 9 166984 4772  15 (D 0,0,0) (S 439,626,625) (S 438,625,212) (S 449,211,627) (S 478,413,646) (S 479,646,232) (S 123,232,233) (S 302,492,232) (S 304,232,493) (S 487,494,645) (S 477,646,647) (S 482,647,405) (S 244,410,411) (S 499,414,657) (D 0,0,0)
 0 1 10 165133 5686  25 (D 0,0,0) (S 107,200,199) (S 428,617,613) (S 423,611,612) (S 514,612,666) (S 520,666,243) (S 129,243,244) (S 515,243,667) (S 518,667,669) (S 516,668,669) (S 531,669,673) (S 530,674,673) (S 529,673,672) (S 532,673,675) (S 533,676,675) (S 534,675,671) (S 527,671,672) (S 528,672,667) (S 513,654,236) (S 125,236,234) (S 124,234,235) (S 497,235,485) (S 498,480,656) (S 108,202,201) (D 0,0,0)
 0 1 11 165449 7069  11 (D 0,0,0) (S 73,147,146) (S 708,146,775) (S 710,776,106) (S 51,106,104) (S 50,104,105) (S 53,104,108) (S 162,108,118) (S 160,118,267) (S 142,264,265) (D 0,0,0)
 0 1 12 166222 4788  19 (D 0,0,0) (S 293,200,485) (S 495,235,655) (S 496,655,617) (S 537,611,677) (S 538,677,678) (S 535,677,246) (S 130,246,245) (S 384,245,582) (S 386,582,49) (S 242,247,407) (S 243,407,402) (S 239,402,237) (S 126,237,238) (S 128,241,242) (S 523,241,670) (S 524,670,614) (S 425,614,615) (D 0,0,0)
 0 1 13 167636 8224  12 (D 0,0,0) (S 208,364,363) (S 687,373,767) (S 686,767,768) (S 688,768,769) (S 691,767,770) (S 690,368,770) (S 692,770,395) (S 229,395,373) (S 314,92,507) (S 233,374,363) (D 0,0,0)
 0 1 14 167232 7268  20 (D 0,0,0) (S 289,134,483) (S 287,476,477) (S 359,521,556) (S 365,556,323) (S 180,323,324) (S 601,324,719) (S 592,719,720) (S 594,720,699) (S 570,699,698) (S 602,698,719) (S 597,719,535) (S 333,535,530) (S 331,530,124) (S 604,124,724) (S 552,536,691) (S 550,691,565) (S 370,565,564) (S 368,564,553) (D 0,0,0)
 0 1 15 163296 6729  17 (D 0,0,0) (S 437,624,623) (S 512,660,482) (S 291,482,135) (S 491,492,652) (S 490,650,651) (S 541,652,517) (S 172,309,310) (S 325,476,256) (S 136,256,255) (S 347,257,548) (S 60,121,120) (S 542,120,258) (S 137,258,257) (S 346,257,255) (S 349,255,478) (D 0,0,0)
 0 1 16 166998 4300  18 (D 0,0,0) (S 10,25,26) (S 361,27,558) (S 364,558,524) (S 389,523,141) (S 390,141,189) (S 101,189,190) (S 410,190,142) (S 360,139,557) (S 362,557,559) (S 381,573,23) (S 392,24,586) (S 399,586,592) (S 401,592,585) (S 391,585,24) (S 9,24,21) (S 8,21,23) (D 0,0,0)
 0 1 17 162233 3747  15 (D 0,0,0) (S 455,625,630) (S 450,629,630) (S 454,630,214) (S 456,209,415) (S 246,415,223) (S 240,403,401) (S 241,400,404) (S 237,400,399) (S 236,399,205) (S 235,206,398) (S 238,398,401) (S 248,403,419) (S 111,207,208) (D 0,0,0)
 0 1 18 167365 4230  16 (D 0,0,0) (S 118,223,222) (S 475,222,634) (S 474,634,489) (S 297,489,487) (S 295,486,38) (S 16,39,40) (S 307,38,488) (S 296,488,132) (S 67,132,131) (S 486,133,228) (S 245,413,414) (S 453,209,628) (S 451,628,214) (S 114,214,215) (D 0,0,0)
 0 1 19 75709 1770  6 (D 0,0,0) (S 416,574,193) (S 415,193,601) (S 104,193,194) (S 105,194,196) (D 0,0,0)
 0 1 20 165287 9295  13 (D 0,0,0) (S 232,365,92) (S 694,392,771) (S 695,771,772) (S 750,800,786) (S 733,786,788) (S 736,790,795) (S 746,802,803) (S 761,802,807) (S 762,807,149) (S 75,149,157) (S 228,390,394) (D 0,0,0)
 0 1 21 167792 4867  17 (D 0,0,0) (S 440,457,417) (S 484,414,228) (S 120,228,38) (S 488,40,5) (S 489,5,10) (S 2,10,9) (S 11,6,29) (S 320,515,7) (S 122,231,230) (S 121,230,229) (S 303,229,132) (S 485,131,645) (S 279,457,209) (S 448,628,211) (S 113,211,212) (D 0,0,0)
 0 1 22 167150 4105  17 (D 0,0,0) (S 501,660,659) (S 502,659,137) (S 504,137,661) (S 510,661,662) (S 507,662,663) (S 119,226,227) (S 481,647,648) (S 480,648,649) (S 483,224,516) (S 6,19,18) (S 247,418,226) (S 505,406,663) (S 506,664,657) (S 500,657,658) (S 435,621,212) (D 0,0,0)
 0 1 23 167073 7978  13 (D 0,0,0) (S 509,483,653) (S 198,348,283) (S 159,295,289) (S 269,449,448) (S 270,448,76) (S 35,75,74) (S 36,74,72) (S 34,73,72) (S 155,283,108) (S 59,118,117) (S 199,116,264) (D 0,0,0)
 0 1 24 163417 7395  11 (D 0,0,0) (S 144,264,267) (S 703,267,774) (S 721,774,780) (S 720,774,776) (S 709,776,775) (S 707,775,109) (S 54,109,107) (S 52,107,106) (S 196,348,347) (D 0,0,0)
 0 1 25 167961 8450  15 (D 0,0,0) (S 345,506,544) (S 646,341,100) (S 48,102,101) (S 714,101,777) (S 711,777,295) (S 37,76,70) (S 274,302,452) (S 275,452,453) (S 315,454,303) (S 32,70,69) (S 277,456,77) (S 161,287,282) (S 200,181,349) (D 0,0,0)
 0 1 26 167352 8118  10 (D 0,0,0) (S 209,366,365) (S 43,90,91) (S 88,145,36) (S 15,36,37) (S 316,37,509) (S 724,37,420) (S 262,441,152) (S 214,152,372) (D 0,0,0)
 0 1 27 167956 8046  14 (D 0,0,0) (S 376,523,572) (S 215,373,160) (S 78,160,152) (S 213,151,371) (S 225,78,384) (S 39,78,79) (S 682,79,765) (S 684,470,766) (S 685,766,765) (S 689,765,368) (S 210,368,367) (S 396,364,589) (D 0,0,0)
 0 1 28 166789 8857  11 (D 0,0,0) (S 151,161,279) (S 152,279,278) (S 727,278,783) (S 730,783,421) (S 250,421,308) (S 170,308,173) (S 93,173,80) (S 40,80,81) (S 90,80,172) (D 0,0,0)
 0 1 29 165486 10260  14 (D 0,0,0) (S 223,308,306) (S 264,443,276) (S 146,274,275) (S 768,440,165) (S 82,165,166) (S 83,166,163) (S 81,163,164) (S 394,164,588) (S 263,442,163) (S 85,164,168) (S 86,168,169) (S 91,169,171) (D 0,0,0)
 0 1 30 167707 10204  14 (D 0,0,0) (S 87,170,171) (S 164,297,298) (S 163,297,277) (S 166,277,301) (S 766,809,424) (S 253,424,167) (S 84,167,165) (S 147,166,275) (S 261,275,440) (S 769,440,424) (S 770,274,442) (S 393,587,169) (D 0,0,0)
 0 1 31 167421 9548  12 (D 0,0,0) (S 252,271,423) (S 759,423,300) (S 767,301,809) (S 771,809,274) (S 150,274,277) (S 165,297,82) (S 41,82,83) (S 167,82,171) (S 774,171,455) (S 276,455,304) (D 0,0,0)
 0 1 32 167881 10976  18 (D 0,0,0) (S 780,456,69) (S 777,810,811) (S 779,811,69) (S 755,425,796) (S 259,437,438) (S 737,437,796) (S 258,435,436) (S 731,784,785) (S 739,785,431) (S 257,431,432) (S 743,798,429) (S 256,429,430) (S 748,798,433) (S 744,433,795) (S 749,803,800) (S 745,800,801) (D 0,0,0)
 0 1 33 166496 10455  14 (D 0,0,0) (S 751,157,800) (S 754,803,788) (S 735,793,794) (S 760,375,797) (S 738,797,12) (S 260,12,439) (S 3,12,13) (S 217,296,375) (S 756,804,805) (S 757,805,273) (S 732,786,787) (S 747,801,268) (D 0,0,0)
 0 1 34 167222 9534  18 (D 0,0,0) (S 249,160,420) (S 722,420,781) (S 723,781,782) (S 725,781,441) (S 726,441,279) (S 145,268,269) (S 171,272,307) (S 149,273,270) (S 266,270,444) (S 772,444,443) (S 773,444,306) (S 169,306,307) (S 729,307,421) (S 728,783,172) (S 89,172,37) (S 222,382,383) (D 0,0,0)
 0 1 35 162671 8340  21 (D 0,0,0) (S 353,522,551) (S 350,551,552) (S 352,459,505) (S 336,323,538) (S 335,538,61) (S 634,332,330) (S 633,330,729) (S 309,499,501) (S 647,529,97) (S 712,97,746) (S 645,746,102) (S 341,544,541) (S 340,542,543) (S 344,545,547) (S 654,343,750) (S 652,750,749) (S 568,53,697) (S 569,697,696) (S 323,119,88) (D 0,0,0)
 0 1 36 167402 7387  14 (D 0,0,0) (S 671,178,760) (S 668,351,758) (S 669,758,759) (S 670,758,754) (S 662,754,353) (S 665,353,755) (S 664,755,94) (S 44,93,94) (S 666,354,757) (S 667,757,147) (S 203,353,352) (S 202,352,351) (D 0,0,0)
 0 1 37 165045 6138  17 (D 0,0,0) (S 292,28,200) (S 536,246,584) (S 657,514,357) (S 659,751,753) (S 672,753,356) (S 204,356,355) (S 673,355,761) (S 674,355,751) (S 655,751,752) (S 656,752,183) (S 98,183,184) (S 143,184,266) (S 20,50,49) (S 385,245,584) (S 387,584,583) (D 0,0,0)
 0 1 38 165938 6685  12 (D 0,0,0) (S 131,247,50) (S 26,53,62) (S 544,679,64) (S 192,54,343) (S 653,343,547) (S 343,547,333) (S 337,55,539) (S 338,540,539) (S 348,539,549) (S 556,550,556) (D 0,0,0)
 0 1 39 167394 7633  20 (D 0,0,0) (S 288,135,479) (S 324,309,519) (S 326,519,520) (S 351,520,313) (S 357,313,311) (S 173,311,312) (S 565,312,695) (S 560,695,693) (S 558,693,682) (S 549,688,690) (S 548,687,686) (S 14,33,34) (S 547,35,685) (S 551,685,692) (S 545,683,259) (S 138,259,32) (S 366,561,263) (S 141,263,262) (D 0,0,0)
 0 1 40 166772 7497  13 (D 0,0,0) (S 342,546,333) (S 186,333,334) (S 636,547,336) (S 642,744,339) (S 639,745,546) (S 543,679,680) (S 191,51,342) (S 193,46,344) (S 134,252,129) (S 300,251,130) (S 298,490,86) (D 0,0,0)
 0 1 41 166597 7420  10 (D 0,0,0) (S 29,62,63) (S 641,60,745) (S 640,745,533) (S 635,59,332) (S 185,332,331) (S 638,532,338) (S 187,336,335) (S 643,335,545) (D 0,0,0)
 0 1 42 167901 7735  12 (D 0,0,0) (S 42,85,84) (S 47,84,99) (S 46,98,99) (S 190,341,294) (S 278,288,77) (S 778,456,287) (S 339,287,506) (S 313,506,347) (S 195,347,180) (S 96,182,183) (D 0,0,0)
 0 1 43 165128 4947  11 (D 0,0,0) (S 322,474,87) (S 135,253,254) (S 540,253,128) (S 66,128,130) (S 299,130,490) (S 539,490,643) (S 494,412,653) (S 492,653,138) (S 517,236,484) (D 0,0,0)
 0 1 44 166804 7734  12 (D 0,0,0) (S 97,179,177) (S 95,177,181) (S 660,349,147) (S 80,146,162) (S 220,379,380) (S 702,382,381) (S 705,381,36) (S 77,145,159) (S 216,159,374) (S 363,559,560) (D 0,0,0)
 0 1 45 167009 8759  13 (D 0,0,0) (S 426,199,616) (S 719,747,778) (S 718,778,292) (S 328,293,527) (S 330,527,502) (S 713,502,778) (S 310,502,503) (S 311,503,504) (S 329,528,529) (S 332,340,533) (S 31,60,55) (D 0,0,0)
 0 1 46 167461 8858  12 (D 0,0,0) (S 189,339,340) (S 184,329,330) (S 617,732,730) (S 615,730,731) (S 626,740,741) (S 625,731,739) (S 585,713,707) (S 579,707,708) (S 589,712,718) (S 591,718,538) (D 0,0,0)
 0 1 47 165857 8852  12 (D 0,0,0) (S 30,61,59) (S 19,48,44) (S 613,728,511) (S 619,735,734) (S 183,327,328) (S 373,327,52) (S 27,52,58) (S 23,58,57) (S 584,57,712) (S 603,718,324) (D 0,0,0)
 0 1 48 166834 9583  12 (D 0,0,0) (S 590,712,569) (S 374,569,52) (S 21,52,47) (S 17,41,42) (S 22,42,56) (S 280,458,42) (S 317,47,510) (S 372,510,566) (S 623,733,736) (S 621,736,58) (D 0,0,0)
 0 1 49 167286 8467  12 (D 0,0,0) (S 25,60,61) (S 24,59,48) (S 18,43,44) (S 28,44,57) (S 583,57,708) (S 616,707,728) (S 618,728,735) (S 622,738,737) (S 620,737,736) (S 181,322,324) (D 0,0,0)
 0 1 50 167521 9200  26 (D 0,0,0) (S 354,554,459) (S 281,459,126) (S 609,727,326) (S 600,723,698) (S 573,699,704) (S 593,704,721) (S 595,720,721) (S 599,721,716) (S 588,716,322) (S 179,322,321) (S 282,460,321) (S 178,321,319) (S 177,319,320) (S 371,319,568) (S 375,568,570) (S 578,570,706) (S 576,706,705) (S 577,705,700) (S 571,700,701) (S 575,700,702) (S 572,702,703) (S 574,698,530) (S 61,122,123) (S 567,318,564) (D 0,0,0)
 0 1 51 167983 9073  24 (D 0,0,0) (S 553,127,691) (S 327,525,526) (S 182,325,326) (S 608,326,723) (S 606,725,726) (S 581,709,710) (S 580,709,705) (S 582,705,711) (S 598,717,722) (S 596,722,568) (S 612,722,706) (S 611,706,715) (S 587,715,714) (S 605,714,725) (S 610,725,723) (S 607,727,724) (S 62,124,123) (S 63,125,123) (S 64,123,126) (S 65,126,127) (S 566,127,318) (S 176,318,317) (D 0,0,0)
 0 1 52 165984 8449  14 (D 0,0,0) (S 427,199,617) (S 637,336,744) (S 188,338,337) (S 644,337,531) (S 614,500,729) (S 631,732,504) (S 632,504,291) (S 156,291,280) (S 268,280,447) (S 158,291,293) (S 648,528,747) (S 649,748,746) (D 0,0,0)
 0 1 53 166961 9112  15 (D 0,0,0) (S 715,777,779) (S 717,779,289) (S 630,281,743) (S 651,743,739) (S 624,739,285) (S 157,281,284) (S 153,284,285) (S 154,286,174) (S 586,286,713) (S 650,713,739) (S 628,743,730) (S 629,730,742) (S 627,742,48) (D 0,0,0)
 0 1 54 166966 8986  12 (D 0,0,0) (S 197,182,180) (S 33,71,72) (S 273,75,451) (S 271,451,449) (S 272,449,450) (S 776,445,508) (S 267,445,446) (S 775,445,293) (S 716,778,779) (S 49,101,103) (D 0,0,0)
 0 1 55 165514 6495  13 (D 0,0,0) (S 398,572,591) (S 432,591,115) (S 58,115,114) (S 57,114,113) (S 395,590,591) (S 433,115,619) (S 4,14,15) (S 431,15,619) (S 430,619,618) (S 5,16,17) (S 407,596,572) (D 0,0,0)
 0 1 56 166706 7809  16 (D 0,0,0) (S 226,94,111) (S 234,111,397) (S 697,396,377) (S 696,377,773) (S 79,158,159) (S 221,159,381) (S 704,382,378) (S 706,379,109) (S 219,378,144) (S 109,162,203) (S 211,203,369) (S 110,203,204) (S 701,112,756) (S 663,756,755) (D 0,0,0)
 0 1 57 167947 9560  12 (D 0,0,0) (S 230,396,363) (S 753,156,801) (S 752,801,787) (S 734,787,272) (S 758,805,806) (S 148,277,276) (S 265,443,170) (S 92,170,173) (S 168,302,303) (S 38,69,77) (D 0,0,0)
 0 1 58 167332 7320  15 (D 0,0,0) (S 71,142,141) (S 406,572,595) (S 679,595,763) (S 677,763,360) (S 206,360,359) (S 681,764,359) (S 680,359,763) (S 678,360,762) (S 676,762,397) (S 207,361,362) (S 675,762,589) (S 397,113,345) (S 194,345,346) (D 0,0,0)
 0 1 59 167216 9877  11 (D 0,0,0) (S 231,372,367) (S 683,389,79) (S 45,95,96) (S 764,427,799) (S 742,799,429) (S 740,799,428) (S 741,68,428) (S 255,428,67) (S 74,66,148) (D 0,0,0)
 0 1 60 162522 6508  9 (D 0,0,0) (S 469,407,491) (S 301,491,45) (S 201,350,184) (S 661,752,357) (S 205,357,358) (S 319,513,514) (S 658,514,49) (D 0,0,0)
 0 1 61 166120 9450  11 (D 0,0,0) (S 312,469,468) (S 224,387,388) (S 227,393,387) (S 693,771,155) (S 254,65,427) (S 765,427,808) (S 763,808,150) (S 251,153,422) (S 212,154,370) (D 0,0,0)
