438495
60
3607467
3605531
 0 1 1 152188 3803  17 (D 0,0,0) (S 378,576,575) (S 439,626,625) (S 455,625,630) (S 450,629,630) (S 454,630,214) (S 453,628,209) (S 456,209,415) (S 246,415,223) (S 118,223,222) (S 440,417,457) (S 279,457,209) (S 451,628,214) (S 114,214,215) (S 447,215,626) (S 422,606,610) (D 0,0,0)
 0 1 2 143369 1836  8 (D 0,0,0) (S 421,606,607) (S 452,607,622) (S 436,622,213) (S 434,213,620) (S 442,620,609) (S 441,609,577) (D 0,0,0)
 0 1 3 166155 6307  20 (D 0,0,0) (S 292,28,200) (S 293,200,485) (S 517,484,236) (S 513,236,654) (S 493,654,138) (S 68,138,134) (S 289,134,483) (S 6,18,19) (S 325,476,256) (S 136,256,255) (S 137,257,258) (S 542,258,120) (S 60,120,121) (S 347,548,257) (S 346,257,255) (S 349,255,478) (S 172,309,310) (S 483,224,516) (D 0,0,0)
 0 1 4 159036 4714  15 (D 0,0,0) (S 67,131,132) (S 303,132,229) (S 121,229,230) (S 122,230,231) (S 320,515,7) (S 11,6,29) (S 2,9,10) (S 489,10,5) (S 488,5,40) (S 16,40,39) (S 120,38,228) (S 499,414,657) (S 500,657,658) (D 0,0,0)
 0 1 5 167584 4469  12 (D 0,0,0) (S 506,657,664) (S 244,411,410) (S 482,405,647) (S 119,227,226) (S 318,248,512) (S 132,248,249) (S 133,248,250) (S 424,409,614) (S 425,614,615) (S 429,615,612) (D 0,0,0)
 0 1 6 167292 7155  14 (D 0,0,0) (S 423,611,612) (S 96,183,182) (S 313,347,506) (S 345,506,544) (S 646,341,100) (S 46,98,99) (S 47,99,84) (S 42,84,85) (S 643,335,545) (S 654,343,750) (S 652,750,749) (S 29,63,62) (D 0,0,0)
 0 1 7 167194 5748  9 (D 0,0,0) (S 469,407,491) (S 301,491,45) (S 193,46,344) (S 26,53,62) (S 543,679,680) (S 131,50,247) (S 239,402,237) (D 0,0,0)
 0 1 8 167046 7153  12 (D 0,0,0) (S 492,138,653) (S 639,546,745) (S 640,745,533) (S 332,533,340) (S 189,340,339) (S 641,745,60) (S 31,60,55) (S 337,55,539) (S 338,540,539) (S 348,539,549) (D 0,0,0)
 0 1 9 166016 6596  15 (D 0,0,0) (S 428,617,613) (S 536,246,584) (S 385,584,245) (S 384,245,582) (S 544,679,64) (S 192,54,343) (S 653,343,547) (S 343,547,333) (S 186,333,334) (S 342,333,546) (S 191,51,342) (S 20,50,49) (S 387,584,583) (D 0,0,0)
 0 1 10 166438 6227  14 (D 0,0,0) (S 71,142,141) (S 389,141,523) (S 398,572,591) (S 395,591,590) (S 194,345,346) (S 433,115,619) (S 431,619,15) (S 4,14,15) (S 430,619,618) (S 5,16,17) (S 407,596,572) (S 376,572,523) (D 0,0,0)
 0 1 11 160626 6132  22 (D 0,0,0) (S 392,24,586) (S 100,187,188) (S 400,593,594) (S 408,594,186) (S 99,186,185) (S 383,581,578) (S 382,578,579) (S 413,580,176) (S 94,175,176) (S 412,599,176) (S 411,597,598) (S 414,597,600) (S 388,581,189) (S 390,141,189) (S 101,189,190) (S 102,190,140) (S 70,140,139) (S 360,139,557) (S 362,557,559) (S 381,573,23) (D 0,0,0)
 0 1 12 165245 5249  15 (D 0,0,0) (S 107,200,199) (S 426,199,616) (S 537,611,677) (S 538,677,678) (S 535,677,246) (S 130,246,245) (S 386,582,49) (S 242,247,407) (S 126,237,238) (S 526,238,239) (S 127,239,240) (S 128,241,242) (S 524,670,614) (D 0,0,0)
 0 1 13 166290 4994  14 (D 0,0,0) (S 294,485,484) (S 290,484,134) (S 509,483,653) (S 494,653,412) (S 539,643,490) (S 299,490,130) (S 66,130,128) (S 540,128,253) (S 135,253,254) (S 322,87,474) (S 291,135,482) (S 512,482,660) (D 0,0,0)
 0 1 14 163947 3984  15 (D 0,0,0) (S 438,212,625) (S 448,628,211) (S 476,416,222) (S 475,222,634) (S 464,634,2) (S 465,2,218) (S 116,218,217) (S 115,217,216) (S 459,216,631) (S 457,631,221) (S 117,221,220) (S 462,220,632) (S 446,208,215) (D 0,0,0)
 0 1 15 166437 4784  18 (D 0,0,0) (S 113,212,211) (S 449,211,627) (S 245,414,413) (S 478,413,646) (S 302,232,492) (S 491,492,652) (S 490,650,651) (S 541,652,517) (S 321,497,516) (S 247,418,226) (S 505,406,663) (S 507,663,662) (S 510,662,661) (S 504,661,137) (S 502,137,659) (S 437,623,624) (D 0,0,0)
 0 1 16 161028 5686  23 (D 0,0,0) (S 108,201,202) (S 498,656,480) (S 497,485,235) (S 124,235,234) (S 125,234,236) (S 519,654,612) (S 514,612,666) (S 520,666,243) (S 129,243,244) (S 528,667,672) (S 529,673,672) (S 527,672,671) (S 534,671,675) (S 533,676,675) (S 532,675,673) (S 530,674,673) (S 531,673,669) (S 516,668,669) (S 518,669,667) (S 515,667,243) (S 427,617,199) (D 0,0,0)
 0 1 17 167296 3994  18 (D 0,0,0) (S 379,575,195) (S 10,25,26) (S 361,27,558) (S 364,558,524) (S 410,142,190) (S 409,190,594) (S 404,594,191) (S 103,191,192) (S 403,191,187) (S 402,187,586) (S 399,586,592) (S 401,592,585) (S 391,585,24) (S 9,24,21) (S 7,21,22) (S 8,21,23) (D 0,0,0)
 0 1 18 156650 3223  15 (D 0,0,0) (S 105,196,194) (S 104,194,193) (S 415,193,601) (S 416,193,574) (S 106,197,198) (S 420,198,608) (S 419,198,607) (S 286,466,467) (S 284,463,464) (S 285,464,465) (S 283,461,462) (S 417,603,604) (S 418,605,603) (D 0,0,0)
 0 1 19 158325 5753  21 (D 0,0,0) (S 458,221,217) (S 175,315,316) (S 463,315,498) (S 308,498,495) (S 305,495,4) (S 306,4,496) (S 470,496,640) (S 471,640,641) (S 473,642,638) (S 472,638,639) (S 467,638,637) (S 466,636,635) (S 468,635,4) (S 1,4,3) (S 474,634,489) (S 297,489,487) (S 295,486,38) (S 307,38,488) (S 296,488,132) (D 0,0,0)
 0 1 20 162951 3773  14 (D 0,0,0) (S 112,208,210) (S 111,207,208) (S 445,208,419) (S 248,419,403) (S 240,403,401) (S 238,401,398) (S 235,398,206) (S 236,205,399) (S 237,399,400) (S 241,400,404) (S 461,216,633) (S 460,631,632) (D 0,0,0)
 0 1 21 164283 4620  21 (D 0,0,0) (S 511,658,660) (S 501,660,659) (S 503,659,136) (S 69,136,135) (S 288,135,479) (S 508,479,663) (S 480,648,649) (S 481,648,647) (S 477,647,646) (S 479,646,232) (S 123,232,233) (S 304,232,493) (S 487,494,645) (S 485,645,131) (S 486,133,228) (S 484,228,414) (S 443,457,627) (S 444,627,621) (S 435,621,212) (D 0,0,0)
 0 1 22 167452 7983  12 (D 0,0,0) (S 675,589,762) (S 210,367,368) (S 689,368,765) (S 682,765,79) (S 683,79,389) (S 212,370,154) (S 251,153,422) (S 213,151,371) (S 229,395,373) (S 363,559,560) (D 0,0,0)
 0 1 23 167922 8524  17 (D 0,0,0) (S 377,573,560) (S 687,373,767) (S 688,768,769) (S 686,768,767) (S 691,767,770) (S 39,79,78) (S 225,78,384) (S 227,393,387) (S 224,387,388) (S 312,468,469) (S 684,470,766) (S 685,766,765) (S 690,368,770) (S 692,770,395) (S 380,523,557) (D 0,0,0)
 0 1 24 167331 7060  12 (D 0,0,0) (S 406,572,595) (S 405,595,94) (S 226,94,111) (S 218,110,377) (S 697,377,396) (S 207,361,362) (S 676,397,762) (S 206,360,359) (S 681,764,359) (S 680,359,763) (D 0,0,0)
 0 1 25 167815 7503  13 (D 0,0,0) (S 679,595,763) (S 677,763,360) (S 678,360,762) (S 230,396,363) (S 314,92,507) (S 232,92,365) (S 208,363,364) (S 396,364,589) (S 57,113,114) (S 58,114,115) (S 432,115,591) (D 0,0,0)
 0 1 26 167644 7902  10 (D 0,0,0) (S 397,345,113) (S 209,366,365) (S 215,373,160) (S 78,160,152) (S 151,161,279) (S 262,441,152) (S 214,152,372) (S 233,374,363) (D 0,0,0)
 0 1 27 167568 7482  12 (D 0,0,0) (S 216,374,159) (S 221,159,381) (S 702,381,382) (S 220,379,380) (S 219,378,144) (S 72,144,143) (S 76,143,158) (S 698,158,773) (S 696,773,377) (S 55,110,111) (D 0,0,0)
 0 1 28 163724 9215  12 (D 0,0,0) (S 695,771,772) (S 693,771,155) (S 75,157,149) (S 762,149,807) (S 746,802,803) (S 749,803,800) (S 750,800,786) (S 752,787,801) (S 747,801,268) (S 722,781,420) (D 0,0,0)
 0 1 29 166806 8944  12 (D 0,0,0) (S 728,172,783) (S 145,268,269) (S 171,272,307) (S 729,307,421) (S 730,421,783) (S 727,783,278) (S 152,278,279) (S 726,279,441) (S 725,441,781) (S 723,781,782) (D 0,0,0)
 0 1 30 167350 8540  16 (D 0,0,0) (S 234,111,397) (S 43,90,91) (S 249,160,420) (S 724,420,37) (S 316,37,509) (S 88,36,145) (S 77,145,159) (S 79,159,158) (S 80,162,146) (S 672,753,356) (S 204,356,355) (S 673,355,761) (S 674,355,751) (S 661,752,357) (D 0,0,0)
 0 1 31 167912 7439  12 (D 0,0,0) (S 660,349,147) (S 73,147,146) (S 109,162,203) (S 211,203,369) (S 110,203,204) (S 699,773,204) (S 700,204,112) (S 56,112,110) (S 701,112,756) (S 44,93,94) (D 0,0,0)
 0 1 32 166604 7341  12 (D 0,0,0) (S 200,349,181) (S 53,108,104) (S 50,104,105) (S 52,106,107) (S 54,107,109) (S 707,109,775) (S 708,775,146) (S 667,147,757) (S 666,757,354) (S 664,755,94) (D 0,0,0)
 0 1 33 165169 9558  12 (D 0,0,0) (S 231,372,367) (S 228,394,390) (S 763,150,808) (S 765,808,427) (S 764,427,799) (S 740,799,428) (S 741,68,428) (S 255,428,67) (S 74,66,148) (S 45,95,96) (D 0,0,0)
 0 1 34 166784 9861  12 (D 0,0,0) (S 254,65,427) (S 742,799,429) (S 256,429,430) (S 743,429,798) (S 257,431,432) (S 739,431,785) (S 731,784,785) (S 748,798,433) (S 761,802,807) (S 694,771,392) (D 0,0,0)
 0 1 35 166392 10717  15 (D 0,0,0) (S 751,157,800) (S 744,795,433) (S 258,435,436) (S 259,437,438) (S 738,797,12) (S 260,12,439) (S 3,12,13) (S 217,296,375) (S 760,375,797) (S 737,437,796) (S 755,796,425) (S 735,794,793) (S 736,790,795) (D 0,0,0)
 0 1 36 166486 9391  20 (D 0,0,0) (S 753,156,801) (S 745,801,800) (S 754,803,788) (S 733,788,786) (S 732,786,787) (S 734,787,272) (S 169,307,306) (S 223,306,308) (S 170,308,173) (S 93,173,80) (S 40,80,81) (S 90,80,172) (S 89,172,37) (S 15,37,36) (S 705,36,381) (S 222,382,383) (S 704,382,378) (S 706,379,109) (D 0,0,0)
 0 1 37 165185 6609  13 (D 0,0,0) (S 659,751,753) (S 671,178,760) (S 668,351,758) (S 669,758,759) (S 670,758,754) (S 662,754,353) (S 663,756,755) (S 665,755,353) (S 203,353,352) (S 202,352,351) (S 655,751,752) (D 0,0,0)
 0 1 38 167084 7068  13 (D 0,0,0) (S 97,179,177) (S 144,264,267) (S 160,267,118) (S 155,108,283) (S 161,282,287) (S 778,287,456) (S 277,456,77) (S 198,283,348) (S 196,348,347) (S 195,347,180) (S 197,180,182) (D 0,0,0)
 0 1 39 167762 7215  13 (D 0,0,0) (S 95,177,181) (S 142,265,264) (S 199,264,116) (S 59,117,118) (S 162,118,108) (S 51,104,106) (S 710,106,776) (S 709,775,776) (S 720,776,774) (S 721,774,780) (S 703,774,267) (D 0,0,0)
 0 1 40 167924 9844  12 (D 0,0,0) (S 278,288,77) (S 773,306,444) (S 266,444,270) (S 149,270,273) (S 757,273,805) (S 756,804,805) (S 758,805,806) (S 759,423,300) (S 252,423,271) (S 250,421,308) (D 0,0,0)
 0 1 41 167894 9593  10 (D 0,0,0) (S 92,173,170) (S 265,170,443) (S 264,443,276) (S 148,276,277) (S 767,301,809) (S 769,424,440) (S 261,440,275) (S 393,587,169) (D 0,0,0)
 0 1 42 167243 10169  15 (D 0,0,0) (S 86,169,168) (S 85,168,164) (S 83,163,166) (S 82,166,165) (S 84,165,167) (S 253,167,424) (S 771,809,274) (S 770,274,442) (S 263,442,163) (S 81,163,164) (S 394,164,588) (S 91,169,171) (S 87,171,170) (D 0,0,0)
 0 1 43 167876 9067  14 (D 0,0,0) (S 315,303,454) (S 776,508,445) (S 267,445,446) (S 775,445,293) (S 310,502,503) (S 719,778,747) (S 649,748,746) (S 712,746,97) (S 187,335,336) (S 568,53,697) (S 569,697,696) (S 323,119,88) (D 0,0,0)
 0 1 44 167602 7589  11 (D 0,0,0) (S 636,547,336) (S 637,336,744) (S 188,338,337) (S 644,337,531) (S 614,500,729) (S 634,330,332) (S 185,331,332) (S 635,332,59) (S 30,59,61) (D 0,0,0)
 0 1 45 167393 9025  15 (D 0,0,0) (S 629,742,730) (S 626,740,741) (S 625,731,739) (S 624,739,285) (S 154,286,174) (S 586,286,713) (S 651,739,743) (S 628,743,730) (S 617,730,732) (S 633,729,330) (S 184,330,329) (S 638,532,338) (S 642,744,339) (D 0,0,0)
 0 1 46 167984 8799  17 (D 0,0,0) (S 190,341,294) (S 49,103,101) (S 714,101,777) (S 711,777,295) (S 159,295,289) (S 717,289,779) (S 718,778,292) (S 328,293,527) (S 330,527,502) (S 713,502,778) (S 716,778,779) (S 715,779,777) (S 48,101,102) (S 341,544,541) (S 340,542,543) (D 0,0,0)
 0 1 47 167917 8733  12 (D 0,0,0) (S 33,71,72) (S 34,73,72) (S 36,72,74) (S 274,302,452) (S 275,452,453) (S 276,455,304) (S 777,810,811) (S 779,811,69) (S 780,69,456) (S 339,287,506) (D 0,0,0)
 0 1 48 167161 8032  11 (D 0,0,0) (S 35,74,75) (S 273,75,451) (S 271,451,449) (S 272,449,450) (S 269,449,448) (S 270,448,76) (S 37,76,70) (S 32,70,69) (S 38,69,77) (D 0,0,0)
 0 1 49 166008 9989  16 (D 0,0,0) (S 168,303,302) (S 774,455,171) (S 167,171,82) (S 41,82,83) (S 165,82,297) (S 164,297,298) (S 163,297,277) (S 150,277,274) (S 146,274,275) (S 147,275,166) (S 768,165,440) (S 766,424,809) (S 166,301,277) (S 772,443,444) (D 0,0,0)
 0 1 50 167978 9251  14 (D 0,0,0) (S 615,730,731) (S 585,707,713) (S 650,713,739) (S 630,743,281) (S 153,284,285) (S 157,284,281) (S 268,280,447) (S 156,280,291) (S 158,293,291) (S 632,291,504) (S 648,528,747) (S 645,746,102) (D 0,0,0)
 0 1 51 167770 8822  19 (D 0,0,0) (S 495,235,655) (S 496,655,617) (S 243,402,407) (S 344,547,545) (S 647,97,529) (S 309,499,501) (S 329,529,528) (S 311,503,504) (S 631,504,732) (S 627,742,48) (S 584,57,712) (S 588,322,716) (S 599,716,721) (S 592,720,719) (S 602,719,698) (S 574,698,530) (S 281,126,459) (D 0,0,0)
 0 1 52 167268 8509  13 (D 0,0,0) (S 556,550,556) (S 589,718,712) (S 590,712,569) (S 374,569,52) (S 23,58,57) (S 18,43,44) (S 19,44,48) (S 24,48,59) (S 335,61,538) (S 352,505,459) (S 354,459,554) (D 0,0,0)
 0 1 53 167823 8430  30 (D 0,0,0) (S 358,551,317) (S 176,317,318) (S 566,318,127) (S 61,122,123) (S 62,123,124) (S 604,124,724) (S 607,724,727) (S 609,727,326) (S 600,723,698) (S 570,698,699) (S 594,699,720) (S 595,720,721) (S 593,721,704) (S 575,702,700) (S 571,700,701) (S 577,700,705) (S 581,709,710) (S 605,714,725) (S 606,725,726) (S 610,725,723) (S 608,723,326) (S 182,326,325) (S 552,536,691) (S 553,691,127) (S 554,127,554) (S 355,554,317) (S 350,551,552) (S 353,551,522) (D 0,0,0)
 0 1 54 163326 7263  17 (D 0,0,0) (S 287,476,477) (S 359,521,556) (S 365,556,323) (S 336,323,538) (S 591,538,718) (S 603,718,324) (S 601,324,719) (S 597,719,535) (S 333,535,530) (S 331,530,124) (S 63,125,123) (S 64,123,126) (S 65,126,127) (S 567,318,564) (S 368,564,553) (D 0,0,0)
 0 1 55 163670 8341  24 (D 0,0,0) (S 324,309,519) (S 326,519,520) (S 174,313,314) (S 564,314,562) (S 367,562,563) (S 546,563,684) (S 13,32,31) (S 12,31,30) (S 140,261,30) (S 139,30,260) (S 555,260,534) (S 334,534,537) (S 327,525,526) (S 557,260,691) (S 550,691,565) (S 369,562,555) (S 351,520,313) (S 357,313,311) (S 356,311,263) (S 366,263,561) (S 562,561,262) (S 559,262,518) (D 0,0,0)
 0 1 56 167593 7622  16 (D 0,0,0) (S 561,561,695) (S 138,32,259) (S 545,259,683) (S 551,685,692) (S 14,33,34) (S 547,35,685) (S 548,686,687) (S 549,688,690) (S 558,682,693) (S 560,693,695) (S 565,695,312) (S 563,314,312) (S 173,312,311) (S 141,263,262) (D 0,0,0)
 0 1 57 165356 6822  17 (D 0,0,0) (S 298,86,490) (S 300,130,251) (S 134,252,129) (S 143,266,184) (S 201,350,184) (S 98,184,183) (S 656,183,752) (S 205,357,358) (S 657,357,514) (S 319,513,514) (S 658,514,49) (S 525,408,238) (S 521,239,241) (S 523,241,670) (S 522,670,615) (D 0,0,0)
 0 1 58 167619 9270  21 (D 0,0,0) (S 180,323,324) (S 181,324,322) (S 179,322,321) (S 282,460,321) (S 178,321,319) (S 177,319,320) (S 371,319,568) (S 375,568,570) (S 578,570,706) (S 576,706,705) (S 580,705,709) (S 587,714,715) (S 611,715,706) (S 612,706,722) (S 598,722,717) (S 582,711,705) (S 572,702,703) (S 573,704,699) (S 370,565,564) (D 0,0,0)
 0 1 59 167990 8806  13 (D 0,0,0) (S 25,60,61) (S 28,44,57) (S 583,57,708) (S 579,708,707) (S 616,707,728) (S 613,728,511) (S 618,728,735) (S 619,735,734) (S 183,327,328) (S 373,327,52) (S 27,52,58) (D 0,0,0)
 0 1 60 166494 9967  13 (D 0,0,0) (S 596,722,568) (S 21,52,47) (S 17,41,42) (S 22,42,56) (S 280,458,42) (S 317,47,510) (S 372,510,566) (S 623,733,736) (S 622,737,738) (S 620,737,736) (S 621,736,58) (D 0,0,0)
