438610
61
3607658
3469923
 0 1 1 46970 1004  8 (D 0,0,0) (S 286,466,467) (S 285,464,465) (S 284,463,464) (S 283,461,462) (S 418,605,603) (S 417,603,604) (D 0,0,0)
 0 1 2 163623 4629  25 (D 0,0,0) (S 379,575,195) (S 108,201,202) (S 498,656,480) (S 497,485,235) (S 124,235,234) (S 125,234,236) (S 513,236,654) (S 493,654,138) (S 492,138,653) (S 494,653,412) (S 318,248,512) (S 132,248,249) (S 133,248,250) (S 126,237,238) (S 526,238,239) (S 127,239,240) (S 521,239,241) (S 128,241,242) (S 523,241,670) (S 522,670,615) (S 519,612,654) (S 517,236,484) (S 293,485,200) (D 0,0,0)
 0 1 3 167907 5679  18 (D 0,0,0) (S 292,28,200) (S 515,243,667) (S 528,667,672) (S 529,673,672) (S 527,672,671) (S 534,671,675) (S 533,676,675) (S 532,675,673) (S 530,674,673) (S 531,673,669) (S 516,668,669) (S 518,669,667) (S 129,243,244) (S 520,243,666) (S 514,666,612) (S 8,23,21) (D 0,0,0)
 0 1 4 152041 4298  19 (D 0,0,0) (S 381,23,573) (S 363,560,559) (S 362,559,557) (S 360,557,139) (S 70,139,140) (S 102,140,190) (S 409,190,594) (S 400,593,594) (S 404,594,191) (S 103,191,192) (S 403,191,187) (S 402,187,586) (S 399,586,592) (S 401,592,585) (S 391,585,24) (S 9,24,21) (S 7,21,22) (D 0,0,0)
 0 1 5 75709 1770  6 (D 0,0,0) (S 416,574,193) (S 415,193,601) (S 104,193,194) (S 105,194,196) (D 0,0,0)
 0 1 6 167747 4428  19 (D 0,0,0) (S 437,624,623) (S 502,659,137) (S 504,137,661) (S 510,661,662) (S 507,662,663) (S 505,663,406) (S 119,226,227) (S 477,647,646) (S 479,646,232) (S 123,232,233) (S 304,232,493) (S 487,494,645) (S 485,645,131) (S 486,133,228) (S 499,414,657) (S 506,664,657) (S 500,657,658) (D 0,0,0)
 0 1 7 163369 4951  14 (D 0,0,0) (S 435,212,621) (S 444,621,627) (S 478,413,646) (S 302,232,492) (S 491,492,652) (S 490,650,651) (S 541,652,517) (S 298,86,490) (S 539,490,643) (S 424,409,614) (S 429,615,612) (S 428,613,617) (D 0,0,0)
 0 1 8 166971 6198  21 (D 0,0,0) (S 427,199,617) (S 537,611,677) (S 538,677,678) (S 535,677,246) (S 536,246,584) (S 387,584,583) (S 390,141,189) (S 388,189,581) (S 383,581,578) (S 382,578,579) (S 412,599,176) (S 94,175,176) (S 413,176,580) (S 411,597,598) (S 414,597,600) (S 99,185,186) (S 408,186,594) (S 100,187,188) (S 392,586,24) (D 0,0,0)
 0 1 9 167009 4989  13 (D 0,0,0) (S 423,611,612) (S 524,614,670) (S 525,238,408) (S 469,407,491) (S 301,491,45) (S 20,50,49) (S 386,49,582) (S 384,582,245) (S 130,245,246) (S 496,617,655) (S 495,655,235) (D 0,0,0)
 0 1 10 164820 6196  12 (D 0,0,0) (S 425,615,614) (S 193,46,344) (S 26,53,62) (S 342,546,333) (S 343,333,547) (S 653,547,343) (S 654,343,750) (S 652,750,749) (S 131,50,247) (S 107,199,200) (D 0,0,0)
 0 1 11 151653 4006  17 (D 0,0,0) (S 455,625,630) (S 450,629,630) (S 454,630,214) (S 279,209,457) (S 440,457,417) (S 118,222,223) (S 246,223,415) (S 456,415,209) (S 453,209,628) (S 448,628,211) (S 113,211,212) (S 438,212,625) (S 439,625,626) (S 421,607,606) (S 422,606,610) (D 0,0,0)
 0 1 12 148368 3765  12 (D 0,0,0) (S 245,414,413) (S 244,411,410) (S 482,405,647) (S 481,647,648) (S 480,648,649) (S 483,224,516) (S 6,19,18) (S 289,483,134) (S 290,134,484) (S 294,484,485) (D 0,0,0)
 0 1 13 161389 1971  10 (D 0,0,0) (S 419,607,198) (S 106,198,197) (S 441,577,609) (S 442,609,620) (S 434,620,213) (S 436,213,622) (S 452,622,607) (S 378,575,576) (D 0,0,0)
 0 1 14 163230 6359  16 (D 0,0,0) (S 380,557,523) (S 376,523,572) (S 407,572,596) (S 5,16,17) (S 430,618,619) (S 431,619,15) (S 4,14,15) (S 433,619,115) (S 58,114,115) (S 432,115,591) (S 398,591,572) (S 364,524,558) (S 361,558,27) (S 10,25,26) (D 0,0,0)
 0 1 15 166876 5797  16 (D 0,0,0) (S 299,490,130) (S 134,252,129) (S 300,251,130) (S 66,130,128) (S 540,128,253) (S 135,253,254) (S 322,87,474) (S 321,497,516) (S 247,418,226) (S 508,663,479) (S 69,135,136) (S 503,136,659) (S 501,659,660) (S 420,198,608) (D 0,0,0)
 0 1 16 167782 10003  15 (D 0,0,0) (S 377,573,560) (S 231,372,367) (S 151,161,279) (S 145,268,269) (S 734,272,787) (S 732,787,786) (S 733,786,788) (S 754,788,803) (S 731,784,785) (S 739,785,431) (S 257,431,432) (S 761,802,807) (S 763,808,150) (D 0,0,0)
 0 1 17 166360 7974  13 (D 0,0,0) (S 215,373,160) (S 78,160,152) (S 212,154,370) (S 228,394,390) (S 225,384,78) (S 39,78,79) (S 689,765,368) (S 690,368,770) (S 692,770,395) (S 229,395,373) (S 232,92,365) (D 0,0,0)
 0 1 18 167988 8169  12 (D 0,0,0) (S 209,366,365) (S 210,367,368) (S 691,770,767) (S 686,767,768) (S 688,768,769) (S 687,767,373) (S 314,92,507) (S 233,374,363) (S 208,363,364) (S 396,364,589) (D 0,0,0)
 0 1 19 166783 7308  12 (D 0,0,0) (S 405,595,94) (S 226,94,111) (S 55,111,110) (S 218,110,377) (S 696,377,773) (S 699,773,204) (S 207,361,362) (S 676,397,762) (S 206,360,359) (S 679,763,595) (D 0,0,0)
 0 1 20 167675 7723  15 (D 0,0,0) (S 44,93,94) (S 234,111,397) (S 230,396,363) (S 216,374,159) (S 77,159,145) (S 88,145,36) (S 705,36,381) (S 702,381,382) (S 222,382,383) (S 221,381,159) (S 79,159,158) (S 698,158,773) (S 697,377,396) (D 0,0,0)
 0 1 21 167023 6417  15 (D 0,0,0) (S 410,142,190) (S 101,190,189) (S 389,141,523) (S 395,591,590) (S 57,113,114) (S 194,346,345) (S 397,345,113) (S 675,589,762) (S 678,762,360) (S 677,360,763) (S 681,764,359) (S 680,359,763) (S 406,595,572) (D 0,0,0)
 0 1 22 167550 9026  10 (D 0,0,0) (S 43,90,91) (S 15,36,37) (S 730,783,421) (S 250,421,308) (S 169,306,307) (S 171,307,272) (S 752,787,801) (S 753,801,156) (D 0,0,0)
 0 1 23 167700 10784  16 (D 0,0,0) (S 745,801,800) (S 746,803,802) (S 736,795,790) (S 735,793,794) (S 755,425,796) (S 258,435,436) (S 737,796,437) (S 259,437,438) (S 760,797,375) (S 217,375,296) (S 3,13,12) (S 260,12,439) (S 738,12,797) (S 756,804,805) (D 0,0,0)
 0 1 24 167764 9396  12 (D 0,0,0) (S 751,157,800) (S 749,800,803) (S 744,795,433) (S 748,433,798) (S 743,798,429) (S 256,429,430) (S 742,429,799) (S 764,799,427) (S 765,427,808) (S 762,807,149) (D 0,0,0)
 0 1 25 167867 9567  10 (D 0,0,0) (S 75,157,149) (S 45,95,96) (S 254,65,427) (S 740,799,428) (S 741,68,428) (S 255,428,67) (S 74,66,148) (S 694,771,392) (D 0,0,0)
 0 1 26 167751 8794  13 (D 0,0,0) (S 213,371,151) (S 251,153,422) (S 693,155,771) (S 695,771,772) (S 224,387,388) (S 227,393,387) (S 312,468,469) (S 684,470,766) (S 685,766,765) (S 682,765,79) (S 683,79,389) (D 0,0,0)
 0 1 27 166681 9219  15 (D 0,0,0) (S 249,160,420) (S 724,420,37) (S 316,37,509) (S 89,37,172) (S 90,172,80) (S 40,80,81) (S 727,783,278) (S 152,278,279) (S 726,279,441) (S 725,441,781) (S 723,781,782) (S 262,441,152) (S 214,152,372) (D 0,0,0)
 0 1 28 166464 7935  10 (D 0,0,0) (S 161,282,287) (S 270,76,448) (S 269,448,449) (S 272,449,450) (S 271,449,451) (S 273,451,75) (S 35,75,74) (S 36,74,72) (D 0,0,0)
 0 1 29 167717 9008  11 (D 0,0,0) (S 32,69,70) (S 315,303,454) (S 776,508,445) (S 267,445,446) (S 775,445,293) (S 718,292,778) (S 713,778,502) (S 310,502,503) (S 311,503,504) (D 0,0,0)
 0 1 30 167377 9213  14 (D 0,0,0) (S 190,341,294) (S 33,71,72) (S 37,76,70) (S 168,303,302) (S 274,302,452) (S 774,455,171) (S 87,171,170) (S 265,170,443) (S 772,443,444) (S 773,444,306) (S 729,307,421) (S 728,783,172) (D 0,0,0)
 0 1 31 167817 9900  13 (D 0,0,0) (S 93,80,173) (S 170,173,308) (S 266,444,270) (S 757,273,805) (S 758,805,806) (S 759,423,300) (S 252,423,271) (S 149,270,273) (S 750,786,800) (S 747,801,268) (S 722,781,420) (D 0,0,0)
 0 1 32 166182 10038  13 (D 0,0,0) (S 92,173,170) (S 146,274,275) (S 82,166,165) (S 84,165,167) (S 253,167,424) (S 766,424,809) (S 767,809,301) (S 148,277,276) (S 264,276,443) (S 223,306,308) (S 38,69,77) (D 0,0,0)
 0 1 33 167652 10133  13 (D 0,0,0) (S 276,304,455) (S 86,169,168) (S 85,168,164) (S 83,163,166) (S 147,166,275) (S 261,275,440) (S 768,165,440) (S 769,440,424) (S 771,809,274) (S 166,301,277) (S 41,82,83) (D 0,0,0)
 0 1 34 167219 9515  14 (D 0,0,0) (S 275,452,453) (S 167,171,82) (S 165,82,297) (S 164,297,298) (S 163,297,277) (S 150,277,274) (S 770,274,442) (S 263,442,163) (S 81,163,164) (S 394,164,588) (S 393,587,169) (S 91,169,171) (D 0,0,0)
 0 1 35 166790 7690  14 (D 0,0,0) (S 385,584,245) (S 31,55,60) (S 641,60,745) (S 640,745,533) (S 332,533,340) (S 184,329,330) (S 633,330,729) (S 614,729,500) (S 309,499,501) (S 644,531,337) (S 188,337,338) (S 642,744,339) (D 0,0,0)
 0 1 36 167123 8345  15 (D 0,0,0) (S 643,545,335) (S 712,97,746) (S 645,102,746) (S 649,746,748) (S 719,747,778) (S 716,778,779) (S 717,779,289) (S 159,289,295) (S 34,73,72) (S 49,103,101) (S 714,777,101) (S 48,101,102) (S 345,544,506) (D 0,0,0)
 0 1 37 167843 9107  15 (D 0,0,0) (S 711,295,777) (S 715,777,779) (S 330,502,527) (S 630,281,743) (S 651,743,739) (S 624,739,285) (S 154,286,174) (S 586,286,713) (S 650,713,739) (S 628,743,730) (S 617,730,732) (S 638,532,338) (S 637,744,336) (D 0,0,0)
 0 1 38 167912 8369  11 (D 0,0,0) (S 25,60,61) (S 19,48,44) (S 583,57,708) (S 579,708,707) (S 613,728,511) (S 622,738,737) (S 620,737,736) (S 621,736,58) (S 23,58,57) (D 0,0,0)
 0 1 39 167736 8794  14 (D 0,0,0) (S 634,332,330) (S 631,732,504) (S 632,504,291) (S 153,284,285) (S 157,284,281) (S 268,280,447) (S 156,280,291) (S 158,291,293) (S 328,293,527) (S 648,528,747) (S 329,528,529) (S 647,529,97) (D 0,0,0)
 0 1 40 167157 7459  9 (D 0,0,0) (S 336,323,538) (S 591,538,718) (S 30,61,59) (S 635,59,332) (S 185,332,331) (S 189,340,339) (S 639,745,546) (D 0,0,0)
 0 1 41 167617 7451  14 (D 0,0,0) (S 29,62,63) (S 192,54,343) (S 344,547,545) (S 340,542,543) (S 341,541,544) (S 646,341,100) (S 46,98,99) (S 47,99,84) (S 42,84,85) (S 187,335,336) (S 636,336,547) (S 186,333,334) (D 0,0,0)
 0 1 42 167674 10075  19 (D 0,0,0) (S 355,317,554) (S 354,554,459) (S 281,459,126) (S 64,126,123) (S 607,724,727) (S 587,714,715) (S 611,715,706) (S 612,706,722) (S 21,52,47) (S 280,458,42) (S 22,42,56) (S 17,42,41) (S 317,47,510) (S 372,510,566) (S 183,327,328) (S 373,327,52) (S 27,52,58) (D 0,0,0)
 0 1 43 167240 9027  15 (D 0,0,0) (S 243,402,407) (S 191,51,342) (S 24,59,48) (S 18,43,44) (S 28,44,57) (S 584,57,712) (S 588,322,716) (S 598,717,722) (S 596,722,568) (S 374,52,569) (S 590,569,712) (S 589,712,718) (S 603,718,324) (D 0,0,0)
 0 1 44 167761 8028  23 (D 0,0,0) (S 559,518,262) (S 366,561,263) (S 357,311,313) (S 351,520,313) (S 174,313,314) (S 565,312,695) (S 558,693,682) (S 13,32,31) (S 12,31,30) (S 140,261,30) (S 139,30,260) (S 334,534,537) (S 555,534,260) (S 557,260,691) (S 550,691,565) (S 367,563,562) (S 564,562,314) (S 563,314,312) (S 173,312,311) (S 356,311,263) (S 141,263,262) (D 0,0,0)
 0 1 45 167453 7797  20 (D 0,0,0) (S 172,309,310) (S 326,519,520) (S 369,555,562) (S 546,563,684) (S 138,32,259) (S 545,259,683) (S 549,688,690) (S 548,687,686) (S 547,685,35) (S 14,33,34) (S 551,685,692) (S 560,693,695) (S 561,695,561) (S 562,561,262) (S 288,479,135) (S 291,135,482) (S 512,482,660) (S 511,660,658) (D 0,0,0)
 0 1 46 167679 9216  29 (D 0,0,0) (S 324,309,519) (S 368,553,564) (S 567,564,318) (S 65,127,126) (S 63,125,123) (S 61,122,123) (S 62,123,124) (S 609,727,326) (S 600,723,698) (S 570,698,699) (S 593,704,721) (S 595,720,721) (S 599,721,716) (S 582,711,705) (S 576,705,706) (S 578,706,570) (S 375,570,568) (S 371,568,319) (S 177,319,320) (S 178,319,321) (S 282,460,321) (S 179,321,322) (S 181,322,324) (S 352,505,459) (S 358,317,551) (S 350,551,552) (S 287,477,476) (D 0,0,0)
 0 1 47 167364 7224  16 (D 0,0,0) (S 325,476,256) (S 136,256,255) (S 347,257,548) (S 556,550,556) (S 365,556,323) (S 180,323,324) (S 601,324,719) (S 602,719,698) (S 574,698,530) (S 331,530,124) (S 604,124,724) (S 553,691,127) (S 554,127,554) (S 359,556,521) (D 0,0,0)
 0 1 48 167628 6751  15 (D 0,0,0) (S 349,478,255) (S 346,255,257) (S 137,257,258) (S 542,258,120) (S 60,120,121) (S 348,549,539) (S 338,540,539) (S 337,539,55) (S 544,64,679) (S 543,679,680) (S 568,53,697) (S 569,697,696) (S 323,119,88) (D 0,0,0)
 0 1 49 167975 8562  24 (D 0,0,0) (S 370,564,565) (S 327,525,526) (S 182,325,326) (S 608,326,723) (S 610,723,725) (S 606,725,726) (S 605,725,714) (S 581,709,710) (S 580,709,705) (S 577,705,700) (S 571,700,701) (S 575,700,702) (S 572,702,703) (S 573,704,699) (S 594,699,720) (S 592,720,719) (S 597,719,535) (S 333,535,530) (S 552,536,691) (S 566,127,318) (S 176,318,317) (S 353,551,522) (D 0,0,0)
 0 1 50 167948 9595  14 (D 0,0,0) (S 335,538,61) (S 627,48,742) (S 629,742,730) (S 615,730,731) (S 626,740,741) (S 625,731,739) (S 585,713,707) (S 616,707,728) (S 618,728,735) (S 619,735,734) (S 623,733,736) (S 426,199,616) (D 0,0,0)
 0 1 51 166380 6890  15 (D 0,0,0) (S 68,134,138) (S 239,237,402) (S 242,407,247) (S 658,49,514) (S 319,513,514) (S 657,514,357) (S 205,357,358) (S 659,751,753) (S 672,753,356) (S 204,356,355) (S 673,355,761) (S 674,355,751) (S 655,751,752) (D 0,0,0)
 0 1 52 166995 6772  12 (D 0,0,0) (S 661,357,752) (S 200,349,181) (S 142,265,264) (S 199,264,116) (S 53,108,104) (S 50,104,105) (S 198,283,348) (S 196,348,347) (S 195,347,180) (S 656,183,752) (D 0,0,0)
 0 1 53 167714 7781  16 (D 0,0,0) (S 197,182,180) (S 313,347,506) (S 339,506,287) (S 778,287,456) (S 780,456,69) (S 779,69,811) (S 777,810,811) (S 277,456,77) (S 278,77,288) (S 155,283,108) (S 162,108,118) (S 160,118,267) (S 144,267,264) (S 95,181,177) (D 0,0,0)
 0 1 54 166943 6831  8 (D 0,0,0) (S 660,349,147) (S 73,147,146) (S 708,146,775) (S 720,776,774) (S 721,774,780) (S 703,774,267) (D 0,0,0)
 0 1 55 166992 8362  16 (D 0,0,0) (S 700,112,204) (S 76,158,143) (S 72,143,144) (S 219,144,378) (S 704,382,378) (S 220,379,380) (S 706,379,109) (S 707,109,775) (S 54,109,107) (S 52,107,106) (S 51,104,106) (S 710,106,776) (S 709,776,775) (S 59,118,117) (D 0,0,0)
 0 1 56 167623 6801  15 (D 0,0,0) (S 509,483,653) (S 202,351,352) (S 203,352,353) (S 662,353,754) (S 670,754,758) (S 669,758,759) (S 668,758,351) (S 671,760,178) (S 97,177,179) (S 96,182,183) (S 98,183,184) (S 201,350,184) (S 143,184,266) (D 0,0,0)
 0 1 57 167535 7523  14 (D 0,0,0) (S 71,142,141) (S 664,94,755) (S 665,755,353) (S 666,354,757) (S 667,757,147) (S 80,146,162) (S 109,162,203) (S 211,203,369) (S 110,203,204) (S 56,112,110) (S 701,112,756) (S 663,756,755) (D 0,0,0)
 0 1 58 167809 3361  12 (D 0,0,0) (S 447,626,215) (S 111,207,208) (S 445,208,419) (S 248,419,403) (S 240,403,401) (S 238,401,398) (S 235,398,206) (S 236,205,399) (S 237,399,400) (S 241,400,404) (D 0,0,0)
 0 1 59 166836 5595  22 (D 0,0,0) (S 112,208,210) (S 460,632,631) (S 457,631,221) (S 464,2,634) (S 474,634,489) (S 470,496,640) (S 471,640,641) (S 473,642,638) (S 472,638,639) (S 467,638,637) (S 466,636,635) (S 468,635,4) (S 306,4,496) (S 297,489,487) (S 307,488,38) (S 295,38,486) (S 475,634,222) (S 476,222,416) (S 451,628,214) (S 114,214,215) (D 0,0,0)
 0 1 60 166349 4367  16 (D 0,0,0) (S 446,215,208) (S 462,632,220) (S 117,220,221) (S 458,221,217) (S 465,218,2) (S 1,3,4) (S 305,4,495) (S 308,495,498) (S 463,498,315) (S 175,315,316) (S 116,218,217) (S 115,217,216) (S 461,216,633) (S 459,216,631) (D 0,0,0)
 0 1 61 167165 4675  17 (D 0,0,0) (S 449,211,627) (S 443,627,457) (S 484,414,228) (S 67,131,132) (S 296,132,488) (S 303,132,229) (S 121,229,230) (S 122,230,231) (S 320,515,7) (S 11,6,29) (S 2,9,10) (S 489,10,5) (S 488,5,40) (S 16,40,39) (S 120,38,228) (D 0,0,0)
