438152
61
3607593
3315656
 0 1 1 46970 1004  8 (D 0,0,0) (S 285,464,465) (S 284,463,464) (S 286,466,467) (S 283,461,462) (S 418,605,603) (S 417,603,604) (D 0,0,0)
 0 1 2 158486 4400  21 (D 0,0,0) (S 439,626,625) (S 451,214,628) (S 453,628,209) (S 279,209,457) (S 440,457,417) (S 476,416,222) (S 464,634,2) (S 465,2,218) (S 116,218,217) (S 115,217,216) (S 461,216,633) (S 459,216,631) (S 445,419,208) (S 112,208,210) (S 114,215,214) (S 454,214,630) (S 450,629,630) (S 455,630,625) (S 438,625,212) (D 0,0,0)
 0 1 3 161324 5725  25 (D 0,0,0) (S 108,201,202) (S 498,656,480) (S 497,485,235) (S 124,235,234) (S 125,234,236) (S 513,236,654) (S 519,654,612) (S 520,666,243) (S 129,243,244) (S 515,243,667) (S 518,667,669) (S 516,668,669) (S 531,669,673) (S 527,672,671) (S 534,671,675) (S 533,676,675) (S 532,675,673) (S 530,674,673) (S 529,673,672) (S 528,672,667) (S 514,666,612) (S 496,617,655) (S 495,655,235) (D 0,0,0)
 0 1 4 163923 6890  17 (D 0,0,0) (S 294,485,484) (S 517,484,236) (S 493,654,138) (S 671,178,760) (S 668,351,758) (S 669,758,759) (S 670,758,754) (S 662,754,353) (S 203,353,352) (S 202,352,351) (S 672,753,356) (S 204,356,355) (S 673,355,761) (S 674,355,751) (S 655,751,752) (D 0,0,0)
 0 1 5 166824 5212  11 (D 0,0,0) (S 6,18,19) (S 483,516,224) (S 541,517,652) (S 490,650,651) (S 491,652,492) (S 302,492,232) (S 123,232,233) (S 304,232,493) (S 479,232,646) (D 0,0,0)
 0 1 6 139182 1840  9 (D 0,0,0) (S 452,607,622) (S 436,622,213) (S 434,213,620) (S 442,620,609) (S 441,609,577) (S 379,195,575) (S 378,575,576) (D 0,0,0)
 0 1 7 165491 6541  13 (D 0,0,0) (S 538,677,678) (S 130,246,245) (S 20,49,50) (S 143,266,184) (S 201,350,184) (S 98,184,183) (S 656,183,752) (S 661,752,357) (S 205,357,358) (S 657,357,514) (S 319,513,514) (D 0,0,0)
 0 1 8 166960 5407  13 (D 0,0,0) (S 322,474,87) (S 135,253,254) (S 540,253,128) (S 66,128,130) (S 134,252,129) (S 300,251,130) (S 299,130,490) (S 298,490,86) (S 539,490,643) (S 494,412,653) (S 509,653,483) (D 0,0,0)
 0 1 9 167591 3775  14 (D 0,0,0) (S 500,658,657) (S 506,657,664) (S 478,413,646) (S 477,646,647) (S 481,647,648) (S 480,648,649) (S 482,647,405) (S 244,410,411) (S 245,413,414) (S 443,457,627) (S 444,627,621) (S 435,621,212) (D 0,0,0)
 0 1 10 166993 3361  12 (D 0,0,0) (S 111,207,208) (S 241,400,404) (S 237,400,399) (S 236,399,205) (S 235,206,398) (S 238,398,401) (S 240,401,403) (S 248,403,419) (S 446,208,215) (S 447,215,626) (D 0,0,0)
 0 1 11 162781 4061  15 (D 0,0,0) (S 448,211,628) (S 456,209,415) (S 246,415,223) (S 118,223,222) (S 475,222,634) (S 474,634,489) (S 297,489,487) (S 295,486,38) (S 307,38,488) (S 296,488,132) (S 487,494,645) (S 485,645,131) (S 486,133,228) (D 0,0,0)
 0 1 12 162861 5430  15 (D 0,0,0) (S 243,402,407) (S 242,407,247) (S 131,247,50) (S 193,46,344) (S 301,45,491) (S 469,491,407) (S 525,408,238) (S 526,238,239) (S 127,239,240) (S 521,239,241) (S 128,241,242) (S 523,241,670) (S 522,670,615) (D 0,0,0)
 0 1 13 167579 8997  31 (D 0,0,0) (S 289,134,483) (S 287,476,477) (S 350,551,552) (S 281,459,126) (S 604,124,724) (S 607,724,727) (S 609,727,326) (S 600,723,698) (S 570,698,699) (S 573,699,704) (S 572,702,703) (S 575,702,700) (S 571,700,701) (S 577,700,705) (S 580,705,709) (S 581,709,710) (S 605,714,725) (S 182,326,325) (S 327,525,526) (S 557,260,691) (S 367,563,562) (S 564,562,314) (S 563,314,312) (S 173,312,311) (S 351,313,520) (S 326,520,519) (S 324,519,309) (S 172,309,310) (S 508,479,663) (D 0,0,0)
 0 1 14 130994 3639  13 (D 0,0,0) (S 8,23,21) (S 7,21,22) (S 9,21,24) (S 391,24,585) (S 401,585,592) (S 399,592,586) (S 402,586,187) (S 100,187,188) (S 403,187,191) (S 409,594,190) (S 410,190,142) (D 0,0,0)
 0 1 15 166416 4714  17 (D 0,0,0) (S 113,212,211) (S 449,211,627) (S 484,414,228) (S 120,228,38) (S 16,39,40) (S 488,40,5) (S 489,5,10) (S 2,10,9) (S 11,6,29) (S 320,515,7) (S 122,231,230) (S 121,230,229) (S 303,229,132) (S 67,132,131) (S 499,414,657) (D 0,0,0)
 0 1 16 146356 5238  20 (D 0,0,0) (S 460,632,631) (S 457,631,221) (S 1,3,4) (S 306,4,496) (S 470,496,640) (S 471,640,641) (S 473,642,638) (S 472,638,639) (S 467,638,637) (S 466,636,635) (S 468,635,4) (S 305,4,495) (S 308,495,498) (S 463,498,315) (S 175,315,316) (S 458,217,221) (S 117,221,220) (S 462,220,632) (D 0,0,0)
 0 1 17 146869 2791  10 (D 0,0,0) (S 105,196,194) (S 104,194,193) (S 415,193,601) (S 416,193,574) (S 106,197,198) (S 420,198,608) (S 419,198,607) (S 422,606,610) (D 0,0,0)
 0 1 18 166088 6396  17 (D 0,0,0) (S 362,559,557) (S 380,557,523) (S 398,572,591) (S 432,591,115) (S 58,115,114) (S 57,114,113) (S 675,589,762) (S 678,762,360) (S 680,763,359) (S 681,764,359) (S 206,359,360) (S 677,360,763) (S 679,763,595) (S 406,595,572) (S 10,25,26) (D 0,0,0)
 0 1 19 167573 4382  19 (D 0,0,0) (S 292,28,200) (S 107,200,199) (S 429,612,615) (S 424,614,409) (S 133,250,248) (S 132,248,249) (S 318,248,512) (S 247,418,226) (S 119,226,227) (S 505,406,663) (S 507,663,662) (S 510,662,661) (S 504,661,137) (S 502,137,659) (S 501,659,660) (S 437,623,624) (S 421,607,606) (D 0,0,0)
 0 1 20 160889 6196  21 (D 0,0,0) (S 392,24,586) (S 103,191,192) (S 404,191,594) (S 400,593,594) (S 408,594,186) (S 99,186,185) (S 383,581,578) (S 382,578,579) (S 413,580,176) (S 94,175,176) (S 412,599,176) (S 411,597,598) (S 414,597,600) (S 388,581,189) (S 390,141,189) (S 101,189,190) (S 102,190,140) (S 70,140,139) (S 360,139,557) (D 0,0,0)
 0 1 21 167239 8616  19 (D 0,0,0) (S 381,23,573) (S 377,573,560) (S 387,583,584) (S 187,336,335) (S 42,85,84) (S 47,84,99) (S 46,98,99) (S 645,102,746) (S 712,97,746) (S 649,746,748) (S 648,747,528) (S 311,503,504) (S 310,503,502) (S 713,502,778) (S 716,778,779) (S 717,779,289) (S 339,287,506) (D 0,0,0)
 0 1 22 167801 9345  12 (D 0,0,0) (S 316,37,509) (S 728,172,783) (S 727,783,278) (S 747,268,801) (S 752,801,787) (S 732,786,787) (S 734,787,272) (S 171,272,307) (S 730,421,783) (S 15,37,36) (D 0,0,0)
 0 1 23 167874 7812  14 (D 0,0,0) (S 663,755,756) (S 666,354,757) (S 703,267,774) (S 721,774,780) (S 720,774,776) (S 52,106,107) (S 54,107,109) (S 709,775,776) (S 710,776,106) (S 51,106,104) (S 160,118,267) (S 144,267,264) (D 0,0,0)
 0 1 24 167332 6772  12 (D 0,0,0) (S 200,349,181) (S 142,265,264) (S 199,264,116) (S 59,117,118) (S 162,118,108) (S 53,108,104) (S 50,104,105) (S 155,108,283) (S 196,348,347) (S 195,347,180) (D 0,0,0)
 0 1 25 167840 8897  10 (D 0,0,0) (S 96,183,182) (S 315,303,454) (S 776,508,445) (S 267,445,446) (S 775,445,293) (S 632,291,504) (S 631,504,732) (S 638,532,338) (D 0,0,0)
 0 1 26 167685 8697  18 (D 0,0,0) (S 642,339,744) (S 617,732,730) (S 628,730,743) (S 624,739,285) (S 153,285,284) (S 157,284,281) (S 268,280,447) (S 156,280,291) (S 158,291,293) (S 328,293,527) (S 330,527,502) (S 715,779,777) (S 48,101,102) (S 345,544,506) (S 313,506,347) (S 197,180,182) (D 0,0,0)
 0 1 27 167393 8559  15 (D 0,0,0) (S 97,179,177) (S 95,177,181) (S 273,75,451) (S 271,451,449) (S 718,292,778) (S 719,778,747) (S 329,528,529) (S 309,499,501) (S 647,529,97) (S 646,100,341) (S 341,544,541) (S 340,542,543) (S 344,545,547) (D 0,0,0)
 0 1 28 167925 7234  11 (D 0,0,0) (S 659,751,753) (S 660,349,147) (S 667,757,147) (S 73,147,146) (S 80,146,162) (S 109,162,203) (S 211,203,369) (S 110,203,204) (S 665,353,755) (D 0,0,0)
 0 1 29 167531 8459  12 (D 0,0,0) (S 68,134,138) (S 492,138,653) (S 23,57,58) (S 621,58,736) (S 622,737,738) (S 620,737,736) (S 623,736,733) (S 374,52,569) (S 590,569,712) (S 589,712,718) (D 0,0,0)
 0 1 30 167386 9423  10 (D 0,0,0) (S 223,308,306) (S 773,306,444) (S 266,444,270) (S 252,271,423) (S 759,423,300) (S 771,809,274) (S 770,274,442) (S 393,587,169) (D 0,0,0)
 0 1 31 166878 6602  10 (D 0,0,0) (S 26,53,62) (S 652,749,750) (S 654,750,343) (S 653,343,547) (S 643,545,335) (S 636,336,547) (S 192,343,54) (S 29,63,62) (D 0,0,0)
 0 1 32 167596 10202  15 (D 0,0,0) (S 36,72,74) (S 37,76,70) (S 91,171,169) (S 394,588,164) (S 81,164,163) (S 83,163,166) (S 82,166,165) (S 768,165,440) (S 769,440,424) (S 261,440,275) (S 263,442,163) (S 85,164,168) (S 86,168,169) (D 0,0,0)
 0 1 33 167467 8519  13 (D 0,0,0) (S 234,111,397) (S 696,377,773) (S 79,158,159) (S 77,159,145) (S 78,160,152) (S 251,153,422) (S 45,95,96) (S 75,149,157) (S 693,155,771) (S 694,771,392) (S 228,390,394) (D 0,0,0)
 0 1 34 167045 9383  12 (D 0,0,0) (S 231,372,367) (S 212,370,154) (S 74,66,148) (S 255,67,428) (S 741,68,428) (S 740,428,799) (S 764,799,427) (S 765,427,808) (S 763,808,150) (S 225,384,78) (D 0,0,0)
 0 1 35 167735 8691  15 (D 0,0,0) (S 683,389,79) (S 682,79,765) (S 685,765,766) (S 684,766,470) (S 312,469,468) (S 227,393,387) (S 224,387,388) (S 39,78,79) (S 689,765,368) (S 210,368,367) (S 214,372,152) (S 215,160,373) (S 232,92,365) (D 0,0,0)
 0 1 36 166405 7497  11 (D 0,0,0) (S 209,366,365) (S 43,90,91) (S 88,145,36) (S 705,36,381) (S 704,382,378) (S 220,379,380) (S 706,379,109) (S 707,109,775) (S 708,775,146) (D 0,0,0)
 0 1 37 166168 7351  13 (D 0,0,0) (S 363,560,559) (S 221,159,381) (S 702,381,382) (S 219,378,144) (S 72,144,143) (S 76,143,158) (S 698,158,773) (S 699,773,204) (S 700,204,112) (S 701,112,756) (S 664,755,94) (D 0,0,0)
 0 1 38 166562 7435  14 (D 0,0,0) (S 230,396,363) (S 233,363,374) (S 687,373,767) (S 688,768,769) (S 686,768,767) (S 691,767,770) (S 690,368,770) (S 692,770,395) (S 229,395,373) (S 208,363,364) (S 396,364,589) (S 397,113,345) (D 0,0,0)
 0 1 39 167924 8871  10 (D 0,0,0) (S 216,374,159) (S 262,152,441) (S 725,441,781) (S 723,781,782) (S 726,441,279) (S 151,279,161) (S 213,151,371) (S 314,92,507) (D 0,0,0)
 0 1 40 167673 9569  13 (D 0,0,0) (S 695,771,772) (S 762,149,807) (S 761,807,802) (S 736,795,790) (S 743,429,798) (S 748,798,433) (S 744,433,795) (S 746,802,803) (S 749,803,800) (S 745,800,801) (S 753,801,156) (D 0,0,0)
 0 1 41 165156 10323  13 (D 0,0,0) (S 254,65,427) (S 742,799,429) (S 256,429,430) (S 257,431,432) (S 739,431,785) (S 731,784,785) (S 258,435,436) (S 737,796,437) (S 760,797,375) (S 754,788,803) (S 751,800,157) (D 0,0,0)
 0 1 42 167101 10453  14 (D 0,0,0) (S 757,273,805) (S 758,806,805) (S 756,805,804) (S 217,375,296) (S 3,13,12) (S 260,12,439) (S 738,12,797) (S 259,437,438) (S 755,796,425) (S 735,794,793) (S 733,788,786) (S 750,786,800) (D 0,0,0)
 0 1 43 167190 10129  15 (D 0,0,0) (S 164,297,298) (S 150,277,274) (S 146,274,275) (S 147,275,166) (S 84,165,167) (S 253,167,424) (S 766,424,809) (S 767,809,301) (S 166,301,277) (S 149,270,273) (S 145,269,268) (S 152,278,279) (S 724,420,37) (D 0,0,0)
 0 1 44 167599 9297  14 (D 0,0,0) (S 168,303,302) (S 276,304,455) (S 167,171,82) (S 41,82,83) (S 165,82,297) (S 163,297,277) (S 148,277,276) (S 264,276,443) (S 92,170,173) (S 93,173,80) (S 89,172,37) (S 222,382,383) (D 0,0,0)
 0 1 45 167578 8999  31 (D 0,0,0) (S 290,484,134) (S 358,551,317) (S 176,317,318) (S 64,126,123) (S 63,125,123) (S 62,123,124) (S 331,124,530) (S 574,530,698) (S 602,698,719) (S 592,719,720) (S 594,720,699) (S 593,704,721) (S 599,721,716) (S 582,711,705) (S 576,705,706) (S 612,706,722) (S 596,722,568) (S 375,568,570) (S 578,570,706) (S 611,706,715) (S 587,715,714) (S 606,725,726) (S 610,725,723) (S 608,723,326) (S 61,122,123) (S 65,126,127) (S 566,127,318) (S 567,318,564) (S 293,485,200) (D 0,0,0)
 0 1 46 166736 9342  13 (D 0,0,0) (S 627,48,742) (S 629,742,730) (S 615,730,731) (S 626,740,741) (S 625,731,739) (S 650,739,713) (S 586,713,286) (S 154,286,174) (S 630,281,743) (S 651,743,739) (S 585,713,707) (D 0,0,0)
 0 1 47 163798 7659  14 (D 0,0,0) (S 354,554,459) (S 352,459,505) (S 180,323,324) (S 181,324,322) (S 584,712,57) (S 28,57,44) (S 18,43,44) (S 19,44,48) (S 24,48,59) (S 30,59,61) (S 25,61,60) (S 31,60,55) (D 0,0,0)
 0 1 48 167800 9979  14 (D 0,0,0) (S 425,615,614) (S 27,58,52) (S 372,566,510) (S 317,510,47) (S 17,41,42) (S 22,42,56) (S 280,458,42) (S 21,47,52) (S 177,319,320) (S 371,319,568) (S 598,722,717) (S 353,551,522) (D 0,0,0)
 0 1 49 167974 9165  16 (D 0,0,0) (S 355,317,554) (S 595,720,721) (S 588,716,322) (S 179,322,321) (S 282,460,321) (S 178,321,319) (S 373,52,327) (S 183,327,328) (S 619,734,735) (S 618,735,728) (S 613,728,511) (S 616,728,707) (S 579,707,708) (S 583,708,57) (D 0,0,0)
 0 1 50 167628 6751  15 (D 0,0,0) (S 323,88,119) (S 569,696,697) (S 568,697,53) (S 543,679,680) (S 544,679,64) (S 337,55,539) (S 338,540,539) (S 348,539,549) (S 60,121,120) (S 542,120,258) (S 137,258,257) (S 346,257,255) (S 349,255,478) (D 0,0,0)
 0 1 51 167416 7757  13 (D 0,0,0) (S 343,333,547) (S 637,336,744) (S 188,338,337) (S 644,337,531) (S 614,500,729) (S 633,729,330) (S 634,330,332) (S 184,330,329) (S 185,331,332) (S 635,332,59) (S 335,61,538) (D 0,0,0)
 0 1 52 165939 7220  10 (D 0,0,0) (S 641,60,745) (S 189,339,340) (S 332,340,533) (S 640,533,745) (S 639,745,546) (S 186,333,334) (S 342,333,546) (S 191,51,342) (D 0,0,0)
 0 1 53 165896 8370  11 (D 0,0,0) (S 190,341,294) (S 49,103,101) (S 714,101,777) (S 711,777,295) (S 159,295,289) (S 272,450,449) (S 269,449,448) (S 270,448,76) (S 34,73,72) (D 0,0,0)
 0 1 54 161981 7331  17 (D 0,0,0) (S 368,553,564) (S 370,564,565) (S 550,565,691) (S 552,691,536) (S 333,530,535) (S 597,535,719) (S 601,719,324) (S 603,324,718) (S 591,718,538) (S 336,538,323) (S 365,323,556) (S 556,556,550) (S 347,548,257) (S 136,255,256) (S 325,256,476) (D 0,0,0)
 0 1 55 165885 7048  11 (D 0,0,0) (S 676,762,397) (S 207,361,362) (S 697,396,377) (S 218,377,110) (S 56,112,110) (S 55,110,111) (S 226,111,94) (S 44,93,94) (S 405,94,595) (D 0,0,0)
 0 1 56 166277 6238  15 (D 0,0,0) (S 361,27,558) (S 364,558,524) (S 376,523,572) (S 407,572,596) (S 5,16,17) (S 430,618,619) (S 4,14,15) (S 431,15,619) (S 433,619,115) (S 194,346,345) (S 395,590,591) (S 389,523,141) (S 71,141,142) (D 0,0,0)
 0 1 57 166094 7654  22 (D 0,0,0) (S 359,521,556) (S 554,554,127) (S 553,127,691) (S 334,534,537) (S 555,534,260) (S 139,260,30) (S 140,261,30) (S 12,30,31) (S 13,31,32) (S 565,695,312) (S 174,314,313) (S 357,313,311) (S 356,311,263) (S 562,561,262) (S 559,262,518) (S 321,497,516) (S 288,479,135) (S 291,135,482) (S 512,482,660) (S 511,660,658) (D 0,0,0)
 0 1 58 166908 5252  15 (D 0,0,0) (S 423,611,612) (S 524,614,670) (S 126,238,237) (S 239,237,402) (S 658,514,49) (S 386,49,582) (S 384,582,245) (S 385,245,584) (S 536,584,246) (S 535,246,677) (S 537,677,611) (S 428,613,617) (S 426,199,616) (D 0,0,0)
 0 1 59 166708 7690  18 (D 0,0,0) (S 503,659,136) (S 69,136,135) (S 369,555,562) (S 546,563,684) (S 138,32,259) (S 545,259,683) (S 551,685,692) (S 547,685,35) (S 14,33,34) (S 548,686,687) (S 549,688,690) (S 558,682,693) (S 560,693,695) (S 561,695,561) (S 366,561,263) (S 141,263,262) (D 0,0,0)
 0 1 60 167588 7860  12 (D 0,0,0) (S 198,348,283) (S 778,287,456) (S 277,77,456) (S 780,456,69) (S 779,69,811) (S 777,810,811) (S 32,69,70) (S 35,75,74) (S 33,72,71) (S 161,287,282) (D 0,0,0)
 0 1 61 167414 9702  19 (D 0,0,0) (S 249,160,420) (S 722,420,781) (S 90,172,80) (S 40,80,81) (S 170,173,308) (S 250,308,421) (S 729,421,307) (S 169,307,306) (S 772,444,443) (S 265,443,170) (S 87,170,171) (S 774,171,455) (S 275,453,452) (S 274,452,302) (S 38,69,77) (S 278,77,288) (S 427,617,199) (D 0,0,0)
