441372
61
1807593
1677300
 0 1 1 167311 2666  10 (D 0,0,0) (S 378,576,575) (S 452,607,622) (S 436,622,213) (S 434,213,620) (S 442,620,609) (S 420,198,608) (S 419,198,607) (S 422,606,610) (D 0,0,0)
 0 1 2 164741 3481  13 (D 0,0,0) (S 421,606,607) (S 240,403,401) (S 238,401,398) (S 235,398,206) (S 236,205,399) (S 237,399,400) (S 241,400,404) (S 248,403,419) (S 111,208,207) (S 448,628,211) (S 113,211,212) (D 0,0,0)
 0 1 3 160405 3483  13 (D 0,0,0) (S 435,212,621) (S 444,621,627) (S 443,627,457) (S 440,457,417) (S 245,414,413) (S 244,411,410) (S 482,405,647) (S 477,647,646) (S 478,646,413) (S 506,664,657) (S 441,609,577) (D 0,0,0)
 0 1 4 75709 1770  6 (D 0,0,0) (S 105,196,194) (S 104,194,193) (S 415,193,601) (S 416,193,574) (D 0,0,0)
 0 1 5 161929 6176  23 (D 0,0,0) (S 7,21,22) (S 392,24,586) (S 402,586,187) (S 100,187,188) (S 408,594,186) (S 99,186,185) (S 383,581,578) (S 382,578,579) (S 414,597,600) (S 411,597,598) (S 413,580,176) (S 94,175,176) (S 412,599,176) (S 388,581,189) (S 390,141,189) (S 101,189,190) (S 410,190,142) (S 364,524,558) (S 361,558,27) (S 10,25,26) (S 379,195,575) (D 0,0,0)
 0 1 6 46970 1004  8 (D 0,0,0) (S 284,463,464) (S 285,464,465) (S 286,466,467) (S 283,461,462) (S 418,605,603) (S 417,603,604) (D 0,0,0)
 0 1 7 162959 4093  19 (D 0,0,0) (S 439,626,625) (S 455,625,630) (S 450,629,630) (S 454,630,214) (S 451,214,628) (S 453,628,209) (S 456,209,415) (S 118,222,223) (S 457,631,221) (S 458,221,217) (S 115,217,216) (S 461,216,633) (S 459,216,631) (S 460,631,632) (S 445,419,208) (S 446,208,215) (S 447,215,626) (D 0,0,0)
 0 1 8 159665 5428  22 (D 0,0,0) (S 112,208,210) (S 117,220,221) (S 116,217,218) (S 465,218,2) (S 1,3,4) (S 306,4,496) (S 470,496,640) (S 471,640,641) (S 473,642,638) (S 472,638,639) (S 467,638,637) (S 466,636,635) (S 468,635,4) (S 305,4,495) (S 308,495,498) (S 463,498,315) (S 175,315,316) (S 462,220,632) (S 246,223,415) (S 114,214,215) (D 0,0,0)
 0 1 9 165057 4313  18 (D 0,0,0) (S 449,211,627) (S 486,228,133) (S 485,131,645) (S 487,645,494) (S 121,229,230) (S 303,229,132) (S 296,132,488) (S 307,488,38) (S 295,38,486) (S 297,487,489) (S 474,489,634) (S 464,2,634) (S 475,634,222) (S 476,222,416) (S 279,457,209) (S 438,625,212) (D 0,0,0)
 0 1 10 167867 4747  15 (D 0,0,0) (S 484,414,228) (S 67,131,132) (S 122,230,231) (S 320,515,7) (S 11,6,29) (S 2,9,10) (S 489,10,5) (S 488,5,40) (S 16,40,39) (S 120,38,228) (S 499,414,657) (S 500,657,658) (S 106,198,197) (D 0,0,0)
 0 1 11 164599 3950  17 (D 0,0,0) (S 8,23,21) (S 9,21,24) (S 391,24,585) (S 401,585,592) (S 399,592,586) (S 403,187,191) (S 103,191,192) (S 404,191,594) (S 400,593,594) (S 409,594,190) (S 102,190,140) (S 70,140,139) (S 360,139,557) (S 362,557,559) (S 377,560,573) (D 0,0,0)
 0 1 12 167757 6227  16 (D 0,0,0) (S 363,560,559) (S 407,572,596) (S 5,16,17) (S 430,618,619) (S 431,619,15) (S 4,14,15) (S 433,619,115) (S 58,115,114) (S 194,346,345) (S 395,590,591) (S 376,572,523) (S 389,523,141) (S 71,141,142) (S 381,573,23) (D 0,0,0)
 0 1 13 164997 4205  15 (D 0,0,0) (S 292,28,200) (S 429,612,615) (S 424,614,409) (S 6,18,19) (S 483,516,224) (S 480,648,649) (S 481,648,647) (S 119,227,226) (S 507,663,662) (S 510,662,661) (S 504,661,137) (S 502,137,659) (S 511,660,658) (D 0,0,0)
 0 1 14 163251 8238  28 (D 0,0,0) (S 437,624,623) (S 512,660,482) (S 291,482,135) (S 559,518,262) (S 562,262,561) (S 366,561,263) (S 356,263,311) (S 357,311,313) (S 351,520,313) (S 174,313,314) (S 564,314,562) (S 367,562,563) (S 546,563,684) (S 13,32,31) (S 12,31,30) (S 140,261,30) (S 139,30,260) (S 557,260,691) (S 553,691,127) (S 554,127,554) (S 556,556,550) (S 347,548,257) (S 346,257,255) (S 136,255,256) (S 325,256,476) (S 172,309,310) (D 0,0,0)
 0 1 15 167828 8029  17 (D 0,0,0) (S 517,484,236) (S 513,236,654) (S 493,654,138) (S 239,237,402) (S 189,339,340) (S 185,331,332) (S 634,330,332) (S 635,332,59) (S 24,59,48) (S 19,48,44) (S 589,712,718) (S 591,718,538) (S 352,505,459) (S 355,554,317) (S 350,551,552) (D 0,0,0)
 0 1 16 167967 5280  17 (D 0,0,0) (S 501,660,659) (S 503,659,136) (S 69,136,135) (S 288,135,479) (S 508,479,663) (S 505,663,406) (S 247,226,418) (S 321,516,497) (S 541,517,652) (S 490,650,651) (S 491,652,492) (S 302,492,232) (S 304,232,493) (S 123,232,233) (S 479,232,646) (D 0,0,0)
 0 1 17 162151 4939  12 (D 0,0,0) (S 293,200,485) (S 294,485,484) (S 509,483,653) (S 494,653,412) (S 539,643,490) (S 299,490,130) (S 66,130,128) (S 540,128,253) (S 135,253,254) (S 322,87,474) (D 0,0,0)
 0 1 18 161630 5725  25 (D 0,0,0) (S 108,201,202) (S 498,656,480) (S 497,485,235) (S 495,235,655) (S 496,655,617) (S 423,611,612) (S 514,612,666) (S 528,667,672) (S 529,672,673) (S 532,673,675) (S 533,676,675) (S 534,675,671) (S 527,671,672) (S 530,674,673) (S 531,673,669) (S 516,668,669) (S 518,669,667) (S 515,667,243) (S 129,243,244) (S 520,243,666) (S 519,612,654) (S 125,236,234) (S 124,234,235) (D 0,0,0)
 0 1 19 166718 5648  17 (D 0,0,0) (S 428,617,613) (S 524,614,670) (S 523,670,241) (S 128,241,242) (S 521,241,239) (S 127,239,240) (S 526,239,238) (S 525,238,408) (S 133,250,248) (S 318,248,512) (S 132,248,249) (S 469,407,491) (S 301,491,45) (S 126,237,238) (S 522,670,615) (D 0,0,0)
 0 1 20 167274 9295  15 (D 0,0,0) (S 425,615,614) (S 47,99,84) (S 712,97,746) (S 649,746,748) (S 719,747,778) (S 632,504,291) (S 268,280,447) (S 157,281,284) (S 586,286,713) (S 650,713,739) (S 625,739,731) (S 626,740,741) (S 615,731,730) (D 0,0,0)
 0 1 21 164377 6284  11 (D 0,0,0) (S 107,200,199) (S 342,546,333) (S 186,333,334) (S 343,333,547) (S 653,547,343) (S 654,343,750) (S 652,750,749) (S 29,63,62) (S 193,46,344) (D 0,0,0)
 0 1 22 167964 6968  16 (D 0,0,0) (S 380,557,523) (S 387,583,584) (S 385,584,245) (S 319,513,514) (S 657,514,357) (S 205,357,358) (S 661,357,752) (S 674,751,355) (S 673,355,761) (S 204,355,356) (S 672,356,753) (S 659,753,751) (S 658,514,49) (S 536,584,246) (D 0,0,0)
 0 1 23 166602 4895  15 (D 0,0,0) (S 427,199,617) (S 537,611,677) (S 538,677,678) (S 535,677,246) (S 130,246,245) (S 384,245,582) (S 386,582,49) (S 131,50,247) (S 242,247,407) (S 243,407,402) (S 492,653,138) (S 68,138,134) (S 290,134,484) (D 0,0,0)
 0 1 24 167477 7052  17 (D 0,0,0) (S 289,134,483) (S 298,86,490) (S 300,130,251) (S 134,252,129) (S 191,51,342) (S 26,53,62) (S 543,679,680) (S 544,679,64) (S 337,55,539) (S 338,540,539) (S 348,539,549) (S 60,121,120) (S 542,120,258) (S 137,258,257) (S 349,255,478) (D 0,0,0)
 0 1 25 166774 8834  28 (D 0,0,0) (S 359,521,556) (S 354,554,459) (S 281,459,126) (S 64,126,123) (S 600,698,723) (S 605,725,714) (S 587,714,715) (S 611,715,706) (S 578,706,570) (S 375,570,568) (S 596,568,722) (S 598,722,717) (S 582,711,705) (S 580,705,709) (S 581,709,710) (S 577,705,700) (S 572,702,703) (S 593,704,721) (S 594,720,699) (S 570,699,698) (S 574,698,530) (S 331,530,124) (S 566,127,318) (S 176,318,317) (S 358,317,551) (S 353,551,522) (D 0,0,0)
 0 1 26 165682 8383  12 (D 0,0,0) (S 335,538,61) (S 30,61,59) (S 28,44,57) (S 23,57,58) (S 620,736,737) (S 622,737,738) (S 618,735,728) (S 613,728,511) (S 616,728,707) (S 579,707,708) (D 0,0,0)
 0 1 27 166431 7913  17 (D 0,0,0) (S 31,55,60) (S 641,60,745) (S 642,339,744) (S 638,338,532) (S 184,329,330) (S 633,330,729) (S 614,729,500) (S 309,499,501) (S 647,529,97) (S 42,84,85) (S 187,335,336) (S 192,343,54) (S 568,53,697) (S 569,697,696) (S 323,119,88) (D 0,0,0)
 0 1 28 167288 10064  15 (D 0,0,0) (S 287,476,477) (S 179,322,321) (S 282,460,321) (S 590,712,569) (S 374,569,52) (S 21,52,47) (S 17,41,42) (S 280,458,42) (S 22,42,56) (S 317,47,510) (S 372,510,566) (S 619,734,735) (S 336,538,323) (D 0,0,0)
 0 1 29 166540 8772  14 (D 0,0,0) (S 18,43,44) (S 27,58,52) (S 373,52,327) (S 183,327,328) (S 623,733,736) (S 621,736,58) (S 584,57,712) (S 588,322,716) (S 599,716,721) (S 595,721,720) (S 592,720,719) (S 601,719,324) (D 0,0,0)
 0 1 30 167864 8904  12 (D 0,0,0) (S 365,556,323) (S 603,324,718) (S 583,57,708) (S 585,707,713) (S 154,286,174) (S 153,285,284) (S 630,281,743) (S 629,730,742) (S 627,742,48) (S 25,61,60) (D 0,0,0)
 0 1 31 163752 8505  17 (D 0,0,0) (S 370,564,565) (S 552,691,536) (S 333,530,535) (S 597,535,719) (S 602,719,698) (S 573,699,704) (S 575,702,700) (S 571,700,701) (S 576,705,706) (S 612,706,722) (S 371,568,319) (S 177,319,320) (S 178,319,321) (S 181,322,324) (S 180,324,323) (D 0,0,0)
 0 1 32 167011 7937  22 (D 0,0,0) (S 368,553,564) (S 567,564,318) (S 65,127,126) (S 63,125,123) (S 61,122,123) (S 62,123,124) (S 604,124,724) (S 607,724,727) (S 609,727,326) (S 606,725,726) (S 610,725,723) (S 608,723,326) (S 182,326,325) (S 327,525,526) (S 334,534,537) (S 555,534,260) (S 550,691,565) (S 369,562,555) (S 326,520,519) (S 324,519,309) (D 0,0,0)
 0 1 33 167593 7622  16 (D 0,0,0) (S 141,262,263) (S 173,311,312) (S 563,314,312) (S 565,312,695) (S 138,32,259) (S 545,259,683) (S 549,688,690) (S 548,687,686) (S 551,685,692) (S 547,685,35) (S 14,33,34) (S 558,682,693) (S 560,693,695) (S 561,695,561) (D 0,0,0)
 0 1 34 167601 10314  15 (D 0,0,0) (S 426,199,616) (S 171,307,272) (S 166,277,301) (S 766,809,424) (S 769,424,440) (S 261,440,275) (S 146,275,274) (S 263,442,163) (S 85,164,168) (S 86,168,169) (S 275,453,452) (S 274,452,302) (S 38,69,77) (D 0,0,0)
 0 1 35 165960 8766  14 (D 0,0,0) (S 49,103,101) (S 716,779,778) (S 713,778,502) (S 330,502,527) (S 328,527,293) (S 775,293,445) (S 267,445,446) (S 776,445,508) (S 315,454,303) (S 32,70,69) (S 277,456,77) (S 278,77,288) (D 0,0,0)
 0 1 36 166243 7935  9 (D 0,0,0) (S 270,76,448) (S 269,448,449) (S 272,449,450) (S 271,449,451) (S 273,451,75) (S 35,75,74) (S 656,183,752) (D 0,0,0)
 0 1 37 166224 9257  18 (D 0,0,0) (S 344,547,545) (S 340,542,543) (S 341,541,544) (S 645,102,746) (S 648,747,528) (S 310,502,503) (S 311,503,504) (S 631,504,732) (S 617,732,730) (S 628,730,743) (S 651,743,739) (S 624,739,285) (S 156,280,291) (S 158,291,293) (S 717,289,779) (S 715,779,777) (D 0,0,0)
 0 1 38 164310 7460  10 (D 0,0,0) (S 639,546,745) (S 640,745,533) (S 332,533,340) (S 329,528,529) (S 644,531,337) (S 188,337,338) (S 637,744,336) (S 636,336,547) (D 0,0,0)
 0 1 39 167129 8154  11 (D 0,0,0) (S 345,506,544) (S 646,341,100) (S 711,777,295) (S 159,295,289) (S 718,292,778) (S 714,777,101) (S 48,101,102) (S 46,98,99) (S 643,335,545) (D 0,0,0)
 0 1 40 167357 10339  15 (D 0,0,0) (S 91,171,169) (S 393,169,587) (S 394,588,164) (S 81,164,163) (S 83,163,166) (S 147,275,166) (S 82,166,165) (S 768,165,440) (S 84,165,167) (S 253,167,424) (S 770,274,442) (S 87,171,170) (S 90,80,172) (D 0,0,0)
 0 1 41 167145 9551  12 (D 0,0,0) (S 223,308,306) (S 266,444,270) (S 252,271,423) (S 767,301,809) (S 771,809,274) (S 150,274,277) (S 41,82,83) (S 167,82,171) (S 774,171,455) (S 276,455,304) (D 0,0,0)
 0 1 42 166102 7788  10 (D 0,0,0) (S 675,589,762) (S 230,396,363) (S 692,395,770) (S 690,770,368) (S 210,368,367) (S 215,373,160) (S 77,145,159) (S 216,159,374) (D 0,0,0)
 0 1 43 167370 9248  11 (D 0,0,0) (S 165,82,297) (S 164,297,298) (S 163,297,277) (S 148,277,276) (S 264,276,443) (S 772,443,444) (S 773,444,306) (S 169,306,307) (S 730,421,783) (D 0,0,0)
 0 1 44 167911 10466  14 (D 0,0,0) (S 722,420,781) (S 726,441,279) (S 145,268,269) (S 757,273,805) (S 756,805,804) (S 760,375,797) (S 738,797,12) (S 3,12,13) (S 260,12,439) (S 217,375,296) (S 759,300,423) (S 758,806,805) (D 0,0,0)
 0 1 45 167646 10402  15 (D 0,0,0) (S 254,65,427) (S 257,431,432) (S 739,431,785) (S 731,784,785) (S 258,435,436) (S 259,437,438) (S 737,437,796) (S 755,796,425) (S 735,794,793) (S 736,790,795) (S 745,800,801) (S 152,278,279) (S 723,781,782) (D 0,0,0)
 0 1 46 167718 9447  13 (D 0,0,0) (S 78,160,152) (S 751,157,800) (S 749,800,803) (S 746,803,802) (S 744,795,433) (S 748,433,798) (S 743,798,429) (S 256,429,430) (S 742,429,799) (S 255,428,67) (S 693,155,771) (D 0,0,0)
 0 1 47 166701 9196  11 (D 0,0,0) (S 694,392,771) (S 695,771,772) (S 75,157,149) (S 762,149,807) (S 761,807,802) (S 754,803,788) (S 733,788,786) (S 750,786,800) (S 753,801,156) (D 0,0,0)
 0 1 48 166695 8224  8 (D 0,0,0) (S 213,371,151) (S 251,153,422) (S 151,161,279) (S 725,781,441) (S 262,441,152) (S 214,152,372) (D 0,0,0)
 0 1 49 165991 8394  20 (D 0,0,0) (S 209,366,365) (S 687,373,767) (S 688,768,769) (S 686,768,767) (S 691,767,770) (S 689,368,765) (S 39,79,78) (S 225,78,384) (S 227,393,387) (S 224,387,388) (S 312,468,469) (S 684,470,766) (S 685,766,765) (S 682,765,79) (S 683,79,389) (S 231,367,372) (S 229,395,373) (S 396,364,589) (D 0,0,0)
 0 1 50 167996 9314  11 (D 0,0,0) (S 228,394,390) (S 45,95,96) (S 74,66,148) (S 741,68,428) (S 740,428,799) (S 764,799,427) (S 765,427,808) (S 763,808,150) (S 212,154,370) (D 0,0,0)
 0 1 51 167621 7685  15 (D 0,0,0) (S 44,93,94) (S 56,110,112) (S 698,773,158) (S 76,158,143) (S 72,143,144) (S 219,144,378) (S 704,378,382) (S 702,381,382) (S 222,382,383) (S 220,379,380) (S 707,109,775) (S 144,267,264) (S 97,177,179) (D 0,0,0)
 0 1 52 167623 7116  11 (D 0,0,0) (S 95,177,181) (S 53,108,104) (S 710,106,776) (S 720,776,774) (S 721,774,780) (S 703,774,267) (S 666,757,354) (S 663,756,755) (S 664,755,94) (D 0,0,0)
 0 1 53 167570 7294  12 (D 0,0,0) (S 665,755,353) (S 662,353,754) (S 667,757,147) (S 709,775,776) (S 708,775,146) (S 73,146,147) (S 660,147,349) (S 655,751,752) (S 98,183,184) (S 201,350,184) (D 0,0,0)
 0 1 54 163756 8053  14 (D 0,0,0) (S 200,349,181) (S 161,282,287) (S 778,287,456) (S 780,456,69) (S 779,69,811) (S 777,810,811) (S 37,70,76) (S 36,74,72) (S 34,73,72) (S 33,72,71) (S 190,294,341) (S 313,506,347) (D 0,0,0)
 0 1 55 167975 7866  14 (D 0,0,0) (S 160,267,118) (S 50,104,105) (S 51,104,106) (S 52,106,107) (S 54,107,109) (S 706,109,379) (S 109,162,203) (S 80,162,146) (S 670,754,758) (S 669,758,759) (S 668,758,351) (S 671,760,178) (D 0,0,0)
 0 1 56 167568 6530  14 (D 0,0,0) (S 142,265,264) (S 199,264,116) (S 59,117,118) (S 162,118,108) (S 155,108,283) (S 198,283,348) (S 196,348,347) (S 195,347,180) (S 197,180,182) (S 96,182,183) (S 143,184,266) (S 20,50,49) (D 0,0,0)
 0 1 57 167614 7313  12 (D 0,0,0) (S 55,111,110) (S 218,110,377) (S 696,377,773) (S 699,773,204) (S 211,203,369) (S 110,203,204) (S 700,204,112) (S 701,112,756) (S 203,353,352) (S 202,352,351) (D 0,0,0)
 0 1 58 167454 9439  14 (D 0,0,0) (S 15,36,37) (S 728,172,783) (S 727,783,278) (S 747,268,801) (S 752,801,787) (S 732,786,787) (S 734,787,272) (S 149,273,270) (S 265,443,170) (S 92,170,173) (S 168,302,303) (S 339,287,506) (D 0,0,0)
 0 1 59 166091 7330  15 (D 0,0,0) (S 406,572,595) (S 405,595,94) (S 226,94,111) (S 234,111,397) (S 207,361,362) (S 676,397,762) (S 680,763,359) (S 681,764,359) (S 206,359,360) (S 678,360,762) (S 57,113,114) (S 432,115,591) (S 398,591,572) (D 0,0,0)
 0 1 60 167379 8448  11 (D 0,0,0) (S 232,365,92) (S 314,92,507) (S 249,160,420) (S 724,420,37) (S 88,36,145) (S 43,91,90) (S 233,374,363) (S 208,363,364) (S 397,113,345) (D 0,0,0)
 0 1 61 167385 9213  15 (D 0,0,0) (S 679,595,763) (S 677,763,360) (S 697,396,377) (S 79,158,159) (S 221,159,381) (S 705,381,36) (S 316,37,509) (S 89,37,172) (S 40,80,81) (S 93,80,173) (S 250,308,421) (S 729,421,307) (S 170,308,173) (D 0,0,0)
