442570
61
1807574
1716631
 0 1 1 147433 1800  9 (D 0,0,0) (S 378,576,575) (S 452,607,622) (S 436,622,213) (S 434,213,620) (S 442,620,609) (S 419,198,607) (S 421,607,606) (D 0,0,0)
 0 1 2 166553 4530  15 (D 0,0,0) (S 106,197,198) (S 420,198,608) (S 500,658,657) (S 506,657,664) (S 244,411,410) (S 482,405,647) (S 477,647,646) (S 479,646,232) (S 123,232,233) (S 304,232,493) (S 487,494,645) (S 485,645,131) (S 499,414,657) (D 0,0,0)
 0 1 3 166795 5001  14 (D 0,0,0) (S 437,624,623) (S 511,658,660) (S 501,660,659) (S 503,659,136) (S 69,136,135) (S 321,516,497) (S 322,474,87) (S 135,253,254) (S 540,253,128) (S 66,128,130) (S 299,130,490) (S 539,490,643) (D 0,0,0)
 0 1 4 151022 4418  15 (D 0,0,0) (S 429,612,615) (S 424,614,409) (S 133,250,248) (S 318,248,512) (S 132,248,249) (S 247,418,226) (S 119,226,227) (S 505,406,663) (S 507,663,662) (S 510,662,661) (S 504,661,137) (S 502,137,659) (S 441,609,577) (D 0,0,0)
 0 1 5 164937 5228  18 (D 0,0,0) (S 292,28,200) (S 427,199,617) (S 428,617,613) (S 130,246,245) (S 384,245,582) (S 386,582,49) (S 469,491,407) (S 243,407,402) (S 126,237,238) (S 127,239,240) (S 521,239,241) (S 128,241,242) (S 523,241,670) (S 522,670,615) (S 423,612,611) (S 379,195,575) (D 0,0,0)
 0 1 6 46970 1004  8 (D 0,0,0) (S 284,463,464) (S 285,464,465) (S 286,466,467) (S 283,461,462) (S 417,603,604) (S 418,605,603) (D 0,0,0)
 0 1 7 166952 3484  11 (D 0,0,0) (S 447,626,215) (S 446,215,208) (S 111,208,207) (S 456,209,415) (S 246,415,223) (S 118,223,222) (S 476,222,416) (S 440,417,457) (S 422,606,610) (D 0,0,0)
 0 1 8 163261 4101  17 (D 0,0,0) (S 113,212,211) (S 486,228,133) (S 67,131,132) (S 296,132,488) (S 307,488,38) (S 295,38,486) (S 297,487,489) (S 474,489,634) (S 465,2,218) (S 116,218,217) (S 458,217,221) (S 457,221,631) (S 460,631,632) (S 445,419,208) (S 112,208,210) (D 0,0,0)
 0 1 9 164789 3966  15 (D 0,0,0) (S 439,626,625) (S 455,625,630) (S 114,214,215) (S 462,632,220) (S 117,220,221) (S 461,216,633) (S 241,400,404) (S 237,400,399) (S 236,399,205) (S 235,206,398) (S 238,398,401) (S 240,401,403) (S 248,403,419) (D 0,0,0)
 0 1 10 166595 4852  18 (D 0,0,0) (S 448,211,628) (S 453,628,209) (S 279,209,457) (S 120,228,38) (S 16,39,40) (S 488,40,5) (S 489,5,10) (S 2,10,9) (S 11,6,29) (S 320,515,7) (S 122,231,230) (S 121,230,229) (S 303,229,132) (S 484,228,414) (S 443,457,627) (S 449,627,211) (D 0,0,0)
 0 1 11 167972 8077  20 (D 0,0,0) (S 512,660,482) (S 562,262,561) (S 560,695,693) (S 558,693,682) (S 548,686,687) (S 549,688,690) (S 547,685,35) (S 14,33,34) (S 551,685,692) (S 545,683,259) (S 138,259,32) (S 546,684,563) (S 367,563,562) (S 564,562,314) (S 369,562,555) (S 324,519,309) (S 172,309,310) (S 508,479,663) (D 0,0,0)
 0 1 12 166748 6966  20 (D 0,0,0) (S 291,482,135) (S 288,135,479) (S 559,518,262) (S 141,262,263) (S 356,263,311) (S 173,311,312) (S 563,312,314) (S 174,314,313) (S 357,313,311) (S 366,263,561) (S 561,561,695) (S 565,695,312) (S 351,313,520) (S 326,520,519) (S 541,517,652) (S 490,650,651) (S 491,652,492) (S 302,492,232) (D 0,0,0)
 0 1 13 152565 4015  15 (D 0,0,0) (S 517,484,236) (S 513,236,654) (S 493,654,138) (S 492,138,653) (S 494,653,412) (S 6,18,19) (S 483,516,224) (S 480,648,649) (S 481,648,647) (S 478,646,413) (S 245,413,414) (S 444,627,621) (S 435,621,212) (D 0,0,0)
 0 1 14 163797 6028  24 (D 0,0,0) (S 107,200,199) (S 426,199,616) (S 520,666,243) (S 528,667,672) (S 530,674,673) (S 532,673,675) (S 533,676,675) (S 534,675,671) (S 527,671,672) (S 529,672,673) (S 531,673,669) (S 516,668,669) (S 518,669,667) (S 515,667,243) (S 129,243,244) (S 514,666,612) (S 519,612,654) (S 125,236,234) (S 124,234,235) (S 497,235,485) (S 498,480,656) (S 108,202,201) (D 0,0,0)
 0 1 15 160559 5097  19 (D 0,0,0) (S 7,21,22) (S 9,21,24) (S 392,24,586) (S 402,586,187) (S 100,187,188) (S 403,187,191) (S 103,191,192) (S 404,191,594) (S 400,593,594) (S 101,190,189) (S 390,189,141) (S 389,141,523) (S 387,583,584) (S 536,584,246) (S 535,246,677) (S 538,677,678) (S 537,677,611) (D 0,0,0)
 0 1 16 161380 6062  24 (D 0,0,0) (S 10,25,26) (S 361,27,558) (S 364,558,524) (S 70,139,140) (S 102,140,190) (S 410,142,190) (S 409,190,594) (S 408,594,186) (S 99,186,185) (S 414,597,600) (S 411,597,598) (S 412,599,176) (S 94,175,176) (S 413,176,580) (S 382,578,579) (S 383,578,581) (S 388,581,189) (S 71,141,142) (S 360,139,557) (S 362,557,559) (S 377,560,573) (S 381,573,23) (D 0,0,0)
 0 1 17 166665 2717  10 (D 0,0,0) (S 399,586,592) (S 401,592,585) (S 391,585,24) (S 8,21,23) (S 416,574,193) (S 415,193,601) (S 104,193,194) (S 105,194,196) (D 0,0,0)
 0 1 18 159123 5609  23 (D 0,0,0) (S 438,212,625) (S 450,629,630) (S 454,630,214) (S 451,214,628) (S 475,222,634) (S 464,634,2) (S 1,3,4) (S 468,4,635) (S 466,635,636) (S 467,637,638) (S 472,638,639) (S 473,638,642) (S 471,641,640) (S 470,640,496) (S 306,496,4) (S 305,4,495) (S 308,495,498) (S 463,498,315) (S 175,315,316) (S 115,217,216) (S 459,216,631) (D 0,0,0)
 0 1 19 167437 10053  14 (D 0,0,0) (S 294,485,484) (S 590,712,569) (S 21,52,47) (S 17,41,42) (S 22,42,56) (S 280,458,42) (S 317,47,510) (S 372,510,566) (S 183,327,328) (S 374,52,569) (S 177,319,320) (S 179,321,322) (D 0,0,0)
 0 1 20 166472 8650  12 (D 0,0,0) (S 589,718,712) (S 584,712,57) (S 583,57,708) (S 579,708,707) (S 585,707,713) (S 650,713,739) (S 625,739,731) (S 617,730,732) (S 189,340,339) (S 641,745,60) (D 0,0,0)
 0 1 21 165886 7899  18 (D 0,0,0) (S 336,323,538) (S 591,538,718) (S 603,718,324) (S 601,324,719) (S 602,719,698) (S 594,699,720) (S 595,720,721) (S 599,721,716) (S 588,716,322) (S 181,322,324) (S 180,324,323) (S 365,323,556) (S 556,556,550) (S 347,548,257) (S 136,255,256) (S 325,256,476) (D 0,0,0)
 0 1 22 167628 6751  15 (D 0,0,0) (S 349,478,255) (S 346,255,257) (S 137,257,258) (S 542,258,120) (S 60,120,121) (S 348,549,539) (S 338,540,539) (S 337,539,55) (S 544,64,679) (S 543,679,680) (S 568,53,697) (S 569,697,696) (S 323,119,88) (D 0,0,0)
 0 1 23 167843 8824  22 (D 0,0,0) (S 567,564,318) (S 64,126,123) (S 333,530,535) (S 597,535,719) (S 593,721,704) (S 575,702,700) (S 571,700,701) (S 577,700,705) (S 582,705,711) (S 598,717,722) (S 375,568,570) (S 371,568,319) (S 178,319,321) (S 282,460,321) (S 592,720,719) (S 574,698,530) (S 281,126,459) (S 355,554,317) (S 358,317,551) (S 353,551,522) (D 0,0,0)
 0 1 24 167821 9502  28 (D 0,0,0) (S 176,317,318) (S 566,318,127) (S 65,127,126) (S 607,724,727) (S 609,727,326) (S 608,326,723) (S 600,723,698) (S 570,698,699) (S 573,699,704) (S 572,702,703) (S 580,705,709) (S 581,709,710) (S 576,705,706) (S 578,706,570) (S 596,568,722) (S 612,722,706) (S 611,706,715) (S 587,715,714) (S 605,714,725) (S 606,725,726) (S 610,725,723) (S 182,326,325) (S 139,260,30) (S 140,261,30) (S 12,30,31) (S 13,31,32) (D 0,0,0)
 0 1 25 167765 8788  14 (D 0,0,0) (S 24,59,48) (S 627,48,742) (S 629,742,730) (S 615,730,731) (S 626,740,741) (S 616,707,728) (S 613,728,511) (S 618,728,735) (S 619,735,734) (S 373,327,52) (S 27,52,58) (S 23,58,57) (D 0,0,0)
 0 1 26 165249 8549  14 (D 0,0,0) (S 184,329,330) (S 631,732,504) (S 632,504,291) (S 268,280,447) (S 156,280,291) (S 158,291,293) (S 328,293,527) (S 330,527,502) (S 329,528,529) (S 647,529,97) (S 188,337,338) (S 642,744,339) (D 0,0,0)
 0 1 27 167343 8672  13 (D 0,0,0) (S 509,483,653) (S 191,51,342) (S 31,55,60) (S 19,48,44) (S 18,43,44) (S 28,44,57) (S 623,736,733) (S 622,738,737) (S 620,737,736) (S 621,736,58) (S 25,61,60) (D 0,0,0)
 0 1 28 148812 7661  18 (D 0,0,0) (S 368,553,564) (S 370,564,565) (S 550,565,691) (S 552,691,536) (S 604,124,724) (S 63,125,123) (S 61,122,123) (S 62,123,124) (S 331,530,124) (S 327,525,526) (S 334,534,537) (S 555,534,260) (S 557,260,691) (S 553,691,127) (S 554,127,554) (S 359,556,521) (D 0,0,0)
 0 1 29 167463 8113  16 (D 0,0,0) (S 363,560,559) (S 679,595,763) (S 680,763,359) (S 681,764,359) (S 206,359,360) (S 230,396,363) (S 233,363,374) (S 43,90,91) (S 724,420,37) (S 88,36,145) (S 77,145,159) (S 216,159,374) (S 226,111,94) (S 44,93,94) (D 0,0,0)
 0 1 30 167540 7643  13 (D 0,0,0) (S 59,117,118) (S 53,108,104) (S 50,104,105) (S 51,104,106) (S 710,106,776) (S 709,776,775) (S 54,109,107) (S 52,107,106) (S 720,776,774) (S 703,774,267) (S 200,181,349) (D 0,0,0)
 0 1 31 167964 7213  13 (D 0,0,0) (S 195,180,347) (S 646,341,100) (S 46,98,99) (S 47,99,84) (S 42,84,85) (S 187,335,336) (S 636,336,547) (S 343,547,333) (S 342,333,546) (S 20,50,49) (S 385,245,584) (D 0,0,0)
 0 1 32 158928 7043  15 (D 0,0,0) (S 242,407,247) (S 668,351,758) (S 669,758,759) (S 670,758,754) (S 662,754,353) (S 666,354,757) (S 667,757,147) (S 160,267,118) (S 162,118,108) (S 199,116,264) (S 142,264,265) (S 95,181,177) (S 97,177,179) (D 0,0,0)
 0 1 33 166688 8245  10 (D 0,0,0) (S 201,350,184) (S 96,183,182) (S 270,76,448) (S 269,448,449) (S 272,449,450) (S 271,449,451) (S 273,451,75) (S 34,73,72) (D 0,0,0)
 0 1 34 166563 9141  15 (D 0,0,0) (S 161,282,287) (S 278,288,77) (S 38,77,69) (S 276,304,455) (S 774,455,171) (S 91,171,169) (S 86,169,168) (S 394,164,588) (S 393,587,169) (S 275,453,452) (S 274,452,302) (S 168,302,303) (S 277,456,77) (D 0,0,0)
 0 1 35 166631 8739  11 (D 0,0,0) (S 649,746,748) (S 719,747,778) (S 718,778,292) (S 775,293,445) (S 267,445,446) (S 776,445,508) (S 315,454,303) (S 780,69,456) (S 339,287,506) (D 0,0,0)
 0 1 36 165712 9223  16 (D 0,0,0) (S 712,97,746) (S 311,503,504) (S 630,281,743) (S 651,743,739) (S 586,713,286) (S 154,286,174) (S 153,285,284) (S 157,281,284) (S 624,285,739) (S 628,743,730) (S 638,532,338) (S 637,744,336) (S 68,138,134) (S 290,134,484) (D 0,0,0)
 0 1 37 165880 7407  13 (D 0,0,0) (S 293,200,485) (S 495,235,655) (S 496,655,617) (S 192,54,343) (S 344,547,545) (S 643,545,335) (S 644,337,531) (S 614,500,729) (S 633,729,330) (S 634,330,332) (S 635,332,59) (D 0,0,0)
 0 1 38 166491 6302  10 (D 0,0,0) (S 239,237,402) (S 193,46,344) (S 186,333,334) (S 653,547,343) (S 654,343,750) (S 652,750,749) (S 26,62,53) (S 131,50,247) (D 0,0,0)
 0 1 39 165399 8780  9 (D 0,0,0) (S 155,108,283) (S 250,308,421) (S 729,421,307) (S 730,421,783) (S 152,278,279) (S 262,441,152) (S 215,160,373) (D 0,0,0)
 0 1 40 167478 9084  21 (D 0,0,0) (S 197,182,180) (S 313,347,506) (S 345,506,544) (S 190,341,294) (S 49,103,101) (S 711,777,295) (S 159,295,289) (S 717,289,779) (S 716,779,778) (S 713,778,502) (S 310,502,503) (S 309,499,501) (S 648,528,747) (S 715,779,777) (S 714,777,101) (S 48,101,102) (S 645,102,746) (S 341,544,541) (S 340,542,543) (D 0,0,0)
 0 1 41 160457 7203  14 (D 0,0,0) (S 29,62,63) (S 639,546,745) (S 640,745,533) (S 332,533,340) (S 185,331,332) (S 30,59,61) (S 335,61,538) (S 352,505,459) (S 354,459,554) (S 350,551,552) (S 287,477,476) (S 289,483,134) (D 0,0,0)
 0 1 42 159173 6799  13 (D 0,0,0) (S 658,49,514) (S 655,752,751) (S 659,751,753) (S 672,753,356) (S 204,356,355) (S 673,355,761) (S 674,355,751) (S 671,178,760) (S 202,351,352) (S 203,352,353) (S 665,353,755) (D 0,0,0)
 0 1 43 165883 7145  11 (D 0,0,0) (S 661,357,752) (S 660,349,147) (S 73,147,146) (S 109,162,203) (S 211,203,369) (S 110,203,204) (S 699,773,204) (S 700,204,112) (S 664,755,94) (D 0,0,0)
 0 1 44 164955 6383  15 (D 0,0,0) (S 380,557,523) (S 376,523,572) (S 398,572,591) (S 395,591,590) (S 675,589,762) (S 676,762,397) (S 234,397,111) (S 55,111,110) (S 56,110,112) (S 701,112,756) (S 663,756,755) (S 405,94,595) (S 406,595,572) (D 0,0,0)
 0 1 45 167674 9163  12 (D 0,0,0) (S 425,615,614) (S 705,381,36) (S 316,37,509) (S 728,172,783) (S 727,783,278) (S 145,268,269) (S 734,272,787) (S 752,787,801) (S 753,801,156) (S 694,771,392) (D 0,0,0)
 0 1 46 163666 6656  12 (D 0,0,0) (S 298,86,490) (S 300,130,251) (S 134,252,129) (S 301,491,45) (S 143,266,184) (S 98,184,183) (S 656,183,752) (S 205,357,358) (S 657,357,514) (S 319,513,514) (D 0,0,0)
 0 1 47 165115 7015  13 (D 0,0,0) (S 524,614,670) (S 526,239,238) (S 525,238,408) (S 144,264,267) (S 708,775,146) (S 80,146,162) (S 72,144,143) (S 76,143,158) (S 698,158,773) (S 696,773,377) (S 218,377,110) (D 0,0,0)
 0 1 48 167900 6447  13 (D 0,0,0) (S 432,591,115) (S 194,346,345) (S 397,345,113) (S 57,113,114) (S 58,114,115) (S 433,115,619) (S 4,14,15) (S 431,15,619) (S 430,619,618) (S 5,16,17) (S 407,596,572) (D 0,0,0)
 0 1 49 167848 8485  14 (D 0,0,0) (S 208,364,363) (S 213,371,151) (S 224,387,388) (S 227,393,387) (S 312,468,469) (S 684,470,766) (S 685,766,765) (S 682,765,79) (S 689,765,368) (S 210,368,367) (S 229,395,373) (S 396,364,589) (D 0,0,0)
 0 1 50 165182 8227  11 (D 0,0,0) (S 209,366,365) (S 232,365,92) (S 314,92,507) (S 692,395,770) (S 690,368,770) (S 691,770,767) (S 688,768,769) (S 686,768,767) (S 687,767,373) (D 0,0,0)
 0 1 51 163715 10783  14 (D 0,0,0) (S 254,65,427) (S 257,431,432) (S 737,796,437) (S 259,437,438) (S 760,797,375) (S 217,375,296) (S 3,13,12) (S 260,12,439) (S 738,12,797) (S 755,796,425) (S 735,794,793) (S 736,790,795) (D 0,0,0)
 0 1 52 167709 10000  14 (D 0,0,0) (S 747,268,801) (S 745,801,800) (S 746,803,802) (S 744,795,433) (S 748,433,798) (S 739,431,785) (S 258,435,436) (S 731,784,785) (S 743,798,429) (S 256,429,430) (S 742,429,799) (S 764,799,427) (D 0,0,0)
 0 1 53 166916 9218  12 (D 0,0,0) (S 212,370,154) (S 751,157,800) (S 749,800,803) (S 754,803,788) (S 733,788,786) (S 732,786,787) (S 750,786,800) (S 761,802,807) (S 762,807,149) (S 75,149,157) (D 0,0,0)
 0 1 54 167425 8967  16 (D 0,0,0) (S 214,372,152) (S 78,152,160) (S 249,160,420) (S 722,420,781) (S 723,781,782) (S 725,781,441) (S 726,441,279) (S 151,279,161) (S 251,153,422) (S 695,771,772) (S 225,384,78) (S 39,78,79) (S 683,79,389) (S 231,367,372) (D 0,0,0)
 0 1 55 166739 9558  11 (D 0,0,0) (S 228,394,390) (S 693,771,155) (S 74,66,148) (S 255,67,428) (S 741,68,428) (S 740,428,799) (S 765,427,808) (S 763,808,150) (S 45,95,96) (D 0,0,0)
 0 1 56 162063 7666  12 (D 0,0,0) (S 778,287,456) (S 779,69,811) (S 777,810,811) (S 32,69,70) (S 37,70,76) (S 35,75,74) (S 36,74,72) (S 33,72,71) (S 198,283,348) (S 196,348,347) (D 0,0,0)
 0 1 57 167416 9748  13 (D 0,0,0) (S 170,173,308) (S 223,308,306) (S 773,306,444) (S 772,444,443) (S 146,274,275) (S 261,275,440) (S 768,440,165) (S 82,165,166) (S 83,166,163) (S 81,163,164) (S 85,164,168) (D 0,0,0)
 0 1 58 166993 10544  14 (D 0,0,0) (S 87,170,171) (S 770,442,274) (S 771,274,809) (S 769,424,440) (S 84,165,167) (S 253,167,424) (S 766,424,809) (S 767,809,301) (S 166,301,277) (S 759,300,423) (S 756,804,805) (S 149,273,270) (D 0,0,0)
 0 1 59 167420 9468  15 (D 0,0,0) (S 266,444,270) (S 252,271,423) (S 758,806,805) (S 757,805,273) (S 171,272,307) (S 169,307,306) (S 93,173,80) (S 40,80,81) (S 90,80,172) (S 89,172,37) (S 15,37,36) (S 704,382,378) (S 219,378,144) (D 0,0,0)
 0 1 60 167043 7983  14 (D 0,0,0) (S 721,774,780) (S 707,775,109) (S 706,109,379) (S 220,379,380) (S 222,382,383) (S 702,382,381) (S 221,381,159) (S 79,159,158) (S 697,377,396) (S 207,361,362) (S 678,762,360) (S 677,360,763) (D 0,0,0)
 0 1 61 165874 9875  14 (D 0,0,0) (S 167,171,82) (S 41,82,83) (S 165,82,297) (S 164,297,298) (S 163,297,277) (S 147,275,166) (S 263,163,442) (S 150,274,277) (S 148,277,276) (S 264,276,443) (S 265,443,170) (S 92,170,173) (D 0,0,0)
