439556
60
1807615
1552671
 0 1 1 147205 3045  14 (D 0,0,0) (S 379,575,195) (S 106,197,198) (S 420,198,608) (S 419,198,607) (S 421,607,606) (S 422,606,610) (S 418,605,603) (S 417,603,604) (S 285,464,465) (S 284,463,464) (S 286,466,467) (S 283,461,462) (D 0,0,0)
 0 1 2 165683 4140  20 (D 0,0,0) (S 441,577,609) (S 437,624,623) (S 511,658,660) (S 512,660,482) (S 291,482,135) (S 508,479,663) (S 247,226,418) (S 6,18,19) (S 483,516,224) (S 480,648,649) (S 481,648,647) (S 119,227,226) (S 505,406,663) (S 507,663,662) (S 510,662,661) (S 504,661,137) (S 502,137,659) (S 501,659,660) (D 0,0,0)
 0 1 3 153198 3451  13 (D 0,0,0) (S 435,212,621) (S 444,621,627) (S 443,627,457) (S 245,414,413) (S 244,411,410) (S 482,405,647) (S 477,647,646) (S 478,646,413) (S 506,664,657) (S 500,657,658) (S 434,620,213) (D 0,0,0)
 0 1 4 164118 3244  18 (D 0,0,0) (S 113,212,211) (S 448,211,628) (S 279,209,457) (S 440,457,417) (S 476,416,222) (S 118,222,223) (S 246,223,415) (S 456,415,209) (S 453,209,628) (S 451,628,214) (S 454,214,630) (S 450,629,630) (S 455,630,625) (S 438,625,212) (S 436,213,622) (S 452,622,607) (D 0,0,0)
 0 1 5 154088 3987  15 (D 0,0,0) (S 446,215,208) (S 112,208,210) (S 461,216,633) (S 241,400,404) (S 237,400,399) (S 236,399,205) (S 235,206,398) (S 238,398,401) (S 240,401,403) (S 248,403,419) (S 111,207,208) (S 114,215,214) (S 439,625,626) (D 0,0,0)
 0 1 6 161725 4955  17 (D 0,0,0) (S 449,211,627) (S 67,131,132) (S 303,132,229) (S 121,229,230) (S 122,230,231) (S 320,515,7) (S 11,6,29) (S 2,9,10) (S 489,10,5) (S 488,5,40) (S 16,40,39) (S 296,132,488) (S 307,488,38) (S 297,487,489) (S 475,634,222) (D 0,0,0)
 0 1 7 165856 4016  12 (D 0,0,0) (S 484,414,228) (S 120,228,38) (S 295,38,486) (S 474,489,634) (S 464,634,2) (S 465,2,218) (S 116,218,217) (S 115,217,216) (S 459,216,631) (S 460,631,632) (D 0,0,0)
 0 1 8 165069 5238  21 (D 0,0,0) (S 462,632,220) (S 117,220,221) (S 1,3,4) (S 468,4,635) (S 466,635,636) (S 467,637,638) (S 472,638,639) (S 473,638,642) (S 471,641,640) (S 470,640,496) (S 306,496,4) (S 305,4,495) (S 308,495,498) (S 463,498,315) (S 175,315,316) (S 458,217,221) (S 457,221,631) (S 445,419,208) (S 447,215,626) (D 0,0,0)
 0 1 9 158415 5824  21 (D 0,0,0) (S 108,201,202) (S 498,656,480) (S 294,485,484) (S 517,484,236) (S 519,654,612) (S 514,612,666) (S 520,666,243) (S 129,243,244) (S 515,243,667) (S 518,667,669) (S 516,668,669) (S 531,669,673) (S 533,676,675) (S 527,671,672) (S 529,672,673) (S 530,674,673) (S 532,673,675) (S 534,675,671) (S 528,672,667) (D 0,0,0)
 0 1 10 166652 5691  17 (D 0,0,0) (S 522,615,670) (S 521,241,239) (S 127,239,240) (S 526,239,238) (S 469,407,491) (S 301,491,45) (S 20,50,49) (S 243,407,402) (S 133,250,248) (S 318,248,512) (S 132,248,249) (S 494,412,653) (S 509,653,483) (S 68,134,138) (S 493,138,654) (D 0,0,0)
 0 1 11 164352 6485  14 (D 0,0,0) (S 143,266,184) (S 201,350,184) (S 98,184,183) (S 195,180,347) (S 196,347,348) (S 199,116,264) (S 142,264,265) (S 95,181,177) (S 97,177,179) (S 96,182,183) (S 656,183,752) (S 242,247,407) (D 0,0,0)
 0 1 12 167337 6142  14 (D 0,0,0) (S 525,238,408) (S 239,237,402) (S 131,247,50) (S 193,46,344) (S 191,51,342) (S 26,53,62) (S 543,679,680) (S 568,53,697) (S 569,697,696) (S 323,119,88) (S 442,620,609) (S 378,575,576) (D 0,0,0)
 0 1 13 164391 7066  14 (D 0,0,0) (S 377,573,560) (S 226,94,111) (S 230,396,363) (S 216,374,159) (S 77,159,145) (S 43,91,90) (S 208,363,364) (S 395,590,591) (S 398,591,572) (S 380,523,557) (S 363,559,560) (S 381,573,23) (D 0,0,0)
 0 1 14 165397 6323  24 (D 0,0,0) (S 7,21,22) (S 9,21,24) (S 392,24,586) (S 402,586,187) (S 100,187,188) (S 403,187,191) (S 103,191,192) (S 404,191,594) (S 400,593,594) (S 408,594,186) (S 99,186,185) (S 414,597,600) (S 411,597,598) (S 412,599,176) (S 94,175,176) (S 413,176,580) (S 382,578,579) (S 383,578,581) (S 388,581,189) (S 390,141,189) (S 101,189,190) (S 362,557,559) (D 0,0,0)
 0 1 15 164903 4875  20 (D 0,0,0) (S 10,25,26) (S 361,27,558) (S 364,558,524) (S 360,557,139) (S 70,139,140) (S 102,140,190) (S 409,190,594) (S 410,190,142) (S 71,142,141) (S 389,141,523) (S 387,583,584) (S 536,584,246) (S 535,246,677) (S 538,677,678) (S 537,677,611) (S 496,617,655) (S 495,655,235) (S 292,200,28) (D 0,0,0)
 0 1 16 166501 6391  17 (D 0,0,0) (S 427,199,617) (S 429,612,615) (S 524,614,670) (S 523,670,241) (S 128,241,242) (S 126,238,237) (S 668,351,758) (S 669,758,759) (S 670,758,754) (S 662,754,353) (S 665,353,755) (S 664,755,94) (S 405,94,595) (S 406,595,572) (S 376,572,523) (D 0,0,0)
 0 1 17 164495 6111  10 (D 0,0,0) (S 385,584,245) (S 384,245,582) (S 658,49,514) (S 205,357,358) (S 657,357,514) (S 319,513,514) (S 386,49,582) (S 130,245,246) (D 0,0,0)
 0 1 18 167214 6970  24 (D 0,0,0) (S 424,614,409) (S 298,490,86) (S 325,476,256) (S 136,256,255) (S 347,257,548) (S 60,121,120) (S 542,120,258) (S 137,258,257) (S 346,257,255) (S 349,255,478) (S 369,555,562) (S 564,562,314) (S 563,314,312) (S 174,314,313) (S 357,313,311) (S 356,311,263) (S 366,263,561) (S 562,561,262) (S 559,262,518) (S 288,479,135) (S 69,135,136) (S 503,136,659) (D 0,0,0)
 0 1 19 166955 5481  11 (D 0,0,0) (S 492,138,653) (S 539,643,490) (S 299,490,130) (S 300,130,251) (S 134,252,129) (S 66,130,128) (S 540,128,253) (S 135,253,254) (S 479,232,646) (D 0,0,0)
 0 1 20 156898 5078  13 (D 0,0,0) (S 321,516,497) (S 541,517,652) (S 490,650,651) (S 491,652,492) (S 302,492,232) (S 123,232,233) (S 304,232,493) (S 487,494,645) (S 485,645,131) (S 486,133,228) (S 499,414,657) (D 0,0,0)
 0 1 21 166665 2717  10 (D 0,0,0) (S 399,586,592) (S 401,592,585) (S 391,585,24) (S 8,21,23) (S 416,574,193) (S 415,193,601) (S 104,193,194) (S 105,194,196) (D 0,0,0)
 0 1 22 167986 7135  13 (D 0,0,0) (S 426,199,616) (S 652,749,750) (S 654,750,343) (S 653,343,547) (S 186,333,334) (S 342,333,546) (S 337,55,539) (S 338,540,539) (S 348,539,549) (S 556,550,556) (S 322,87,474) (D 0,0,0)
 0 1 23 167244 8416  23 (D 0,0,0) (S 176,318,317) (S 355,317,554) (S 354,554,459) (S 352,459,505) (S 180,323,324) (S 601,324,719) (S 592,719,720) (S 595,720,721) (S 599,721,716) (S 598,717,722) (S 612,722,706) (S 611,706,715) (S 587,715,714) (S 605,714,725) (S 606,725,726) (S 610,725,723) (S 607,727,724) (S 604,724,124) (S 61,122,123) (S 281,126,459) (S 289,483,134) (D 0,0,0)
 0 1 24 167449 8544  21 (D 0,0,0) (S 290,484,134) (S 368,553,564) (S 370,564,565) (S 550,565,691) (S 557,691,260) (S 555,260,534) (S 334,534,537) (S 327,525,526) (S 182,325,326) (S 609,326,727) (S 139,260,30) (S 140,261,30) (S 12,30,31) (S 13,31,32) (S 546,684,563) (S 367,563,562) (S 326,520,519) (S 324,519,309) (S 172,309,310) (D 0,0,0)
 0 1 25 165706 7164  17 (D 0,0,0) (S 287,476,477) (S 353,522,551) (S 350,551,552) (S 358,551,317) (S 554,554,127) (S 553,127,691) (S 552,691,536) (S 331,124,530) (S 333,530,535) (S 597,535,719) (S 603,324,718) (S 591,718,538) (S 336,538,323) (S 365,323,556) (S 359,556,521) (D 0,0,0)
 0 1 26 167835 7633  16 (D 0,0,0) (S 141,262,263) (S 561,561,695) (S 558,693,682) (S 14,33,34) (S 547,35,685) (S 551,685,692) (S 548,686,687) (S 549,688,690) (S 545,683,259) (S 138,259,32) (S 560,693,695) (S 565,695,312) (S 173,312,311) (S 351,313,520) (D 0,0,0)
 0 1 27 163959 8889  12 (D 0,0,0) (S 425,615,614) (S 187,336,335) (S 647,97,529) (S 311,503,504) (S 632,504,291) (S 158,291,293) (S 775,293,445) (S 267,445,446) (S 776,445,508) (S 315,454,303) (D 0,0,0)
 0 1 28 166000 7066  11 (D 0,0,0) (S 544,679,64) (S 192,54,343) (S 637,336,744) (S 642,744,339) (S 189,339,340) (S 332,340,533) (S 640,533,745) (S 639,745,546) (S 29,63,62) (D 0,0,0)
 0 1 29 167325 7713  14 (D 0,0,0) (S 343,333,547) (S 344,547,545) (S 340,542,543) (S 341,541,544) (S 646,341,100) (S 48,102,101) (S 714,101,777) (S 645,746,102) (S 46,98,99) (S 47,99,84) (S 42,84,85) (S 643,335,545) (D 0,0,0)
 0 1 30 165631 7943  13 (D 0,0,0) (S 428,617,613) (S 636,547,336) (S 188,338,337) (S 644,337,531) (S 309,499,501) (S 329,529,528) (S 310,503,502) (S 330,527,502) (S 713,502,778) (S 719,778,747) (S 649,748,746) (D 0,0,0)
 0 1 31 166906 9105  14 (D 0,0,0) (S 712,97,746) (S 648,747,528) (S 328,527,293) (S 156,291,280) (S 268,280,447) (S 153,284,285) (S 586,286,713) (S 154,286,174) (S 624,285,739) (S 625,739,731) (S 615,731,730) (S 617,730,732) (D 0,0,0)
 0 1 32 167929 10114  15 (D 0,0,0) (S 107,200,199) (S 627,48,742) (S 626,740,741) (S 616,707,728) (S 613,728,511) (S 618,728,735) (S 619,735,734) (S 372,566,510) (S 317,510,47) (S 17,41,42) (S 280,458,42) (S 22,42,56) (S 21,47,52) (D 0,0,0)
 0 1 33 166078 8929  11 (D 0,0,0) (S 590,712,569) (S 374,569,52) (S 27,52,58) (S 621,58,736) (S 620,736,737) (S 622,737,738) (S 623,736,733) (S 183,327,328) (S 373,327,52) (D 0,0,0)
 0 1 34 166681 8932  13 (D 0,0,0) (S 589,718,712) (S 584,712,57) (S 583,57,708) (S 579,708,707) (S 585,707,713) (S 650,713,739) (S 651,739,743) (S 157,281,284) (S 630,281,743) (S 628,743,730) (S 629,730,742) (D 0,0,0)
 0 1 35 167304 8062  12 (D 0,0,0) (S 641,60,745) (S 638,338,532) (S 185,331,332) (S 634,332,330) (S 184,330,329) (S 614,500,729) (S 631,504,732) (S 633,729,330) (S 635,332,59) (S 335,61,538) (D 0,0,0)
 0 1 36 161446 9434  25 (D 0,0,0) (S 181,324,322) (S 179,322,321) (S 282,460,321) (S 178,321,319) (S 177,319,320) (S 371,319,568) (S 596,722,568) (S 375,568,570) (S 578,570,706) (S 576,706,705) (S 582,711,705) (S 581,709,710) (S 580,709,705) (S 577,705,700) (S 571,700,701) (S 575,700,702) (S 572,702,703) (S 573,704,699) (S 570,699,698) (S 574,698,530) (S 63,125,123) (S 64,123,126) (S 567,318,564) (D 0,0,0)
 0 1 37 166987 8367  19 (D 0,0,0) (S 566,318,127) (S 65,127,126) (S 62,123,124) (S 608,326,723) (S 600,723,698) (S 602,698,719) (S 594,720,699) (S 593,704,721) (S 588,716,322) (S 23,57,58) (S 28,57,44) (S 18,43,44) (S 19,44,48) (S 24,48,59) (S 30,59,61) (S 25,61,60) (S 31,60,55) (D 0,0,0)
 0 1 38 167900 6447  13 (D 0,0,0) (S 432,591,115) (S 194,346,345) (S 397,345,113) (S 57,113,114) (S 58,114,115) (S 433,115,619) (S 4,14,15) (S 431,15,619) (S 430,619,618) (S 5,16,17) (S 407,596,572) (D 0,0,0)
 0 1 39 165844 7258  14 (D 0,0,0) (S 679,595,763) (S 677,763,360) (S 206,360,359) (S 681,764,359) (S 680,359,763) (S 678,360,762) (S 676,762,397) (S 234,397,111) (S 56,110,112) (S 699,204,773) (S 218,377,110) (S 55,110,111) (D 0,0,0)
 0 1 40 166669 7685  16 (D 0,0,0) (S 44,93,94) (S 663,755,756) (S 701,756,112) (S 700,112,204) (S 110,204,203) (S 211,203,369) (S 109,203,162) (S 72,144,143) (S 76,143,158) (S 698,158,773) (S 696,773,377) (S 697,377,396) (S 207,361,362) (S 675,762,589) (D 0,0,0)
 0 1 41 165828 8074  17 (D 0,0,0) (S 79,158,159) (S 221,159,381) (S 705,381,36) (S 88,36,145) (S 702,381,382) (S 704,382,378) (S 220,379,380) (S 706,379,109) (S 219,378,144) (S 80,162,146) (S 513,654,236) (S 125,236,234) (S 124,234,235) (S 497,235,485) (S 293,485,200) (D 0,0,0)
 0 1 42 167808 6381  11 (D 0,0,0) (S 660,349,147) (S 667,147,757) (S 666,757,354) (S 203,353,352) (S 202,352,351) (S 671,760,178) (S 659,753,751) (S 655,751,752) (S 661,752,357) (D 0,0,0)
 0 1 43 167320 7421  12 (D 0,0,0) (S 144,264,267) (S 703,267,774) (S 721,774,780) (S 720,774,776) (S 709,776,775) (S 707,775,109) (S 54,109,107) (S 52,107,106) (S 51,106,104) (S 160,118,267) (D 0,0,0)
 0 1 44 165695 7585  15 (D 0,0,0) (S 73,147,146) (S 708,146,775) (S 710,776,106) (S 50,104,105) (S 53,104,108) (S 155,108,283) (S 162,108,118) (S 59,118,117) (S 200,181,349) (S 672,753,356) (S 204,356,355) (S 673,355,761) (S 674,355,751) (D 0,0,0)
 0 1 45 167951 8468  16 (D 0,0,0) (S 423,611,612) (S 313,347,506) (S 345,506,544) (S 190,341,294) (S 49,103,101) (S 711,777,295) (S 159,295,289) (S 272,450,449) (S 269,449,448) (S 270,448,76) (S 37,76,70) (S 277,456,77) (S 278,77,288) (S 339,287,506) (D 0,0,0)
 0 1 46 167369 8484  14 (D 0,0,0) (S 38,77,69) (S 777,810,811) (S 779,811,69) (S 32,69,70) (S 274,302,452) (S 275,452,453) (S 276,455,304) (S 780,69,456) (S 778,456,287) (S 161,287,282) (S 198,283,348) (S 197,180,182) (D 0,0,0)
 0 1 47 167778 8197  12 (D 0,0,0) (S 717,289,779) (S 715,779,777) (S 716,779,778) (S 718,778,292) (S 271,449,451) (S 273,451,75) (S 35,75,74) (S 36,74,72) (S 34,73,72) (S 33,72,71) (D 0,0,0)
 0 1 48 167762 7902  11 (D 0,0,0) (S 396,589,364) (S 209,366,365) (S 215,373,160) (S 78,160,152) (S 262,152,441) (S 726,441,279) (S 151,279,161) (S 214,152,372) (S 229,395,373) (D 0,0,0)
 0 1 49 167784 8567  14 (D 0,0,0) (S 232,365,92) (S 314,92,507) (S 687,373,767) (S 686,767,768) (S 688,768,769) (S 691,767,770) (S 690,770,368) (S 689,368,765) (S 682,765,79) (S 210,367,368) (S 692,770,395) (S 233,374,363) (D 0,0,0)
 0 1 50 167434 8689  12 (D 0,0,0) (S 213,371,151) (S 251,153,422) (S 212,154,370) (S 225,78,384) (S 227,393,387) (S 224,387,388) (S 312,468,469) (S 684,470,766) (S 685,766,765) (S 683,79,389) (D 0,0,0)
 0 1 51 167602 9537  14 (D 0,0,0) (S 228,394,390) (S 694,392,771) (S 741,68,428) (S 742,799,429) (S 256,429,430) (S 743,429,798) (S 748,798,433) (S 744,433,795) (S 749,803,800) (S 745,800,801) (S 753,801,156) (S 231,367,372) (D 0,0,0)
 0 1 52 167923 9482  11 (D 0,0,0) (S 693,771,155) (S 74,66,148) (S 255,67,428) (S 740,428,799) (S 764,799,427) (S 254,427,65) (S 45,95,96) (S 695,771,772) (S 39,78,79) (D 0,0,0)
 0 1 53 167911 10446  16 (D 0,0,0) (S 751,157,800) (S 754,803,788) (S 735,793,794) (S 760,375,797) (S 738,797,12) (S 260,12,439) (S 3,12,13) (S 217,296,375) (S 756,804,805) (S 757,805,273) (S 752,787,801) (S 725,441,781) (S 723,781,782) (S 722,781,420) (D 0,0,0)
 0 1 54 167498 9520  15 (D 0,0,0) (S 249,160,420) (S 724,420,37) (S 316,37,509) (S 90,172,80) (S 40,80,81) (S 93,80,173) (S 170,173,308) (S 250,308,421) (S 729,421,307) (S 730,421,783) (S 728,783,172) (S 89,172,37) (S 222,382,383) (D 0,0,0)
 0 1 55 166989 9201  12 (D 0,0,0) (S 15,36,37) (S 727,783,278) (S 747,268,801) (S 750,800,786) (S 733,786,788) (S 736,790,795) (S 746,802,803) (S 761,802,807) (S 762,807,149) (S 75,149,157) (D 0,0,0)
 0 1 56 167835 9818  11 (D 0,0,0) (S 152,279,278) (S 145,268,269) (S 149,273,270) (S 166,277,301) (S 769,424,440) (S 768,440,165) (S 82,165,166) (S 146,275,274) (S 163,277,297) (D 0,0,0)
 0 1 57 167671 9811  13 (D 0,0,0) (S 774,455,171) (S 167,171,82) (S 41,82,83) (S 165,82,297) (S 164,297,298) (S 771,274,809) (S 767,809,301) (S 759,300,423) (S 758,806,805) (S 252,423,271) (S 266,270,444) (D 0,0,0)
 0 1 58 166444 10103  16 (D 0,0,0) (S 223,308,306) (S 773,306,444) (S 772,444,443) (S 150,277,274) (S 766,809,424) (S 253,424,167) (S 84,167,165) (S 261,440,275) (S 147,275,166) (S 83,166,163) (S 85,164,168) (S 86,168,169) (S 87,171,170) (S 92,170,173) (D 0,0,0)
 0 1 59 166444 9484  12 (D 0,0,0) (S 265,170,443) (S 264,443,276) (S 148,276,277) (S 770,274,442) (S 263,442,163) (S 81,163,164) (S 394,164,588) (S 393,587,169) (S 91,169,171) (S 168,302,303) (D 0,0,0)
 0 1 60 167233 10320  15 (D 0,0,0) (S 169,306,307) (S 171,307,272) (S 734,272,787) (S 732,787,786) (S 755,425,796) (S 737,796,437) (S 259,437,438) (S 258,435,436) (S 731,784,785) (S 739,785,431) (S 257,431,432) (S 765,427,808) (S 763,808,150) (D 0,0,0)
