441461
61
1810693
1744259
 0 1 1 153773 1840  9 (D 0,0,0) (S 379,575,195) (S 441,577,609) (S 442,609,620) (S 434,620,213) (S 436,213,622) (S 452,622,607) (S 421,607,606) (D 0,0,0)
 0 1 2 164690 4187  18 (D 0,0,0) (S 439,626,625) (S 455,625,630) (S 450,629,630) (S 454,630,214) (S 451,214,628) (S 453,628,209) (S 456,209,415) (S 246,415,223) (S 118,223,222) (S 475,222,634) (S 464,634,2) (S 465,2,218) (S 116,218,217) (S 115,217,216) (S 461,216,633) (S 459,216,631) (D 0,0,0)
 0 1 3 160337 5456  23 (D 0,0,0) (S 462,632,220) (S 117,220,221) (S 1,3,4) (S 468,4,635) (S 466,635,636) (S 467,637,638) (S 472,638,639) (S 473,638,642) (S 471,641,640) (S 470,640,496) (S 306,496,4) (S 305,4,495) (S 308,495,498) (S 463,498,315) (S 175,315,316) (S 458,217,221) (S 457,221,631) (S 460,631,632) (S 445,419,208) (S 114,215,214) (S 438,625,212) (D 0,0,0)
 0 1 4 163477 3831  18 (D 0,0,0) (S 435,212,621) (S 444,621,627) (S 443,627,457) (S 440,457,417) (S 484,414,228) (S 486,228,133) (S 485,131,645) (S 487,645,494) (S 303,229,132) (S 296,132,488) (S 307,488,38) (S 295,38,486) (S 297,487,489) (S 474,489,634) (S 476,222,416) (S 449,627,211) (D 0,0,0)
 0 1 5 165250 4907  17 (D 0,0,0) (S 113,212,211) (S 448,211,628) (S 279,209,457) (S 120,228,38) (S 16,39,40) (S 488,40,5) (S 489,5,10) (S 2,10,9) (S 11,6,29) (S 320,515,7) (S 122,231,230) (S 121,230,229) (S 67,132,131) (S 499,414,657) (S 500,657,658) (D 0,0,0)
 0 1 6 162277 5190  15 (D 0,0,0) (S 502,659,137) (S 504,137,661) (S 510,661,662) (S 507,662,663) (S 541,517,652) (S 490,650,651) (S 491,652,492) (S 302,492,232) (S 123,232,233) (S 304,232,493) (S 479,232,646) (S 478,646,413) (S 245,413,414) (D 0,0,0)
 0 1 7 167758 3457  13 (D 0,0,0) (S 447,626,215) (S 112,208,210) (S 111,207,208) (S 241,400,404) (S 237,400,399) (S 236,399,205) (S 235,206,398) (S 238,398,401) (S 240,401,403) (S 248,403,419) (S 446,208,215) (D 0,0,0)
 0 1 8 46970 1004  8 (D 0,0,0) (S 284,463,464) (S 285,464,465) (S 286,466,467) (S 283,461,462) (S 417,603,604) (S 418,605,603) (D 0,0,0)
 0 1 9 132133 2497  9 (D 0,0,0) (S 378,576,575) (S 422,606,610) (S 106,198,197) (S 416,574,193) (S 415,193,601) (S 104,193,194) (S 105,194,196) (D 0,0,0)
 0 1 10 162676 4450  15 (D 0,0,0) (S 420,198,608) (S 506,657,664) (S 244,411,410) (S 477,647,646) (S 481,647,648) (S 480,648,649) (S 483,224,516) (S 6,19,18) (S 494,412,653) (S 492,653,138) (S 493,138,654) (S 517,236,484) (S 294,484,485) (D 0,0,0)
 0 1 11 162140 5725  26 (D 0,0,0) (S 293,200,485) (S 497,485,235) (S 124,235,234) (S 125,234,236) (S 513,236,654) (S 519,654,612) (S 520,666,243) (S 129,243,244) (S 515,243,667) (S 518,667,669) (S 516,668,669) (S 531,669,673) (S 530,674,673) (S 527,672,671) (S 534,671,675) (S 533,676,675) (S 532,675,673) (S 529,673,672) (S 528,672,667) (S 514,666,612) (S 496,617,655) (S 495,655,235) (S 498,480,656) (S 108,202,201) (D 0,0,0)
 0 1 12 164715 5759  13 (D 0,0,0) (S 428,617,613) (S 538,677,678) (S 536,246,584) (S 385,584,245) (S 319,513,514) (S 658,514,49) (S 130,245,246) (S 535,246,677) (S 537,677,611) (S 107,199,200) (S 292,200,28) (D 0,0,0)
 0 1 13 165999 10271  18 (D 0,0,0) (S 381,23,573) (S 732,787,786) (S 733,786,788) (S 760,375,797) (S 3,12,13) (S 260,12,439) (S 738,12,797) (S 259,437,438) (S 737,437,796) (S 755,796,425) (S 735,794,793) (S 736,790,795) (S 746,802,803) (S 749,803,800) (S 751,800,157) (S 228,390,394) (D 0,0,0)
 0 1 14 164539 8736  14 (D 0,0,0) (S 398,572,591) (S 233,363,374) (S 232,365,92) (S 314,92,507) (S 43,90,91) (S 88,145,36) (S 316,37,509) (S 15,37,36) (S 705,36,381) (S 704,382,378) (S 220,379,380) (S 706,379,109) (D 0,0,0)
 0 1 15 167607 5407  12 (D 0,0,0) (S 539,643,490) (S 298,490,86) (S 299,490,130) (S 134,252,129) (S 300,251,130) (S 66,130,128) (S 540,128,253) (S 135,253,254) (S 322,87,474) (S 321,497,516) (D 0,0,0)
 0 1 16 161216 5078  15 (D 0,0,0) (S 522,615,670) (S 521,241,239) (S 127,239,240) (S 526,239,238) (S 525,238,408) (S 242,407,247) (S 131,247,50) (S 301,45,491) (S 469,491,407) (S 239,402,237) (S 424,409,614) (S 429,615,612) (S 423,612,611) (D 0,0,0)
 0 1 17 152455 4561  20 (D 0,0,0) (S 419,607,198) (S 437,624,623) (S 511,658,660) (S 501,660,659) (S 503,659,136) (S 69,136,135) (S 288,135,479) (S 508,479,663) (S 505,663,406) (S 482,405,647) (S 119,227,226) (S 247,226,418) (S 133,250,248) (S 132,248,249) (S 318,248,512) (S 509,653,483) (S 289,483,134) (S 290,134,484) (D 0,0,0)
 0 1 18 136840 3962  13 (D 0,0,0) (S 8,23,21) (S 7,21,22) (S 9,21,24) (S 391,24,585) (S 401,585,592) (S 399,592,586) (S 402,586,187) (S 103,191,192) (S 404,191,594) (S 409,594,190) (S 10,25,26) (D 0,0,0)
 0 1 19 167485 5911  12 (D 0,0,0) (S 361,27,558) (S 364,558,524) (S 387,583,584) (S 384,245,582) (S 386,582,49) (S 20,49,50) (S 193,46,344) (S 544,64,679) (S 543,679,680) (S 26,62,53) (D 0,0,0)
 0 1 20 166207 6778  15 (D 0,0,0) (S 363,560,559) (S 405,595,94) (S 44,93,94) (S 664,94,755) (S 663,755,756) (S 666,354,757) (S 662,754,353) (S 203,353,352) (S 202,352,351) (S 668,351,758) (S 669,758,759) (S 671,760,178) (S 427,617,199) (D 0,0,0)
 0 1 21 167733 8690  16 (D 0,0,0) (S 184,329,330) (S 633,330,729) (S 617,732,730) (S 628,730,743) (S 650,739,713) (S 586,713,286) (S 157,284,281) (S 156,280,291) (S 158,291,293) (S 718,292,778) (S 719,778,747) (S 712,746,97) (S 42,84,85) (S 187,335,336) (D 0,0,0)
 0 1 22 167900 10144  14 (D 0,0,0) (S 377,573,560) (S 763,150,808) (S 765,808,427) (S 742,799,429) (S 256,429,430) (S 743,429,798) (S 257,431,432) (S 739,431,785) (S 258,435,436) (S 731,784,785) (S 748,798,433) (S 744,433,795) (D 0,0,0)
 0 1 23 163753 6386  14 (D 0,0,0) (S 101,190,189) (S 389,141,523) (S 395,591,590) (S 194,345,346) (S 58,114,115) (S 433,115,619) (S 4,14,15) (S 431,15,619) (S 430,619,618) (S 5,16,17) (S 407,596,572) (S 380,523,557) (D 0,0,0)
 0 1 24 167397 8361  17 (D 0,0,0) (S 597,535,719) (S 592,719,720) (S 594,720,699) (S 573,699,704) (S 593,704,721) (S 595,720,721) (S 599,721,716) (S 588,716,322) (S 584,712,57) (S 583,708,57) (S 28,57,44) (S 18,43,44) (S 19,44,48) (S 25,61,60) (S 31,60,55) (D 0,0,0)
 0 1 25 167317 8932  11 (D 0,0,0) (S 621,58,736) (S 620,736,737) (S 622,737,738) (S 585,707,713) (S 624,739,285) (S 154,286,174) (S 153,285,284) (S 198,283,348) (S 196,348,347) (D 0,0,0)
 0 1 26 167258 6147  23 (D 0,0,0) (S 362,559,557) (S 360,557,139) (S 70,139,140) (S 102,140,190) (S 410,190,142) (S 71,142,141) (S 390,141,189) (S 388,189,581) (S 383,581,578) (S 382,578,579) (S 411,597,598) (S 414,597,600) (S 413,580,176) (S 94,175,176) (S 412,599,176) (S 99,185,186) (S 408,186,594) (S 400,593,594) (S 403,191,187) (S 100,187,188) (S 392,586,24) (D 0,0,0)
 0 1 27 162434 6442  15 (D 0,0,0) (S 143,266,184) (S 201,350,184) (S 98,184,183) (S 656,183,752) (S 655,752,751) (S 674,751,355) (S 673,355,761) (S 204,355,356) (S 672,356,753) (S 659,753,751) (S 661,752,357) (S 205,357,358) (S 657,357,514) (D 0,0,0)
 0 1 28 166794 8581  22 (D 0,0,0) (S 172,309,310) (S 351,520,313) (S 369,555,562) (S 546,563,684) (S 13,32,31) (S 12,31,30) (S 140,261,30) (S 139,30,260) (S 555,260,534) (S 334,534,537) (S 327,525,526) (S 557,260,691) (S 367,563,562) (S 564,562,314) (S 174,314,313) (S 357,313,311) (S 356,311,263) (S 366,263,561) (S 562,561,262) (S 559,262,518) (D 0,0,0)
 0 1 29 167415 9007  14 (D 0,0,0) (S 68,134,138) (S 48,102,101) (S 714,101,777) (S 711,777,295) (S 159,295,289) (S 717,289,779) (S 716,779,778) (S 330,502,527) (S 328,527,293) (S 775,293,445) (S 267,445,446) (S 776,445,508) (D 0,0,0)
 0 1 30 167164 7799  15 (D 0,0,0) (S 191,51,342) (S 643,545,335) (S 47,84,99) (S 46,98,99) (S 646,100,341) (S 313,506,347) (S 195,347,180) (S 96,182,183) (S 126,237,238) (S 128,241,242) (S 523,241,670) (S 524,670,614) (S 426,199,616) (D 0,0,0)
 0 1 31 166797 9863  26 (D 0,0,0) (S 602,698,719) (S 601,719,324) (S 181,324,322) (S 179,322,321) (S 282,460,321) (S 178,321,319) (S 177,319,320) (S 371,319,568) (S 596,722,568) (S 375,568,570) (S 578,570,706) (S 611,706,715) (S 587,715,714) (S 580,709,705) (S 582,705,711) (S 598,717,722) (S 612,722,706) (S 576,706,705) (S 577,705,700) (S 571,700,701) (S 572,702,703) (S 570,699,698) (S 554,127,554) (S 350,551,552) (D 0,0,0)
 0 1 32 167549 9098  15 (D 0,0,0) (S 349,478,255) (S 347,257,548) (S 556,550,556) (S 589,718,712) (S 590,712,569) (S 374,569,52) (S 373,52,327) (S 183,327,328) (S 619,734,735) (S 618,735,728) (S 613,728,511) (S 616,728,707) (S 579,707,708) (D 0,0,0)
 0 1 33 165896 8911  14 (D 0,0,0) (S 645,102,746) (S 649,746,748) (S 648,747,528) (S 632,504,291) (S 268,280,447) (S 630,281,743) (S 651,743,739) (S 625,739,731) (S 626,740,741) (S 615,731,730) (S 629,730,742) (S 627,742,48) (D 0,0,0)
 0 1 34 167880 9806  14 (D 0,0,0) (S 27,58,52) (S 21,52,47) (S 17,41,42) (S 22,42,56) (S 280,458,42) (S 317,47,510) (S 372,510,566) (S 623,733,736) (S 23,58,57) (S 24,48,59) (S 64,123,126) (S 281,126,459) (D 0,0,0)
 0 1 35 167501 7099  14 (D 0,0,0) (S 639,546,745) (S 640,745,533) (S 332,533,340) (S 185,331,332) (S 635,332,59) (S 30,59,61) (S 352,505,459) (S 354,459,554) (S 355,554,317) (S 358,317,551) (S 353,551,522) (S 287,477,476) (D 0,0,0)
 0 1 36 167930 8260  19 (D 0,0,0) (S 370,564,565) (S 550,565,691) (S 552,691,536) (S 182,325,326) (S 608,326,723) (S 610,723,725) (S 606,725,726) (S 605,725,714) (S 581,709,710) (S 575,700,702) (S 574,530,698) (S 600,698,723) (S 609,326,727) (S 607,727,724) (S 604,724,124) (S 553,691,127) (S 176,318,317) (D 0,0,0)
 0 1 37 167435 6797  15 (D 0,0,0) (S 324,309,519) (S 326,519,520) (S 346,255,257) (S 137,257,258) (S 542,258,120) (S 60,120,121) (S 348,549,539) (S 338,540,539) (S 337,539,55) (S 342,546,333) (S 186,333,334) (S 343,333,547) (S 192,343,54) (D 0,0,0)
 0 1 38 167309 7481  17 (D 0,0,0) (S 359,521,556) (S 365,556,323) (S 180,323,324) (S 603,324,718) (S 591,718,538) (S 336,538,323) (S 333,535,530) (S 331,530,124) (S 62,124,123) (S 61,122,123) (S 63,125,123) (S 65,126,127) (S 566,127,318) (S 567,318,564) (S 368,564,553) (D 0,0,0)
 0 1 39 167881 8271  14 (D 0,0,0) (S 325,476,256) (S 136,256,255) (S 335,538,61) (S 634,332,330) (S 631,732,504) (S 311,504,503) (S 329,528,529) (S 309,499,501) (S 614,500,729) (S 644,531,337) (S 188,337,338) (S 642,744,339) (D 0,0,0)
 0 1 40 167593 7622  16 (D 0,0,0) (S 561,561,695) (S 558,693,682) (S 547,685,35) (S 14,33,34) (S 551,685,692) (S 548,686,687) (S 549,688,690) (S 545,683,259) (S 138,259,32) (S 560,693,695) (S 565,695,312) (S 563,314,312) (S 173,312,311) (S 141,263,262) (D 0,0,0)
 0 1 41 167595 9370  11 (D 0,0,0) (S 197,182,180) (S 315,303,454) (S 274,452,302) (S 223,308,306) (S 773,306,444) (S 772,444,443) (S 264,443,276) (S 265,443,170) (S 92,170,173) (D 0,0,0)
 0 1 42 167461 9617  12 (D 0,0,0) (S 276,304,455) (S 774,455,171) (S 91,171,169) (S 394,588,164) (S 263,163,442) (S 770,442,274) (S 148,277,276) (S 149,270,273) (S 729,307,421) (S 95,181,177) (D 0,0,0)
 0 1 43 166750 8619  12 (D 0,0,0) (S 778,287,456) (S 780,456,69) (S 777,810,811) (S 779,811,69) (S 37,70,76) (S 270,76,448) (S 269,448,449) (S 713,778,502) (S 310,502,503) (S 647,529,97) (D 0,0,0)
 0 1 44 167248 7265  16 (D 0,0,0) (S 512,660,482) (S 291,482,135) (S 323,88,119) (S 569,696,697) (S 568,697,53) (S 29,62,63) (S 652,749,750) (S 653,343,547) (S 636,547,336) (S 637,336,744) (S 638,338,532) (S 189,340,339) (S 641,745,60) (S 243,407,402) (D 0,0,0)
 0 1 45 167744 9943  17 (D 0,0,0) (S 168,303,302) (S 275,452,453) (S 167,171,82) (S 41,82,83) (S 163,297,277) (S 150,277,274) (S 146,274,275) (S 147,275,166) (S 261,275,440) (S 768,440,165) (S 82,165,166) (S 83,166,163) (S 81,163,164) (S 85,164,168) (S 86,168,169) (D 0,0,0)
 0 1 46 166938 10047  15 (D 0,0,0) (S 165,82,297) (S 164,297,298) (S 166,277,301) (S 767,301,809) (S 253,424,167) (S 84,167,165) (S 769,440,424) (S 766,424,809) (S 771,809,274) (S 393,587,169) (S 87,171,170) (S 38,69,77) (S 278,77,288) (D 0,0,0)
 0 1 47 167631 8002  11 (D 0,0,0) (S 33,71,72) (S 34,73,72) (S 36,72,74) (S 35,74,75) (S 273,75,451) (S 271,451,449) (S 272,449,450) (S 715,779,777) (S 49,101,103) (D 0,0,0)
 0 1 48 165359 7842  17 (D 0,0,0) (S 654,750,343) (S 344,547,545) (S 340,542,543) (S 341,541,544) (S 345,544,506) (S 339,506,287) (S 161,287,282) (S 155,283,108) (S 51,104,106) (S 52,106,107) (S 54,107,109) (S 707,109,775) (S 721,774,780) (S 703,774,267) (S 97,177,179) (D 0,0,0)
 0 1 49 167227 6812  11 (D 0,0,0) (S 660,349,147) (S 160,267,118) (S 53,108,104) (S 50,104,105) (S 162,108,118) (S 59,118,117) (S 199,116,264) (S 142,264,265) (S 200,181,349) (D 0,0,0)
 0 1 50 167475 10047  14 (D 0,0,0) (S 190,341,294) (S 277,77,456) (S 32,69,70) (S 169,306,307) (S 171,307,272) (S 757,273,805) (S 758,806,805) (S 756,805,804) (S 217,375,296) (S 759,300,423) (S 252,423,271) (S 266,270,444) (D 0,0,0)
 0 1 51 167248 7961  14 (D 0,0,0) (S 425,615,614) (S 670,758,754) (S 665,353,755) (S 701,756,112) (S 110,204,203) (S 211,203,369) (S 109,203,162) (S 708,146,775) (S 709,775,776) (S 710,776,106) (S 720,776,774) (S 144,267,264) (D 0,0,0)
 0 1 52 165768 7629  13 (D 0,0,0) (S 679,595,763) (S 696,377,773) (S 76,158,143) (S 72,143,144) (S 219,144,378) (S 222,382,383) (S 702,382,381) (S 221,381,159) (S 77,145,159) (S 216,159,374) (S 230,363,396) (D 0,0,0)
 0 1 53 161858 8938  11 (D 0,0,0) (S 90,172,80) (S 40,80,81) (S 93,80,173) (S 170,173,308) (S 250,308,421) (S 730,421,783) (S 728,783,172) (S 724,37,420) (S 208,363,364) (D 0,0,0)
 0 1 54 167676 9115  13 (D 0,0,0) (S 79,158,159) (S 89,37,172) (S 727,783,278) (S 747,268,801) (S 745,801,800) (S 750,800,786) (S 754,788,803) (S 761,802,807) (S 762,807,149) (S 75,149,157) (S 397,113,345) (D 0,0,0)
 0 1 55 165854 7260  11 (D 0,0,0) (S 677,763,360) (S 676,762,397) (S 207,361,362) (S 697,396,377) (S 218,377,110) (S 234,111,397) (S 675,762,589) (S 57,113,114) (S 432,115,591) (D 0,0,0)
 0 1 56 165436 8785  20 (D 0,0,0) (S 680,763,359) (S 681,764,359) (S 206,359,360) (S 678,360,762) (S 687,373,767) (S 688,768,769) (S 686,768,767) (S 691,767,770) (S 685,765,766) (S 684,766,470) (S 312,469,468) (S 227,393,387) (S 224,387,388) (S 225,384,78) (S 39,78,79) (S 682,79,765) (S 689,765,368) (S 210,368,367) (D 0,0,0)
 0 1 57 165458 9099  14 (D 0,0,0) (S 231,372,367) (S 694,392,771) (S 695,771,772) (S 753,156,801) (S 752,801,787) (S 734,787,272) (S 145,269,268) (S 152,278,279) (S 725,441,781) (S 723,781,782) (S 722,781,420) (S 249,420,160) (D 0,0,0)
 0 1 58 167762 7902  11 (D 0,0,0) (S 229,373,395) (S 214,372,152) (S 262,152,441) (S 726,441,279) (S 151,279,161) (S 78,152,160) (S 215,160,373) (S 209,365,366) (S 396,364,589) (D 0,0,0)
 0 1 59 166588 8028  8 (D 0,0,0) (S 692,395,770) (S 690,770,368) (S 683,79,389) (S 212,370,154) (S 251,153,422) (S 213,151,371) (D 0,0,0)
 0 1 60 165777 9567  10 (D 0,0,0) (S 693,771,155) (S 45,95,96) (S 74,66,148) (S 255,67,428) (S 741,68,428) (S 740,428,799) (S 764,799,427) (S 254,427,65) (D 0,0,0)
 0 1 61 167942 6909  13 (D 0,0,0) (S 667,757,147) (S 73,147,146) (S 80,146,162) (S 698,158,773) (S 699,773,204) (S 700,204,112) (S 56,112,110) (S 55,110,111) (S 226,111,94) (S 406,595,572) (S 376,572,523) (D 0,0,0)
