440842
60
1807703
1513703
 0 1 1 165905 6198  23 (D 0,0,0) (S 378,576,575) (S 420,198,608) (S 442,609,620) (S 512,660,482) (S 517,484,236) (S 514,612,666) (S 129,243,244) (S 515,243,667) (S 518,667,669) (S 516,668,669) (S 531,669,673) (S 529,673,672) (S 530,674,673) (S 532,673,675) (S 533,676,675) (S 534,675,671) (S 527,671,672) (S 528,672,667) (S 520,243,666) (S 426,199,616) (S 292,200,28) (D 0,0,0)
 0 1 2 163349 5222  28 (D 0,0,0) (S 107,200,199) (S 429,612,615) (S 425,615,614) (S 424,614,409) (S 318,248,512) (S 132,248,249) (S 133,248,250) (S 525,408,238) (S 526,238,239) (S 127,239,240) (S 521,239,241) (S 128,241,242) (S 523,241,670) (S 522,670,615) (S 519,612,654) (S 513,654,236) (S 125,236,234) (S 124,234,235) (S 497,235,485) (S 293,485,200) (S 283,461,462) (S 286,466,467) (S 284,463,464) (S 285,464,465) (S 417,603,604) (S 418,605,603) (D 0,0,0)
 0 1 3 164180 2497  10 (D 0,0,0) (S 105,196,194) (S 104,194,193) (S 415,193,601) (S 416,193,574) (S 106,197,198) (S 419,198,607) (S 421,607,606) (S 422,606,610) (D 0,0,0)
 0 1 4 153110 3249  11 (D 0,0,0) (S 452,607,622) (S 238,401,398) (S 235,398,206) (S 236,205,399) (S 237,399,400) (S 241,400,404) (S 240,401,403) (S 248,403,419) (S 445,419,208) (D 0,0,0)
 0 1 5 165883 4323  18 (D 0,0,0) (S 114,215,214) (S 453,628,209) (S 279,209,457) (S 120,228,38) (S 295,38,486) (S 297,487,489) (S 474,489,634) (S 475,634,222) (S 476,416,222) (S 118,222,223) (S 246,223,415) (S 456,415,209) (S 451,628,214) (S 454,214,630) (S 450,629,630) (S 455,630,625) (D 0,0,0)
 0 1 6 165143 4760  16 (D 0,0,0) (S 484,414,228) (S 486,228,133) (S 296,132,488) (S 307,488,38) (S 16,39,40) (S 488,40,5) (S 489,5,10) (S 2,10,9) (S 11,6,29) (S 320,515,7) (S 122,231,230) (S 121,230,229) (S 303,229,132) (S 67,132,131) (D 0,0,0)
 0 1 7 167909 4055  16 (D 0,0,0) (S 506,657,664) (S 244,411,410) (S 482,405,647) (S 481,647,648) (S 480,648,649) (S 483,224,516) (S 247,418,226) (S 505,406,663) (S 508,663,479) (S 69,135,136) (S 503,136,659) (S 501,659,660) (S 511,660,658) (S 441,609,577) (D 0,0,0)
 0 1 8 161336 3705  14 (D 0,0,0) (S 436,622,213) (S 448,211,628) (S 111,207,208) (S 460,632,631) (S 459,631,216) (S 461,216,633) (S 115,216,217) (S 117,221,220) (S 462,220,632) (S 112,208,210) (S 446,208,215) (S 447,215,626) (D 0,0,0)
 0 1 9 162615 4260  18 (D 0,0,0) (S 439,626,625) (S 438,625,212) (S 435,212,621) (S 444,621,627) (S 440,457,417) (S 245,414,413) (S 478,413,646) (S 479,646,232) (S 123,232,233) (S 304,232,493) (S 487,494,645) (S 485,645,131) (S 499,414,657) (S 500,657,658) (S 437,623,624) (S 434,620,213) (D 0,0,0)
 0 1 10 167910 5431  23 (D 0,0,0) (S 113,212,211) (S 449,211,627) (S 443,627,457) (S 464,634,2) (S 175,315,316) (S 463,315,498) (S 308,498,495) (S 305,495,4) (S 306,4,496) (S 470,496,640) (S 471,640,641) (S 473,642,638) (S 472,638,639) (S 467,638,637) (S 466,636,635) (S 468,635,4) (S 1,4,3) (S 465,2,218) (S 116,218,217) (S 458,217,221) (S 457,221,631) (D 0,0,0)
 0 1 11 164119 5188  15 (D 0,0,0) (S 502,659,137) (S 504,137,661) (S 510,661,662) (S 507,662,663) (S 119,226,227) (S 477,647,646) (S 302,232,492) (S 491,492,652) (S 490,650,651) (S 541,652,517) (S 539,490,643) (S 492,653,138) (S 493,138,654) (D 0,0,0)
 0 1 12 166337 6813  13 (D 0,0,0) (S 68,134,138) (S 242,407,247) (S 659,751,753) (S 95,177,181) (S 142,265,264) (S 666,757,354) (S 56,112,110) (S 55,110,111) (S 226,111,94) (S 405,94,595) (S 71,141,142) (D 0,0,0)
 0 1 13 164482 6047  23 (D 0,0,0) (S 362,559,557) (S 360,557,139) (S 70,139,140) (S 102,140,190) (S 409,190,594) (S 408,594,186) (S 99,186,185) (S 382,578,579) (S 414,597,600) (S 411,597,598) (S 412,599,176) (S 94,175,176) (S 413,176,580) (S 383,578,581) (S 388,581,189) (S 390,141,189) (S 101,189,190) (S 410,190,142) (S 364,524,558) (S 361,558,27) (S 10,25,26) (D 0,0,0)
 0 1 14 151336 4075  15 (D 0,0,0) (S 392,24,586) (S 400,593,594) (S 404,594,191) (S 103,191,192) (S 403,191,187) (S 100,187,188) (S 402,187,586) (S 399,586,592) (S 401,592,585) (S 391,585,24) (S 9,24,21) (S 7,21,22) (S 8,21,23) (D 0,0,0)
 0 1 15 143542 4084  12 (D 0,0,0) (S 108,201,202) (S 498,656,480) (S 495,235,655) (S 496,655,617) (S 538,677,678) (S 535,677,246) (S 130,246,245) (S 536,584,246) (S 537,677,611) (S 379,195,575) (D 0,0,0)
 0 1 16 167750 5302  13 (D 0,0,0) (S 291,482,135) (S 321,516,497) (S 322,474,87) (S 135,253,254) (S 540,253,128) (S 66,128,130) (S 134,252,129) (S 300,251,130) (S 299,130,490) (S 298,490,86) (S 6,19,18) (D 0,0,0)
 0 1 17 167501 5738  16 (D 0,0,0) (S 243,402,407) (S 131,247,50) (S 143,266,184) (S 201,350,184) (S 98,184,183) (S 656,183,752) (S 205,357,358) (S 657,357,514) (S 386,49,582) (S 384,582,245) (S 385,245,584) (S 387,584,583) (S 380,523,557) (S 381,573,23) (D 0,0,0)
 0 1 18 166113 6026  11 (D 0,0,0) (S 524,614,670) (S 126,238,237) (S 319,513,514) (S 658,514,49) (S 301,45,491) (S 469,491,407) (S 494,412,653) (S 509,653,483) (S 289,483,134) (D 0,0,0)
 0 1 19 167930 7372  17 (D 0,0,0) (S 377,573,560) (S 389,141,523) (S 376,523,572) (S 406,572,595) (S 679,595,763) (S 677,763,360) (S 206,360,359) (S 681,764,359) (S 680,359,763) (S 678,360,762) (S 697,396,377) (S 207,361,362) (S 676,397,762) (S 395,590,591) (S 398,591,572) (D 0,0,0)
 0 1 20 167209 7503  12 (D 0,0,0) (S 80,146,162) (S 219,144,378) (S 222,382,383) (S 702,382,381) (S 705,36,381) (S 221,381,159) (S 216,159,374) (S 233,374,363) (S 230,363,396) (S 675,762,589) (D 0,0,0)
 0 1 21 167900 6447  13 (D 0,0,0) (S 407,572,596) (S 5,16,17) (S 430,618,619) (S 4,14,15) (S 431,15,619) (S 433,619,115) (S 58,115,114) (S 194,346,345) (S 397,345,113) (S 57,113,114) (S 432,115,591) (D 0,0,0)
 0 1 22 164756 9058  12 (D 0,0,0) (S 234,111,397) (S 262,152,441) (S 726,441,279) (S 727,278,783) (S 730,783,421) (S 169,307,306) (S 772,444,443) (S 87,170,171) (S 774,171,455) (S 276,455,304) (D 0,0,0)
 0 1 23 166337 7290  13 (D 0,0,0) (S 665,755,353) (S 701,756,112) (S 700,112,204) (S 110,204,203) (S 211,203,369) (S 109,203,162) (S 72,144,143) (S 76,143,158) (S 698,158,773) (S 696,773,377) (S 218,377,110) (D 0,0,0)
 0 1 24 166308 10487  14 (D 0,0,0) (S 151,161,279) (S 738,797,12) (S 3,12,13) (S 260,12,439) (S 737,437,796) (S 258,435,436) (S 731,784,785) (S 739,785,431) (S 748,798,433) (S 744,433,795) (S 749,803,800) (S 751,800,157) (D 0,0,0)
 0 1 25 167221 8532  10 (D 0,0,0) (S 314,92,507) (S 692,395,770) (S 690,770,368) (S 210,368,367) (S 231,367,372) (S 214,372,152) (S 78,152,160) (S 43,91,90) (D 0,0,0)
 0 1 26 167864 8899  12 (D 0,0,0) (S 753,156,801) (S 745,801,800) (S 750,800,786) (S 733,788,786) (S 732,786,787) (S 752,787,801) (S 747,801,268) (S 152,278,279) (S 213,151,371) (S 229,395,373) (D 0,0,0)
 0 1 27 167243 10013  10 (D 0,0,0) (S 763,150,808) (S 765,808,427) (S 742,799,429) (S 257,431,432) (S 743,798,429) (S 256,429,430) (S 741,428,68) (S 251,153,422) (D 0,0,0)
 0 1 28 166840 9194  11 (D 0,0,0) (S 170,173,308) (S 250,308,421) (S 729,421,307) (S 734,272,787) (S 754,788,803) (S 746,803,802) (S 761,802,807) (S 75,149,157) (S 212,154,370) (D 0,0,0)
 0 1 29 164382 8391  17 (D 0,0,0) (S 687,373,767) (S 686,767,768) (S 688,768,769) (S 691,767,770) (S 689,368,765) (S 682,765,79) (S 685,765,766) (S 684,766,470) (S 312,469,468) (S 224,387,388) (S 227,393,387) (S 39,78,79) (S 683,79,389) (S 208,363,364) (S 396,364,589) (D 0,0,0)
 0 1 30 165185 9352  14 (D 0,0,0) (S 168,303,302) (S 223,308,306) (S 773,306,444) (S 266,444,270) (S 252,271,423) (S 758,806,805) (S 756,804,805) (S 757,805,273) (S 145,269,268) (S 725,441,781) (S 723,781,782) (S 722,781,420) (D 0,0,0)
 0 1 31 167703 10116  14 (D 0,0,0) (S 728,172,783) (S 171,307,272) (S 149,273,270) (S 759,423,300) (S 217,296,375) (S 760,375,797) (S 259,437,438) (S 755,796,425) (S 735,794,793) (S 736,790,795) (S 762,807,149) (S 228,390,394) (D 0,0,0)
 0 1 32 167726 9939  13 (D 0,0,0) (S 164,297,298) (S 166,277,301) (S 767,301,809) (S 766,809,424) (S 769,424,440) (S 146,275,274) (S 770,274,442) (S 263,442,163) (S 81,163,164) (S 394,164,588) (S 393,587,169) (D 0,0,0)
 0 1 33 167725 10315  15 (D 0,0,0) (S 91,171,169) (S 86,169,168) (S 85,168,164) (S 83,163,166) (S 82,165,166) (S 147,166,275) (S 261,275,440) (S 768,440,165) (S 84,165,167) (S 253,167,424) (S 771,809,274) (S 150,274,277) (S 41,82,83) (D 0,0,0)
 0 1 34 166524 6870  15 (D 0,0,0) (S 661,357,752) (S 655,752,751) (S 674,751,355) (S 673,355,761) (S 204,355,356) (S 672,356,753) (S 202,351,352) (S 203,352,353) (S 662,353,754) (S 670,754,758) (S 669,758,759) (S 668,758,351) (S 671,760,178) (D 0,0,0)
 0 1 35 167311 7991  17 (D 0,0,0) (S 197,182,180) (S 196,347,348) (S 53,108,104) (S 50,104,105) (S 710,106,776) (S 709,776,775) (S 707,775,109) (S 220,379,380) (S 706,379,109) (S 54,109,107) (S 52,107,106) (S 51,106,104) (S 59,118,117) (S 199,116,264) (S 97,177,179) (D 0,0,0)
 0 1 36 166943 6831  8 (D 0,0,0) (S 703,267,774) (S 721,774,780) (S 720,774,776) (S 708,775,146) (S 73,146,147) (S 660,147,349) (D 0,0,0)
 0 1 37 167181 8819  17 (D 0,0,0) (S 44,93,94) (S 664,94,755) (S 663,755,756) (S 667,757,147) (S 48,101,102) (S 645,102,746) (S 711,777,295) (S 159,295,289) (S 717,289,779) (S 648,747,528) (S 310,503,502) (S 713,502,778) (S 719,778,747) (S 649,748,746) (S 712,746,97) (D 0,0,0)
 0 1 38 167058 8945  14 (D 0,0,0) (S 642,339,744) (S 638,338,532) (S 309,499,501) (S 330,502,527) (S 328,527,293) (S 775,293,445) (S 267,445,446) (S 776,445,508) (S 275,453,452) (S 274,452,302) (S 38,69,77) (S 278,77,288) (D 0,0,0)
 0 1 39 164805 8401  12 (D 0,0,0) (S 34,73,72) (S 35,74,75) (S 273,75,451) (S 271,451,449) (S 269,449,448) (S 37,76,70) (S 32,70,69) (S 779,69,811) (S 777,810,811) (S 161,287,282) (D 0,0,0)
 0 1 40 167404 9409  15 (D 0,0,0) (S 155,108,283) (S 167,171,82) (S 165,82,297) (S 163,297,277) (S 148,277,276) (S 264,276,443) (S 265,443,170) (S 92,170,173) (S 93,173,80) (S 40,80,81) (S 90,80,172) (S 89,172,37) (S 704,382,378) (D 0,0,0)
 0 1 41 167268 9426  12 (D 0,0,0) (S 225,78,384) (S 694,392,771) (S 695,771,772) (S 693,771,155) (S 45,95,96) (S 254,65,427) (S 764,427,799) (S 740,799,428) (S 255,428,67) (S 74,66,148) (D 0,0,0)
 0 1 42 167748 9109  14 (D 0,0,0) (S 25,60,61) (S 24,59,48) (S 18,43,44) (S 19,44,48) (S 627,48,742) (S 629,742,730) (S 615,730,731) (S 626,740,741) (S 625,731,739) (S 650,739,713) (S 630,743,281) (S 156,280,291) (D 0,0,0)
 0 1 43 167096 8426  15 (D 0,0,0) (S 340,542,543) (S 341,541,544) (S 190,341,294) (S 33,71,72) (S 36,72,74) (S 270,76,448) (S 272,449,450) (S 718,292,778) (S 716,778,779) (S 715,779,777) (S 714,777,101) (S 49,101,103) (S 339,287,506) (D 0,0,0)
 0 1 44 166924 8653  10 (D 0,0,0) (S 28,44,57) (S 583,57,708) (S 579,708,707) (S 585,707,713) (S 586,713,286) (S 154,286,174) (S 268,280,447) (S 158,291,293) (D 0,0,0)
 0 1 45 162427 8030  21 (D 0,0,0) (S 559,518,262) (S 562,262,561) (S 356,263,311) (S 357,311,313) (S 174,313,314) (S 565,312,695) (S 560,695,693) (S 13,32,31) (S 12,31,30) (S 140,261,30) (S 139,30,260) (S 555,260,534) (S 334,534,537) (S 327,525,526) (S 557,260,691) (S 550,691,565) (S 370,565,564) (S 326,520,519) (S 288,479,135) (D 0,0,0)
 0 1 46 166239 7059  12 (D 0,0,0) (S 323,88,119) (S 569,696,697) (S 568,697,53) (S 26,53,62) (S 31,55,60) (S 641,60,745) (S 189,339,340) (S 332,340,533) (S 640,533,745) (S 639,745,546) (D 0,0,0)
 0 1 47 161934 8156  10 (D 0,0,0) (S 591,538,718) (S 589,718,712) (S 622,737,738) (S 620,737,736) (S 621,736,58) (S 23,58,57) (S 603,718,324) (S 180,324,323) (D 0,0,0)
 0 1 48 167994 7500  17 (D 0,0,0) (S 354,554,459) (S 281,459,126) (S 64,126,123) (S 63,125,123) (S 61,122,123) (S 604,124,724) (S 331,124,530) (S 333,530,535) (S 365,323,556) (S 556,556,550) (S 60,121,120) (S 542,120,258) (S 137,258,257) (S 346,257,255) (S 349,255,478) (D 0,0,0)
 0 1 49 166879 10023  16 (D 0,0,0) (S 287,476,477) (S 350,551,552) (S 597,535,719) (S 601,719,324) (S 584,712,57) (S 623,736,733) (S 372,566,510) (S 317,510,47) (S 17,41,42) (S 22,42,56) (S 280,458,42) (S 21,47,52) (S 27,52,58) (S 191,51,342) (D 0,0,0)
 0 1 50 165929 9196  15 (D 0,0,0) (S 647,97,529) (S 329,529,528) (S 311,503,504) (S 617,732,730) (S 616,707,728) (S 613,728,511) (S 618,728,735) (S 619,735,734) (S 183,327,328) (S 373,327,52) (S 374,52,569) (S 590,569,712) (S 181,322,324) (D 0,0,0)
 0 1 51 166411 9584  31 (D 0,0,0) (S 176,317,318) (S 566,318,127) (S 65,127,126) (S 62,123,124) (S 574,530,698) (S 602,698,719) (S 592,719,720) (S 595,720,721) (S 594,720,699) (S 573,699,704) (S 572,702,703) (S 575,702,700) (S 571,700,701) (S 577,700,705) (S 576,705,706) (S 578,706,570) (S 375,570,568) (S 596,722,568) (S 371,568,319) (S 177,319,320) (S 178,319,321) (S 282,460,321) (S 179,321,322) (S 588,322,716) (S 582,711,705) (S 580,705,709) (S 581,709,710) (S 367,563,562) (S 369,562,555) (D 0,0,0)
 0 1 52 167956 7936  19 (D 0,0,0) (S 324,309,519) (S 351,520,313) (S 173,311,312) (S 563,312,314) (S 564,314,562) (S 546,563,684) (S 138,32,259) (S 545,259,683) (S 549,688,690) (S 548,687,686) (S 551,685,692) (S 14,33,34) (S 547,35,685) (S 558,682,693) (S 561,695,561) (S 366,561,263) (S 141,263,262) (D 0,0,0)
 0 1 53 167610 8188  23 (D 0,0,0) (S 368,553,564) (S 567,564,318) (S 553,127,691) (S 552,691,536) (S 182,325,326) (S 610,723,725) (S 606,725,726) (S 605,725,714) (S 587,714,715) (S 611,715,706) (S 612,706,722) (S 598,722,717) (S 599,716,721) (S 593,721,704) (S 570,699,698) (S 600,698,723) (S 608,723,326) (S 609,326,727) (S 607,727,724) (S 554,127,554) (S 355,554,317) (D 0,0,0)
 0 1 54 167772 8016  14 (D 0,0,0) (S 363,560,559) (S 209,366,365) (S 232,365,92) (S 215,373,160) (S 249,160,420) (S 724,420,37) (S 316,37,509) (S 15,37,36) (S 88,36,145) (S 77,145,159) (S 79,159,158) (S 699,773,204) (D 0,0,0)
 0 1 55 163520 6614  13 (D 0,0,0) (S 20,49,50) (S 193,46,344) (S 543,679,680) (S 544,679,64) (S 337,55,539) (S 338,540,539) (S 348,539,549) (S 347,548,257) (S 136,255,256) (S 325,256,476) (S 172,309,310) (D 0,0,0)
 0 1 56 164973 7385  13 (D 0,0,0) (S 359,521,556) (S 336,323,538) (S 30,61,59) (S 635,59,332) (S 634,332,330) (S 614,729,500) (S 644,531,337) (S 188,337,338) (S 637,744,336) (S 29,63,62) (S 427,617,199) (D 0,0,0)
 0 1 57 167803 7876  12 (D 0,0,0) (S 428,617,613) (S 200,349,181) (S 144,264,267) (S 160,267,118) (S 162,118,108) (S 778,287,456) (S 315,454,303) (S 780,69,456) (S 277,456,77) (S 198,283,348) (D 0,0,0)
 0 1 58 167943 6702  11 (D 0,0,0) (S 239,237,402) (S 652,749,750) (S 654,750,343) (S 653,343,547) (S 344,547,545) (S 643,545,335) (S 343,547,333) (S 186,333,334) (S 342,333,546) (D 0,0,0)
 0 1 59 165806 7159  14 (D 0,0,0) (S 423,611,612) (S 96,183,182) (S 195,180,347) (S 313,347,506) (S 345,506,544) (S 646,341,100) (S 46,98,99) (S 47,99,84) (S 42,84,85) (S 187,335,336) (S 636,336,547) (S 192,343,54) (D 0,0,0)
 0 1 60 167968 8657  18 (D 0,0,0) (S 294,485,484) (S 290,484,134) (S 353,522,551) (S 358,551,317) (S 352,459,505) (S 335,538,61) (S 184,329,330) (S 633,330,729) (S 628,730,743) (S 651,743,739) (S 624,739,285) (S 153,285,284) (S 157,284,281) (S 632,291,504) (S 631,504,732) (S 185,332,331) (D 0,0,0)
