445548
61
1810528
1636641
 0 1 1 160762 8558  25 (D 0,0,0) (S 366,561,263) (S 357,311,313) (S 174,313,314) (S 563,314,312) (S 564,314,562) (S 550,565,691) (S 557,691,260) (S 555,260,534) (S 334,534,537) (S 327,525,526) (S 182,325,326) (S 609,326,727) (S 62,124,123) (S 63,125,123) (S 281,126,459) (S 354,459,554) (S 554,554,127) (S 176,318,317) (S 358,317,551) (S 350,551,552) (S 353,551,522) (S 324,519,309) (S 172,309,310) (D 0,0,0)
 0 1 2 166322 8030  11 (D 0,0,0) (S 226,94,111) (S 687,373,767) (S 688,768,769) (S 686,768,767) (S 691,767,770) (S 210,368,367) (S 214,372,152) (S 213,151,371) (S 231,367,372) (D 0,0,0)
 0 1 3 166749 8618  13 (D 0,0,0) (S 188,338,337) (S 617,732,730) (S 615,730,731) (S 618,728,735) (S 619,735,734) (S 623,733,736) (S 622,737,738) (S 620,737,736) (S 621,736,58) (S 23,58,57) (S 28,57,44) (D 0,0,0)
 0 1 4 162879 8339  10 (D 0,0,0) (S 646,341,100) (S 48,102,101) (S 649,746,748) (S 719,747,778) (S 718,778,292) (S 272,450,449) (S 269,449,448) (S 271,451,449) (D 0,0,0)
 0 1 5 166426 8266  15 (D 0,0,0) (S 20,49,50) (S 643,545,335) (S 329,529,528) (S 311,503,504) (S 310,503,502) (S 713,502,778) (S 716,778,779) (S 717,779,289) (S 159,289,295) (S 711,295,777) (S 49,101,103) (S 161,287,282) (S 197,180,182) (D 0,0,0)
 0 1 6 167602 8216  16 (D 0,0,0) (S 359,521,556) (S 365,556,323) (S 180,323,324) (S 603,324,718) (S 589,718,712) (S 590,712,569) (S 371,319,568) (S 596,568,722) (S 598,722,717) (S 593,721,704) (S 594,699,720) (S 597,719,535) (S 352,505,459) (S 355,554,317) (D 0,0,0)
 0 1 7 167910 4985  12 (D 0,0,0) (S 68,134,138) (S 492,138,653) (S 494,653,412) (S 539,643,490) (S 299,490,130) (S 66,130,128) (S 540,128,253) (S 135,253,254) (S 322,87,474) (S 291,135,482) (D 0,0,0)
 0 1 8 167842 7845  15 (D 0,0,0) (S 239,237,402) (S 95,177,181) (S 703,267,774) (S 721,774,780) (S 720,774,776) (S 707,775,109) (S 220,379,380) (S 706,379,109) (S 709,775,776) (S 710,776,106) (S 50,104,105) (S 155,108,283) (S 96,182,183) (D 0,0,0)
 0 1 9 167637 9891  17 (D 0,0,0) (S 34,73,72) (S 37,76,70) (S 168,303,302) (S 316,509,37) (S 89,37,172) (S 90,172,80) (S 40,80,81) (S 93,80,173) (S 223,308,306) (S 169,306,307) (S 729,421,307) (S 171,307,272) (S 734,272,787) (S 752,787,801) (S 747,801,268) (D 0,0,0)
 0 1 10 167000 7691  20 (D 0,0,0) (S 6,18,19) (S 325,476,256) (S 136,256,255) (S 346,255,257) (S 137,257,258) (S 542,258,120) (S 60,120,121) (S 553,127,691) (S 139,260,30) (S 140,261,30) (S 12,30,31) (S 13,31,32) (S 138,32,259) (S 558,682,693) (S 546,684,563) (S 367,563,562) (S 369,562,555) (S 326,520,519) (D 0,0,0)
 0 1 11 167732 10474  16 (D 0,0,0) (S 55,111,110) (S 15,36,37) (S 728,172,783) (S 727,783,278) (S 758,805,806) (S 217,375,296) (S 3,13,12) (S 260,12,439) (S 738,12,797) (S 760,797,375) (S 733,788,786) (S 732,786,787) (S 750,786,800) (S 745,800,801) (D 0,0,0)
 0 1 12 162277 4934  15 (D 0,0,0) (S 478,413,646) (S 302,232,492) (S 491,492,652) (S 490,650,651) (S 541,652,517) (S 321,497,516) (S 483,516,224) (S 247,418,226) (S 507,663,662) (S 510,662,661) (S 504,661,137) (S 502,137,659) (S 501,659,660) (D 0,0,0)
 0 1 13 167425 9109  10 (D 0,0,0) (S 32,69,70) (S 315,303,454) (S 87,171,170) (S 265,170,443) (S 772,443,444) (S 773,444,306) (S 250,308,421) (S 730,421,783) (D 0,0,0)
 0 1 14 166573 5008  18 (D 0,0,0) (S 420,198,608) (S 500,658,657) (S 499,657,414) (S 303,132,229) (S 121,229,230) (S 122,230,231) (S 320,515,7) (S 11,6,29) (S 2,9,10) (S 489,10,5) (S 488,5,40) (S 16,40,39) (S 120,38,228) (S 484,228,414) (S 449,627,211) (S 113,211,212) (D 0,0,0)
 0 1 15 167290 9146  27 (D 0,0,0) (S 567,564,318) (S 61,122,123) (S 604,124,724) (S 607,724,727) (S 570,698,699) (S 573,699,704) (S 572,702,703) (S 575,702,700) (S 577,700,705) (S 582,711,705) (S 576,705,706) (S 578,706,570) (S 375,570,568) (S 177,319,320) (S 178,319,321) (S 282,460,321) (S 179,321,322) (S 588,322,716) (S 599,716,721) (S 595,721,720) (S 592,720,719) (S 333,535,530) (S 552,536,691) (S 370,565,564) (S 287,477,476) (D 0,0,0)
 0 1 16 166541 4998  15 (D 0,0,0) (S 107,200,199) (S 537,611,677) (S 538,677,678) (S 535,677,246) (S 130,246,245) (S 384,245,582) (S 386,582,49) (S 242,247,407) (S 243,407,402) (S 126,237,238) (S 522,670,615) (S 429,615,612) (S 426,199,616) (D 0,0,0)
 0 1 17 164810 9786  11 (D 0,0,0) (S 74,66,148) (S 255,67,428) (S 741,68,428) (S 740,428,799) (S 256,429,430) (S 764,799,427) (S 765,427,808) (S 763,808,150) (S 75,149,157) (D 0,0,0)
 0 1 18 167798 9858  13 (D 0,0,0) (S 274,302,452) (S 275,452,453) (S 85,168,164) (S 394,164,588) (S 91,169,171) (S 774,171,455) (S 776,508,445) (S 267,445,446) (S 775,445,293) (S 715,779,777) (S 714,777,101) (D 0,0,0)
 0 1 19 166262 8666  11 (D 0,0,0) (S 209,366,365) (S 314,92,507) (S 43,90,91) (S 249,160,420) (S 722,420,781) (S 723,781,782) (S 262,441,152) (S 78,152,160) (S 215,160,373) (D 0,0,0)
 0 1 20 159385 6010  13 (D 0,0,0) (S 294,485,484) (S 290,484,134) (S 289,134,483) (S 509,483,653) (S 543,679,680) (S 544,679,64) (S 29,63,62) (S 26,62,53) (S 191,51,342) (S 301,45,491) (S 469,491,407) (D 0,0,0)
 0 1 21 157669 7486  14 (D 0,0,0) (S 406,572,595) (S 679,595,763) (S 677,763,360) (S 676,762,397) (S 207,361,362) (S 230,396,363) (S 216,374,159) (S 79,159,158) (S 699,773,204) (S 701,112,756) (S 663,756,755) (S 44,93,94) (D 0,0,0)
 0 1 22 167623 7140  12 (D 0,0,0) (S 425,615,614) (S 659,751,753) (S 200,349,181) (S 142,265,264) (S 144,264,267) (S 160,267,118) (S 59,118,117) (S 655,751,752) (S 661,752,357) (S 319,513,514) (D 0,0,0)
 0 1 23 165532 10283  16 (D 0,0,0) (S 744,795,433) (S 748,433,798) (S 743,429,798) (S 257,431,432) (S 739,431,785) (S 731,784,785) (S 258,435,436) (S 259,437,438) (S 737,437,796) (S 755,796,425) (S 735,794,793) (S 736,790,795) (S 749,803,800) (S 751,800,157) (D 0,0,0)
 0 1 24 166989 8258  16 (D 0,0,0) (S 65,127,126) (S 331,124,530) (S 574,530,698) (S 600,698,723) (S 610,723,725) (S 606,725,726) (S 605,725,714) (S 581,709,710) (S 580,709,705) (S 571,700,701) (S 602,698,719) (S 601,719,324) (S 591,718,538) (S 336,538,323) (D 0,0,0)
 0 1 25 159121 3551  13 (D 0,0,0) (S 446,215,208) (S 112,208,210) (S 241,400,404) (S 237,400,399) (S 236,399,205) (S 235,206,398) (S 238,398,401) (S 240,401,403) (S 248,403,419) (S 438,625,212) (S 436,213,622) (D 0,0,0)
 0 1 26 167312 8844  12 (D 0,0,0) (S 644,337,531) (S 631,732,504) (S 632,504,291) (S 153,284,285) (S 624,285,739) (S 651,739,743) (S 630,743,281) (S 328,293,527) (S 330,527,502) (S 648,528,747) (D 0,0,0)
 0 1 27 164180 2497  10 (D 0,0,0) (S 422,606,610) (S 421,606,607) (S 419,607,198) (S 106,198,197) (S 416,574,193) (S 415,193,601) (S 104,193,194) (S 105,194,196) (D 0,0,0)
 0 1 28 166977 8368  14 (D 0,0,0) (S 181,324,322) (S 584,712,57) (S 583,57,708) (S 579,708,707) (S 613,728,511) (S 616,728,707) (S 629,730,742) (S 627,742,48) (S 30,59,61) (S 25,61,60) (S 385,245,584) (S 387,584,583) (D 0,0,0)
 0 1 29 167398 9371  12 (D 0,0,0) (S 363,560,559) (S 234,111,397) (S 233,363,374) (S 753,156,801) (S 742,429,799) (S 254,427,65) (S 45,95,96) (S 693,155,771) (S 694,771,392) (S 228,390,394) (D 0,0,0)
 0 1 30 164902 10082  12 (D 0,0,0) (S 362,559,557) (S 145,268,269) (S 252,271,423) (S 759,423,300) (S 767,809,301) (S 166,301,277) (S 147,275,166) (S 148,277,276) (S 264,276,443) (S 92,170,173) (D 0,0,0)
 0 1 31 164856 3961  16 (D 0,0,0) (S 452,607,622) (S 447,626,215) (S 114,215,214) (S 279,209,457) (S 440,457,417) (S 67,131,132) (S 296,132,488) (S 307,488,38) (S 295,38,486) (S 297,487,489) (S 474,489,634) (S 476,222,416) (S 453,209,628) (S 451,628,214) (D 0,0,0)
 0 1 32 165746 9619  13 (D 0,0,0) (S 158,293,291) (S 156,291,280) (S 268,280,447) (S 157,281,284) (S 154,286,174) (S 586,286,713) (S 650,739,713) (S 585,713,707) (S 626,740,741) (S 625,731,739) (S 628,743,730) (D 0,0,0)
 0 1 33 146027 6059  13 (D 0,0,0) (S 380,557,523) (S 376,523,572) (S 398,572,591) (S 395,591,590) (S 194,345,346) (S 433,115,619) (S 431,619,15) (S 4,14,15) (S 430,619,618) (S 5,16,17) (S 407,596,572) (D 0,0,0)
 0 1 34 166014 7675  18 (D 0,0,0) (S 680,763,359) (S 681,764,359) (S 206,359,360) (S 678,360,762) (S 696,377,773) (S 698,773,158) (S 76,158,143) (S 72,143,144) (S 80,162,146) (S 73,146,147) (S 667,147,757) (S 671,760,178) (S 672,753,356) (S 204,356,355) (S 673,355,761) (S 674,355,751) (D 0,0,0)
 0 1 35 166610 7071  11 (D 0,0,0) (S 10,25,26) (S 361,27,558) (S 56,112,110) (S 218,110,377) (S 697,377,396) (S 208,363,364) (S 57,113,114) (S 58,114,115) (S 432,115,591) (D 0,0,0)
 0 1 36 167220 9499  14 (D 0,0,0) (S 38,77,69) (S 170,173,308) (S 266,444,270) (S 149,270,273) (S 757,273,805) (S 756,805,804) (S 754,788,803) (S 746,803,802) (S 761,802,807) (S 762,807,149) (S 695,771,772) (S 381,573,23) (D 0,0,0)
 0 1 37 167991 10062  19 (D 0,0,0) (S 368,553,564) (S 566,318,127) (S 64,126,123) (S 608,326,723) (S 587,714,715) (S 611,715,706) (S 612,706,722) (S 374,569,52) (S 373,52,327) (S 183,327,328) (S 372,566,510) (S 317,510,47) (S 17,41,42) (S 280,458,42) (S 22,42,56) (S 21,47,52) (S 27,52,58) (D 0,0,0)
 0 1 38 140882 4415  20 (D 0,0,0) (S 424,614,409) (S 132,248,249) (S 318,248,512) (S 133,248,250) (S 525,408,238) (S 526,238,239) (S 127,239,240) (S 521,239,241) (S 128,241,242) (S 523,241,670) (S 524,670,614) (S 519,612,654) (S 513,654,236) (S 125,236,234) (S 124,234,235) (S 497,235,485) (S 498,480,656) (S 108,202,201) (D 0,0,0)
 0 1 39 165862 3908  14 (D 0,0,0) (S 442,609,620) (S 503,659,136) (S 69,136,135) (S 288,135,479) (S 508,479,663) (S 505,663,406) (S 119,226,227) (S 480,648,649) (S 481,648,647) (S 477,647,646) (S 506,664,657) (S 434,620,213) (D 0,0,0)
 0 1 40 165648 6551  12 (D 0,0,0) (S 323,88,119) (S 348,549,539) (S 338,540,539) (S 337,539,55) (S 342,546,333) (S 186,333,334) (S 343,333,547) (S 653,547,343) (S 192,343,54) (S 131,50,247) (D 0,0,0)
 0 1 41 166952 6466  25 (D 0,0,0) (S 7,21,22) (S 9,21,24) (S 392,24,586) (S 100,187,188) (S 403,187,191) (S 103,191,192) (S 404,191,594) (S 408,594,186) (S 99,186,185) (S 411,597,598) (S 414,597,600) (S 412,599,176) (S 94,175,176) (S 413,176,580) (S 382,578,579) (S 383,578,581) (S 388,581,189) (S 101,189,190) (S 410,190,142) (S 71,142,141) (S 390,141,189) (S 389,141,523) (S 364,524,558) (D 0,0,0)
 0 1 42 167590 8241  14 (D 0,0,0) (S 141,262,263) (S 351,313,520) (S 349,478,255) (S 347,257,548) (S 556,550,556) (S 335,538,61) (S 24,59,48) (S 19,48,44) (S 18,43,44) (S 635,59,332) (S 185,332,331) (S 189,340,339) (D 0,0,0)
 0 1 43 160522 3812  12 (D 0,0,0) (S 8,23,21) (S 391,24,585) (S 401,585,592) (S 399,592,586) (S 402,586,187) (S 400,593,594) (S 409,594,190) (S 102,190,140) (S 70,140,139) (S 360,139,557) (D 0,0,0)
 0 1 44 165816 6847  13 (D 0,0,0) (S 405,595,94) (S 664,94,755) (S 665,755,353) (S 203,353,352) (S 202,352,351) (S 668,351,758) (S 669,758,759) (S 662,754,353) (S 666,354,757) (S 670,754,758) (S 423,612,611) (D 0,0,0)
 0 1 45 162660 5547  22 (D 0,0,0) (S 459,631,216) (S 461,216,633) (S 115,216,217) (S 1,3,4) (S 468,4,635) (S 466,635,636) (S 467,637,638) (S 472,638,639) (S 473,638,642) (S 471,641,640) (S 470,640,496) (S 306,496,4) (S 305,4,495) (S 308,495,498) (S 463,498,315) (S 175,315,316) (S 116,218,217) (S 457,221,631) (S 460,631,632) (S 445,419,208) (D 0,0,0)
 0 1 46 163422 4166  15 (D 0,0,0) (S 378,576,575) (S 245,414,413) (S 244,411,410) (S 482,405,647) (S 479,646,232) (S 123,232,233) (S 304,232,493) (S 487,494,645) (S 485,645,131) (S 486,133,228) (S 443,457,627) (S 444,627,621) (S 435,621,212) (D 0,0,0)
 0 1 47 166726 9950  13 (D 0,0,0) (S 86,169,168) (S 81,164,163) (S 83,163,166) (S 82,166,165) (S 84,165,167) (S 253,167,424) (S 769,424,440) (S 261,440,275) (S 146,275,274) (S 770,274,442) (S 276,455,304) (D 0,0,0)
 0 1 48 165343 7148  13 (D 0,0,0) (S 428,617,613) (S 660,349,147) (S 708,146,775) (S 54,109,107) (S 52,107,106) (S 51,106,104) (S 53,104,108) (S 162,108,118) (S 199,116,264) (S 97,177,179) (S 656,183,752) (D 0,0,0)
 0 1 49 164734 8506  11 (D 0,0,0) (S 705,381,36) (S 724,37,420) (S 725,781,441) (S 726,441,279) (S 152,279,278) (S 151,279,161) (S 251,153,422) (S 212,154,370) (S 397,113,345) (D 0,0,0)
 0 1 50 162862 8138  13 (D 0,0,0) (S 196,347,348) (S 780,456,69) (S 779,69,811) (S 777,810,811) (S 270,76,448) (S 273,451,75) (S 35,75,74) (S 36,74,72) (S 33,72,71) (S 190,294,341) (S 313,506,347) (D 0,0,0)
 0 1 51 167736 8276  17 (D 0,0,0) (S 187,336,335) (S 42,85,84) (S 47,84,99) (S 46,98,99) (S 645,102,746) (S 712,746,97) (S 647,97,529) (S 309,499,501) (S 614,500,729) (S 633,729,330) (S 634,330,332) (S 184,330,329) (S 642,744,339) (S 641,745,60) (S 31,60,55) (D 0,0,0)
 0 1 52 167893 9876  13 (D 0,0,0) (S 167,171,82) (S 41,82,83) (S 165,82,297) (S 164,297,298) (S 163,297,277) (S 150,277,274) (S 771,274,809) (S 766,809,424) (S 768,440,165) (S 263,163,442) (S 393,587,169) (D 0,0,0)
 0 1 53 166397 8234  18 (D 0,0,0) (S 675,589,762) (S 232,365,92) (S 229,373,395) (S 692,395,770) (S 690,770,368) (S 689,368,765) (S 682,765,79) (S 685,765,766) (S 684,766,470) (S 312,469,468) (S 227,393,387) (S 224,387,388) (S 225,384,78) (S 39,78,79) (S 683,79,389) (S 396,364,589) (D 0,0,0)
 0 1 54 159762 7335  14 (D 0,0,0) (S 195,180,347) (S 198,348,283) (S 778,287,456) (S 277,456,77) (S 278,77,288) (S 339,287,506) (S 345,506,544) (S 341,544,541) (S 340,542,543) (S 344,545,547) (S 652,750,749) (S 493,138,654) (D 0,0,0)
 0 1 55 160226 5641  26 (D 0,0,0) (S 379,575,195) (S 441,577,609) (S 437,624,623) (S 511,658,660) (S 512,660,482) (S 517,484,236) (S 514,612,666) (S 129,243,244) (S 515,243,667) (S 518,667,669) (S 516,668,669) (S 531,669,673) (S 527,672,671) (S 534,671,675) (S 533,676,675) (S 532,675,673) (S 530,674,673) (S 529,673,672) (S 528,672,667) (S 520,243,666) (S 496,617,655) (S 495,655,235) (S 293,485,200) (S 292,200,28) (D 0,0,0)
 0 1 56 166841 8119  15 (D 0,0,0) (S 427,199,617) (S 704,378,382) (S 702,382,381) (S 221,381,159) (S 77,159,145) (S 88,145,36) (S 222,382,383) (S 219,378,144) (S 109,162,203) (S 211,203,369) (S 110,203,204) (S 700,204,112) (S 377,560,573) (D 0,0,0)
 0 1 57 167541 7216  11 (D 0,0,0) (S 569,696,697) (S 568,697,53) (S 654,750,343) (S 636,547,336) (S 637,336,744) (S 638,338,532) (S 332,340,533) (S 640,533,745) (S 639,745,546) (D 0,0,0)
 0 1 58 167552 7438  15 (D 0,0,0) (S 559,518,262) (S 562,262,561) (S 561,561,695) (S 560,695,693) (S 545,259,683) (S 14,33,34) (S 547,35,685) (S 551,685,692) (S 548,686,687) (S 549,688,690) (S 565,695,312) (S 173,312,311) (S 356,311,263) (D 0,0,0)
 0 1 59 167616 4110  17 (D 0,0,0) (S 439,626,625) (S 455,625,630) (S 450,629,630) (S 454,630,214) (S 111,207,208) (S 462,632,220) (S 117,220,221) (S 458,221,217) (S 465,218,2) (S 464,2,634) (S 475,634,222) (S 118,222,223) (S 246,223,415) (S 456,415,209) (S 448,628,211) (D 0,0,0)
 0 1 60 159333 6350  13 (D 0,0,0) (S 298,86,490) (S 300,130,251) (S 134,252,129) (S 193,46,344) (S 143,266,184) (S 201,350,184) (S 98,184,183) (S 205,357,358) (S 657,357,514) (S 658,514,49) (S 536,584,246) (D 0,0,0)
 0 1 61 46970 1004  8 (D 0,0,0) (S 418,605,603) (S 417,603,604) (S 284,463,464) (S 285,464,465) (S 286,466,467) (S 283,461,462) (D 0,0,0)
