443144
61
1807382
1623317
 0 1 1 142940 3555  13 (D 0,0,0) (S 421,606,607) (S 452,607,622) (S 244,411,410) (S 482,405,647) (S 119,227,226) (S 247,226,418) (S 508,479,663) (S 507,663,662) (S 510,662,661) (S 504,661,137) (S 502,137,659) (D 0,0,0)
 0 1 2 155645 5070  13 (D 0,0,0) (S 541,517,652) (S 490,650,651) (S 491,652,492) (S 302,492,232) (S 304,232,493) (S 123,232,233) (S 479,232,646) (S 245,413,414) (S 443,457,627) (S 449,627,211) (S 113,211,212) (D 0,0,0)
 0 1 3 137511 1971  9 (D 0,0,0) (S 378,576,575) (S 436,622,213) (S 434,213,620) (S 442,620,609) (S 441,609,577) (S 106,197,198) (S 419,198,607) (D 0,0,0)
 0 1 4 162058 3472  12 (D 0,0,0) (S 114,215,214) (S 111,207,208) (S 241,400,404) (S 237,400,399) (S 236,399,205) (S 235,206,398) (S 238,398,401) (S 240,401,403) (S 248,403,419) (S 447,215,626) (D 0,0,0)
 0 1 5 166861 5238  21 (D 0,0,0) (S 457,631,221) (S 465,218,2) (S 1,3,4) (S 306,4,496) (S 470,496,640) (S 471,640,641) (S 473,642,638) (S 472,638,639) (S 467,638,637) (S 466,636,635) (S 468,635,4) (S 305,4,495) (S 308,495,498) (S 463,498,315) (S 175,315,316) (S 116,218,217) (S 458,217,221) (S 117,221,220) (S 462,220,632) (D 0,0,0)
 0 1 6 166988 4820  15 (D 0,0,0) (S 120,228,38) (S 16,39,40) (S 488,40,5) (S 489,5,10) (S 2,10,9) (S 11,6,29) (S 320,515,7) (S 122,231,230) (S 121,230,229) (S 303,229,132) (S 487,494,645) (S 485,645,131) (S 499,414,657) (D 0,0,0)
 0 1 7 165655 8196  26 (D 0,0,0) (S 511,658,660) (S 512,660,482) (S 291,482,135) (S 559,518,262) (S 562,262,561) (S 366,561,263) (S 356,263,311) (S 357,311,313) (S 174,313,314) (S 563,314,312) (S 564,314,562) (S 546,563,684) (S 13,32,31) (S 12,31,30) (S 140,261,30) (S 139,30,260) (S 555,260,534) (S 334,534,537) (S 550,691,565) (S 367,563,562) (S 369,562,555) (S 326,520,519) (S 324,519,309) (S 172,309,310) (D 0,0,0)
 0 1 8 167904 8489  15 (D 0,0,0) (S 293,200,485) (S 68,134,138) (S 646,341,100) (S 645,102,746) (S 648,747,528) (S 311,503,504) (S 632,504,291) (S 268,280,447) (S 328,293,527) (S 330,527,502) (S 329,528,529) (S 647,529,97) (S 187,335,336) (D 0,0,0)
 0 1 9 166498 5421  18 (D 0,0,0) (S 294,485,484) (S 289,134,483) (S 509,483,653) (S 494,653,412) (S 539,643,490) (S 298,490,86) (S 66,130,128) (S 540,128,253) (S 135,253,254) (S 322,87,474) (S 321,497,516) (S 288,479,135) (S 69,135,136) (S 503,136,659) (S 501,659,660) (S 420,198,608) (D 0,0,0)
 0 1 10 167804 7320  13 (D 0,0,0) (S 359,521,556) (S 180,323,324) (S 603,324,718) (S 591,718,538) (S 336,538,323) (S 365,323,556) (S 556,556,550) (S 60,121,120) (S 542,120,258) (S 137,258,257) (S 349,255,478) (D 0,0,0)
 0 1 11 164858 8463  13 (D 0,0,0) (S 589,718,712) (S 583,57,708) (S 579,708,707) (S 618,728,735) (S 622,738,737) (S 620,737,736) (S 621,736,58) (S 584,57,712) (S 588,322,716) (S 599,716,721) (S 601,719,324) (D 0,0,0)
 0 1 12 167376 6234  13 (D 0,0,0) (S 323,88,119) (S 569,696,697) (S 568,697,53) (S 543,679,680) (S 544,679,64) (S 26,62,53) (S 193,46,344) (S 131,50,247) (S 239,402,237) (S 126,237,238) (S 128,241,242) (D 0,0,0)
 0 1 13 167835 7633  16 (D 0,0,0) (S 351,520,313) (S 173,311,312) (S 565,312,695) (S 138,32,259) (S 545,259,683) (S 549,688,690) (S 548,687,686) (S 547,685,35) (S 14,33,34) (S 551,685,692) (S 558,682,693) (S 560,693,695) (S 561,695,561) (S 141,263,262) (D 0,0,0)
 0 1 14 160757 8399  14 (D 0,0,0) (S 36,72,74) (S 35,74,75) (S 34,73,72) (S 49,103,101) (S 714,101,777) (S 715,777,779) (S 716,779,778) (S 713,778,502) (S 310,502,503) (S 631,504,732) (S 185,332,331) (S 335,61,538) (D 0,0,0)
 0 1 15 164297 6292  13 (D 0,0,0) (S 342,546,333) (S 186,333,334) (S 343,333,547) (S 653,547,343) (S 654,343,750) (S 652,750,749) (S 469,491,407) (S 525,408,238) (S 526,238,239) (S 523,241,670) (S 429,615,612) (D 0,0,0)
 0 1 16 167194 8095  12 (D 0,0,0) (S 273,75,451) (S 271,451,449) (S 272,449,450) (S 269,449,448) (S 270,448,76) (S 37,76,70) (S 32,70,69) (S 780,69,456) (S 339,287,506) (S 313,506,347) (D 0,0,0)
 0 1 17 167773 9039  12 (D 0,0,0) (S 777,810,811) (S 779,811,69) (S 315,303,454) (S 776,508,445) (S 267,445,446) (S 775,445,293) (S 718,292,778) (S 719,778,747) (S 649,748,746) (S 344,545,547) (D 0,0,0)
 0 1 18 165800 7867  11 (D 0,0,0) (S 636,547,336) (S 42,85,84) (S 47,84,99) (S 46,98,99) (S 48,102,101) (S 711,777,295) (S 159,295,289) (S 33,71,72) (S 198,283,348) (D 0,0,0)
 0 1 19 167004 6911  13 (D 0,0,0) (S 671,178,760) (S 668,351,758) (S 669,758,759) (S 670,758,754) (S 662,754,353) (S 663,756,755) (S 664,94,755) (S 665,755,353) (S 203,353,352) (S 202,352,351) (S 659,753,751) (D 0,0,0)
 0 1 20 166675 8693  21 (D 0,0,0) (S 290,484,134) (S 179,322,321) (S 282,460,321) (S 178,321,319) (S 177,319,320) (S 371,319,568) (S 596,568,722) (S 598,722,717) (S 582,711,705) (S 580,705,709) (S 581,709,710) (S 606,725,726) (S 610,725,723) (S 609,326,727) (S 607,727,724) (S 604,724,124) (S 65,126,127) (S 567,318,564) (S 368,564,553) (D 0,0,0)
 0 1 21 165762 4138  16 (D 0,0,0) (S 438,212,625) (S 455,625,630) (S 279,209,457) (S 440,457,417) (S 478,413,646) (S 477,646,647) (S 481,647,648) (S 480,648,649) (S 483,224,516) (S 6,19,18) (S 505,406,663) (S 506,664,657) (S 500,657,658) (S 437,623,624) (D 0,0,0)
 0 1 22 167749 9105  15 (D 0,0,0) (S 627,48,742) (S 629,742,730) (S 616,707,728) (S 613,728,511) (S 619,735,734) (S 183,327,328) (S 373,327,52) (S 374,52,569) (S 612,722,706) (S 611,706,715) (S 587,715,714) (S 605,714,725) (S 554,127,554) (D 0,0,0)
 0 1 23 167854 9555  15 (D 0,0,0) (S 656,752,183) (S 274,302,452) (S 275,452,453) (S 265,170,443) (S 772,443,444) (S 773,444,306) (S 169,306,307) (S 250,421,308) (S 170,308,173) (S 93,173,80) (S 40,80,81) (S 90,80,172) (S 709,775,776) (D 0,0,0)
 0 1 24 167025 10528  15 (D 0,0,0) (S 86,169,168) (S 85,168,164) (S 81,164,163) (S 83,163,166) (S 82,166,165) (S 768,165,440) (S 253,424,167) (S 84,167,165) (S 147,166,275) (S 263,442,163) (S 394,164,588) (S 87,171,170) (S 92,170,173) (D 0,0,0)
 0 1 25 165189 8034  19 (D 0,0,0) (S 657,514,357) (S 674,751,355) (S 673,355,761) (S 204,355,356) (S 672,356,753) (S 200,349,181) (S 144,264,267) (S 160,267,118) (S 155,108,283) (S 161,282,287) (S 778,287,456) (S 277,456,77) (S 278,77,288) (S 190,294,341) (S 345,506,544) (S 341,544,541) (S 340,542,543) (D 0,0,0)
 0 1 26 166117 8583  12 (D 0,0,0) (S 363,560,559) (S 213,371,151) (S 251,153,422) (S 78,152,160) (S 249,160,420) (S 724,420,37) (S 316,37,509) (S 15,37,36) (S 43,91,90) (S 396,364,589) (D 0,0,0)
 0 1 27 167814 9057  16 (D 0,0,0) (S 215,373,160) (S 722,420,781) (S 723,781,782) (S 725,781,441) (S 726,441,279) (S 745,801,800) (S 750,800,786) (S 732,786,787) (S 734,787,272) (S 171,272,307) (S 729,307,421) (S 730,421,783) (S 89,172,37) (S 704,382,378) (D 0,0,0)
 0 1 28 163723 6735  9 (D 0,0,0) (S 380,557,523) (S 406,572,595) (S 677,763,360) (S 675,762,589) (S 208,364,363) (S 218,377,110) (S 405,94,595) (D 0,0,0)
 0 1 29 167868 8385  8 (D 0,0,0) (S 214,372,152) (S 262,152,441) (S 152,279,278) (S 747,268,801) (S 753,801,156) (S 212,154,370) (D 0,0,0)
 0 1 30 167700 9032  15 (D 0,0,0) (S 209,366,365) (S 229,373,395) (S 683,389,79) (S 75,157,149) (S 45,95,96) (S 227,393,387) (S 224,387,388) (S 312,468,469) (S 684,470,766) (S 685,766,765) (S 682,765,79) (S 689,765,368) (S 210,368,367) (D 0,0,0)
 0 1 31 165892 9507  13 (D 0,0,0) (S 228,394,390) (S 694,392,771) (S 695,771,772) (S 254,65,427) (S 764,427,799) (S 742,799,429) (S 256,429,430) (S 743,429,798) (S 748,798,433) (S 744,433,795) (S 761,802,807) (D 0,0,0)
 0 1 32 167691 10878  14 (D 0,0,0) (S 751,157,800) (S 754,803,788) (S 260,12,439) (S 3,12,13) (S 738,12,797) (S 760,797,375) (S 217,375,296) (S 759,300,423) (S 757,805,273) (S 266,270,444) (S 223,306,308) (S 426,199,616) (D 0,0,0)
 0 1 33 167691 9693  14 (D 0,0,0) (S 146,274,275) (S 261,275,440) (S 769,440,424) (S 766,424,809) (S 771,809,274) (S 150,274,277) (S 163,277,297) (S 164,297,298) (S 165,297,82) (S 41,82,83) (S 167,82,171) (S 774,171,455) (D 0,0,0)
 0 1 34 147375 3860  16 (D 0,0,0) (S 435,212,621) (S 444,621,627) (S 484,414,228) (S 486,228,133) (S 67,131,132) (S 296,132,488) (S 307,488,38) (S 295,38,486) (S 297,487,489) (S 474,489,634) (S 475,634,222) (S 476,222,416) (S 456,415,209) (S 448,628,211) (D 0,0,0)
 0 1 35 167424 10177  14 (D 0,0,0) (S 762,149,807) (S 257,431,432) (S 739,431,785) (S 731,784,785) (S 258,435,436) (S 737,796,437) (S 259,437,438) (S 755,796,425) (S 735,794,793) (S 736,790,795) (S 746,802,803) (S 749,803,800) (D 0,0,0)
 0 1 36 167931 9450  14 (D 0,0,0) (S 231,372,367) (S 763,150,808) (S 765,808,427) (S 740,799,428) (S 741,68,428) (S 255,428,67) (S 74,66,148) (S 693,155,771) (S 225,384,78) (S 39,78,79) (S 230,363,396) (S 234,397,111) (D 0,0,0)
 0 1 37 167282 8224  13 (D 0,0,0) (S 692,395,770) (S 690,368,770) (S 691,770,767) (S 688,768,769) (S 686,768,767) (S 687,767,373) (S 314,92,507) (S 232,92,365) (S 233,374,363) (S 395,590,591) (S 398,591,572) (D 0,0,0)
 0 1 38 167900 6447  13 (D 0,0,0) (S 432,591,115) (S 58,115,114) (S 194,346,345) (S 397,345,113) (S 57,113,114) (S 433,115,619) (S 431,619,15) (S 4,14,15) (S 430,619,618) (S 5,16,17) (S 407,596,572) (D 0,0,0)
 0 1 39 162188 5130  15 (D 0,0,0) (S 428,617,613) (S 423,611,612) (S 522,615,670) (S 524,670,614) (S 424,614,409) (S 133,250,248) (S 132,248,249) (S 318,248,512) (S 242,407,247) (S 386,49,582) (S 384,582,245) (S 130,245,246) (S 107,199,200) (D 0,0,0)
 0 1 40 165431 7724  13 (D 0,0,0) (S 216,374,159) (S 77,145,159) (S 221,159,381) (S 702,381,382) (S 222,382,383) (S 72,144,143) (S 76,143,158) (S 699,773,204) (S 56,112,110) (S 55,110,111) (S 44,93,94) (D 0,0,0)
 0 1 41 166670 7702  12 (D 0,0,0) (S 73,147,146) (S 708,146,775) (S 80,146,162) (S 79,158,159) (S 88,145,36) (S 705,36,381) (S 219,378,144) (S 110,203,204) (S 700,204,112) (S 226,111,94) (D 0,0,0)
 0 1 42 164894 9333  12 (D 0,0,0) (S 728,172,783) (S 727,783,278) (S 752,801,787) (S 733,786,788) (S 756,804,805) (S 758,805,806) (S 252,423,271) (S 149,270,273) (S 145,269,268) (S 151,279,161) (D 0,0,0)
 0 1 43 165729 7755  19 (D 0,0,0) (S 377,573,560) (S 361,27,558) (S 364,558,524) (S 666,354,757) (S 667,757,147) (S 721,774,780) (S 707,775,109) (S 220,379,380) (S 706,379,109) (S 54,109,107) (S 52,107,106) (S 51,106,104) (S 162,108,118) (S 59,118,117) (S 199,116,264) (S 95,181,177) (S 385,245,584) (D 0,0,0)
 0 1 44 166093 7014  11 (D 0,0,0) (S 703,267,774) (S 720,774,776) (S 710,776,106) (S 50,104,105) (S 53,104,108) (S 196,348,347) (S 195,347,180) (S 197,180,182) (S 96,182,183) (D 0,0,0)
 0 1 45 166343 9607  13 (D 0,0,0) (S 352,459,505) (S 181,324,322) (S 23,57,58) (S 623,736,733) (S 372,566,510) (S 317,510,47) (S 280,458,42) (S 22,42,56) (S 17,42,41) (S 21,47,52) (S 27,52,58) (D 0,0,0)
 0 1 46 167592 8982  20 (D 0,0,0) (S 25,60,61) (S 19,48,44) (S 18,43,44) (S 28,44,57) (S 590,712,569) (S 375,568,570) (S 578,570,706) (S 576,706,705) (S 577,705,700) (S 571,700,701) (S 575,700,702) (S 572,702,703) (S 593,704,721) (S 595,721,720) (S 602,719,698) (S 574,698,530) (S 552,536,691) (S 370,565,564) (D 0,0,0)
 0 1 47 167300 9573  14 (D 0,0,0) (S 521,241,239) (S 127,239,240) (S 264,443,276) (S 148,276,277) (S 166,277,301) (S 767,301,809) (S 770,274,442) (S 393,587,169) (S 91,169,171) (S 276,455,304) (S 168,302,303) (S 38,69,77) (D 0,0,0)
 0 1 48 167672 6661  14 (D 0,0,0) (S 427,199,617) (S 658,49,514) (S 319,513,514) (S 205,357,358) (S 661,357,752) (S 301,45,491) (S 134,252,129) (S 300,251,130) (S 299,130,490) (S 425,614,615) (S 125,236,234) (S 124,234,235) (D 0,0,0)
 0 1 49 164188 8381  30 (D 0,0,0) (S 287,476,477) (S 353,522,551) (S 176,317,318) (S 566,318,127) (S 553,127,691) (S 557,691,260) (S 327,525,526) (S 182,325,326) (S 608,326,723) (S 600,723,698) (S 570,698,699) (S 573,699,704) (S 594,699,720) (S 592,720,719) (S 597,719,535) (S 333,535,530) (S 331,530,124) (S 62,124,123) (S 63,125,123) (S 61,122,123) (S 64,123,126) (S 281,126,459) (S 354,459,554) (S 355,554,317) (S 358,317,551) (S 350,551,552) (S 136,255,256) (S 325,256,476) (D 0,0,0)
 0 1 50 163938 7158  12 (D 0,0,0) (S 346,255,257) (S 347,257,548) (S 348,549,539) (S 338,540,539) (S 337,539,55) (S 639,546,745) (S 189,339,340) (S 332,340,533) (S 640,533,745) (S 641,745,60) (D 0,0,0)
 0 1 51 167319 6439  13 (D 0,0,0) (S 493,654,138) (S 492,138,653) (S 243,402,407) (S 20,49,50) (S 143,266,184) (S 201,350,184) (S 98,184,183) (S 97,179,177) (S 142,265,264) (S 660,147,349) (S 655,751,752) (D 0,0,0)
 0 1 52 46970 1004  8 (D 0,0,0) (S 284,463,464) (S 285,464,465) (S 286,466,467) (S 283,461,462) (S 417,603,604) (S 418,605,603) (D 0,0,0)
 0 1 53 150613 2471  9 (D 0,0,0) (S 105,196,194) (S 104,194,193) (S 415,193,601) (S 416,193,574) (S 8,23,21) (S 391,24,585) (S 379,195,575) (D 0,0,0)
 0 1 54 165086 5337  23 (D 0,0,0) (S 7,21,22) (S 392,24,586) (S 402,586,187) (S 100,187,188) (S 403,187,191) (S 103,191,192) (S 404,191,594) (S 400,593,594) (S 409,594,190) (S 410,190,142) (S 71,142,141) (S 390,141,189) (S 389,141,523) (S 387,583,584) (S 536,584,246) (S 535,246,677) (S 538,677,678) (S 537,677,611) (S 496,617,655) (S 495,655,235) (S 497,235,485) (D 0,0,0)
 0 1 55 166528 9121  17 (D 0,0,0) (S 31,55,60) (S 30,61,59) (S 24,59,48) (S 615,730,731) (S 626,740,741) (S 585,707,713) (S 651,739,743) (S 630,743,281) (S 157,281,284) (S 153,284,285) (S 156,280,291) (S 158,291,293) (S 717,289,779) (S 712,746,97) (S 29,63,62) (D 0,0,0)
 0 1 56 164977 8139  17 (D 0,0,0) (S 376,523,572) (S 679,595,763) (S 680,763,359) (S 681,764,359) (S 206,359,360) (S 678,360,762) (S 676,762,397) (S 207,361,362) (S 697,396,377) (S 696,377,773) (S 698,773,158) (S 109,162,203) (S 211,203,369) (S 701,112,756) (S 10,25,26) (D 0,0,0)
 0 1 57 167688 4855  18 (D 0,0,0) (S 422,606,610) (S 439,626,625) (S 450,629,630) (S 454,630,214) (S 451,214,628) (S 453,628,209) (S 246,415,223) (S 118,223,222) (S 464,634,2) (S 115,217,216) (S 461,216,633) (S 459,216,631) (S 460,631,632) (S 445,419,208) (S 112,208,210) (S 446,208,215) (D 0,0,0)
 0 1 58 166568 8798  12 (D 0,0,0) (S 625,731,739) (S 650,739,713) (S 586,713,286) (S 154,286,174) (S 624,285,739) (S 628,743,730) (S 617,730,732) (S 633,729,330) (S 634,330,332) (S 635,332,59) (D 0,0,0)
 0 1 59 164240 7952  13 (D 0,0,0) (S 191,51,342) (S 642,339,744) (S 188,338,337) (S 644,337,531) (S 309,499,501) (S 614,500,729) (S 184,330,329) (S 638,532,338) (S 637,744,336) (S 643,335,545) (S 192,343,54) (D 0,0,0)
 0 1 60 165687 5751  21 (D 0,0,0) (S 9,21,24) (S 401,585,592) (S 399,592,586) (S 408,594,186) (S 99,186,185) (S 383,581,578) (S 382,578,579) (S 413,580,176) (S 412,599,176) (S 94,175,176) (S 414,597,600) (S 411,597,598) (S 388,581,189) (S 101,189,190) (S 102,190,140) (S 70,140,139) (S 360,139,557) (S 362,557,559) (S 381,573,23) (D 0,0,0)
 0 1 61 167141 5691  22 (D 0,0,0) (S 108,201,202) (S 498,656,480) (S 517,484,236) (S 513,236,654) (S 519,654,612) (S 514,612,666) (S 528,667,672) (S 529,672,673) (S 530,674,673) (S 532,673,675) (S 533,676,675) (S 534,675,671) (S 527,671,672) (S 531,673,669) (S 516,668,669) (S 518,669,667) (S 515,667,243) (S 129,243,244) (S 520,243,666) (S 292,200,28) (D 0,0,0)
