440504
61
3608486
3562218
 0 1 1 147813 4168  18 (D 0,0,0) (S 441,577,609) (S 442,609,620) (S 511,658,660) (S 512,660,482) (S 517,484,236) (S 519,654,612) (S 429,612,615) (S 424,614,409) (S 132,248,249) (S 318,248,512) (S 133,248,250) (S 525,408,238) (S 526,238,239) (S 128,241,242) (S 523,241,670) (S 522,670,615) (D 0,0,0)
 0 1 2 159785 6084  22 (D 0,0,0) (S 9,21,24) (S 392,24,586) (S 402,586,187) (S 100,187,188) (S 403,187,191) (S 103,191,192) (S 404,191,594) (S 400,593,594) (S 408,594,186) (S 99,186,185) (S 414,597,600) (S 411,597,598) (S 412,599,176) (S 94,175,176) (S 413,176,580) (S 382,578,579) (S 383,578,581) (S 388,581,189) (S 102,190,140) (S 70,140,139) (D 0,0,0)
 0 1 3 161878 6448  16 (D 0,0,0) (S 407,572,596) (S 5,16,17) (S 430,618,619) (S 431,619,15) (S 4,14,15) (S 433,619,115) (S 432,115,591) (S 398,591,572) (S 376,572,523) (S 389,523,141) (S 390,141,189) (S 101,189,190) (S 409,190,594) (S 410,190,142) (D 0,0,0)
 0 1 4 165479 6496  18 (D 0,0,0) (S 363,560,559) (S 360,557,139) (S 71,142,141) (S 406,572,595) (S 206,360,359) (S 681,764,359) (S 680,359,763) (S 677,763,360) (S 678,360,762) (S 675,762,589) (S 397,113,345) (S 194,345,346) (S 395,590,591) (S 364,524,558) (S 361,558,27) (S 10,25,26) (D 0,0,0)
 0 1 5 166628 6629  11 (D 0,0,0) (S 377,573,560) (S 405,595,94) (S 55,111,110) (S 218,110,377) (S 697,377,396) (S 230,396,363) (S 208,363,364) (S 57,113,114) (S 58,114,115) (D 0,0,0)
 0 1 6 166621 5711  22 (D 0,0,0) (S 108,201,202) (S 498,656,480) (S 495,235,655) (S 496,655,617) (S 428,617,613) (S 514,612,666) (S 520,666,243) (S 129,243,244) (S 515,243,667) (S 528,667,672) (S 530,674,673) (S 532,673,675) (S 533,676,675) (S 534,675,671) (S 527,671,672) (S 529,672,673) (S 531,673,669) (S 516,668,669) (S 518,669,667) (S 292,200,28) (D 0,0,0)
 0 1 7 101297 2599  7 (D 0,0,0) (S 8,23,21) (S 7,21,22) (S 399,586,592) (S 401,592,585) (S 391,585,24) (D 0,0,0)
 0 1 8 163792 6748  14 (D 0,0,0) (S 172,309,310) (S 324,309,519) (S 349,478,255) (S 346,255,257) (S 137,257,258) (S 542,258,120) (S 60,120,121) (S 348,549,539) (S 338,540,539) (S 337,539,55) (S 544,64,679) (S 543,679,680) (D 0,0,0)
 0 1 9 164708 7114  15 (D 0,0,0) (S 239,237,402) (S 342,546,333) (S 186,333,334) (S 340,542,543) (S 341,541,544) (S 339,506,287) (S 161,287,282) (S 198,283,348) (S 196,348,347) (S 195,347,180) (S 96,182,183) (S 661,752,357) (S 425,614,615) (D 0,0,0)
 0 1 10 166120 9019  12 (D 0,0,0) (S 314,92,507) (S 43,90,91) (S 88,145,36) (S 316,37,509) (S 724,37,420) (S 722,420,781) (S 723,781,782) (S 725,781,441) (S 262,441,152) (S 214,152,372) (D 0,0,0)
 0 1 11 166970 6557  15 (D 0,0,0) (S 205,357,358) (S 674,751,355) (S 673,355,761) (S 672,356,753) (S 659,753,751) (S 655,751,752) (S 656,752,183) (S 98,183,184) (S 201,350,184) (S 143,184,266) (S 384,582,245) (S 130,245,246) (S 538,677,678) (D 0,0,0)
 0 1 12 166858 9216  15 (D 0,0,0) (S 426,199,616) (S 702,382,381) (S 705,381,36) (S 15,36,37) (S 90,172,80) (S 40,80,81) (S 170,173,308) (S 223,308,306) (S 169,306,307) (S 729,307,421) (S 730,421,783) (S 152,278,279) (S 726,279,441) (D 0,0,0)
 0 1 13 167949 8191  11 (D 0,0,0) (S 646,341,100) (S 48,102,101) (S 715,777,779) (S 717,779,289) (S 272,450,449) (S 269,449,448) (S 270,448,76) (S 33,72,71) (S 190,294,341) (D 0,0,0)
 0 1 14 167640 8601  15 (D 0,0,0) (S 343,333,547) (S 187,336,335) (S 712,97,746) (S 716,779,778) (S 718,778,292) (S 271,449,451) (S 273,451,75) (S 35,75,74) (S 36,74,72) (S 34,73,72) (S 37,76,70) (S 777,810,811) (S 779,811,69) (D 0,0,0)
 0 1 15 167415 8201  16 (D 0,0,0) (S 97,179,177) (S 199,264,116) (S 59,117,118) (S 155,108,283) (S 49,103,101) (S 714,101,777) (S 711,777,295) (S 159,295,289) (S 328,293,527) (S 330,527,502) (S 310,502,503) (S 329,528,529) (S 647,529,97) (S 42,84,85) (D 0,0,0)
 0 1 16 167884 9191  14 (D 0,0,0) (S 642,339,744) (S 638,338,532) (S 184,329,330) (S 617,732,730) (S 628,730,743) (S 651,743,739) (S 630,743,281) (S 154,286,174) (S 586,286,713) (S 625,739,731) (S 615,731,730) (S 309,499,501) (D 0,0,0)
 0 1 17 167532 8753  11 (D 0,0,0) (S 157,281,284) (S 153,284,285) (S 624,285,739) (S 650,739,713) (S 585,713,707) (S 579,707,708) (S 583,708,57) (S 28,57,44) (S 18,43,44) (D 0,0,0)
 0 1 18 165943 9654  15 (D 0,0,0) (S 91,171,169) (S 393,169,587) (S 394,588,164) (S 81,164,163) (S 263,163,442) (S 150,274,277) (S 164,297,298) (S 165,297,82) (S 41,82,83) (S 167,82,171) (S 276,455,304) (S 277,456,77) (S 278,77,288) (D 0,0,0)
 0 1 19 142467 3707  13 (D 0,0,0) (S 436,622,213) (S 438,212,625) (S 114,214,215) (S 111,207,208) (S 460,632,631) (S 459,631,216) (S 461,216,633) (S 115,216,217) (S 458,217,221) (S 117,221,220) (S 462,220,632) (D 0,0,0)
 0 1 20 160134 3345  13 (D 0,0,0) (S 112,208,210) (S 445,208,419) (S 248,419,403) (S 240,403,401) (S 238,401,398) (S 235,398,206) (S 236,205,399) (S 237,399,400) (S 241,400,404) (S 446,208,215) (S 447,215,626) (D 0,0,0)
 0 1 21 46970 1004  8 (D 0,0,0) (S 283,461,462) (S 286,466,467) (S 284,463,464) (S 285,464,465) (S 418,605,603) (S 417,603,604) (D 0,0,0)
 0 1 22 167618 9034  13 (D 0,0,0) (S 381,23,573) (S 380,557,523) (S 149,273,270) (S 266,270,444) (S 772,444,443) (S 265,443,170) (S 87,170,171) (S 275,453,452) (S 315,454,303) (S 780,69,456) (S 778,456,287) (D 0,0,0)
 0 1 23 166838 7366  13 (D 0,0,0) (S 657,514,357) (S 95,177,181) (S 142,265,264) (S 144,264,267) (S 709,775,776) (S 710,776,106) (S 52,106,107) (S 54,107,109) (S 706,379,109) (S 707,109,775) (S 708,775,146) (D 0,0,0)
 0 1 24 167493 5364  14 (D 0,0,0) (S 469,407,491) (S 301,491,45) (S 193,46,344) (S 131,50,247) (S 242,247,407) (S 243,407,402) (S 126,237,238) (S 127,239,240) (S 521,239,241) (S 524,670,614) (S 423,612,611) (S 107,199,200) (D 0,0,0)
 0 1 25 167834 7006  12 (D 0,0,0) (S 362,559,557) (S 387,583,584) (S 660,349,147) (S 73,147,146) (S 80,146,162) (S 109,162,203) (S 211,203,369) (S 110,203,204) (S 700,204,112) (S 56,112,110) (D 0,0,0)
 0 1 26 167729 5056  11 (D 0,0,0) (S 492,138,653) (S 494,653,412) (S 539,643,490) (S 298,490,86) (S 299,490,130) (S 66,130,128) (S 540,128,253) (S 135,253,254) (S 322,87,474) (D 0,0,0)
 0 1 27 167440 9986  18 (D 0,0,0) (S 294,485,484) (S 290,484,134) (S 509,483,653) (S 19,48,44) (S 21,52,47) (S 17,41,42) (S 280,458,42) (S 22,42,56) (S 317,47,510) (S 372,510,566) (S 619,734,735) (S 618,735,728) (S 626,740,741) (S 629,730,742) (S 627,742,48) (S 25,61,60) (D 0,0,0)
 0 1 28 167271 5644  10 (D 0,0,0) (S 427,199,617) (S 537,611,677) (S 535,677,246) (S 536,246,584) (S 385,584,245) (S 386,582,49) (S 319,513,514) (S 658,514,49) (D 0,0,0)
 0 1 29 162839 7231  13 (D 0,0,0) (S 323,88,119) (S 569,696,697) (S 568,697,53) (S 29,62,63) (S 31,55,60) (S 641,60,745) (S 189,339,340) (S 332,340,533) (S 640,533,745) (S 639,745,546) (S 191,51,342) (D 0,0,0)
 0 1 30 167616 9898  14 (D 0,0,0) (S 93,80,173) (S 773,306,444) (S 264,443,276) (S 148,276,277) (S 166,277,301) (S 767,301,809) (S 766,809,424) (S 769,424,440) (S 82,165,166) (S 147,166,275) (S 146,275,274) (S 774,171,455) (D 0,0,0)
 0 1 31 167938 7293  12 (D 0,0,0) (S 667,757,147) (S 160,267,118) (S 162,118,108) (S 53,108,104) (S 50,104,105) (S 51,104,106) (S 720,776,774) (S 721,774,780) (S 703,774,267) (S 200,181,349) (D 0,0,0)
 0 1 32 166681 7985  13 (D 0,0,0) (S 20,49,50) (S 26,53,62) (S 636,547,336) (S 185,331,332) (S 634,332,330) (S 631,732,504) (S 311,504,503) (S 713,502,778) (S 719,778,747) (S 649,748,746) (S 645,746,102) (D 0,0,0)
 0 1 33 167698 7509  12 (D 0,0,0) (S 192,54,343) (S 643,545,335) (S 47,84,99) (S 46,98,99) (S 344,545,547) (S 653,547,343) (S 654,343,750) (S 652,750,749) (S 134,252,129) (S 300,251,130) (D 0,0,0)
 0 1 34 167089 9161  14 (D 0,0,0) (S 168,303,302) (S 274,302,452) (S 776,508,445) (S 267,445,446) (S 775,445,293) (S 158,293,291) (S 156,291,280) (S 268,280,447) (S 632,291,504) (S 648,528,747) (S 345,544,506) (S 313,506,347) (D 0,0,0)
 0 1 35 167181 7680  16 (D 0,0,0) (S 637,336,744) (S 188,338,337) (S 644,337,531) (S 614,500,729) (S 633,729,330) (S 635,332,59) (S 24,59,48) (S 30,59,61) (S 335,61,538) (S 336,538,323) (S 352,505,459) (S 354,459,554) (S 355,554,317) (S 350,551,552) (D 0,0,0)
 0 1 36 167656 8812  25 (D 0,0,0) (S 353,522,551) (S 358,551,317) (S 176,317,318) (S 553,127,691) (S 557,691,260) (S 327,525,526) (S 182,325,326) (S 608,326,723) (S 587,714,715) (S 611,715,706) (S 578,706,570) (S 375,570,568) (S 612,722,706) (S 576,706,705) (S 580,705,709) (S 581,709,710) (S 605,714,725) (S 606,725,726) (S 610,725,723) (S 62,124,123) (S 64,123,126) (S 554,127,554) (S 287,477,476) (D 0,0,0)
 0 1 37 167873 7780  17 (D 0,0,0) (S 325,476,256) (S 136,256,255) (S 347,257,548) (S 556,550,556) (S 281,459,126) (S 61,122,123) (S 63,125,123) (S 331,124,530) (S 333,530,535) (S 597,535,719) (S 601,719,324) (S 603,324,718) (S 591,718,538) (S 365,323,556) (S 359,556,521) (D 0,0,0)
 0 1 38 167341 7533  17 (D 0,0,0) (S 326,519,520) (S 351,520,313) (S 174,313,314) (S 563,314,312) (S 565,312,695) (S 560,695,693) (S 558,693,682) (S 549,688,690) (S 548,687,686) (S 14,33,34) (S 547,35,685) (S 551,685,692) (S 545,683,259) (S 138,259,32) (S 561,695,561) (D 0,0,0)
 0 1 39 167847 9032  30 (D 0,0,0) (S 567,564,318) (S 566,318,127) (S 65,127,126) (S 604,124,724) (S 607,724,727) (S 609,727,326) (S 600,723,698) (S 570,698,699) (S 573,699,704) (S 572,702,703) (S 575,702,700) (S 571,700,701) (S 577,700,705) (S 582,705,711) (S 598,717,722) (S 596,722,568) (S 371,568,319) (S 177,319,320) (S 588,322,716) (S 599,716,721) (S 593,721,704) (S 594,699,720) (S 595,720,721) (S 592,720,719) (S 602,719,698) (S 574,698,530) (S 552,536,691) (S 369,562,555) (D 0,0,0)
 0 1 40 166191 8624  13 (D 0,0,0) (S 180,323,324) (S 181,324,322) (S 179,322,321) (S 282,460,321) (S 178,321,319) (S 374,569,52) (S 373,52,327) (S 183,327,328) (S 623,733,736) (S 23,58,57) (S 589,712,718) (D 0,0,0)
 0 1 41 167250 8734  10 (D 0,0,0) (S 590,712,569) (S 27,52,58) (S 621,58,736) (S 620,736,737) (S 622,737,738) (S 613,728,511) (S 616,728,707) (S 584,57,712) (D 0,0,0)
 0 1 42 164966 3110  18 (D 0,0,0) (S 439,626,625) (S 455,625,630) (S 450,629,630) (S 454,630,214) (S 451,214,628) (S 453,628,209) (S 456,209,415) (S 246,415,223) (S 118,223,222) (S 476,222,416) (S 440,417,457) (S 443,457,627) (S 444,627,621) (S 434,620,213) (S 452,622,607) (S 378,575,576) (D 0,0,0)
 0 1 43 167700 5250  20 (D 0,0,0) (S 435,212,621) (S 437,624,623) (S 501,660,659) (S 503,659,136) (S 69,136,135) (S 508,479,663) (S 505,663,406) (S 247,226,418) (S 321,516,497) (S 541,517,652) (S 490,650,651) (S 491,652,492) (S 302,492,232) (S 123,232,233) (S 487,494,645) (S 485,645,131) (S 486,133,228) (S 484,228,414) (D 0,0,0)
 0 1 44 167795 4204  15 (D 0,0,0) (S 499,657,414) (S 120,228,38) (S 307,38,488) (S 296,488,132) (S 303,132,229) (S 304,493,232) (S 479,232,646) (S 477,646,647) (S 119,227,226) (S 507,663,662) (S 510,662,661) (S 506,664,657) (S 500,657,658) (D 0,0,0)
 0 1 45 167632 3932  18 (D 0,0,0) (S 245,414,413) (S 244,411,410) (S 482,405,647) (S 481,647,648) (S 480,648,649) (S 483,224,516) (S 6,19,18) (S 289,483,134) (S 68,134,138) (S 493,138,654) (S 513,654,236) (S 125,236,234) (S 124,234,235) (S 497,235,485) (S 293,485,200) (S 379,195,575) (D 0,0,0)
 0 1 46 167696 5624  23 (D 0,0,0) (S 113,212,211) (S 448,211,628) (S 279,209,457) (S 475,222,634) (S 464,634,2) (S 175,315,316) (S 463,315,498) (S 308,498,495) (S 305,495,4) (S 306,4,496) (S 470,496,640) (S 471,640,641) (S 473,642,638) (S 472,638,639) (S 467,638,637) (S 466,636,635) (S 468,635,4) (S 1,4,3) (S 465,2,218) (S 116,218,217) (S 457,221,631) (D 0,0,0)
 0 1 47 165603 4729  15 (D 0,0,0) (S 449,211,627) (S 474,634,489) (S 297,489,487) (S 295,486,38) (S 16,39,40) (S 488,40,5) (S 489,5,10) (S 2,10,9) (S 11,6,29) (S 320,515,7) (S 122,231,230) (S 121,230,229) (S 67,132,131) (D 0,0,0)
 0 1 48 167611 8224  26 (D 0,0,0) (S 291,482,135) (S 288,135,479) (S 562,262,561) (S 366,561,263) (S 173,311,312) (S 564,314,562) (S 367,562,563) (S 546,563,684) (S 13,32,31) (S 12,31,30) (S 140,261,30) (S 139,30,260) (S 555,260,534) (S 334,534,537) (S 550,691,565) (S 370,565,564) (S 368,564,553) (S 357,313,311) (S 356,311,263) (S 141,263,262) (S 559,262,518) (S 478,646,413) (S 504,661,137) (S 502,137,659) (D 0,0,0)
 0 1 49 167695 7756  9 (D 0,0,0) (S 679,595,763) (S 692,395,770) (S 690,770,368) (S 210,368,367) (S 213,371,151) (S 78,152,160) (S 215,160,373) (D 0,0,0)
 0 1 50 166892 7480  14 (D 0,0,0) (S 226,94,111) (S 216,374,159) (S 221,159,381) (S 222,382,383) (S 704,382,378) (S 219,378,144) (S 72,144,143) (S 76,143,158) (S 698,158,773) (S 699,773,204) (S 701,112,756) (S 663,756,755) (D 0,0,0)
 0 1 51 165775 9571  13 (D 0,0,0) (S 231,372,367) (S 694,392,771) (S 695,771,772) (S 254,65,427) (S 764,427,799) (S 740,799,428) (S 741,68,428) (S 255,428,67) (S 74,66,148) (S 693,155,771) (S 228,390,394) (D 0,0,0)
 0 1 52 164133 10499  15 (D 0,0,0) (S 229,373,395) (S 735,793,794) (S 755,425,796) (S 258,435,436) (S 737,796,437) (S 259,437,438) (S 260,12,439) (S 3,12,13) (S 738,12,797) (S 760,797,375) (S 733,788,786) (S 732,786,787) (S 753,801,156) (D 0,0,0)
 0 1 53 166900 10018  11 (D 0,0,0) (S 145,268,269) (S 757,273,805) (S 758,806,805) (S 756,805,804) (S 217,375,296) (S 759,300,423) (S 252,423,271) (S 163,277,297) (S 92,170,173) (D 0,0,0)
 0 1 54 165204 9434  10 (D 0,0,0) (S 250,308,421) (S 171,307,272) (S 734,272,787) (S 752,787,801) (S 751,800,157) (S 75,157,149) (S 45,95,96) (S 232,92,365) (D 0,0,0)
 0 1 55 163304 9992  14 (D 0,0,0) (S 197,182,180) (S 770,442,274) (S 771,274,809) (S 253,424,167) (S 84,167,165) (S 768,165,440) (S 261,440,275) (S 83,166,163) (S 85,164,168) (S 86,168,169) (S 32,70,69) (S 38,69,77) (D 0,0,0)
 0 1 56 167619 8298  12 (D 0,0,0) (S 234,111,397) (S 696,377,773) (S 79,158,159) (S 77,159,145) (S 249,160,420) (S 151,279,161) (S 251,153,422) (S 212,154,370) (S 209,365,366) (S 396,364,589) (D 0,0,0)
 0 1 57 167365 9900  13 (D 0,0,0) (S 762,149,807) (S 761,807,802) (S 736,795,790) (S 731,784,785) (S 739,785,431) (S 257,431,432) (S 748,798,433) (S 744,433,795) (S 754,803,788) (S 750,786,800) (S 747,801,268) (D 0,0,0)
 0 1 58 166890 9559  14 (D 0,0,0) (S 763,150,808) (S 765,808,427) (S 742,799,429) (S 256,429,430) (S 743,429,798) (S 746,802,803) (S 749,803,800) (S 745,800,801) (S 727,278,783) (S 728,783,172) (S 89,172,37) (S 220,379,380) (D 0,0,0)
 0 1 59 167539 8846  19 (D 0,0,0) (S 676,762,397) (S 207,361,362) (S 233,363,374) (S 683,389,79) (S 39,79,78) (S 225,78,384) (S 224,387,388) (S 227,393,387) (S 312,468,469) (S 684,470,766) (S 685,766,765) (S 682,765,79) (S 689,765,368) (S 691,770,767) (S 688,768,769) (S 686,768,767) (S 687,767,373) (D 0,0,0)
 0 1 60 165540 2791  11 (D 0,0,0) (S 422,606,610) (S 421,606,607) (S 419,607,198) (S 420,198,608) (S 106,198,197) (S 416,574,193) (S 415,193,601) (S 104,193,194) (S 105,194,196) (D 0,0,0)
 0 1 61 167110 7123  14 (D 0,0,0) (S 204,355,356) (S 671,178,760) (S 668,351,758) (S 666,757,354) (S 662,353,754) (S 670,754,758) (S 669,758,759) (S 202,351,352) (S 203,352,353) (S 665,353,755) (S 664,755,94) (S 44,93,94) (D 0,0,0)
