439786
60
1807637
1767887
 0 1 1 166407 5048  18 (D 0,0,0) (S 441,577,609) (S 502,659,137) (S 504,137,661) (S 510,661,662) (S 507,662,663) (S 119,226,227) (S 247,226,418) (S 133,250,248) (S 318,248,512) (S 132,248,249) (S 424,409,614) (S 423,612,611) (S 538,677,678) (S 537,677,611) (S 427,617,199) (S 426,199,616) (D 0,0,0)
 0 1 2 167113 5210  21 (D 0,0,0) (S 107,200,199) (S 428,617,613) (S 522,615,670) (S 523,670,241) (S 128,241,242) (S 525,238,408) (S 469,407,491) (S 301,491,45) (S 131,50,247) (S 242,247,407) (S 243,407,402) (S 239,402,237) (S 126,237,238) (S 526,238,239) (S 127,239,240) (S 521,239,241) (S 524,670,614) (S 425,614,615) (S 429,615,612) (D 0,0,0)
 0 1 3 167999 6896  14 (D 0,0,0) (S 290,484,134) (S 136,256,255) (S 346,255,257) (S 347,257,548) (S 348,549,539) (S 338,540,539) (S 186,333,334) (S 342,333,546) (S 337,55,539) (S 60,121,120) (S 542,120,258) (S 172,309,310) (D 0,0,0)
 0 1 4 167511 7998  22 (D 0,0,0) (S 325,476,256) (S 137,258,257) (S 556,550,556) (S 365,556,323) (S 336,323,538) (S 591,538,718) (S 603,718,324) (S 602,719,698) (S 597,719,535) (S 331,530,124) (S 62,124,123) (S 63,125,123) (S 64,123,126) (S 65,126,127) (S 176,318,317) (S 358,317,551) (S 350,551,552) (S 353,551,522) (S 349,255,478) (S 289,483,134) (D 0,0,0)
 0 1 5 167808 5441  14 (D 0,0,0) (S 294,485,484) (S 68,134,138) (S 494,653,412) (S 539,643,490) (S 298,490,86) (S 299,490,130) (S 300,130,251) (S 134,252,129) (S 66,130,128) (S 540,128,253) (S 135,253,254) (S 322,87,474) (D 0,0,0)
 0 1 6 166432 6301  15 (D 0,0,0) (S 20,49,50) (S 193,46,344) (S 543,679,680) (S 544,679,64) (S 29,63,62) (S 26,62,53) (S 568,53,697) (S 569,697,696) (S 323,119,88) (S 541,517,652) (S 291,135,482) (S 512,482,660) (S 437,623,624) (D 0,0,0)
 0 1 7 163086 2372  8 (D 0,0,0) (S 442,609,620) (S 434,620,213) (S 436,213,622) (S 452,622,607) (S 421,607,606) (S 422,606,610) (D 0,0,0)
 0 1 8 137163 2798  14 (D 0,0,0) (S 416,574,193) (S 415,193,601) (S 104,193,194) (S 105,194,196) (S 379,195,575) (S 378,575,576) (S 417,603,604) (S 418,605,603) (S 283,461,462) (S 285,464,465) (S 284,463,464) (S 286,466,467) (D 0,0,0)
 0 1 9 167462 8624  15 (D 0,0,0) (S 381,23,573) (S 363,560,559) (S 215,373,160) (S 78,160,152) (S 251,153,422) (S 693,155,771) (S 695,771,772) (S 224,387,388) (S 312,468,469) (S 684,470,766) (S 685,766,765) (S 210,368,367) (S 233,374,363) (D 0,0,0)
 0 1 10 167701 6070  16 (D 0,0,0) (S 361,27,558) (S 364,558,524) (S 376,523,572) (S 398,572,591) (S 395,591,590) (S 194,345,346) (S 58,114,115) (S 433,115,619) (S 4,14,15) (S 431,15,619) (S 430,619,618) (S 5,16,17) (S 407,596,572) (S 377,560,573) (D 0,0,0)
 0 1 11 141658 3047  12 (D 0,0,0) (S 8,23,21) (S 391,24,585) (S 401,585,592) (S 399,592,586) (S 392,586,24) (S 9,24,21) (S 7,21,22) (S 106,197,198) (S 420,198,608) (S 419,198,607) (D 0,0,0)
 0 1 12 167437 5730  23 (D 0,0,0) (S 292,28,200) (S 495,235,655) (S 496,655,617) (S 520,666,243) (S 129,243,244) (S 515,243,667) (S 518,667,669) (S 516,668,669) (S 531,669,673) (S 530,674,673) (S 529,673,672) (S 532,673,675) (S 533,676,675) (S 534,675,671) (S 527,671,672) (S 528,672,667) (S 514,666,612) (S 519,612,654) (S 517,236,484) (S 498,480,656) (S 108,202,201) (D 0,0,0)
 0 1 13 167921 4000  18 (D 0,0,0) (S 293,200,485) (S 497,485,235) (S 124,235,234) (S 125,234,236) (S 513,236,654) (S 493,654,138) (S 492,138,653) (S 509,653,483) (S 6,18,19) (S 483,516,224) (S 480,648,649) (S 481,648,647) (S 482,647,405) (S 244,410,411) (S 506,664,657) (S 500,657,658) (D 0,0,0)
 0 1 14 154127 5334  14 (D 0,0,0) (S 402,586,187) (S 409,594,190) (S 410,190,142) (S 71,142,141) (S 390,141,189) (S 389,141,523) (S 387,583,584) (S 385,584,245) (S 384,245,582) (S 386,49,582) (S 536,584,246) (S 535,246,677) (D 0,0,0)
 0 1 15 167291 6343  23 (D 0,0,0) (S 100,187,188) (S 403,187,191) (S 103,191,192) (S 404,191,594) (S 400,593,594) (S 408,594,186) (S 99,186,185) (S 414,597,600) (S 411,597,598) (S 412,599,176) (S 94,175,176) (S 413,176,580) (S 382,578,579) (S 383,578,581) (S 388,581,189) (S 101,189,190) (S 102,190,140) (S 70,140,139) (S 360,139,557) (S 362,557,559) (S 10,25,26) (D 0,0,0)
 0 1 16 167712 7686  16 (D 0,0,0) (S 380,557,523) (S 679,595,763) (S 677,763,360) (S 680,763,359) (S 681,764,359) (S 206,359,360) (S 678,360,762) (S 676,762,397) (S 55,110,111) (S 234,111,397) (S 207,361,362) (S 675,762,589) (S 57,113,114) (S 432,115,591) (D 0,0,0)
 0 1 17 167836 7885  11 (D 0,0,0) (S 396,589,364) (S 687,373,767) (S 691,767,770) (S 692,770,395) (S 229,395,373) (S 314,92,507) (S 232,92,365) (S 209,365,366) (S 397,113,345) (D 0,0,0)
 0 1 18 166718 7183  11 (D 0,0,0) (S 208,364,363) (S 43,90,91) (S 77,145,159) (S 79,159,158) (S 698,158,773) (S 696,773,377) (S 218,377,110) (S 226,111,94) (S 44,93,94) (D 0,0,0)
 0 1 19 167209 6627  12 (D 0,0,0) (S 405,595,94) (S 665,755,353) (S 203,353,352) (S 202,352,351) (S 668,351,758) (S 669,758,759) (S 666,757,354) (S 663,756,755) (S 664,755,94) (S 406,595,572) (D 0,0,0)
 0 1 20 167802 8495  13 (D 0,0,0) (S 662,754,353) (S 700,112,204) (S 699,204,773) (S 76,158,143) (S 72,143,144) (S 219,144,378) (S 705,381,36) (S 724,37,420) (S 316,37,509) (S 88,36,145) (S 216,159,374) (D 0,0,0)
 0 1 21 166806 10200  14 (D 0,0,0) (S 230,396,363) (S 746,803,802) (S 736,795,790) (S 735,793,794) (S 755,425,796) (S 258,435,436) (S 731,784,785) (S 739,785,431) (S 256,429,430) (S 740,799,428) (S 255,428,67) (S 74,66,148) (D 0,0,0)
 0 1 22 167876 9521  11 (D 0,0,0) (S 762,149,807) (S 761,807,802) (S 744,795,433) (S 748,433,798) (S 257,431,432) (S 743,798,429) (S 742,429,799) (S 741,428,68) (S 225,384,78) (D 0,0,0)
 0 1 23 167748 9628  10 (D 0,0,0) (S 212,370,154) (S 753,156,801) (S 745,801,800) (S 750,800,786) (S 759,423,300) (S 252,423,271) (S 145,269,268) (S 728,783,172) (D 0,0,0)
 0 1 24 166369 9000  14 (D 0,0,0) (S 15,36,37) (S 89,37,172) (S 90,172,80) (S 40,80,81) (S 93,80,173) (S 170,173,308) (S 250,308,421) (S 730,421,783) (S 727,783,278) (S 152,278,279) (S 723,781,782) (S 249,420,160) (D 0,0,0)
 0 1 25 167634 8409  12 (D 0,0,0) (S 214,372,152) (S 262,152,441) (S 726,441,279) (S 151,279,161) (S 213,151,371) (S 682,79,765) (S 689,765,368) (S 690,368,770) (S 686,767,768) (S 688,768,769) (D 0,0,0)
 0 1 26 167566 9090  12 (D 0,0,0) (S 231,372,367) (S 683,389,79) (S 39,79,78) (S 75,157,149) (S 45,95,96) (S 763,150,808) (S 765,808,427) (S 764,799,427) (S 254,427,65) (S 694,771,392) (D 0,0,0)
 0 1 27 166979 9885  16 (D 0,0,0) (S 223,308,306) (S 169,306,307) (S 729,421,307) (S 773,306,444) (S 266,444,270) (S 149,270,273) (S 757,273,805) (S 758,806,805) (S 756,805,804) (S 754,788,803) (S 749,803,800) (S 751,800,157) (S 227,393,387) (S 228,390,394) (D 0,0,0)
 0 1 28 167432 7143  10 (D 0,0,0) (S 660,349,147) (S 73,147,146) (S 80,146,162) (S 109,162,203) (S 211,203,369) (S 110,203,204) (S 56,112,110) (S 701,112,756) (D 0,0,0)
 0 1 29 167137 7471  13 (D 0,0,0) (S 144,264,267) (S 703,267,774) (S 720,774,776) (S 710,776,106) (S 51,104,106) (S 52,106,107) (S 54,107,109) (S 708,775,146) (S 667,147,757) (S 670,754,758) (S 671,760,178) (D 0,0,0)
 0 1 30 167750 7843  15 (D 0,0,0) (S 143,266,184) (S 201,350,184) (S 97,179,177) (S 95,177,181) (S 721,774,780) (S 709,775,776) (S 707,775,109) (S 706,109,379) (S 220,379,380) (S 704,378,382) (S 702,382,381) (S 221,381,159) (S 697,377,396) (D 0,0,0)
 0 1 31 166771 9170  10 (D 0,0,0) (S 198,348,283) (S 315,303,454) (S 275,453,452) (S 274,452,302) (S 276,304,455) (S 776,508,445) (S 267,445,446) (S 775,445,293) (D 0,0,0)
 0 1 32 166970 8798  17 (D 0,0,0) (S 158,293,291) (S 156,291,280) (S 268,280,447) (S 630,281,743) (S 651,743,739) (S 650,739,713) (S 586,713,286) (S 154,286,174) (S 153,285,284) (S 157,284,281) (S 632,291,504) (S 649,748,746) (S 645,746,102) (S 345,544,506) (S 313,506,347) (D 0,0,0)
 0 1 33 167368 8154  12 (D 0,0,0) (S 339,506,287) (S 278,288,77) (S 38,77,69) (S 32,69,70) (S 37,70,76) (S 270,76,448) (S 269,448,449) (S 35,75,74) (S 34,73,72) (S 33,72,71) (D 0,0,0)
 0 1 34 166954 9877  16 (D 0,0,0) (S 168,303,302) (S 774,455,171) (S 86,169,168) (S 85,168,164) (S 83,163,166) (S 82,166,165) (S 84,165,167) (S 253,167,424) (S 766,424,809) (S 767,809,301) (S 166,301,277) (S 264,276,443) (S 265,443,170) (S 92,170,173) (D 0,0,0)
 0 1 35 166474 9902  12 (D 0,0,0) (S 87,170,171) (S 91,171,169) (S 393,169,587) (S 394,588,164) (S 81,164,163) (S 147,166,275) (S 261,275,440) (S 768,165,440) (S 769,440,424) (S 771,809,274) (D 0,0,0)
 0 1 36 167717 9885  13 (D 0,0,0) (S 772,444,443) (S 148,276,277) (S 150,277,274) (S 146,274,275) (S 263,163,442) (S 770,442,274) (S 163,277,297) (S 164,297,298) (S 165,297,82) (S 41,82,83) (S 167,82,171) (D 0,0,0)
 0 1 37 167920 10713  18 (D 0,0,0) (S 171,307,272) (S 734,272,787) (S 732,787,786) (S 733,786,788) (S 760,375,797) (S 737,437,796) (S 259,437,438) (S 738,797,12) (S 260,12,439) (S 3,12,13) (S 217,296,375) (S 752,787,801) (S 747,801,268) (S 725,441,781) (S 722,781,420) (S 222,382,383) (D 0,0,0)
 0 1 38 165160 7833  25 (D 0,0,0) (S 321,516,497) (S 559,518,262) (S 562,262,561) (S 366,561,263) (S 356,263,311) (S 357,311,313) (S 174,313,314) (S 563,314,312) (S 564,314,562) (S 367,562,563) (S 567,564,318) (S 566,318,127) (S 553,127,691) (S 557,691,260) (S 334,534,537) (S 555,534,260) (S 139,260,30) (S 140,261,30) (S 12,30,31) (S 13,31,32) (S 560,693,695) (S 561,695,561) (S 141,263,262) (D 0,0,0)
 0 1 39 166014 7894  17 (D 0,0,0) (S 324,309,519) (S 326,519,520) (S 351,520,313) (S 173,311,312) (S 565,312,695) (S 558,693,682) (S 549,688,690) (S 548,687,686) (S 551,685,692) (S 547,685,35) (S 14,33,34) (S 545,683,259) (S 138,259,32) (S 546,684,563) (S 369,562,555) (D 0,0,0)
 0 1 40 167946 8728  20 (D 0,0,0) (S 368,553,564) (S 370,564,565) (S 550,565,691) (S 552,691,536) (S 574,530,698) (S 594,699,720) (S 595,720,721) (S 599,721,716) (S 598,717,722) (S 596,722,568) (S 612,722,706) (S 578,706,570) (S 375,570,568) (S 371,568,319) (S 177,319,320) (S 178,319,321) (S 282,460,321) (S 179,321,322) (D 0,0,0)
 0 1 41 166834 9583  12 (D 0,0,0) (S 590,712,569) (S 374,569,52) (S 21,52,47) (S 280,458,42) (S 22,42,56) (S 17,42,41) (S 317,47,510) (S 372,510,566) (S 623,733,736) (S 621,736,58) (D 0,0,0)
 0 1 42 167999 8668  12 (D 0,0,0) (S 189,339,340) (S 633,330,729) (S 625,731,739) (S 624,739,285) (S 628,743,730) (S 629,730,742) (S 627,742,48) (S 24,48,59) (S 30,59,61) (S 25,61,60) (D 0,0,0)
 0 1 43 167326 9130  12 (D 0,0,0) (S 583,57,708) (S 579,708,707) (S 613,728,511) (S 616,728,707) (S 585,707,713) (S 626,740,741) (S 615,731,730) (S 617,730,732) (S 635,332,59) (S 31,60,55) (D 0,0,0)
 0 1 44 166010 7299  12 (D 0,0,0) (S 639,546,745) (S 640,745,533) (S 332,533,340) (S 185,331,332) (S 634,332,330) (S 184,330,329) (S 638,532,338) (S 637,336,744) (S 642,744,339) (S 641,745,60) (D 0,0,0)
 0 1 45 166722 6649  9 (D 0,0,0) (S 652,749,750) (S 654,750,343) (S 636,547,336) (S 643,335,545) (S 653,547,343) (S 192,343,54) (S 130,245,246) (D 0,0,0)
 0 1 46 165029 6844  13 (D 0,0,0) (S 658,49,514) (S 319,513,514) (S 657,514,357) (S 205,357,358) (S 661,357,752) (S 655,752,751) (S 674,751,355) (S 673,355,761) (S 204,355,356) (S 672,356,753) (S 659,753,751) (D 0,0,0)
 0 1 47 167590 8113  15 (D 0,0,0) (S 200,349,181) (S 161,282,287) (S 36,72,74) (S 273,75,451) (S 271,451,449) (S 272,449,450) (S 718,292,778) (S 713,502,778) (S 716,778,779) (S 715,779,777) (S 714,777,101) (S 49,101,103) (S 656,183,752) (D 0,0,0)
 0 1 48 166819 8045  11 (D 0,0,0) (S 98,184,183) (S 328,293,527) (S 330,527,502) (S 310,502,503) (S 311,503,504) (S 631,504,732) (S 614,729,500) (S 644,531,337) (S 188,337,338) (D 0,0,0)
 0 1 49 167570 8627  18 (D 0,0,0) (S 191,51,342) (S 340,542,543) (S 341,541,544) (S 646,341,100) (S 48,102,101) (S 711,777,295) (S 159,295,289) (S 717,289,779) (S 719,778,747) (S 648,747,528) (S 329,528,529) (S 309,499,501) (S 647,529,97) (S 712,97,746) (S 344,545,547) (S 343,547,333) (D 0,0,0)
 0 1 50 166581 8371  13 (D 0,0,0) (S 160,267,118) (S 778,287,456) (S 780,456,69) (S 779,69,811) (S 777,810,811) (S 277,456,77) (S 190,294,341) (S 46,98,99) (S 47,99,84) (S 42,84,85) (S 187,335,336) (D 0,0,0)
 0 1 51 167821 6772  13 (D 0,0,0) (S 142,265,264) (S 199,264,116) (S 59,117,118) (S 162,118,108) (S 50,104,105) (S 53,104,108) (S 155,108,283) (S 196,348,347) (S 195,347,180) (S 197,180,182) (S 96,182,183) (D 0,0,0)
 0 1 52 167419 8844  16 (D 0,0,0) (S 589,718,712) (S 27,58,52) (S 373,52,327) (S 183,327,328) (S 619,734,735) (S 618,728,735) (S 622,738,737) (S 620,737,736) (S 23,58,57) (S 181,322,324) (S 352,505,459) (S 354,459,554) (S 355,554,317) (S 287,477,476) (D 0,0,0)
 0 1 53 166241 8718  19 (D 0,0,0) (S 333,530,535) (S 335,538,61) (S 19,48,44) (S 18,43,44) (S 28,44,57) (S 584,57,712) (S 588,322,716) (S 582,711,705) (S 580,705,709) (S 581,709,710) (S 575,700,702) (S 572,702,703) (S 593,704,721) (S 592,720,719) (S 601,719,324) (S 180,324,323) (S 359,556,521) (D 0,0,0)
 0 1 54 167986 8704  22 (D 0,0,0) (S 281,459,126) (S 61,122,123) (S 604,124,724) (S 607,724,727) (S 609,727,326) (S 608,326,723) (S 600,723,698) (S 570,698,699) (S 573,699,704) (S 571,700,701) (S 577,700,705) (S 576,705,706) (S 611,706,715) (S 587,715,714) (S 605,714,725) (S 606,725,726) (S 610,725,723) (S 182,326,325) (S 327,525,526) (S 554,127,554) (D 0,0,0)
 0 1 55 151974 3345  12 (D 0,0,0) (S 447,626,215) (S 241,400,404) (S 237,400,399) (S 236,399,205) (S 235,206,398) (S 238,398,401) (S 240,401,403) (S 248,403,419) (S 445,419,208) (S 112,208,210) (D 0,0,0)
 0 1 56 161844 5547  22 (D 0,0,0) (S 446,215,208) (S 460,632,631) (S 459,631,216) (S 461,216,633) (S 115,216,217) (S 116,217,218) (S 175,315,316) (S 463,315,498) (S 308,498,495) (S 305,495,4) (S 306,4,496) (S 470,496,640) (S 471,640,641) (S 473,642,638) (S 472,638,639) (S 467,638,637) (S 466,636,635) (S 468,635,4) (S 1,4,3) (S 457,221,631) (D 0,0,0)
 0 1 57 165646 3968  16 (D 0,0,0) (S 438,212,625) (S 455,625,630) (S 111,207,208) (S 462,632,220) (S 117,220,221) (S 458,221,217) (S 465,218,2) (S 464,2,634) (S 118,222,223) (S 246,223,415) (S 456,415,209) (S 453,209,628) (S 448,628,211) (S 113,211,212) (D 0,0,0)
 0 1 58 167759 4843  19 (D 0,0,0) (S 449,211,627) (S 443,627,457) (S 484,414,228) (S 67,131,132) (S 303,132,229) (S 121,229,230) (S 122,230,231) (S 320,515,7) (S 11,6,29) (S 2,9,10) (S 489,10,5) (S 488,5,40) (S 16,40,39) (S 120,38,228) (S 279,457,209) (S 451,628,214) (S 114,214,215) (D 0,0,0)
 0 1 59 159051 4112  18 (D 0,0,0) (S 435,212,621) (S 444,621,627) (S 440,457,417) (S 245,414,413) (S 478,413,646) (S 485,645,131) (S 296,132,488) (S 307,488,38) (S 295,38,486) (S 297,487,489) (S 474,489,634) (S 475,634,222) (S 476,222,416) (S 454,214,630) (S 450,629,630) (S 439,625,626) (D 0,0,0)
 0 1 60 165070 5372  19 (D 0,0,0) (S 511,658,660) (S 501,660,659) (S 503,659,136) (S 69,136,135) (S 288,135,479) (S 508,479,663) (S 505,663,406) (S 477,647,646) (S 479,646,232) (S 490,650,651) (S 491,652,492) (S 302,492,232) (S 123,232,233) (S 304,232,493) (S 487,494,645) (S 486,133,228) (S 499,414,657) (D 0,0,0)
