440968
61
3607638
3464848
 0 1 1 163254 3736  16 (D 0,0,0) (S 378,576,575) (S 438,212,625) (S 454,630,214) (S 451,214,628) (S 456,209,415) (S 246,415,223) (S 118,223,222) (S 475,222,634) (S 464,634,2) (S 465,2,218) (S 116,218,217) (S 458,217,221) (S 117,221,220) (S 462,220,632) (D 0,0,0)
 0 1 2 159369 3249  12 (D 0,0,0) (S 447,626,215) (S 446,215,208) (S 445,208,419) (S 248,419,403) (S 240,403,401) (S 238,401,398) (S 235,398,206) (S 236,205,399) (S 237,399,400) (S 241,400,404) (D 0,0,0)
 0 1 3 167993 4916  18 (D 0,0,0) (S 448,211,628) (S 453,628,209) (S 279,209,457) (S 120,228,38) (S 16,39,40) (S 488,40,5) (S 489,5,10) (S 2,10,9) (S 11,6,29) (S 320,515,7) (S 122,231,230) (S 121,230,229) (S 303,229,132) (S 484,228,414) (S 444,627,621) (S 435,621,212) (D 0,0,0)
 0 1 4 167002 6115  26 (D 0,0,0) (S 439,626,625) (S 455,625,630) (S 450,629,630) (S 114,214,215) (S 111,207,208) (S 112,208,210) (S 460,632,631) (S 459,631,216) (S 461,216,633) (S 115,216,217) (S 175,315,316) (S 463,315,498) (S 308,498,495) (S 305,495,4) (S 468,4,635) (S 466,635,636) (S 467,637,638) (S 472,638,639) (S 473,638,642) (S 471,641,640) (S 470,640,496) (S 306,496,4) (S 1,4,3) (S 457,221,631) (D 0,0,0)
 0 1 5 165221 3676  16 (D 0,0,0) (S 486,228,133) (S 485,645,131) (S 67,131,132) (S 296,132,488) (S 307,488,38) (S 295,38,486) (S 297,487,489) (S 474,489,634) (S 476,222,416) (S 440,417,457) (S 443,457,627) (S 449,627,211) (S 113,211,212) (S 452,622,607) (D 0,0,0)
 0 1 6 165743 4136  21 (D 0,0,0) (S 419,607,198) (S 501,660,659) (S 503,659,136) (S 69,136,135) (S 288,135,479) (S 508,479,663) (S 505,663,406) (S 119,226,227) (S 481,647,648) (S 480,648,649) (S 483,224,516) (S 247,418,226) (S 507,663,662) (S 510,662,661) (S 504,661,137) (S 502,137,659) (S 511,660,658) (S 437,623,624) (S 441,609,577) (D 0,0,0)
 0 1 7 165353 7207  13 (D 0,0,0) (S 376,523,572) (S 56,110,112) (S 700,112,204) (S 699,204,773) (S 698,773,158) (S 76,158,143) (S 72,143,144) (S 219,144,378) (S 220,379,380) (S 707,109,775) (S 708,775,146) (D 0,0,0)
 0 1 8 164324 7265  14 (D 0,0,0) (S 664,94,755) (S 663,755,756) (S 701,756,112) (S 110,204,203) (S 211,203,369) (S 109,203,162) (S 80,162,146) (S 73,146,147) (S 667,147,757) (S 666,757,354) (S 665,353,755) (S 44,93,94) (D 0,0,0)
 0 1 9 166348 7917  20 (D 0,0,0) (S 287,476,477) (S 351,520,313) (S 368,553,564) (S 567,564,318) (S 281,126,459) (S 333,535,530) (S 331,530,124) (S 604,124,724) (S 607,724,727) (S 609,727,326) (S 608,326,723) (S 182,326,325) (S 327,525,526) (S 552,536,691) (S 550,691,565) (S 370,565,564) (S 136,255,256) (S 325,256,476) (D 0,0,0)
 0 1 10 154607 7132  16 (D 0,0,0) (S 426,199,616) (S 522,615,670) (S 128,241,242) (S 521,241,239) (S 239,237,402) (S 655,752,751) (S 200,349,181) (S 142,265,264) (S 660,147,349) (S 672,753,356) (S 204,356,355) (S 673,355,761) (S 674,355,751) (S 661,752,357) (D 0,0,0)
 0 1 11 163286 9220  15 (D 0,0,0) (S 363,560,559) (S 380,557,523) (S 233,363,374) (S 43,90,91) (S 249,160,420) (S 726,441,279) (S 727,278,783) (S 729,421,307) (S 169,307,306) (S 772,444,443) (S 264,443,276) (S 266,270,444) (S 773,444,306) (D 0,0,0)
 0 1 12 167558 9833  13 (D 0,0,0) (S 753,156,801) (S 752,801,787) (S 733,786,788) (S 754,788,803) (S 746,803,802) (S 744,795,433) (S 743,798,429) (S 256,429,430) (S 742,429,799) (S 254,427,65) (S 74,66,148) (D 0,0,0)
 0 1 13 160485 5847  22 (D 0,0,0) (S 9,21,24) (S 392,24,586) (S 402,586,187) (S 100,187,188) (S 404,191,594) (S 408,594,186) (S 99,186,185) (S 382,578,579) (S 412,599,176) (S 94,175,176) (S 413,176,580) (S 414,597,600) (S 411,597,598) (S 383,578,581) (S 388,581,189) (S 71,141,142) (S 410,142,190) (S 102,190,140) (S 70,140,139) (S 360,139,557) (D 0,0,0)
 0 1 14 165564 7999  11 (D 0,0,0) (S 381,23,573) (S 314,92,507) (S 210,367,368) (S 690,368,770) (S 692,770,395) (S 232,92,365) (S 209,365,366) (S 395,590,591) (S 398,591,572) (D 0,0,0)
 0 1 15 167900 6447  13 (D 0,0,0) (S 432,591,115) (S 58,115,114) (S 57,114,113) (S 397,113,345) (S 194,345,346) (S 433,115,619) (S 431,619,15) (S 4,14,15) (S 430,619,618) (S 5,16,17) (S 407,596,572) (D 0,0,0)
 0 1 16 166239 6682  17 (D 0,0,0) (S 97,179,177) (S 95,177,181) (S 199,264,116) (S 59,117,118) (S 162,118,108) (S 53,108,104) (S 155,108,283) (S 198,283,348) (S 196,348,347) (S 195,347,180) (S 197,180,182) (S 96,182,183) (S 493,138,654) (S 517,236,484) (S 294,484,485) (D 0,0,0)
 0 1 17 166628 8990  15 (D 0,0,0) (S 423,611,612) (S 706,109,379) (S 222,382,383) (S 702,382,381) (S 152,279,278) (S 145,268,269) (S 734,272,787) (S 732,787,786) (S 750,786,800) (S 745,800,801) (S 747,801,268) (S 151,279,161) (S 231,367,372) (D 0,0,0)
 0 1 18 163058 8576  14 (D 0,0,0) (S 229,373,395) (S 683,389,79) (S 682,79,765) (S 685,765,766) (S 684,766,470) (S 312,469,468) (S 227,393,387) (S 224,387,388) (S 694,392,771) (S 693,771,155) (S 75,149,157) (S 213,151,371) (D 0,0,0)
 0 1 19 167531 8835  15 (D 0,0,0) (S 646,341,100) (S 648,747,528) (S 330,502,527) (S 328,527,293) (S 158,293,291) (S 156,291,280) (S 624,285,739) (S 625,739,731) (S 626,740,741) (S 617,730,732) (S 633,729,330) (S 637,744,336) (S 26,62,53) (D 0,0,0)
 0 1 20 167000 9696  11 (D 0,0,0) (S 763,150,808) (S 765,808,427) (S 764,427,799) (S 740,799,428) (S 741,68,428) (S 255,428,67) (S 45,95,96) (S 695,771,772) (S 228,390,394) (D 0,0,0)
 0 1 21 166823 8248  15 (D 0,0,0) (S 377,573,560) (S 215,373,160) (S 78,160,152) (S 262,152,441) (S 725,441,781) (S 723,781,782) (S 722,781,420) (S 724,420,37) (S 316,37,509) (S 15,37,36) (S 88,36,145) (S 77,145,159) (S 216,159,374) (D 0,0,0)
 0 1 22 165930 8273  11 (D 0,0,0) (S 687,373,767) (S 686,767,768) (S 688,768,769) (S 691,767,770) (S 689,368,765) (S 39,79,78) (S 212,370,154) (S 251,153,422) (S 214,152,372) (D 0,0,0)
 0 1 23 167928 9379  13 (D 0,0,0) (S 170,173,308) (S 223,308,306) (S 171,307,272) (S 149,273,270) (S 252,271,423) (S 759,423,300) (S 166,301,277) (S 163,277,297) (S 165,297,82) (S 41,82,83) (S 167,82,171) (D 0,0,0)
 0 1 24 166055 9807  14 (D 0,0,0) (S 393,169,587) (S 770,442,274) (S 146,274,275) (S 147,275,166) (S 261,275,440) (S 769,440,424) (S 771,809,274) (S 150,274,277) (S 164,297,298) (S 87,171,170) (S 92,170,173) (S 168,302,303) (D 0,0,0)
 0 1 25 166914 10122  12 (D 0,0,0) (S 263,442,163) (S 83,163,166) (S 82,166,165) (S 768,165,440) (S 84,165,167) (S 253,167,424) (S 766,424,809) (S 767,809,301) (S 148,277,276) (S 265,443,170) (D 0,0,0)
 0 1 26 167981 8837  15 (D 0,0,0) (S 704,378,382) (S 89,37,172) (S 90,172,80) (S 40,80,81) (S 93,80,173) (S 250,308,421) (S 730,421,783) (S 728,783,172) (S 705,36,381) (S 221,381,159) (S 79,159,158) (S 696,773,377) (S 234,397,111) (D 0,0,0)
 0 1 27 166492 6053  13 (D 0,0,0) (S 289,134,483) (S 6,18,19) (S 298,86,490) (S 300,130,251) (S 134,252,129) (S 301,491,45) (S 568,53,697) (S 191,51,342) (S 193,46,344) (S 469,491,407) (S 126,237,238) (D 0,0,0)
 0 1 28 167824 8040  18 (D 0,0,0) (S 512,660,482) (S 141,262,263) (S 173,311,312) (S 563,314,312) (S 565,312,695) (S 558,693,682) (S 548,686,687) (S 549,688,690) (S 551,685,692) (S 14,33,34) (S 547,35,685) (S 545,683,259) (S 138,259,32) (S 546,684,563) (S 367,563,562) (S 324,519,309) (D 0,0,0)
 0 1 29 164244 6724  13 (D 0,0,0) (S 385,584,245) (S 657,514,357) (S 659,751,753) (S 671,178,760) (S 202,351,352) (S 203,352,353) (S 662,353,754) (S 670,754,758) (S 669,758,759) (S 668,758,351) (S 205,357,358) (D 0,0,0)
 0 1 30 166996 5217  20 (D 0,0,0) (S 292,28,200) (S 495,235,655) (S 496,655,617) (S 537,611,677) (S 130,246,245) (S 384,245,582) (S 386,582,49) (S 242,247,407) (S 133,250,248) (S 318,248,512) (S 132,248,249) (S 525,408,238) (S 526,238,239) (S 127,239,240) (S 523,241,670) (S 524,670,614) (S 425,614,615) (S 427,617,199) (D 0,0,0)
 0 1 31 164152 8640  13 (D 0,0,0) (S 603,324,718) (S 589,718,712) (S 584,712,57) (S 373,52,327) (S 183,327,328) (S 623,733,736) (S 622,737,738) (S 620,737,736) (S 621,736,58) (S 24,48,59) (S 31,60,55) (D 0,0,0)
 0 1 32 167703 8756  13 (D 0,0,0) (S 638,338,532) (S 184,329,330) (S 628,730,743) (S 586,713,286) (S 154,286,174) (S 153,285,284) (S 157,284,281) (S 632,291,504) (S 329,528,529) (S 647,529,97) (S 343,547,333) (D 0,0,0)
 0 1 33 166983 7138  12 (D 0,0,0) (S 636,547,336) (S 187,336,335) (S 47,84,99) (S 46,98,99) (S 42,84,85) (S 643,335,545) (S 344,545,547) (S 654,343,750) (S 652,750,749) (S 20,50,49) (D 0,0,0)
 0 1 34 167819 8041  15 (D 0,0,0) (S 313,347,506) (S 48,102,101) (S 714,101,777) (S 715,777,779) (S 716,779,778) (S 713,778,502) (S 310,502,503) (S 311,503,504) (S 631,504,732) (S 629,730,742) (S 627,742,48) (S 30,59,61) (S 25,61,60) (D 0,0,0)
 0 1 35 166875 7629  12 (D 0,0,0) (S 365,556,323) (S 336,323,538) (S 335,538,61) (S 635,59,332) (S 634,332,330) (S 614,729,500) (S 309,499,501) (S 644,531,337) (S 188,337,338) (S 642,744,339) (D 0,0,0)
 0 1 36 167620 8704  14 (D 0,0,0) (S 340,542,543) (S 341,541,544) (S 645,102,746) (S 649,746,748) (S 719,747,778) (S 718,778,292) (S 269,449,448) (S 270,448,76) (S 35,74,75) (S 37,76,70) (S 779,69,811) (S 777,810,811) (D 0,0,0)
 0 1 37 167355 7993  11 (D 0,0,0) (S 33,71,72) (S 34,73,72) (S 36,72,74) (S 273,75,451) (S 271,451,449) (S 272,449,450) (S 159,289,295) (S 711,295,777) (S 49,101,103) (D 0,0,0)
 0 1 38 166262 8485  10 (D 0,0,0) (S 339,506,287) (S 778,287,456) (S 780,456,69) (S 32,69,70) (S 315,303,454) (S 776,508,445) (S 267,445,446) (S 775,445,293) (D 0,0,0)
 0 1 39 167435 9557  17 (D 0,0,0) (S 161,282,287) (S 277,77,456) (S 276,304,455) (S 394,588,164) (S 81,163,164) (S 85,164,168) (S 86,168,169) (S 91,169,171) (S 774,171,455) (S 275,453,452) (S 274,452,302) (S 38,69,77) (S 278,77,288) (S 190,294,341) (S 345,544,506) (D 0,0,0)
 0 1 40 161973 9211  13 (D 0,0,0) (S 712,97,746) (S 717,779,289) (S 268,280,447) (S 630,281,743) (S 651,743,739) (S 650,739,713) (S 585,713,707) (S 616,707,728) (S 613,728,511) (S 579,707,708) (S 583,708,57) (D 0,0,0)
 0 1 41 167767 9788  13 (D 0,0,0) (S 23,57,58) (S 21,52,47) (S 280,458,42) (S 22,42,56) (S 17,42,41) (S 317,47,510) (S 372,510,566) (S 619,734,735) (S 618,735,728) (S 615,731,730) (S 185,332,331) (D 0,0,0)
 0 1 42 165108 7424  18 (D 0,0,0) (S 137,257,258) (S 542,258,120) (S 60,120,121) (S 556,550,556) (S 554,554,127) (S 553,127,691) (S 557,691,260) (S 334,534,537) (S 555,534,260) (S 139,260,30) (S 140,261,30) (S 12,30,31) (S 13,31,32) (S 560,693,695) (S 561,695,561) (S 562,561,262) (D 0,0,0)
 0 1 43 165482 4312  13 (D 0,0,0) (S 499,657,414) (S 245,414,413) (S 479,646,232) (S 123,232,233) (S 304,232,493) (S 487,494,645) (S 477,646,647) (S 482,647,405) (S 244,410,411) (S 506,664,657) (S 500,657,658) (D 0,0,0)
 0 1 44 165854 9067  25 (D 0,0,0) (S 180,323,324) (S 601,324,719) (S 592,719,720) (S 595,720,721) (S 599,721,716) (S 588,716,322) (S 582,711,705) (S 598,717,722) (S 612,722,706) (S 578,706,570) (S 375,570,568) (S 596,722,568) (S 371,568,319) (S 177,319,320) (S 178,319,321) (S 282,460,321) (S 179,321,322) (S 181,322,324) (S 354,459,554) (S 355,554,317) (S 358,317,551) (S 350,551,552) (S 353,551,522) (D 0,0,0)
 0 1 45 165007 6693  11 (D 0,0,0) (S 323,88,119) (S 569,696,697) (S 543,679,680) (S 544,679,64) (S 192,54,343) (S 653,343,547) (S 186,333,334) (S 342,333,546) (S 29,63,62) (D 0,0,0)
 0 1 46 167654 10309  14 (D 0,0,0) (S 757,273,805) (S 217,375,296) (S 3,13,12) (S 260,12,439) (S 738,12,797) (S 259,437,438) (S 737,437,796) (S 755,796,425) (S 735,794,793) (S 736,790,795) (S 749,803,800) (S 751,800,157) (D 0,0,0)
 0 1 47 165382 7831  16 (D 0,0,0) (S 293,200,485) (S 290,484,134) (S 509,483,653) (S 703,267,774) (S 721,774,780) (S 720,774,776) (S 710,776,106) (S 709,776,775) (S 54,109,107) (S 52,107,106) (S 51,106,104) (S 50,104,105) (S 160,118,267) (S 144,267,264) (D 0,0,0)
 0 1 48 163467 5686  24 (D 0,0,0) (S 107,200,199) (S 518,667,669) (S 516,668,669) (S 531,669,673) (S 529,673,672) (S 530,674,673) (S 532,673,675) (S 533,676,675) (S 534,675,671) (S 527,671,672) (S 528,672,667) (S 515,667,243) (S 129,243,244) (S 520,243,666) (S 514,666,612) (S 519,612,654) (S 513,654,236) (S 125,236,234) (S 124,234,235) (S 497,235,485) (S 498,480,656) (S 108,202,201) (D 0,0,0)
 0 1 49 126750 2488  8 (D 0,0,0) (S 105,196,194) (S 104,194,193) (S 415,193,601) (S 416,193,574) (S 7,21,22) (S 8,21,23) (D 0,0,0)
 0 1 50 165692 4973  11 (D 0,0,0) (S 322,474,87) (S 135,253,254) (S 540,253,128) (S 66,128,130) (S 299,130,490) (S 539,490,643) (S 494,412,653) (S 492,653,138) (S 68,138,134) (D 0,0,0)
 0 1 51 163390 6168  12 (D 0,0,0) (S 429,612,615) (S 424,614,409) (S 131,247,50) (S 143,266,184) (S 201,350,184) (S 98,184,183) (S 656,183,752) (S 319,513,514) (S 658,514,49) (S 243,407,402) (D 0,0,0)
 0 1 52 144037 6562  11 (D 0,0,0) (S 406,572,595) (S 405,595,94) (S 226,94,111) (S 55,111,110) (S 218,110,377) (S 697,377,396) (S 364,524,558) (S 361,558,27) (S 10,25,26) (D 0,0,0)
 0 1 53 166127 2703  10 (D 0,0,0) (S 422,606,610) (S 421,606,607) (S 436,622,213) (S 434,213,620) (S 442,620,609) (S 420,198,608) (S 106,198,197) (S 379,195,575) (D 0,0,0)
 0 1 54 46970 1004  8 (D 0,0,0) (S 283,461,462) (S 285,464,465) (S 284,463,464) (S 286,466,467) (S 418,605,603) (S 417,603,604) (D 0,0,0)
 0 1 55 161987 10209  13 (D 0,0,0) (S 225,78,384) (S 762,149,807) (S 761,807,802) (S 748,433,798) (S 257,431,432) (S 739,431,785) (S 731,784,785) (S 258,435,436) (S 760,797,375) (S 756,804,805) (S 758,806,805) (D 0,0,0)
 0 1 56 166238 4854  17 (D 0,0,0) (S 391,24,585) (S 401,585,592) (S 399,592,586) (S 403,187,191) (S 103,191,192) (S 400,593,594) (S 409,594,190) (S 101,190,189) (S 390,189,141) (S 389,141,523) (S 387,583,584) (S 536,584,246) (S 535,246,677) (S 538,677,678) (S 428,613,617) (D 0,0,0)
 0 1 57 164267 7269  15 (D 0,0,0) (S 362,559,557) (S 679,595,763) (S 677,763,360) (S 676,762,397) (S 207,361,362) (S 230,396,363) (S 208,363,364) (S 396,364,589) (S 675,589,762) (S 678,762,360) (S 206,360,359) (S 681,764,359) (S 680,359,763) (D 0,0,0)
 0 1 58 167522 8221  10 (D 0,0,0) (S 359,521,556) (S 591,538,718) (S 590,712,569) (S 374,569,52) (S 27,52,58) (S 28,57,44) (S 18,43,44) (S 19,44,48) (D 0,0,0)
 0 1 59 167415 9418  30 (D 0,0,0) (S 176,317,318) (S 566,318,127) (S 65,127,126) (S 64,126,123) (S 61,122,123) (S 63,125,123) (S 62,123,124) (S 574,530,698) (S 570,698,699) (S 594,699,720) (S 593,721,704) (S 573,699,704) (S 572,702,703) (S 575,702,700) (S 571,700,701) (S 577,700,705) (S 580,705,709) (S 581,709,710) (S 576,705,706) (S 611,706,715) (S 587,715,714) (S 605,714,725) (S 606,725,726) (S 610,725,723) (S 600,723,698) (S 602,698,719) (S 597,719,535) (S 352,505,459) (D 0,0,0)
 0 1 60 167730 6503  18 (D 0,0,0) (S 291,482,135) (S 321,516,497) (S 559,518,262) (S 366,561,263) (S 356,263,311) (S 357,311,313) (S 174,313,314) (S 564,314,562) (S 369,562,555) (S 326,520,519) (S 172,309,310) (S 541,517,652) (S 490,650,651) (S 491,652,492) (S 302,492,232) (S 478,646,413) (D 0,0,0)
 0 1 61 166602 7158  13 (D 0,0,0) (S 349,478,255) (S 346,255,257) (S 347,257,548) (S 348,549,539) (S 338,540,539) (S 337,539,55) (S 641,60,745) (S 640,745,533) (S 332,533,340) (S 189,340,339) (S 639,745,546) (D 0,0,0)
