445379
61
1807351
1756410
 0 1 1 162935 4402  18 (D 0,0,0) (S 420,198,608) (S 501,660,659) (S 503,659,136) (S 69,136,135) (S 288,135,479) (S 508,479,663) (S 482,405,647) (S 477,647,646) (S 480,648,649) (S 481,648,647) (S 119,227,226) (S 505,406,663) (S 507,663,662) (S 510,662,661) (S 506,664,657) (S 421,607,606) (D 0,0,0)
 0 1 2 165850 4264  17 (D 0,0,0) (S 448,211,628) (S 456,209,415) (S 246,415,223) (S 118,223,222) (S 486,228,133) (S 485,131,645) (S 487,645,494) (S 303,229,132) (S 296,132,488) (S 307,488,38) (S 120,38,228) (S 484,228,414) (S 499,414,657) (S 500,657,658) (S 441,609,577) (D 0,0,0)
 0 1 3 167663 7838  18 (D 0,0,0) (S 350,551,552) (S 358,551,317) (S 355,317,554) (S 554,554,127) (S 553,127,691) (S 327,525,526) (S 182,325,326) (S 608,326,723) (S 600,723,698) (S 574,698,530) (S 333,530,535) (S 597,535,719) (S 601,719,324) (S 180,324,323) (S 365,323,556) (S 359,556,521) (D 0,0,0)
 0 1 4 164482 7473  23 (D 0,0,0) (S 291,482,135) (S 141,262,263) (S 356,263,311) (S 173,311,312) (S 563,312,314) (S 369,562,555) (S 368,553,564) (S 370,564,565) (S 550,565,691) (S 557,691,260) (S 334,534,537) (S 555,534,260) (S 139,260,30) (S 140,261,30) (S 12,30,31) (S 13,31,32) (S 558,682,693) (S 560,693,695) (S 561,695,561) (S 366,561,263) (S 321,497,516) (D 0,0,0)
 0 1 5 153933 4433  23 (D 0,0,0) (S 108,201,202) (S 498,656,480) (S 497,485,235) (S 519,654,612) (S 429,612,615) (S 522,615,670) (S 523,670,241) (S 128,241,242) (S 521,241,239) (S 127,239,240) (S 526,239,238) (S 525,238,408) (S 132,248,249) (S 318,248,512) (S 133,248,250) (S 494,412,653) (S 492,653,138) (S 493,138,654) (S 125,236,234) (S 124,234,235) (S 379,195,575) (D 0,0,0)
 0 1 6 167530 6308  19 (D 0,0,0) (S 502,659,137) (S 504,137,661) (S 478,413,646) (S 304,232,493) (S 541,652,517) (S 172,309,310) (S 324,309,519) (S 325,476,256) (S 136,256,255) (S 347,257,548) (S 60,121,120) (S 542,120,258) (S 137,258,257) (S 346,257,255) (S 349,255,478) (S 289,483,134) (S 290,134,484) (D 0,0,0)
 0 1 7 167993 8757  15 (D 0,0,0) (S 395,591,590) (S 216,374,159) (S 79,159,158) (S 221,159,381) (S 705,381,36) (S 15,36,37) (S 316,37,509) (S 724,37,420) (S 723,781,782) (S 702,381,382) (S 222,382,383) (S 709,775,776) (S 708,775,146) (D 0,0,0)
 0 1 8 167983 9065  15 (D 0,0,0) (S 197,182,180) (S 313,347,506) (S 48,102,101) (S 715,777,779) (S 718,778,292) (S 775,293,445) (S 267,445,446) (S 776,445,508) (S 275,453,452) (S 315,454,303) (S 168,302,303) (S 37,76,70) (S 779,811,69) (D 0,0,0)
 0 1 9 167900 10448  16 (D 0,0,0) (S 381,23,573) (S 228,394,390) (S 257,431,432) (S 739,431,785) (S 731,784,785) (S 258,435,436) (S 259,437,438) (S 755,796,425) (S 756,804,805) (S 758,806,805) (S 757,805,273) (S 149,273,270) (S 266,270,444) (S 780,69,456) (D 0,0,0)
 0 1 10 166822 7066  9 (D 0,0,0) (S 639,546,745) (S 640,745,533) (S 332,340,533) (S 31,60,55) (S 544,64,679) (S 543,679,680) (S 131,50,247) (D 0,0,0)
 0 1 11 166819 5185  13 (D 0,0,0) (S 245,414,413) (S 244,411,410) (S 247,226,418) (S 483,516,224) (S 490,650,651) (S 491,652,492) (S 302,492,232) (S 123,232,233) (S 479,232,646) (S 444,627,621) (S 435,621,212) (D 0,0,0)
 0 1 12 166881 3862  16 (D 0,0,0) (S 113,212,211) (S 449,211,627) (S 443,627,457) (S 440,457,417) (S 476,416,222) (S 475,222,634) (S 464,634,2) (S 465,2,218) (S 116,218,217) (S 115,217,216) (S 461,216,633) (S 459,216,631) (S 460,631,632) (S 112,208,210) (D 0,0,0)
 0 1 13 167860 6675  14 (D 0,0,0) (S 348,549,539) (S 338,540,539) (S 337,539,55) (S 342,546,333) (S 343,333,547) (S 653,547,343) (S 654,343,750) (S 652,750,749) (S 26,62,53) (S 568,53,697) (S 569,697,696) (S 323,119,88) (D 0,0,0)
 0 1 14 166761 8807  18 (D 0,0,0) (S 25,60,61) (S 24,59,48) (S 621,58,736) (S 623,736,733) (S 183,327,328) (S 373,327,52) (S 27,52,58) (S 23,58,57) (S 584,57,712) (S 588,322,716) (S 593,721,704) (S 570,699,698) (S 566,127,318) (S 567,318,564) (S 351,520,313) (S 326,520,519) (D 0,0,0)
 0 1 15 165741 8421  14 (D 0,0,0) (S 142,265,264) (S 199,264,116) (S 59,117,118) (S 339,287,506) (S 345,506,544) (S 646,341,100) (S 712,746,97) (S 647,97,529) (S 329,529,528) (S 719,747,778) (S 330,502,527) (S 328,527,293) (D 0,0,0)
 0 1 16 166992 7118  11 (D 0,0,0) (S 55,111,110) (S 56,110,112) (S 219,144,378) (S 72,144,143) (S 76,143,158) (S 698,158,773) (S 696,773,377) (S 218,377,110) (S 226,111,94) (D 0,0,0)
 0 1 17 167109 3826  18 (D 0,0,0) (S 378,576,575) (S 438,212,625) (S 455,625,630) (S 450,629,630) (S 114,214,215) (S 446,215,208) (S 240,403,401) (S 238,401,398) (S 235,398,206) (S 236,205,399) (S 237,399,400) (S 241,400,404) (S 248,403,419) (S 111,208,207) (S 453,209,628) (S 451,628,214) (D 0,0,0)
 0 1 18 165128 7193  12 (D 0,0,0) (S 73,147,146) (S 80,146,162) (S 109,162,203) (S 211,203,369) (S 110,203,204) (S 699,204,773) (S 697,377,396) (S 230,396,363) (S 208,363,364) (S 396,364,589) (D 0,0,0)
 0 1 19 167827 8803  14 (D 0,0,0) (S 249,160,420) (S 722,420,781) (S 725,781,441) (S 747,268,801) (S 752,801,787) (S 734,787,272) (S 171,272,307) (S 729,307,421) (S 730,421,783) (S 728,783,172) (S 89,172,37) (S 704,382,378) (D 0,0,0)
 0 1 20 167679 4903  17 (D 0,0,0) (S 439,626,625) (S 454,630,214) (S 279,209,457) (S 474,634,489) (S 297,489,487) (S 295,486,38) (S 16,39,40) (S 488,40,5) (S 489,5,10) (S 2,10,9) (S 11,6,29) (S 320,515,7) (S 122,231,230) (S 121,230,229) (S 67,132,131) (D 0,0,0)
 0 1 21 167661 10119  12 (D 0,0,0) (S 393,169,587) (S 766,809,424) (S 253,424,167) (S 84,167,165) (S 261,440,275) (S 147,275,166) (S 146,275,274) (S 163,277,297) (S 41,82,83) (S 276,455,304) (D 0,0,0)
 0 1 22 167505 8248  17 (D 0,0,0) (S 559,518,262) (S 549,688,690) (S 548,687,686) (S 547,685,35) (S 14,33,34) (S 551,685,692) (S 545,683,259) (S 138,259,32) (S 546,684,563) (S 367,563,562) (S 564,562,314) (S 174,314,313) (S 357,313,311) (S 565,312,695) (S 562,561,262) (D 0,0,0)
 0 1 23 167241 10016  16 (D 0,0,0) (S 423,611,612) (S 91,171,169) (S 394,588,164) (S 81,164,163) (S 83,163,166) (S 82,166,165) (S 768,165,440) (S 769,440,424) (S 770,274,442) (S 263,442,163) (S 85,164,168) (S 86,168,169) (S 32,70,69) (S 38,69,77) (D 0,0,0)
 0 1 24 163810 9205  14 (D 0,0,0) (S 556,550,556) (S 629,742,730) (S 628,730,743) (S 651,743,739) (S 630,743,281) (S 624,285,739) (S 650,739,713) (S 625,739,731) (S 634,330,332) (S 185,332,331) (S 189,340,339) (S 428,613,617) (D 0,0,0)
 0 1 25 166665 2717  10 (D 0,0,0) (S 399,586,592) (S 401,592,585) (S 391,585,24) (S 8,21,23) (S 416,574,193) (S 415,193,601) (S 104,193,194) (S 105,194,196) (D 0,0,0)
 0 1 26 161589 9213  24 (D 0,0,0) (S 293,200,485) (S 354,554,459) (S 281,459,126) (S 331,124,530) (S 594,720,699) (S 573,699,704) (S 572,702,703) (S 575,702,700) (S 571,700,701) (S 577,700,705) (S 582,711,705) (S 580,705,709) (S 581,709,710) (S 576,705,706) (S 612,706,722) (S 371,568,319) (S 177,319,320) (S 178,319,321) (S 282,460,321) (S 179,321,322) (S 181,322,324) (S 287,477,476) (D 0,0,0)
 0 1 27 163647 7725  10 (D 0,0,0) (S 209,366,365) (S 215,373,160) (S 78,160,152) (S 214,152,372) (S 231,372,367) (S 210,367,368) (S 692,770,395) (S 229,395,373) (D 0,0,0)
 0 1 28 167133 8940  10 (D 0,0,0) (S 251,153,422) (S 753,156,801) (S 745,801,800) (S 749,800,803) (S 746,803,802) (S 761,802,807) (S 762,807,149) (S 75,149,157) (D 0,0,0)
 0 1 29 167657 8795  20 (D 0,0,0) (S 233,363,374) (S 683,389,79) (S 39,79,78) (S 225,78,384) (S 695,771,772) (S 694,771,392) (S 227,393,387) (S 224,387,388) (S 312,468,469) (S 684,470,766) (S 685,766,765) (S 682,765,79) (S 689,765,368) (S 690,368,770) (S 691,770,767) (S 686,767,768) (S 688,768,769) (S 687,767,373) (D 0,0,0)
 0 1 30 167307 7609  13 (D 0,0,0) (S 426,199,616) (S 195,180,347) (S 196,347,348) (S 198,348,283) (S 155,283,108) (S 50,104,105) (S 51,104,106) (S 710,106,776) (S 720,776,774) (S 721,774,780) (S 668,758,351) (D 0,0,0)
 0 1 31 166314 8143  10 (D 0,0,0) (S 36,72,74) (S 270,76,448) (S 269,448,449) (S 272,449,450) (S 271,449,451) (S 273,451,75) (S 35,75,74) (S 190,294,341) (D 0,0,0)
 0 1 32 165961 7226  10 (D 0,0,0) (S 636,547,336) (S 187,336,335) (S 42,85,84) (S 46,98,99) (S 47,99,84) (S 643,335,545) (S 192,343,54) (S 193,46,344) (D 0,0,0)
 0 1 33 165671 6857  15 (D 0,0,0) (S 380,557,523) (S 406,572,595) (S 679,595,763) (S 680,763,359) (S 681,764,359) (S 206,359,360) (S 57,113,114) (S 433,115,619) (S 4,14,15) (S 431,15,619) (S 430,619,618) (S 5,16,17) (S 407,596,572) (D 0,0,0)
 0 1 34 163739 7434  13 (D 0,0,0) (S 427,199,617) (S 20,49,50) (S 186,333,334) (S 637,336,744) (S 188,338,337) (S 644,337,531) (S 184,329,330) (S 635,332,59) (S 30,59,61) (S 335,61,538) (S 336,538,323) (D 0,0,0)
 0 1 35 167701 9118  10 (D 0,0,0) (S 44,93,94) (S 234,111,397) (S 207,361,362) (S 232,365,92) (S 314,92,507) (S 43,90,91) (S 88,145,36) (S 213,151,371) (D 0,0,0)
 0 1 36 46970 1004  8 (D 0,0,0) (S 417,603,604) (S 418,605,603) (S 284,463,464) (S 285,464,465) (S 286,466,467) (S 283,461,462) (D 0,0,0)
 0 1 37 167182 8900  14 (D 0,0,0) (S 158,293,291) (S 156,291,280) (S 157,281,284) (S 153,284,285) (S 154,286,174) (S 586,286,713) (S 585,713,707) (S 615,731,730) (S 631,732,504) (S 648,528,747) (S 649,748,746) (S 645,746,102) (D 0,0,0)
 0 1 38 165069 5238  21 (D 0,0,0) (S 457,631,221) (S 1,3,4) (S 306,4,496) (S 470,496,640) (S 471,640,641) (S 473,642,638) (S 472,638,639) (S 467,638,637) (S 466,636,635) (S 468,635,4) (S 305,4,495) (S 308,495,498) (S 463,498,315) (S 175,315,316) (S 458,217,221) (S 117,221,220) (S 462,220,632) (S 445,419,208) (S 447,215,626) (D 0,0,0)
 0 1 39 164870 6144  17 (D 0,0,0) (S 362,559,557) (S 71,142,141) (S 389,141,523) (S 376,523,572) (S 398,572,591) (S 432,591,115) (S 58,115,114) (S 194,346,345) (S 397,345,113) (S 675,589,762) (S 678,762,360) (S 677,360,763) (S 364,524,558) (S 361,558,27) (S 10,25,26) (D 0,0,0)
 0 1 40 167015 5302  14 (D 0,0,0) (S 524,614,670) (S 126,238,237) (S 239,237,402) (S 469,407,491) (S 134,252,129) (S 300,251,130) (S 66,130,128) (S 540,128,253) (S 135,253,254) (S 322,87,474) (S 6,19,18) (S 294,484,485) (D 0,0,0)
 0 1 41 164150 7111  15 (D 0,0,0) (S 405,595,94) (S 665,755,353) (S 670,754,758) (S 669,758,759) (S 662,754,353) (S 203,353,352) (S 202,352,351) (S 671,760,178) (S 200,349,181) (S 95,181,177) (S 97,177,179) (S 96,182,183) (S 201,350,184) (D 0,0,0)
 0 1 42 167259 8487  10 (D 0,0,0) (S 212,370,154) (S 151,161,279) (S 152,279,278) (S 727,783,278) (S 726,279,441) (S 262,441,152) (S 77,145,159) (S 676,397,762) (D 0,0,0)
 0 1 43 167007 5531  11 (D 0,0,0) (S 539,643,490) (S 298,490,86) (S 299,490,130) (S 301,491,45) (S 143,266,184) (S 98,184,183) (S 656,183,752) (S 384,582,245) (S 536,584,246) (D 0,0,0)
 0 1 44 166670 8691  26 (D 0,0,0) (S 552,691,536) (S 602,698,719) (S 592,719,720) (S 595,720,721) (S 599,721,716) (S 598,717,722) (S 596,722,568) (S 375,568,570) (S 578,570,706) (S 611,706,715) (S 587,715,714) (S 605,714,725) (S 606,725,726) (S 610,725,723) (S 609,326,727) (S 607,727,724) (S 604,724,124) (S 62,124,123) (S 63,125,123) (S 61,122,123) (S 64,123,126) (S 65,126,127) (S 176,318,317) (S 353,551,522) (D 0,0,0)
 0 1 45 161871 2372  8 (D 0,0,0) (S 422,606,610) (S 452,607,622) (S 436,622,213) (S 434,213,620) (S 442,620,609) (S 419,198,607) (D 0,0,0)
 0 1 46 166938 7432  12 (D 0,0,0) (S 144,264,267) (S 160,267,118) (S 162,118,108) (S 53,108,104) (S 52,106,107) (S 54,107,109) (S 220,379,380) (S 706,379,109) (S 707,109,775) (S 703,774,267) (D 0,0,0)
 0 1 47 166541 8182  10 (D 0,0,0) (S 591,538,718) (S 589,718,712) (S 579,707,708) (S 583,708,57) (S 28,57,44) (S 18,43,44) (S 19,44,48) (S 242,247,407) (D 0,0,0)
 0 1 48 167129 9830  16 (D 0,0,0) (S 633,330,729) (S 617,732,730) (S 618,728,735) (S 619,735,734) (S 372,566,510) (S 317,510,47) (S 17,41,42) (S 280,458,42) (S 22,42,56) (S 21,47,52) (S 374,52,569) (S 590,569,712) (S 603,718,324) (S 352,505,459) (D 0,0,0)
 0 1 49 167778 9863  15 (D 0,0,0) (S 777,810,811) (S 92,173,170) (S 265,170,443) (S 772,443,444) (S 773,444,306) (S 250,308,421) (S 169,307,306) (S 223,306,308) (S 170,308,173) (S 93,173,80) (S 40,80,81) (S 90,80,172) (S 700,204,112) (D 0,0,0)
 0 1 50 132434 5495  20 (D 0,0,0) (S 517,484,236) (S 513,236,654) (S 514,612,666) (S 129,243,244) (S 528,667,672) (S 529,672,673) (S 530,674,673) (S 532,673,675) (S 533,676,675) (S 534,675,671) (S 527,671,672) (S 531,673,669) (S 516,668,669) (S 518,669,667) (S 515,667,243) (S 520,243,666) (S 107,199,200) (S 292,200,28) (D 0,0,0)
 0 1 51 167787 7151  15 (D 0,0,0) (S 68,134,138) (S 655,752,751) (S 674,751,355) (S 673,355,761) (S 204,355,356) (S 672,356,753) (S 659,753,751) (S 660,349,147) (S 667,147,757) (S 666,757,354) (S 701,112,756) (S 663,756,755) (S 664,755,94) (D 0,0,0)
 0 1 52 165637 8758  16 (D 0,0,0) (S 425,615,614) (S 424,614,409) (S 243,402,407) (S 716,779,778) (S 713,778,502) (S 310,502,503) (S 311,503,504) (S 632,504,291) (S 268,280,447) (S 711,295,777) (S 341,544,541) (S 340,542,543) (S 344,545,547) (S 29,63,62) (D 0,0,0)
 0 1 53 167490 6211  13 (D 0,0,0) (S 386,582,49) (S 658,49,514) (S 319,513,514) (S 657,514,357) (S 205,357,358) (S 661,752,357) (S 509,653,483) (S 512,482,660) (S 511,660,658) (S 437,623,624) (S 106,198,197) (D 0,0,0)
 0 1 54 167244 9740  15 (D 0,0,0) (S 377,573,560) (S 751,157,800) (S 750,800,786) (S 733,786,788) (S 754,788,803) (S 736,795,790) (S 744,795,433) (S 748,433,798) (S 743,798,429) (S 256,429,430) (S 742,429,799) (S 765,427,808) (S 763,808,150) (D 0,0,0)
 0 1 55 164900 7927  12 (D 0,0,0) (S 161,282,287) (S 34,73,72) (S 33,72,71) (S 159,295,289) (S 717,289,779) (S 714,777,101) (S 49,101,103) (S 278,288,77) (S 277,77,456) (S 778,456,287) (D 0,0,0)
 0 1 56 159435 6319  24 (D 0,0,0) (S 410,142,190) (S 409,190,594) (S 101,190,189) (S 388,189,581) (S 382,578,579) (S 413,580,176) (S 94,175,176) (S 412,599,176) (S 414,597,600) (S 411,597,598) (S 383,578,581) (S 99,185,186) (S 408,186,594) (S 400,593,594) (S 404,594,191) (S 103,191,192) (S 403,191,187) (S 100,187,188) (S 402,187,586) (S 392,586,24) (S 9,24,21) (S 7,21,22) (D 0,0,0)
 0 1 57 167932 9583  14 (D 0,0,0) (S 274,302,452) (S 87,171,170) (S 264,443,276) (S 148,276,277) (S 166,277,301) (S 767,301,809) (S 771,809,274) (S 150,274,277) (S 164,297,298) (S 165,297,82) (S 167,82,171) (S 774,171,455) (D 0,0,0)
 0 1 58 165308 9356  14 (D 0,0,0) (S 191,51,342) (S 627,48,742) (S 626,740,741) (S 616,707,728) (S 613,728,511) (S 620,736,737) (S 622,737,738) (S 614,729,500) (S 309,499,501) (S 638,532,338) (S 642,744,339) (S 641,745,60) (D 0,0,0)
 0 1 59 118066 4518  14 (D 0,0,0) (S 495,235,655) (S 496,655,617) (S 537,611,677) (S 538,677,678) (S 535,677,246) (S 130,246,245) (S 385,245,584) (S 387,584,583) (S 390,141,189) (S 102,190,140) (S 70,140,139) (S 360,139,557) (D 0,0,0)
 0 1 60 165715 10455  13 (D 0,0,0) (S 732,787,786) (S 735,793,794) (S 737,796,437) (S 3,12,13) (S 260,12,439) (S 738,12,797) (S 760,797,375) (S 217,375,296) (S 759,300,423) (S 252,423,271) (S 145,269,268) (D 0,0,0)
 0 1 61 166389 9567  11 (D 0,0,0) (S 363,560,559) (S 693,771,155) (S 45,95,96) (S 254,65,427) (S 764,427,799) (S 740,799,428) (S 741,68,428) (S 255,428,67) (S 74,66,148) (D 0,0,0)
