440913
60
1807663
1750703
 0 1 1 166252 3115  18 (D 0,0,0) (S 378,576,575) (S 452,607,622) (S 436,622,213) (S 435,212,621) (S 444,621,627) (S 440,457,417) (S 476,416,222) (S 118,222,223) (S 246,223,415) (S 456,415,209) (S 453,209,628) (S 451,628,214) (S 454,214,630) (S 450,629,630) (S 455,630,625) (S 438,625,212) (D 0,0,0)
 0 1 2 166280 5419  20 (D 0,0,0) (S 113,212,211) (S 120,228,38) (S 295,38,486) (S 297,487,489) (S 470,496,640) (S 471,640,641) (S 473,642,638) (S 472,638,639) (S 467,638,637) (S 466,636,635) (S 468,635,4) (S 1,3,4) (S 306,496,4) (S 305,4,495) (S 308,495,498) (S 463,498,315) (S 175,315,316) (S 462,220,632) (D 0,0,0)
 0 1 3 167177 3950  14 (D 0,0,0) (S 112,208,210) (S 445,208,419) (S 248,419,403) (S 240,403,401) (S 238,401,398) (S 235,398,206) (S 236,205,399) (S 237,399,400) (S 241,400,404) (S 461,216,633) (S 115,216,217) (S 117,221,220) (D 0,0,0)
 0 1 4 153607 4060  14 (D 0,0,0) (S 114,215,214) (S 475,222,634) (S 474,634,489) (S 464,634,2) (S 465,2,218) (S 116,218,217) (S 458,217,221) (S 457,221,631) (S 459,631,216) (S 460,631,632) (S 446,208,215) (S 447,215,626) (D 0,0,0)
 0 1 5 165356 4433  19 (D 0,0,0) (S 442,609,620) (S 437,624,623) (S 512,660,482) (S 429,612,615) (S 522,615,670) (S 523,670,241) (S 127,239,240) (S 525,238,408) (S 132,248,249) (S 318,248,512) (S 133,248,250) (S 424,409,614) (S 423,612,611) (S 496,617,655) (S 495,655,235) (S 498,480,656) (S 108,202,201) (D 0,0,0)
 0 1 6 167767 6196  17 (D 0,0,0) (S 292,28,200) (S 427,199,617) (S 428,617,613) (S 524,614,670) (S 128,241,242) (S 521,241,239) (S 526,239,238) (S 126,238,237) (S 239,237,402) (S 205,357,358) (S 319,513,514) (S 386,49,582) (S 384,582,245) (S 385,245,584) (S 536,584,246) (D 0,0,0)
 0 1 7 167890 7033  10 (D 0,0,0) (S 660,349,147) (S 703,267,774) (S 721,774,780) (S 720,774,776) (S 710,776,106) (S 53,104,108) (S 199,116,264) (S 95,181,177) (D 0,0,0)
 0 1 8 164076 8004  14 (D 0,0,0) (S 59,117,118) (S 162,118,108) (S 277,77,456) (S 777,810,811) (S 779,811,69) (S 780,69,456) (S 778,456,287) (S 155,283,108) (S 50,104,105) (S 160,118,267) (S 144,267,264) (S 200,181,349) (D 0,0,0)
 0 1 9 167258 8474  14 (D 0,0,0) (S 278,288,77) (S 38,77,69) (S 168,303,302) (S 274,302,452) (S 275,452,453) (S 276,455,304) (S 37,70,76) (S 35,75,74) (S 36,74,72) (S 34,73,72) (S 33,72,71) (S 190,294,341) (D 0,0,0)
 0 1 10 167586 8436  14 (D 0,0,0) (S 345,506,544) (S 645,102,746) (S 649,746,748) (S 648,747,528) (S 310,503,502) (S 713,502,778) (S 330,502,527) (S 328,527,293) (S 158,293,291) (S 632,291,504) (S 631,504,732) (S 184,330,329) (D 0,0,0)
 0 1 11 167703 8382  21 (D 0,0,0) (S 353,522,551) (S 355,317,554) (S 354,554,459) (S 352,459,505) (S 336,323,538) (S 335,538,61) (S 19,48,44) (S 18,43,44) (S 28,44,57) (S 588,322,716) (S 593,721,704) (S 573,704,699) (S 570,699,698) (S 574,698,530) (S 327,525,526) (S 557,260,691) (S 553,691,127) (S 359,556,521) (S 287,477,476) (D 0,0,0)
 0 1 12 164460 7154  11 (D 0,0,0) (S 342,546,333) (S 186,333,334) (S 637,336,744) (S 638,338,532) (S 332,340,533) (S 640,533,745) (S 641,745,60) (S 193,46,344) (S 425,614,615) (D 0,0,0)
 0 1 13 143864 5683  18 (D 0,0,0) (S 520,666,243) (S 129,243,244) (S 515,243,667) (S 518,667,669) (S 516,668,669) (S 531,669,673) (S 532,675,673) (S 530,674,673) (S 529,673,672) (S 534,671,675) (S 533,676,675) (S 527,671,672) (S 528,672,667) (S 514,666,612) (S 519,612,654) (S 434,620,213) (D 0,0,0)
 0 1 14 163313 3857  17 (D 0,0,0) (S 441,577,609) (S 500,658,657) (S 506,657,664) (S 510,661,662) (S 507,662,663) (S 505,663,406) (S 247,418,226) (S 119,226,227) (S 482,647,405) (S 244,410,411) (S 245,413,414) (S 443,457,627) (S 449,627,211) (S 448,211,628) (S 439,625,626) (D 0,0,0)
 0 1 15 165540 2791  11 (D 0,0,0) (S 422,606,610) (S 421,606,607) (S 419,607,198) (S 420,198,608) (S 106,198,197) (S 416,574,193) (S 415,193,601) (S 104,193,194) (S 105,194,196) (D 0,0,0)
 0 1 16 159855 4483  18 (D 0,0,0) (S 379,575,195) (S 107,200,199) (S 537,611,677) (S 538,677,678) (S 535,677,246) (S 130,246,245) (S 387,584,583) (S 389,523,141) (S 390,141,189) (S 101,189,190) (S 102,190,140) (S 70,140,139) (S 360,139,557) (S 362,557,559) (S 363,559,560) (S 381,573,23) (D 0,0,0)
 0 1 17 152617 3603  14 (D 0,0,0) (S 8,23,21) (S 9,21,24) (S 399,586,592) (S 401,592,585) (S 391,585,24) (S 7,21,22) (S 283,461,462) (S 286,466,467) (S 285,464,465) (S 284,463,464) (S 417,603,604) (S 418,605,603) (D 0,0,0)
 0 1 18 167522 8721  19 (D 0,0,0) (S 426,199,616) (S 197,182,180) (S 313,347,506) (S 339,506,287) (S 49,103,101) (S 714,101,777) (S 711,777,295) (S 159,295,289) (S 717,289,779) (S 716,779,778) (S 719,778,747) (S 712,746,97) (S 47,84,99) (S 46,98,99) (S 187,335,336) (S 642,744,339) (S 26,62,53) (D 0,0,0)
 0 1 19 167743 6389  14 (D 0,0,0) (S 377,573,560) (S 380,557,523) (S 376,523,572) (S 405,595,94) (S 55,111,110) (S 56,110,112) (S 701,112,756) (S 203,353,352) (S 202,352,351) (S 671,760,178) (S 659,753,751) (S 661,752,357) (D 0,0,0)
 0 1 20 167486 6516  13 (D 0,0,0) (S 242,407,247) (S 131,247,50) (S 543,679,680) (S 544,679,64) (S 337,55,539) (S 338,540,539) (S 348,539,549) (S 60,121,120) (S 542,120,258) (S 137,258,257) (S 346,257,255) (D 0,0,0)
 0 1 21 167973 9448  16 (D 0,0,0) (S 368,553,564) (S 567,564,318) (S 566,318,127) (S 634,332,330) (S 626,740,741) (S 625,731,739) (S 624,739,285) (S 630,281,743) (S 586,713,286) (S 154,286,174) (S 153,285,284) (S 157,284,281) (S 268,280,447) (S 156,280,291) (D 0,0,0)
 0 1 22 166925 9592  14 (D 0,0,0) (S 774,455,171) (S 167,171,82) (S 41,82,83) (S 165,82,297) (S 164,297,298) (S 163,297,277) (S 150,277,274) (S 770,274,442) (S 263,442,163) (S 81,163,164) (S 394,164,588) (S 393,587,169) (D 0,0,0)
 0 1 23 167869 9923  12 (D 0,0,0) (S 92,173,170) (S 265,170,443) (S 148,276,277) (S 166,277,301) (S 767,301,809) (S 766,809,424) (S 253,424,167) (S 84,167,165) (S 82,165,166) (S 146,275,274) (D 0,0,0)
 0 1 24 167231 8981  11 (D 0,0,0) (S 223,308,306) (S 171,307,272) (S 149,273,270) (S 266,270,444) (S 773,444,306) (S 169,306,307) (S 730,421,783) (S 727,783,278) (S 151,279,161) (D 0,0,0)
 0 1 25 166789 7322  12 (D 0,0,0) (S 664,94,755) (S 665,755,353) (S 73,147,146) (S 80,146,162) (S 109,162,203) (S 211,203,369) (S 110,203,204) (S 696,773,377) (S 697,377,396) (S 675,762,589) (D 0,0,0)
 0 1 26 167665 8323  13 (D 0,0,0) (S 215,373,160) (S 78,152,160) (S 249,160,420) (S 722,420,781) (S 724,420,37) (S 316,37,509) (S 15,37,36) (S 88,36,145) (S 77,145,159) (S 79,159,158) (S 218,377,110) (D 0,0,0)
 0 1 27 166493 7027  13 (D 0,0,0) (S 323,88,119) (S 569,696,697) (S 568,697,53) (S 29,62,63) (S 654,750,343) (S 643,545,335) (S 636,336,547) (S 653,547,343) (S 192,343,54) (S 191,51,342) (S 20,50,49) (D 0,0,0)
 0 1 28 166021 8786  11 (D 0,0,0) (S 262,152,441) (S 726,441,279) (S 152,279,278) (S 145,268,269) (S 734,272,787) (S 752,787,801) (S 728,783,172) (S 89,172,37) (S 43,91,90) (D 0,0,0)
 0 1 29 164209 6647  15 (D 0,0,0) (S 406,572,595) (S 679,595,763) (S 206,360,359) (S 681,764,359) (S 680,359,763) (S 677,763,360) (S 678,360,762) (S 676,762,397) (S 230,396,363) (S 208,363,364) (S 396,364,589) (S 395,590,591) (S 398,591,572) (D 0,0,0)
 0 1 30 167900 6447  13 (D 0,0,0) (S 432,591,115) (S 194,346,345) (S 397,345,113) (S 57,113,114) (S 58,114,115) (S 433,115,619) (S 4,14,15) (S 431,15,619) (S 430,619,618) (S 5,16,17) (S 407,596,572) (D 0,0,0)
 0 1 31 165852 7604  14 (D 0,0,0) (S 209,366,365) (S 232,365,92) (S 687,373,767) (S 686,767,768) (S 688,768,769) (S 691,767,770) (S 689,765,368) (S 690,368,770) (S 692,770,395) (S 229,395,373) (S 234,397,111) (S 226,111,94) (D 0,0,0)
 0 1 32 167901 9011  12 (D 0,0,0) (S 207,361,362) (S 233,363,374) (S 314,92,507) (S 231,372,367) (S 683,389,79) (S 39,79,78) (S 225,78,384) (S 228,390,394) (S 212,370,154) (S 213,151,371) (D 0,0,0)
 0 1 33 165248 8934  13 (D 0,0,0) (S 210,367,368) (S 682,765,79) (S 685,765,766) (S 684,766,470) (S 312,469,468) (S 227,393,387) (S 224,387,388) (S 695,771,772) (S 693,771,155) (S 251,153,422) (S 214,152,372) (D 0,0,0)
 0 1 34 167514 10869  18 (D 0,0,0) (S 723,781,782) (S 725,781,441) (S 747,268,801) (S 749,800,803) (S 754,803,788) (S 756,804,805) (S 760,375,797) (S 738,797,12) (S 260,12,439) (S 3,12,13) (S 217,296,375) (S 259,437,438) (S 737,437,796) (S 755,796,425) (S 733,788,786) (S 751,800,157) (D 0,0,0)
 0 1 35 167328 9303  11 (D 0,0,0) (S 75,157,149) (S 762,149,807) (S 761,807,802) (S 736,795,790) (S 735,793,794) (S 732,786,787) (S 750,786,800) (S 745,800,801) (S 753,801,156) (D 0,0,0)
 0 1 36 167954 10245  13 (D 0,0,0) (S 746,803,802) (S 744,795,433) (S 748,433,798) (S 258,435,436) (S 731,784,785) (S 739,785,431) (S 257,431,432) (S 743,798,429) (S 256,429,430) (S 742,429,799) (S 255,428,67) (D 0,0,0)
 0 1 37 166307 9723  11 (D 0,0,0) (S 764,427,799) (S 740,799,428) (S 741,428,68) (S 74,66,148) (S 254,65,427) (S 765,427,808) (S 763,808,150) (S 45,95,96) (S 694,771,392) (D 0,0,0)
 0 1 38 165132 10210  16 (D 0,0,0) (S 705,381,36) (S 90,172,80) (S 40,80,81) (S 93,80,173) (S 87,170,171) (S 91,171,169) (S 86,169,168) (S 85,168,164) (S 83,163,166) (S 147,166,275) (S 261,275,440) (S 768,165,440) (S 769,440,424) (S 771,809,274) (D 0,0,0)
 0 1 39 165827 9655  11 (D 0,0,0) (S 170,173,308) (S 250,308,421) (S 729,421,307) (S 757,273,805) (S 758,805,806) (S 759,423,300) (S 252,423,271) (S 264,276,443) (S 772,443,444) (D 0,0,0)
 0 1 40 167794 7553  15 (D 0,0,0) (S 216,374,159) (S 221,159,381) (S 702,381,382) (S 222,382,383) (S 704,382,378) (S 219,378,144) (S 72,144,143) (S 76,143,158) (S 698,158,773) (S 699,773,204) (S 700,204,112) (S 663,756,755) (S 44,93,94) (D 0,0,0)
 0 1 41 166860 7636  13 (D 0,0,0) (S 708,146,775) (S 709,775,776) (S 707,775,109) (S 220,379,380) (S 706,379,109) (S 54,109,107) (S 52,107,106) (S 51,106,104) (S 198,283,348) (S 196,348,347) (S 195,347,180) (D 0,0,0)
 0 1 42 166805 8026  13 (D 0,0,0) (S 652,749,750) (S 344,547,545) (S 340,542,543) (S 341,541,544) (S 646,341,100) (S 48,102,101) (S 715,777,779) (S 718,778,292) (S 272,450,449) (S 271,449,451) (S 273,451,75) (D 0,0,0)
 0 1 43 166436 7896  12 (D 0,0,0) (S 343,333,547) (S 42,85,84) (S 647,97,529) (S 309,499,501) (S 329,529,528) (S 311,503,504) (S 633,729,330) (S 185,332,331) (S 189,340,339) (S 639,745,546) (D 0,0,0)
 0 1 44 166408 9170  26 (D 0,0,0) (S 324,309,519) (S 369,555,562) (S 367,562,563) (S 552,691,536) (S 182,325,326) (S 608,326,723) (S 610,723,725) (S 606,725,726) (S 605,725,714) (S 587,714,715) (S 611,715,706) (S 612,706,722) (S 596,722,568) (S 598,722,717) (S 582,711,705) (S 580,705,709) (S 581,709,710) (S 61,122,123) (S 63,125,123) (S 176,318,317) (S 358,317,551) (S 349,478,255) (S 136,255,256) (S 325,256,476) (D 0,0,0)
 0 1 45 167584 8841  25 (D 0,0,0) (S 281,459,126) (S 64,126,123) (S 62,123,124) (S 604,124,724) (S 607,724,727) (S 609,727,326) (S 600,723,698) (S 602,698,719) (S 592,719,720) (S 594,720,699) (S 572,702,703) (S 575,702,700) (S 571,700,701) (S 577,700,705) (S 576,705,706) (S 578,706,570) (S 375,570,568) (S 371,568,319) (S 177,319,320) (S 178,319,321) (S 282,460,321) (S 179,321,322) (S 181,322,324) (D 0,0,0)
 0 1 46 167605 8569  14 (D 0,0,0) (S 188,338,337) (S 644,337,531) (S 614,500,729) (S 617,732,730) (S 628,730,743) (S 651,743,739) (S 650,739,713) (S 585,713,707) (S 629,730,742) (S 627,742,48) (S 24,48,59) (S 31,60,55) (D 0,0,0)
 0 1 47 165926 9776  12 (D 0,0,0) (S 621,58,736) (S 622,737,738) (S 620,737,736) (S 623,736,733) (S 372,566,510) (S 317,510,47) (S 280,458,42) (S 22,42,56) (S 17,42,41) (S 21,47,52) (D 0,0,0)
 0 1 48 161550 7779  16 (D 0,0,0) (S 290,484,134) (S 350,551,552) (S 554,554,127) (S 65,127,126) (S 331,124,530) (S 333,530,535) (S 597,535,719) (S 601,719,324) (S 603,324,718) (S 591,538,718) (S 180,324,323) (S 365,323,556) (S 556,556,550) (S 347,548,257) (D 0,0,0)
 0 1 49 166030 8750  12 (D 0,0,0) (S 30,61,59) (S 635,59,332) (S 615,730,731) (S 618,728,735) (S 619,735,734) (S 613,728,511) (S 616,728,707) (S 579,707,708) (S 583,708,57) (S 25,61,60) (D 0,0,0)
 0 1 50 165495 8554  12 (D 0,0,0) (S 595,720,721) (S 599,721,716) (S 590,712,569) (S 374,569,52) (S 183,327,328) (S 373,327,52) (S 27,52,58) (S 23,58,57) (S 584,57,712) (S 589,712,718) (D 0,0,0)
 0 1 51 164427 8791  11 (D 0,0,0) (S 243,402,407) (S 161,282,287) (S 32,69,70) (S 315,303,454) (S 776,508,445) (S 267,445,446) (S 775,445,293) (S 269,449,448) (S 270,448,76) (D 0,0,0)
 0 1 52 166260 5490  12 (D 0,0,0) (S 469,407,491) (S 301,491,45) (S 143,266,184) (S 201,350,184) (S 98,184,183) (S 656,183,752) (S 657,357,514) (S 658,514,49) (S 288,479,135) (S 291,135,482) (D 0,0,0)
 0 1 53 164879 7839  22 (D 0,0,0) (S 511,658,660) (S 503,659,136) (S 69,136,135) (S 141,262,263) (S 356,263,311) (S 357,311,313) (S 351,313,520) (S 370,564,565) (S 550,565,691) (S 555,260,534) (S 334,534,537) (S 139,260,30) (S 140,261,30) (S 12,30,31) (S 13,31,32) (S 558,682,693) (S 565,695,312) (S 174,314,313) (S 326,520,519) (S 172,309,310) (D 0,0,0)
 0 1 54 164978 7997  18 (D 0,0,0) (S 561,561,695) (S 560,695,693) (S 14,33,34) (S 547,35,685) (S 551,685,692) (S 548,686,687) (S 549,688,690) (S 545,683,259) (S 138,259,32) (S 546,684,563) (S 564,562,314) (S 563,314,312) (S 173,312,311) (S 366,263,561) (S 562,561,262) (S 559,262,518) (D 0,0,0)
 0 1 55 163555 4866  16 (D 0,0,0) (S 485,131,645) (S 487,645,494) (S 296,132,488) (S 307,488,38) (S 16,39,40) (S 488,40,5) (S 489,5,10) (S 2,10,9) (S 11,6,29) (S 320,515,7) (S 122,231,230) (S 121,230,229) (S 303,229,132) (S 67,132,131) (D 0,0,0)
 0 1 56 165190 5143  13 (D 0,0,0) (S 499,657,414) (S 484,414,228) (S 486,228,133) (S 479,646,232) (S 123,232,233) (S 304,232,493) (S 302,232,492) (S 491,492,652) (S 490,650,651) (S 541,652,517) (S 321,497,516) (D 0,0,0)
 0 1 57 167341 5547  18 (D 0,0,0) (S 294,485,484) (S 517,484,236) (S 492,138,653) (S 539,643,490) (S 298,490,86) (S 299,490,130) (S 134,252,129) (S 300,251,130) (S 66,130,128) (S 540,128,253) (S 135,253,254) (S 322,87,474) (S 508,479,663) (S 504,661,137) (S 502,137,659) (S 501,659,660) (D 0,0,0)
 0 1 58 165831 4291  20 (D 0,0,0) (S 293,200,485) (S 497,485,235) (S 124,235,234) (S 125,234,236) (S 513,236,654) (S 493,654,138) (S 68,138,134) (S 289,134,483) (S 509,483,653) (S 494,653,412) (S 6,18,19) (S 483,516,224) (S 480,648,649) (S 481,648,647) (S 477,647,646) (S 478,646,413) (S 279,457,209) (S 111,207,208) (D 0,0,0)
 0 1 59 167999 7191  16 (D 0,0,0) (S 96,183,182) (S 97,179,177) (S 142,265,264) (S 667,147,757) (S 666,757,354) (S 662,353,754) (S 670,754,758) (S 669,758,759) (S 668,758,351) (S 672,753,356) (S 204,356,355) (S 673,355,761) (S 674,355,751) (S 655,751,752) (D 0,0,0)
 0 1 60 165832 6459  25 (D 0,0,0) (S 10,25,26) (S 361,27,558) (S 364,558,524) (S 410,142,190) (S 409,190,594) (S 71,142,141) (S 388,189,581) (S 413,580,176) (S 94,175,176) (S 412,599,176) (S 411,597,598) (S 414,597,600) (S 382,578,579) (S 383,578,581) (S 99,185,186) (S 408,186,594) (S 400,593,594) (S 404,594,191) (S 103,191,192) (S 403,191,187) (S 100,187,188) (S 402,187,586) (S 392,586,24) (D 0,0,0)
