442539
61
1807394
1763179
 0 1 1 46970 1004  8 (D 0,0,0) (S 417,603,604) (S 418,605,603) (S 284,463,464) (S 285,464,465) (S 286,466,467) (S 283,461,462) (D 0,0,0)
 0 1 2 161555 6100  25 (D 0,0,0) (S 379,575,195) (S 10,25,26) (S 362,559,557) (S 410,142,190) (S 101,190,189) (S 388,189,581) (S 411,597,598) (S 414,597,600) (S 413,580,176) (S 94,175,176) (S 412,599,176) (S 382,578,579) (S 383,578,581) (S 99,185,186) (S 408,186,594) (S 404,594,191) (S 103,191,192) (S 403,191,187) (S 100,187,188) (S 402,187,586) (S 392,586,24) (S 9,24,21) (S 7,21,22) (D 0,0,0)
 0 1 3 166665 2717  10 (D 0,0,0) (S 8,23,21) (S 391,24,585) (S 401,585,592) (S 399,592,586) (S 416,574,193) (S 415,193,601) (S 104,193,194) (S 105,194,196) (D 0,0,0)
 0 1 4 151533 4043  18 (D 0,0,0) (S 106,197,198) (S 437,624,623) (S 511,658,660) (S 501,660,659) (S 502,659,137) (S 504,137,661) (S 507,662,663) (S 505,663,406) (S 480,648,649) (S 481,648,647) (S 119,227,226) (S 247,226,418) (S 508,479,663) (S 510,662,661) (S 506,664,657) (S 441,609,577) (D 0,0,0)
 0 1 5 162106 3539  15 (D 0,0,0) (S 113,212,211) (S 449,211,627) (S 486,228,133) (S 477,646,647) (S 482,647,405) (S 244,410,411) (S 245,413,414) (S 279,457,209) (S 453,209,628) (S 451,628,214) (S 114,214,215) (S 447,215,626) (S 421,607,606) (D 0,0,0)
 0 1 6 167311 2666  10 (D 0,0,0) (S 378,576,575) (S 422,606,610) (S 419,607,198) (S 420,198,608) (S 442,609,620) (S 434,620,213) (S 436,213,622) (S 452,622,607) (D 0,0,0)
 0 1 7 155754 4024  16 (D 0,0,0) (S 439,626,625) (S 438,625,212) (S 435,212,621) (S 444,621,627) (S 443,627,457) (S 440,457,417) (S 476,416,222) (S 475,222,634) (S 464,634,2) (S 465,2,218) (S 116,218,217) (S 115,217,216) (S 461,216,633) (S 459,216,631) (D 0,0,0)
 0 1 8 154738 4706  17 (D 0,0,0) (S 455,625,630) (S 450,629,630) (S 454,630,214) (S 456,209,415) (S 246,415,223) (S 118,223,222) (S 474,634,489) (S 297,489,487) (S 295,486,38) (S 307,38,488) (S 296,488,132) (S 123,232,233) (S 304,232,493) (S 487,494,645) (S 485,645,131) (D 0,0,0)
 0 1 9 148409 3577  13 (D 0,0,0) (S 448,211,628) (S 111,207,208) (S 112,208,210) (S 241,400,404) (S 237,400,399) (S 236,399,205) (S 235,206,398) (S 238,398,401) (S 240,401,403) (S 248,403,419) (S 445,419,208) (D 0,0,0)
 0 1 10 166539 8342  17 (D 0,0,0) (S 503,659,136) (S 69,136,135) (S 172,309,310) (S 324,309,519) (S 336,323,538) (S 335,538,61) (S 635,59,332) (S 634,332,330) (S 184,330,329) (S 309,499,501) (S 647,529,97) (S 47,84,99) (S 46,98,99) (S 642,744,339) (S 641,745,60) (D 0,0,0)
 0 1 11 167607 5407  12 (D 0,0,0) (S 539,643,490) (S 298,490,86) (S 299,490,130) (S 134,252,129) (S 300,251,130) (S 66,130,128) (S 540,128,253) (S 135,253,254) (S 322,87,474) (S 321,497,516) (D 0,0,0)
 0 1 12 167673 5841  14 (D 0,0,0) (S 523,670,241) (S 521,241,239) (S 127,239,240) (S 526,239,238) (S 126,238,237) (S 239,237,402) (S 242,407,247) (S 319,513,514) (S 658,514,49) (S 386,49,582) (S 384,582,245) (S 536,584,246) (D 0,0,0)
 0 1 13 166479 7257  16 (D 0,0,0) (S 380,557,523) (S 396,589,364) (S 208,364,363) (S 230,363,396) (S 207,361,362) (S 678,762,360) (S 677,360,763) (S 680,763,359) (S 681,764,359) (S 206,359,360) (S 679,763,595) (S 406,595,572) (S 376,572,523) (S 71,141,142) (D 0,0,0)
 0 1 14 165759 7853  17 (D 0,0,0) (S 497,485,235) (S 124,235,234) (S 125,234,236) (S 493,654,138) (S 708,146,775) (S 707,775,109) (S 706,109,379) (S 220,379,380) (S 54,109,107) (S 52,107,106) (S 710,776,106) (S 51,106,104) (S 50,104,105) (S 53,104,108) (S 656,183,752) (D 0,0,0)
 0 1 15 167945 7580  18 (D 0,0,0) (S 405,595,94) (S 663,755,756) (S 701,756,112) (S 700,112,204) (S 110,204,203) (S 211,203,369) (S 699,204,773) (S 698,773,158) (S 76,158,143) (S 72,143,144) (S 109,162,203) (S 80,162,146) (S 128,241,242) (S 522,670,615) (S 496,617,655) (S 495,655,235) (D 0,0,0)
 0 1 16 167558 6352  15 (D 0,0,0) (S 381,23,573) (S 361,27,558) (S 364,558,524) (S 407,572,596) (S 5,16,17) (S 430,618,619) (S 4,14,15) (S 431,15,619) (S 433,619,115) (S 57,114,113) (S 397,113,345) (S 194,345,346) (S 395,590,591) (D 0,0,0)
 0 1 17 161115 4961  16 (D 0,0,0) (S 292,28,200) (S 537,611,677) (S 538,677,678) (S 535,677,246) (S 130,246,245) (S 385,245,584) (S 387,584,583) (S 389,523,141) (S 390,141,189) (S 400,593,594) (S 409,594,190) (S 102,190,140) (S 70,140,139) (S 360,139,557) (D 0,0,0)
 0 1 18 161651 5691  23 (D 0,0,0) (S 107,200,199) (S 423,611,612) (S 129,243,244) (S 515,243,667) (S 518,667,669) (S 516,668,669) (S 531,669,673) (S 530,674,673) (S 529,673,672) (S 527,672,671) (S 534,671,675) (S 533,676,675) (S 532,675,673) (S 528,672,667) (S 520,243,666) (S 514,666,612) (S 519,612,654) (S 513,654,236) (S 517,236,484) (S 498,480,656) (S 108,202,201) (D 0,0,0)
 0 1 19 165261 6838  10 (D 0,0,0) (S 95,177,181) (S 142,265,264) (S 144,264,267) (S 703,267,774) (S 721,774,780) (S 720,774,776) (S 709,776,775) (S 73,146,147) (D 0,0,0)
 0 1 20 166855 7012  14 (D 0,0,0) (S 205,357,358) (S 655,752,751) (S 668,351,758) (S 203,353,352) (S 202,352,351) (S 671,760,178) (S 672,753,356) (S 204,356,355) (S 673,355,761) (S 674,355,751) (S 661,752,357) (S 657,357,514) (D 0,0,0)
 0 1 21 159940 4714  16 (D 0,0,0) (S 500,658,657) (S 499,657,414) (S 484,414,228) (S 67,131,132) (S 303,132,229) (S 121,229,230) (S 122,230,231) (S 320,515,7) (S 11,6,29) (S 2,9,10) (S 489,10,5) (S 488,5,40) (S 16,40,39) (S 120,38,228) (D 0,0,0)
 0 1 22 166983 7997  14 (D 0,0,0) (S 512,660,482) (S 369,555,562) (S 574,530,698) (S 602,698,719) (S 603,324,718) (S 589,718,712) (S 584,712,57) (S 28,57,44) (S 18,43,44) (S 19,44,48) (S 30,59,61) (S 25,61,60) (D 0,0,0)
 0 1 23 167866 6744  17 (D 0,0,0) (S 289,134,483) (S 509,483,653) (S 131,247,50) (S 143,266,184) (S 201,350,184) (S 98,184,183) (S 96,183,182) (S 97,179,177) (S 199,264,116) (S 59,117,118) (S 162,118,108) (S 155,108,283) (S 198,283,348) (S 195,347,180) (S 243,407,402) (D 0,0,0)
 0 1 24 154516 5238  21 (D 0,0,0) (S 446,215,208) (S 462,632,220) (S 117,220,221) (S 458,221,217) (S 1,3,4) (S 306,4,496) (S 470,496,640) (S 471,640,641) (S 473,642,638) (S 472,638,639) (S 467,638,637) (S 466,636,635) (S 468,635,4) (S 305,4,495) (S 308,495,498) (S 463,498,315) (S 175,315,316) (S 457,221,631) (S 460,631,632) (D 0,0,0)
 0 1 25 167791 6196  11 (D 0,0,0) (S 424,614,409) (S 20,49,50) (S 29,62,63) (S 652,749,750) (S 654,750,343) (S 653,343,547) (S 343,547,333) (S 186,333,334) (S 342,333,546) (D 0,0,0)
 0 1 26 159575 5619  11 (D 0,0,0) (S 429,612,615) (S 524,614,670) (S 525,238,408) (S 193,46,344) (S 301,45,491) (S 469,491,407) (S 133,250,248) (S 318,248,512) (S 132,248,249) (D 0,0,0)
 0 1 27 165045 7945  24 (D 0,0,0) (S 291,482,135) (S 288,135,479) (S 326,519,520) (S 567,564,318) (S 553,127,691) (S 557,691,260) (S 327,525,526) (S 334,534,537) (S 555,534,260) (S 139,260,30) (S 140,261,30) (S 12,30,31) (S 13,31,32) (S 560,693,695) (S 565,695,312) (S 563,312,314) (S 174,314,313) (S 351,520,313) (S 357,313,311) (S 356,311,263) (S 141,263,262) (S 559,262,518) (D 0,0,0)
 0 1 28 162140 4782  10 (D 0,0,0) (S 478,413,646) (S 479,646,232) (S 302,232,492) (S 491,492,652) (S 490,650,651) (S 541,652,517) (S 483,224,516) (S 6,19,18) (D 0,0,0)
 0 1 29 166553 6499  13 (D 0,0,0) (S 542,258,120) (S 60,120,121) (S 348,549,539) (S 338,540,539) (S 337,539,55) (S 544,64,679) (S 543,679,680) (S 26,62,53) (S 568,53,697) (S 569,697,696) (S 323,119,88) (D 0,0,0)
 0 1 30 167133 7450  19 (D 0,0,0) (S 325,476,256) (S 136,256,255) (S 347,257,548) (S 556,550,556) (S 365,556,323) (S 180,323,324) (S 601,324,719) (S 597,719,535) (S 333,535,530) (S 331,530,124) (S 62,124,123) (S 566,127,318) (S 176,318,317) (S 358,317,551) (S 349,478,255) (S 346,255,257) (S 137,257,258) (D 0,0,0)
 0 1 31 167244 9396  32 (D 0,0,0) (S 352,459,505) (S 592,719,720) (S 594,720,699) (S 573,699,704) (S 593,704,721) (S 595,720,721) (S 599,721,716) (S 588,716,322) (S 179,322,321) (S 282,460,321) (S 178,321,319) (S 177,319,320) (S 371,319,568) (S 612,722,706) (S 576,706,705) (S 577,705,700) (S 571,700,701) (S 575,700,702) (S 572,702,703) (S 570,699,698) (S 600,698,723) (S 609,326,727) (S 604,724,124) (S 61,122,123) (S 64,123,126) (S 281,126,459) (S 354,459,554) (S 355,554,317) (S 350,551,552) (S 353,551,522) (D 0,0,0)
 0 1 32 167402 8761  25 (D 0,0,0) (S 368,553,564) (S 370,564,565) (S 550,565,691) (S 552,691,536) (S 182,325,326) (S 608,326,723) (S 581,709,710) (S 580,709,705) (S 582,705,711) (S 598,717,722) (S 596,722,568) (S 375,568,570) (S 578,570,706) (S 611,706,715) (S 587,715,714) (S 605,714,725) (S 606,725,726) (S 610,725,723) (S 607,727,724) (S 63,125,123) (S 65,126,127) (S 554,127,554) (S 287,477,476) (D 0,0,0)
 0 1 33 163808 7997  17 (D 0,0,0) (S 366,561,263) (S 173,311,312) (S 564,314,562) (S 367,562,563) (S 546,563,684) (S 138,32,259) (S 545,259,683) (S 551,685,692) (S 547,685,35) (S 14,33,34) (S 548,686,687) (S 549,688,690) (S 558,682,693) (S 561,695,561) (S 562,561,262) (D 0,0,0)
 0 1 34 164761 7453  9 (D 0,0,0) (S 426,199,616) (S 639,546,745) (S 640,745,533) (S 332,533,340) (S 638,532,338) (S 643,335,545) (S 192,343,54) (D 0,0,0)
 0 1 35 167365 8243  15 (D 0,0,0) (S 42,85,84) (S 712,97,746) (S 716,779,778) (S 718,778,292) (S 272,450,449) (S 271,449,451) (S 273,451,75) (S 35,75,74) (S 36,74,72) (S 190,294,341) (S 341,544,541) (S 340,542,543) (S 344,545,547) (D 0,0,0)
 0 1 36 166572 8632  12 (D 0,0,0) (S 645,102,746) (S 648,747,528) (S 310,503,502) (S 330,502,527) (S 328,527,293) (S 775,293,445) (S 267,445,446) (S 776,445,508) (S 315,454,303) (S 197,180,182) (D 0,0,0)
 0 1 37 167386 8736  13 (D 0,0,0) (S 427,199,617) (S 329,529,528) (S 632,504,291) (S 156,291,280) (S 268,280,447) (S 624,285,739) (S 625,739,731) (S 615,731,730) (S 629,730,742) (S 627,742,48) (S 359,556,521) (D 0,0,0)
 0 1 38 165685 8065  12 (D 0,0,0) (S 339,506,287) (S 33,71,72) (S 34,73,72) (S 159,295,289) (S 711,295,777) (S 714,777,101) (S 48,101,102) (S 187,335,336) (S 636,336,547) (S 191,51,342) (D 0,0,0)
 0 1 39 165516 9190  9 (D 0,0,0) (S 591,538,718) (S 583,57,708) (S 579,708,707) (S 616,707,728) (S 585,707,713) (S 158,291,293) (S 274,452,302) (D 0,0,0)
 0 1 40 167734 7896  14 (D 0,0,0) (S 31,55,60) (S 189,339,340) (S 185,331,332) (S 633,330,729) (S 631,732,504) (S 311,504,503) (S 713,502,778) (S 719,778,747) (S 649,748,746) (S 646,100,341) (S 345,544,506) (S 313,506,347) (D 0,0,0)
 0 1 41 164578 8211  14 (D 0,0,0) (S 200,349,181) (S 160,267,118) (S 161,282,287) (S 778,287,456) (S 780,456,69) (S 32,69,70) (S 37,70,76) (S 270,76,448) (S 269,448,449) (S 717,289,779) (S 715,779,777) (S 49,101,103) (D 0,0,0)
 0 1 42 167122 9646  13 (D 0,0,0) (S 87,170,171) (S 394,588,164) (S 81,164,163) (S 263,163,442) (S 770,442,274) (S 771,809,274) (S 393,587,169) (S 91,169,171) (S 774,171,455) (S 276,455,304) (S 168,302,303) (D 0,0,0)
 0 1 43 164897 10155  15 (D 0,0,0) (S 181,324,322) (S 590,712,569) (S 374,569,52) (S 21,52,47) (S 22,42,56) (S 280,458,42) (S 17,42,41) (S 317,47,510) (S 372,510,566) (S 619,734,735) (S 618,735,728) (S 613,728,511) (S 626,740,741) (D 0,0,0)
 0 1 44 166912 8594  12 (D 0,0,0) (S 425,615,614) (S 24,59,48) (S 27,58,52) (S 373,52,327) (S 183,327,328) (S 623,733,736) (S 622,737,738) (S 620,737,736) (S 621,736,58) (S 23,58,57) (D 0,0,0)
 0 1 45 165970 8750  15 (D 0,0,0) (S 630,281,743) (S 651,743,739) (S 650,739,713) (S 586,713,286) (S 154,286,174) (S 153,285,284) (S 157,284,281) (S 628,743,730) (S 617,730,732) (S 614,729,500) (S 644,531,337) (S 188,337,338) (S 637,744,336) (D 0,0,0)
 0 1 46 167536 9748  14 (D 0,0,0) (S 223,308,306) (S 264,443,276) (S 148,276,277) (S 166,277,301) (S 767,301,809) (S 766,809,424) (S 261,440,275) (S 150,274,277) (S 163,277,297) (S 41,82,83) (S 167,82,171) (S 275,453,452) (D 0,0,0)
 0 1 47 160117 10242  14 (D 0,0,0) (S 165,82,297) (S 164,297,298) (S 146,274,275) (S 147,275,166) (S 768,165,440) (S 769,440,424) (S 253,424,167) (S 84,167,165) (S 82,165,166) (S 83,166,163) (S 85,164,168) (S 86,168,169) (D 0,0,0)
 0 1 48 167657 8795  20 (D 0,0,0) (S 233,363,374) (S 683,389,79) (S 682,79,765) (S 685,765,766) (S 684,766,470) (S 312,469,468) (S 224,387,388) (S 227,393,387) (S 695,771,772) (S 694,771,392) (S 225,384,78) (S 39,78,79) (S 689,765,368) (S 690,368,770) (S 691,770,767) (S 688,768,769) (S 686,768,767) (S 687,767,373) (D 0,0,0)
 0 1 49 167941 9618  18 (D 0,0,0) (S 229,373,395) (S 231,372,367) (S 212,370,154) (S 251,153,422) (S 151,161,279) (S 726,279,441) (S 723,781,782) (S 89,37,172) (S 90,172,80) (S 40,80,81) (S 93,80,173) (S 779,69,811) (S 777,810,811) (S 38,69,77) (S 278,77,288) (S 196,348,347) (D 0,0,0)
 0 1 50 166961 6938  13 (D 0,0,0) (S 226,111,94) (S 664,94,755) (S 665,755,353) (S 662,353,754) (S 670,754,758) (S 669,758,759) (S 666,354,757) (S 667,757,147) (S 660,147,349) (S 659,753,751) (S 428,613,617) (D 0,0,0)
 0 1 51 166497 6844  12 (D 0,0,0) (S 44,93,94) (S 55,111,110) (S 56,112,110) (S 218,110,377) (S 697,377,396) (S 676,397,762) (S 675,762,589) (S 58,114,115) (S 432,115,591) (S 398,591,572) (D 0,0,0)
 0 1 52 165823 8410  13 (D 0,0,0) (S 232,365,92) (S 43,90,91) (S 78,160,152) (S 262,152,441) (S 724,420,37) (S 316,37,509) (S 702,381,382) (S 222,382,383) (S 704,382,378) (S 219,378,144) (S 696,773,377) (D 0,0,0)
 0 1 53 166678 8511  7 (D 0,0,0) (S 314,92,507) (S 214,372,152) (S 213,151,371) (S 210,367,368) (S 692,770,395) (D 0,0,0)
 0 1 54 162471 9902  15 (D 0,0,0) (S 377,573,560) (S 228,394,390) (S 751,157,800) (S 750,800,786) (S 733,786,788) (S 217,375,296) (S 759,300,423) (S 252,423,271) (S 773,444,306) (S 169,306,307) (S 250,421,308) (S 170,308,173) (S 277,456,77) (D 0,0,0)
 0 1 55 167960 10147  13 (D 0,0,0) (S 15,36,37) (S 727,783,278) (S 747,268,801) (S 745,801,800) (S 732,786,787) (S 757,273,805) (S 756,805,804) (S 754,788,803) (S 256,429,430) (S 742,429,799) (S 75,149,157) (D 0,0,0)
 0 1 56 167303 9649  12 (D 0,0,0) (S 762,149,807) (S 761,807,802) (S 744,795,433) (S 748,433,798) (S 257,431,432) (S 739,431,785) (S 731,784,785) (S 743,798,429) (S 764,799,427) (S 254,427,65) (D 0,0,0)
 0 1 57 163475 9558  10 (D 0,0,0) (S 74,66,148) (S 255,67,428) (S 741,68,428) (S 740,428,799) (S 765,427,808) (S 763,808,150) (S 45,95,96) (S 693,155,771) (D 0,0,0)
 0 1 58 167602 8726  13 (D 0,0,0) (S 363,560,559) (S 753,156,801) (S 752,801,787) (S 734,787,272) (S 145,269,268) (S 152,278,279) (S 725,441,781) (S 722,781,420) (S 249,420,160) (S 215,160,373) (S 234,397,111) (D 0,0,0)
 0 1 59 167932 9030  11 (D 0,0,0) (S 728,172,783) (S 730,783,421) (S 729,421,307) (S 171,307,272) (S 149,273,270) (S 266,270,444) (S 772,444,443) (S 265,443,170) (S 92,170,173) (D 0,0,0)
 0 1 60 165362 10493  15 (D 0,0,0) (S 758,805,806) (S 760,375,797) (S 260,12,439) (S 3,12,13) (S 738,12,797) (S 259,437,438) (S 737,437,796) (S 258,435,436) (S 755,796,425) (S 735,794,793) (S 736,790,795) (S 746,802,803) (S 749,803,800) (D 0,0,0)
 0 1 61 164983 7509  15 (D 0,0,0) (S 293,200,485) (S 294,485,484) (S 290,484,134) (S 68,134,138) (S 492,138,653) (S 494,653,412) (S 79,158,159) (S 77,159,145) (S 88,145,36) (S 705,36,381) (S 221,381,159) (S 216,159,374) (S 209,365,366) (D 0,0,0)
