439680
60
3607744
3599032
 0 1 1 147205 3045  14 (D 0,0,0) (S 418,605,603) (S 417,603,604) (S 283,461,462) (S 286,466,467) (S 284,463,464) (S 285,464,465) (S 422,606,610) (S 421,606,607) (S 419,607,198) (S 420,198,608) (S 106,198,197) (S 379,195,575) (D 0,0,0)
 0 1 2 167551 5576  27 (D 0,0,0) (S 292,28,200) (S 293,200,485) (S 497,485,235) (S 124,235,234) (S 125,234,236) (S 513,236,654) (S 519,654,612) (S 514,612,666) (S 520,666,243) (S 129,243,244) (S 515,243,667) (S 528,667,672) (S 527,672,671) (S 534,671,675) (S 533,676,675) (S 532,675,673) (S 530,674,673) (S 529,673,672) (S 531,673,669) (S 516,668,669) (S 518,669,667) (S 517,236,484) (S 512,482,660) (S 437,623,624) (S 442,620,609) (D 0,0,0)
 0 1 3 166994 3635  13 (D 0,0,0) (S 434,213,620) (S 444,621,627) (S 478,413,646) (S 477,646,647) (S 482,647,405) (S 244,410,411) (S 245,413,414) (S 499,414,657) (S 506,664,657) (S 500,657,658) (S 441,609,577) (D 0,0,0)
 0 1 4 166665 2717  10 (D 0,0,0) (S 8,23,21) (S 399,586,592) (S 401,592,585) (S 391,585,24) (S 416,574,193) (S 415,193,601) (S 104,193,194) (S 105,194,196) (D 0,0,0)
 0 1 5 166395 4961  20 (D 0,0,0) (S 381,23,573) (S 377,573,560) (S 360,557,139) (S 70,139,140) (S 102,140,190) (S 400,593,594) (S 409,594,190) (S 101,190,189) (S 390,189,141) (S 389,141,523) (S 387,583,584) (S 385,584,245) (S 130,245,246) (S 535,246,677) (S 538,677,678) (S 537,677,611) (S 428,613,617) (S 107,199,200) (D 0,0,0)
 0 1 6 167839 5053  13 (D 0,0,0) (S 294,485,484) (S 290,484,134) (S 509,483,653) (S 494,653,412) (S 539,643,490) (S 298,490,86) (S 299,490,130) (S 66,130,128) (S 540,128,253) (S 135,253,254) (S 322,87,474) (D 0,0,0)
 0 1 7 167244 5493  15 (D 0,0,0) (S 424,614,409) (S 131,247,50) (S 301,45,491) (S 300,251,130) (S 134,252,129) (S 469,491,407) (S 243,407,402) (S 126,237,238) (S 127,239,240) (S 521,239,241) (S 522,670,615) (S 429,615,612) (S 427,617,199) (D 0,0,0)
 0 1 8 167892 4228  20 (D 0,0,0) (S 435,212,621) (S 511,658,660) (S 501,660,659) (S 502,659,137) (S 504,137,661) (S 510,661,662) (S 507,662,663) (S 119,226,227) (S 481,647,648) (S 480,648,649) (S 483,224,516) (S 247,418,226) (S 505,406,663) (S 508,663,479) (S 288,479,135) (S 291,135,482) (S 498,480,656) (S 108,202,201) (D 0,0,0)
 0 1 9 166778 7776  22 (D 0,0,0) (S 503,659,136) (S 69,136,135) (S 559,518,262) (S 141,262,263) (S 366,263,561) (S 356,263,311) (S 174,313,314) (S 563,314,312) (S 565,312,695) (S 13,32,31) (S 12,31,30) (S 140,261,30) (S 139,30,260) (S 334,534,537) (S 555,534,260) (S 557,260,691) (S 550,691,565) (S 370,565,564) (S 368,564,553) (S 6,19,18) (D 0,0,0)
 0 1 10 167876 4659  14 (D 0,0,0) (S 486,228,133) (S 303,132,229) (S 121,229,230) (S 122,230,231) (S 320,515,7) (S 11,6,29) (S 2,9,10) (S 489,10,5) (S 488,5,40) (S 16,40,39) (S 120,38,228) (S 449,627,211) (D 0,0,0)
 0 1 11 167736 5486  19 (D 0,0,0) (S 113,212,211) (S 443,627,457) (S 484,414,228) (S 485,131,645) (S 487,645,494) (S 304,493,232) (S 541,517,652) (S 490,650,651) (S 491,652,492) (S 302,492,232) (S 123,232,233) (S 479,232,646) (S 454,214,630) (S 450,629,630) (S 455,630,625) (S 438,625,212) (S 378,575,576) (D 0,0,0)
 0 1 12 166820 3847  14 (D 0,0,0) (S 436,622,213) (S 448,211,628) (S 453,628,209) (S 246,415,223) (S 118,223,222) (S 475,222,634) (S 464,634,2) (S 465,2,218) (S 116,218,217) (S 117,221,220) (S 462,220,632) (S 112,208,210) (D 0,0,0)
 0 1 13 166993 3361  12 (D 0,0,0) (S 446,215,208) (S 111,207,208) (S 248,419,403) (S 240,403,401) (S 238,401,398) (S 235,398,206) (S 236,205,399) (S 237,399,400) (S 241,400,404) (S 447,215,626) (D 0,0,0)
 0 1 14 153556 3961  16 (D 0,0,0) (S 439,626,625) (S 451,214,628) (S 456,209,415) (S 476,416,222) (S 474,634,489) (S 297,489,487) (S 295,486,38) (S 307,38,488) (S 296,488,132) (S 67,132,131) (S 440,417,457) (S 279,457,209) (S 114,214,215) (S 452,622,607) (D 0,0,0)
 0 1 15 158410 5547  22 (D 0,0,0) (S 445,208,419) (S 460,632,631) (S 459,631,216) (S 461,216,633) (S 115,216,217) (S 175,315,316) (S 463,315,498) (S 308,498,495) (S 305,495,4) (S 468,4,635) (S 466,635,636) (S 467,637,638) (S 472,638,639) (S 473,638,642) (S 471,641,640) (S 470,640,496) (S 306,496,4) (S 1,4,3) (S 458,217,221) (S 457,221,631) (D 0,0,0)
 0 1 16 160444 6146  17 (D 0,0,0) (S 363,560,559) (S 362,559,557) (S 380,557,523) (S 406,572,595) (S 679,595,763) (S 206,360,359) (S 681,764,359) (S 680,359,763) (S 677,763,360) (S 678,360,762) (S 675,762,589) (S 57,113,114) (S 58,114,115) (S 432,115,591) (S 398,591,572) (D 0,0,0)
 0 1 17 156978 6477  15 (D 0,0,0) (S 71,142,141) (S 395,591,590) (S 194,345,346) (S 433,115,619) (S 4,14,15) (S 431,15,619) (S 430,619,618) (S 5,16,17) (S 407,596,572) (S 376,572,523) (S 364,524,558) (S 361,558,27) (S 10,25,26) (D 0,0,0)
 0 1 18 132840 5837  21 (D 0,0,0) (S 410,142,190) (S 388,189,581) (S 414,597,600) (S 411,597,598) (S 412,599,176) (S 94,175,176) (S 413,176,580) (S 382,578,579) (S 383,578,581) (S 99,185,186) (S 408,186,594) (S 404,594,191) (S 103,191,192) (S 403,191,187) (S 100,187,188) (S 402,187,586) (S 392,586,24) (S 9,24,21) (S 7,21,22) (D 0,0,0)
 0 1 19 167455 9419  15 (D 0,0,0) (S 278,288,77) (S 38,77,69) (S 170,173,308) (S 223,308,306) (S 757,273,805) (S 758,805,806) (S 252,423,271) (S 149,270,273) (S 727,278,783) (S 728,783,172) (S 706,379,109) (S 709,775,776) (S 239,402,237) (D 0,0,0)
 0 1 20 167907 10245  14 (D 0,0,0) (S 250,308,421) (S 169,307,306) (S 266,444,270) (S 759,423,300) (S 767,809,301) (S 166,301,277) (S 148,277,276) (S 265,443,170) (S 93,173,80) (S 40,80,81) (S 90,80,172) (S 220,379,380) (D 0,0,0)
 0 1 21 167850 7371  13 (D 0,0,0) (S 199,264,116) (S 53,108,104) (S 50,104,105) (S 51,104,106) (S 52,106,107) (S 54,107,109) (S 707,109,775) (S 708,775,146) (S 73,146,147) (S 667,147,757) (S 668,758,351) (D 0,0,0)
 0 1 22 167781 6508  13 (D 0,0,0) (S 200,349,181) (S 142,265,264) (S 144,264,267) (S 160,267,118) (S 162,118,108) (S 155,108,283) (S 198,283,348) (S 196,348,347) (S 195,347,180) (S 197,180,182) (S 96,182,183) (D 0,0,0)
 0 1 23 166363 7924  13 (D 0,0,0) (S 313,347,506) (S 339,506,287) (S 36,72,74) (S 35,74,75) (S 271,451,449) (S 272,449,450) (S 717,289,779) (S 715,779,777) (S 714,777,101) (S 48,101,102) (S 646,100,341) (D 0,0,0)
 0 1 24 167783 8595  15 (D 0,0,0) (S 642,339,744) (S 638,338,532) (S 184,329,330) (S 631,732,504) (S 309,499,501) (S 648,528,747) (S 719,747,778) (S 718,778,292) (S 159,289,295) (S 711,295,777) (S 712,746,97) (S 344,545,547) (S 343,547,333) (D 0,0,0)
 0 1 25 166483 8885  15 (D 0,0,0) (S 345,506,544) (S 645,102,746) (S 649,746,748) (S 311,503,504) (S 632,504,291) (S 156,291,280) (S 153,284,285) (S 154,286,174) (S 586,286,713) (S 650,713,739) (S 651,743,739) (S 625,739,731) (S 615,731,730) (D 0,0,0)
 0 1 26 166763 8854  11 (D 0,0,0) (S 583,57,708) (S 579,708,707) (S 585,707,713) (S 624,739,285) (S 157,284,281) (S 630,281,743) (S 628,743,730) (S 629,730,742) (S 627,742,48) (D 0,0,0)
 0 1 27 166717 8579  15 (D 0,0,0) (S 49,103,101) (S 716,779,778) (S 713,778,502) (S 330,502,527) (S 268,280,447) (S 158,291,293) (S 328,293,527) (S 310,502,503) (S 329,528,529) (S 647,529,97) (S 188,337,338) (S 637,744,336) (S 636,336,547) (D 0,0,0)
 0 1 28 165226 7896  11 (D 0,0,0) (S 46,98,99) (S 47,99,84) (S 42,84,85) (S 644,337,531) (S 614,500,729) (S 633,729,330) (S 634,330,332) (S 185,332,331) (S 332,340,533) (D 0,0,0)
 0 1 29 167225 8463  12 (D 0,0,0) (S 277,77,456) (S 777,810,811) (S 779,811,69) (S 32,69,70) (S 37,70,76) (S 270,76,448) (S 269,448,449) (S 273,451,75) (S 34,73,72) (S 33,72,71) (D 0,0,0)
 0 1 30 166367 8888  12 (D 0,0,0) (S 778,287,456) (S 780,456,69) (S 315,303,454) (S 275,452,453) (S 776,508,445) (S 267,445,446) (S 775,445,293) (S 190,294,341) (S 341,544,541) (S 340,542,543) (D 0,0,0)
 0 1 31 167788 9318  13 (D 0,0,0) (S 276,304,455) (S 167,171,82) (S 41,82,83) (S 165,82,297) (S 164,297,298) (S 163,297,277) (S 150,277,274) (S 770,274,442) (S 393,587,169) (S 91,169,171) (S 92,170,173) (D 0,0,0)
 0 1 32 167941 10007  13 (D 0,0,0) (S 773,306,444) (S 772,444,443) (S 264,443,276) (S 261,275,440) (S 769,440,424) (S 768,440,165) (S 82,165,166) (S 83,166,163) (S 81,163,164) (S 394,164,588) (S 87,171,170) (D 0,0,0)
 0 1 33 167189 7063  10 (D 0,0,0) (S 397,345,113) (S 208,364,363) (S 230,363,396) (S 207,361,362) (S 697,396,377) (S 696,377,773) (S 218,377,110) (S 405,94,595) (D 0,0,0)
 0 1 34 167956 8109  10 (D 0,0,0) (S 234,111,397) (S 233,363,374) (S 215,373,160) (S 251,153,422) (S 212,154,370) (S 210,367,368) (S 690,368,770) (S 692,770,395) (D 0,0,0)
 0 1 35 166240 9196  17 (D 0,0,0) (S 683,389,79) (S 682,79,765) (S 685,765,766) (S 684,766,470) (S 312,469,468) (S 227,393,387) (S 224,387,388) (S 225,384,78) (S 689,765,368) (S 691,770,767) (S 688,768,769) (S 686,768,767) (S 687,767,373) (S 314,92,507) (S 209,365,366) (D 0,0,0)
 0 1 36 167539 7763  15 (D 0,0,0) (S 396,589,364) (S 216,374,159) (S 221,159,381) (S 702,381,382) (S 222,382,383) (S 704,382,378) (S 219,378,144) (S 109,162,203) (S 211,203,369) (S 110,203,204) (S 701,112,756) (S 663,756,755) (S 44,93,94) (D 0,0,0)
 0 1 37 167807 8230  13 (D 0,0,0) (S 676,762,397) (S 232,365,92) (S 43,90,91) (S 88,145,36) (S 15,36,37) (S 316,37,509) (S 724,37,420) (S 722,420,781) (S 723,781,782) (S 262,441,152) (S 214,152,372) (D 0,0,0)
 0 1 38 167292 8950  16 (D 0,0,0) (S 229,373,395) (S 231,372,367) (S 213,371,151) (S 753,156,801) (S 745,801,800) (S 749,800,803) (S 754,803,788) (S 733,788,786) (S 732,786,787) (S 752,787,801) (S 747,801,268) (S 726,279,441) (S 725,441,781) (S 249,420,160) (D 0,0,0)
 0 1 39 167760 10520  14 (D 0,0,0) (S 152,279,278) (S 756,805,804) (S 738,797,12) (S 260,12,439) (S 3,12,13) (S 217,296,375) (S 760,375,797) (S 259,437,438) (S 737,437,796) (S 755,796,425) (S 735,794,793) (S 736,790,795) (D 0,0,0)
 0 1 40 167802 10048  13 (D 0,0,0) (S 751,157,800) (S 750,800,786) (S 731,784,785) (S 258,435,436) (S 739,785,431) (S 257,431,432) (S 748,798,433) (S 744,433,795) (S 746,802,803) (S 761,802,807) (S 762,807,149) (D 0,0,0)
 0 1 41 167909 9638  11 (D 0,0,0) (S 763,150,808) (S 765,808,427) (S 742,799,429) (S 743,429,798) (S 256,429,430) (S 740,799,428) (S 255,428,67) (S 693,155,771) (S 695,771,772) (D 0,0,0)
 0 1 42 167768 9388  11 (D 0,0,0) (S 39,79,78) (S 45,95,96) (S 254,65,427) (S 764,427,799) (S 741,428,68) (S 74,66,148) (S 75,149,157) (S 694,771,392) (S 228,390,394) (D 0,0,0)
 0 1 43 167863 10133  15 (D 0,0,0) (S 168,303,302) (S 274,302,452) (S 146,274,275) (S 147,275,166) (S 84,165,167) (S 253,167,424) (S 766,424,809) (S 771,809,274) (S 263,442,163) (S 85,164,168) (S 86,168,169) (S 774,171,455) (S 161,287,282) (D 0,0,0)
 0 1 44 165613 7919  13 (D 0,0,0) (S 289,134,483) (S 359,521,556) (S 365,556,323) (S 591,538,718) (S 589,718,712) (S 18,43,44) (S 335,61,538) (S 336,538,323) (S 556,556,550) (S 347,548,257) (S 325,256,476) (D 0,0,0)
 0 1 45 167932 7822  20 (D 0,0,0) (S 326,519,520) (S 351,520,313) (S 357,313,311) (S 173,311,312) (S 564,314,562) (S 367,562,563) (S 546,563,684) (S 138,32,259) (S 545,259,683) (S 551,685,692) (S 14,33,34) (S 547,35,685) (S 549,688,690) (S 548,687,686) (S 558,682,693) (S 560,693,695) (S 561,695,561) (S 562,561,262) (D 0,0,0)
 0 1 46 167628 6751  15 (D 0,0,0) (S 349,478,255) (S 346,255,257) (S 137,257,258) (S 542,258,120) (S 60,120,121) (S 348,549,539) (S 338,540,539) (S 337,539,55) (S 544,64,679) (S 543,679,680) (S 568,53,697) (S 569,697,696) (S 323,119,88) (D 0,0,0)
 0 1 47 167315 8832  23 (D 0,0,0) (S 353,522,551) (S 350,551,552) (S 554,554,127) (S 574,530,698) (S 570,698,699) (S 573,699,704) (S 575,702,700) (S 571,700,701) (S 580,705,709) (S 581,709,710) (S 576,705,706) (S 611,706,715) (S 587,715,714) (S 605,714,725) (S 606,725,726) (S 610,725,723) (S 608,723,326) (S 182,326,325) (S 327,525,526) (S 369,562,555) (S 324,519,309) (D 0,0,0)
 0 1 48 161160 9074  24 (D 0,0,0) (S 355,317,554) (S 354,554,459) (S 352,459,505) (S 180,323,324) (S 181,324,322) (S 179,322,321) (S 282,460,321) (S 178,321,319) (S 177,319,320) (S 371,319,568) (S 612,722,706) (S 578,706,570) (S 375,570,568) (S 596,568,722) (S 598,722,717) (S 582,711,705) (S 577,705,700) (S 572,702,703) (S 593,704,721) (S 594,720,699) (S 609,326,727) (S 281,126,459) (D 0,0,0)
 0 1 49 167523 9728  14 (D 0,0,0) (S 25,60,61) (S 19,48,44) (S 619,735,734) (S 372,566,510) (S 317,510,47) (S 17,41,42) (S 22,42,56) (S 280,458,42) (S 21,47,52) (S 374,52,569) (S 590,569,712) (S 603,718,324) (D 0,0,0)
 0 1 50 166284 8756  16 (D 0,0,0) (S 29,62,63) (S 28,44,57) (S 27,58,52) (S 373,52,327) (S 183,327,328) (S 623,733,736) (S 23,58,57) (S 584,57,712) (S 588,322,716) (S 599,716,721) (S 595,721,720) (S 592,720,719) (S 601,719,324) (S 136,255,256) (D 0,0,0)
 0 1 51 166571 7658  23 (D 0,0,0) (S 321,516,497) (S 172,309,310) (S 567,564,318) (S 553,127,691) (S 552,691,536) (S 331,124,530) (S 333,530,535) (S 597,535,719) (S 602,719,698) (S 600,698,723) (S 607,727,724) (S 604,724,124) (S 62,124,123) (S 63,125,123) (S 61,122,123) (S 64,123,126) (S 65,126,127) (S 566,127,318) (S 176,318,317) (S 358,317,551) (S 287,477,476) (D 0,0,0)
 0 1 52 167808 7281  10 (D 0,0,0) (S 191,51,342) (S 192,54,343) (S 653,343,547) (S 643,545,335) (S 187,335,336) (S 189,339,340) (S 640,533,745) (S 31,60,55) (D 0,0,0)
 0 1 53 167011 6705  10 (D 0,0,0) (S 193,46,344) (S 26,53,62) (S 652,749,750) (S 654,750,343) (S 186,333,334) (S 342,333,546) (S 639,546,745) (S 641,745,60) (D 0,0,0)
 0 1 54 166438 6502  16 (D 0,0,0) (S 525,238,408) (S 20,49,50) (S 143,266,184) (S 201,350,184) (S 98,184,183) (S 656,183,752) (S 661,752,357) (S 205,357,358) (S 674,751,355) (S 673,355,761) (S 204,355,356) (S 672,356,753) (S 659,753,751) (S 655,751,752) (D 0,0,0)
 0 1 55 166848 7035  12 (D 0,0,0) (S 493,654,138) (S 492,138,653) (S 660,349,147) (S 703,267,774) (S 721,774,780) (S 720,774,776) (S 710,776,106) (S 59,118,117) (S 95,181,177) (S 97,177,179) (D 0,0,0)
 0 1 56 162824 6688  16 (D 0,0,0) (S 664,94,755) (S 665,755,353) (S 662,353,754) (S 670,754,758) (S 669,758,759) (S 666,757,354) (S 203,353,352) (S 202,352,351) (S 671,760,178) (S 657,357,514) (S 242,247,407) (S 423,612,611) (S 496,617,655) (S 495,655,235) (D 0,0,0)
 0 1 57 167610 6100  11 (D 0,0,0) (S 536,246,584) (S 384,245,582) (S 386,582,49) (S 319,513,514) (S 658,514,49) (S 133,250,248) (S 132,248,249) (S 318,248,512) (S 425,614,615) (D 0,0,0)
 0 1 58 163715 7249  17 (D 0,0,0) (S 226,94,111) (S 55,111,110) (S 56,110,112) (S 700,112,204) (S 699,204,773) (S 698,773,158) (S 77,145,159) (S 79,159,158) (S 76,158,143) (S 72,143,144) (S 80,162,146) (S 526,238,239) (S 128,241,242) (S 523,241,670) (S 524,670,614) (D 0,0,0)
 0 1 59 167740 8957  15 (D 0,0,0) (S 426,199,616) (S 24,59,48) (S 621,58,736) (S 620,736,737) (S 622,737,738) (S 618,735,728) (S 613,728,511) (S 616,728,707) (S 626,740,741) (S 617,730,732) (S 635,332,59) (S 30,59,61) (S 68,138,134) (D 0,0,0)
 0 1 60 167265 8828  11 (D 0,0,0) (S 78,160,152) (S 151,161,279) (S 145,268,269) (S 734,787,272) (S 171,272,307) (S 729,307,421) (S 730,421,783) (S 89,172,37) (S 705,36,381) (D 0,0,0)
