441749
61
1807460
1119765
 0 1 1 154473 3249  12 (D 0,0,0) (S 378,576,575) (S 238,401,398) (S 235,398,206) (S 236,205,399) (S 237,399,400) (S 241,400,404) (S 240,401,403) (S 248,403,419) (S 446,208,215) (S 447,215,626) (D 0,0,0)
 0 1 2 164335 4051  14 (D 0,0,0) (S 114,215,214) (S 456,209,415) (S 246,415,223) (S 118,223,222) (S 475,222,634) (S 464,634,2) (S 465,2,218) (S 116,218,217) (S 115,217,216) (S 461,216,633) (S 459,216,631) (S 460,631,632) (D 0,0,0)
 0 1 3 166141 5547  26 (D 0,0,0) (S 112,208,210) (S 462,632,220) (S 117,220,221) (S 458,221,217) (S 175,315,316) (S 463,315,498) (S 308,498,495) (S 305,495,4) (S 306,4,496) (S 470,496,640) (S 471,640,641) (S 473,642,638) (S 472,638,639) (S 467,638,637) (S 466,636,635) (S 468,635,4) (S 1,4,3) (S 457,221,631) (S 445,419,208) (S 111,208,207) (S 451,628,214) (S 454,214,630) (S 455,630,625) (S 439,625,626) (D 0,0,0)
 0 1 4 162216 3991  17 (D 0,0,0) (S 438,212,625) (S 450,629,630) (S 476,416,222) (S 474,634,489) (S 297,489,487) (S 295,486,38) (S 307,38,488) (S 296,488,132) (S 486,133,228) (S 484,228,414) (S 443,457,627) (S 444,627,621) (S 435,621,212) (S 452,622,607) (S 421,607,606) (D 0,0,0)
 0 1 5 148413 2412  8 (D 0,0,0) (S 422,606,610) (S 436,622,213) (S 434,213,620) (S 442,620,609) (S 441,609,577) (S 379,195,575) (D 0,0,0)
 0 1 6 164718 5088  15 (D 0,0,0) (S 106,197,198) (S 512,660,482) (S 321,516,497) (S 541,517,652) (S 490,650,651) (S 491,652,492) (S 302,492,232) (S 304,232,493) (S 487,494,645) (S 485,645,131) (S 437,623,624) (S 420,198,608) (S 419,198,607) (D 0,0,0)
 0 1 7 166665 2717  10 (D 0,0,0) (S 105,196,194) (S 104,194,193) (S 415,193,601) (S 416,193,574) (S 8,23,21) (S 399,586,592) (S 401,592,585) (S 391,585,24) (D 0,0,0)
 0 1 8 160991 6518  24 (D 0,0,0) (S 7,21,22) (S 9,21,24) (S 392,24,586) (S 402,586,187) (S 100,187,188) (S 403,187,191) (S 103,191,192) (S 404,191,594) (S 400,593,594) (S 409,594,190) (S 410,190,142) (S 71,142,141) (S 388,189,581) (S 383,581,578) (S 413,580,176) (S 94,175,176) (S 412,599,176) (S 414,597,600) (S 411,597,598) (S 382,578,579) (S 99,185,186) (S 408,186,594) (D 0,0,0)
 0 1 9 151783 4391  19 (D 0,0,0) (S 292,28,200) (S 495,235,655) (S 496,655,617) (S 537,611,677) (S 538,677,678) (S 535,677,246) (S 536,246,584) (S 387,584,583) (S 389,523,141) (S 390,141,189) (S 101,189,190) (S 102,190,140) (S 70,140,139) (S 360,139,557) (S 362,557,559) (S 377,560,573) (S 381,573,23) (D 0,0,0)
 0 1 10 160900 6338  16 (D 0,0,0) (S 293,200,485) (S 294,485,484) (S 517,484,236) (S 493,654,138) (S 492,138,653) (S 494,653,412) (S 98,184,183) (S 96,183,182) (S 97,179,177) (S 95,177,181) (S 142,265,264) (S 144,264,267) (S 660,147,349) (S 68,138,134) (D 0,0,0)
 0 1 11 166231 5797  15 (D 0,0,0) (S 131,247,50) (S 193,46,344) (S 301,45,491) (S 469,491,407) (S 126,237,238) (S 526,238,239) (S 127,239,240) (S 128,241,242) (S 523,241,670) (S 522,670,615) (S 429,615,612) (S 428,613,617) (S 426,199,616) (D 0,0,0)
 0 1 12 167195 9861  12 (D 0,0,0) (S 87,170,171) (S 146,274,275) (S 261,275,440) (S 768,165,440) (S 769,440,424) (S 771,809,274) (S 150,274,277) (S 163,277,297) (S 164,297,298) (S 165,297,82) (D 0,0,0)
 0 1 13 167455 8973  24 (D 0,0,0) (S 601,324,719) (S 602,719,698) (S 600,698,723) (S 587,714,715) (S 611,715,706) (S 578,706,570) (S 375,570,568) (S 371,568,319) (S 177,319,320) (S 178,319,321) (S 179,321,322) (S 588,322,716) (S 599,716,721) (S 595,720,721) (S 593,721,704) (S 573,704,699) (S 594,699,720) (S 592,720,719) (S 597,719,535) (S 333,535,530) (S 281,126,459) (S 287,477,476) (D 0,0,0)
 0 1 14 160033 8170  25 (D 0,0,0) (S 324,309,519) (S 326,519,520) (S 370,564,565) (S 550,565,691) (S 552,691,536) (S 327,525,526) (S 182,325,326) (S 609,326,727) (S 607,727,724) (S 604,724,124) (S 62,124,123) (S 63,125,123) (S 61,122,123) (S 64,123,126) (S 65,126,127) (S 554,127,554) (S 556,556,550) (S 347,548,257) (S 137,257,258) (S 346,257,255) (S 349,255,478) (S 136,255,256) (S 325,256,476) (D 0,0,0)
 0 1 15 156294 5407  14 (D 0,0,0) (S 509,483,653) (S 539,643,490) (S 298,490,86) (S 299,490,130) (S 134,252,129) (S 300,251,130) (S 66,130,128) (S 540,128,253) (S 135,253,254) (S 322,87,474) (S 289,483,134) (S 290,134,484) (D 0,0,0)
 0 1 16 166288 3980  13 (D 0,0,0) (S 291,482,135) (S 288,135,479) (S 508,479,663) (S 247,226,418) (S 6,18,19) (S 483,516,224) (S 480,648,649) (S 481,648,647) (S 482,647,405) (S 244,410,411) (S 506,664,657) (D 0,0,0)
 0 1 17 162980 4714  16 (D 0,0,0) (S 500,658,657) (S 499,657,414) (S 120,228,38) (S 16,39,40) (S 488,40,5) (S 489,5,10) (S 2,10,9) (S 11,6,29) (S 320,515,7) (S 122,231,230) (S 121,230,229) (S 303,229,132) (S 67,132,131) (S 449,627,211) (D 0,0,0)
 0 1 18 159599 4399  20 (D 0,0,0) (S 113,212,211) (S 448,211,628) (S 453,628,209) (S 279,209,457) (S 440,457,417) (S 245,414,413) (S 478,413,646) (S 479,646,232) (S 123,232,233) (S 477,646,647) (S 119,227,226) (S 505,406,663) (S 507,663,662) (S 510,662,661) (S 504,661,137) (S 502,137,659) (S 501,659,660) (S 511,660,658) (D 0,0,0)
 0 1 19 167585 7976  19 (D 0,0,0) (S 503,659,136) (S 69,136,135) (S 172,309,310) (S 369,555,562) (S 564,562,314) (S 367,562,563) (S 546,563,684) (S 138,32,259) (S 545,259,683) (S 549,688,690) (S 548,687,686) (S 551,685,692) (S 14,33,34) (S 547,35,685) (S 558,682,693) (S 560,693,695) (S 562,561,262) (D 0,0,0)
 0 1 20 165248 8205  24 (D 0,0,0) (S 356,263,311) (S 357,313,311) (S 173,311,312) (S 565,312,695) (S 563,312,314) (S 174,314,313) (S 351,313,520) (S 368,553,564) (S 567,564,318) (S 566,318,127) (S 553,127,691) (S 557,691,260) (S 334,534,537) (S 555,534,260) (S 139,260,30) (S 140,261,30) (S 12,30,31) (S 13,31,32) (S 561,695,561) (S 366,561,263) (S 141,263,262) (S 559,262,518) (D 0,0,0)
 0 1 21 161424 8418  12 (D 0,0,0) (S 359,521,556) (S 180,323,324) (S 603,324,718) (S 589,718,712) (S 584,712,57) (S 27,58,52) (S 373,52,327) (S 183,327,328) (S 623,733,736) (S 23,58,57) (D 0,0,0)
 0 1 22 166398 9803  13 (D 0,0,0) (S 181,324,322) (S 282,460,321) (S 372,566,510) (S 317,510,47) (S 17,41,42) (S 22,42,56) (S 280,458,42) (S 21,47,52) (S 374,52,569) (S 590,569,712) (S 591,718,538) (D 0,0,0)
 0 1 23 167942 7271  13 (D 0,0,0) (S 355,317,554) (S 354,554,459) (S 352,459,505) (S 336,323,538) (S 335,538,61) (S 635,59,332) (S 185,332,331) (S 332,340,533) (S 640,533,745) (S 639,745,546) (S 191,51,342) (D 0,0,0)
 0 1 24 166553 6499  13 (D 0,0,0) (S 542,258,120) (S 60,120,121) (S 348,549,539) (S 338,540,539) (S 337,539,55) (S 544,64,679) (S 543,679,680) (S 26,62,53) (S 568,53,697) (S 569,697,696) (S 323,119,88) (D 0,0,0)
 0 1 25 166611 8725  24 (D 0,0,0) (S 353,522,551) (S 350,551,552) (S 358,551,317) (S 176,317,318) (S 331,124,530) (S 574,530,698) (S 570,698,699) (S 572,702,703) (S 575,702,700) (S 571,700,701) (S 577,700,705) (S 576,705,706) (S 612,706,722) (S 596,722,568) (S 598,722,717) (S 582,711,705) (S 580,705,709) (S 581,709,710) (S 605,714,725) (S 606,725,726) (S 610,725,723) (S 608,723,326) (D 0,0,0)
 0 1 26 163970 6799  14 (D 0,0,0) (S 524,614,670) (S 521,241,239) (S 525,238,408) (S 195,180,347) (S 196,347,348) (S 198,348,283) (S 155,283,108) (S 53,108,104) (S 50,104,105) (S 162,108,118) (S 160,118,267) (S 200,181,349) (D 0,0,0)
 0 1 27 165737 5005  14 (D 0,0,0) (S 107,200,199) (S 423,611,612) (S 425,615,614) (S 424,614,409) (S 132,248,249) (S 318,248,512) (S 133,248,250) (S 239,237,402) (S 243,402,407) (S 242,407,247) (S 386,49,582) (S 130,245,246) (D 0,0,0)
 0 1 28 164974 7244  11 (D 0,0,0) (S 427,199,617) (S 186,333,334) (S 643,545,335) (S 47,84,99) (S 46,98,99) (S 42,84,85) (S 187,335,336) (S 636,336,547) (S 192,343,54) (D 0,0,0)
 0 1 29 160416 5686  23 (D 0,0,0) (S 108,201,202) (S 498,656,480) (S 497,485,235) (S 124,235,234) (S 125,234,236) (S 513,236,654) (S 519,654,612) (S 514,612,666) (S 520,666,243) (S 129,243,244) (S 515,243,667) (S 518,667,669) (S 516,668,669) (S 531,669,673) (S 530,674,673) (S 532,673,675) (S 533,676,675) (S 534,675,671) (S 527,671,672) (S 529,673,672) (S 528,672,667) (D 0,0,0)
 0 1 30 46970 1004  8 (D 0,0,0) (S 417,603,604) (S 418,605,603) (S 283,461,462) (S 286,466,467) (S 285,464,465) (S 284,463,464) (D 0,0,0)
 0 1 31 167878 7073  15 (D 0,0,0) (S 10,25,26) (S 361,27,558) (S 364,558,524) (S 679,595,763) (S 680,763,359) (S 681,764,359) (S 206,359,360) (S 697,396,377) (S 218,377,110) (S 56,110,112) (S 701,112,756) (S 663,756,755) (S 664,755,94) (D 0,0,0)
 0 1 32 166400 7059  13 (D 0,0,0) (S 44,93,94) (S 55,111,110) (S 110,204,203) (S 109,203,162) (S 80,162,146) (S 73,146,147) (S 667,147,757) (S 666,757,354) (S 203,353,352) (S 202,352,351) (S 671,760,178) (D 0,0,0)
 0 1 33 166356 7315  14 (D 0,0,0) (S 668,351,758) (S 669,758,759) (S 670,758,754) (S 662,754,353) (S 665,353,755) (S 226,94,111) (S 234,111,397) (S 207,361,362) (S 676,397,762) (S 675,762,589) (S 395,590,591) (S 398,591,572) (D 0,0,0)
 0 1 34 160284 6447  13 (D 0,0,0) (S 376,523,572) (S 432,591,115) (S 57,114,113) (S 194,345,346) (S 58,114,115) (S 433,115,619) (S 4,14,15) (S 431,15,619) (S 430,619,618) (S 5,16,17) (S 407,596,572) (D 0,0,0)
 0 1 35 165683 8871  12 (D 0,0,0) (S 397,345,113) (S 216,374,159) (S 249,160,420) (S 726,441,279) (S 152,279,278) (S 145,268,269) (S 734,272,787) (S 732,786,787) (S 752,787,801) (S 747,801,268) (D 0,0,0)
 0 1 36 167283 10775  16 (D 0,0,0) (S 750,800,786) (S 733,786,788) (S 735,793,794) (S 755,425,796) (S 737,796,437) (S 760,797,375) (S 217,375,296) (S 3,13,12) (S 260,12,439) (S 738,12,797) (S 259,437,438) (S 258,435,436) (S 736,790,795) (S 749,803,800) (D 0,0,0)
 0 1 37 166392 9994  13 (D 0,0,0) (S 744,795,433) (S 748,433,798) (S 739,431,785) (S 731,784,785) (S 257,431,432) (S 743,798,429) (S 256,429,430) (S 742,429,799) (S 740,428,799) (S 764,799,427) (S 763,808,150) (D 0,0,0)
 0 1 38 166265 9663  10 (D 0,0,0) (S 693,771,155) (S 741,68,428) (S 255,428,67) (S 74,66,148) (S 254,65,427) (S 765,427,808) (S 45,95,96) (S 694,771,392) (D 0,0,0)
 0 1 39 167238 9449  12 (D 0,0,0) (S 228,394,390) (S 227,393,387) (S 224,387,388) (S 695,771,772) (S 75,157,149) (S 762,149,807) (S 761,807,802) (S 746,802,803) (S 745,800,801) (S 753,801,156) (D 0,0,0)
 0 1 40 167794 8920  12 (D 0,0,0) (S 151,161,279) (S 727,278,783) (S 730,783,421) (S 250,421,308) (S 93,173,80) (S 40,80,81) (S 90,80,172) (S 15,37,36) (S 88,36,145) (S 699,773,204) (D 0,0,0)
 0 1 41 166406 8274  15 (D 0,0,0) (S 696,377,773) (S 698,773,158) (S 79,158,159) (S 221,159,381) (S 705,381,36) (S 316,37,509) (S 724,37,420) (S 722,420,781) (S 723,781,782) (S 725,781,441) (S 262,441,152) (S 78,152,160) (S 215,160,373) (D 0,0,0)
 0 1 42 166878 8664  17 (D 0,0,0) (S 233,363,374) (S 314,92,507) (S 683,389,79) (S 685,765,766) (S 684,766,470) (S 312,469,468) (S 225,384,78) (S 39,78,79) (S 682,79,765) (S 689,765,368) (S 691,770,767) (S 688,768,769) (S 686,768,767) (S 687,767,373) (S 209,365,366) (D 0,0,0)
 0 1 43 166372 7719  8 (D 0,0,0) (S 208,364,363) (S 232,365,92) (S 212,370,154) (S 251,153,422) (S 213,151,371) (S 229,395,373) (D 0,0,0)
 0 1 44 164719 7755  12 (D 0,0,0) (S 677,763,360) (S 678,360,762) (S 230,396,363) (S 43,90,91) (S 214,152,372) (S 231,372,367) (S 210,367,368) (S 690,368,770) (S 692,770,395) (S 396,364,589) (D 0,0,0)
 0 1 45 165801 8195  15 (D 0,0,0) (S 380,557,523) (S 700,112,204) (S 211,203,369) (S 72,143,144) (S 219,144,378) (S 702,381,382) (S 222,382,383) (S 704,382,378) (S 220,379,380) (S 706,379,109) (S 709,775,776) (S 721,774,780) (S 703,774,267) (D 0,0,0)
 0 1 46 166727 7479  12 (D 0,0,0) (S 720,774,776) (S 710,776,106) (S 51,104,106) (S 52,106,107) (S 54,107,109) (S 707,109,775) (S 708,775,146) (S 405,94,595) (S 406,595,572) (S 363,559,560) (D 0,0,0)
 0 1 47 166117 6900  15 (D 0,0,0) (S 655,752,751) (S 674,751,355) (S 673,355,761) (S 204,355,356) (S 672,356,753) (S 659,753,751) (S 661,752,357) (S 205,357,358) (S 657,357,514) (S 319,513,514) (S 658,514,49) (S 384,582,245) (S 385,245,584) (D 0,0,0)
 0 1 48 167679 7350  14 (D 0,0,0) (S 143,266,184) (S 201,350,184) (S 778,287,456) (S 277,456,77) (S 278,77,288) (S 190,294,341) (S 341,544,541) (S 344,545,547) (S 653,547,343) (S 654,343,750) (S 652,750,749) (S 29,63,62) (D 0,0,0)
 0 1 49 165401 9185  16 (D 0,0,0) (S 656,752,183) (S 197,182,180) (S 32,69,70) (S 170,173,308) (S 223,308,306) (S 171,307,272) (S 149,273,270) (S 266,270,444) (S 772,444,443) (S 773,444,306) (S 169,306,307) (S 729,307,421) (S 77,145,159) (S 76,158,143) (D 0,0,0)
 0 1 50 167409 7544  15 (D 0,0,0) (S 342,546,333) (S 343,333,547) (S 637,336,744) (S 638,338,532) (S 184,329,330) (S 634,330,332) (S 633,330,729) (S 614,729,500) (S 644,531,337) (S 188,337,338) (S 642,744,339) (S 641,745,60) (S 31,60,55) (D 0,0,0)
 0 1 51 167671 8437  15 (D 0,0,0) (S 345,506,544) (S 645,102,746) (S 649,746,748) (S 719,747,778) (S 713,778,502) (S 310,502,503) (S 632,504,291) (S 158,291,293) (S 328,293,527) (S 330,527,502) (S 648,528,747) (S 712,746,97) (S 20,50,49) (D 0,0,0)
 0 1 52 167089 8839  11 (D 0,0,0) (S 616,707,728) (S 613,728,511) (S 618,728,735) (S 619,735,734) (S 622,738,737) (S 620,737,736) (S 621,736,58) (S 28,57,44) (S 18,43,44) (D 0,0,0)
 0 1 53 167601 8432  13 (D 0,0,0) (S 340,542,543) (S 711,777,295) (S 33,71,72) (S 35,74,75) (S 273,75,451) (S 272,449,450) (S 718,292,778) (S 716,778,779) (S 715,779,777) (S 714,777,101) (S 49,101,103) (D 0,0,0)
 0 1 54 163381 8958  12 (D 0,0,0) (S 25,60,61) (S 19,48,44) (S 583,57,708) (S 579,708,707) (S 585,707,713) (S 651,743,739) (S 625,739,731) (S 626,740,741) (S 615,731,730) (S 189,340,339) (D 0,0,0)
 0 1 55 167059 9646  11 (D 0,0,0) (S 92,173,170) (S 265,170,443) (S 264,443,276) (S 166,301,277) (S 148,277,276) (S 252,271,423) (S 757,805,273) (S 728,783,172) (S 89,172,37) (D 0,0,0)
 0 1 56 167947 10251  18 (D 0,0,0) (S 91,171,169) (S 86,169,168) (S 85,168,164) (S 81,164,163) (S 83,163,166) (S 147,275,166) (S 82,166,165) (S 84,165,167) (S 253,167,424) (S 766,424,809) (S 767,809,301) (S 759,300,423) (S 758,806,805) (S 756,805,804) (S 754,788,803) (S 751,800,157) (D 0,0,0)
 0 1 57 166593 8721  12 (D 0,0,0) (S 339,506,287) (S 780,456,69) (S 274,452,302) (S 168,302,303) (S 37,70,76) (S 270,76,448) (S 269,448,449) (S 271,449,451) (S 36,74,72) (S 34,73,72) (D 0,0,0)
 0 1 58 166594 8831  13 (D 0,0,0) (S 159,295,289) (S 156,291,280) (S 268,280,447) (S 153,284,285) (S 154,286,174) (S 586,286,713) (S 650,713,739) (S 624,739,285) (S 157,284,281) (S 630,281,743) (S 628,743,730) (D 0,0,0)
 0 1 59 165219 9022  13 (D 0,0,0) (S 313,347,506) (S 646,341,100) (S 48,102,101) (S 717,779,289) (S 775,293,445) (S 267,445,446) (S 776,445,508) (S 315,454,303) (S 779,69,811) (S 777,810,811) (S 161,287,282) (D 0,0,0)
 0 1 60 164411 8055  13 (D 0,0,0) (S 647,97,529) (S 309,499,501) (S 329,529,528) (S 311,503,504) (S 631,504,732) (S 617,732,730) (S 629,730,742) (S 627,742,48) (S 24,48,59) (S 30,59,61) (S 365,323,556) (D 0,0,0)
 0 1 61 167090 9688  14 (D 0,0,0) (S 275,452,453) (S 774,455,171) (S 167,171,82) (S 41,82,83) (S 770,274,442) (S 263,442,163) (S 394,164,588) (S 393,587,169) (S 276,455,304) (S 38,69,77) (S 59,118,117) (S 199,116,264) (D 0,0,0)
