444136
61
1810401
1437565
 0 1 1 163723 8155  10 (D 0,0,0) (S 190,341,294) (S 33,71,72) (S 270,76,448) (S 269,448,449) (S 271,449,451) (S 273,451,75) (S 36,74,72) (S 34,73,72) (D 0,0,0)
 0 1 2 167919 8833  14 (D 0,0,0) (S 158,293,291) (S 156,291,280) (S 268,280,447) (S 157,281,284) (S 153,284,285) (S 624,285,739) (S 650,739,713) (S 585,713,707) (S 579,707,708) (S 583,708,57) (S 359,556,521) (S 349,255,478) (D 0,0,0)
 0 1 3 167924 9729  13 (D 0,0,0) (S 165,82,297) (S 164,297,298) (S 163,297,277) (S 166,277,301) (S 767,301,809) (S 771,809,274) (S 150,274,277) (S 148,277,276) (S 264,276,443) (S 266,444,270) (S 149,270,273) (D 0,0,0)
 0 1 4 125805 5495  22 (D 0,0,0) (S 427,199,617) (S 428,617,613) (S 514,612,666) (S 515,243,667) (S 528,667,672) (S 529,672,673) (S 530,674,673) (S 527,672,671) (S 534,671,675) (S 533,676,675) (S 532,675,673) (S 531,673,669) (S 516,668,669) (S 518,669,667) (S 129,243,244) (S 520,243,666) (S 519,612,654) (S 513,654,236) (S 517,236,484) (S 294,484,485) (D 0,0,0)
 0 1 5 167157 6706  11 (D 0,0,0) (S 29,62,63) (S 342,546,333) (S 186,333,334) (S 343,333,547) (S 344,547,545) (S 643,545,335) (S 187,335,336) (S 636,336,547) (S 653,547,343) (D 0,0,0)
 0 1 6 167420 6266  23 (D 0,0,0) (S 402,586,187) (S 100,187,188) (S 403,187,191) (S 103,191,192) (S 404,191,594) (S 409,190,594) (S 400,593,594) (S 408,594,186) (S 99,186,185) (S 383,581,578) (S 94,175,176) (S 412,599,176) (S 413,176,580) (S 414,597,600) (S 411,597,598) (S 382,578,579) (S 388,581,189) (S 102,190,140) (S 70,140,139) (S 360,139,557) (S 377,560,573) (D 0,0,0)
 0 1 7 166752 8874  31 (D 0,0,0) (S 554,554,127) (S 553,127,691) (S 552,691,536) (S 574,530,698) (S 602,698,719) (S 592,719,720) (S 595,720,721) (S 593,721,704) (S 572,702,703) (S 575,702,700) (S 571,700,701) (S 577,700,705) (S 576,705,706) (S 578,706,570) (S 375,570,568) (S 178,319,321) (S 282,460,321) (S 179,321,322) (S 588,322,716) (S 599,716,721) (S 594,720,699) (S 570,699,698) (S 600,698,723) (S 608,723,326) (S 609,326,727) (S 604,724,124) (S 64,123,126) (S 566,127,318) (S 368,564,553) (D 0,0,0)
 0 1 8 150487 8490  16 (D 0,0,0) (S 96,183,182) (S 313,347,506) (S 345,506,544) (S 48,102,101) (S 49,101,103) (S 159,295,289) (S 272,449,450) (S 718,292,778) (S 716,778,779) (S 717,779,289) (S 711,295,777) (S 341,544,541) (S 340,542,543) (S 192,343,54) (D 0,0,0)
 0 1 9 167584 8521  25 (D 0,0,0) (S 559,518,262) (S 562,262,561) (S 366,561,263) (S 356,263,311) (S 174,313,314) (S 367,562,563) (S 546,563,684) (S 13,32,31) (S 12,31,30) (S 140,261,30) (S 139,30,260) (S 334,534,537) (S 555,534,260) (S 557,260,691) (S 550,691,565) (S 370,565,564) (S 369,555,562) (S 564,562,314) (S 563,314,312) (S 357,311,313) (S 351,313,520) (S 326,520,519) (S 172,309,310) (D 0,0,0)
 0 1 10 166111 3249  11 (D 0,0,0) (S 452,607,622) (S 447,626,215) (S 241,400,404) (S 237,400,399) (S 236,399,205) (S 235,206,398) (S 238,398,401) (S 240,401,403) (S 248,403,419) (D 0,0,0)
 0 1 11 164833 7344  12 (D 0,0,0) (S 405,595,94) (S 226,94,111) (S 234,111,397) (S 207,361,362) (S 697,396,377) (S 696,377,773) (S 79,158,159) (S 216,159,374) (S 208,363,364) (S 397,113,345) (D 0,0,0)
 0 1 12 167134 7980  13 (D 0,0,0) (S 652,749,750) (S 654,750,343) (S 42,85,84) (S 47,84,99) (S 46,98,99) (S 645,102,746) (S 719,747,778) (S 713,502,778) (S 715,779,777) (S 714,777,101) (S 646,100,341) (D 0,0,0)
 0 1 13 167454 8267  11 (D 0,0,0) (S 56,110,112) (S 699,204,773) (S 698,773,158) (S 89,37,172) (S 727,783,278) (S 151,279,161) (S 213,151,371) (S 231,367,372) (S 675,762,589) (D 0,0,0)
 0 1 14 167179 8916  14 (D 0,0,0) (S 617,732,730) (S 615,730,731) (S 625,731,739) (S 630,743,281) (S 154,286,174) (S 586,286,713) (S 651,739,743) (S 628,743,730) (S 629,730,742) (S 627,742,48) (S 24,48,59) (S 25,61,60) (D 0,0,0)
 0 1 15 167570 6966  10 (D 0,0,0) (S 666,354,757) (S 667,757,147) (S 721,774,780) (S 720,774,776) (S 708,775,146) (S 73,146,147) (S 660,147,349) (S 423,612,611) (D 0,0,0)
 0 1 16 167574 10263  11 (D 0,0,0) (S 276,304,455) (S 261,275,440) (S 84,165,167) (S 253,167,424) (S 766,424,809) (S 769,424,440) (S 768,440,165) (S 82,165,166) (S 263,163,442) (D 0,0,0)
 0 1 17 167950 9545  20 (D 0,0,0) (S 603,324,718) (S 589,718,712) (S 584,712,57) (S 27,58,52) (S 373,52,327) (S 623,733,736) (S 622,737,738) (S 619,735,734) (S 177,319,320) (S 371,319,568) (S 596,568,722) (S 582,711,705) (S 580,705,709) (S 581,709,710) (S 573,704,699) (S 607,727,724) (S 65,126,127) (S 324,519,309) (D 0,0,0)
 0 1 18 164008 4982  13 (D 0,0,0) (S 120,228,38) (S 16,39,40) (S 488,40,5) (S 489,5,10) (S 2,10,9) (S 11,6,29) (S 320,515,7) (S 122,231,230) (S 121,230,229) (S 303,229,132) (S 465,2,218) (D 0,0,0)
 0 1 19 164921 9560  14 (D 0,0,0) (S 724,420,37) (S 90,172,80) (S 40,80,81) (S 93,80,173) (S 250,308,421) (S 729,421,307) (S 169,307,306) (S 223,306,308) (S 773,306,444) (S 772,444,443) (S 265,443,170) (S 92,170,173) (D 0,0,0)
 0 1 20 167824 8690  13 (D 0,0,0) (S 38,77,69) (S 315,303,454) (S 776,508,445) (S 267,445,446) (S 775,445,293) (S 328,293,527) (S 330,527,502) (S 310,502,503) (S 648,528,747) (S 649,748,746) (S 712,746,97) (D 0,0,0)
 0 1 21 161654 4157  13 (D 0,0,0) (S 419,607,198) (S 499,657,414) (S 485,131,645) (S 487,645,494) (S 304,493,232) (S 123,232,233) (S 479,232,646) (S 477,646,647) (S 482,647,405) (S 244,410,411) (S 245,413,414) (D 0,0,0)
 0 1 22 167730 8399  15 (D 0,0,0) (S 352,459,505) (S 180,323,324) (S 181,324,322) (S 598,717,722) (S 612,722,706) (S 611,706,715) (S 587,715,714) (S 605,714,725) (S 606,725,726) (S 610,725,723) (S 182,326,325) (S 327,525,526) (S 567,318,564) (D 0,0,0)
 0 1 23 167723 7161  13 (D 0,0,0) (S 406,572,595) (S 663,755,756) (S 701,756,112) (S 700,112,204) (S 110,204,203) (S 211,203,369) (S 109,203,162) (S 72,144,143) (S 76,143,158) (S 218,377,110) (S 55,110,111) (D 0,0,0)
 0 1 24 167680 9842  16 (D 0,0,0) (S 278,288,77) (S 274,302,452) (S 275,452,453) (S 86,169,168) (S 85,168,164) (S 81,164,163) (S 83,163,166) (S 147,166,275) (S 146,275,274) (S 770,274,442) (S 394,588,164) (S 393,587,169) (S 91,169,171) (S 87,171,170) (D 0,0,0)
 0 1 25 167824 9060  14 (D 0,0,0) (S 706,109,379) (S 704,378,382) (S 222,382,383) (S 15,36,37) (S 316,37,509) (S 728,172,783) (S 730,783,421) (S 171,307,272) (S 145,269,268) (S 152,278,279) (S 726,279,441) (S 725,441,781) (D 0,0,0)
 0 1 26 167433 6264  12 (D 0,0,0) (S 325,476,256) (S 542,258,120) (S 60,120,121) (S 348,549,539) (S 338,540,539) (S 337,539,55) (S 544,64,679) (S 543,679,680) (S 26,62,53) (S 131,50,247) (D 0,0,0)
 0 1 27 167056 6133  21 (D 0,0,0) (S 293,200,485) (S 495,235,655) (S 496,655,617) (S 425,615,614) (S 524,614,670) (S 126,238,237) (S 239,237,402) (S 243,402,407) (S 242,407,247) (S 319,513,514) (S 658,514,49) (S 384,582,245) (S 385,245,584) (S 536,584,246) (S 535,246,677) (S 538,677,678) (S 537,677,611) (S 426,199,616) (S 107,199,200) (D 0,0,0)
 0 1 28 166929 7503  17 (D 0,0,0) (S 512,660,482) (S 288,135,479) (S 141,262,263) (S 173,311,312) (S 565,312,695) (S 138,32,259) (S 545,259,683) (S 549,688,690) (S 548,687,686) (S 551,685,692) (S 14,33,34) (S 547,35,685) (S 558,682,693) (S 560,693,695) (S 561,695,561) (D 0,0,0)
 0 1 29 163933 4935  8 (D 0,0,0) (S 469,407,491) (S 301,491,45) (S 20,50,49) (S 386,49,582) (S 130,245,246) (S 292,200,28) (D 0,0,0)
 0 1 30 165901 5520  24 (D 0,0,0) (S 448,211,628) (S 279,209,457) (S 476,416,222) (S 475,222,634) (S 464,634,2) (S 1,3,4) (S 306,4,496) (S 470,496,640) (S 471,640,641) (S 473,642,638) (S 472,638,639) (S 467,638,637) (S 466,636,635) (S 468,635,4) (S 305,4,495) (S 308,495,498) (S 463,498,315) (S 175,315,316) (S 116,218,217) (S 457,221,631) (S 112,208,210) (S 446,208,215) (D 0,0,0)
 0 1 31 162122 4885  19 (D 0,0,0) (S 108,201,202) (S 498,656,480) (S 291,482,135) (S 68,134,138) (S 492,138,653) (S 494,653,412) (S 133,250,248) (S 318,248,512) (S 132,248,249) (S 525,408,238) (S 526,238,239) (S 127,239,240) (S 521,239,241) (S 128,241,242) (S 424,409,614) (S 125,236,234) (S 497,235,485) (D 0,0,0)
 0 1 32 167128 10605  14 (D 0,0,0) (S 254,65,427) (S 742,799,429) (S 256,429,430) (S 743,429,798) (S 731,784,785) (S 259,437,438) (S 739,785,431) (S 257,431,432) (S 748,798,433) (S 744,433,795) (S 732,786,787) (S 752,787,801) (D 0,0,0)
 0 1 33 166715 6309  14 (D 0,0,0) (S 10,25,26) (S 364,558,524) (S 398,572,591) (S 395,591,590) (S 194,345,346) (S 58,114,115) (S 433,115,619) (S 4,14,15) (S 431,15,619) (S 430,619,618) (S 5,16,17) (S 407,596,572) (D 0,0,0)
 0 1 34 165407 7550  16 (D 0,0,0) (S 136,256,255) (S 346,255,257) (S 137,257,258) (S 347,257,548) (S 556,550,556) (S 365,556,323) (S 336,323,538) (S 591,538,718) (S 601,324,719) (S 597,719,535) (S 331,530,124) (S 62,124,123) (S 176,318,317) (S 353,551,522) (D 0,0,0)
 0 1 35 167053 8456  13 (D 0,0,0) (S 361,27,558) (S 376,523,572) (S 683,389,79) (S 39,79,78) (S 225,78,384) (S 694,392,771) (S 695,771,772) (S 693,771,155) (S 75,149,157) (S 251,153,422) (S 214,152,372) (D 0,0,0)
 0 1 36 163401 4989  13 (D 0,0,0) (S 503,659,136) (S 69,136,135) (S 247,418,226) (S 6,18,19) (S 483,516,224) (S 321,516,497) (S 541,517,652) (S 490,650,651) (S 491,652,492) (S 302,492,232) (S 449,627,211) (D 0,0,0)
 0 1 37 167803 4312  20 (D 0,0,0) (S 435,212,621) (S 444,621,627) (S 443,627,457) (S 484,414,228) (S 486,228,133) (S 67,131,132) (S 296,132,488) (S 307,488,38) (S 295,38,486) (S 297,487,489) (S 474,489,634) (S 118,222,223) (S 445,419,208) (S 111,207,208) (S 114,215,214) (S 454,214,630) (S 450,629,630) (S 439,625,626) (D 0,0,0)
 0 1 38 164138 7392  14 (D 0,0,0) (S 44,93,94) (S 664,94,755) (S 665,755,353) (S 662,353,754) (S 703,267,774) (S 707,775,109) (S 54,109,107) (S 52,107,106) (S 51,106,104) (S 155,108,283) (S 195,347,180) (S 197,180,182) (D 0,0,0)
 0 1 39 166045 7721  16 (D 0,0,0) (S 679,595,763) (S 677,763,360) (S 206,360,359) (S 681,764,359) (S 680,359,763) (S 678,360,762) (S 676,762,397) (S 230,396,363) (S 229,373,395) (S 692,395,770) (S 691,770,767) (S 688,768,769) (S 686,768,767) (S 687,767,373) (D 0,0,0)
 0 1 40 167742 9458  14 (D 0,0,0) (S 753,156,801) (S 747,801,268) (S 745,801,800) (S 750,800,786) (S 733,786,788) (S 754,788,803) (S 749,803,800) (S 746,803,802) (S 736,795,790) (S 761,802,807) (S 762,807,149) (S 228,390,394) (D 0,0,0)
 0 1 41 166598 7645  13 (D 0,0,0) (S 379,575,195) (S 637,336,744) (S 188,338,337) (S 644,337,531) (S 614,500,729) (S 634,330,332) (S 189,340,339) (S 639,745,546) (S 568,53,697) (S 569,697,696) (S 323,119,88) (D 0,0,0)
 0 1 42 159146 6160  16 (D 0,0,0) (S 71,142,141) (S 389,141,523) (S 387,583,584) (S 193,46,344) (S 143,266,184) (S 201,350,184) (S 98,184,183) (S 656,183,752) (S 661,752,357) (S 205,357,358) (S 657,357,514) (S 509,653,483) (S 289,483,134) (S 290,134,484) (D 0,0,0)
 0 1 43 167549 9558  12 (D 0,0,0) (S 380,557,523) (S 74,66,148) (S 255,67,428) (S 741,68,428) (S 740,428,799) (S 764,799,427) (S 765,427,808) (S 763,808,150) (S 45,95,96) (S 233,374,363) (D 0,0,0)
 0 1 44 46970 1004  8 (D 0,0,0) (S 418,605,603) (S 417,603,604) (S 283,461,462) (S 284,463,464) (S 285,464,465) (S 286,466,467) (D 0,0,0)
 0 1 45 167694 10435  14 (D 0,0,0) (S 381,23,573) (S 757,273,805) (S 758,806,805) (S 756,805,804) (S 760,375,797) (S 738,797,12) (S 3,12,13) (S 260,12,439) (S 737,437,796) (S 258,435,436) (S 755,796,425) (S 751,800,157) (D 0,0,0)
 0 1 46 165232 8171  15 (D 0,0,0) (S 362,559,557) (S 410,142,190) (S 101,190,189) (S 390,189,141) (S 198,348,283) (S 161,282,287) (S 35,74,75) (S 37,76,70) (S 779,69,811) (S 777,810,811) (S 780,69,456) (S 778,456,287) (S 339,287,506) (D 0,0,0)
 0 1 47 151437 3621  16 (D 0,0,0) (S 462,632,220) (S 117,220,221) (S 458,221,217) (S 115,217,216) (S 461,216,633) (S 459,216,631) (S 460,631,632) (S 246,223,415) (S 456,415,209) (S 453,209,628) (S 451,628,214) (S 455,630,625) (S 438,625,212) (S 436,213,622) (D 0,0,0)
 0 1 48 166597 8757  11 (D 0,0,0) (S 626,740,741) (S 616,707,728) (S 613,728,511) (S 618,728,735) (S 620,737,736) (S 621,736,58) (S 23,58,57) (S 28,57,44) (S 18,43,44) (D 0,0,0)
 0 1 49 167080 7805  11 (D 0,0,0) (S 80,146,162) (S 219,144,378) (S 705,381,36) (S 88,36,145) (S 77,145,159) (S 221,159,381) (S 702,381,382) (S 220,379,380) (S 144,267,264) (D 0,0,0)
 0 1 50 165171 8640  15 (D 0,0,0) (S 647,97,529) (S 309,499,501) (S 329,529,528) (S 311,503,504) (S 632,291,504) (S 631,504,732) (S 633,729,330) (S 184,330,329) (S 638,532,338) (S 642,744,339) (S 641,745,60) (S 31,60,55) (S 191,51,342) (D 0,0,0)
 0 1 51 167726 8888  17 (D 0,0,0) (S 363,560,559) (S 432,591,115) (S 57,114,113) (S 212,370,154) (S 224,387,388) (S 227,393,387) (S 312,468,469) (S 684,470,766) (S 685,766,765) (S 682,765,79) (S 689,765,368) (S 690,368,770) (S 210,368,367) (S 232,92,365) (S 396,364,589) (D 0,0,0)
 0 1 52 148369 2416  9 (D 0,0,0) (S 434,213,620) (S 442,620,609) (S 441,609,577) (S 416,574,193) (S 415,193,601) (S 104,193,194) (S 105,194,196) (D 0,0,0)
 0 1 53 165985 6870  14 (D 0,0,0) (S 655,752,751) (S 674,751,355) (S 673,355,761) (S 204,355,356) (S 672,356,753) (S 668,351,758) (S 669,758,759) (S 670,758,754) (S 203,353,352) (S 202,352,351) (S 671,760,178) (S 659,753,751) (D 0,0,0)
 0 1 54 162944 4117  17 (D 0,0,0) (S 420,198,608) (S 437,624,623) (S 500,658,657) (S 506,657,664) (S 510,661,662) (S 507,662,663) (S 505,663,406) (S 119,226,227) (S 480,648,649) (S 481,648,647) (S 478,646,413) (S 440,417,457) (S 113,211,212) (S 421,607,606) (S 378,575,576) (D 0,0,0)
 0 1 55 167962 7803  15 (D 0,0,0) (S 287,476,477) (S 358,551,317) (S 354,554,459) (S 281,459,126) (S 63,125,123) (S 61,122,123) (S 333,530,535) (S 335,538,61) (S 30,61,59) (S 635,59,332) (S 185,332,331) (S 332,340,533) (S 640,533,745) (D 0,0,0)
 0 1 56 167547 9906  14 (D 0,0,0) (S 350,551,552) (S 355,317,554) (S 590,712,569) (S 374,569,52) (S 183,327,328) (S 372,566,510) (S 317,510,47) (S 17,41,42) (S 280,458,42) (S 22,42,56) (S 21,47,52) (S 19,44,48) (D 0,0,0)
 0 1 57 167496 10082  15 (D 0,0,0) (S 196,347,348) (S 277,77,456) (S 32,69,70) (S 774,455,171) (S 167,171,82) (S 41,82,83) (S 252,271,423) (S 759,423,300) (S 217,296,375) (S 735,794,793) (S 734,787,272) (S 170,308,173) (S 168,302,303) (D 0,0,0)
 0 1 58 166262 8666  11 (D 0,0,0) (S 209,366,365) (S 43,90,91) (S 249,160,420) (S 722,420,781) (S 723,781,782) (S 262,441,152) (S 78,152,160) (S 215,160,373) (S 314,92,507) (D 0,0,0)
 0 1 59 163826 5542  18 (D 0,0,0) (S 124,235,234) (S 493,654,138) (S 539,643,490) (S 298,490,86) (S 299,490,130) (S 300,130,251) (S 134,252,129) (S 66,130,128) (S 540,128,253) (S 135,253,254) (S 322,87,474) (S 508,479,663) (S 504,661,137) (S 502,137,659) (S 501,659,660) (S 511,660,658) (D 0,0,0)
 0 1 60 160031 3325  11 (D 0,0,0) (S 422,606,610) (S 106,198,197) (S 9,21,24) (S 392,24,586) (S 399,586,592) (S 401,592,585) (S 391,585,24) (S 7,21,22) (S 8,21,23) (D 0,0,0)
 0 1 61 165907 7243  17 (D 0,0,0) (S 429,612,615) (S 522,615,670) (S 523,670,241) (S 200,349,181) (S 162,118,108) (S 53,108,104) (S 50,104,105) (S 710,106,776) (S 709,776,775) (S 160,267,118) (S 59,118,117) (S 199,116,264) (S 142,264,265) (S 95,181,177) (S 97,177,179) (D 0,0,0)
