439407
61
1807470
1794439
 0 1 1 102865 2911  12 (D 0,0,0) (S 378,576,575) (S 449,211,627) (S 443,627,457) (S 476,416,222) (S 118,222,223) (S 246,223,415) (S 456,415,209) (S 451,628,214) (S 114,214,215) (S 447,215,626) (D 0,0,0)
 0 1 2 164180 2497  10 (D 0,0,0) (S 422,606,610) (S 421,606,607) (S 419,607,198) (S 106,198,197) (S 416,574,193) (S 415,193,601) (S 104,193,194) (S 105,194,196) (D 0,0,0)
 0 1 3 165621 3562  16 (D 0,0,0) (S 446,215,208) (S 112,208,210) (S 445,208,419) (S 248,419,403) (S 240,403,401) (S 238,401,398) (S 235,398,206) (S 236,205,399) (S 237,399,400) (S 241,400,404) (S 111,208,207) (S 453,209,628) (S 454,214,630) (S 438,625,212) (D 0,0,0)
 0 1 4 167401 4515  16 (D 0,0,0) (S 439,626,625) (S 455,625,630) (S 450,629,630) (S 279,209,457) (S 245,414,413) (S 478,413,646) (S 304,232,493) (S 123,232,233) (S 479,232,646) (S 477,646,647) (S 482,647,405) (S 244,410,411) (S 506,664,657) (S 500,657,658) (D 0,0,0)
 0 1 5 163919 5221  18 (D 0,0,0) (S 499,657,414) (S 486,228,133) (S 485,131,645) (S 487,645,494) (S 302,232,492) (S 491,492,652) (S 490,650,651) (S 541,652,517) (S 321,497,516) (S 6,19,18) (S 508,479,663) (S 69,135,136) (S 503,136,659) (S 511,660,658) (S 437,623,624) (S 420,198,608) (D 0,0,0)
 0 1 6 167184 8339  25 (D 0,0,0) (S 369,555,562) (S 552,691,536) (S 331,124,530) (S 574,530,698) (S 570,698,699) (S 573,699,704) (S 575,702,700) (S 582,705,711) (S 598,717,722) (S 596,722,568) (S 612,722,706) (S 611,706,715) (S 587,715,714) (S 605,714,725) (S 609,326,727) (S 607,727,724) (S 604,724,124) (S 62,124,123) (S 63,125,123) (S 64,123,126) (S 65,126,127) (S 566,127,318) (S 368,564,553) (D 0,0,0)
 0 1 7 166865 7969  20 (D 0,0,0) (S 141,262,263) (S 357,311,313) (S 174,313,314) (S 565,312,695) (S 560,695,693) (S 558,693,682) (S 13,32,31) (S 12,31,30) (S 140,261,30) (S 139,30,260) (S 555,534,260) (S 550,691,565) (S 370,565,564) (S 567,564,318) (S 176,318,317) (S 350,551,552) (S 326,520,519) (S 172,309,310) (D 0,0,0)
 0 1 8 167549 7997  19 (D 0,0,0) (S 559,518,262) (S 562,262,561) (S 366,561,263) (S 356,263,311) (S 173,311,312) (S 563,312,314) (S 564,314,562) (S 367,562,563) (S 546,563,684) (S 138,32,259) (S 545,259,683) (S 548,686,687) (S 549,688,690) (S 14,33,34) (S 547,35,685) (S 551,685,692) (S 561,695,561) (D 0,0,0)
 0 1 9 166558 5090  17 (D 0,0,0) (S 113,212,211) (S 67,131,132) (S 307,488,38) (S 296,488,132) (S 303,132,229) (S 121,229,230) (S 122,230,231) (S 320,515,7) (S 11,6,29) (S 2,9,10) (S 489,10,5) (S 488,5,40) (S 16,40,39) (S 475,634,222) (S 448,628,211) (D 0,0,0)
 0 1 10 135102 1840  8 (D 0,0,0) (S 452,607,622) (S 436,622,213) (S 434,213,620) (S 442,620,609) (S 441,609,577) (S 379,195,575) (D 0,0,0)
 0 1 11 167577 4264  15 (D 0,0,0) (S 460,632,631) (S 459,631,216) (S 461,216,633) (S 115,216,217) (S 464,2,634) (S 474,634,489) (S 297,489,487) (S 295,486,38) (S 120,38,228) (S 484,228,414) (S 440,417,457) (S 444,627,621) (S 435,621,212) (D 0,0,0)
 0 1 12 150776 4193  17 (D 0,0,0) (S 501,660,659) (S 502,659,137) (S 504,137,661) (S 510,661,662) (S 507,662,663) (S 505,663,406) (S 247,418,226) (S 119,226,227) (S 481,647,648) (S 480,648,649) (S 483,224,516) (S 494,412,653) (S 492,653,138) (S 493,138,654) (S 517,236,484) (D 0,0,0)
 0 1 13 167914 5407  17 (D 0,0,0) (S 292,28,200) (S 293,200,485) (S 294,485,484) (S 290,484,134) (S 289,134,483) (S 509,483,653) (S 539,643,490) (S 298,490,86) (S 299,490,130) (S 300,130,251) (S 134,252,129) (S 66,130,128) (S 540,128,253) (S 135,253,254) (S 322,87,474) (D 0,0,0)
 0 1 14 160305 6195  22 (D 0,0,0) (S 392,24,586) (S 404,191,594) (S 400,593,594) (S 408,594,186) (S 99,186,185) (S 382,578,579) (S 413,580,176) (S 94,175,176) (S 412,599,176) (S 414,597,600) (S 411,597,598) (S 383,578,581) (S 388,581,189) (S 390,141,189) (S 101,189,190) (S 410,190,142) (S 71,142,141) (S 389,141,523) (S 380,523,557) (S 362,557,559) (D 0,0,0)
 0 1 15 165753 7929  20 (D 0,0,0) (S 512,660,482) (S 291,482,135) (S 288,135,479) (S 324,309,519) (S 351,520,313) (S 353,522,551) (S 358,551,317) (S 355,317,554) (S 354,554,459) (S 352,459,505) (S 336,323,538) (S 591,538,718) (S 30,61,59) (S 635,59,332) (S 634,330,332) (S 185,332,331) (S 638,532,338) (S 642,744,339) (D 0,0,0)
 0 1 16 167254 6839  13 (D 0,0,0) (S 663,755,756) (S 701,756,112) (S 700,112,204) (S 699,204,773) (S 696,773,377) (S 218,377,110) (S 56,112,110) (S 55,110,111) (S 226,111,94) (S 44,93,94) (S 405,94,595) (D 0,0,0)
 0 1 17 166093 9134  15 (D 0,0,0) (S 184,329,330) (S 633,330,729) (S 617,732,730) (S 615,730,731) (S 626,740,741) (S 625,731,739) (S 624,739,285) (S 630,281,743) (S 651,743,739) (S 650,739,713) (S 628,743,730) (S 629,730,742) (S 627,742,48) (D 0,0,0)
 0 1 18 167408 4072  18 (D 0,0,0) (S 381,23,573) (S 363,560,559) (S 360,557,139) (S 70,139,140) (S 102,140,190) (S 409,190,594) (S 103,191,192) (S 403,191,187) (S 100,187,188) (S 402,187,586) (S 399,586,592) (S 401,592,585) (S 391,585,24) (S 9,24,21) (S 7,21,22) (S 8,21,23) (D 0,0,0)
 0 1 19 165329 4956  13 (D 0,0,0) (S 429,612,615) (S 425,615,614) (S 424,614,409) (S 239,237,402) (S 243,402,407) (S 469,407,491) (S 301,491,45) (S 386,49,582) (S 384,582,245) (S 385,245,584) (S 387,584,583) (D 0,0,0)
 0 1 20 165497 5686  25 (D 0,0,0) (S 107,200,199) (S 428,617,613) (S 515,243,667) (S 518,667,669) (S 516,668,669) (S 531,669,673) (S 530,674,673) (S 532,673,675) (S 533,676,675) (S 534,675,671) (S 527,671,672) (S 529,673,672) (S 528,672,667) (S 129,243,244) (S 520,243,666) (S 514,666,612) (S 519,612,654) (S 513,654,236) (S 125,236,234) (S 124,234,235) (S 497,235,485) (S 498,480,656) (S 108,202,201) (D 0,0,0)
 0 1 21 167530 6172  14 (D 0,0,0) (S 426,199,616) (S 524,614,670) (S 523,670,241) (S 126,238,237) (S 131,247,50) (S 143,266,184) (S 201,350,184) (S 98,184,183) (S 655,751,752) (S 205,357,358) (S 657,357,514) (S 658,514,49) (D 0,0,0)
 0 1 22 166188 7551  14 (D 0,0,0) (S 495,235,655) (S 496,655,617) (S 636,547,336) (S 187,336,335) (S 46,98,99) (S 47,99,84) (S 42,84,85) (S 643,335,545) (S 340,542,543) (S 344,545,547) (S 653,547,343) (S 68,138,134) (D 0,0,0)
 0 1 23 166861 5238  21 (D 0,0,0) (S 462,632,220) (S 117,220,221) (S 458,221,217) (S 116,217,218) (S 175,315,316) (S 463,315,498) (S 308,498,495) (S 305,495,4) (S 306,4,496) (S 470,496,640) (S 471,640,641) (S 473,642,638) (S 472,638,639) (S 467,638,637) (S 466,636,635) (S 468,635,4) (S 1,4,3) (S 465,2,218) (S 457,221,631) (D 0,0,0)
 0 1 24 46970 1004  8 (D 0,0,0) (S 283,461,462) (S 286,466,467) (S 285,464,465) (S 284,463,464) (S 418,605,603) (S 417,603,604) (D 0,0,0)
 0 1 25 167324 9940  16 (D 0,0,0) (S 224,387,388) (S 227,393,387) (S 45,95,96) (S 254,65,427) (S 764,427,799) (S 748,798,433) (S 744,433,795) (S 746,802,803) (S 749,803,800) (S 745,800,801) (S 747,801,268) (S 726,279,441) (S 722,781,420) (S 724,420,37) (D 0,0,0)
 0 1 26 167895 7950  12 (D 0,0,0) (S 216,374,159) (S 77,159,145) (S 88,145,36) (S 705,36,381) (S 702,381,382) (S 221,381,159) (S 79,159,158) (S 698,158,773) (S 207,361,362) (S 234,397,111) (D 0,0,0)
 0 1 27 167465 7577  13 (D 0,0,0) (S 676,762,397) (S 230,396,363) (S 229,373,395) (S 692,395,770) (S 690,770,368) (S 689,368,765) (S 39,78,79) (S 210,368,367) (S 231,367,372) (S 232,92,365) (S 208,363,364) (D 0,0,0)
 0 1 28 167163 7349  12 (D 0,0,0) (S 97,179,177) (S 95,177,181) (S 144,264,267) (S 707,109,775) (S 708,775,146) (S 80,146,162) (S 109,162,203) (S 211,203,369) (S 110,203,204) (S 664,755,94) (D 0,0,0)
 0 1 29 167988 8229  16 (D 0,0,0) (S 697,396,377) (S 76,158,143) (S 72,143,144) (S 219,144,378) (S 222,382,383) (S 704,382,378) (S 220,379,380) (S 706,379,109) (S 54,109,107) (S 52,107,106) (S 710,776,106) (S 51,106,104) (S 50,104,105) (S 53,104,108) (D 0,0,0)
 0 1 30 166493 8709  9 (D 0,0,0) (S 215,373,160) (S 78,160,152) (S 151,161,279) (S 152,279,278) (S 730,783,421) (S 729,421,307) (S 250,421,308) (D 0,0,0)
 0 1 31 166919 5563  17 (D 0,0,0) (S 423,611,612) (S 522,615,670) (S 128,241,242) (S 521,241,239) (S 127,239,240) (S 526,239,238) (S 525,238,408) (S 318,248,512) (S 132,248,249) (S 133,248,250) (S 537,611,677) (S 535,677,246) (S 130,246,245) (S 536,584,246) (S 538,677,678) (D 0,0,0)
 0 1 32 167442 7043  10 (D 0,0,0) (S 665,755,353) (S 666,354,757) (S 73,147,146) (S 709,775,776) (S 720,776,774) (S 721,774,780) (S 703,774,267) (S 142,264,265) (D 0,0,0)
 0 1 33 167798 9657  11 (D 0,0,0) (S 225,78,384) (S 75,157,149) (S 74,66,148) (S 741,68,428) (S 256,429,430) (S 743,429,798) (S 742,429,799) (S 765,427,808) (S 763,808,150) (D 0,0,0)
 0 1 34 166476 6182  15 (D 0,0,0) (S 361,27,558) (S 364,558,524) (S 376,523,572) (S 398,572,591) (S 395,591,590) (S 57,113,114) (S 58,114,115) (S 433,115,619) (S 4,14,15) (S 431,15,619) (S 430,619,618) (S 5,16,17) (S 407,596,572) (D 0,0,0)
 0 1 35 167563 9568  16 (D 0,0,0) (S 753,156,801) (S 752,801,787) (S 732,787,786) (S 754,803,788) (S 733,788,786) (S 750,786,800) (S 751,800,157) (S 693,155,771) (S 695,771,772) (S 694,771,392) (S 312,468,469) (S 684,470,766) (S 685,766,765) (S 683,79,389) (D 0,0,0)
 0 1 36 167774 10903  13 (D 0,0,0) (S 255,67,428) (S 740,428,799) (S 257,431,432) (S 739,431,785) (S 731,784,785) (S 258,435,436) (S 738,797,12) (S 260,12,439) (S 3,12,13) (S 217,296,375) (S 266,270,444) (D 0,0,0)
 0 1 37 167568 9654  13 (D 0,0,0) (S 377,573,560) (S 757,273,805) (S 758,805,806) (S 760,375,797) (S 259,437,438) (S 737,437,796) (S 755,796,425) (S 735,794,793) (S 736,790,795) (S 761,802,807) (S 762,807,149) (D 0,0,0)
 0 1 38 167629 8321  11 (D 0,0,0) (S 213,371,151) (S 251,153,422) (S 212,154,370) (S 228,394,390) (S 682,79,765) (S 691,770,767) (S 686,767,768) (S 688,768,769) (S 687,767,373) (D 0,0,0)
 0 1 39 144475 6434  14 (D 0,0,0) (S 10,25,26) (S 432,591,115) (S 194,346,345) (S 397,345,113) (S 675,589,762) (S 678,762,360) (S 677,763,360) (S 206,360,359) (S 681,764,359) (S 680,359,763) (S 679,763,595) (S 406,595,572) (D 0,0,0)
 0 1 40 167109 8032  20 (D 0,0,0) (S 349,478,255) (S 347,257,548) (S 556,550,556) (S 365,556,323) (S 180,323,324) (S 601,324,719) (S 602,719,698) (S 600,698,723) (S 610,723,725) (S 606,725,726) (S 608,723,326) (S 182,326,325) (S 327,525,526) (S 334,534,537) (S 557,260,691) (S 553,691,127) (S 554,127,554) (S 359,556,521) (D 0,0,0)
 0 1 41 166892 7102  12 (D 0,0,0) (S 639,546,745) (S 640,745,533) (S 335,61,538) (S 332,533,340) (S 189,340,339) (S 641,745,60) (S 31,60,55) (S 26,62,53) (S 20,50,49) (S 242,247,407) (D 0,0,0)
 0 1 42 167934 6685  13 (D 0,0,0) (S 193,46,344) (S 191,51,342) (S 543,679,680) (S 544,679,64) (S 192,54,343) (S 654,343,750) (S 652,750,749) (S 29,63,62) (S 568,53,697) (S 569,697,696) (S 323,119,88) (D 0,0,0)
 0 1 43 164231 6788  14 (D 0,0,0) (S 186,333,334) (S 343,547,333) (S 342,333,546) (S 337,55,539) (S 338,540,539) (S 348,539,549) (S 60,121,120) (S 542,120,258) (S 137,258,257) (S 346,257,255) (S 136,255,256) (S 325,256,476) (D 0,0,0)
 0 1 44 167673 8688  15 (D 0,0,0) (S 25,60,61) (S 28,44,57) (S 23,57,58) (S 621,58,736) (S 620,736,737) (S 622,737,738) (S 618,735,728) (S 613,728,511) (S 372,510,566) (S 623,733,736) (S 584,57,712) (S 603,718,324) (S 287,477,476) (D 0,0,0)
 0 1 45 167184 8702  14 (D 0,0,0) (S 197,182,180) (S 313,347,506) (S 345,506,544) (S 48,102,101) (S 715,777,779) (S 330,502,527) (S 328,527,293) (S 775,293,445) (S 267,445,446) (S 776,445,508) (S 315,454,303) (S 277,456,77) (D 0,0,0)
 0 1 46 167632 8888  11 (D 0,0,0) (S 24,59,48) (S 18,43,44) (S 583,57,708) (S 579,708,707) (S 616,707,728) (S 619,735,734) (S 183,327,328) (S 179,321,322) (S 181,322,324) (D 0,0,0)
 0 1 47 167517 9516  24 (D 0,0,0) (S 594,699,720) (S 595,720,721) (S 593,721,704) (S 572,702,703) (S 571,700,701) (S 577,700,705) (S 580,705,709) (S 581,709,710) (S 576,705,706) (S 578,706,570) (S 375,570,568) (S 371,568,319) (S 177,319,320) (S 178,319,321) (S 282,460,321) (S 588,322,716) (S 599,716,721) (S 592,720,719) (S 597,719,535) (S 333,535,530) (S 61,122,123) (S 281,126,459) (D 0,0,0)
 0 1 48 167894 9153  12 (D 0,0,0) (S 19,48,44) (S 585,707,713) (S 586,713,286) (S 154,286,174) (S 153,285,284) (S 157,284,281) (S 268,280,447) (S 156,280,291) (S 158,293,291) (S 632,291,504) (D 0,0,0)
 0 1 49 167882 9279  15 (D 0,0,0) (S 339,506,287) (S 278,288,77) (S 38,77,69) (S 170,173,308) (S 223,308,306) (S 169,306,307) (S 171,307,272) (S 734,787,272) (S 145,269,268) (S 727,278,783) (S 728,783,172) (S 89,172,37) (S 316,37,509) (D 0,0,0)
 0 1 50 167790 9873  15 (D 0,0,0) (S 168,303,302) (S 274,302,452) (S 275,452,453) (S 87,170,171) (S 167,171,82) (S 165,82,297) (S 164,297,298) (S 163,297,277) (S 166,277,301) (S 759,300,423) (S 756,804,805) (S 252,423,271) (S 149,270,273) (D 0,0,0)
 0 1 51 167871 7296  11 (D 0,0,0) (S 427,199,617) (S 660,349,147) (S 160,267,118) (S 162,118,108) (S 155,108,283) (S 196,348,347) (S 195,347,180) (S 656,183,752) (S 319,513,514) (D 0,0,0)
 0 1 52 167278 7102  16 (D 0,0,0) (S 659,751,753) (S 671,178,760) (S 202,351,352) (S 203,352,353) (S 662,353,754) (S 667,757,147) (S 670,754,758) (S 669,758,759) (S 668,758,351) (S 672,753,356) (S 204,356,355) (S 673,355,761) (S 674,355,751) (S 661,752,357) (D 0,0,0)
 0 1 53 167869 8644  12 (D 0,0,0) (S 209,366,365) (S 314,92,507) (S 214,372,152) (S 262,152,441) (S 725,441,781) (S 723,781,782) (S 249,420,160) (S 43,91,90) (S 233,374,363) (S 396,364,589) (D 0,0,0)
 0 1 54 167423 8487  17 (D 0,0,0) (S 198,348,283) (S 49,103,101) (S 714,101,777) (S 711,777,295) (S 718,292,778) (S 719,778,747) (S 648,747,528) (S 329,528,529) (S 309,499,501) (S 647,529,97) (S 712,97,746) (S 649,748,746) (S 645,746,102) (S 646,100,341) (S 96,182,183) (D 0,0,0)
 0 1 55 165030 7979  13 (D 0,0,0) (S 637,336,744) (S 188,338,337) (S 644,337,531) (S 614,500,729) (S 631,732,504) (S 311,504,503) (S 310,503,502) (S 713,502,778) (S 716,778,779) (S 717,779,289) (S 159,289,295) (D 0,0,0)
 0 1 56 167705 7892  14 (D 0,0,0) (S 34,73,72) (S 35,74,75) (S 37,76,70) (S 32,70,69) (S 777,810,811) (S 779,811,69) (S 780,69,456) (S 778,456,287) (S 161,287,282) (S 59,118,117) (S 199,116,264) (S 200,181,349) (D 0,0,0)
 0 1 57 166524 8149  10 (D 0,0,0) (S 341,541,544) (S 190,341,294) (S 270,76,448) (S 269,448,449) (S 272,449,450) (S 271,449,451) (S 273,451,75) (S 33,72,71) (D 0,0,0)
 0 1 58 167990 10218  17 (D 0,0,0) (S 774,455,171) (S 86,169,168) (S 85,168,164) (S 83,163,166) (S 82,166,165) (S 84,165,167) (S 253,167,424) (S 771,809,274) (S 150,274,277) (S 265,443,170) (S 92,170,173) (S 93,173,80) (S 40,80,81) (S 90,80,172) (S 15,37,36) (D 0,0,0)
 0 1 59 167690 9736  12 (D 0,0,0) (S 41,82,83) (S 148,276,277) (S 770,274,442) (S 263,442,163) (S 81,163,164) (S 394,164,588) (S 393,587,169) (S 91,169,171) (S 276,455,304) (S 36,74,72) (D 0,0,0)
 0 1 60 167953 9957  12 (D 0,0,0) (S 146,274,275) (S 147,275,166) (S 261,275,440) (S 768,165,440) (S 769,440,424) (S 766,424,809) (S 767,809,301) (S 264,276,443) (S 772,443,444) (S 773,444,306) (D 0,0,0)
 0 1 61 166533 9581  12 (D 0,0,0) (S 589,718,712) (S 590,712,569) (S 374,569,52) (S 21,52,47) (S 280,458,42) (S 22,42,56) (S 17,42,41) (S 317,47,510) (S 373,327,52) (S 27,52,58) (D 0,0,0)
