442108
60
1807455
1698273
 0 1 1 151285 3045  15 (D 0,0,0) (S 417,603,604) (S 418,605,603) (S 283,461,462) (S 284,463,464) (S 285,464,465) (S 286,466,467) (S 422,606,610) (S 421,606,607) (S 419,607,198) (S 420,198,608) (S 106,198,197) (S 379,195,575) (S 378,575,576) (D 0,0,0)
 0 1 2 164509 3104  15 (D 0,0,0) (S 452,607,622) (S 447,626,215) (S 114,215,214) (S 451,214,628) (S 279,209,457) (S 440,457,417) (S 118,222,223) (S 246,223,415) (S 456,415,209) (S 453,209,628) (S 448,628,211) (S 113,211,212) (S 436,213,622) (D 0,0,0)
 0 1 3 167318 3785  13 (D 0,0,0) (S 434,213,620) (S 502,659,137) (S 505,663,406) (S 482,405,647) (S 481,647,648) (S 480,648,649) (S 244,410,411) (S 245,413,414) (S 499,414,657) (S 500,657,658) (S 442,620,609) (D 0,0,0)
 0 1 4 167957 5378  23 (D 0,0,0) (S 435,212,621) (S 444,621,627) (S 476,416,222) (S 475,222,634) (S 464,634,2) (S 1,3,4) (S 468,4,635) (S 466,635,636) (S 467,637,638) (S 472,638,639) (S 473,638,642) (S 471,641,640) (S 470,640,496) (S 306,496,4) (S 305,4,495) (S 308,495,498) (S 463,498,315) (S 175,315,316) (S 116,218,217) (S 458,217,221) (S 112,208,210) (D 0,0,0)
 0 1 5 166768 3568  13 (D 0,0,0) (S 446,215,208) (S 248,419,403) (S 240,403,401) (S 238,401,398) (S 235,398,206) (S 236,205,399) (S 237,399,400) (S 241,400,404) (S 457,631,221) (S 117,221,220) (S 462,220,632) (D 0,0,0)
 0 1 6 152298 4799  15 (D 0,0,0) (S 484,414,228) (S 120,228,38) (S 16,39,40) (S 488,40,5) (S 489,5,10) (S 2,10,9) (S 11,6,29) (S 320,515,7) (S 122,231,230) (S 121,230,229) (S 303,229,132) (S 67,132,131) (S 439,625,626) (D 0,0,0)
 0 1 7 166776 4319  19 (D 0,0,0) (S 449,211,627) (S 443,627,457) (S 486,228,133) (S 485,131,645) (S 487,645,494) (S 304,493,232) (S 123,232,233) (S 479,232,646) (S 477,646,647) (S 119,227,226) (S 247,226,418) (S 508,479,663) (S 507,663,662) (S 510,662,661) (S 504,661,137) (S 501,659,660) (S 437,623,624) (D 0,0,0)
 0 1 8 165856 4664  18 (D 0,0,0) (S 296,132,488) (S 307,488,38) (S 295,38,486) (S 297,487,489) (S 474,489,634) (S 465,2,218) (S 115,217,216) (S 461,216,633) (S 459,216,631) (S 460,631,632) (S 445,419,208) (S 111,208,207) (S 454,214,630) (S 450,629,630) (S 455,630,625) (S 438,625,212) (D 0,0,0)
 0 1 9 164946 6806  17 (D 0,0,0) (S 381,23,573) (S 70,139,140) (S 102,140,190) (S 101,190,189) (S 390,189,141) (S 389,141,523) (S 432,591,115) (S 58,115,114) (S 194,346,345) (S 678,762,360) (S 206,360,359) (S 681,764,359) (S 680,359,763) (S 677,763,360) (S 406,595,572) (D 0,0,0)
 0 1 10 166136 6182  15 (D 0,0,0) (S 407,572,596) (S 5,16,17) (S 430,618,619) (S 4,14,15) (S 431,15,619) (S 433,619,115) (S 57,114,113) (S 397,113,345) (S 395,590,591) (S 398,591,572) (S 376,572,523) (S 364,524,558) (S 361,558,27) (D 0,0,0)
 0 1 11 165682 5166  15 (D 0,0,0) (S 429,612,615) (S 524,614,670) (S 127,239,240) (S 526,239,238) (S 126,238,237) (S 386,49,582) (S 536,584,246) (S 535,246,677) (S 538,677,678) (S 537,677,611) (S 426,199,616) (S 107,199,200) (S 292,200,28) (D 0,0,0)
 0 1 12 161800 6755  24 (D 0,0,0) (S 293,200,485) (S 517,484,236) (S 513,236,654) (S 493,654,138) (S 492,138,653) (S 509,653,483) (S 325,476,256) (S 136,256,255) (S 137,257,258) (S 542,258,120) (S 60,120,121) (S 348,549,539) (S 338,540,539) (S 347,548,257) (S 346,257,255) (S 349,255,478) (S 324,519,309) (S 172,309,310) (S 483,224,516) (S 288,479,135) (S 291,135,482) (S 512,482,660) (D 0,0,0)
 0 1 13 166334 4724  12 (D 0,0,0) (S 290,484,134) (S 6,18,19) (S 321,516,497) (S 541,517,652) (S 490,650,651) (S 491,652,492) (S 302,492,232) (S 478,646,413) (S 506,664,657) (S 441,609,577) (D 0,0,0)
 0 1 14 166433 6172  25 (D 0,0,0) (S 9,21,24) (S 392,24,586) (S 402,586,187) (S 100,187,188) (S 403,187,191) (S 103,191,192) (S 404,191,594) (S 409,594,190) (S 410,190,142) (S 71,142,141) (S 388,189,581) (S 411,597,598) (S 414,597,600) (S 413,580,176) (S 94,175,176) (S 412,599,176) (S 382,578,579) (S 383,578,581) (S 99,185,186) (S 408,186,594) (S 400,593,594) (S 360,139,557) (S 362,557,559) (D 0,0,0)
 0 1 15 155998 5686  20 (D 0,0,0) (S 108,201,202) (S 498,656,480) (S 497,485,235) (S 124,235,234) (S 528,667,672) (S 527,672,671) (S 534,671,675) (S 533,676,675) (S 532,675,673) (S 530,674,673) (S 529,673,672) (S 531,673,669) (S 516,668,669) (S 518,669,667) (S 515,667,243) (S 129,243,244) (S 520,243,666) (S 514,666,612) (D 0,0,0)
 0 1 16 164044 6644  16 (D 0,0,0) (S 105,196,194) (S 659,751,753) (S 660,349,147) (S 142,264,265) (S 95,181,177) (S 97,177,179) (S 96,182,183) (S 656,183,752) (S 243,407,402) (S 525,408,238) (S 521,239,241) (S 128,241,242) (S 523,241,670) (S 522,670,615) (D 0,0,0)
 0 1 17 165938 5362  10 (D 0,0,0) (S 428,617,613) (S 133,250,248) (S 132,248,249) (S 318,248,512) (S 131,247,50) (S 301,45,491) (S 469,491,407) (S 424,409,614) (D 0,0,0)
 0 1 18 167808 5441  14 (D 0,0,0) (S 322,474,87) (S 135,253,254) (S 540,253,128) (S 66,128,130) (S 134,252,129) (S 300,251,130) (S 299,130,490) (S 298,490,86) (S 539,490,643) (S 494,412,653) (S 68,138,134) (S 294,484,485) (D 0,0,0)
 0 1 19 167408 3065  10 (D 0,0,0) (S 399,586,592) (S 401,592,585) (S 391,585,24) (S 7,21,22) (S 8,21,23) (S 416,574,193) (S 415,193,601) (S 104,193,194) (D 0,0,0)
 0 1 20 161357 9062  11 (D 0,0,0) (S 377,573,560) (S 763,150,808) (S 765,808,427) (S 742,799,429) (S 743,429,798) (S 748,798,433) (S 744,433,795) (S 761,802,807) (S 762,807,149) (D 0,0,0)
 0 1 21 165349 6632  13 (D 0,0,0) (S 143,266,184) (S 201,350,184) (S 98,184,183) (S 655,751,752) (S 205,357,358) (S 319,513,514) (S 658,514,49) (S 384,582,245) (S 130,245,246) (S 496,617,655) (S 495,655,235) (D 0,0,0)
 0 1 22 167331 9251  14 (D 0,0,0) (S 125,234,236) (S 519,654,612) (S 157,281,284) (S 153,284,285) (S 154,286,174) (S 586,286,713) (S 625,739,731) (S 626,740,741) (S 613,728,511) (S 616,728,707) (S 579,707,708) (S 583,708,57) (D 0,0,0)
 0 1 23 166950 8091  14 (D 0,0,0) (S 342,546,333) (S 340,542,543) (S 341,541,544) (S 190,341,294) (S 33,71,72) (S 34,73,72) (S 36,72,74) (S 35,74,75) (S 273,75,451) (S 270,448,76) (S 37,76,70) (S 38,69,77) (D 0,0,0)
 0 1 24 164734 6870  18 (D 0,0,0) (S 423,611,612) (S 425,615,614) (S 668,351,758) (S 669,758,759) (S 670,758,754) (S 662,754,353) (S 203,353,352) (S 202,352,351) (S 671,760,178) (S 672,753,356) (S 204,356,355) (S 673,355,761) (S 674,355,751) (S 661,752,357) (S 657,357,514) (S 242,247,407) (D 0,0,0)
 0 1 25 155960 7403  15 (D 0,0,0) (S 511,658,660) (S 503,659,136) (S 69,136,135) (S 287,476,477) (S 359,521,556) (S 365,556,323) (S 336,323,538) (S 335,538,61) (S 635,59,332) (S 634,330,332) (S 185,332,331) (S 638,532,338) (S 642,744,339) (D 0,0,0)
 0 1 26 167542 7618  16 (D 0,0,0) (S 363,560,559) (S 380,557,523) (S 387,583,584) (S 385,584,245) (S 703,267,774) (S 708,775,146) (S 80,146,162) (S 109,162,203) (S 211,203,369) (S 73,146,147) (S 667,147,757) (S 666,757,354) (S 665,353,755) (S 44,93,94) (D 0,0,0)
 0 1 27 167425 10779  15 (D 0,0,0) (S 10,25,26) (S 255,67,428) (S 256,429,430) (S 257,431,432) (S 739,431,785) (S 731,784,785) (S 258,435,436) (S 259,437,438) (S 737,437,796) (S 755,796,425) (S 735,794,793) (S 736,790,795) (S 746,802,803) (D 0,0,0)
 0 1 28 167029 7735  13 (D 0,0,0) (S 679,595,763) (S 207,361,362) (S 696,377,773) (S 698,773,158) (S 76,158,143) (S 72,143,144) (S 219,144,378) (S 220,379,380) (S 706,379,109) (S 707,109,775) (S 721,774,780) (D 0,0,0)
 0 1 29 166566 9998  16 (D 0,0,0) (S 704,378,382) (S 90,172,80) (S 93,80,173) (S 265,170,443) (S 264,443,276) (S 148,276,277) (S 150,277,274) (S 263,442,163) (S 81,163,164) (S 394,164,588) (S 87,171,170) (S 92,170,173) (S 40,80,81) (S 15,37,36) (D 0,0,0)
 0 1 30 166111 8862  11 (D 0,0,0) (S 89,37,172) (S 728,172,783) (S 730,783,421) (S 729,421,307) (S 223,306,308) (S 250,308,421) (S 727,783,278) (S 152,278,279) (S 726,279,441) (D 0,0,0)
 0 1 31 167136 9162  16 (D 0,0,0) (S 212,370,154) (S 753,156,801) (S 745,801,800) (S 749,800,803) (S 754,803,788) (S 733,788,786) (S 732,786,787) (S 750,786,800) (S 751,800,157) (S 693,155,771) (S 225,384,78) (S 39,78,79) (S 682,765,79) (S 683,79,389) (D 0,0,0)
 0 1 32 167715 8681  10 (D 0,0,0) (S 215,373,160) (S 78,160,152) (S 262,152,441) (S 747,268,801) (S 752,801,787) (S 734,787,272) (S 145,269,268) (S 151,279,161) (D 0,0,0)
 0 1 33 167920 9529  13 (D 0,0,0) (S 75,157,149) (S 254,65,427) (S 764,427,799) (S 740,799,428) (S 741,428,68) (S 74,66,148) (S 45,95,96) (S 695,771,772) (S 228,390,394) (S 231,367,372) (S 229,395,373) (D 0,0,0)
 0 1 34 166294 7454  13 (D 0,0,0) (S 209,366,365) (S 692,395,770) (S 690,368,770) (S 691,770,767) (S 688,768,769) (S 686,768,767) (S 687,767,373) (S 232,92,365) (S 230,363,396) (S 234,397,111) (S 226,111,94) (D 0,0,0)
 0 1 35 165826 6737  11 (D 0,0,0) (S 55,111,110) (S 56,112,110) (S 218,110,377) (S 699,773,204) (S 700,204,112) (S 701,112,756) (S 663,756,755) (S 664,755,94) (S 405,94,595) (D 0,0,0)
 0 1 36 166784 9137  12 (D 0,0,0) (S 697,396,377) (S 79,158,159) (S 77,145,159) (S 221,159,381) (S 705,381,36) (S 316,37,509) (S 724,37,420) (S 249,420,160) (S 214,152,372) (S 314,92,507) (D 0,0,0)
 0 1 37 167513 7572  11 (D 0,0,0) (S 208,364,363) (S 233,363,374) (S 43,90,91) (S 88,145,36) (S 702,381,382) (S 222,382,383) (S 216,159,374) (S 676,397,762) (S 675,762,589) (D 0,0,0)
 0 1 38 166737 8645  13 (D 0,0,0) (S 396,589,364) (S 213,371,151) (S 251,153,422) (S 694,771,392) (S 227,393,387) (S 224,387,388) (S 312,468,469) (S 684,470,766) (S 685,766,765) (S 689,765,368) (S 210,368,367) (D 0,0,0)
 0 1 39 164312 10276  14 (D 0,0,0) (S 239,237,402) (S 266,444,270) (S 758,805,806) (S 217,375,296) (S 3,13,12) (S 260,12,439) (S 738,12,797) (S 760,797,375) (S 756,804,805) (S 757,805,273) (S 171,272,307) (S 169,307,306) (D 0,0,0)
 0 1 40 166110 10138  14 (D 0,0,0) (S 276,304,455) (S 774,455,171) (S 91,171,169) (S 86,169,168) (S 85,168,164) (S 83,163,166) (S 82,166,165) (S 768,165,440) (S 769,440,424) (S 253,424,167) (S 84,167,165) (S 147,166,275) (D 0,0,0)
 0 1 41 167581 9595  11 (D 0,0,0) (S 393,169,587) (S 770,442,274) (S 146,274,275) (S 261,275,440) (S 766,424,809) (S 771,809,274) (S 772,443,444) (S 773,444,306) (S 170,308,173) (D 0,0,0)
 0 1 42 167828 9903  18 (D 0,0,0) (S 32,69,70) (S 275,452,453) (S 167,171,82) (S 41,82,83) (S 165,82,297) (S 164,297,298) (S 163,297,277) (S 166,277,301) (S 767,809,301) (S 759,300,423) (S 252,423,271) (S 149,270,273) (S 725,441,781) (S 723,781,782) (S 722,781,420) (S 110,203,204) (D 0,0,0)
 0 1 43 167915 7712  12 (D 0,0,0) (S 144,264,267) (S 160,267,118) (S 155,108,283) (S 161,282,287) (S 778,287,456) (S 780,456,69) (S 777,810,811) (S 779,811,69) (S 339,287,506) (S 195,347,180) (D 0,0,0)
 0 1 44 163761 8810  14 (D 0,0,0) (S 197,182,180) (S 648,747,528) (S 310,503,502) (S 330,502,527) (S 328,527,293) (S 775,293,445) (S 267,445,446) (S 776,445,508) (S 274,452,302) (S 168,302,303) (S 277,456,77) (S 278,77,288) (D 0,0,0)
 0 1 45 165057 6959  12 (D 0,0,0) (S 323,88,119) (S 569,696,697) (S 568,697,53) (S 186,333,334) (S 343,333,547) (S 344,547,545) (S 643,545,335) (S 187,335,336) (S 636,336,547) (S 653,547,343) (D 0,0,0)
 0 1 46 161345 6432  12 (D 0,0,0) (S 427,199,617) (S 20,49,50) (S 193,46,344) (S 191,51,342) (S 26,53,62) (S 543,679,680) (S 544,679,64) (S 192,54,343) (S 654,343,750) (S 652,750,749) (D 0,0,0)
 0 1 47 167063 8362  15 (D 0,0,0) (S 25,60,61) (S 627,48,742) (S 617,730,732) (S 631,732,504) (S 311,504,503) (S 713,502,778) (S 716,778,779) (S 159,289,295) (S 711,295,777) (S 714,777,101) (S 48,101,102) (S 646,100,341) (S 345,544,506) (D 0,0,0)
 0 1 48 165781 8432  13 (D 0,0,0) (S 196,347,348) (S 49,103,101) (S 715,777,779) (S 717,779,289) (S 272,450,449) (S 271,449,451) (S 269,448,449) (S 718,292,778) (S 719,778,747) (S 649,748,746) (S 313,506,347) (D 0,0,0)
 0 1 49 167274 8205  15 (D 0,0,0) (S 42,85,84) (S 47,84,99) (S 46,98,99) (S 645,102,746) (S 712,746,97) (S 647,97,529) (S 309,499,501) (S 614,500,729) (S 633,729,330) (S 184,330,329) (S 644,531,337) (S 188,337,338) (S 637,744,336) (D 0,0,0)
 0 1 50 167867 9028  12 (D 0,0,0) (S 329,529,528) (S 632,504,291) (S 268,280,447) (S 630,281,743) (S 651,743,739) (S 624,739,285) (S 156,280,291) (S 158,291,293) (S 315,454,303) (S 198,283,348) (D 0,0,0)
 0 1 51 164548 7681  14 (D 0,0,0) (S 200,349,181) (S 720,774,776) (S 52,106,107) (S 54,107,109) (S 709,775,776) (S 710,776,106) (S 51,106,104) (S 50,104,105) (S 53,104,108) (S 162,108,118) (S 59,118,117) (S 199,116,264) (D 0,0,0)
 0 1 52 167815 7193  12 (D 0,0,0) (S 29,62,63) (S 31,55,60) (S 641,60,745) (S 189,339,340) (S 332,340,533) (S 640,533,745) (S 639,745,546) (S 337,55,539) (S 556,550,556) (S 289,483,134) (D 0,0,0)
 0 1 53 166903 9525  24 (D 0,0,0) (S 180,323,324) (S 181,324,322) (S 179,322,321) (S 282,460,321) (S 178,321,319) (S 177,319,320) (S 371,319,568) (S 596,568,722) (S 612,722,706) (S 578,706,570) (S 375,570,568) (S 598,722,717) (S 582,711,705) (S 581,709,710) (S 580,709,705) (S 571,700,701) (S 572,702,703) (S 573,699,704) (S 593,704,721) (S 595,721,720) (S 594,720,699) (S 281,126,459) (D 0,0,0)
 0 1 54 166526 8878  12 (D 0,0,0) (S 354,554,459) (S 352,459,505) (S 591,538,718) (S 589,718,712) (S 621,58,736) (S 620,736,737) (S 622,737,738) (S 585,707,713) (S 650,713,739) (S 628,743,730) (D 0,0,0)
 0 1 55 167094 9795  14 (D 0,0,0) (S 590,712,569) (S 374,569,52) (S 21,52,47) (S 280,458,42) (S 22,42,56) (S 17,42,41) (S 317,47,510) (S 372,510,566) (S 619,734,735) (S 618,735,728) (S 615,731,730) (S 629,730,742) (D 0,0,0)
 0 1 56 166906 7875  14 (D 0,0,0) (S 30,61,59) (S 19,48,44) (S 18,43,44) (S 28,44,57) (S 588,322,716) (S 599,716,721) (S 592,720,719) (S 602,719,698) (S 574,698,530) (S 331,530,124) (S 566,127,318) (S 567,318,564) (D 0,0,0)
 0 1 57 167867 8599  28 (D 0,0,0) (S 353,522,551) (S 350,551,552) (S 358,551,317) (S 355,317,554) (S 554,554,127) (S 65,127,126) (S 64,126,123) (S 63,125,123) (S 61,122,123) (S 62,123,124) (S 604,124,724) (S 607,724,727) (S 609,727,326) (S 610,723,725) (S 606,725,726) (S 605,725,714) (S 587,714,715) (S 611,715,706) (S 576,706,705) (S 577,705,700) (S 575,700,702) (S 570,699,698) (S 600,698,723) (S 608,723,326) (S 182,326,325) (S 176,318,317) (D 0,0,0)
 0 1 58 165060 8708  15 (D 0,0,0) (S 369,555,562) (S 552,691,536) (S 333,530,535) (S 597,535,719) (S 601,719,324) (S 603,324,718) (S 584,712,57) (S 623,736,733) (S 183,327,328) (S 373,327,52) (S 27,52,58) (S 23,58,57) (S 24,48,59) (D 0,0,0)
 0 1 59 167643 8122  23 (D 0,0,0) (S 326,519,520) (S 351,520,313) (S 368,553,564) (S 370,564,565) (S 550,565,691) (S 553,127,691) (S 557,691,260) (S 334,534,537) (S 327,525,526) (S 555,534,260) (S 139,260,30) (S 140,261,30) (S 12,30,31) (S 13,31,32) (S 560,693,695) (S 565,695,312) (S 174,314,313) (S 357,313,311) (S 356,311,263) (S 141,263,262) (S 559,262,518) (D 0,0,0)
 0 1 60 166446 7997  18 (D 0,0,0) (S 366,561,263) (S 173,311,312) (S 563,312,314) (S 564,314,562) (S 367,562,563) (S 546,563,684) (S 138,32,259) (S 545,259,683) (S 549,688,690) (S 548,687,686) (S 14,33,34) (S 547,35,685) (S 551,685,692) (S 558,682,693) (S 561,695,561) (S 562,561,262) (D 0,0,0)
