441650
61
1807781
1669703
 0 1 1 166162 4307  16 (D 0,0,0) (S 448,211,628) (S 279,209,457) (S 484,414,228) (S 120,228,38) (S 295,38,486) (S 297,487,489) (S 474,489,634) (S 464,634,2) (S 465,2,218) (S 116,218,217) (S 117,221,220) (S 111,208,207) (S 453,209,628) (S 114,214,215) (D 0,0,0)
 0 1 2 162857 5012  15 (D 0,0,0) (S 292,28,200) (S 428,617,613) (S 429,612,615) (S 424,614,409) (S 6,18,19) (S 321,516,497) (S 541,517,652) (S 490,650,651) (S 491,652,492) (S 302,492,232) (S 501,659,660) (S 511,660,658) (S 437,623,624) (D 0,0,0)
 0 1 3 157672 6028  21 (D 0,0,0) (S 426,199,616) (S 427,199,617) (S 514,612,666) (S 520,666,243) (S 129,243,244) (S 515,243,667) (S 518,667,669) (S 516,668,669) (S 531,669,673) (S 529,673,672) (S 527,672,671) (S 534,671,675) (S 533,676,675) (S 532,675,673) (S 530,674,673) (S 528,672,667) (S 519,612,654) (S 498,480,656) (S 108,202,201) (D 0,0,0)
 0 1 4 154761 3635  16 (D 0,0,0) (S 439,626,625) (S 455,625,630) (S 450,629,630) (S 454,630,214) (S 456,209,415) (S 246,415,223) (S 241,400,404) (S 237,400,399) (S 236,399,205) (S 235,206,398) (S 238,398,401) (S 240,401,403) (S 248,403,419) (S 446,208,215) (D 0,0,0)
 0 1 5 166851 5312  15 (D 0,0,0) (S 423,611,612) (S 524,614,670) (S 523,670,241) (S 128,241,242) (S 126,238,237) (S 243,402,407) (S 469,407,491) (S 301,491,45) (S 193,46,344) (S 131,50,247) (S 242,247,407) (S 526,238,239) (S 521,239,241) (D 0,0,0)
 0 1 6 167686 5107  15 (D 0,0,0) (S 293,200,485) (S 294,485,484) (S 517,484,236) (S 68,138,134) (S 289,134,483) (S 509,483,653) (S 494,653,412) (S 539,643,490) (S 299,490,130) (S 66,130,128) (S 540,128,253) (S 135,253,254) (S 322,87,474) (D 0,0,0)
 0 1 7 166578 7130  18 (D 0,0,0) (S 298,86,490) (S 300,130,251) (S 134,252,129) (S 26,53,62) (S 543,679,680) (S 544,679,64) (S 29,63,62) (S 568,53,697) (S 569,697,696) (S 542,120,258) (S 137,258,257) (S 346,257,255) (S 136,255,256) (S 325,256,476) (S 324,519,309) (S 172,309,310) (D 0,0,0)
 0 1 8 158714 3927  16 (D 0,0,0) (S 447,626,215) (S 112,208,210) (S 445,208,419) (S 457,631,221) (S 458,221,217) (S 115,217,216) (S 461,216,633) (S 459,216,631) (S 460,631,632) (S 118,223,222) (S 440,417,457) (S 443,457,627) (S 449,627,211) (S 113,211,212) (D 0,0,0)
 0 1 9 166182 9071  18 (D 0,0,0) (S 344,547,545) (S 340,542,543) (S 341,541,544) (S 646,341,100) (S 48,102,101) (S 49,101,103) (S 711,295,777) (S 717,779,289) (S 158,293,291) (S 268,280,447) (S 632,291,504) (S 713,502,778) (S 716,778,779) (S 715,779,777) (S 714,777,101) (S 313,506,347) (D 0,0,0)
 0 1 10 164259 4099  14 (D 0,0,0) (S 10,25,26) (S 361,27,558) (S 364,558,524) (S 360,557,139) (S 70,139,140) (S 102,140,190) (S 409,190,594) (S 400,593,594) (S 399,586,592) (S 401,592,585) (S 391,585,24) (S 8,21,23) (D 0,0,0)
 0 1 11 167811 4919  18 (D 0,0,0) (S 438,212,625) (S 451,214,628) (S 485,645,131) (S 67,131,132) (S 303,132,229) (S 121,229,230) (S 122,230,231) (S 320,515,7) (S 11,6,29) (S 2,9,10) (S 489,10,5) (S 488,5,40) (S 16,40,39) (S 307,38,488) (S 296,488,132) (S 486,133,228) (D 0,0,0)
 0 1 12 159228 8031  20 (D 0,0,0) (S 323,88,119) (S 60,120,121) (S 347,548,257) (S 349,255,478) (S 368,553,564) (S 370,564,565) (S 550,565,691) (S 557,691,260) (S 139,260,30) (S 140,261,30) (S 12,30,31) (S 13,31,32) (S 558,682,693) (S 565,695,312) (S 174,314,313) (S 356,311,263) (S 562,561,262) (S 559,262,518) (D 0,0,0)
 0 1 13 166318 8041  26 (D 0,0,0) (S 512,660,482) (S 291,482,135) (S 288,135,479) (S 326,519,520) (S 351,520,313) (S 357,313,311) (S 173,311,312) (S 563,312,314) (S 564,314,562) (S 367,562,563) (S 546,563,684) (S 138,32,259) (S 545,259,683) (S 551,685,692) (S 14,33,34) (S 547,35,685) (S 549,688,690) (S 548,687,686) (S 560,693,695) (S 561,695,561) (S 366,561,263) (S 141,263,262) (S 69,135,136) (S 503,136,659) (D 0,0,0)
 0 1 14 165909 6647  16 (D 0,0,0) (S 381,23,573) (S 406,572,595) (S 679,595,763) (S 680,763,359) (S 681,764,359) (S 206,359,360) (S 677,763,360) (S 678,360,762) (S 676,762,397) (S 230,396,363) (S 208,363,364) (S 396,364,589) (S 395,590,591) (S 398,591,572) (D 0,0,0)
 0 1 15 165544 7619  12 (D 0,0,0) (S 522,615,670) (S 525,238,408) (S 196,347,348) (S 159,295,289) (S 718,292,778) (S 719,778,747) (S 712,746,97) (S 643,335,545) (S 654,343,750) (S 652,750,749) (D 0,0,0)
 0 1 16 167078 6346  14 (D 0,0,0) (S 658,49,514) (S 657,514,357) (S 205,357,358) (S 661,357,752) (S 655,752,751) (S 672,753,356) (S 204,356,355) (S 673,355,761) (S 674,355,751) (S 656,752,183) (S 98,183,184) (S 536,584,246) (D 0,0,0)
 0 1 17 46970 1004  8 (D 0,0,0) (S 417,603,604) (S 418,605,603) (S 285,464,465) (S 284,463,464) (S 286,466,467) (S 283,461,462) (D 0,0,0)
 0 1 18 166104 5139  21 (D 0,0,0) (S 421,606,607) (S 435,212,621) (S 444,621,627) (S 476,416,222) (S 475,222,634) (S 1,3,4) (S 306,4,496) (S 470,496,640) (S 471,640,641) (S 473,642,638) (S 472,638,639) (S 467,638,637) (S 466,636,635) (S 468,635,4) (S 305,4,495) (S 308,495,498) (S 463,498,315) (S 175,315,316) (S 462,220,632) (D 0,0,0)
 0 1 19 161936 9083  13 (D 0,0,0) (S 495,235,655) (S 496,655,617) (S 265,170,443) (S 772,443,444) (S 773,444,306) (S 223,306,308) (S 250,308,421) (S 730,421,783) (S 728,783,172) (S 79,159,158) (S 234,397,111) (D 0,0,0)
 0 1 20 167300 7728  17 (D 0,0,0) (S 369,555,562) (S 552,691,536) (S 331,124,530) (S 333,530,535) (S 180,323,324) (S 601,324,719) (S 602,719,698) (S 600,698,723) (S 182,326,325) (S 327,525,526) (S 334,534,537) (S 555,534,260) (S 553,691,127) (S 554,127,554) (S 355,554,317) (D 0,0,0)
 0 1 21 167739 7029  13 (D 0,0,0) (S 380,557,523) (S 387,583,584) (S 385,584,245) (S 384,245,582) (S 660,349,147) (S 73,147,146) (S 708,146,775) (S 709,775,776) (S 710,776,106) (S 720,776,774) (S 703,774,267) (D 0,0,0)
 0 1 22 166357 6669  14 (D 0,0,0) (S 287,476,477) (S 359,521,556) (S 556,556,550) (S 348,549,539) (S 338,540,539) (S 337,539,55) (S 342,546,333) (S 186,333,334) (S 343,333,547) (S 653,547,343) (S 192,343,54) (S 107,199,200) (D 0,0,0)
 0 1 23 167776 7895  14 (D 0,0,0) (S 636,547,336) (S 637,336,744) (S 188,338,337) (S 644,337,531) (S 309,499,501) (S 329,529,528) (S 648,528,747) (S 649,748,746) (S 645,746,102) (S 46,98,99) (S 47,99,84) (S 42,84,85) (D 0,0,0)
 0 1 24 167114 6229  25 (D 0,0,0) (S 362,559,557) (S 410,142,190) (S 101,190,189) (S 389,523,141) (S 390,141,189) (S 388,189,581) (S 383,581,578) (S 411,597,598) (S 414,597,600) (S 94,175,176) (S 412,599,176) (S 413,176,580) (S 382,578,579) (S 99,185,186) (S 408,186,594) (S 404,594,191) (S 103,191,192) (S 403,191,187) (S 100,187,188) (S 402,187,586) (S 392,586,24) (S 9,24,21) (S 7,21,22) (D 0,0,0)
 0 1 25 165730 9046  14 (D 0,0,0) (S 187,336,335) (S 647,97,529) (S 330,502,527) (S 328,527,293) (S 775,293,445) (S 267,445,446) (S 776,445,508) (S 275,453,452) (S 315,454,303) (S 278,77,288) (S 190,294,341) (S 345,544,506) (D 0,0,0)
 0 1 26 167249 10403  14 (D 0,0,0) (S 277,77,456) (S 756,804,805) (S 759,423,300) (S 767,301,809) (S 768,165,440) (S 261,440,275) (S 147,275,166) (S 146,275,274) (S 150,274,277) (S 264,276,443) (S 92,170,173) (S 38,69,77) (D 0,0,0)
 0 1 27 166031 7299  14 (D 0,0,0) (S 239,237,402) (S 95,177,181) (S 142,265,264) (S 199,264,116) (S 59,117,118) (S 162,118,108) (S 160,118,267) (S 721,774,780) (S 706,379,109) (S 707,109,775) (S 144,267,264) (S 200,181,349) (D 0,0,0)
 0 1 28 164231 7515  10 (D 0,0,0) (S 218,110,377) (S 76,158,143) (S 72,143,144) (S 219,144,378) (S 702,382,381) (S 221,381,159) (S 43,91,90) (S 233,374,363) (D 0,0,0)
 0 1 29 161389 1971  10 (D 0,0,0) (S 378,576,575) (S 452,607,622) (S 436,622,213) (S 434,213,620) (S 442,620,609) (S 441,609,577) (S 106,197,198) (S 419,198,607) (D 0,0,0)
 0 1 30 167900 6447  13 (D 0,0,0) (S 407,572,596) (S 5,16,17) (S 430,618,619) (S 431,619,15) (S 4,14,15) (S 433,619,115) (S 194,346,345) (S 397,345,113) (S 57,113,114) (S 58,114,115) (S 432,115,591) (D 0,0,0)
 0 1 31 166986 7478  15 (D 0,0,0) (S 44,93,94) (S 226,94,111) (S 55,111,110) (S 56,110,112) (S 700,112,204) (S 699,204,773) (S 698,773,158) (S 696,773,377) (S 697,377,396) (S 207,361,362) (S 675,762,589) (S 376,572,523) (S 71,141,142) (D 0,0,0)
 0 1 32 165041 9504  10 (D 0,0,0) (S 274,302,452) (S 393,169,587) (S 394,588,164) (S 263,163,442) (S 770,442,274) (S 148,277,276) (S 145,269,268) (S 377,560,573) (D 0,0,0)
 0 1 33 167654 9217  13 (D 0,0,0) (S 156,291,280) (S 154,286,174) (S 586,286,713) (S 650,739,713) (S 585,713,707) (S 613,728,511) (S 618,728,735) (S 616,728,707) (S 579,707,708) (S 583,708,57) (S 335,61,538) (D 0,0,0)
 0 1 34 167525 10605  25 (D 0,0,0) (S 353,522,551) (S 354,554,459) (S 352,459,505) (S 595,720,721) (S 588,716,322) (S 177,319,320) (S 374,569,52) (S 21,52,47) (S 280,458,42) (S 22,42,56) (S 17,42,41) (S 317,47,510) (S 372,510,566) (S 183,327,328) (S 373,327,52) (S 596,568,722) (S 582,711,705) (S 577,705,700) (S 575,700,702) (S 572,702,703) (S 573,704,699) (S 64,123,126) (S 567,318,564) (D 0,0,0)
 0 1 35 165507 7378  11 (D 0,0,0) (S 425,615,614) (S 641,60,745) (S 640,745,533) (S 332,533,340) (S 614,500,729) (S 633,729,330) (S 634,330,332) (S 635,332,59) (S 30,59,61) (D 0,0,0)
 0 1 36 167817 8904  21 (D 0,0,0) (S 176,317,318) (S 566,318,127) (S 62,123,124) (S 597,535,719) (S 592,719,720) (S 594,720,699) (S 571,700,701) (S 581,709,710) (S 580,709,705) (S 576,705,706) (S 578,706,570) (S 375,570,568) (S 371,568,319) (S 178,319,321) (S 282,460,321) (S 179,321,322) (S 603,324,718) (S 336,538,323) (S 365,323,556) (D 0,0,0)
 0 1 37 167990 7734  15 (D 0,0,0) (S 220,379,380) (S 54,109,107) (S 52,107,106) (S 51,106,104) (S 50,104,105) (S 53,104,108) (S 155,108,283) (S 198,283,348) (S 195,347,180) (S 197,180,182) (S 96,182,183) (S 201,350,184) (S 143,184,266) (D 0,0,0)
 0 1 38 167456 9004  16 (D 0,0,0) (S 184,329,330) (S 617,732,730) (S 628,730,743) (S 630,743,281) (S 157,281,284) (S 153,284,285) (S 624,285,739) (S 651,743,739) (S 625,739,731) (S 626,740,741) (S 615,731,730) (S 629,730,742) (S 627,742,48) (S 25,61,60) (D 0,0,0)
 0 1 39 156448 4687  17 (D 0,0,0) (S 420,198,608) (S 502,659,137) (S 504,137,661) (S 510,661,662) (S 507,662,663) (S 505,663,406) (S 119,226,227) (S 477,647,646) (S 487,645,494) (S 304,493,232) (S 123,232,233) (S 479,232,646) (S 478,646,413) (S 245,413,414) (S 499,414,657) (D 0,0,0)
 0 1 40 167929 8348  12 (D 0,0,0) (S 31,55,60) (S 24,59,48) (S 19,48,44) (S 18,43,44) (S 23,57,58) (S 27,58,52) (S 590,569,712) (S 181,322,324) (S 358,317,551) (S 350,551,552) (D 0,0,0)
 0 1 41 167556 8508  22 (D 0,0,0) (S 65,127,126) (S 604,124,724) (S 607,724,727) (S 609,727,326) (S 608,326,723) (S 610,723,725) (S 606,725,726) (S 605,725,714) (S 587,714,715) (S 611,715,706) (S 612,706,722) (S 598,722,717) (S 599,716,721) (S 593,721,704) (S 570,699,698) (S 574,698,530) (S 61,122,123) (S 63,125,123) (S 281,126,459) (S 290,134,484) (D 0,0,0)
 0 1 42 165436 8081  12 (D 0,0,0) (S 20,49,50) (S 191,51,342) (S 639,546,745) (S 642,339,744) (S 638,338,532) (S 310,502,503) (S 311,503,504) (S 631,504,732) (S 185,332,331) (S 189,340,339) (D 0,0,0)
 0 1 43 167065 8159  13 (D 0,0,0) (S 127,239,240) (S 339,506,287) (S 778,287,456) (S 780,456,69) (S 777,810,811) (S 779,811,69) (S 32,69,70) (S 37,70,76) (S 34,73,72) (S 33,72,71) (S 97,177,179) (D 0,0,0)
 0 1 44 167946 8322  11 (D 0,0,0) (S 28,44,57) (S 620,736,737) (S 622,737,738) (S 619,735,734) (S 623,733,736) (S 621,736,58) (S 584,57,712) (S 589,712,718) (S 591,718,538) (D 0,0,0)
 0 1 45 148129 3957  11 (D 0,0,0) (S 508,479,663) (S 247,226,418) (S 483,516,224) (S 480,648,649) (S 481,648,647) (S 482,647,405) (S 244,410,411) (S 506,664,657) (S 500,657,658) (D 0,0,0)
 0 1 46 123302 2486  8 (D 0,0,0) (S 105,196,194) (S 104,194,193) (S 415,193,601) (S 416,193,574) (S 379,195,575) (S 422,606,610) (D 0,0,0)
 0 1 47 167815 7048  15 (D 0,0,0) (S 497,485,235) (S 124,235,234) (S 493,654,138) (S 492,138,653) (S 319,513,514) (S 659,751,753) (S 671,178,760) (S 668,351,758) (S 669,758,759) (S 670,758,754) (S 662,754,353) (S 665,353,755) (S 664,755,94) (D 0,0,0)
 0 1 48 163071 7310  16 (D 0,0,0) (S 125,234,236) (S 513,236,654) (S 202,351,352) (S 203,352,353) (S 666,354,757) (S 667,757,147) (S 80,146,162) (S 109,162,203) (S 211,203,369) (S 110,203,204) (S 701,112,756) (S 663,756,755) (S 405,94,595) (S 363,559,560) (D 0,0,0)
 0 1 49 166464 7935  10 (D 0,0,0) (S 36,72,74) (S 270,76,448) (S 269,448,449) (S 272,449,450) (S 271,449,451) (S 273,451,75) (S 35,75,74) (S 161,287,282) (D 0,0,0)
 0 1 50 166647 9939  15 (D 0,0,0) (S 276,304,455) (S 774,455,171) (S 91,171,169) (S 86,169,168) (S 85,168,164) (S 81,164,163) (S 83,163,166) (S 82,166,165) (S 84,165,167) (S 253,167,424) (S 769,440,424) (S 766,424,809) (S 771,809,274) (D 0,0,0)
 0 1 51 165887 5073  10 (D 0,0,0) (S 537,611,677) (S 538,677,678) (S 535,677,246) (S 130,246,245) (S 386,582,49) (S 133,250,248) (S 318,248,512) (S 132,248,249) (D 0,0,0)
 0 1 52 167159 9869  12 (D 0,0,0) (S 229,373,395) (S 764,427,799) (S 742,799,429) (S 256,429,430) (S 740,799,428) (S 741,68,428) (S 255,428,67) (S 74,66,148) (S 693,155,771) (S 683,79,389) (D 0,0,0)
 0 1 53 167481 9052  12 (D 0,0,0) (S 228,394,390) (S 694,392,771) (S 695,771,772) (S 45,95,96) (S 254,65,427) (S 765,427,808) (S 763,808,150) (S 75,149,157) (S 225,384,78) (S 39,78,79) (D 0,0,0)
 0 1 54 166865 8256  11 (D 0,0,0) (S 213,371,151) (S 78,152,160) (S 249,160,420) (S 724,420,37) (S 316,37,509) (S 15,37,36) (S 88,36,145) (S 77,145,159) (S 216,159,374) (D 0,0,0)
 0 1 55 165182 8227  11 (D 0,0,0) (S 692,395,770) (S 690,368,770) (S 691,770,767) (S 688,768,769) (S 686,768,767) (S 687,767,373) (S 314,92,507) (S 232,92,365) (S 209,365,366) (D 0,0,0)
 0 1 56 166629 8446  11 (D 0,0,0) (S 214,372,152) (S 262,152,441) (S 726,441,279) (S 151,279,161) (S 251,153,422) (S 212,154,370) (S 682,79,765) (S 689,765,368) (S 231,367,372) (D 0,0,0)
 0 1 57 167106 9585  14 (D 0,0,0) (S 210,367,368) (S 685,765,766) (S 684,766,470) (S 312,469,468) (S 224,387,388) (S 227,393,387) (S 753,156,801) (S 734,787,272) (S 727,278,783) (S 89,172,37) (S 705,36,381) (S 704,382,378) (D 0,0,0)
 0 1 58 166944 9799  16 (D 0,0,0) (S 168,303,302) (S 170,173,308) (S 169,306,307) (S 729,421,307) (S 171,307,272) (S 757,273,805) (S 758,805,806) (S 252,423,271) (S 149,273,270) (S 266,270,444) (S 93,173,80) (S 40,80,81) (S 90,80,172) (S 222,382,383) (D 0,0,0)
 0 1 59 166710 10335  18 (D 0,0,0) (S 751,157,800) (S 749,800,803) (S 746,803,802) (S 744,795,433) (S 748,433,798) (S 743,429,798) (S 257,431,432) (S 739,431,785) (S 731,784,785) (S 258,435,436) (S 737,796,437) (S 259,437,438) (S 755,796,425) (S 733,788,786) (S 732,786,787) (S 752,787,801) (D 0,0,0)
 0 1 60 167262 9113  13 (D 0,0,0) (S 762,149,807) (S 761,807,802) (S 736,795,790) (S 750,786,800) (S 745,800,801) (S 747,801,268) (S 152,278,279) (S 725,441,781) (S 723,781,782) (S 722,781,420) (S 215,160,373) (D 0,0,0)
 0 1 61 167830 10603  16 (D 0,0,0) (S 87,170,171) (S 167,171,82) (S 41,82,83) (S 165,82,297) (S 164,297,298) (S 163,297,277) (S 166,277,301) (S 217,296,375) (S 760,375,797) (S 3,12,13) (S 260,12,439) (S 738,12,797) (S 735,794,793) (S 754,788,803) (D 0,0,0)
