440502
61
1807624
1741265
 0 1 1 162690 3609  16 (D 0,0,0) (S 378,576,575) (S 452,607,622) (S 113,212,211) (S 448,211,628) (S 453,628,209) (S 111,207,208) (S 445,208,419) (S 462,632,220) (S 117,220,221) (S 458,221,217) (S 115,217,216) (S 461,216,633) (S 459,216,631) (S 460,631,632) (D 0,0,0)
 0 1 2 167507 5693  25 (D 0,0,0) (S 457,631,221) (S 116,217,218) (S 465,218,2) (S 1,3,4) (S 306,4,496) (S 470,496,640) (S 471,640,641) (S 473,642,638) (S 472,638,639) (S 467,638,637) (S 466,636,635) (S 468,635,4) (S 305,4,495) (S 308,495,498) (S 463,498,315) (S 175,315,316) (S 464,2,634) (S 476,222,416) (S 451,628,214) (S 454,214,630) (S 450,629,630) (S 455,630,625) (S 439,625,626) (D 0,0,0)
 0 1 3 167349 4180  19 (D 0,0,0) (S 499,657,414) (S 484,414,228) (S 486,228,133) (S 485,645,131) (S 67,131,132) (S 296,132,488) (S 307,488,38) (S 295,38,486) (S 297,487,489) (S 474,489,634) (S 475,634,222) (S 118,222,223) (S 246,223,415) (S 456,415,209) (S 279,209,457) (S 444,627,621) (S 435,621,212) (D 0,0,0)
 0 1 4 167685 4526  17 (D 0,0,0) (S 420,198,608) (S 437,624,623) (S 511,658,660) (S 502,659,137) (S 504,137,661) (S 244,411,410) (S 482,405,647) (S 477,647,646) (S 479,646,232) (S 123,232,233) (S 304,232,493) (S 487,494,645) (S 478,646,413) (S 245,413,414) (S 443,457,627) (D 0,0,0)
 0 1 5 167736 4659  14 (D 0,0,0) (S 449,211,627) (S 440,457,417) (S 120,228,38) (S 16,39,40) (S 488,40,5) (S 489,5,10) (S 2,10,9) (S 11,6,29) (S 320,515,7) (S 122,231,230) (S 121,230,229) (S 303,229,132) (D 0,0,0)
 0 1 6 165147 5655  10 (D 0,0,0) (S 302,232,492) (S 491,492,652) (S 490,650,651) (S 541,652,517) (S 135,253,254) (S 540,253,128) (S 66,128,130) (S 298,490,86) (D 0,0,0)
 0 1 7 167426 6532  15 (D 0,0,0) (S 172,309,310) (S 325,476,256) (S 136,256,255) (S 346,255,257) (S 137,257,258) (S 542,258,120) (S 60,120,121) (S 348,549,539) (S 338,540,539) (S 337,539,55) (S 26,62,53) (S 131,50,247) (S 107,199,200) (D 0,0,0)
 0 1 8 164479 6024  13 (D 0,0,0) (S 492,138,653) (S 539,643,490) (S 299,490,130) (S 300,130,251) (S 134,252,129) (S 193,46,344) (S 143,266,184) (S 201,350,184) (S 98,184,183) (S 656,183,752) (S 658,514,49) (D 0,0,0)
 0 1 9 166663 6602  13 (D 0,0,0) (S 423,611,612) (S 652,749,750) (S 654,750,343) (S 653,343,547) (S 344,547,545) (S 643,545,335) (S 187,335,336) (S 636,336,547) (S 192,343,54) (S 20,50,49) (S 239,402,237) (D 0,0,0)
 0 1 10 166649 5691  10 (D 0,0,0) (S 536,246,584) (S 385,584,245) (S 319,513,514) (S 386,49,582) (S 384,582,245) (S 130,245,246) (S 535,246,677) (S 537,677,611) (D 0,0,0)
 0 1 11 166278 7872  22 (D 0,0,0) (S 293,200,485) (S 287,476,477) (S 349,478,255) (S 347,257,548) (S 556,550,556) (S 365,556,323) (S 336,323,538) (S 591,538,718) (S 603,718,324) (S 601,324,719) (S 597,719,535) (S 333,535,530) (S 62,124,123) (S 63,125,123) (S 61,122,123) (S 64,123,126) (S 567,318,564) (S 368,564,553) (S 322,87,474) (S 290,134,484) (D 0,0,0)
 0 1 12 167665 7198  12 (D 0,0,0) (S 144,264,267) (S 160,267,118) (S 53,108,104) (S 50,104,105) (S 51,104,106) (S 720,776,774) (S 721,774,780) (S 703,774,267) (S 95,181,177) (S 97,177,179) (D 0,0,0)
 0 1 13 167176 8430  13 (D 0,0,0) (S 538,677,678) (S 49,103,101) (S 715,777,779) (S 718,778,292) (S 328,293,527) (S 330,527,502) (S 310,502,503) (S 311,503,504) (S 631,504,732) (S 633,729,330) (S 30,59,61) (D 0,0,0)
 0 1 14 165255 4154  18 (D 0,0,0) (S 500,658,657) (S 506,657,664) (S 510,661,662) (S 507,662,663) (S 119,226,227) (S 481,647,648) (S 480,648,649) (S 483,224,516) (S 6,19,18) (S 247,418,226) (S 505,406,663) (S 508,663,479) (S 288,479,135) (S 69,135,136) (S 503,136,659) (S 501,659,660) (D 0,0,0)
 0 1 15 167145 6227  15 (D 0,0,0) (S 381,23,573) (S 407,572,596) (S 5,16,17) (S 430,618,619) (S 4,14,15) (S 431,15,619) (S 433,619,115) (S 58,115,114) (S 194,346,345) (S 395,590,591) (S 376,572,523) (S 389,523,141) (S 71,141,142) (D 0,0,0)
 0 1 16 146175 2416  9 (D 0,0,0) (S 436,622,213) (S 434,213,620) (S 441,609,577) (S 416,574,193) (S 415,193,601) (S 104,193,194) (S 105,194,196) (D 0,0,0)
 0 1 17 88471 1743  6 (D 0,0,0) (S 422,606,610) (S 421,606,607) (S 419,607,198) (S 106,198,197) (D 0,0,0)
 0 1 18 164484 5580  23 (D 0,0,0) (S 379,575,195) (S 497,485,235) (S 124,235,234) (S 125,234,236) (S 519,654,612) (S 514,612,666) (S 520,666,243) (S 129,243,244) (S 515,243,667) (S 518,667,669) (S 516,668,669) (S 531,669,673) (S 527,672,671) (S 534,671,675) (S 533,676,675) (S 532,675,673) (S 530,674,673) (S 529,673,672) (S 528,672,667) (S 512,482,660) (S 442,620,609) (D 0,0,0)
 0 1 19 151336 4075  15 (D 0,0,0) (S 392,24,586) (S 100,187,188) (S 400,593,594) (S 404,594,191) (S 103,191,192) (S 403,191,187) (S 402,187,586) (S 399,586,592) (S 401,592,585) (S 391,585,24) (S 9,24,21) (S 7,21,22) (S 8,21,23) (D 0,0,0)
 0 1 20 46970 1004  8 (D 0,0,0) (S 417,603,604) (S 418,605,603) (S 283,461,462) (S 285,464,465) (S 284,463,464) (S 286,466,467) (D 0,0,0)
 0 1 21 167430 7716  23 (D 0,0,0) (S 291,482,135) (S 321,516,497) (S 559,518,262) (S 141,262,263) (S 366,263,561) (S 561,561,695) (S 560,695,693) (S 13,32,31) (S 12,31,30) (S 140,261,30) (S 139,30,260) (S 555,260,534) (S 334,534,537) (S 557,260,691) (S 550,691,565) (S 370,565,564) (S 351,520,313) (S 174,313,314) (S 563,314,312) (S 356,311,263) (S 562,561,262) (D 0,0,0)
 0 1 22 167482 6974  15 (D 0,0,0) (S 674,751,355) (S 673,355,761) (S 204,355,356) (S 672,356,753) (S 200,349,181) (S 142,265,264) (S 199,264,116) (S 59,117,118) (S 162,118,108) (S 198,283,348) (S 196,348,347) (S 195,347,180) (S 96,182,183) (D 0,0,0)
 0 1 23 166009 6423  13 (D 0,0,0) (S 522,615,670) (S 127,239,240) (S 469,407,491) (S 301,491,45) (S 191,51,342) (S 29,62,63) (S 544,64,679) (S 543,679,680) (S 568,53,697) (S 569,697,696) (S 323,119,88) (D 0,0,0)
 0 1 24 167818 8652  18 (D 0,0,0) (S 426,199,616) (S 523,670,241) (S 521,241,239) (S 641,60,745) (S 642,339,744) (S 188,338,337) (S 46,98,99) (S 47,99,84) (S 647,97,529) (S 329,528,529) (S 309,499,501) (S 184,329,330) (S 634,330,332) (S 185,332,331) (S 638,532,338) (S 637,744,336) (D 0,0,0)
 0 1 25 167958 7512  16 (D 0,0,0) (S 657,514,357) (S 661,357,752) (S 671,178,760) (S 668,351,758) (S 662,754,353) (S 666,354,757) (S 667,757,147) (S 72,144,143) (S 76,158,143) (S 109,162,203) (S 211,203,369) (S 110,203,204) (S 701,112,756) (S 663,756,755) (D 0,0,0)
 0 1 26 167490 9000  16 (D 0,0,0) (S 722,420,781) (S 723,781,782) (S 725,781,441) (S 152,279,278) (S 727,278,783) (S 730,783,421) (S 250,421,308) (S 170,308,173) (S 93,173,80) (S 40,80,81) (S 90,80,172) (S 89,172,37) (S 15,37,36) (S 706,379,109) (D 0,0,0)
 0 1 27 167905 8141  18 (D 0,0,0) (S 495,235,655) (S 496,655,617) (S 524,614,670) (S 128,241,242) (S 526,239,238) (S 126,238,237) (S 778,287,456) (S 277,77,456) (S 780,456,69) (S 779,69,811) (S 777,810,811) (S 32,69,70) (S 36,74,72) (S 33,72,71) (S 339,287,506) (S 313,506,347) (D 0,0,0)
 0 1 28 167985 9985  12 (D 0,0,0) (S 197,182,180) (S 34,73,72) (S 315,303,454) (S 41,82,83) (S 165,82,297) (S 265,443,170) (S 87,170,171) (S 776,508,445) (S 267,445,446) (S 775,445,293) (D 0,0,0)
 0 1 29 167417 10163  15 (D 0,0,0) (S 275,452,453) (S 167,171,82) (S 164,297,298) (S 163,297,277) (S 166,277,301) (S 767,301,809) (S 766,809,424) (S 253,424,167) (S 84,167,165) (S 82,165,166) (S 147,166,275) (S 769,440,424) (S 771,809,274) (D 0,0,0)
 0 1 30 167641 9753  12 (D 0,0,0) (S 146,274,275) (S 261,275,440) (S 768,440,165) (S 83,166,163) (S 394,164,588) (S 393,587,169) (S 91,169,171) (S 274,452,302) (S 38,69,77) (S 278,77,288) (D 0,0,0)
 0 1 31 167569 7985  10 (D 0,0,0) (S 161,282,287) (S 37,70,76) (S 270,76,448) (S 269,448,449) (S 272,449,450) (S 271,449,451) (S 273,451,75) (S 35,75,74) (D 0,0,0)
 0 1 32 166348 9443  14 (D 0,0,0) (S 276,304,455) (S 774,455,171) (S 86,169,168) (S 85,168,164) (S 81,164,163) (S 263,163,442) (S 770,442,274) (S 150,274,277) (S 148,277,276) (S 264,276,443) (S 92,170,173) (S 168,302,303) (D 0,0,0)
 0 1 33 167724 9406  16 (D 0,0,0) (S 229,373,395) (S 231,372,367) (S 751,157,800) (S 746,802,803) (S 749,803,800) (S 745,800,801) (S 747,801,268) (S 145,268,269) (S 734,787,272) (S 171,272,307) (S 169,306,307) (S 729,307,421) (S 728,783,172) (S 705,36,381) (D 0,0,0)
 0 1 34 166626 10730  13 (D 0,0,0) (S 755,425,796) (S 737,796,437) (S 259,437,438) (S 738,797,12) (S 260,12,439) (S 3,12,13) (S 760,797,375) (S 217,375,296) (S 759,300,423) (S 252,423,271) (S 772,443,444) (D 0,0,0)
 0 1 35 167377 10699  13 (D 0,0,0) (S 741,68,428) (S 256,429,430) (S 743,429,798) (S 739,431,785) (S 731,784,785) (S 258,435,436) (S 735,794,793) (S 736,790,795) (S 750,800,786) (S 754,788,803) (S 761,802,807) (D 0,0,0)
 0 1 36 167641 6774  12 (D 0,0,0) (S 406,572,595) (S 679,595,763) (S 677,763,360) (S 206,360,359) (S 681,764,359) (S 676,762,397) (S 697,396,377) (S 218,377,110) (S 55,110,111) (S 226,111,94) (D 0,0,0)
 0 1 37 167746 6575  13 (D 0,0,0) (S 405,595,94) (S 44,93,94) (S 664,94,755) (S 665,755,353) (S 203,353,352) (S 202,352,351) (S 659,753,751) (S 655,751,752) (S 205,357,358) (S 387,584,583) (S 380,523,557) (D 0,0,0)
 0 1 38 166284 9327  14 (D 0,0,0) (S 223,308,306) (S 773,306,444) (S 266,444,270) (S 149,270,273) (S 757,273,805) (S 758,806,805) (S 756,805,804) (S 733,788,786) (S 732,786,787) (S 752,787,801) (S 753,801,156) (S 234,397,111) (D 0,0,0)
 0 1 39 165171 7157  13 (D 0,0,0) (S 660,349,147) (S 73,147,146) (S 708,146,775) (S 707,775,109) (S 54,109,107) (S 52,107,106) (S 710,106,776) (S 709,776,775) (S 242,247,407) (S 243,407,402) (S 427,617,199) (D 0,0,0)
 0 1 40 166846 7864  9 (D 0,0,0) (S 397,345,113) (S 232,365,92) (S 213,371,151) (S 151,161,279) (S 726,279,441) (S 262,441,152) (S 214,152,372) (D 0,0,0)
 0 1 41 167903 8126  13 (D 0,0,0) (S 233,363,374) (S 692,395,770) (S 689,368,765) (S 682,765,79) (S 683,79,389) (S 212,370,154) (S 251,153,422) (S 78,152,160) (S 77,145,159) (S 698,158,773) (S 696,773,377) (D 0,0,0)
 0 1 42 164234 7142  12 (D 0,0,0) (S 398,572,591) (S 432,591,115) (S 57,114,113) (S 396,589,364) (S 208,364,363) (S 216,374,159) (S 79,159,158) (S 699,773,204) (S 700,204,112) (S 56,112,110) (D 0,0,0)
 0 1 43 166258 7740  12 (D 0,0,0) (S 669,758,759) (S 670,758,754) (S 80,146,162) (S 219,144,378) (S 220,379,380) (S 704,378,382) (S 222,382,383) (S 702,382,381) (S 221,381,159) (S 209,365,366) (D 0,0,0)
 0 1 44 167059 8479  16 (D 0,0,0) (S 210,367,368) (S 39,79,78) (S 227,393,387) (S 224,387,388) (S 312,468,469) (S 684,470,766) (S 685,766,765) (S 690,368,770) (S 691,770,767) (S 688,768,769) (S 686,768,767) (S 687,767,373) (S 230,363,396) (S 675,762,589) (D 0,0,0)
 0 1 45 167961 9377  12 (D 0,0,0) (S 680,763,359) (S 678,360,762) (S 207,361,362) (S 215,373,160) (S 249,160,420) (S 724,420,37) (S 316,37,509) (S 88,36,145) (S 43,91,90) (S 314,92,507) (D 0,0,0)
 0 1 46 167038 9701  12 (D 0,0,0) (S 695,771,772) (S 74,66,148) (S 255,67,428) (S 740,428,799) (S 742,799,429) (S 257,431,432) (S 748,798,433) (S 744,433,795) (S 762,807,149) (S 225,384,78) (D 0,0,0)
 0 1 47 166774 9490  24 (D 0,0,0) (S 281,459,126) (S 575,702,700) (S 571,700,701) (S 577,700,705) (S 582,705,711) (S 598,717,722) (S 596,722,568) (S 612,722,706) (S 611,706,715) (S 587,715,714) (S 581,709,710) (S 580,709,705) (S 576,705,706) (S 578,706,570) (S 375,570,568) (S 371,568,319) (S 177,319,320) (S 178,319,321) (S 282,460,321) (S 179,321,322) (S 181,322,324) (S 359,556,521) (D 0,0,0)
 0 1 48 167980 8145  17 (D 0,0,0) (S 24,59,48) (S 19,48,44) (S 18,43,44) (S 28,44,57) (S 584,57,712) (S 588,322,716) (S 599,716,721) (S 595,720,721) (S 593,721,704) (S 572,702,703) (S 570,699,698) (S 574,698,530) (S 331,530,124) (S 65,126,127) (S 324,519,309) (D 0,0,0)
 0 1 49 164599 7048  9 (D 0,0,0) (S 342,546,333) (S 186,333,334) (S 639,546,745) (S 640,745,533) (S 332,533,340) (S 189,340,339) (S 31,60,55) (D 0,0,0)
 0 1 50 165093 8898  12 (D 0,0,0) (S 644,337,531) (S 614,500,729) (S 617,732,730) (S 650,739,713) (S 585,713,707) (S 616,707,728) (S 613,728,511) (S 579,707,708) (S 583,708,57) (S 25,61,60) (D 0,0,0)
 0 1 51 167272 8054  18 (D 0,0,0) (S 357,313,311) (S 173,311,312) (S 565,312,695) (S 558,693,682) (S 547,685,35) (S 14,33,34) (S 551,685,692) (S 549,688,690) (S 548,687,686) (S 545,683,259) (S 138,259,32) (S 546,684,563) (S 367,563,562) (S 564,562,314) (S 369,562,555) (S 326,520,519) (D 0,0,0)
 0 1 52 167914 9599  12 (D 0,0,0) (S 180,323,324) (S 589,718,712) (S 590,712,569) (S 374,569,52) (S 21,52,47) (S 280,458,42) (S 22,42,56) (S 17,42,41) (S 317,47,510) (S 623,733,736) (D 0,0,0)
 0 1 53 166603 8887  12 (D 0,0,0) (S 23,57,58) (S 621,58,736) (S 620,736,737) (S 622,737,738) (S 618,728,735) (S 619,735,734) (S 372,510,566) (S 183,327,328) (S 373,327,52) (S 27,52,58) (D 0,0,0)
 0 1 54 167580 8797  13 (D 0,0,0) (S 158,293,291) (S 268,280,447) (S 157,281,284) (S 153,284,285) (S 154,286,174) (S 586,286,713) (S 624,285,739) (S 651,739,743) (S 628,743,730) (S 629,730,742) (S 627,742,48) (D 0,0,0)
 0 1 55 162529 4468  20 (D 0,0,0) (S 292,28,200) (S 429,612,615) (S 425,615,614) (S 424,614,409) (S 318,248,512) (S 132,248,249) (S 133,248,250) (S 525,408,238) (S 494,412,653) (S 509,653,483) (S 289,483,134) (S 68,134,138) (S 493,138,654) (S 513,654,236) (S 517,236,484) (S 294,484,485) (S 498,480,656) (S 108,202,201) (D 0,0,0)
 0 1 56 167425 8326  24 (D 0,0,0) (S 350,551,552) (S 358,551,317) (S 176,317,318) (S 566,318,127) (S 553,127,691) (S 552,691,536) (S 604,124,724) (S 607,724,727) (S 609,727,326) (S 600,723,698) (S 602,698,719) (S 592,719,720) (S 594,720,699) (S 573,699,704) (S 605,714,725) (S 606,725,726) (S 610,725,723) (S 608,723,326) (S 182,326,325) (S 327,525,526) (S 554,127,554) (S 355,554,317) (D 0,0,0)
 0 1 57 167551 9007  12 (D 0,0,0) (S 377,573,560) (S 694,392,771) (S 75,157,149) (S 45,95,96) (S 254,65,427) (S 764,799,427) (S 765,427,808) (S 763,808,150) (S 693,155,771) (S 228,390,394) (D 0,0,0)
 0 1 58 166654 8596  19 (D 0,0,0) (S 428,617,613) (S 340,542,543) (S 341,541,544) (S 345,506,544) (S 646,341,100) (S 48,102,101) (S 714,101,777) (S 711,777,295) (S 159,295,289) (S 717,289,779) (S 716,779,778) (S 713,502,778) (S 719,778,747) (S 649,748,746) (S 645,746,102) (S 190,341,294) (S 155,283,108) (D 0,0,0)
 0 1 59 156163 3563  14 (D 0,0,0) (S 438,212,625) (S 114,214,215) (S 112,208,210) (S 248,419,403) (S 240,403,401) (S 238,401,398) (S 235,398,206) (S 236,205,399) (S 237,399,400) (S 241,400,404) (S 446,208,215) (S 447,215,626) (D 0,0,0)
 0 1 60 165094 6047  24 (D 0,0,0) (S 10,25,26) (S 361,27,558) (S 364,558,524) (S 70,139,140) (S 102,140,190) (S 101,190,189) (S 390,141,189) (S 388,189,581) (S 94,175,176) (S 412,599,176) (S 413,176,580) (S 414,597,600) (S 411,597,598) (S 382,578,579) (S 383,578,581) (S 99,185,186) (S 408,186,594) (S 409,594,190) (S 410,190,142) (S 360,139,557) (S 362,557,559) (S 363,559,560) (D 0,0,0)
 0 1 61 167838 8863  17 (D 0,0,0) (S 353,522,551) (S 354,554,459) (S 352,459,505) (S 335,538,61) (S 635,59,332) (S 615,730,731) (S 626,740,741) (S 625,731,739) (S 630,743,281) (S 156,280,291) (S 632,291,504) (S 648,528,747) (S 712,746,97) (S 42,84,85) (S 343,547,333) (D 0,0,0)
