440272
61
1807861
1754284
 0 1 1 41269 1162  4 (D 0,0,0) (S 378,576,575) (S 422,606,610) (D 0,0,0)
 0 1 2 167713 2157  10 (D 0,0,0) (S 379,575,195) (S 106,197,198) (S 419,198,607) (S 452,607,622) (S 436,622,213) (S 434,213,620) (S 442,620,609) (S 441,609,577) (D 0,0,0)
 0 1 3 164590 2896  11 (D 0,0,0) (S 105,196,194) (S 104,194,193) (S 415,193,601) (S 416,193,574) (S 8,23,21) (S 391,24,585) (S 9,24,21) (S 420,198,608) (S 421,607,606) (D 0,0,0)
 0 1 4 159875 3709  15 (D 0,0,0) (S 447,626,215) (S 112,208,210) (S 445,208,419) (S 248,419,403) (S 240,403,401) (S 241,400,404) (S 237,400,399) (S 236,399,205) (S 235,206,398) (S 238,398,401) (S 114,215,214) (S 450,629,630) (S 438,625,212) (D 0,0,0)
 0 1 5 161031 3852  14 (D 0,0,0) (S 437,624,623) (S 499,657,414) (S 484,414,228) (S 486,228,133) (S 477,646,647) (S 482,647,405) (S 119,226,227) (S 244,410,411) (S 245,413,414) (S 440,417,457) (S 444,627,621) (S 435,621,212) (D 0,0,0)
 0 1 6 165730 4676  20 (D 0,0,0) (S 443,627,457) (S 478,413,646) (S 479,646,232) (S 123,232,233) (S 304,232,493) (S 487,494,645) (S 485,645,131) (S 67,131,132) (S 295,38,486) (S 297,487,489) (S 474,489,634) (S 476,222,416) (S 279,457,209) (S 453,209,628) (S 451,628,214) (S 454,214,630) (S 455,630,625) (S 439,625,626) (D 0,0,0)
 0 1 7 167606 5238  22 (D 0,0,0) (S 446,215,208) (S 460,632,631) (S 457,631,221) (S 458,221,217) (S 116,217,218) (S 175,315,316) (S 463,315,498) (S 308,498,495) (S 305,495,4) (S 468,4,635) (S 466,635,636) (S 467,637,638) (S 472,638,639) (S 473,638,642) (S 471,641,640) (S 470,640,496) (S 306,496,4) (S 1,4,3) (S 117,221,220) (S 462,220,632) (D 0,0,0)
 0 1 8 161594 4172  14 (D 0,0,0) (S 111,207,208) (S 459,631,216) (S 461,216,633) (S 115,216,217) (S 465,218,2) (S 464,2,634) (S 475,634,222) (S 118,222,223) (S 246,223,415) (S 456,415,209) (S 448,628,211) (S 113,211,212) (D 0,0,0)
 0 1 9 167974 4784  15 (D 0,0,0) (S 449,211,627) (S 120,228,38) (S 307,38,488) (S 296,488,132) (S 303,132,229) (S 121,229,230) (S 122,230,231) (S 320,515,7) (S 11,6,29) (S 2,9,10) (S 489,10,5) (S 488,5,40) (S 16,40,39) (D 0,0,0)
 0 1 10 46970 1004  8 (D 0,0,0) (S 283,461,462) (S 286,466,467) (S 284,463,464) (S 285,464,465) (S 417,603,604) (S 418,605,603) (D 0,0,0)
 0 1 11 167275 6099  20 (D 0,0,0) (S 381,23,573) (S 360,557,139) (S 70,139,140) (S 102,140,190) (S 101,190,189) (S 388,189,581) (S 383,581,578) (S 382,578,579) (S 414,597,600) (S 411,597,598) (S 412,599,176) (S 94,175,176) (S 413,176,580) (S 99,185,186) (S 408,186,594) (S 399,586,592) (S 401,592,585) (S 7,21,22) (D 0,0,0)
 0 1 12 167050 4989  25 (D 0,0,0) (S 392,24,586) (S 402,586,187) (S 100,187,188) (S 403,187,191) (S 103,191,192) (S 404,191,594) (S 400,593,594) (S 409,594,190) (S 410,190,142) (S 71,142,141) (S 390,141,189) (S 389,141,523) (S 387,583,584) (S 536,584,246) (S 535,246,677) (S 538,677,678) (S 537,677,611) (S 428,613,617) (S 496,617,655) (S 495,655,235) (S 497,235,485) (S 293,485,200) (S 292,200,28) (D 0,0,0)
 0 1 13 162593 6033  24 (D 0,0,0) (S 108,201,202) (S 498,656,480) (S 517,484,236) (S 513,236,654) (S 519,654,612) (S 514,612,666) (S 528,667,672) (S 532,673,675) (S 533,676,675) (S 534,675,671) (S 527,671,672) (S 529,672,673) (S 530,674,673) (S 531,673,669) (S 516,668,669) (S 518,669,667) (S 515,667,243) (S 129,243,244) (S 520,243,666) (S 423,612,611) (S 426,199,616) (S 107,199,200) (D 0,0,0)
 0 1 14 167274 5102  13 (D 0,0,0) (S 124,235,234) (S 493,654,138) (S 68,138,134) (S 509,483,653) (S 494,653,412) (S 539,643,490) (S 299,490,130) (S 66,130,128) (S 540,128,253) (S 135,253,254) (S 322,87,474) (D 0,0,0)
 0 1 15 167365 8457  27 (D 0,0,0) (S 503,659,136) (S 69,136,135) (S 288,135,479) (S 559,518,262) (S 366,561,263) (S 356,263,311) (S 173,311,312) (S 563,312,314) (S 174,314,313) (S 351,313,520) (S 369,555,562) (S 367,562,563) (S 546,563,684) (S 13,32,31) (S 12,31,30) (S 140,261,30) (S 139,30,260) (S 334,534,537) (S 555,534,260) (S 550,691,565) (S 370,565,564) (S 368,564,553) (S 349,255,478) (S 287,477,476) (S 172,309,310) (D 0,0,0)
 0 1 16 166856 6127  15 (D 0,0,0) (S 294,485,484) (S 290,484,134) (S 289,134,483) (S 298,86,490) (S 300,130,251) (S 134,252,129) (S 301,491,45) (S 193,46,344) (S 26,53,62) (S 543,679,680) (S 469,491,407) (S 243,407,402) (S 492,653,138) (D 0,0,0)
 0 1 17 166487 7339  17 (D 0,0,0) (S 10,25,26) (S 398,572,591) (S 396,589,364) (S 208,364,363) (S 230,363,396) (S 207,361,362) (S 676,397,762) (S 678,762,360) (S 680,763,359) (S 681,764,359) (S 206,359,360) (S 677,360,763) (S 679,763,595) (S 380,523,557) (S 363,559,560) (D 0,0,0)
 0 1 18 167086 5483  13 (D 0,0,0) (S 361,27,558) (S 362,559,557) (S 385,584,245) (S 386,582,49) (S 658,49,514) (S 657,514,357) (S 656,752,183) (S 98,183,184) (S 201,350,184) (S 143,184,266) (S 131,50,247) (D 0,0,0)
 0 1 19 167988 6997  18 (D 0,0,0) (S 130,246,245) (S 384,245,582) (S 205,357,358) (S 661,357,752) (S 655,752,751) (S 659,751,753) (S 672,753,356) (S 204,356,355) (S 673,355,761) (S 674,355,751) (S 319,513,514) (S 242,247,407) (S 526,238,239) (S 128,241,242) (S 522,670,615) (S 427,617,199) (D 0,0,0)
 0 1 20 166633 4972  13 (D 0,0,0) (S 302,232,492) (S 491,492,652) (S 490,650,651) (S 541,652,517) (S 321,497,516) (S 483,516,224) (S 480,648,649) (S 481,648,647) (S 504,661,137) (S 502,137,659) (S 501,659,660) (D 0,0,0)
 0 1 21 166782 7486  13 (D 0,0,0) (S 511,658,660) (S 508,663,479) (S 137,258,257) (S 347,257,548) (S 556,550,556) (S 365,556,323) (S 335,538,61) (S 30,61,59) (S 635,59,332) (S 332,340,533) (S 640,533,745) (D 0,0,0)
 0 1 22 167212 8909  28 (D 0,0,0) (S 358,551,317) (S 176,317,318) (S 552,691,536) (S 331,124,530) (S 570,698,699) (S 573,699,704) (S 572,702,703) (S 575,702,700) (S 571,700,701) (S 577,700,705) (S 576,705,706) (S 578,706,570) (S 375,570,568) (S 371,568,319) (S 177,319,320) (S 178,319,321) (S 282,460,321) (S 179,321,322) (S 588,322,716) (S 595,721,720) (S 597,719,535) (S 352,505,459) (S 354,459,554) (S 355,554,317) (S 350,551,552) (S 353,551,522) (D 0,0,0)
 0 1 23 167966 9020  17 (D 0,0,0) (S 425,615,614) (S 48,102,101) (S 715,777,779) (S 717,779,289) (S 271,449,451) (S 273,451,75) (S 37,76,70) (S 777,810,811) (S 779,811,69) (S 277,456,77) (S 339,287,506) (S 345,506,544) (S 340,542,543) (S 544,64,679) (S 191,51,342) (D 0,0,0)
 0 1 24 167475 6442  12 (D 0,0,0) (S 20,49,50) (S 29,62,63) (S 192,54,343) (S 653,343,547) (S 343,547,333) (S 186,333,334) (S 342,333,546) (S 60,121,120) (S 542,120,258) (S 325,256,476) (D 0,0,0)
 0 1 25 167776 7533  16 (D 0,0,0) (S 326,519,520) (S 564,562,314) (S 565,312,695) (S 138,32,259) (S 545,259,683) (S 547,685,35) (S 14,33,34) (S 551,685,692) (S 548,686,687) (S 549,688,690) (S 558,682,693) (S 560,693,695) (S 561,695,561) (S 562,561,262) (D 0,0,0)
 0 1 26 167517 10215  16 (D 0,0,0) (S 18,43,44) (S 27,58,52) (S 372,566,510) (S 317,510,47) (S 17,41,42) (S 280,458,42) (S 22,42,56) (S 21,47,52) (S 374,52,569) (S 596,568,722) (S 582,711,705) (S 580,705,709) (S 581,709,710) (S 566,127,318) (D 0,0,0)
 0 1 27 166578 7832  18 (D 0,0,0) (S 323,88,119) (S 569,696,697) (S 568,697,53) (S 654,750,343) (S 344,547,545) (S 341,541,544) (S 646,341,100) (S 46,98,99) (S 47,99,84) (S 187,335,336) (S 637,336,744) (S 337,55,539) (S 338,540,539) (S 348,539,549) (S 346,257,255) (S 136,255,256) (D 0,0,0)
 0 1 28 166000 4700  15 (D 0,0,0) (S 424,614,409) (S 133,250,248) (S 318,248,512) (S 132,248,249) (S 126,237,238) (S 525,238,408) (S 6,18,19) (S 247,418,226) (S 505,406,663) (S 507,663,662) (S 510,662,661) (S 506,664,657) (S 500,657,658) (D 0,0,0)
 0 1 29 167903 8241  17 (D 0,0,0) (S 25,60,61) (S 24,59,48) (S 627,48,742) (S 629,742,730) (S 616,707,728) (S 618,728,735) (S 622,738,737) (S 620,737,736) (S 621,736,58) (S 28,57,44) (S 239,402,237) (S 521,239,241) (S 523,241,670) (S 429,615,612) (S 125,236,234) (D 0,0,0)
 0 1 30 167456 9828  13 (D 0,0,0) (S 275,452,453) (S 167,171,82) (S 41,82,83) (S 165,82,297) (S 164,297,298) (S 163,297,277) (S 771,274,809) (S 759,300,423) (S 758,806,805) (S 252,423,271) (S 223,306,308) (D 0,0,0)
 0 1 31 167724 10097  16 (D 0,0,0) (S 92,173,170) (S 87,170,171) (S 91,171,169) (S 86,169,168) (S 85,168,164) (S 263,163,442) (S 770,442,274) (S 150,274,277) (S 149,270,273) (S 757,273,805) (S 756,805,804) (S 735,794,793) (S 733,788,786) (S 752,787,801) (D 0,0,0)
 0 1 32 167937 10185  11 (D 0,0,0) (S 145,268,269) (S 146,274,275) (S 261,275,440) (S 769,440,424) (S 253,424,167) (S 84,167,165) (S 147,166,275) (S 148,277,276) (S 266,270,444) (D 0,0,0)
 0 1 33 167820 9776  13 (D 0,0,0) (S 393,169,587) (S 394,588,164) (S 81,164,163) (S 83,163,166) (S 82,166,165) (S 768,165,440) (S 766,424,809) (S 767,809,301) (S 166,301,277) (S 264,276,443) (S 265,443,170) (D 0,0,0)
 0 1 34 166186 10910  14 (D 0,0,0) (S 761,807,802) (S 739,431,785) (S 731,784,785) (S 258,435,436) (S 737,796,437) (S 259,437,438) (S 738,797,12) (S 260,12,439) (S 3,12,13) (S 217,296,375) (S 760,375,797) (S 755,796,425) (D 0,0,0)
 0 1 35 165800 7012  14 (D 0,0,0) (S 97,179,177) (S 95,177,181) (S 160,267,118) (S 162,118,108) (S 53,108,104) (S 50,104,105) (S 51,104,106) (S 198,283,348) (S 196,348,347) (S 195,347,180) (S 197,180,182) (S 96,182,183) (D 0,0,0)
 0 1 36 166673 8854  17 (D 0,0,0) (S 313,347,506) (S 645,102,746) (S 649,746,748) (S 310,502,503) (S 631,504,732) (S 617,732,730) (S 615,730,731) (S 613,728,511) (S 579,707,708) (S 583,708,57) (S 584,57,712) (S 589,712,718) (S 324,519,309) (S 291,135,482) (S 512,482,660) (D 0,0,0)
 0 1 37 166844 8092  10 (D 0,0,0) (S 778,287,456) (S 780,456,69) (S 32,69,70) (S 274,452,302) (S 35,75,74) (S 33,72,71) (S 190,294,341) (S 652,750,749) (D 0,0,0)
 0 1 38 167500 7775  14 (D 0,0,0) (S 636,547,336) (S 42,85,84) (S 712,97,746) (S 711,777,295) (S 159,295,289) (S 34,73,72) (S 161,287,282) (S 155,283,108) (S 59,118,117) (S 199,116,264) (S 142,264,265) (S 200,181,349) (D 0,0,0)
 0 1 39 167008 8751  14 (D 0,0,0) (S 49,103,101) (S 714,101,777) (S 716,779,778) (S 713,778,502) (S 330,502,527) (S 328,527,293) (S 775,293,445) (S 267,445,446) (S 776,445,508) (S 315,454,303) (S 38,69,77) (S 278,77,288) (D 0,0,0)
 0 1 40 166893 8344  19 (D 0,0,0) (S 281,459,126) (S 63,125,123) (S 62,123,124) (S 604,124,724) (S 333,530,535) (S 336,323,538) (S 591,538,718) (S 603,718,324) (S 601,324,719) (S 600,698,723) (S 182,326,325) (S 327,525,526) (S 557,260,691) (S 553,691,127) (S 567,318,564) (S 357,313,311) (S 141,263,262) (D 0,0,0)
 0 1 41 167477 8445  23 (D 0,0,0) (S 574,530,698) (S 602,698,719) (S 592,719,720) (S 594,720,699) (S 593,704,721) (S 599,721,716) (S 598,717,722) (S 612,722,706) (S 611,706,715) (S 587,715,714) (S 605,714,725) (S 606,725,726) (S 610,725,723) (S 608,723,326) (S 609,326,727) (S 607,727,724) (S 61,122,123) (S 64,123,126) (S 65,126,127) (S 554,127,554) (S 359,556,521) (D 0,0,0)
 0 1 42 167603 8302  13 (D 0,0,0) (S 641,60,745) (S 642,339,744) (S 188,338,337) (S 309,499,501) (S 648,528,747) (S 719,747,778) (S 718,778,292) (S 272,450,449) (S 269,449,448) (S 270,448,76) (S 36,74,72) (D 0,0,0)
 0 1 43 167611 9403  17 (D 0,0,0) (S 168,303,302) (S 276,304,455) (S 774,455,171) (S 772,443,444) (S 773,444,306) (S 729,307,421) (S 250,421,308) (S 170,308,173) (S 93,173,80) (S 40,80,81) (S 90,80,172) (S 79,159,158) (S 698,158,773) (S 234,397,111) (S 377,560,573) (D 0,0,0)
 0 1 44 166931 7601  9 (D 0,0,0) (S 639,546,745) (S 189,339,340) (S 185,331,332) (S 184,329,330) (S 614,729,500) (S 644,531,337) (S 643,335,545) (D 0,0,0)
 0 1 45 166030 9275  14 (D 0,0,0) (S 647,97,529) (S 329,529,528) (S 311,503,504) (S 632,504,291) (S 158,293,291) (S 156,291,280) (S 268,280,447) (S 153,284,285) (S 157,284,281) (S 630,281,743) (S 625,739,731) (S 626,740,741) (D 0,0,0)
 0 1 46 166094 8770  12 (D 0,0,0) (S 31,55,60) (S 19,48,44) (S 23,57,58) (S 623,736,733) (S 619,735,734) (S 183,327,328) (S 373,327,52) (S 590,569,712) (S 181,322,324) (S 180,324,323) (D 0,0,0)
 0 1 47 167822 9015  12 (D 0,0,0) (S 634,332,330) (S 628,730,743) (S 651,743,739) (S 650,739,713) (S 586,713,286) (S 154,286,174) (S 624,285,739) (S 585,713,707) (S 633,729,330) (S 638,532,338) (D 0,0,0)
 0 1 48 167948 9060  17 (D 0,0,0) (S 524,614,670) (S 127,239,240) (S 220,379,380) (S 222,382,383) (S 705,381,36) (S 15,36,37) (S 316,37,509) (S 724,37,420) (S 726,441,279) (S 152,279,278) (S 727,278,783) (S 728,783,172) (S 89,172,37) (S 88,36,145) (S 697,377,396) (D 0,0,0)
 0 1 49 167689 8058  9 (D 0,0,0) (S 233,363,374) (S 214,372,152) (S 251,153,422) (S 212,154,370) (S 210,367,368) (S 690,368,770) (S 692,770,395) (D 0,0,0)
 0 1 50 167851 7965  11 (D 0,0,0) (S 213,371,151) (S 262,152,441) (S 725,441,781) (S 723,781,782) (S 722,781,420) (S 249,420,160) (S 215,160,373) (S 209,365,366) (S 395,590,591) (D 0,0,0)
 0 1 51 167900 6447  13 (D 0,0,0) (S 432,591,115) (S 194,346,345) (S 397,345,113) (S 57,113,114) (S 58,114,115) (S 433,115,619) (S 4,14,15) (S 431,15,619) (S 430,619,618) (S 5,16,17) (S 407,596,572) (D 0,0,0)
 0 1 52 167069 6545  13 (D 0,0,0) (S 376,523,572) (S 406,572,595) (S 405,595,94) (S 663,755,756) (S 701,756,112) (S 700,112,204) (S 699,204,773) (S 696,773,377) (S 218,377,110) (S 55,110,111) (S 226,111,94) (D 0,0,0)
 0 1 53 167109 7895  14 (D 0,0,0) (S 44,93,94) (S 56,110,112) (S 110,204,203) (S 211,203,369) (S 109,203,162) (S 80,162,146) (S 709,775,776) (S 710,776,106) (S 52,106,107) (S 54,107,109) (S 707,109,775) (S 144,267,264) (D 0,0,0)
 0 1 54 167314 6754  11 (D 0,0,0) (S 660,349,147) (S 666,757,354) (S 662,353,754) (S 670,754,758) (S 668,758,351) (S 202,351,352) (S 203,352,353) (S 665,353,755) (S 664,755,94) (D 0,0,0)
 0 1 55 165161 7078  10 (D 0,0,0) (S 671,178,760) (S 669,758,759) (S 667,757,147) (S 73,147,146) (S 708,146,775) (S 720,776,774) (S 721,774,780) (S 703,774,267) (D 0,0,0)
 0 1 56 167917 7633  11 (D 0,0,0) (S 216,374,159) (S 221,159,381) (S 702,381,382) (S 704,382,378) (S 219,378,144) (S 72,144,143) (S 76,143,158) (S 77,159,145) (S 43,91,90) (D 0,0,0)
 0 1 57 166603 9193  18 (D 0,0,0) (S 232,365,92) (S 314,92,507) (S 683,389,79) (S 39,79,78) (S 225,78,384) (S 224,387,388) (S 227,393,387) (S 312,468,469) (S 684,470,766) (S 685,766,765) (S 682,765,79) (S 689,765,368) (S 691,770,767) (S 688,768,769) (S 686,768,767) (S 687,767,373) (D 0,0,0)
 0 1 58 167869 9019  13 (D 0,0,0) (S 78,160,152) (S 151,161,279) (S 747,268,801) (S 745,801,800) (S 750,800,786) (S 732,786,787) (S 734,787,272) (S 171,272,307) (S 169,306,307) (S 730,421,783) (S 706,379,109) (D 0,0,0)
 0 1 59 167666 9107  13 (D 0,0,0) (S 753,156,801) (S 749,800,803) (S 754,803,788) (S 736,790,795) (S 746,802,803) (S 762,807,149) (S 75,149,157) (S 694,771,392) (S 231,367,372) (S 229,395,373) (S 675,762,589) (D 0,0,0)
 0 1 60 166937 9541  11 (D 0,0,0) (S 254,65,427) (S 741,68,428) (S 740,428,799) (S 764,799,427) (S 765,427,808) (S 763,808,150) (S 45,95,96) (S 693,155,771) (S 228,390,394) (D 0,0,0)
 0 1 61 167665 9916  13 (D 0,0,0) (S 74,66,148) (S 255,67,428) (S 742,799,429) (S 256,429,430) (S 743,429,798) (S 257,431,432) (S 748,798,433) (S 744,433,795) (S 751,800,157) (S 695,771,772) (S 364,524,558) (D 0,0,0)
