439580
61
1807827
1779194
 0 1 1 135102 1840  8 (D 0,0,0) (S 452,607,622) (S 436,622,213) (S 434,213,620) (S 442,620,609) (S 441,609,577) (S 379,195,575) (D 0,0,0)
 0 1 2 164920 3665  13 (D 0,0,0) (S 447,626,215) (S 111,207,208) (S 112,208,210) (S 462,632,220) (S 117,220,221) (S 116,217,218) (S 465,218,2) (S 464,2,634) (S 476,222,416) (S 440,417,457) (S 449,627,211) (D 0,0,0)
 0 1 3 157490 4157  15 (D 0,0,0) (S 437,624,623) (S 500,658,657) (S 499,657,414) (S 485,131,645) (S 487,645,494) (S 304,493,232) (S 123,232,233) (S 479,232,646) (S 477,646,647) (S 482,647,405) (S 244,410,411) (S 245,413,414) (S 113,211,212) (D 0,0,0)
 0 1 4 167898 4275  22 (D 0,0,0) (S 378,576,575) (S 439,626,625) (S 455,625,630) (S 450,629,630) (S 454,630,214) (S 451,214,628) (S 453,628,209) (S 456,209,415) (S 246,415,223) (S 118,223,222) (S 475,222,634) (S 474,634,489) (S 297,489,487) (S 295,486,38) (S 307,38,488) (S 296,488,132) (S 486,133,228) (S 484,228,414) (S 279,457,209) (S 448,628,211) (D 0,0,0)
 0 1 5 165605 3821  11 (D 0,0,0) (S 422,606,610) (S 446,215,208) (S 241,400,404) (S 237,400,399) (S 236,399,205) (S 235,206,398) (S 238,398,401) (S 240,401,403) (S 248,403,419) (D 0,0,0)
 0 1 6 163415 5765  24 (D 0,0,0) (S 445,208,419) (S 457,631,221) (S 458,221,217) (S 175,315,316) (S 463,315,498) (S 308,498,495) (S 305,495,4) (S 468,4,635) (S 466,635,636) (S 467,637,638) (S 472,638,639) (S 473,638,642) (S 471,641,640) (S 470,640,496) (S 306,496,4) (S 1,4,3) (S 115,217,216) (S 461,216,633) (S 459,216,631) (S 460,631,632) (S 114,215,214) (S 438,625,212) (D 0,0,0)
 0 1 7 166241 10208  17 (D 0,0,0) (S 352,459,505) (S 592,719,720) (S 612,722,706) (S 578,706,570) (S 375,570,568) (S 177,319,320) (S 372,566,510) (S 317,510,47) (S 17,41,42) (S 280,458,42) (S 22,42,56) (S 21,47,52) (S 374,52,569) (S 590,569,712) (S 181,322,324) (D 0,0,0)
 0 1 8 166877 8903  22 (D 0,0,0) (S 354,554,459) (S 597,535,719) (S 599,721,716) (S 588,716,322) (S 179,322,321) (S 282,460,321) (S 178,321,319) (S 371,319,568) (S 596,568,722) (S 598,722,717) (S 582,711,705) (S 576,705,706) (S 611,706,715) (S 587,715,714) (S 182,326,325) (S 566,127,318) (S 176,318,317) (S 358,317,551) (S 350,551,552) (S 353,551,522) (D 0,0,0)
 0 1 9 161353 5730  24 (D 0,0,0) (S 108,201,202) (S 498,656,480) (S 495,235,655) (S 496,655,617) (S 428,617,613) (S 514,612,666) (S 520,666,243) (S 129,243,244) (S 515,243,667) (S 518,667,669) (S 516,668,669) (S 531,669,673) (S 532,673,675) (S 533,676,675) (S 534,675,671) (S 527,671,672) (S 529,672,673) (S 530,674,673) (S 528,672,667) (S 519,612,654) (S 517,236,484) (S 294,484,485) (D 0,0,0)
 0 1 10 167812 6759  17 (D 0,0,0) (S 290,484,134) (S 323,88,119) (S 569,696,697) (S 568,697,53) (S 543,679,680) (S 29,62,63) (S 337,55,539) (S 338,540,539) (S 348,539,549) (S 60,121,120) (S 542,120,258) (S 137,258,257) (S 346,257,255) (S 136,255,256) (S 325,256,476) (D 0,0,0)
 0 1 11 166836 4954  10 (D 0,0,0) (S 321,516,497) (S 322,474,87) (S 135,253,254) (S 540,253,128) (S 66,128,130) (S 299,130,490) (S 539,490,643) (S 492,653,138) (D 0,0,0)
 0 1 12 167471 5389  15 (D 0,0,0) (S 509,483,653) (S 494,653,412) (S 318,248,512) (S 132,248,249) (S 133,248,250) (S 469,407,491) (S 301,491,45) (S 131,50,247) (S 525,408,238) (S 524,670,614) (S 423,612,611) (S 427,617,199) (S 107,199,200) (D 0,0,0)
 0 1 13 159134 7885  22 (D 0,0,0) (S 503,659,136) (S 69,136,135) (S 172,309,310) (S 324,309,519) (S 287,476,477) (S 349,478,255) (S 347,257,548) (S 556,550,556) (S 554,554,127) (S 553,127,691) (S 557,691,260) (S 334,534,537) (S 327,525,526) (S 555,534,260) (S 139,260,30) (S 140,261,30) (S 12,30,31) (S 13,31,32) (S 560,693,695) (S 561,695,561) (D 0,0,0)
 0 1 14 159660 6601  19 (D 0,0,0) (S 512,660,482) (S 291,482,135) (S 141,262,263) (S 173,311,312) (S 563,312,314) (S 564,562,314) (S 174,314,313) (S 356,311,263) (S 366,263,561) (S 562,561,262) (S 559,262,518) (S 541,517,652) (S 490,650,651) (S 491,652,492) (S 302,492,232) (S 478,646,413) (S 506,664,657) (D 0,0,0)
 0 1 15 167338 4246  24 (D 0,0,0) (S 292,28,200) (S 497,485,235) (S 124,235,234) (S 125,234,236) (S 513,236,654) (S 493,654,138) (S 68,138,134) (S 288,135,479) (S 508,479,663) (S 119,226,227) (S 481,647,648) (S 480,648,649) (S 483,224,516) (S 6,19,18) (S 247,418,226) (S 505,406,663) (S 507,663,662) (S 510,662,661) (S 504,661,137) (S 502,137,659) (S 501,659,660) (S 511,660,658) (D 0,0,0)
 0 1 16 164207 6675  22 (D 0,0,0) (S 522,615,670) (S 523,670,241) (S 128,241,242) (S 521,241,239) (S 127,239,240) (S 526,239,238) (S 126,238,237) (S 239,237,402) (S 243,402,407) (S 143,266,184) (S 201,350,184) (S 98,184,183) (S 656,183,752) (S 661,752,357) (S 319,513,514) (S 384,582,245) (S 385,245,584) (S 387,584,583) (S 389,523,141) (S 71,141,142) (D 0,0,0)
 0 1 17 167667 6185  11 (D 0,0,0) (S 536,246,584) (S 658,49,514) (S 202,351,352) (S 203,352,353) (S 665,353,755) (S 664,755,94) (S 405,94,595) (S 406,595,572) (S 376,572,523) (D 0,0,0)
 0 1 18 166393 6209  15 (D 0,0,0) (S 377,573,560) (S 380,557,523) (S 407,572,596) (S 5,16,17) (S 430,618,619) (S 4,14,15) (S 431,15,619) (S 433,619,115) (S 58,115,114) (S 194,346,345) (S 397,113,345) (S 395,590,591) (S 398,591,572) (D 0,0,0)
 0 1 19 151336 4075  15 (D 0,0,0) (S 8,23,21) (S 7,21,22) (S 9,21,24) (S 392,24,586) (S 402,586,187) (S 100,187,188) (S 403,187,191) (S 103,191,192) (S 400,593,594) (S 404,594,191) (S 399,586,592) (S 401,592,585) (S 391,585,24) (D 0,0,0)
 0 1 20 163997 4617  11 (D 0,0,0) (S 429,612,615) (S 425,615,614) (S 424,614,409) (S 242,407,247) (S 386,49,582) (S 130,245,246) (S 535,246,677) (S 538,677,678) (S 537,677,611) (D 0,0,0)
 0 1 21 166036 4723  16 (D 0,0,0) (S 67,131,132) (S 303,132,229) (S 121,229,230) (S 122,230,231) (S 320,515,7) (S 11,6,29) (S 2,9,10) (S 489,10,5) (S 488,5,40) (S 16,40,39) (S 120,38,228) (S 443,457,627) (S 444,627,621) (S 435,621,212) (D 0,0,0)
 0 1 22 46970 1004  8 (D 0,0,0) (S 418,605,603) (S 417,603,604) (S 285,464,465) (S 284,463,464) (S 286,466,467) (S 283,461,462) (D 0,0,0)
 0 1 23 128351 2219  10 (D 0,0,0) (S 421,606,607) (S 419,607,198) (S 420,198,608) (S 106,198,197) (S 416,574,193) (S 415,193,601) (S 104,193,194) (S 105,194,196) (D 0,0,0)
 0 1 24 167681 7585  13 (D 0,0,0) (S 663,755,756) (S 662,353,754) (S 703,267,774) (S 721,774,780) (S 707,775,109) (S 219,378,144) (S 72,144,143) (S 76,143,158) (S 698,158,773) (S 56,112,110) (S 701,112,756) (D 0,0,0)
 0 1 25 167918 7280  16 (D 0,0,0) (S 44,93,94) (S 666,354,757) (S 667,757,147) (S 73,147,146) (S 708,146,775) (S 709,775,776) (S 710,776,106) (S 51,106,104) (S 50,104,105) (S 53,104,108) (S 162,108,118) (S 59,118,117) (S 199,116,264) (S 200,181,349) (D 0,0,0)
 0 1 26 167267 7572  11 (D 0,0,0) (S 226,94,111) (S 234,111,397) (S 207,361,362) (S 696,377,773) (S 699,773,204) (S 211,203,369) (S 109,203,162) (S 80,162,146) (S 660,147,349) (D 0,0,0)
 0 1 27 167267 10565  17 (D 0,0,0) (S 751,157,800) (S 749,800,803) (S 744,795,433) (S 748,433,798) (S 257,431,432) (S 739,431,785) (S 731,784,785) (S 258,435,436) (S 755,796,425) (S 217,375,296) (S 759,300,423) (S 149,270,273) (S 145,269,268) (S 723,781,782) (S 722,781,420) (D 0,0,0)
 0 1 28 165325 9562  14 (D 0,0,0) (S 772,444,443) (S 264,443,276) (S 148,276,277) (S 166,277,301) (S 767,301,809) (S 771,809,274) (S 150,274,277) (S 164,297,298) (S 165,297,82) (S 41,82,83) (S 167,82,171) (S 774,171,455) (D 0,0,0)
 0 1 29 165540 10032  14 (D 0,0,0) (S 86,169,168) (S 85,168,164) (S 263,163,442) (S 146,274,275) (S 147,275,166) (S 82,166,165) (S 768,165,440) (S 769,440,424) (S 766,424,809) (S 770,274,442) (S 87,171,170) (S 92,170,173) (D 0,0,0)
 0 1 30 167487 8565  11 (D 0,0,0) (S 705,381,36) (S 724,37,420) (S 152,279,278) (S 727,278,783) (S 730,783,421) (S 728,783,172) (S 15,37,36) (S 88,36,145) (S 230,363,396) (D 0,0,0)
 0 1 31 167939 7447  12 (D 0,0,0) (S 208,364,363) (S 232,365,92) (S 692,395,770) (S 690,368,770) (S 691,770,767) (S 688,768,769) (S 686,768,767) (S 687,767,373) (S 678,762,360) (S 677,360,763) (D 0,0,0)
 0 1 32 166765 7112  13 (D 0,0,0) (S 432,591,115) (S 57,114,113) (S 675,589,762) (S 697,396,377) (S 218,377,110) (S 55,110,111) (S 676,397,762) (S 206,360,359) (S 681,764,359) (S 680,359,763) (S 679,763,595) (D 0,0,0)
 0 1 33 167802 7873  12 (D 0,0,0) (S 216,374,159) (S 221,159,381) (S 702,381,382) (S 222,382,383) (S 704,382,378) (S 220,379,380) (S 706,379,109) (S 54,109,107) (S 52,107,106) (S 720,776,774) (D 0,0,0)
 0 1 34 167991 8032  12 (D 0,0,0) (S 233,363,374) (S 231,372,367) (S 213,371,151) (S 251,153,422) (S 212,154,370) (S 39,78,79) (S 682,79,765) (S 689,765,368) (S 210,368,367) (S 396,364,589) (D 0,0,0)
 0 1 35 164363 8564  10 (D 0,0,0) (S 209,366,365) (S 215,373,160) (S 249,160,420) (S 725,781,441) (S 262,441,152) (S 78,152,160) (S 43,91,90) (S 314,92,507) (D 0,0,0)
 0 1 36 167987 9424  18 (D 0,0,0) (S 229,373,395) (S 151,161,279) (S 747,268,801) (S 734,787,272) (S 171,272,307) (S 169,307,306) (S 223,306,308) (S 93,173,80) (S 40,80,81) (S 90,80,172) (S 89,172,37) (S 316,37,509) (S 77,145,159) (S 79,159,158) (S 110,203,204) (S 700,204,112) (D 0,0,0)
 0 1 37 167816 10435  14 (D 0,0,0) (S 753,156,801) (S 752,801,787) (S 732,787,786) (S 756,804,805) (S 760,375,797) (S 3,12,13) (S 260,12,439) (S 738,12,797) (S 259,437,438) (S 737,437,796) (S 735,794,793) (S 736,790,795) (D 0,0,0)
 0 1 38 167726 9892  12 (D 0,0,0) (S 228,394,390) (S 694,392,771) (S 74,66,148) (S 255,67,428) (S 741,68,428) (S 740,428,799) (S 743,429,798) (S 256,429,430) (S 742,429,799) (S 764,799,427) (D 0,0,0)
 0 1 39 166316 9207  13 (D 0,0,0) (S 683,389,79) (S 685,765,766) (S 684,766,470) (S 312,469,468) (S 695,771,772) (S 254,65,427) (S 765,427,808) (S 763,808,150) (S 45,95,96) (S 75,149,157) (S 225,384,78) (D 0,0,0)
 0 1 40 166141 9302  11 (D 0,0,0) (S 726,441,279) (S 757,273,805) (S 758,805,806) (S 252,423,271) (S 266,270,444) (S 773,444,306) (S 729,307,421) (S 250,421,308) (S 170,308,173) (D 0,0,0)
 0 1 41 166282 9484  13 (D 0,0,0) (S 227,393,387) (S 224,387,388) (S 693,771,155) (S 762,149,807) (S 761,807,802) (S 746,802,803) (S 754,803,788) (S 733,788,786) (S 750,786,800) (S 745,800,801) (S 214,152,372) (D 0,0,0)
 0 1 42 166880 10238  12 (D 0,0,0) (S 265,170,443) (S 163,277,297) (S 253,424,167) (S 84,167,165) (S 261,440,275) (S 83,166,163) (S 81,163,164) (S 394,164,588) (S 393,587,169) (S 91,169,171) (D 0,0,0)
 0 1 43 166794 6047  25 (D 0,0,0) (S 381,23,573) (S 363,560,559) (S 362,559,557) (S 360,557,139) (S 410,142,190) (S 101,190,189) (S 390,141,189) (S 388,189,581) (S 413,580,176) (S 94,175,176) (S 412,599,176) (S 411,597,598) (S 414,597,600) (S 382,578,579) (S 383,578,581) (S 99,185,186) (S 408,186,594) (S 409,594,190) (S 102,190,140) (S 70,140,139) (S 364,524,558) (S 361,558,27) (S 10,25,26) (D 0,0,0)
 0 1 44 167855 7758  12 (D 0,0,0) (S 359,521,556) (S 365,556,323) (S 336,323,538) (S 332,533,340) (S 184,329,330) (S 633,330,729) (S 631,732,504) (S 311,504,503) (S 329,528,529) (S 638,532,338) (D 0,0,0)
 0 1 45 166223 9347  14 (D 0,0,0) (S 25,60,61) (S 627,48,742) (S 629,742,730) (S 615,730,731) (S 626,740,741) (S 625,731,739) (S 651,743,739) (S 650,739,713) (S 585,713,707) (S 616,707,728) (S 613,728,511) (S 620,737,736) (D 0,0,0)
 0 1 46 166063 8392  11 (D 0,0,0) (S 19,48,44) (S 28,44,57) (S 27,58,52) (S 183,327,328) (S 373,327,52) (S 23,58,57) (S 584,57,712) (S 589,712,718) (S 180,324,323) (D 0,0,0)
 0 1 47 167121 6666  13 (D 0,0,0) (S 20,49,50) (S 652,749,750) (S 654,750,343) (S 653,343,547) (S 343,547,333) (S 186,333,334) (S 342,333,546) (S 193,46,344) (S 134,252,129) (S 300,251,130) (S 298,490,86) (D 0,0,0)
 0 1 48 167964 8403  15 (D 0,0,0) (S 345,506,544) (S 645,102,746) (S 48,102,101) (S 714,101,777) (S 711,777,295) (S 159,295,289) (S 717,289,779) (S 713,778,502) (S 310,502,503) (S 648,528,747) (S 309,499,501) (S 189,340,339) (S 31,60,55) (D 0,0,0)
 0 1 49 165878 9102  14 (D 0,0,0) (S 642,339,744) (S 637,744,336) (S 647,97,529) (S 632,504,291) (S 158,291,293) (S 775,293,445) (S 267,445,446) (S 776,445,508) (S 315,454,303) (S 38,69,77) (S 278,77,288) (S 339,287,506) (D 0,0,0)
 0 1 50 167353 8499  13 (D 0,0,0) (S 778,287,456) (S 779,69,811) (S 777,810,811) (S 32,69,70) (S 276,304,455) (S 275,453,452) (S 274,452,302) (S 168,302,303) (S 37,70,76) (S 35,75,74) (S 36,74,72) (D 0,0,0)
 0 1 51 166311 8855  14 (D 0,0,0) (S 156,291,280) (S 268,280,447) (S 154,286,174) (S 586,286,713) (S 624,739,285) (S 153,285,284) (S 157,284,281) (S 630,281,743) (S 628,743,730) (S 617,730,732) (S 185,332,331) (S 641,745,60) (D 0,0,0)
 0 1 52 167598 7729  19 (D 0,0,0) (S 293,200,485) (S 289,134,483) (S 61,122,123) (S 62,123,124) (S 604,124,724) (S 607,724,727) (S 609,727,326) (S 608,326,723) (S 600,723,698) (S 602,698,719) (S 601,719,324) (S 603,324,718) (S 591,718,538) (S 335,538,61) (S 640,533,745) (S 639,745,546) (S 191,51,342) (D 0,0,0)
 0 1 53 165152 6758  13 (D 0,0,0) (S 96,183,182) (S 97,179,177) (S 95,177,181) (S 142,265,264) (S 144,264,267) (S 160,267,118) (S 155,108,283) (S 161,282,287) (S 198,283,348) (S 196,348,347) (S 195,347,180) (D 0,0,0)
 0 1 54 167596 8430  14 (D 0,0,0) (S 197,182,180) (S 49,103,101) (S 715,777,779) (S 716,779,778) (S 330,502,527) (S 328,527,293) (S 271,449,451) (S 270,448,76) (S 34,73,72) (S 33,72,71) (S 190,294,341) (S 313,506,347) (D 0,0,0)
 0 1 55 165296 7445  12 (D 0,0,0) (S 340,542,543) (S 341,541,544) (S 646,341,100) (S 46,98,99) (S 47,99,84) (S 643,335,545) (S 344,545,547) (S 192,343,54) (S 544,64,679) (S 26,62,53) (D 0,0,0)
 0 1 56 162307 6918  14 (D 0,0,0) (S 205,357,358) (S 655,752,751) (S 674,751,355) (S 673,355,761) (S 204,355,356) (S 672,356,753) (S 670,754,758) (S 669,758,759) (S 668,758,351) (S 671,760,178) (S 659,753,751) (S 657,357,514) (D 0,0,0)
 0 1 57 165965 8155  13 (D 0,0,0) (S 187,336,335) (S 42,85,84) (S 712,97,746) (S 649,746,748) (S 719,747,778) (S 718,778,292) (S 272,450,449) (S 269,449,448) (S 273,451,75) (S 780,69,456) (S 277,456,77) (D 0,0,0)
 0 1 58 167154 9029  12 (D 0,0,0) (S 426,199,616) (S 18,43,44) (S 583,57,708) (S 579,708,707) (S 618,728,735) (S 622,737,738) (S 619,735,734) (S 623,733,736) (S 621,736,58) (S 24,48,59) (D 0,0,0)
 0 1 59 166457 7623  12 (D 0,0,0) (S 636,547,336) (S 188,338,337) (S 644,337,531) (S 614,500,729) (S 634,330,332) (S 635,332,59) (S 30,59,61) (S 333,535,530) (S 281,126,459) (S 355,554,317) (D 0,0,0)
 0 1 60 166308 8454  26 (D 0,0,0) (S 370,564,565) (S 550,565,691) (S 552,691,536) (S 331,124,530) (S 574,530,698) (S 570,698,699) (S 593,704,721) (S 595,721,720) (S 594,720,699) (S 573,699,704) (S 572,702,703) (S 575,702,700) (S 571,700,701) (S 577,700,705) (S 580,705,709) (S 581,709,710) (S 605,714,725) (S 606,725,726) (S 610,725,723) (S 63,125,123) (S 64,123,126) (S 65,126,127) (S 567,318,564) (S 368,564,553) (D 0,0,0)
 0 1 61 166278 7894  17 (D 0,0,0) (S 326,519,520) (S 369,555,562) (S 367,562,563) (S 546,563,684) (S 138,32,259) (S 545,259,683) (S 551,685,692) (S 14,33,34) (S 547,35,685) (S 548,686,687) (S 549,688,690) (S 558,682,693) (S 565,695,312) (S 357,311,313) (S 351,313,520) (D 0,0,0)
