443235
61
1807609
1755344
 0 1 1 157853 1840  10 (D 0,0,0) (S 378,576,575) (S 379,575,195) (S 441,577,609) (S 442,609,620) (S 434,620,213) (S 436,213,622) (S 452,622,607) (S 421,607,606) (D 0,0,0)
 0 1 2 160844 3949  12 (D 0,0,0) (S 422,606,610) (S 447,626,215) (S 460,632,631) (S 459,631,216) (S 461,216,633) (S 115,216,217) (S 458,217,221) (S 117,221,220) (S 462,220,632) (S 445,419,208) (D 0,0,0)
 0 1 3 166658 6674  17 (D 0,0,0) (S 500,658,657) (S 499,657,414) (S 479,646,232) (S 324,309,519) (S 325,476,256) (S 136,256,255) (S 346,255,257) (S 137,257,258) (S 542,258,120) (S 60,120,121) (S 348,549,539) (S 338,540,539) (S 337,539,55) (S 26,62,53) (S 191,51,342) (D 0,0,0)
 0 1 4 167173 5335  26 (D 0,0,0) (S 439,626,625) (S 455,625,630) (S 450,629,630) (S 454,630,214) (S 451,214,628) (S 453,628,209) (S 246,415,223) (S 118,223,222) (S 474,634,489) (S 470,496,640) (S 471,640,641) (S 473,642,638) (S 472,638,639) (S 467,638,637) (S 466,636,635) (S 468,635,4) (S 306,4,496) (S 297,489,487) (S 295,486,38) (S 307,38,488) (S 296,488,132) (S 67,132,131) (S 444,627,621) (S 435,621,212) (D 0,0,0)
 0 1 5 167367 4708  19 (D 0,0,0) (S 438,212,625) (S 114,214,215) (S 457,631,221) (S 116,217,218) (S 465,2,218) (S 175,315,316) (S 463,315,498) (S 308,498,495) (S 305,495,4) (S 1,4,3) (S 464,2,634) (S 475,634,222) (S 476,222,416) (S 456,415,209) (S 279,209,457) (S 443,457,627) (S 113,211,212) (D 0,0,0)
 0 1 6 149394 4402  21 (D 0,0,0) (S 419,607,198) (S 501,660,659) (S 502,659,137) (S 504,137,661) (S 510,661,662) (S 507,662,663) (S 505,663,406) (S 119,226,227) (S 247,226,418) (S 133,250,248) (S 318,248,512) (S 132,248,249) (S 494,412,653) (S 492,653,138) (S 493,138,654) (S 513,654,236) (S 517,236,484) (S 294,484,485) (S 293,485,200) (D 0,0,0)
 0 1 7 167955 5686  22 (D 0,0,0) (S 292,28,200) (S 528,667,672) (S 527,672,671) (S 534,671,675) (S 533,676,675) (S 532,675,673) (S 529,673,672) (S 530,674,673) (S 531,673,669) (S 516,668,669) (S 518,669,667) (S 515,667,243) (S 129,243,244) (S 520,243,666) (S 514,666,612) (S 519,612,654) (S 125,236,234) (S 124,234,235) (S 498,480,656) (S 108,202,201) (D 0,0,0)
 0 1 8 167355 4984  16 (D 0,0,0) (S 107,200,199) (S 522,615,670) (S 521,241,239) (S 526,239,238) (S 126,238,237) (S 239,237,402) (S 469,407,491) (S 301,491,45) (S 131,50,247) (S 242,247,407) (S 424,409,614) (S 496,617,655) (S 495,655,235) (S 497,235,485) (D 0,0,0)
 0 1 9 165651 7093  14 (D 0,0,0) (S 426,199,616) (S 671,178,760) (S 202,351,352) (S 203,352,353) (S 666,354,757) (S 669,758,759) (S 670,758,754) (S 662,754,353) (S 665,353,755) (S 664,755,94) (S 44,93,94) (S 405,94,595) (D 0,0,0)
 0 1 10 167642 7075  17 (D 0,0,0) (S 363,560,559) (S 362,559,557) (S 380,557,523) (S 396,589,364) (S 208,364,363) (S 233,363,374) (S 216,374,159) (S 76,158,143) (S 72,143,144) (S 80,162,146) (S 667,147,757) (S 668,758,351) (S 661,752,357) (S 68,138,134) (S 290,134,484) (D 0,0,0)
 0 1 11 167722 6659  15 (D 0,0,0) (S 524,614,670) (S 523,670,241) (S 128,241,242) (S 127,239,240) (S 525,238,408) (S 20,49,50) (S 98,184,183) (S 656,183,752) (S 655,751,752) (S 205,357,358) (S 657,357,514) (S 319,513,514) (S 658,514,49) (D 0,0,0)
 0 1 12 157289 4888  19 (D 0,0,0) (S 428,617,613) (S 535,677,246) (S 130,246,245) (S 385,245,584) (S 387,584,583) (S 389,523,141) (S 390,141,189) (S 71,141,142) (S 410,142,190) (S 409,190,594) (S 404,594,191) (S 103,191,192) (S 403,191,187) (S 100,187,188) (S 399,586,592) (S 401,592,585) (S 391,585,24) (D 0,0,0)
 0 1 13 167567 5872  20 (D 0,0,0) (S 9,21,24) (S 392,24,586) (S 402,586,187) (S 400,593,594) (S 408,594,186) (S 99,186,185) (S 412,599,176) (S 94,175,176) (S 413,176,580) (S 414,597,600) (S 411,597,598) (S 382,578,579) (S 383,578,581) (S 388,581,189) (S 101,189,190) (S 102,190,140) (S 70,140,139) (S 360,139,557) (D 0,0,0)
 0 1 14 163486 6987  14 (D 0,0,0) (S 10,25,26) (S 361,27,558) (S 364,558,524) (S 663,755,756) (S 701,756,112) (S 56,112,110) (S 218,110,377) (S 696,377,773) (S 699,773,204) (S 700,204,112) (S 55,110,111) (S 226,111,94) (D 0,0,0)
 0 1 15 162232 6982  17 (D 0,0,0) (S 381,23,573) (S 377,573,560) (S 376,523,572) (S 406,572,595) (S 679,595,763) (S 206,360,359) (S 681,764,359) (S 680,359,763) (S 677,763,360) (S 678,360,762) (S 676,762,397) (S 207,361,362) (S 675,762,589) (S 395,590,591) (S 398,591,572) (D 0,0,0)
 0 1 16 126750 2488  8 (D 0,0,0) (S 7,21,22) (S 8,21,23) (S 416,574,193) (S 415,193,601) (S 104,193,194) (S 105,194,196) (D 0,0,0)
 0 1 17 167570 4038  13 (D 0,0,0) (S 106,197,198) (S 420,198,608) (S 506,657,664) (S 478,413,646) (S 477,646,647) (S 481,647,648) (S 480,648,649) (S 482,647,405) (S 244,410,411) (S 245,413,414) (S 449,627,211) (D 0,0,0)
 0 1 18 46970 1004  8 (D 0,0,0) (S 286,466,467) (S 285,464,465) (S 284,463,464) (S 283,461,462) (S 418,605,603) (S 417,603,604) (D 0,0,0)
 0 1 19 168000 8061  18 (D 0,0,0) (S 437,624,623) (S 512,660,482) (S 562,262,561) (S 560,695,693) (S 548,686,687) (S 549,688,690) (S 547,685,35) (S 14,33,34) (S 551,685,692) (S 545,683,259) (S 138,259,32) (S 546,684,563) (S 367,563,562) (S 564,562,314) (S 565,312,695) (S 561,695,561) (D 0,0,0)
 0 1 20 166815 8601  13 (D 0,0,0) (S 353,522,551) (S 352,459,505) (S 603,324,718) (S 23,57,58) (S 27,58,52) (S 373,52,327) (S 183,327,328) (S 623,733,736) (S 620,736,737) (S 621,736,58) (S 19,44,48) (D 0,0,0)
 0 1 21 167470 7613  14 (D 0,0,0) (S 423,611,612) (S 429,612,615) (S 73,147,146) (S 708,146,775) (S 709,775,776) (S 707,775,109) (S 706,109,379) (S 220,379,380) (S 219,378,144) (S 109,162,203) (S 211,203,369) (S 110,203,204) (D 0,0,0)
 0 1 22 167190 8288  25 (D 0,0,0) (S 289,134,483) (S 350,551,552) (S 358,551,317) (S 65,127,126) (S 64,126,123) (S 61,122,123) (S 63,125,123) (S 62,123,124) (S 331,124,530) (S 333,530,535) (S 597,535,719) (S 600,698,723) (S 608,723,326) (S 607,727,724) (S 604,724,124) (S 327,525,526) (S 552,536,691) (S 550,691,565) (S 369,562,555) (S 357,313,311) (S 356,311,263) (S 141,263,262) (S 559,262,518) (D 0,0,0)
 0 1 23 147593 3577  13 (D 0,0,0) (S 448,211,628) (S 111,207,208) (S 248,419,403) (S 240,403,401) (S 241,400,404) (S 237,400,399) (S 236,399,205) (S 235,206,398) (S 238,398,401) (S 112,208,210) (S 446,208,215) (D 0,0,0)
 0 1 24 166181 9951  13 (D 0,0,0) (S 579,708,707) (S 613,728,511) (S 619,735,734) (S 372,566,510) (S 317,510,47) (S 17,41,42) (S 22,42,56) (S 280,458,42) (S 21,47,52) (S 374,52,569) (S 590,569,712) (D 0,0,0)
 0 1 25 165571 7050  9 (D 0,0,0) (S 641,60,745) (S 189,339,340) (S 332,340,533) (S 640,533,745) (S 639,745,546) (S 544,64,679) (S 543,679,680) (D 0,0,0)
 0 1 26 167956 9939  15 (D 0,0,0) (S 427,199,617) (S 87,170,171) (S 167,171,82) (S 41,82,83) (S 165,82,297) (S 164,297,298) (S 771,274,809) (S 769,424,440) (S 768,440,165) (S 82,165,166) (S 147,166,275) (S 146,275,274) (S 770,274,442) (D 0,0,0)
 0 1 27 167519 8563  29 (D 0,0,0) (S 511,658,660) (S 503,659,136) (S 69,136,135) (S 288,135,479) (S 172,309,310) (S 326,519,520) (S 351,520,313) (S 174,313,314) (S 563,314,312) (S 173,312,311) (S 366,263,561) (S 558,693,682) (S 13,32,31) (S 12,31,30) (S 140,261,30) (S 139,30,260) (S 555,260,534) (S 334,534,537) (S 557,260,691) (S 553,691,127) (S 176,318,317) (S 556,550,556) (S 554,554,127) (S 566,127,318) (S 567,318,564) (S 368,564,553) (S 287,477,476) (D 0,0,0)
 0 1 28 167849 8562  20 (D 0,0,0) (S 370,564,565) (S 182,325,326) (S 610,723,725) (S 606,725,726) (S 605,725,714) (S 587,714,715) (S 611,715,706) (S 612,706,722) (S 596,722,568) (S 375,568,570) (S 578,570,706) (S 576,706,705) (S 571,700,701) (S 573,704,699) (S 570,699,698) (S 601,719,324) (S 180,324,323) (S 365,323,556) (D 0,0,0)
 0 1 29 163605 7952  10 (D 0,0,0) (S 336,323,538) (S 591,538,718) (S 589,718,712) (S 583,708,57) (S 28,57,44) (S 18,43,44) (S 335,61,538) (S 359,556,521) (D 0,0,0)
 0 1 30 167036 9218  26 (D 0,0,0) (S 355,317,554) (S 354,554,459) (S 281,459,126) (S 609,727,326) (S 594,699,720) (S 593,721,704) (S 572,702,703) (S 575,702,700) (S 577,700,705) (S 581,709,710) (S 580,709,705) (S 582,705,711) (S 598,717,722) (S 371,568,319) (S 177,319,320) (S 178,319,321) (S 282,460,321) (S 179,321,322) (S 588,322,716) (S 599,716,721) (S 595,721,720) (S 592,720,719) (S 602,719,698) (S 574,698,530) (D 0,0,0)
 0 1 31 167642 7373  12 (D 0,0,0) (S 31,55,60) (S 25,60,61) (S 30,61,59) (S 635,59,332) (S 634,332,330) (S 184,330,329) (S 638,532,338) (S 637,744,336) (S 643,335,545) (S 192,343,54) (D 0,0,0)
 0 1 32 165249 8377  13 (D 0,0,0) (S 96,183,182) (S 339,506,287) (S 778,287,456) (S 777,810,811) (S 779,811,69) (S 32,69,70) (S 168,303,302) (S 274,302,452) (S 315,454,303) (S 38,69,77) (S 278,77,288) (D 0,0,0)
 0 1 33 166591 8968  13 (D 0,0,0) (S 156,291,280) (S 268,280,447) (S 157,281,284) (S 154,286,174) (S 586,286,713) (S 585,713,707) (S 616,707,728) (S 618,728,735) (S 622,738,737) (S 584,57,712) (S 181,322,324) (D 0,0,0)
 0 1 34 166908 5075  12 (D 0,0,0) (S 509,483,653) (S 539,643,490) (S 299,490,130) (S 66,130,128) (S 540,128,253) (S 135,253,254) (S 322,87,474) (S 321,497,516) (S 508,479,663) (S 291,135,482) (D 0,0,0)
 0 1 35 163927 5165  12 (D 0,0,0) (S 6,18,19) (S 483,516,224) (S 541,517,652) (S 490,650,651) (S 491,652,492) (S 302,492,232) (S 123,232,233) (S 487,494,645) (S 485,645,131) (S 486,133,228) (D 0,0,0)
 0 1 36 164696 4659  14 (D 0,0,0) (S 484,414,228) (S 303,132,229) (S 121,229,230) (S 122,230,231) (S 320,515,7) (S 11,6,29) (S 2,9,10) (S 489,10,5) (S 488,5,40) (S 16,40,39) (S 120,38,228) (S 440,417,457) (D 0,0,0)
 0 1 37 162487 6715  14 (D 0,0,0) (S 323,88,119) (S 569,696,697) (S 568,697,53) (S 29,62,63) (S 652,749,750) (S 654,750,343) (S 653,343,547) (S 343,547,333) (S 186,333,334) (S 342,333,546) (S 347,548,257) (S 349,255,478) (D 0,0,0)
 0 1 38 164582 6243  14 (D 0,0,0) (S 304,493,232) (S 298,86,490) (S 300,130,251) (S 134,252,129) (S 143,266,184) (S 201,350,184) (S 193,46,344) (S 386,49,582) (S 384,582,245) (S 536,584,246) (S 538,677,678) (S 537,677,611) (D 0,0,0)
 0 1 39 162468 8352  13 (D 0,0,0) (S 215,373,160) (S 249,160,420) (S 724,420,37) (S 316,37,509) (S 15,37,36) (S 88,36,145) (S 77,145,159) (S 221,159,381) (S 702,381,382) (S 222,382,383) (S 704,382,378) (D 0,0,0)
 0 1 40 164516 7690  12 (D 0,0,0) (S 144,264,267) (S 160,267,118) (S 53,108,104) (S 710,106,776) (S 720,776,774) (S 54,109,107) (S 52,107,106) (S 51,106,104) (S 50,104,105) (S 162,108,118) (D 0,0,0)
 0 1 41 167700 7994  14 (D 0,0,0) (S 198,348,283) (S 36,72,74) (S 35,74,75) (S 273,75,451) (S 271,451,449) (S 718,292,778) (S 713,502,778) (S 715,779,777) (S 48,101,102) (S 646,100,341) (S 345,544,506) (S 313,506,347) (D 0,0,0)
 0 1 42 167238 9169  14 (D 0,0,0) (S 196,347,348) (S 775,293,445) (S 267,445,446) (S 776,445,508) (S 91,171,169) (S 774,171,455) (S 276,455,304) (S 780,69,456) (S 155,283,108) (S 59,118,117) (S 199,116,264) (S 659,753,751) (D 0,0,0)
 0 1 43 164600 9120  15 (D 0,0,0) (S 617,732,730) (S 628,730,743) (S 651,743,739) (S 650,739,713) (S 630,743,281) (S 153,284,285) (S 624,285,739) (S 625,739,731) (S 626,740,741) (S 615,731,730) (S 629,730,742) (S 627,742,48) (S 24,48,59) (D 0,0,0)
 0 1 44 165997 8358  15 (D 0,0,0) (S 425,615,614) (S 190,341,294) (S 49,103,101) (S 714,101,777) (S 711,777,295) (S 159,295,289) (S 272,450,449) (S 269,449,448) (S 270,448,76) (S 37,76,70) (S 277,456,77) (S 161,287,282) (S 197,180,182) (D 0,0,0)
 0 1 45 166700 8292  11 (D 0,0,0) (S 195,180,347) (S 33,71,72) (S 34,73,72) (S 717,289,779) (S 716,779,778) (S 719,778,747) (S 329,528,529) (S 647,529,97) (S 46,98,99) (D 0,0,0)
 0 1 46 167827 8274  14 (D 0,0,0) (S 645,102,746) (S 649,746,748) (S 310,503,502) (S 330,502,527) (S 328,527,293) (S 158,293,291) (S 632,291,504) (S 311,504,503) (S 648,528,747) (S 712,746,97) (S 187,335,336) (S 636,336,547) (D 0,0,0)
 0 1 47 166297 8746  15 (D 0,0,0) (S 642,339,744) (S 188,337,338) (S 185,331,332) (S 633,330,729) (S 631,504,732) (S 614,729,500) (S 309,499,501) (S 644,531,337) (S 42,85,84) (S 47,84,99) (S 341,544,541) (S 340,542,543) (S 344,545,547) (D 0,0,0)
 0 1 48 165882 7216  14 (D 0,0,0) (S 243,402,407) (S 674,751,355) (S 673,355,761) (S 204,355,356) (S 672,356,753) (S 142,265,264) (S 703,267,774) (S 721,774,780) (S 660,147,349) (S 200,349,181) (S 95,181,177) (S 97,177,179) (D 0,0,0)
 0 1 49 167900 6447  13 (D 0,0,0) (S 407,572,596) (S 5,16,17) (S 430,618,619) (S 4,14,15) (S 431,15,619) (S 433,619,115) (S 57,114,113) (S 397,113,345) (S 194,345,346) (S 58,114,115) (S 432,115,591) (D 0,0,0)
 0 1 50 165444 7929  14 (D 0,0,0) (S 234,111,397) (S 230,396,363) (S 232,365,92) (S 43,90,91) (S 214,152,372) (S 231,372,367) (S 210,367,368) (S 690,368,770) (S 691,770,767) (S 688,768,769) (S 686,768,767) (S 687,767,373) (D 0,0,0)
 0 1 51 164904 8974  13 (D 0,0,0) (S 229,373,395) (S 692,395,770) (S 689,368,765) (S 685,765,766) (S 684,766,470) (S 312,469,468) (S 224,387,388) (S 227,393,387) (S 39,78,79) (S 314,92,507) (S 209,365,366) (D 0,0,0)
 0 1 52 166552 9002  12 (D 0,0,0) (S 697,396,377) (S 705,381,36) (S 89,37,172) (S 728,172,783) (S 730,783,421) (S 729,421,307) (S 171,272,307) (S 250,421,308) (S 223,306,308) (S 170,308,173) (D 0,0,0)
 0 1 53 167990 10167  13 (D 0,0,0) (S 252,271,423) (S 759,423,300) (S 767,301,809) (S 766,809,424) (S 253,424,167) (S 84,167,165) (S 261,440,275) (S 83,166,163) (S 81,163,164) (S 394,164,588) (S 275,453,452) (D 0,0,0)
 0 1 54 166070 9996  14 (D 0,0,0) (S 393,169,587) (S 86,169,168) (S 85,168,164) (S 263,163,442) (S 150,274,277) (S 148,277,276) (S 264,276,443) (S 265,443,170) (S 92,170,173) (S 93,173,80) (S 40,80,81) (S 90,80,172) (D 0,0,0)
 0 1 55 166115 9027  14 (D 0,0,0) (S 722,420,781) (S 145,268,269) (S 734,272,787) (S 732,787,786) (S 733,786,788) (S 754,788,803) (S 746,803,802) (S 761,802,807) (S 762,807,149) (S 75,149,157) (S 694,771,392) (S 228,390,394) (D 0,0,0)
 0 1 56 166102 9440  12 (D 0,0,0) (S 212,370,154) (S 751,157,800) (S 750,800,786) (S 756,804,805) (S 757,805,273) (S 149,273,270) (S 266,270,444) (S 772,444,443) (S 773,444,306) (S 169,306,307) (D 0,0,0)
 0 1 57 166163 10551  12 (D 0,0,0) (S 163,297,277) (S 166,277,301) (S 217,296,375) (S 760,375,797) (S 3,12,13) (S 260,12,439) (S 738,12,797) (S 758,806,805) (S 752,787,801) (S 753,801,156) (D 0,0,0)
 0 1 58 166186 10216  13 (D 0,0,0) (S 736,795,790) (S 735,793,794) (S 755,425,796) (S 259,437,438) (S 737,437,796) (S 258,435,436) (S 731,784,785) (S 739,785,431) (S 257,431,432) (S 742,429,799) (S 764,799,427) (D 0,0,0)
 0 1 59 165667 9983  14 (D 0,0,0) (S 74,66,148) (S 255,67,428) (S 741,68,428) (S 740,428,799) (S 256,429,430) (S 743,429,798) (S 748,798,433) (S 744,433,795) (S 749,803,800) (S 745,800,801) (S 747,801,268) (S 727,278,783) (D 0,0,0)
 0 1 60 167827 9353  12 (D 0,0,0) (S 683,389,79) (S 682,765,79) (S 225,78,384) (S 695,771,772) (S 693,771,155) (S 254,65,427) (S 765,427,808) (S 763,808,150) (S 45,95,96) (S 251,153,422) (D 0,0,0)
 0 1 61 167785 8325  12 (D 0,0,0) (S 698,773,158) (S 79,158,159) (S 78,160,152) (S 262,152,441) (S 723,781,782) (S 725,781,441) (S 726,441,279) (S 152,279,278) (S 151,279,161) (S 213,151,371) (D 0,0,0)
