444500
61
1807890
1801952
 0 1 1 167942 8933  21 (D 0,0,0) (S 180,323,324) (S 181,324,322) (S 179,322,321) (S 282,460,321) (S 178,321,319) (S 177,319,320) (S 371,319,568) (S 596,568,722) (S 612,722,706) (S 578,706,570) (S 375,570,568) (S 598,722,717) (S 599,716,721) (S 593,721,704) (S 573,704,699) (S 63,125,123) (S 566,127,318) (S 567,318,564) (S 368,564,553) (D 0,0,0)
 0 1 2 167709 7822  15 (D 0,0,0) (S 395,591,590) (S 675,589,762) (S 676,762,397) (S 697,396,377) (S 696,377,773) (S 698,773,158) (S 77,159,145) (S 43,91,90) (S 207,361,362) (S 678,762,360) (S 206,360,359) (S 681,764,359) (S 680,359,763) (D 0,0,0)
 0 1 3 167043 6962  15 (D 0,0,0) (S 191,51,342) (S 29,62,63) (S 652,749,750) (S 654,750,343) (S 186,333,334) (S 337,55,539) (S 338,540,539) (S 348,539,549) (S 60,121,120) (S 542,120,258) (S 137,258,257) (S 349,255,478) (S 291,135,482) (D 0,0,0)
 0 1 4 161461 9619  16 (D 0,0,0) (S 290,484,134) (S 68,134,138) (S 775,293,445) (S 267,445,446) (S 776,445,508) (S 772,443,444) (S 773,444,306) (S 729,421,307) (S 169,307,306) (S 223,306,308) (S 170,308,173) (S 168,302,303) (S 656,183,752) (S 239,402,237) (D 0,0,0)
 0 1 5 154900 2796  10 (D 0,0,0) (S 8,23,21) (S 7,21,22) (S 9,21,24) (S 391,24,585) (S 416,574,193) (S 415,193,601) (S 104,193,194) (S 105,194,196) (D 0,0,0)
 0 1 6 166491 10511  15 (D 0,0,0) (S 227,393,387) (S 224,387,388) (S 751,157,800) (S 749,800,803) (S 748,433,798) (S 739,431,785) (S 731,784,785) (S 259,437,438) (S 737,437,796) (S 756,804,805) (S 145,269,268) (S 727,278,783) (S 728,783,172) (D 0,0,0)
 0 1 7 167833 9500  13 (D 0,0,0) (S 683,389,79) (S 225,78,384) (S 74,66,148) (S 741,68,428) (S 740,428,799) (S 764,799,427) (S 765,427,808) (S 254,427,65) (S 45,95,96) (S 75,149,157) (S 231,367,372) (D 0,0,0)
 0 1 8 167474 9144  9 (D 0,0,0) (S 694,392,771) (S 693,771,155) (S 255,67,428) (S 742,799,429) (S 743,429,798) (S 761,802,807) (S 762,807,149) (D 0,0,0)
 0 1 9 165061 8467  11 (D 0,0,0) (S 209,366,365) (S 687,373,767) (S 686,767,768) (S 688,768,769) (S 691,767,770) (S 692,770,395) (S 210,367,368) (S 314,92,507) (S 233,374,363) (D 0,0,0)
 0 1 10 167399 9386  11 (D 0,0,0) (S 19,48,44) (S 622,737,738) (S 618,735,728) (S 613,728,511) (S 616,728,707) (S 585,707,713) (S 624,739,285) (S 269,449,448) (S 270,448,76) (D 0,0,0)
 0 1 11 167506 9513  16 (D 0,0,0) (S 682,79,765) (S 312,469,468) (S 695,771,772) (S 750,800,786) (S 732,786,787) (S 734,787,272) (S 752,787,801) (S 747,801,268) (S 152,278,279) (S 725,441,781) (S 723,781,782) (S 722,781,420) (S 249,420,160) (S 215,160,373) (D 0,0,0)
 0 1 12 167362 6106  21 (D 0,0,0) (S 361,27,558) (S 364,558,524) (S 360,557,139) (S 70,139,140) (S 102,140,190) (S 101,190,189) (S 390,141,189) (S 388,189,581) (S 383,581,578) (S 382,578,579) (S 413,580,176) (S 94,175,176) (S 412,599,176) (S 411,597,598) (S 414,597,600) (S 99,185,186) (S 408,186,594) (S 400,593,594) (S 392,586,24) (D 0,0,0)
 0 1 13 160868 3955  15 (D 0,0,0) (S 448,211,628) (S 456,209,415) (S 246,415,223) (S 118,223,222) (S 475,222,634) (S 474,634,489) (S 295,486,38) (S 307,38,488) (S 296,488,132) (S 67,132,131) (S 486,133,228) (S 449,627,211) (S 113,211,212) (D 0,0,0)
 0 1 14 167998 6938  12 (D 0,0,0) (S 377,573,560) (S 380,557,523) (S 226,94,111) (S 55,111,110) (S 56,110,112) (S 700,112,204) (S 211,203,369) (S 109,203,162) (S 80,162,146) (S 660,147,349) (D 0,0,0)
 0 1 15 167043 9141  17 (D 0,0,0) (S 707,775,109) (S 90,172,80) (S 40,80,81) (S 93,80,173) (S 250,308,421) (S 730,421,783) (S 89,172,37) (S 222,382,383) (S 110,203,204) (S 699,204,773) (S 677,360,763) (S 679,763,595) (S 362,557,559) (S 363,559,560) (S 381,573,23) (D 0,0,0)
 0 1 16 167533 7331  12 (D 0,0,0) (S 192,54,343) (S 653,343,547) (S 637,336,744) (S 188,338,337) (S 644,337,531) (S 184,329,330) (S 638,532,338) (S 636,336,547) (S 343,547,333) (S 342,333,546) (D 0,0,0)
 0 1 17 46970 1004  8 (D 0,0,0) (S 285,464,465) (S 284,463,464) (S 286,466,467) (S 283,461,462) (S 418,605,603) (S 417,603,604) (D 0,0,0)
 0 1 18 167900 6447  13 (D 0,0,0) (S 407,572,596) (S 5,16,17) (S 430,618,619) (S 431,619,15) (S 4,14,15) (S 433,619,115) (S 58,115,114) (S 57,114,113) (S 397,113,345) (S 194,345,346) (S 432,115,591) (D 0,0,0)
 0 1 19 165623 6531  13 (D 0,0,0) (S 242,407,247) (S 20,49,50) (S 98,184,183) (S 96,183,182) (S 97,179,177) (S 95,177,181) (S 142,265,264) (S 144,264,267) (S 59,118,117) (S 196,348,347) (S 195,347,180) (D 0,0,0)
 0 1 20 166441 7074  9 (D 0,0,0) (S 639,546,745) (S 640,745,533) (S 332,533,340) (S 185,331,332) (S 635,332,59) (S 30,59,61) (S 31,60,55) (D 0,0,0)
 0 1 21 166914 10462  17 (D 0,0,0) (S 228,394,390) (S 763,150,808) (S 744,795,433) (S 256,429,430) (S 257,431,432) (S 258,435,436) (S 755,796,425) (S 735,794,793) (S 733,788,786) (S 754,788,803) (S 753,801,156) (S 78,152,160) (S 79,159,158) (S 76,158,143) (S 234,397,111) (D 0,0,0)
 0 1 22 166966 7197  15 (D 0,0,0) (S 406,572,595) (S 663,755,756) (S 666,354,757) (S 73,146,147) (S 667,147,757) (S 670,754,758) (S 669,758,759) (S 662,754,353) (S 665,353,755) (S 664,755,94) (S 44,93,94) (S 405,94,595) (S 10,25,26) (D 0,0,0)
 0 1 23 165239 4944  19 (D 0,0,0) (S 438,212,625) (S 455,625,630) (S 450,629,630) (S 454,630,214) (S 453,628,209) (S 484,414,228) (S 121,229,230) (S 122,230,231) (S 320,515,7) (S 11,6,29) (S 2,9,10) (S 489,10,5) (S 488,5,40) (S 16,40,39) (S 120,38,228) (S 444,627,621) (S 435,621,212) (D 0,0,0)
 0 1 24 167360 9665  13 (D 0,0,0) (S 266,444,270) (S 166,301,277) (S 164,297,298) (S 163,297,277) (S 148,277,276) (S 264,276,443) (S 265,443,170) (S 774,171,455) (S 315,454,303) (S 38,69,77) (S 278,77,288) (D 0,0,0)
 0 1 25 164513 4927  11 (D 0,0,0) (S 423,611,612) (S 539,643,490) (S 299,490,130) (S 66,130,128) (S 540,128,253) (S 135,253,254) (S 322,87,474) (S 6,19,18) (S 289,483,134) (D 0,0,0)
 0 1 26 167229 7862  17 (D 0,0,0) (S 562,262,561) (S 366,263,561) (S 561,561,695) (S 560,695,693) (S 558,693,682) (S 548,686,687) (S 549,688,690) (S 551,685,692) (S 547,685,35) (S 14,33,34) (S 545,683,259) (S 138,259,32) (S 546,684,563) (S 369,562,555) (S 324,519,309) (D 0,0,0)
 0 1 27 165029 6844  13 (D 0,0,0) (S 658,49,514) (S 319,513,514) (S 657,514,357) (S 205,357,358) (S 661,357,752) (S 674,751,355) (S 673,355,761) (S 204,355,356) (S 672,356,753) (S 659,753,751) (S 655,751,752) (D 0,0,0)
 0 1 28 161711 8045  12 (D 0,0,0) (S 344,547,545) (S 643,545,335) (S 42,85,84) (S 47,84,99) (S 190,341,294) (S 277,77,456) (S 779,69,811) (S 777,810,811) (S 780,69,456) (S 778,456,287) (D 0,0,0)
 0 1 29 165867 9049  15 (D 0,0,0) (S 158,293,291) (S 156,291,280) (S 157,281,284) (S 153,284,285) (S 154,286,174) (S 586,286,713) (S 650,713,739) (S 651,743,739) (S 625,739,731) (S 626,740,741) (S 579,707,708) (S 583,708,57) (S 24,48,59) (D 0,0,0)
 0 1 30 167851 6167  10 (D 0,0,0) (S 301,491,45) (S 193,46,344) (S 26,53,62) (S 544,64,679) (S 543,679,680) (S 568,53,697) (S 569,697,696) (S 323,119,88) (D 0,0,0)
 0 1 31 167217 4437  19 (D 0,0,0) (S 439,626,625) (S 451,214,628) (S 279,209,457) (S 440,457,417) (S 245,414,413) (S 478,413,646) (S 477,646,647) (S 482,647,405) (S 505,406,663) (S 507,663,662) (S 504,661,137) (S 502,137,659) (S 501,659,660) (S 437,623,624) (S 420,198,608) (S 419,198,607) (S 422,606,610) (D 0,0,0)
 0 1 32 167968 8730  16 (D 0,0,0) (S 712,97,746) (S 711,777,295) (S 159,295,289) (S 717,289,779) (S 719,778,747) (S 648,747,528) (S 310,503,502) (S 328,293,527) (S 330,527,502) (S 713,502,778) (S 714,777,101) (S 49,101,103) (S 199,116,264) (S 200,181,349) (D 0,0,0)
 0 1 33 145985 5595  22 (D 0,0,0) (S 106,197,198) (S 511,658,660) (S 512,660,482) (S 517,484,236) (S 514,612,666) (S 520,666,243) (S 129,243,244) (S 515,243,667) (S 518,667,669) (S 516,668,669) (S 531,669,673) (S 529,673,672) (S 527,672,671) (S 534,671,675) (S 533,676,675) (S 532,675,673) (S 530,674,673) (S 528,672,667) (S 427,617,199) (S 292,200,28) (D 0,0,0)
 0 1 34 166772 4195  18 (D 0,0,0) (S 497,485,235) (S 124,235,234) (S 125,234,236) (S 513,236,654) (S 493,654,138) (S 492,138,653) (S 494,653,412) (S 483,516,224) (S 480,648,649) (S 481,648,647) (S 119,227,226) (S 247,226,418) (S 508,479,663) (S 510,662,661) (S 506,664,657) (S 500,657,658) (D 0,0,0)
 0 1 35 147449 1836  9 (D 0,0,0) (S 441,577,609) (S 442,609,620) (S 434,620,213) (S 436,213,622) (S 452,622,607) (S 421,607,606) (S 378,575,576) (D 0,0,0)
 0 1 36 166187 9219  14 (D 0,0,0) (S 509,483,653) (S 274,302,452) (S 275,452,453) (S 167,171,82) (S 41,82,83) (S 165,82,297) (S 150,277,274) (S 770,274,442) (S 393,587,169) (S 91,169,171) (S 276,455,304) (S 32,70,69) (D 0,0,0)
 0 1 37 167452 7311  11 (D 0,0,0) (S 671,178,760) (S 668,351,758) (S 708,146,775) (S 721,774,780) (S 703,774,267) (S 160,267,118) (S 162,118,108) (S 53,108,104) (S 50,104,105) (D 0,0,0)
 0 1 38 167467 6121  23 (D 0,0,0) (S 114,215,214) (S 111,207,208) (S 175,315,316) (S 463,315,498) (S 308,498,495) (S 305,495,4) (S 306,4,496) (S 470,496,640) (S 471,640,641) (S 473,642,638) (S 472,638,639) (S 467,638,637) (S 466,636,635) (S 468,635,4) (S 1,4,3) (S 464,2,634) (S 297,489,487) (S 303,132,229) (S 487,494,645) (S 485,645,131) (S 476,416,222) (D 0,0,0)
 0 1 39 167322 9836  15 (D 0,0,0) (S 603,324,718) (S 590,712,569) (S 374,569,52) (S 21,52,47) (S 17,41,42) (S 22,42,56) (S 280,458,42) (S 317,47,510) (S 372,510,566) (S 619,734,735) (S 615,731,730) (S 617,730,732) (S 642,744,339) (D 0,0,0)
 0 1 40 167418 9221  33 (D 0,0,0) (S 294,485,484) (S 281,459,126) (S 64,126,123) (S 61,122,123) (S 62,123,124) (S 607,724,727) (S 609,727,326) (S 600,723,698) (S 570,698,699) (S 594,699,720) (S 595,720,721) (S 572,702,703) (S 575,702,700) (S 571,700,701) (S 577,700,705) (S 581,709,710) (S 580,709,705) (S 582,711,705) (S 576,705,706) (S 611,706,715) (S 587,715,714) (S 605,714,725) (S 606,725,726) (S 610,725,723) (S 608,723,326) (S 182,326,325) (S 65,126,127) (S 176,318,317) (S 358,317,551) (S 350,551,552) (S 353,551,522) (D 0,0,0)
 0 1 41 164644 8660  17 (D 0,0,0) (S 298,86,490) (S 300,130,251) (S 134,252,129) (S 345,506,544) (S 649,748,746) (S 645,746,102) (S 48,102,101) (S 715,777,779) (S 716,779,778) (S 718,778,292) (S 272,450,449) (S 271,449,451) (S 273,451,75) (S 339,287,506) (S 313,506,347) (D 0,0,0)
 0 1 42 151209 3249  11 (D 0,0,0) (S 447,626,215) (S 445,208,419) (S 248,419,403) (S 240,403,401) (S 238,401,398) (S 235,398,206) (S 236,205,399) (S 237,399,400) (S 241,400,404) (D 0,0,0)
 0 1 43 164924 7200  12 (D 0,0,0) (S 426,199,616) (S 202,351,352) (S 203,352,353) (S 701,756,112) (S 218,110,377) (S 230,396,363) (S 208,363,364) (S 396,364,589) (S 398,591,572) (S 376,572,523) (D 0,0,0)
 0 1 44 165714 5255  13 (D 0,0,0) (S 443,627,457) (S 244,411,410) (S 321,516,497) (S 541,517,652) (S 490,650,651) (S 491,652,492) (S 302,492,232) (S 123,232,233) (S 304,232,493) (S 479,232,646) (S 499,414,657) (D 0,0,0)
 0 1 45 167626 8225  11 (D 0,0,0) (S 232,365,92) (S 214,372,152) (S 262,152,441) (S 726,441,279) (S 151,279,161) (S 88,145,36) (S 705,36,381) (S 702,381,382) (S 704,382,378) (D 0,0,0)
 0 1 46 167984 10050  16 (D 0,0,0) (S 229,373,395) (S 149,273,270) (S 252,271,423) (S 759,423,300) (S 767,301,809) (S 766,809,424) (S 769,424,440) (S 82,165,166) (S 147,275,166) (S 83,166,163) (S 81,163,164) (S 394,164,588) (S 87,171,170) (S 92,170,173) (D 0,0,0)
 0 1 47 167962 7669  15 (D 0,0,0) (S 288,135,479) (S 355,317,554) (S 354,554,459) (S 352,459,505) (S 591,538,718) (S 589,718,712) (S 584,712,57) (S 18,43,44) (S 335,61,538) (S 336,538,323) (S 365,323,556) (S 359,556,521) (S 287,477,476) (D 0,0,0)
 0 1 48 167994 7719  20 (D 0,0,0) (S 559,518,262) (S 141,262,263) (S 356,263,311) (S 174,313,314) (S 563,314,312) (S 564,314,562) (S 367,562,563) (S 550,565,691) (S 552,691,536) (S 604,124,724) (S 333,530,535) (S 597,535,719) (S 602,719,698) (S 574,698,530) (S 331,530,124) (S 370,565,564) (S 326,520,519) (S 172,309,310) (D 0,0,0)
 0 1 49 167390 8206  10 (D 0,0,0) (S 690,770,368) (S 689,368,765) (S 685,765,766) (S 684,470,766) (S 39,79,78) (S 212,370,154) (S 251,153,422) (S 213,151,371) (D 0,0,0)
 0 1 50 166155 10274  14 (D 0,0,0) (S 724,37,420) (S 745,801,800) (S 746,803,802) (S 736,795,790) (S 760,375,797) (S 738,797,12) (S 260,12,439) (S 3,12,13) (S 217,296,375) (S 758,806,805) (S 757,805,273) (S 171,272,307) (D 0,0,0)
 0 1 51 165685 8209  12 (D 0,0,0) (S 216,374,159) (S 221,159,381) (S 15,36,37) (S 316,37,509) (S 37,70,76) (S 35,75,74) (S 36,74,72) (S 34,73,72) (S 33,72,71) (S 161,287,282) (D 0,0,0)
 0 1 52 167827 10132  12 (D 0,0,0) (S 197,182,180) (S 146,274,275) (S 261,275,440) (S 768,440,165) (S 84,165,167) (S 253,167,424) (S 771,809,274) (S 263,442,163) (S 85,164,168) (S 86,168,169) (D 0,0,0)
 0 1 53 138452 4069  14 (D 0,0,0) (S 446,215,208) (S 112,208,210) (S 460,632,631) (S 457,631,221) (S 458,221,217) (S 116,217,218) (S 465,2,218) (S 115,217,216) (S 461,216,633) (S 459,216,631) (S 117,221,220) (S 462,220,632) (D 0,0,0)
 0 1 54 167673 8380  16 (D 0,0,0) (S 385,584,245) (S 384,245,582) (S 340,542,543) (S 341,541,544) (S 646,341,100) (S 46,98,99) (S 647,97,529) (S 329,528,529) (S 309,499,501) (S 614,500,729) (S 633,729,330) (S 634,330,332) (S 189,340,339) (S 641,745,60) (D 0,0,0)
 0 1 55 167867 5573  11 (D 0,0,0) (S 524,614,670) (S 126,238,237) (S 243,402,407) (S 469,407,491) (S 143,266,184) (S 201,350,184) (S 131,50,247) (S 386,49,582) (S 130,245,246) (D 0,0,0)
 0 1 56 147129 4414  19 (D 0,0,0) (S 108,201,202) (S 498,656,480) (S 519,654,612) (S 522,615,670) (S 523,670,241) (S 128,241,242) (S 521,241,239) (S 127,239,240) (S 526,239,238) (S 525,238,408) (S 318,248,512) (S 132,248,249) (S 133,248,250) (S 424,409,614) (S 425,614,615) (S 429,615,612) (S 107,199,200) (D 0,0,0)
 0 1 57 167835 4686  23 (D 0,0,0) (S 401,585,592) (S 399,592,586) (S 402,586,187) (S 100,187,188) (S 403,187,191) (S 103,191,192) (S 404,191,594) (S 409,594,190) (S 410,190,142) (S 71,142,141) (S 389,141,523) (S 387,583,584) (S 536,584,246) (S 535,246,677) (S 538,677,678) (S 537,677,611) (S 428,613,617) (S 496,617,655) (S 495,655,235) (S 293,485,200) (S 379,195,575) (D 0,0,0)
 0 1 58 167773 8820  16 (D 0,0,0) (S 503,659,136) (S 69,136,135) (S 601,324,719) (S 592,719,720) (S 588,716,322) (S 621,58,736) (S 620,736,737) (S 623,736,733) (S 183,327,328) (S 373,327,52) (S 27,52,58) (S 23,58,57) (S 28,57,44) (S 25,61,60) (D 0,0,0)
 0 1 59 161399 8792  11 (D 0,0,0) (S 187,336,335) (S 631,732,504) (S 311,503,504) (S 632,504,291) (S 268,280,447) (S 630,281,743) (S 628,743,730) (S 629,730,742) (S 627,742,48) (D 0,0,0)
 0 1 60 167896 7963  21 (D 0,0,0) (S 325,476,256) (S 136,256,255) (S 346,255,257) (S 347,257,548) (S 556,550,556) (S 554,554,127) (S 553,127,691) (S 557,691,260) (S 327,525,526) (S 334,534,537) (S 555,534,260) (S 139,260,30) (S 140,261,30) (S 12,30,31) (S 13,31,32) (S 565,695,312) (S 173,312,311) (S 357,311,313) (S 351,313,520) (D 0,0,0)
 0 1 61 166664 8112  14 (D 0,0,0) (S 72,143,144) (S 219,144,378) (S 220,379,380) (S 706,379,109) (S 54,109,107) (S 52,107,106) (S 720,776,774) (S 709,775,776) (S 710,776,106) (S 51,106,104) (S 155,108,283) (S 198,283,348) (D 0,0,0)
