441627
61
1807640
1748110
 0 1 1 166103 3546  11 (D 0,0,0) (S 378,576,575) (S 422,606,610) (S 447,626,215) (S 114,215,214) (S 246,415,223) (S 118,223,222) (S 476,222,416) (S 434,620,213) (S 436,213,622) (D 0,0,0)
 0 1 2 167168 4322  19 (D 0,0,0) (S 452,607,622) (S 439,626,625) (S 455,625,630) (S 450,629,630) (S 454,630,214) (S 279,209,457) (S 484,414,228) (S 486,228,133) (S 485,131,645) (S 487,645,494) (S 304,493,232) (S 123,232,233) (S 479,232,646) (S 478,646,413) (S 440,417,457) (S 443,457,627) (S 444,627,621) (D 0,0,0)
 0 1 3 167290 4869  15 (D 0,0,0) (S 449,211,627) (S 120,228,38) (S 307,488,38) (S 16,39,40) (S 488,40,5) (S 489,5,10) (S 2,10,9) (S 11,6,29) (S 320,515,7) (S 122,231,230) (S 121,230,229) (S 303,229,132) (S 67,132,131) (D 0,0,0)
 0 1 4 167998 5175  15 (D 0,0,0) (S 481,647,648) (S 480,648,649) (S 483,224,516) (S 541,517,652) (S 490,650,651) (S 491,652,492) (S 302,492,232) (S 477,646,647) (S 505,406,663) (S 507,663,662) (S 510,662,661) (S 504,661,137) (S 502,137,659) (D 0,0,0)
 0 1 5 167949 8738  26 (D 0,0,0) (S 511,658,660) (S 512,660,482) (S 288,135,479) (S 65,127,126) (S 64,126,123) (S 62,123,124) (S 604,124,724) (S 607,724,727) (S 609,727,326) (S 608,326,723) (S 600,723,698) (S 602,719,698) (S 594,699,720) (S 588,716,322) (S 598,717,722) (S 596,722,568) (S 371,568,319) (S 177,319,320) (S 178,319,321) (S 282,460,321) (S 179,321,322) (S 181,322,324) (S 359,556,521) (S 293,485,200) (D 0,0,0)
 0 1 6 163150 4479  22 (D 0,0,0) (S 292,28,200) (S 107,200,199) (S 427,199,617) (S 428,617,613) (S 537,611,677) (S 538,677,678) (S 535,677,246) (S 130,246,245) (S 385,245,584) (S 387,584,583) (S 389,523,141) (S 390,141,189) (S 101,189,190) (S 102,190,140) (S 70,140,139) (S 360,139,557) (S 362,557,559) (S 363,559,560) (S 377,560,573) (S 381,573,23) (D 0,0,0)
 0 1 7 75709 1770  6 (D 0,0,0) (S 416,574,193) (S 415,193,601) (S 104,193,194) (S 105,194,196) (D 0,0,0)
 0 1 8 148193 4888  23 (D 0,0,0) (S 379,575,195) (S 124,235,234) (S 125,234,236) (S 429,612,615) (S 424,614,409) (S 132,248,249) (S 318,248,512) (S 133,248,250) (S 525,408,238) (S 526,238,239) (S 127,239,240) (S 521,239,241) (S 128,241,242) (S 524,670,614) (S 425,614,615) (S 493,654,138) (S 68,138,134) (S 508,479,663) (S 506,664,657) (S 500,657,658) (S 435,621,212) (D 0,0,0)
 0 1 9 164806 4442  19 (D 0,0,0) (S 438,212,625) (S 451,214,628) (S 453,628,209) (S 456,209,415) (S 475,222,634) (S 474,634,489) (S 306,496,4) (S 305,4,495) (S 308,495,498) (S 463,498,315) (S 175,315,316) (S 116,218,217) (S 115,217,216) (S 461,216,633) (S 459,216,631) (S 460,631,632) (S 446,208,215) (D 0,0,0)
 0 1 10 167858 5434  19 (D 0,0,0) (S 462,632,220) (S 117,220,221) (S 1,3,4) (S 468,4,635) (S 466,635,636) (S 467,637,638) (S 472,638,639) (S 473,638,642) (S 471,641,640) (S 470,640,496) (S 297,489,487) (S 295,486,38) (S 296,132,488) (S 464,634,2) (S 465,2,218) (S 458,217,221) (S 457,221,631) (D 0,0,0)
 0 1 11 155811 3577  14 (D 0,0,0) (S 241,400,404) (S 237,400,399) (S 236,399,205) (S 235,206,398) (S 238,398,401) (S 240,401,403) (S 248,403,419) (S 445,419,208) (S 112,208,210) (S 111,208,207) (S 448,628,211) (S 113,211,212) (D 0,0,0)
 0 1 12 156929 2753  11 (D 0,0,0) (S 421,606,607) (S 419,607,198) (S 106,198,197) (S 399,586,592) (S 401,592,585) (S 391,585,24) (S 9,24,21) (S 7,21,22) (S 8,21,23) (D 0,0,0)
 0 1 13 165832 6459  25 (D 0,0,0) (S 392,24,586) (S 402,586,187) (S 100,187,188) (S 403,187,191) (S 103,191,192) (S 404,191,594) (S 409,594,190) (S 410,190,142) (S 71,142,141) (S 388,189,581) (S 413,580,176) (S 94,175,176) (S 412,599,176) (S 411,597,598) (S 414,597,600) (S 382,578,579) (S 383,578,581) (S 99,185,186) (S 408,186,594) (S 400,593,594) (S 364,524,558) (S 361,558,27) (S 10,25,26) (D 0,0,0)
 0 1 14 165470 3882  15 (D 0,0,0) (S 441,577,609) (S 442,609,620) (S 437,624,623) (S 499,657,414) (S 245,414,413) (S 244,411,410) (S 482,405,647) (S 119,227,226) (S 247,226,418) (S 69,135,136) (S 503,136,659) (S 501,659,660) (S 420,198,608) (D 0,0,0)
 0 1 15 159935 5863  24 (D 0,0,0) (S 495,235,655) (S 496,655,617) (S 528,667,672) (S 534,671,675) (S 532,675,673) (S 529,673,672) (S 527,672,671) (S 533,676,675) (S 530,674,673) (S 531,673,669) (S 516,668,669) (S 518,669,667) (S 515,667,243) (S 129,243,244) (S 520,243,666) (S 514,666,612) (S 519,612,654) (S 513,654,236) (S 517,236,484) (S 294,484,485) (S 498,480,656) (S 108,202,201) (D 0,0,0)
 0 1 16 165526 6563  15 (D 0,0,0) (S 290,484,134) (S 289,134,483) (S 323,88,119) (S 569,696,697) (S 26,53,62) (S 544,679,64) (S 192,54,343) (S 652,750,749) (S 29,63,62) (S 191,51,342) (S 193,46,344) (S 131,50,247) (S 242,247,407) (D 0,0,0)
 0 1 17 167885 5436  16 (D 0,0,0) (S 523,670,241) (S 126,238,237) (S 239,237,402) (S 243,402,407) (S 469,407,491) (S 134,252,129) (S 300,251,130) (S 66,130,128) (S 540,128,253) (S 135,253,254) (S 298,86,490) (S 494,412,653) (S 492,653,138) (S 497,235,485) (D 0,0,0)
 0 1 18 46970 1004  8 (D 0,0,0) (S 283,461,462) (S 284,463,464) (S 285,464,465) (S 286,466,467) (S 417,603,604) (S 418,605,603) (D 0,0,0)
 0 1 19 167832 8119  22 (D 0,0,0) (S 141,262,263) (S 173,311,312) (S 565,312,695) (S 560,695,693) (S 13,32,31) (S 12,31,30) (S 140,261,30) (S 139,30,260) (S 334,534,537) (S 327,525,526) (S 555,534,260) (S 557,260,691) (S 550,691,565) (S 370,565,564) (S 351,520,313) (S 357,313,311) (S 356,311,263) (S 366,263,561) (S 559,262,518) (S 291,135,482) (D 0,0,0)
 0 1 20 166877 7292  15 (D 0,0,0) (S 44,93,94) (S 663,755,756) (S 666,354,757) (S 667,757,147) (S 73,147,146) (S 707,775,109) (S 219,378,144) (S 72,144,143) (S 76,143,158) (S 698,158,773) (S 697,377,396) (S 234,397,111) (S 405,94,595) (D 0,0,0)
 0 1 21 166538 6706  10 (D 0,0,0) (S 654,750,343) (S 653,343,547) (S 643,545,335) (S 187,335,336) (S 636,336,547) (S 343,547,333) (S 186,333,334) (S 342,333,546) (D 0,0,0)
 0 1 22 167569 7985  11 (D 0,0,0) (S 36,72,74) (S 35,74,75) (S 273,75,451) (S 271,451,449) (S 272,449,450) (S 269,449,448) (S 270,448,76) (S 37,76,70) (S 32,70,69) (D 0,0,0)
 0 1 23 164724 6516  14 (D 0,0,0) (S 6,18,19) (S 321,516,497) (S 172,309,310) (S 325,476,256) (S 136,256,255) (S 346,255,257) (S 137,257,258) (S 542,258,120) (S 60,120,121) (S 348,549,539) (S 338,540,539) (S 337,539,55) (D 0,0,0)
 0 1 24 163724 8719  14 (D 0,0,0) (S 426,199,616) (S 31,55,60) (S 189,339,340) (S 634,332,330) (S 632,504,291) (S 158,291,293) (S 328,293,527) (S 330,527,502) (S 310,502,503) (S 647,529,97) (S 188,337,338) (S 637,744,336) (D 0,0,0)
 0 1 25 167920 9226  17 (D 0,0,0) (S 617,732,730) (S 628,730,743) (S 624,739,285) (S 157,281,284) (S 153,284,285) (S 154,286,174) (S 586,286,713) (S 650,713,739) (S 651,739,743) (S 630,743,281) (S 268,280,447) (S 156,280,291) (S 648,528,747) (S 645,746,102) (S 313,506,347) (D 0,0,0)
 0 1 26 167686 7784  13 (D 0,0,0) (S 345,506,544) (S 190,341,294) (S 277,77,456) (S 780,456,69) (S 777,810,811) (S 779,811,69) (S 778,456,287) (S 161,287,282) (S 198,283,348) (S 196,348,347) (S 195,347,180) (D 0,0,0)
 0 1 27 167730 6978  11 (D 0,0,0) (S 95,177,181) (S 142,265,264) (S 144,264,267) (S 720,774,776) (S 709,776,775) (S 721,774,780) (S 703,774,267) (S 160,267,118) (S 59,118,117) (D 0,0,0)
 0 1 28 167602 7214  9 (D 0,0,0) (S 568,53,697) (S 639,546,745) (S 640,745,533) (S 332,533,340) (S 185,331,332) (S 635,332,59) (S 30,59,61) (D 0,0,0)
 0 1 29 167611 6340  13 (D 0,0,0) (S 536,246,584) (S 384,245,582) (S 386,582,49) (S 658,49,514) (S 205,357,358) (S 674,751,355) (S 673,355,761) (S 204,355,356) (S 672,356,753) (S 659,753,751) (S 20,49,50) (D 0,0,0)
 0 1 30 167603 8066  20 (D 0,0,0) (S 324,309,519) (S 326,519,520) (S 369,555,562) (S 174,314,313) (S 563,312,314) (S 564,314,562) (S 367,562,563) (S 546,563,684) (S 138,32,259) (S 545,259,683) (S 551,685,692) (S 14,33,34) (S 547,35,685) (S 549,688,690) (S 548,687,686) (S 558,682,693) (S 561,695,561) (S 562,561,262) (D 0,0,0)
 0 1 31 167984 8013  15 (D 0,0,0) (S 287,476,477) (S 349,478,255) (S 347,257,548) (S 556,550,556) (S 365,556,323) (S 335,538,61) (S 184,329,330) (S 633,330,729) (S 631,732,504) (S 311,504,503) (S 329,528,529) (S 644,531,337) (S 344,545,547) (D 0,0,0)
 0 1 32 164346 8435  15 (D 0,0,0) (S 423,611,612) (S 543,679,680) (S 340,542,543) (S 341,541,544) (S 48,102,101) (S 711,777,295) (S 159,295,289) (S 717,289,779) (S 715,779,777) (S 714,777,101) (S 49,101,103) (S 33,71,72) (S 34,73,72) (D 0,0,0)
 0 1 33 167234 8623  13 (D 0,0,0) (S 336,323,538) (S 591,538,718) (S 589,718,712) (S 590,712,569) (S 374,569,52) (S 373,52,327) (S 183,327,328) (S 623,733,736) (S 622,737,738) (S 24,48,59) (S 25,61,60) (D 0,0,0)
 0 1 34 167969 9729  13 (D 0,0,0) (S 603,324,718) (S 584,712,57) (S 27,58,52) (S 21,52,47) (S 22,42,56) (S 280,458,42) (S 17,42,41) (S 317,47,510) (S 372,510,566) (S 619,734,735) (S 19,44,48) (D 0,0,0)
 0 1 35 167496 8804  11 (D 0,0,0) (S 627,48,742) (S 629,742,730) (S 615,730,731) (S 626,740,741) (S 625,731,739) (S 585,713,707) (S 579,707,708) (S 583,708,57) (S 28,57,44) (D 0,0,0)
 0 1 36 167984 8565  10 (D 0,0,0) (S 614,500,729) (S 616,707,728) (S 613,728,511) (S 618,728,735) (S 620,737,736) (S 621,736,58) (S 23,58,57) (S 18,43,44) (D 0,0,0)
 0 1 37 167671 9528  16 (D 0,0,0) (S 197,182,180) (S 38,77,69) (S 168,303,302) (S 276,304,455) (S 774,455,171) (S 167,171,82) (S 41,82,83) (S 165,82,297) (S 163,297,277) (S 770,274,442) (S 263,442,163) (S 85,164,168) (S 86,168,169) (S 91,169,171) (D 0,0,0)
 0 1 38 167917 8128  21 (D 0,0,0) (S 354,554,459) (S 352,459,505) (S 180,323,324) (S 601,324,719) (S 593,721,704) (S 575,702,700) (S 580,705,709) (S 581,709,710) (S 605,714,725) (S 606,725,726) (S 610,725,723) (S 182,326,325) (S 552,536,691) (S 553,691,127) (S 554,127,554) (S 353,551,522) (S 322,474,87) (S 539,490,643) (S 509,653,483) (D 0,0,0)
 0 1 39 166557 9381  31 (D 0,0,0) (S 350,551,552) (S 358,551,317) (S 176,317,318) (S 566,318,127) (S 574,530,698) (S 570,698,699) (S 573,699,704) (S 572,702,703) (S 571,700,701) (S 577,700,705) (S 576,705,706) (S 578,706,570) (S 375,570,568) (S 612,722,706) (S 611,706,715) (S 587,715,714) (S 582,705,711) (S 599,716,721) (S 595,721,720) (S 592,720,719) (S 597,719,535) (S 333,535,530) (S 331,530,124) (S 63,125,123) (S 61,122,123) (S 281,126,459) (S 355,554,317) (S 567,318,564) (S 368,564,553) (D 0,0,0)
 0 1 40 167389 8478  16 (D 0,0,0) (S 522,615,670) (S 641,60,745) (S 642,339,744) (S 638,338,532) (S 309,499,501) (S 713,502,778) (S 719,778,747) (S 649,748,746) (S 712,746,97) (S 47,84,99) (S 46,98,99) (S 646,100,341) (S 339,506,287) (S 155,283,108) (D 0,0,0)
 0 1 41 167032 9263  12 (D 0,0,0) (S 42,85,84) (S 716,779,778) (S 718,778,292) (S 775,293,445) (S 267,445,446) (S 776,445,508) (S 275,453,452) (S 274,452,302) (S 315,454,303) (S 278,77,288) (D 0,0,0)
 0 1 42 165340 6499  13 (D 0,0,0) (S 406,572,595) (S 664,94,755) (S 662,353,754) (S 670,754,758) (S 669,758,759) (S 668,758,351) (S 671,760,178) (S 97,177,179) (S 96,182,183) (S 98,183,184) (S 143,184,266) (D 0,0,0)
 0 1 43 167974 7843  13 (D 0,0,0) (S 200,349,181) (S 162,118,108) (S 52,106,107) (S 54,107,109) (S 706,109,379) (S 220,379,380) (S 704,378,382) (S 222,382,383) (S 702,382,381) (S 221,381,159) (S 660,147,349) (D 0,0,0)
 0 1 44 166141 7877  16 (D 0,0,0) (S 380,557,523) (S 376,523,572) (S 229,373,395) (S 692,395,770) (S 689,368,765) (S 682,765,79) (S 39,79,78) (S 210,367,368) (S 690,368,770) (S 691,770,767) (S 688,768,769) (S 686,768,767) (S 687,767,373) (S 232,92,365) (D 0,0,0)
 0 1 45 167900 6447  13 (D 0,0,0) (S 407,572,596) (S 5,16,17) (S 430,618,619) (S 431,619,15) (S 4,14,15) (S 433,619,115) (S 58,115,114) (S 194,346,345) (S 397,345,113) (S 57,113,114) (S 432,115,591) (D 0,0,0)
 0 1 46 166574 7257  15 (D 0,0,0) (S 679,595,763) (S 680,763,359) (S 681,764,359) (S 206,359,360) (S 678,360,762) (S 675,762,589) (S 396,589,364) (S 208,364,363) (S 230,363,396) (S 207,361,362) (S 676,397,762) (S 395,590,591) (S 398,591,572) (D 0,0,0)
 0 1 47 166349 9723  10 (D 0,0,0) (S 693,771,155) (S 45,95,96) (S 765,808,427) (S 764,427,799) (S 741,428,68) (S 74,66,148) (S 254,65,427) (S 763,808,150) (D 0,0,0)
 0 1 48 167081 9345  14 (D 0,0,0) (S 231,372,367) (S 225,78,384) (S 694,392,771) (S 695,771,772) (S 75,157,149) (S 762,149,807) (S 761,807,802) (S 746,802,803) (S 754,803,788) (S 733,788,786) (S 752,787,801) (S 751,800,157) (D 0,0,0)
 0 1 49 167915 10756  16 (D 0,0,0) (S 736,795,790) (S 735,793,794) (S 755,425,796) (S 737,796,437) (S 259,437,438) (S 738,797,12) (S 260,12,439) (S 3,12,13) (S 760,797,375) (S 217,375,296) (S 759,300,423) (S 756,805,804) (S 749,803,800) (S 745,800,801) (D 0,0,0)
 0 1 50 167964 10182  14 (D 0,0,0) (S 149,273,270) (S 166,277,301) (S 767,301,809) (S 766,809,424) (S 253,424,167) (S 84,167,165) (S 261,440,275) (S 147,275,166) (S 146,275,274) (S 150,274,277) (S 148,277,276) (S 264,276,443) (D 0,0,0)
 0 1 51 166863 9840  13 (D 0,0,0) (S 164,297,298) (S 771,274,809) (S 769,424,440) (S 768,440,165) (S 82,165,166) (S 83,166,163) (S 81,163,164) (S 394,164,588) (S 393,587,169) (S 87,171,170) (S 92,170,173) (D 0,0,0)
 0 1 52 167993 9442  12 (D 0,0,0) (S 170,173,308) (S 250,308,421) (S 773,306,444) (S 169,306,307) (S 171,307,272) (S 734,272,787) (S 732,787,786) (S 750,786,800) (S 747,801,268) (S 753,801,156) (D 0,0,0)
 0 1 53 166414 8626  12 (D 0,0,0) (S 213,371,151) (S 251,153,422) (S 212,154,370) (S 228,394,390) (S 224,387,388) (S 227,393,387) (S 312,468,469) (S 684,470,766) (S 685,766,765) (S 683,79,389) (D 0,0,0)
 0 1 54 167022 10226  13 (D 0,0,0) (S 255,67,428) (S 740,428,799) (S 742,799,429) (S 256,429,430) (S 743,429,798) (S 257,431,432) (S 739,431,785) (S 731,784,785) (S 258,435,436) (S 748,798,433) (S 744,433,795) (D 0,0,0)
 0 1 55 167123 9360  11 (D 0,0,0) (S 89,37,172) (S 728,172,783) (S 145,268,269) (S 757,273,805) (S 758,805,806) (S 252,423,271) (S 266,270,444) (S 772,444,443) (S 265,443,170) (D 0,0,0)
 0 1 56 167826 8936  14 (D 0,0,0) (S 79,158,159) (S 705,381,36) (S 15,36,37) (S 90,172,80) (S 40,80,81) (S 93,80,173) (S 223,308,306) (S 729,307,421) (S 730,421,783) (S 727,783,278) (S 152,278,279) (S 78,152,160) (D 0,0,0)
 0 1 57 167160 8179  11 (D 0,0,0) (S 677,763,360) (S 233,363,374) (S 216,374,159) (S 77,159,145) (S 88,145,36) (S 316,37,509) (S 724,37,420) (S 262,441,152) (S 43,91,90) (D 0,0,0)
 0 1 58 167990 8805  12 (D 0,0,0) (S 215,373,160) (S 249,160,420) (S 722,420,781) (S 723,781,782) (S 725,781,441) (S 726,441,279) (S 151,279,161) (S 214,152,372) (S 314,92,507) (S 209,365,366) (D 0,0,0)
 0 1 59 166656 6407  10 (D 0,0,0) (S 319,513,514) (S 657,514,357) (S 661,357,752) (S 655,751,752) (S 656,752,183) (S 201,350,184) (S 301,45,491) (S 299,130,490) (D 0,0,0)
 0 1 60 167400 7092  11 (D 0,0,0) (S 202,351,352) (S 203,352,353) (S 665,353,755) (S 701,756,112) (S 56,112,110) (S 218,110,377) (S 696,377,773) (S 699,773,204) (S 226,111,94) (D 0,0,0)
 0 1 61 167013 7693  14 (D 0,0,0) (S 199,264,116) (S 53,108,104) (S 50,104,105) (S 51,104,106) (S 710,106,776) (S 708,775,146) (S 80,146,162) (S 109,162,203) (S 211,203,369) (S 110,203,204) (S 700,204,112) (S 55,110,111) (D 0,0,0)
