442587
60
1807881
1800330
 0 1 1 164791 3626  16 (D 0,0,0) (S 283,461,462) (S 286,466,467) (S 284,463,464) (S 285,464,465) (S 417,603,604) (S 418,605,603) (S 8,23,21) (S 391,24,585) (S 401,585,592) (S 399,592,586) (S 392,586,24) (S 7,21,22) (S 379,195,575) (S 378,575,576) (D 0,0,0)
 0 1 2 164433 3754  13 (D 0,0,0) (S 435,212,621) (S 444,621,627) (S 443,627,457) (S 118,222,223) (S 240,403,401) (S 241,400,404) (S 237,400,399) (S 236,399,205) (S 235,206,398) (S 238,398,401) (S 248,403,419) (D 0,0,0)
 0 1 3 163932 5540  27 (D 0,0,0) (S 438,212,625) (S 455,625,630) (S 456,209,415) (S 246,415,223) (S 462,632,220) (S 117,220,221) (S 458,221,217) (S 175,315,316) (S 463,315,498) (S 308,498,495) (S 305,495,4) (S 468,4,635) (S 466,635,636) (S 467,637,638) (S 472,638,639) (S 473,638,642) (S 471,641,640) (S 470,640,496) (S 474,489,634) (S 279,457,209) (S 453,209,628) (S 451,628,214) (S 454,214,630) (S 450,629,630) (S 439,625,626) (D 0,0,0)
 0 1 4 160524 3686  14 (D 0,0,0) (S 449,211,627) (S 440,457,417) (S 245,414,413) (S 478,413,646) (S 477,646,647) (S 480,648,649) (S 481,648,647) (S 482,647,405) (S 244,410,411) (S 504,661,137) (S 502,137,659) (S 501,659,660) (D 0,0,0)
 0 1 5 160142 3549  14 (D 0,0,0) (S 442,609,620) (S 437,624,623) (S 500,658,657) (S 506,657,664) (S 510,661,662) (S 507,662,663) (S 505,663,406) (S 119,226,227) (S 247,226,418) (S 508,479,663) (S 434,620,213) (S 436,213,622) (D 0,0,0)
 0 1 6 156990 3899  15 (D 0,0,0) (S 446,215,208) (S 112,208,210) (S 111,207,208) (S 445,208,419) (S 457,631,221) (S 465,218,2) (S 464,2,634) (S 475,634,222) (S 476,222,416) (S 448,211,628) (S 114,214,215) (S 447,215,626) (S 452,622,607) (D 0,0,0)
 0 1 7 157817 4241  15 (D 0,0,0) (S 460,632,631) (S 459,631,216) (S 461,216,633) (S 115,216,217) (S 116,217,218) (S 1,3,4) (S 306,4,496) (S 297,489,487) (S 295,486,38) (S 307,38,488) (S 296,488,132) (S 486,133,228) (S 113,211,212) (D 0,0,0)
 0 1 8 154166 4714  14 (D 0,0,0) (S 499,657,414) (S 67,131,132) (S 303,132,229) (S 121,229,230) (S 122,230,231) (S 320,515,7) (S 11,6,29) (S 2,9,10) (S 489,10,5) (S 488,5,40) (S 16,40,39) (S 120,38,228) (D 0,0,0)
 0 1 9 166940 4749  13 (D 0,0,0) (S 441,577,609) (S 6,18,19) (S 321,516,497) (S 541,517,652) (S 490,650,651) (S 491,652,492) (S 302,492,232) (S 304,232,493) (S 487,494,645) (S 485,645,131) (S 484,228,414) (D 0,0,0)
 0 1 10 165540 2791  11 (D 0,0,0) (S 422,606,610) (S 421,606,607) (S 419,607,198) (S 420,198,608) (S 106,198,197) (S 416,574,193) (S 415,193,601) (S 104,193,194) (S 105,194,196) (D 0,0,0)
 0 1 11 167480 7562  19 (D 0,0,0) (S 511,658,660) (S 512,660,482) (S 561,561,695) (S 560,695,693) (S 138,32,259) (S 545,259,683) (S 548,686,687) (S 549,688,690) (S 551,685,692) (S 547,685,35) (S 14,33,34) (S 558,682,693) (S 565,695,312) (S 173,312,311) (S 357,311,313) (S 351,313,520) (S 326,520,519) (D 0,0,0)
 0 1 12 159750 4414  22 (D 0,0,0) (S 292,28,200) (S 107,200,199) (S 429,612,615) (S 425,615,614) (S 424,614,409) (S 133,250,248) (S 132,248,249) (S 318,248,512) (S 525,408,238) (S 526,238,239) (S 127,239,240) (S 521,239,241) (S 128,241,242) (S 523,241,670) (S 522,670,615) (S 513,654,236) (S 125,236,234) (S 497,235,485) (S 498,480,656) (S 108,202,201) (D 0,0,0)
 0 1 13 166124 6264  16 (D 0,0,0) (S 294,485,484) (S 290,484,134) (S 325,476,256) (S 136,256,255) (S 137,257,258) (S 542,258,120) (S 60,121,120) (S 569,696,697) (S 568,697,53) (S 193,46,344) (S 131,50,247) (S 242,247,407) (S 126,237,238) (S 524,670,614) (D 0,0,0)
 0 1 14 167220 5822  15 (D 0,0,0) (S 479,646,232) (S 123,232,233) (S 322,474,87) (S 135,253,254) (S 540,253,128) (S 66,128,130) (S 300,130,251) (S 134,252,129) (S 469,491,407) (S 239,402,237) (S 492,653,138) (S 493,138,654) (S 124,234,235) (D 0,0,0)
 0 1 15 166676 6280  19 (D 0,0,0) (S 537,611,677) (S 538,677,678) (S 535,246,677) (S 514,612,666) (S 129,243,244) (S 515,243,667) (S 518,667,669) (S 516,668,669) (S 531,669,673) (S 530,674,673) (S 529,673,672) (S 527,672,671) (S 534,671,675) (S 533,676,675) (S 532,675,673) (S 528,672,667) (S 520,243,666) (D 0,0,0)
 0 1 16 167020 6512  14 (D 0,0,0) (S 130,246,245) (S 384,245,582) (S 658,49,514) (S 319,513,514) (S 657,514,357) (S 205,357,358) (S 656,752,183) (S 98,183,184) (S 201,350,184) (S 143,184,266) (S 496,617,655) (S 495,655,235) (D 0,0,0)
 0 1 17 163402 8471  16 (D 0,0,0) (S 208,364,363) (S 231,372,367) (S 683,389,79) (S 685,765,766) (S 684,766,470) (S 312,469,468) (S 224,387,388) (S 227,393,387) (S 225,384,78) (S 39,78,79) (S 682,79,765) (S 689,765,368) (S 692,770,395) (S 10,25,26) (D 0,0,0)
 0 1 18 167123 6429  20 (D 0,0,0) (S 381,23,573) (S 362,559,557) (S 360,557,139) (S 71,142,141) (S 406,572,595) (S 681,764,359) (S 680,359,763) (S 677,763,360) (S 678,360,762) (S 675,762,589) (S 395,590,591) (S 398,591,572) (S 376,572,523) (S 389,523,141) (S 390,141,189) (S 409,190,594) (S 410,190,142) (S 363,559,560) (D 0,0,0)
 0 1 19 165397 6084  22 (D 0,0,0) (S 9,21,24) (S 402,586,187) (S 100,187,188) (S 403,187,191) (S 103,191,192) (S 404,191,594) (S 400,593,594) (S 408,594,186) (S 99,186,185) (S 383,581,578) (S 413,580,176) (S 94,175,176) (S 412,599,176) (S 411,597,598) (S 414,597,600) (S 382,578,579) (S 388,581,189) (S 101,189,190) (S 102,190,140) (S 70,140,139) (D 0,0,0)
 0 1 20 167752 7114  13 (D 0,0,0) (S 380,557,523) (S 405,595,94) (S 226,94,111) (S 55,111,110) (S 218,110,377) (S 696,377,773) (S 697,377,396) (S 207,361,362) (S 676,397,762) (S 206,360,359) (S 679,763,595) (D 0,0,0)
 0 1 21 167900 6447  13 (D 0,0,0) (S 407,572,596) (S 5,16,17) (S 430,618,619) (S 4,14,15) (S 431,15,619) (S 433,619,115) (S 58,115,114) (S 57,114,113) (S 397,113,345) (S 194,345,346) (S 432,115,591) (D 0,0,0)
 0 1 22 167844 7182  12 (D 0,0,0) (S 660,349,147) (S 80,146,162) (S 109,162,203) (S 211,203,369) (S 110,203,204) (S 700,204,112) (S 701,112,756) (S 665,353,755) (S 664,755,94) (S 44,93,94) (D 0,0,0)
 0 1 23 167702 7830  14 (D 0,0,0) (S 160,267,118) (S 162,118,108) (S 53,108,104) (S 50,104,105) (S 51,104,106) (S 710,776,106) (S 52,106,107) (S 54,107,109) (S 220,379,380) (S 706,379,109) (S 707,109,775) (S 144,267,264) (D 0,0,0)
 0 1 24 166940 8415  13 (D 0,0,0) (S 198,348,283) (S 49,103,101) (S 711,777,295) (S 270,76,448) (S 269,448,449) (S 272,449,450) (S 718,292,778) (S 716,778,779) (S 715,779,777) (S 714,777,101) (S 48,101,102) (D 0,0,0)
 0 1 25 167334 8303  14 (D 0,0,0) (S 161,282,287) (S 277,77,456) (S 780,456,69) (S 274,302,452) (S 275,452,453) (S 276,455,304) (S 37,76,70) (S 32,70,69) (S 778,456,287) (S 155,283,108) (S 59,118,117) (S 97,177,179) (D 0,0,0)
 0 1 26 167302 10452  15 (D 0,0,0) (S 200,349,181) (S 222,382,383) (S 40,80,81) (S 91,171,169) (S 393,169,587) (S 771,274,809) (S 766,809,424) (S 253,424,167) (S 84,167,165) (S 261,440,275) (S 146,275,274) (S 150,274,277) (S 164,297,298) (D 0,0,0)
 0 1 27 166999 8678  12 (D 0,0,0) (S 293,200,485) (S 68,134,138) (S 646,341,100) (S 310,503,502) (S 330,502,527) (S 328,527,293) (S 775,293,445) (S 267,445,446) (S 776,445,508) (S 315,454,303) (D 0,0,0)
 0 1 28 167075 8267  16 (D 0,0,0) (S 426,199,616) (S 659,751,753) (S 95,177,181) (S 142,265,264) (S 199,264,116) (S 196,348,347) (S 339,506,287) (S 779,69,811) (S 777,810,811) (S 38,69,77) (S 278,77,288) (S 195,347,180) (S 197,180,182) (S 96,182,183) (D 0,0,0)
 0 1 29 167510 6938  17 (D 0,0,0) (S 661,357,752) (S 671,178,760) (S 668,351,758) (S 669,758,759) (S 670,758,754) (S 662,754,353) (S 203,353,352) (S 202,352,351) (S 672,753,356) (S 204,356,355) (S 673,355,761) (S 674,355,751) (S 655,751,752) (S 385,245,584) (S 387,584,583) (D 0,0,0)
 0 1 30 159041 8602  15 (D 0,0,0) (S 158,293,291) (S 268,280,447) (S 156,280,291) (S 632,291,504) (S 311,503,504) (S 631,504,732) (S 633,729,330) (S 184,330,329) (S 638,532,338) (S 642,744,339) (S 191,51,342) (S 428,613,617) (S 427,617,199) (D 0,0,0)
 0 1 31 167229 8198  15 (D 0,0,0) (S 396,589,364) (S 209,366,365) (S 210,367,368) (S 690,368,770) (S 691,770,767) (S 688,768,769) (S 686,768,767) (S 687,767,373) (S 314,92,507) (S 232,92,365) (S 233,374,363) (S 230,363,396) (S 234,397,111) (D 0,0,0)
 0 1 32 167431 9195  16 (D 0,0,0) (S 377,573,560) (S 249,160,420) (S 726,441,279) (S 725,441,781) (S 723,781,782) (S 722,781,420) (S 724,420,37) (S 728,172,783) (S 730,783,421) (S 250,421,308) (S 93,173,80) (S 15,37,36) (S 221,381,159) (S 79,159,158) (D 0,0,0)
 0 1 33 165583 9951  13 (D 0,0,0) (S 762,149,807) (S 761,807,802) (S 748,433,798) (S 257,431,432) (S 739,431,785) (S 731,784,785) (S 258,435,436) (S 735,794,793) (S 754,788,803) (S 745,800,801) (S 747,801,268) (D 0,0,0)
 0 1 34 167587 8771  10 (D 0,0,0) (S 229,373,395) (S 212,370,154) (S 753,156,801) (S 752,801,787) (S 734,787,272) (S 145,269,268) (S 727,278,783) (S 702,381,382) (D 0,0,0)
 0 1 35 166394 9657  11 (D 0,0,0) (S 228,394,390) (S 763,150,808) (S 765,808,427) (S 254,427,65) (S 255,67,428) (S 740,428,799) (S 741,428,68) (S 74,66,148) (S 215,160,373) (D 0,0,0)
 0 1 36 166838 10220  15 (D 0,0,0) (S 764,427,799) (S 742,799,429) (S 256,429,430) (S 743,429,798) (S 744,433,795) (S 736,795,790) (S 746,802,803) (S 750,800,786) (S 732,786,787) (S 171,272,307) (S 729,307,421) (S 89,172,37) (S 316,37,509) (D 0,0,0)
 0 1 37 167648 9885  14 (D 0,0,0) (S 265,170,443) (S 148,276,277) (S 166,277,301) (S 767,301,809) (S 769,424,440) (S 768,440,165) (S 82,165,166) (S 147,275,166) (S 83,166,163) (S 81,163,164) (S 85,164,168) (S 86,168,169) (D 0,0,0)
 0 1 38 167946 9380  13 (D 0,0,0) (S 170,173,308) (S 169,306,307) (S 772,444,443) (S 264,443,276) (S 252,271,423) (S 757,805,273) (S 149,273,270) (S 266,270,444) (S 773,444,306) (S 223,306,308) (S 168,302,303) (D 0,0,0)
 0 1 39 167330 9687  14 (D 0,0,0) (S 705,381,36) (S 90,172,80) (S 92,173,170) (S 87,170,171) (S 394,588,164) (S 263,163,442) (S 770,442,274) (S 163,277,297) (S 165,297,82) (S 41,82,83) (S 167,82,171) (S 774,171,455) (D 0,0,0)
 0 1 40 167482 7528  12 (D 0,0,0) (S 216,374,159) (S 77,159,145) (S 88,145,36) (S 704,382,378) (S 219,378,144) (S 72,144,143) (S 76,143,158) (S 698,158,773) (S 699,773,204) (S 56,112,110) (D 0,0,0)
 0 1 41 164477 8126  8 (D 0,0,0) (S 213,371,151) (S 151,161,279) (S 152,279,278) (S 262,441,152) (S 78,152,160) (S 43,91,90) (D 0,0,0)
 0 1 42 166915 8642  9 (D 0,0,0) (S 694,392,771) (S 695,771,772) (S 693,771,155) (S 45,95,96) (S 75,149,157) (S 251,153,422) (S 214,152,372) (D 0,0,0)
 0 1 43 167386 10769  16 (D 0,0,0) (S 749,800,803) (S 755,425,796) (S 737,796,437) (S 259,437,438) (S 260,12,439) (S 3,12,13) (S 738,12,797) (S 760,797,375) (S 217,375,296) (S 759,300,423) (S 758,806,805) (S 756,805,804) (S 733,788,786) (S 751,800,157) (D 0,0,0)
 0 1 44 167630 8333  16 (D 0,0,0) (S 423,611,612) (S 313,347,506) (S 345,506,544) (S 190,341,294) (S 33,71,72) (S 34,73,72) (S 36,72,74) (S 35,74,75) (S 273,75,451) (S 271,451,449) (S 717,289,779) (S 649,748,746) (S 341,544,541) (S 340,542,543) (D 0,0,0)
 0 1 45 150686 7661  13 (D 0,0,0) (S 25,60,61) (S 18,43,44) (S 19,44,48) (S 24,48,59) (S 30,59,61) (S 335,61,538) (S 365,323,556) (S 556,556,550) (S 347,548,257) (S 346,257,255) (S 349,255,478) (D 0,0,0)
 0 1 46 167504 8850  28 (D 0,0,0) (S 353,522,551) (S 350,551,552) (S 358,551,317) (S 281,459,126) (S 574,530,698) (S 570,698,699) (S 575,702,700) (S 571,700,701) (S 577,700,705) (S 580,705,709) (S 581,709,710) (S 582,711,705) (S 576,705,706) (S 612,706,722) (S 375,568,570) (S 578,570,706) (S 611,706,715) (S 587,715,714) (S 605,714,725) (S 606,725,726) (S 610,725,723) (S 609,326,727) (S 607,727,724) (S 604,724,124) (S 554,127,554) (S 355,554,317) (D 0,0,0)
 0 1 47 167518 9051  18 (D 0,0,0) (S 368,553,564) (S 567,564,318) (S 566,318,127) (S 553,127,691) (S 552,691,536) (S 336,323,538) (S 591,538,718) (S 603,718,324) (S 601,324,719) (S 595,720,721) (S 588,716,322) (S 621,58,736) (S 623,736,733) (S 183,327,328) (S 373,327,52) (S 27,52,58) (D 0,0,0)
 0 1 48 167201 9951  14 (D 0,0,0) (S 590,712,569) (S 374,569,52) (S 21,52,47) (S 17,41,42) (S 280,458,42) (S 22,42,56) (S 317,47,510) (S 372,510,566) (S 619,734,735) (S 618,735,728) (S 613,728,511) (S 579,707,708) (D 0,0,0)
 0 1 49 167025 8259  10 (D 0,0,0) (S 589,718,712) (S 584,712,57) (S 23,57,58) (S 620,736,737) (S 622,737,738) (S 616,728,707) (S 583,708,57) (S 28,57,44) (D 0,0,0)
 0 1 50 167727 8788  13 (D 0,0,0) (S 635,59,332) (S 634,332,330) (S 614,500,729) (S 617,732,730) (S 628,730,743) (S 651,743,739) (S 625,739,731) (S 626,740,741) (S 615,731,730) (S 629,730,742) (S 627,742,48) (D 0,0,0)
 0 1 51 165839 9117  12 (D 0,0,0) (S 159,295,289) (S 630,281,743) (S 650,739,713) (S 586,713,286) (S 154,286,174) (S 153,285,284) (S 157,281,284) (S 624,285,739) (S 585,713,707) (S 185,332,331) (D 0,0,0)
 0 1 52 166420 8609  20 (D 0,0,0) (S 354,554,459) (S 352,459,505) (S 592,719,720) (S 594,720,699) (S 573,699,704) (S 572,702,703) (S 593,704,721) (S 599,721,716) (S 598,717,722) (S 596,722,568) (S 371,568,319) (S 177,319,320) (S 178,319,321) (S 282,460,321) (S 179,321,322) (S 181,322,324) (S 180,324,323) (S 359,556,521) (D 0,0,0)
 0 1 53 167471 7143  12 (D 0,0,0) (S 323,88,119) (S 348,549,539) (S 338,540,539) (S 337,539,55) (S 639,546,745) (S 640,745,533) (S 332,533,340) (S 189,340,339) (S 641,745,60) (S 31,60,55) (D 0,0,0)
 0 1 54 161363 8353  26 (D 0,0,0) (S 291,482,135) (S 559,518,262) (S 366,263,561) (S 562,561,262) (S 141,262,263) (S 356,263,311) (S 174,313,314) (S 563,314,312) (S 564,314,562) (S 367,562,563) (S 546,563,684) (S 13,32,31) (S 12,31,30) (S 140,261,30) (S 139,30,260) (S 557,260,691) (S 550,691,565) (S 369,562,555) (S 324,519,309) (S 172,309,310) (S 483,224,516) (S 288,479,135) (S 69,135,136) (S 503,136,659) (D 0,0,0)
 0 1 55 167541 6459  12 (D 0,0,0) (S 517,484,236) (S 519,654,612) (S 243,402,407) (S 26,53,62) (S 342,546,333) (S 186,333,334) (S 653,547,343) (S 192,343,54) (S 544,64,679) (S 543,679,680) (D 0,0,0)
 0 1 56 167849 7386  12 (D 0,0,0) (S 636,547,336) (S 187,336,335) (S 712,97,746) (S 645,746,102) (S 46,98,99) (S 47,99,84) (S 643,335,545) (S 654,343,750) (S 652,750,749) (S 536,584,246) (D 0,0,0)
 0 1 57 167916 5116  10 (D 0,0,0) (S 386,582,49) (S 301,45,491) (S 299,130,490) (S 298,490,86) (S 539,490,643) (S 494,412,653) (S 509,653,483) (S 289,483,134) (D 0,0,0)
 0 1 58 166054 7983  20 (D 0,0,0) (S 370,564,565) (S 555,260,534) (S 334,534,537) (S 327,525,526) (S 182,325,326) (S 608,326,723) (S 600,723,698) (S 602,698,719) (S 597,719,535) (S 333,535,530) (S 331,530,124) (S 62,124,123) (S 63,125,123) (S 61,122,123) (S 64,123,126) (S 65,126,127) (S 176,318,317) (S 287,477,476) (D 0,0,0)
 0 1 59 165682 6963  13 (D 0,0,0) (S 703,267,774) (S 721,774,780) (S 720,774,776) (S 709,776,775) (S 708,775,146) (S 73,146,147) (S 667,147,757) (S 666,757,354) (S 663,756,755) (S 364,524,558) (S 361,558,27) (D 0,0,0)
 0 1 60 165737 7941  16 (D 0,0,0) (S 637,336,744) (S 188,338,337) (S 644,337,531) (S 309,499,501) (S 329,529,528) (S 713,502,778) (S 719,778,747) (S 648,747,528) (S 647,529,97) (S 42,84,85) (S 344,545,547) (S 343,547,333) (S 29,63,62) (S 20,50,49) (D 0,0,0)
