444983
61
1810571
1672500
 0 1 1 165673 10117  12 (D 0,0,0) (S 694,392,771) (S 695,771,772) (S 763,150,808) (S 742,799,429) (S 256,429,430) (S 743,429,798) (S 741,68,428) (S 740,428,799) (S 765,427,808) (S 225,384,78) (D 0,0,0)
 0 1 2 167381 6328  11 (D 0,0,0) (S 542,258,120) (S 60,120,121) (S 348,549,539) (S 338,540,539) (S 337,539,55) (S 544,64,679) (S 543,679,680) (S 26,62,53) (S 469,491,407) (D 0,0,0)
 0 1 3 167411 7546  19 (D 0,0,0) (S 137,258,257) (S 347,257,548) (S 556,550,556) (S 365,556,323) (S 336,323,538) (S 591,538,718) (S 603,718,324) (S 602,719,698) (S 600,698,723) (S 607,727,724) (S 604,724,124) (S 552,536,691) (S 553,691,127) (S 176,318,317) (S 349,478,255) (S 136,255,256) (S 325,256,476) (D 0,0,0)
 0 1 4 167720 8808  23 (D 0,0,0) (S 369,555,562) (S 327,525,526) (S 182,325,326) (S 609,727,326) (S 608,326,723) (S 610,723,725) (S 606,725,726) (S 605,725,714) (S 587,714,715) (S 611,715,706) (S 578,706,570) (S 375,570,568) (S 596,568,722) (S 598,722,717) (S 593,721,704) (S 594,699,720) (S 592,720,719) (S 597,719,535) (S 352,505,459) (S 358,317,551) (S 353,551,522) (D 0,0,0)
 0 1 5 167215 9144  14 (D 0,0,0) (S 249,160,420) (S 725,781,441) (S 145,268,269) (S 734,272,787) (S 732,787,786) (S 733,788,786) (S 750,786,800) (S 749,800,803) (S 761,802,807) (S 762,807,149) (S 693,155,771) (S 228,390,394) (D 0,0,0)
 0 1 6 167333 10510  16 (D 0,0,0) (S 361,27,558) (S 751,157,800) (S 754,803,788) (S 760,375,797) (S 738,797,12) (S 260,12,439) (S 3,12,13) (S 217,296,375) (S 756,804,805) (S 264,276,443) (S 265,443,170) (S 92,170,173) (S 37,70,76) (S 36,74,72) (D 0,0,0)
 0 1 7 165268 3457  13 (D 0,0,0) (S 421,606,607) (S 241,400,404) (S 237,400,399) (S 236,399,205) (S 235,206,398) (S 238,398,401) (S 240,401,403) (S 248,403,419) (S 445,419,208) (S 112,208,210) (S 111,207,208) (D 0,0,0)
 0 1 8 165787 5642  23 (D 0,0,0) (S 457,631,221) (S 116,217,218) (S 175,315,316) (S 463,315,498) (S 308,498,495) (S 305,495,4) (S 468,4,635) (S 466,635,636) (S 467,637,638) (S 472,638,639) (S 473,638,642) (S 471,641,640) (S 470,640,496) (S 306,496,4) (S 1,4,3) (S 465,2,218) (S 464,2,634) (S 476,222,416) (S 448,211,628) (S 439,625,626) (S 378,575,576) (D 0,0,0)
 0 1 9 162763 9515  12 (D 0,0,0) (S 15,36,37) (S 40,80,81) (S 773,306,444) (S 266,444,270) (S 252,271,423) (S 757,805,273) (S 171,272,307) (S 729,307,421) (S 728,783,172) (S 144,267,264) (D 0,0,0)
 0 1 10 167924 8506  25 (D 0,0,0) (S 288,135,479) (S 559,518,262) (S 562,262,561) (S 565,695,312) (S 563,314,312) (S 173,312,311) (S 356,311,263) (S 357,311,313) (S 351,520,313) (S 174,313,314) (S 564,314,562) (S 367,562,563) (S 546,563,684) (S 13,32,31) (S 12,31,30) (S 140,261,30) (S 139,30,260) (S 334,534,537) (S 555,534,260) (S 557,260,691) (S 550,691,565) (S 370,565,564) (S 368,564,553) (D 0,0,0)
 0 1 11 167610 7270  12 (D 0,0,0) (S 160,267,118) (S 162,118,108) (S 53,108,104) (S 50,104,105) (S 51,104,106) (S 52,106,107) (S 54,107,109) (S 707,109,775) (S 708,775,146) (S 659,753,751) (D 0,0,0)
 0 1 12 167887 7913  15 (D 0,0,0) (S 97,179,177) (S 95,177,181) (S 142,265,264) (S 199,264,116) (S 59,117,118) (S 155,108,283) (S 33,71,72) (S 190,294,341) (S 646,341,100) (S 46,98,99) (S 187,335,336) (S 637,336,744) (S 641,745,60) (D 0,0,0)
 0 1 13 153960 4013  17 (D 0,0,0) (S 438,212,625) (S 455,625,630) (S 450,629,630) (S 454,630,214) (S 279,209,457) (S 440,457,417) (S 462,632,220) (S 117,220,221) (S 458,221,217) (S 115,217,216) (S 461,216,633) (S 459,216,631) (S 460,631,632) (S 446,208,215) (S 447,215,626) (D 0,0,0)
 0 1 14 166576 10442  18 (D 0,0,0) (S 10,25,26) (S 747,268,801) (S 745,801,800) (S 746,803,802) (S 744,795,433) (S 748,433,798) (S 257,431,432) (S 739,431,785) (S 731,784,785) (S 258,435,436) (S 259,437,438) (S 737,437,796) (S 755,796,425) (S 735,794,793) (S 736,790,795) (S 363,559,560) (D 0,0,0)
 0 1 15 163147 4136  19 (D 0,0,0) (S 441,577,609) (S 502,659,137) (S 504,137,661) (S 510,661,662) (S 507,662,663) (S 247,226,418) (S 483,516,224) (S 480,648,649) (S 481,648,647) (S 119,227,226) (S 505,406,663) (S 508,663,479) (S 69,135,136) (S 503,136,659) (S 501,659,660) (S 511,660,658) (S 419,198,607) (D 0,0,0)
 0 1 16 167702 9421  19 (D 0,0,0) (S 234,111,397) (S 210,367,368) (S 682,765,79) (S 683,79,389) (S 39,79,78) (S 227,393,387) (S 224,387,388) (S 312,468,469) (S 684,470,766) (S 685,766,765) (S 689,765,368) (S 690,368,770) (S 691,770,767) (S 688,768,769) (S 686,768,767) (S 314,92,507) (S 232,92,365) (D 0,0,0)
 0 1 17 167759 3788  15 (D 0,0,0) (S 437,624,623) (S 506,657,664) (S 244,411,410) (S 482,405,647) (S 477,647,646) (S 479,646,232) (S 304,232,493) (S 487,494,645) (S 485,645,131) (S 486,133,228) (S 484,228,414) (S 443,457,627) (S 449,627,211) (D 0,0,0)
 0 1 18 167557 7968  13 (D 0,0,0) (S 380,557,523) (S 406,572,595) (S 679,595,763) (S 680,763,359) (S 681,764,359) (S 206,359,360) (S 207,361,362) (S 76,158,143) (S 72,143,144) (S 219,144,378) (S 720,776,774) (D 0,0,0)
 0 1 19 167886 8826  14 (D 0,0,0) (S 161,282,287) (S 780,456,69) (S 315,303,454) (S 776,508,445) (S 267,445,446) (S 775,445,293) (S 330,527,502) (S 715,779,777) (S 714,777,101) (S 341,544,541) (S 340,542,543) (S 29,63,62) (D 0,0,0)
 0 1 20 46970 1004  8 (D 0,0,0) (S 285,464,465) (S 284,463,464) (S 286,466,467) (S 283,461,462) (S 418,605,603) (S 417,603,604) (D 0,0,0)
 0 1 21 167952 9418  15 (D 0,0,0) (S 377,573,560) (S 753,156,801) (S 752,801,787) (S 149,273,270) (S 163,277,297) (S 164,297,298) (S 165,297,82) (S 41,82,83) (S 167,82,171) (S 774,171,455) (S 275,453,452) (S 274,452,302) (S 277,456,77) (D 0,0,0)
 0 1 22 167126 8028  14 (D 0,0,0) (S 313,347,506) (S 712,746,97) (S 647,97,529) (S 309,499,501) (S 329,529,528) (S 311,503,504) (S 631,504,732) (S 633,729,330) (S 634,330,332) (S 635,332,59) (S 30,59,61) (S 335,61,538) (D 0,0,0)
 0 1 23 164587 4809  26 (D 0,0,0) (S 495,235,655) (S 496,655,617) (S 428,617,613) (S 423,611,612) (S 429,612,615) (S 424,614,409) (S 133,250,248) (S 132,248,249) (S 318,248,512) (S 525,408,238) (S 526,238,239) (S 127,239,240) (S 521,239,241) (S 128,241,242) (S 523,241,670) (S 524,670,614) (S 425,614,615) (S 519,612,654) (S 513,654,236) (S 125,236,234) (S 124,234,235) (S 497,235,485) (S 7,21,22) (S 8,21,23) (D 0,0,0)
 0 1 24 167668 9193  9 (D 0,0,0) (S 212,370,154) (S 75,157,149) (S 45,95,96) (S 254,65,427) (S 764,427,799) (S 255,428,67) (S 74,66,148) (D 0,0,0)
 0 1 25 167981 8952  14 (D 0,0,0) (S 220,379,380) (S 89,37,172) (S 90,172,80) (S 93,80,173) (S 170,173,308) (S 250,308,421) (S 730,421,783) (S 727,783,278) (S 152,278,279) (S 723,781,782) (S 722,781,420) (S 724,420,37) (D 0,0,0)
 0 1 26 167574 6073  22 (D 0,0,0) (S 392,24,586) (S 404,191,594) (S 400,593,594) (S 408,594,186) (S 99,186,185) (S 383,581,578) (S 412,599,176) (S 94,175,176) (S 413,176,580) (S 414,597,600) (S 411,597,598) (S 382,578,579) (S 388,581,189) (S 390,189,141) (S 71,141,142) (S 410,142,190) (S 102,190,140) (S 70,140,139) (S 360,139,557) (S 362,557,559) (D 0,0,0)
 0 1 27 163683 9814  14 (D 0,0,0) (S 169,306,307) (S 758,805,806) (S 759,423,300) (S 166,301,277) (S 150,277,274) (S 146,274,275) (S 147,275,166) (S 83,166,163) (S 394,164,588) (S 393,587,169) (S 276,455,304) (S 96,182,183) (D 0,0,0)
 0 1 28 166804 8592  15 (D 0,0,0) (S 426,199,616) (S 191,51,342) (S 42,85,84) (S 47,84,99) (S 645,102,746) (S 649,746,748) (S 719,778,747) (S 648,747,528) (S 310,503,502) (S 713,502,778) (S 718,778,292) (S 159,289,295) (S 198,283,348) (D 0,0,0)
 0 1 29 166994 8579  14 (D 0,0,0) (S 332,533,340) (S 185,331,332) (S 616,707,728) (S 613,728,511) (S 622,738,737) (S 620,737,736) (S 621,736,58) (S 584,57,712) (S 588,322,716) (S 599,716,721) (S 595,721,720) (S 601,719,324) (D 0,0,0)
 0 1 30 167125 6668  14 (D 0,0,0) (S 239,237,402) (S 243,402,407) (S 205,357,358) (S 661,357,752) (S 671,178,760) (S 668,351,758) (S 669,758,759) (S 662,754,353) (S 203,353,352) (S 202,352,351) (S 655,751,752) (S 107,199,200) (D 0,0,0)
 0 1 31 166582 7195  9 (D 0,0,0) (S 20,49,50) (S 193,46,344) (S 192,54,343) (S 643,545,335) (S 642,744,339) (S 640,745,533) (S 639,745,546) (D 0,0,0)
 0 1 32 167641 9141  16 (D 0,0,0) (S 48,102,101) (S 711,777,295) (S 717,289,779) (S 716,779,778) (S 328,527,293) (S 624,285,739) (S 625,739,731) (S 626,740,741) (S 615,731,730) (S 629,730,742) (S 627,742,48) (S 24,48,59) (S 25,61,60) (S 31,60,55) (D 0,0,0)
 0 1 33 167372 6571  15 (D 0,0,0) (S 427,199,617) (S 522,615,670) (S 126,238,237) (S 242,407,247) (S 319,513,514) (S 657,514,357) (S 98,183,184) (S 201,350,184) (S 143,184,266) (S 301,45,491) (S 134,252,129) (S 300,251,130) (S 298,490,86) (D 0,0,0)
 0 1 34 159570 2405  8 (D 0,0,0) (S 422,606,610) (S 452,607,622) (S 436,622,213) (S 434,213,620) (S 442,620,609) (S 106,198,197) (D 0,0,0)
 0 1 35 167317 10070  14 (D 0,0,0) (S 91,171,169) (S 263,163,442) (S 770,442,274) (S 771,274,809) (S 766,809,424) (S 253,424,167) (S 84,167,165) (S 82,165,166) (S 81,163,164) (S 85,164,168) (S 86,168,169) (S 658,514,49) (D 0,0,0)
 0 1 36 166808 7181  15 (D 0,0,0) (S 537,611,677) (S 536,246,584) (S 384,245,582) (S 386,582,49) (S 200,349,181) (S 721,774,780) (S 703,774,267) (S 667,147,757) (S 670,754,758) (S 672,753,356) (S 204,356,355) (S 673,355,761) (S 674,355,751) (D 0,0,0)
 0 1 37 166772 7932  18 (D 0,0,0) (S 138,32,259) (S 545,259,683) (S 547,685,35) (S 14,33,34) (S 551,685,692) (S 548,686,687) (S 549,688,690) (S 558,682,693) (S 560,693,695) (S 561,695,561) (S 366,561,263) (S 141,263,262) (S 172,309,310) (S 291,135,482) (S 512,482,660) (S 420,198,608) (D 0,0,0)
 0 1 38 159036 4714  15 (D 0,0,0) (S 67,131,132) (S 303,132,229) (S 121,229,230) (S 122,230,231) (S 320,515,7) (S 11,6,29) (S 2,9,10) (S 489,10,5) (S 488,5,40) (S 16,40,39) (S 120,38,228) (S 499,414,657) (S 500,657,658) (D 0,0,0)
 0 1 39 167229 9831  15 (D 0,0,0) (S 590,712,569) (S 374,569,52) (S 21,52,47) (S 280,458,42) (S 22,42,56) (S 17,42,41) (S 317,47,510) (S 372,510,566) (S 619,734,735) (S 618,735,728) (S 189,340,339) (S 509,653,483) (S 289,483,134) (D 0,0,0)
 0 1 40 164987 8599  12 (D 0,0,0) (S 324,309,519) (S 326,519,520) (S 23,57,58) (S 623,736,733) (S 183,327,328) (S 373,327,52) (S 27,52,58) (S 28,57,44) (S 18,43,44) (S 19,44,48) (D 0,0,0)
 0 1 41 166094 7947  9 (D 0,0,0) (S 34,73,72) (S 35,74,75) (S 273,75,451) (S 271,451,449) (S 269,449,448) (S 270,448,76) (S 196,348,347) (D 0,0,0)
 0 1 42 167915 8977  15 (D 0,0,0) (S 381,23,573) (S 44,93,94) (S 699,204,773) (S 698,773,158) (S 88,145,36) (S 705,36,381) (S 316,37,509) (S 168,302,303) (S 777,810,811) (S 779,811,69) (S 778,456,287) (S 339,287,506) (S 344,545,547) (D 0,0,0)
 0 1 43 167489 7664  16 (D 0,0,0) (S 675,589,762) (S 697,396,377) (S 696,377,773) (S 79,158,159) (S 221,159,381) (S 702,381,382) (S 222,382,383) (S 704,382,378) (S 706,379,109) (S 709,775,776) (S 710,776,106) (S 195,347,180) (S 197,180,182) (S 656,183,752) (D 0,0,0)
 0 1 44 166592 5691  21 (D 0,0,0) (S 108,201,202) (S 498,656,480) (S 294,485,484) (S 517,484,236) (S 514,612,666) (S 528,667,672) (S 529,672,673) (S 530,674,673) (S 532,673,675) (S 533,676,675) (S 534,675,671) (S 527,671,672) (S 531,673,669) (S 516,668,669) (S 518,669,667) (S 515,667,243) (S 129,243,244) (S 520,243,666) (S 292,200,28) (D 0,0,0)
 0 1 45 167900 6447  13 (D 0,0,0) (S 407,572,596) (S 5,16,17) (S 430,618,619) (S 431,619,15) (S 4,14,15) (S 433,619,115) (S 58,115,114) (S 57,114,113) (S 397,113,345) (S 194,345,346) (S 432,115,591) (D 0,0,0)
 0 1 46 167170 7645  8 (D 0,0,0) (S 215,373,160) (S 78,160,152) (S 214,152,372) (S 692,395,770) (S 687,767,373) (S 209,365,366) (D 0,0,0)
 0 1 47 167654 6897  11 (D 0,0,0) (S 364,558,524) (S 405,595,94) (S 226,94,111) (S 55,111,110) (S 218,377,110) (S 56,110,112) (S 701,112,756) (S 666,354,757) (S 665,353,755) (D 0,0,0)
 0 1 48 166995 9912  13 (D 0,0,0) (S 87,170,171) (S 261,275,440) (S 768,165,440) (S 769,440,424) (S 767,809,301) (S 148,277,276) (S 772,443,444) (S 223,306,308) (S 32,70,69) (S 38,69,77) (S 278,77,288) (D 0,0,0)
 0 1 49 141280 3946  15 (D 0,0,0) (S 114,215,214) (S 451,214,628) (S 453,628,209) (S 456,209,415) (S 246,415,223) (S 118,223,222) (S 475,222,634) (S 474,634,489) (S 297,489,487) (S 295,486,38) (S 307,38,488) (S 296,488,132) (S 113,211,212) (D 0,0,0)
 0 1 50 167749 6951  11 (D 0,0,0) (S 664,94,755) (S 663,755,756) (S 700,112,204) (S 110,204,203) (S 211,203,369) (S 109,203,162) (S 80,162,146) (S 73,146,147) (S 660,147,349) (D 0,0,0)
 0 1 51 86113 1794  7 (D 0,0,0) (S 379,575,195) (S 416,574,193) (S 415,193,601) (S 104,193,194) (S 105,194,196) (D 0,0,0)
 0 1 52 167355 6467  13 (D 0,0,0) (S 131,247,50) (S 652,749,750) (S 654,750,343) (S 653,343,547) (S 343,547,333) (S 186,333,334) (S 342,333,546) (S 568,53,697) (S 569,697,696) (S 323,119,88) (S 290,134,484) (D 0,0,0)
 0 1 53 167097 5229  15 (D 0,0,0) (S 493,654,138) (S 68,138,134) (S 6,18,19) (S 321,516,497) (S 541,517,652) (S 490,650,651) (S 491,652,492) (S 302,492,232) (S 123,232,233) (S 478,646,413) (S 245,413,414) (S 444,627,621) (S 435,621,212) (D 0,0,0)
 0 1 54 167933 8696  16 (D 0,0,0) (S 345,506,544) (S 49,101,103) (S 158,293,291) (S 157,281,284) (S 153,284,285) (S 154,286,174) (S 586,286,713) (S 650,713,739) (S 651,739,743) (S 628,743,730) (S 617,730,732) (S 614,729,500) (S 644,531,337) (S 188,337,338) (D 0,0,0)
 0 1 55 163564 4942  10 (D 0,0,0) (S 322,474,87) (S 135,253,254) (S 540,253,128) (S 66,128,130) (S 299,130,490) (S 539,490,643) (S 494,412,653) (S 492,653,138) (D 0,0,0)
 0 1 56 167767 9030  26 (D 0,0,0) (S 293,200,485) (S 287,476,477) (S 359,521,556) (S 181,324,322) (S 179,322,321) (S 282,460,321) (S 178,321,319) (S 177,319,320) (S 371,319,568) (S 612,722,706) (S 576,706,705) (S 582,711,705) (S 581,709,710) (S 580,709,705) (S 577,705,700) (S 571,700,701) (S 575,700,702) (S 572,702,703) (S 573,704,699) (S 570,699,698) (S 574,698,530) (S 65,126,127) (S 566,127,318) (S 567,318,564) (D 0,0,0)
 0 1 57 167809 9175  15 (D 0,0,0) (S 636,547,336) (S 638,338,532) (S 184,329,330) (S 632,504,291) (S 268,280,447) (S 630,281,743) (S 333,535,530) (S 331,530,124) (S 63,125,123) (S 281,126,459) (S 354,459,554) (S 355,554,317) (S 350,551,552) (D 0,0,0)
 0 1 58 166880 4755  18 (D 0,0,0) (S 538,677,678) (S 535,677,246) (S 130,246,245) (S 385,245,584) (S 387,584,583) (S 389,523,141) (S 101,189,190) (S 409,190,594) (S 103,191,192) (S 403,191,187) (S 100,187,188) (S 402,187,586) (S 399,586,592) (S 401,592,585) (S 391,585,24) (S 9,24,21) (D 0,0,0)
 0 1 59 167550 7062  12 (D 0,0,0) (S 395,591,590) (S 396,589,364) (S 208,364,363) (S 43,90,91) (S 77,145,159) (S 216,159,374) (S 230,363,396) (S 676,397,762) (S 678,762,360) (S 677,360,763) (D 0,0,0)
 0 1 60 167533 8182  12 (D 0,0,0) (S 233,363,374) (S 262,152,441) (S 726,441,279) (S 151,279,161) (S 251,153,422) (S 213,151,371) (S 231,367,372) (S 229,395,373) (S 398,591,572) (S 376,572,523) (D 0,0,0)
 0 1 61 167499 9455  14 (D 0,0,0) (S 346,255,257) (S 554,554,127) (S 64,126,123) (S 61,122,123) (S 62,123,124) (S 180,323,324) (S 589,718,712) (S 583,57,708) (S 579,708,707) (S 585,707,713) (S 156,280,291) (S 272,449,450) (D 0,0,0)
