441284
61
3607500
3438093
 0 1 1 163678 3457  13 (D 0,0,0) (S 378,576,575) (S 447,626,215) (S 111,207,208) (S 112,208,210) (S 248,419,403) (S 240,403,401) (S 238,401,398) (S 235,398,206) (S 236,205,399) (S 237,399,400) (S 241,400,404) (D 0,0,0)
 0 1 2 161931 5238  21 (D 0,0,0) (S 446,215,208) (S 457,631,221) (S 458,221,217) (S 175,315,316) (S 463,315,498) (S 308,498,495) (S 305,495,4) (S 306,4,496) (S 470,496,640) (S 471,640,641) (S 473,642,638) (S 472,638,639) (S 467,638,637) (S 466,636,635) (S 468,635,4) (S 1,4,3) (S 465,2,218) (S 117,221,220) (S 462,220,632) (D 0,0,0)
 0 1 3 137589 4151  21 (D 0,0,0) (S 439,626,625) (S 450,629,630) (S 454,630,214) (S 451,214,628) (S 453,628,209) (S 279,209,457) (S 484,414,228) (S 485,131,645) (S 487,645,494) (S 303,229,132) (S 296,132,488) (S 307,488,38) (S 295,38,486) (S 297,487,489) (S 474,489,634) (S 476,222,416) (S 443,457,627) (S 444,627,621) (S 435,621,212) (D 0,0,0)
 0 1 4 166604 4278  18 (D 0,0,0) (S 113,212,211) (S 448,211,628) (S 456,209,415) (S 246,415,223) (S 118,223,222) (S 475,222,634) (S 464,634,2) (S 116,218,217) (S 115,217,216) (S 461,216,633) (S 459,216,631) (S 460,631,632) (S 445,419,208) (S 114,215,214) (S 455,630,625) (S 438,625,212) (D 0,0,0)
 0 1 5 151988 4085  18 (D 0,0,0) (S 434,213,620) (S 437,624,623) (S 511,658,660) (S 512,660,482) (S 291,482,135) (S 508,479,663) (S 247,226,418) (S 483,516,224) (S 480,648,649) (S 481,648,647) (S 119,227,226) (S 505,406,663) (S 507,663,662) (S 510,662,661) (S 504,661,137) (S 502,137,659) (D 0,0,0)
 0 1 6 167302 5187  16 (D 0,0,0) (S 501,660,659) (S 503,659,136) (S 69,136,135) (S 288,135,479) (S 321,516,497) (S 541,517,652) (S 490,650,651) (S 491,652,492) (S 302,492,232) (S 123,232,233) (S 304,232,493) (S 479,232,646) (S 245,413,414) (S 499,414,657) (D 0,0,0)
 0 1 7 167741 4659  14 (D 0,0,0) (S 486,228,133) (S 67,131,132) (S 121,229,230) (S 122,230,231) (S 320,515,7) (S 11,6,29) (S 2,9,10) (S 489,10,5) (S 488,5,40) (S 16,40,39) (S 120,38,228) (S 449,627,211) (D 0,0,0)
 0 1 8 167913 3383  11 (D 0,0,0) (S 452,607,622) (S 436,622,213) (S 440,457,417) (S 244,411,410) (S 482,405,647) (S 477,647,646) (S 478,646,413) (S 506,664,657) (S 500,657,658) (D 0,0,0)
 0 1 9 163809 4310  20 (D 0,0,0) (S 441,577,609) (S 442,609,620) (S 517,484,236) (S 513,236,654) (S 519,654,612) (S 522,615,670) (S 523,670,241) (S 128,241,242) (S 521,241,239) (S 127,239,240) (S 526,239,238) (S 525,238,408) (S 318,248,512) (S 132,248,249) (S 133,248,250) (S 424,409,614) (S 428,613,617) (S 292,200,28) (D 0,0,0)
 0 1 10 166667 6598  14 (D 0,0,0) (S 379,575,195) (S 537,611,677) (S 538,677,678) (S 536,246,584) (S 387,584,583) (S 398,572,591) (S 432,591,115) (S 431,619,15) (S 4,14,15) (S 433,619,115) (S 194,346,345) (S 395,590,591) (D 0,0,0)
 0 1 11 165540 2791  11 (D 0,0,0) (S 105,196,194) (S 104,194,193) (S 415,193,601) (S 416,193,574) (S 106,197,198) (S 420,198,608) (S 419,198,607) (S 421,607,606) (S 422,606,610) (D 0,0,0)
 0 1 12 46970 1004  8 (D 0,0,0) (S 418,605,603) (S 417,603,604) (S 283,461,462) (S 286,466,467) (S 284,463,464) (S 285,464,465) (D 0,0,0)
 0 1 13 164750 8741  11 (D 0,0,0) (S 214,372,152) (S 151,161,279) (S 262,441,152) (S 78,152,160) (S 249,160,420) (S 724,420,37) (S 316,37,509) (S 15,37,36) (S 43,91,90) (D 0,0,0)
 0 1 14 164398 9647  16 (D 0,0,0) (S 89,37,172) (S 90,172,80) (S 40,80,81) (S 93,80,173) (S 223,308,306) (S 773,306,444) (S 149,270,273) (S 757,273,805) (S 758,806,805) (S 756,805,804) (S 733,788,786) (S 732,786,787) (S 752,787,801) (S 753,801,156) (D 0,0,0)
 0 1 15 166780 6775  19 (D 0,0,0) (S 377,573,560) (S 71,142,141) (S 406,572,595) (S 679,595,763) (S 680,763,359) (S 681,764,359) (S 206,359,360) (S 678,360,762) (S 675,762,589) (S 57,113,114) (S 58,114,115) (S 430,619,618) (S 5,16,17) (S 407,596,572) (S 364,524,558) (S 361,558,27) (S 10,25,26) (D 0,0,0)
 0 1 16 162062 5964  22 (D 0,0,0) (S 363,560,559) (S 362,559,557) (S 360,557,139) (S 70,139,140) (S 102,140,190) (S 101,190,189) (S 390,189,141) (S 389,523,141) (S 388,189,581) (S 383,581,578) (S 382,578,579) (S 413,580,176) (S 94,175,176) (S 412,599,176) (S 411,597,598) (S 414,597,600) (S 99,185,186) (S 408,186,594) (S 403,191,187) (S 392,586,24) (D 0,0,0)
 0 1 17 150391 4077  15 (D 0,0,0) (S 410,142,190) (S 409,190,594) (S 400,593,594) (S 404,594,191) (S 103,191,192) (S 100,187,188) (S 402,187,586) (S 399,586,592) (S 401,592,585) (S 391,585,24) (S 9,24,21) (S 7,21,22) (S 8,21,23) (D 0,0,0)
 0 1 18 167689 7577  17 (D 0,0,0) (S 380,557,523) (S 696,377,773) (S 76,158,143) (S 72,143,144) (S 219,144,378) (S 704,378,382) (S 222,382,383) (S 221,381,159) (S 79,159,158) (S 698,158,773) (S 699,773,204) (S 701,112,756) (S 663,756,755) (S 44,93,94) (S 405,94,595) (D 0,0,0)
 0 1 19 165461 5317  14 (D 0,0,0) (S 423,611,612) (S 425,615,614) (S 524,614,670) (S 126,238,237) (S 243,402,407) (S 469,407,491) (S 301,491,45) (S 20,50,49) (S 384,582,245) (S 130,245,246) (S 535,246,677) (S 426,199,616) (D 0,0,0)
 0 1 20 166774 6882  18 (D 0,0,0) (S 290,484,134) (S 289,134,483) (S 509,483,653) (S 239,237,402) (S 668,351,758) (S 669,758,759) (S 670,758,754) (S 662,754,353) (S 203,353,352) (S 202,352,351) (S 671,760,178) (S 672,753,356) (S 204,356,355) (S 673,355,761) (S 674,355,751) (S 655,751,752) (D 0,0,0)
 0 1 21 166189 7927  15 (D 0,0,0) (S 427,199,617) (S 654,750,343) (S 344,547,545) (S 643,545,335) (S 42,85,84) (S 647,97,529) (S 309,499,501) (S 329,529,528) (S 648,528,747) (S 712,746,97) (S 46,98,99) (S 47,99,84) (S 187,335,336) (D 0,0,0)
 0 1 22 155132 5711  20 (D 0,0,0) (S 108,201,202) (S 498,656,480) (S 495,235,655) (S 496,655,617) (S 520,666,243) (S 518,667,669) (S 516,668,669) (S 531,669,673) (S 529,673,672) (S 527,672,671) (S 534,671,675) (S 533,676,675) (S 532,675,673) (S 530,674,673) (S 528,672,667) (S 515,667,243) (S 129,243,244) (S 514,666,612) (D 0,0,0)
 0 1 23 167652 7678  18 (D 0,0,0) (S 107,200,199) (S 637,336,744) (S 638,338,532) (S 185,331,332) (S 635,332,59) (S 30,59,61) (S 335,61,538) (S 591,538,718) (S 603,718,324) (S 180,324,323) (S 352,505,459) (S 354,459,554) (S 355,554,317) (S 358,317,551) (S 350,551,552) (S 353,551,522) (D 0,0,0)
 0 1 24 166776 6962  9 (D 0,0,0) (S 192,54,343) (S 653,343,547) (S 636,547,336) (S 642,744,339) (S 189,339,340) (S 640,533,745) (S 639,745,546) (D 0,0,0)
 0 1 25 165435 8327  15 (D 0,0,0) (S 343,333,547) (S 340,542,543) (S 341,541,544) (S 190,341,294) (S 49,103,101) (S 714,101,777) (S 711,777,295) (S 272,450,449) (S 273,451,75) (S 35,75,74) (S 36,74,72) (S 33,72,71) (S 155,283,108) (D 0,0,0)
 0 1 26 166679 9131  13 (D 0,0,0) (S 197,182,180) (S 779,69,811) (S 777,810,811) (S 315,303,454) (S 776,508,445) (S 267,445,446) (S 775,445,293) (S 328,293,527) (S 716,778,779) (S 717,779,289) (S 159,289,295) (D 0,0,0)
 0 1 27 163938 8998  13 (D 0,0,0) (S 25,60,61) (S 627,48,742) (S 629,742,730) (S 628,730,743) (S 650,739,713) (S 586,713,286) (S 154,286,174) (S 624,285,739) (S 625,739,731) (S 626,740,741) (S 615,731,730) (D 0,0,0)
 0 1 28 163551 8809  14 (D 0,0,0) (S 24,59,48) (S 19,48,44) (S 621,58,736) (S 623,736,733) (S 619,734,735) (S 622,738,737) (S 620,736,737) (S 618,735,728) (S 613,728,511) (S 616,728,707) (S 617,730,732) (S 184,330,329) (D 0,0,0)
 0 1 29 166919 7897  13 (D 0,0,0) (S 31,55,60) (S 641,60,745) (S 188,338,337) (S 644,337,531) (S 614,500,729) (S 311,504,503) (S 310,503,502) (S 713,502,778) (S 719,778,747) (S 649,748,746) (S 646,100,341) (D 0,0,0)
 0 1 30 166163 9367  15 (D 0,0,0) (S 200,349,181) (S 728,172,783) (S 727,783,278) (S 747,268,801) (S 745,801,800) (S 749,800,803) (S 746,802,803) (S 750,800,786) (S 734,787,272) (S 250,421,308) (S 170,308,173) (S 32,70,69) (S 38,69,77) (D 0,0,0)
 0 1 31 167136 8603  12 (D 0,0,0) (S 589,718,712) (S 590,712,569) (S 374,569,52) (S 27,52,58) (S 23,58,57) (S 28,57,44) (S 18,43,44) (S 134,252,129) (S 300,251,130) (S 298,490,86) (D 0,0,0)
 0 1 32 166888 6482  12 (D 0,0,0) (S 385,584,245) (S 386,582,49) (S 319,513,514) (S 657,514,357) (S 205,357,358) (S 661,357,752) (S 98,183,184) (S 201,350,184) (S 143,184,266) (S 429,615,612) (D 0,0,0)
 0 1 33 166429 9356  12 (D 0,0,0) (S 656,752,183) (S 92,173,170) (S 87,170,171) (S 41,82,83) (S 165,82,297) (S 163,297,277) (S 148,277,276) (S 266,270,444) (S 772,444,443) (S 265,443,170) (D 0,0,0)
 0 1 34 166257 9427  13 (D 0,0,0) (S 339,506,287) (S 168,303,302) (S 274,302,452) (S 275,452,453) (S 393,169,587) (S 263,442,163) (S 81,163,164) (S 394,164,588) (S 276,455,304) (S 277,456,77) (S 278,77,288) (D 0,0,0)
 0 1 35 167790 8970  14 (D 0,0,0) (S 313,347,506) (S 345,506,544) (S 48,102,101) (S 330,502,527) (S 157,281,284) (S 153,284,285) (S 630,281,743) (S 651,743,739) (S 585,713,707) (S 579,707,708) (S 583,708,57) (S 584,57,712) (D 0,0,0)
 0 1 36 167337 7057  13 (D 0,0,0) (S 242,407,247) (S 199,264,116) (S 59,117,118) (S 53,108,104) (S 50,104,105) (S 51,104,106) (S 710,106,776) (S 709,776,775) (S 708,775,146) (S 73,146,147) (S 660,147,349) (D 0,0,0)
 0 1 37 161241 7286  10 (D 0,0,0) (S 658,49,514) (S 96,183,182) (S 703,267,774) (S 721,774,780) (S 720,774,776) (S 52,106,107) (S 54,107,109) (S 707,109,775) (D 0,0,0)
 0 1 38 167693 6625  11 (D 0,0,0) (S 659,751,753) (S 97,177,179) (S 195,180,347) (S 196,347,348) (S 198,348,283) (S 162,108,118) (S 160,118,267) (S 144,267,264) (S 142,264,265) (D 0,0,0)
 0 1 39 167256 7150  13 (D 0,0,0) (S 664,94,755) (S 665,755,353) (S 666,354,757) (S 667,757,147) (S 80,146,162) (S 109,162,203) (S 211,203,369) (S 110,203,204) (S 700,204,112) (S 56,112,110) (S 226,111,94) (D 0,0,0)
 0 1 40 162701 7931  13 (D 0,0,0) (S 207,361,362) (S 230,396,363) (S 233,363,374) (S 216,374,159) (S 77,159,145) (S 88,145,36) (S 705,36,381) (S 702,381,382) (S 220,379,380) (S 706,379,109) (S 95,181,177) (D 0,0,0)
 0 1 41 166157 8446  13 (D 0,0,0) (S 645,102,746) (S 715,777,779) (S 718,778,292) (S 158,293,291) (S 156,291,280) (S 268,280,447) (S 632,291,504) (S 631,504,732) (S 633,729,330) (S 634,330,332) (S 332,340,533) (D 0,0,0)
 0 1 42 167963 7997  10 (D 0,0,0) (S 34,73,72) (S 271,451,449) (S 269,449,448) (S 270,448,76) (S 37,76,70) (S 780,69,456) (S 778,456,287) (S 161,287,282) (D 0,0,0)
 0 1 43 167791 10439  17 (D 0,0,0) (S 91,171,169) (S 86,169,168) (S 85,168,164) (S 83,163,166) (S 147,275,166) (S 82,166,165) (S 768,165,440) (S 84,165,167) (S 253,167,424) (S 766,424,809) (S 771,809,274) (S 150,274,277) (S 166,301,277) (S 164,297,298) (S 167,82,171) (D 0,0,0)
 0 1 44 167763 9796  11 (D 0,0,0) (S 264,443,276) (S 252,271,423) (S 759,423,300) (S 767,301,809) (S 769,424,440) (S 261,440,275) (S 146,275,274) (S 770,274,442) (S 774,171,455) (D 0,0,0)
 0 1 45 164711 6659  12 (D 0,0,0) (S 677,763,360) (S 676,762,397) (S 234,397,111) (S 55,111,110) (S 218,110,377) (S 697,377,396) (S 208,363,364) (S 396,364,589) (S 397,113,345) (S 376,572,523) (D 0,0,0)
 0 1 46 165182 8227  11 (D 0,0,0) (S 692,395,770) (S 690,368,770) (S 691,770,767) (S 688,768,769) (S 686,768,767) (S 687,767,373) (S 314,92,507) (S 232,92,365) (S 209,365,366) (D 0,0,0)
 0 1 47 165626 9043  17 (D 0,0,0) (S 228,394,390) (S 75,157,149) (S 45,95,96) (S 693,155,771) (S 695,771,772) (S 694,771,392) (S 227,393,387) (S 224,387,388) (S 312,468,469) (S 684,470,766) (S 685,766,765) (S 682,765,79) (S 683,79,389) (S 231,367,372) (S 229,395,373) (D 0,0,0)
 0 1 48 166985 9822  11 (D 0,0,0) (S 225,78,384) (S 74,66,148) (S 255,67,428) (S 741,68,428) (S 740,428,799) (S 742,799,429) (S 256,429,430) (S 764,799,427) (S 254,427,65) (D 0,0,0)
 0 1 49 165001 9640  12 (D 0,0,0) (S 763,150,808) (S 765,808,427) (S 743,429,798) (S 257,431,432) (S 739,431,785) (S 731,784,785) (S 748,798,433) (S 744,433,795) (S 761,802,807) (S 762,807,149) (D 0,0,0)
 0 1 50 166688 10747  15 (D 0,0,0) (S 736,795,790) (S 258,435,436) (S 738,797,12) (S 260,12,439) (S 3,12,13) (S 217,296,375) (S 760,375,797) (S 259,437,438) (S 737,437,796) (S 755,796,425) (S 735,794,793) (S 754,788,803) (S 751,800,157) (D 0,0,0)
 0 1 51 154740 8032  8 (D 0,0,0) (S 210,367,368) (S 689,368,765) (S 39,79,78) (S 212,370,154) (S 251,153,422) (S 213,151,371) (D 0,0,0)
 0 1 52 167593 8816  14 (D 0,0,0) (S 730,783,421) (S 729,421,307) (S 169,306,307) (S 171,307,272) (S 145,269,268) (S 152,278,279) (S 726,279,441) (S 725,441,781) (S 723,781,782) (S 722,781,420) (S 215,160,373) (S 381,573,23) (D 0,0,0)
 0 1 53 163455 6321  15 (D 0,0,0) (S 294,485,484) (S 68,134,138) (S 492,138,653) (S 131,247,50) (S 193,46,344) (S 191,51,342) (S 26,53,62) (S 543,679,680) (S 544,679,64) (S 29,63,62) (S 568,53,697) (S 569,697,696) (S 323,119,88) (D 0,0,0)
 0 1 54 164618 8145  25 (D 0,0,0) (S 172,309,310) (S 324,309,519) (S 326,519,520) (S 174,313,314) (S 564,314,562) (S 367,562,563) (S 546,563,684) (S 13,32,31) (S 12,31,30) (S 140,261,30) (S 139,30,260) (S 555,260,534) (S 334,534,537) (S 557,260,691) (S 550,691,565) (S 370,565,564) (S 368,564,553) (S 351,520,313) (S 357,313,311) (S 356,311,263) (S 366,263,561) (S 562,561,262) (S 559,262,518) (D 0,0,0)
 0 1 55 167593 7622  16 (D 0,0,0) (S 141,262,263) (S 173,311,312) (S 563,314,312) (S 565,312,695) (S 558,693,682) (S 551,685,692) (S 547,685,35) (S 14,33,34) (S 548,686,687) (S 549,688,690) (S 545,683,259) (S 138,259,32) (S 560,693,695) (S 561,695,561) (D 0,0,0)
 0 1 56 163168 8988  21 (D 0,0,0) (S 293,200,485) (S 287,476,477) (S 176,317,318) (S 566,318,127) (S 327,525,526) (S 182,325,326) (S 587,714,715) (S 611,715,706) (S 596,722,568) (S 371,568,319) (S 177,319,320) (S 178,319,321) (S 282,460,321) (S 179,321,322) (S 588,322,716) (S 599,716,721) (S 595,721,720) (S 592,720,719) (S 601,719,324) (D 0,0,0)
 0 1 57 167354 10273  19 (D 0,0,0) (S 369,555,562) (S 573,699,704) (S 575,702,700) (S 571,700,701) (S 577,700,705) (S 578,706,570) (S 375,570,568) (S 373,52,327) (S 183,327,328) (S 372,566,510) (S 317,510,47) (S 17,41,42) (S 22,42,56) (S 280,458,42) (S 21,47,52) (S 181,322,324) (S 6,19,18) (D 0,0,0)
 0 1 58 166353 4942  13 (D 0,0,0) (S 322,474,87) (S 135,253,254) (S 540,253,128) (S 66,128,130) (S 299,130,490) (S 539,490,643) (S 494,412,653) (S 493,138,654) (S 125,236,234) (S 124,234,235) (S 497,235,485) (D 0,0,0)
 0 1 59 167707 7371  21 (D 0,0,0) (S 349,478,255) (S 346,255,257) (S 347,257,548) (S 556,550,556) (S 554,554,127) (S 65,127,126) (S 62,123,124) (S 604,124,724) (S 607,724,727) (S 609,727,326) (S 608,326,723) (S 610,723,725) (S 600,723,698) (S 574,698,530) (S 333,535,530) (S 331,530,124) (S 552,536,691) (S 553,691,127) (S 567,318,564) (D 0,0,0)
 0 1 60 167713 9353  23 (D 0,0,0) (S 281,459,126) (S 64,126,123) (S 63,125,123) (S 61,122,123) (S 606,725,726) (S 605,725,714) (S 581,709,710) (S 580,709,705) (S 582,705,711) (S 598,717,722) (S 612,722,706) (S 576,706,705) (S 572,702,703) (S 593,704,721) (S 594,720,699) (S 570,699,698) (S 602,698,719) (S 597,719,535) (S 336,538,323) (S 365,323,556) (S 359,556,521) (D 0,0,0)
 0 1 61 166915 6790  13 (D 0,0,0) (S 652,749,750) (S 186,333,334) (S 342,333,546) (S 337,55,539) (S 338,540,539) (S 348,539,549) (S 60,121,120) (S 542,120,258) (S 137,258,257) (S 136,255,256) (S 325,256,476) (D 0,0,0)
