442407
61
1807496
1532543
 0 1 1 165880 4646  16 (D 0,0,0) (S 378,576,575) (S 437,624,623) (S 499,657,414) (S 120,228,38) (S 16,39,40) (S 488,40,5) (S 489,5,10) (S 2,10,9) (S 11,6,29) (S 320,515,7) (S 122,231,230) (S 121,230,229) (S 487,494,645) (S 485,645,131) (D 0,0,0)
 0 1 2 161709 3825  13 (D 0,0,0) (S 503,659,136) (S 69,136,135) (S 483,516,224) (S 480,648,649) (S 481,648,647) (S 482,647,405) (S 244,410,411) (S 245,413,414) (S 449,627,211) (S 113,211,212) (S 452,622,607) (D 0,0,0)
 0 1 3 151805 4073  19 (D 0,0,0) (S 439,626,625) (S 451,214,628) (S 279,209,457) (S 484,414,228) (S 486,228,133) (S 67,131,132) (S 303,229,132) (S 296,132,488) (S 307,488,38) (S 295,38,486) (S 297,487,489) (S 474,489,634) (S 476,222,416) (S 440,417,457) (S 443,457,627) (S 444,627,621) (S 435,621,212) (D 0,0,0)
 0 1 4 159394 4060  14 (D 0,0,0) (S 448,211,628) (S 453,628,209) (S 456,209,415) (S 246,415,223) (S 118,223,222) (S 475,222,634) (S 464,634,2) (S 115,217,216) (S 461,216,633) (S 459,216,631) (S 460,631,632) (S 447,215,626) (D 0,0,0)
 0 1 5 166456 3821  18 (D 0,0,0) (S 112,208,210) (S 111,207,208) (S 445,208,419) (S 241,400,404) (S 237,400,399) (S 236,399,205) (S 235,206,398) (S 238,398,401) (S 240,401,403) (S 248,403,419) (S 446,208,215) (S 114,215,214) (S 454,214,630) (S 450,629,630) (S 455,630,625) (S 438,625,212) (D 0,0,0)
 0 1 6 163072 8201  24 (D 0,0,0) (S 512,660,482) (S 172,309,310) (S 351,520,313) (S 357,313,311) (S 173,311,312) (S 563,314,312) (S 565,312,695) (S 560,695,693) (S 13,32,31) (S 12,31,30) (S 140,261,30) (S 139,30,260) (S 555,260,534) (S 334,534,537) (S 557,260,691) (S 550,691,565) (S 367,563,562) (S 564,562,314) (S 174,314,313) (S 356,311,263) (S 366,263,561) (S 562,561,262) (D 0,0,0)
 0 1 7 167177 6510  17 (D 0,0,0) (S 294,485,484) (S 290,484,134) (S 289,134,483) (S 349,478,255) (S 346,255,257) (S 137,257,258) (S 542,258,120) (S 60,120,121) (S 348,549,539) (S 338,540,539) (S 337,539,55) (S 544,64,679) (S 543,679,680) (S 494,412,653) (S 509,653,483) (D 0,0,0)
 0 1 8 161072 4927  8 (D 0,0,0) (S 424,614,409) (S 539,643,490) (S 299,490,130) (S 66,130,128) (S 540,128,253) (S 135,253,254) (D 0,0,0)
 0 1 9 167724 7628  16 (D 0,0,0) (S 559,518,262) (S 141,262,263) (S 561,561,695) (S 558,693,682) (S 549,688,690) (S 548,687,686) (S 551,685,692) (S 547,685,35) (S 14,33,34) (S 545,683,259) (S 138,259,32) (S 546,684,563) (S 369,562,555) (S 324,519,309) (D 0,0,0)
 0 1 10 167638 7968  25 (D 0,0,0) (S 287,476,477) (S 353,522,551) (S 350,551,552) (S 355,317,554) (S 354,554,459) (S 281,459,126) (S 61,122,123) (S 63,125,123) (S 62,123,124) (S 604,124,724) (S 607,724,727) (S 609,727,326) (S 182,326,325) (S 327,525,526) (S 552,536,691) (S 553,691,127) (S 554,127,554) (S 556,556,550) (S 347,548,257) (S 136,255,256) (S 325,256,476) (S 322,87,474) (S 6,19,18) (D 0,0,0)
 0 1 11 163750 5337  18 (D 0,0,0) (S 429,612,615) (S 522,615,670) (S 523,670,241) (S 128,241,242) (S 521,241,239) (S 127,239,240) (S 526,239,238) (S 525,238,408) (S 318,248,512) (S 132,248,249) (S 133,248,250) (S 242,407,247) (S 386,49,582) (S 384,582,245) (S 130,245,246) (S 538,677,678) (D 0,0,0)
 0 1 12 166171 6891  15 (D 0,0,0) (S 537,611,677) (S 385,584,245) (S 29,62,63) (S 652,749,750) (S 654,750,343) (S 343,547,333) (S 186,333,334) (S 342,333,546) (S 639,546,745) (S 641,745,60) (S 31,60,55) (S 191,51,342) (S 68,138,134) (D 0,0,0)
 0 1 13 167530 7344  16 (D 0,0,0) (S 380,557,523) (S 680,763,359) (S 681,764,359) (S 206,359,360) (S 676,762,397) (S 207,361,362) (S 234,397,111) (S 226,111,94) (S 405,94,595) (S 679,595,763) (S 677,763,360) (S 678,360,762) (S 675,762,589) (S 395,590,591) (D 0,0,0)
 0 1 14 167691 6778  14 (D 0,0,0) (S 398,572,591) (S 209,366,365) (S 233,374,363) (S 230,363,396) (S 697,396,377) (S 218,377,110) (S 55,110,111) (S 406,595,572) (S 376,572,523) (S 364,524,558) (S 361,558,27) (S 10,25,26) (D 0,0,0)
 0 1 15 167436 9994  15 (D 0,0,0) (S 314,92,507) (S 43,90,91) (S 88,145,36) (S 89,37,172) (S 90,172,80) (S 40,80,81) (S 93,80,173) (S 170,173,308) (S 250,308,421) (S 729,421,307) (S 169,307,306) (S 223,306,308) (S 426,199,616) (D 0,0,0)
 0 1 16 167002 5226  15 (D 0,0,0) (S 293,200,485) (S 517,484,236) (S 493,654,138) (S 492,138,653) (S 239,237,402) (S 469,407,491) (S 301,491,45) (S 193,46,344) (S 131,50,247) (S 243,407,402) (S 126,237,238) (S 524,670,614) (S 425,614,615) (D 0,0,0)
 0 1 17 166586 5693  23 (D 0,0,0) (S 124,235,234) (S 125,234,236) (S 513,236,654) (S 519,654,612) (S 514,612,666) (S 520,666,243) (S 515,243,667) (S 518,667,669) (S 516,668,669) (S 531,669,673) (S 530,674,673) (S 532,673,675) (S 533,676,675) (S 534,675,671) (S 527,671,672) (S 529,673,672) (S 528,672,667) (S 129,243,244) (S 428,613,617) (S 427,617,199) (S 8,23,21) (D 0,0,0)
 0 1 18 142696 3065  12 (D 0,0,0) (S 7,21,22) (S 392,24,586) (S 399,586,592) (S 401,592,585) (S 391,585,24) (S 9,24,21) (S 416,574,193) (S 415,193,601) (S 104,193,194) (S 105,194,196) (D 0,0,0)
 0 1 19 157451 3991  19 (D 0,0,0) (S 379,575,195) (S 441,577,609) (S 500,658,657) (S 506,657,664) (S 478,413,646) (S 477,646,647) (S 119,227,226) (S 247,418,226) (S 505,406,663) (S 507,663,662) (S 510,662,661) (S 504,661,137) (S 502,137,659) (S 501,659,660) (S 511,660,658) (S 420,198,608) (S 106,198,197) (D 0,0,0)
 0 1 20 154220 5092  13 (D 0,0,0) (S 292,28,200) (S 291,482,135) (S 288,135,479) (S 321,516,497) (S 541,517,652) (S 490,650,651) (S 491,652,492) (S 302,492,232) (S 304,232,493) (S 123,232,233) (S 479,232,646) (D 0,0,0)
 0 1 21 166861 5238  21 (D 0,0,0) (S 462,632,220) (S 117,220,221) (S 175,315,316) (S 463,315,498) (S 308,498,495) (S 305,495,4) (S 306,4,496) (S 470,496,640) (S 471,640,641) (S 473,642,638) (S 472,638,639) (S 467,638,637) (S 466,636,635) (S 468,635,4) (S 1,4,3) (S 465,2,218) (S 116,218,217) (S 458,217,221) (S 457,221,631) (D 0,0,0)
 0 1 22 156664 2372  8 (D 0,0,0) (S 422,606,610) (S 421,606,607) (S 419,607,198) (S 442,609,620) (S 434,620,213) (S 436,213,622) (D 0,0,0)
 0 1 23 166864 9399  13 (D 0,0,0) (S 381,23,573) (S 45,95,96) (S 74,66,148) (S 255,67,428) (S 740,428,799) (S 764,799,427) (S 254,427,65) (S 75,149,157) (S 695,771,772) (S 228,390,394) (S 396,364,589) (D 0,0,0)
 0 1 24 165155 7478  14 (D 0,0,0) (S 44,93,94) (S 664,94,755) (S 665,755,353) (S 666,354,757) (S 667,757,147) (S 708,146,775) (S 709,775,776) (S 52,106,107) (S 54,107,109) (S 707,109,775) (S 703,774,267) (S 95,181,177) (D 0,0,0)
 0 1 25 164680 8433  14 (D 0,0,0) (S 363,560,559) (S 232,365,92) (S 213,371,151) (S 693,155,771) (S 694,771,392) (S 224,387,388) (S 227,393,387) (S 312,468,469) (S 684,470,766) (S 685,766,765) (S 689,765,368) (S 210,368,367) (D 0,0,0)
 0 1 26 163979 4720  18 (D 0,0,0) (S 362,559,557) (S 360,557,139) (S 70,139,140) (S 102,140,190) (S 410,190,142) (S 71,142,141) (S 390,141,189) (S 389,141,523) (S 387,583,584) (S 536,584,246) (S 535,246,677) (S 496,617,655) (S 495,655,235) (S 497,235,485) (S 498,480,656) (S 108,202,201) (D 0,0,0)
 0 1 27 139938 5969  20 (D 0,0,0) (S 409,594,190) (S 101,190,189) (S 388,189,581) (S 382,578,579) (S 414,597,600) (S 411,597,598) (S 412,599,176) (S 94,175,176) (S 413,176,580) (S 383,578,581) (S 99,185,186) (S 408,186,594) (S 400,593,594) (S 404,594,191) (S 103,191,192) (S 403,191,187) (S 100,187,188) (S 402,187,586) (D 0,0,0)
 0 1 28 46970 1004  8 (D 0,0,0) (S 418,605,603) (S 417,603,604) (S 283,461,462) (S 285,464,465) (S 284,463,464) (S 286,466,467) (D 0,0,0)
 0 1 29 166693 8499  15 (D 0,0,0) (S 107,200,199) (S 96,183,182) (S 197,182,180) (S 278,288,77) (S 277,77,456) (S 32,69,70) (S 276,304,455) (S 275,453,452) (S 274,452,302) (S 777,810,811) (S 779,811,69) (S 780,69,456) (S 778,456,287) (D 0,0,0)
 0 1 30 166422 8160  12 (D 0,0,0) (S 33,71,72) (S 36,72,74) (S 35,74,75) (S 270,76,448) (S 269,448,449) (S 159,289,295) (S 711,295,777) (S 48,101,102) (S 341,544,541) (S 340,542,543) (D 0,0,0)
 0 1 31 160390 7981  14 (D 0,0,0) (S 344,547,545) (S 643,545,335) (S 712,97,746) (S 715,777,779) (S 716,779,778) (S 713,778,502) (S 310,502,503) (S 329,528,529) (S 647,529,97) (S 46,98,99) (S 47,99,84) (S 42,84,85) (D 0,0,0)
 0 1 32 167660 9073  16 (D 0,0,0) (S 642,339,744) (S 184,329,330) (S 633,330,729) (S 628,730,743) (S 630,743,281) (S 154,286,174) (S 586,286,713) (S 624,739,285) (S 153,285,284) (S 157,284,281) (S 156,280,291) (S 717,289,779) (S 714,777,101) (S 49,101,103) (D 0,0,0)
 0 1 33 165950 9182  10 (D 0,0,0) (S 315,303,454) (S 776,508,445) (S 267,445,446) (S 775,445,293) (S 158,293,291) (S 268,280,447) (S 632,291,504) (S 309,499,501) (D 0,0,0)
 0 1 34 167379 9017  13 (D 0,0,0) (S 649,746,748) (S 648,747,528) (S 311,503,504) (S 631,504,732) (S 626,740,741) (S 613,728,511) (S 616,728,707) (S 579,707,708) (S 28,57,44) (S 18,43,44) (S 25,61,60) (D 0,0,0)
 0 1 35 167014 8580  12 (D 0,0,0) (S 589,718,712) (S 590,712,569) (S 374,569,52) (S 373,52,327) (S 619,734,735) (S 618,728,735) (S 622,738,737) (S 620,737,736) (S 621,736,58) (S 23,58,57) (D 0,0,0)
 0 1 36 164537 9818  12 (D 0,0,0) (S 27,58,52) (S 21,52,47) (S 17,41,42) (S 280,458,42) (S 22,42,56) (S 317,47,510) (S 372,510,566) (S 183,327,328) (S 623,733,736) (S 584,57,712) (D 0,0,0)
 0 1 37 167682 9042  14 (D 0,0,0) (S 180,323,324) (S 181,324,322) (S 583,57,708) (S 585,707,713) (S 650,713,739) (S 651,743,739) (S 625,739,731) (S 615,731,730) (S 188,337,338) (S 568,53,697) (S 569,697,696) (S 323,119,88) (D 0,0,0)
 0 1 38 167900 9363  30 (D 0,0,0) (S 352,459,505) (S 597,535,719) (S 592,719,720) (S 594,720,699) (S 593,704,721) (S 599,721,716) (S 588,716,322) (S 179,322,321) (S 282,460,321) (S 178,321,319) (S 177,319,320) (S 371,319,568) (S 375,568,570) (S 578,570,706) (S 576,706,705) (S 582,711,705) (S 580,705,709) (S 581,709,710) (S 577,705,700) (S 571,700,701) (S 575,700,702) (S 572,702,703) (S 573,704,699) (S 570,699,698) (S 64,123,126) (S 65,126,127) (S 176,318,317) (S 358,317,551) (D 0,0,0)
 0 1 39 167735 7238  11 (D 0,0,0) (S 359,521,556) (S 365,556,323) (S 336,323,538) (S 30,61,59) (S 635,59,332) (S 634,330,332) (S 185,332,331) (S 189,340,339) (S 20,50,49) (D 0,0,0)
 0 1 40 165029 6844  13 (D 0,0,0) (S 658,49,514) (S 319,513,514) (S 657,514,357) (S 205,357,358) (S 655,752,751) (S 674,751,355) (S 673,355,761) (S 204,355,356) (S 672,356,753) (S 659,753,751) (S 661,752,357) (D 0,0,0)
 0 1 41 167516 7146  16 (D 0,0,0) (S 671,178,760) (S 202,351,352) (S 203,352,353) (S 662,353,754) (S 670,754,758) (S 669,758,759) (S 668,758,351) (S 656,752,183) (S 98,183,184) (S 201,350,184) (S 143,184,266) (S 134,252,129) (S 300,251,130) (S 298,490,86) (D 0,0,0)
 0 1 42 167176 8139  12 (D 0,0,0) (S 423,611,612) (S 34,73,72) (S 273,75,451) (S 271,451,449) (S 272,449,450) (S 328,293,527) (S 330,527,502) (S 719,778,747) (S 645,746,102) (S 313,506,347) (D 0,0,0)
 0 1 43 164334 7186  12 (D 0,0,0) (S 199,264,116) (S 59,117,118) (S 53,108,104) (S 50,104,105) (S 51,104,106) (S 710,106,776) (S 720,776,774) (S 721,774,780) (S 142,264,265) (S 97,177,179) (D 0,0,0)
 0 1 44 167445 7472  14 (D 0,0,0) (S 200,349,181) (S 160,267,118) (S 162,118,108) (S 155,108,283) (S 161,282,287) (S 190,294,341) (S 646,341,100) (S 345,544,506) (S 339,506,287) (S 198,283,348) (S 196,348,347) (S 195,347,180) (D 0,0,0)
 0 1 45 166753 8770  12 (D 0,0,0) (S 144,264,267) (S 704,378,382) (S 705,381,36) (S 15,36,37) (S 316,37,509) (S 728,172,783) (S 730,783,421) (S 727,783,278) (S 214,152,372) (S 229,395,373) (D 0,0,0)
 0 1 46 166368 8474  13 (D 0,0,0) (S 696,377,773) (S 698,773,158) (S 77,159,145) (S 78,160,152) (S 262,152,441) (S 249,420,160) (S 215,160,373) (S 687,373,767) (S 688,768,769) (S 686,768,767) (S 691,767,770) (D 0,0,0)
 0 1 47 166984 10428  14 (D 0,0,0) (S 753,156,801) (S 745,801,800) (S 257,431,432) (S 739,431,785) (S 731,784,785) (S 258,435,436) (S 259,437,438) (S 760,797,375) (S 756,804,805) (S 757,805,273) (S 149,273,270) (S 171,272,307) (D 0,0,0)
 0 1 48 166842 9418  12 (D 0,0,0) (S 773,306,444) (S 772,444,443) (S 264,443,276) (S 148,276,277) (S 163,277,297) (S 165,297,82) (S 41,82,83) (S 167,82,171) (S 774,171,455) (S 718,292,778) (D 0,0,0)
 0 1 49 167800 8502  18 (D 0,0,0) (S 187,336,335) (S 644,337,531) (S 614,500,729) (S 617,732,730) (S 629,730,742) (S 627,742,48) (S 19,48,44) (S 24,48,59) (S 335,61,538) (S 591,538,718) (S 603,718,324) (S 601,324,719) (S 602,719,698) (S 608,723,326) (S 370,565,564) (S 368,564,553) (D 0,0,0)
 0 1 50 167409 8467  19 (D 0,0,0) (S 574,530,698) (S 600,698,723) (S 610,723,725) (S 606,725,726) (S 605,725,714) (S 587,714,715) (S 611,715,706) (S 612,706,722) (S 596,722,568) (S 598,722,717) (S 595,721,720) (S 333,535,530) (S 331,530,124) (S 566,127,318) (S 567,318,564) (S 326,520,519) (S 508,479,663) (D 0,0,0)
 0 1 51 167955 6962  10 (D 0,0,0) (S 26,53,62) (S 192,54,343) (S 653,343,547) (S 636,547,336) (S 637,336,744) (S 638,338,532) (S 332,340,533) (S 640,533,745) (D 0,0,0)
 0 1 52 166388 10340  15 (D 0,0,0) (S 86,169,168) (S 85,168,164) (S 263,163,442) (S 770,442,274) (S 261,275,440) (S 253,424,167) (S 84,167,165) (S 82,165,166) (S 83,166,163) (S 81,163,164) (S 394,164,588) (S 91,169,171) (S 87,171,170) (D 0,0,0)
 0 1 53 167635 10179  14 (D 0,0,0) (S 164,297,298) (S 771,274,809) (S 767,809,301) (S 166,301,277) (S 150,277,274) (S 766,809,424) (S 769,424,440) (S 768,440,165) (S 147,166,275) (S 146,275,274) (S 393,587,169) (S 168,302,303) (D 0,0,0)
 0 1 54 167182 8840  15 (D 0,0,0) (S 706,109,379) (S 724,37,420) (S 722,420,781) (S 723,781,782) (S 725,781,441) (S 726,441,279) (S 747,268,801) (S 752,801,787) (S 734,787,272) (S 145,269,268) (S 152,278,279) (S 151,279,161) (S 231,367,372) (D 0,0,0)
 0 1 55 167909 10105  16 (D 0,0,0) (S 377,573,560) (S 751,157,800) (S 749,803,800) (S 750,800,786) (S 732,786,787) (S 733,786,788) (S 758,805,806) (S 759,423,300) (S 252,423,271) (S 266,270,444) (S 265,443,170) (S 92,170,173) (S 37,76,70) (S 38,69,77) (D 0,0,0)
 0 1 56 167914 7001  11 (D 0,0,0) (S 663,755,756) (S 701,756,112) (S 56,112,110) (S 700,112,204) (S 699,204,773) (S 72,143,144) (S 80,162,146) (S 73,146,147) (S 660,147,349) (D 0,0,0)
 0 1 57 167229 7464  11 (D 0,0,0) (S 110,204,203) (S 109,203,162) (S 219,144,378) (S 220,379,380) (S 222,382,383) (S 702,382,381) (S 221,381,159) (S 216,159,374) (S 208,363,364) (D 0,0,0)
 0 1 58 167900 6447  13 (D 0,0,0) (S 407,572,596) (S 5,16,17) (S 430,618,619) (S 431,619,15) (S 4,14,15) (S 433,619,115) (S 57,114,113) (S 397,113,345) (S 194,345,346) (S 58,114,115) (S 432,115,591) (D 0,0,0)
 0 1 59 164305 8674  12 (D 0,0,0) (S 211,203,369) (S 76,143,158) (S 79,158,159) (S 251,153,422) (S 212,154,370) (S 683,389,79) (S 39,78,79) (S 682,79,765) (S 690,368,770) (S 692,770,395) (D 0,0,0)
 0 1 60 167866 10195  13 (D 0,0,0) (S 746,802,803) (S 754,803,788) (S 217,375,296) (S 3,13,12) (S 260,12,439) (S 738,12,797) (S 737,437,796) (S 755,796,425) (S 735,794,793) (S 736,790,795) (S 762,807,149) (D 0,0,0)
 0 1 61 167403 9718  12 (D 0,0,0) (S 741,68,428) (S 742,799,429) (S 256,429,430) (S 743,429,798) (S 748,798,433) (S 744,433,795) (S 761,802,807) (S 765,427,808) (S 763,808,150) (S 225,384,78) (D 0,0,0)
