439818
61
1810536
1776594
 0 1 1 165906 5642  18 (D 0,0,0) (S 377,573,560) (S 362,559,557) (S 389,523,141) (S 388,189,581) (S 382,578,579) (S 411,597,598) (S 414,597,600) (S 413,580,176) (S 94,175,176) (S 412,599,176) (S 383,578,581) (S 99,185,186) (S 408,186,594) (S 400,593,594) (S 392,586,24) (S 8,21,23) (D 0,0,0)
 0 1 2 166712 9927  15 (D 0,0,0) (S 294,485,484) (S 509,483,653) (S 92,173,170) (S 264,443,276) (S 148,276,277) (S 150,277,274) (S 771,274,809) (S 766,809,424) (S 253,424,167) (S 84,167,165) (S 82,165,166) (S 147,166,275) (S 146,275,274) (D 0,0,0)
 0 1 3 164953 10577  16 (D 0,0,0) (S 728,172,783) (S 745,801,800) (S 746,803,802) (S 736,795,790) (S 755,425,796) (S 259,437,438) (S 737,437,796) (S 258,435,436) (S 731,784,785) (S 739,785,431) (S 257,431,432) (S 256,429,430) (S 764,799,427) (S 765,427,808) (D 0,0,0)
 0 1 4 160164 7951  22 (D 0,0,0) (S 511,658,660) (S 501,660,659) (S 503,659,136) (S 69,136,135) (S 356,263,311) (S 174,313,314) (S 564,314,562) (S 367,562,563) (S 546,563,684) (S 138,32,259) (S 545,259,683) (S 549,688,690) (S 548,687,686) (S 547,685,35) (S 14,33,34) (S 551,685,692) (S 560,693,695) (S 561,695,561) (S 366,561,263) (S 141,263,262) (D 0,0,0)
 0 1 5 167482 8413  14 (D 0,0,0) (S 24,59,48) (S 621,58,736) (S 623,736,733) (S 183,327,328) (S 373,327,52) (S 27,52,58) (S 23,58,57) (S 584,57,712) (S 589,712,718) (S 352,505,459) (S 355,554,317) (S 353,551,522) (D 0,0,0)
 0 1 6 167916 7161  12 (D 0,0,0) (S 29,62,63) (S 343,333,547) (S 344,547,545) (S 341,541,544) (S 646,341,100) (S 46,98,99) (S 47,99,84) (S 643,335,545) (S 653,547,343) (S 192,343,54) (D 0,0,0)
 0 1 7 167226 5235  12 (D 0,0,0) (S 107,200,199) (S 130,246,245) (S 384,245,582) (S 386,582,49) (S 20,49,50) (S 301,45,491) (S 134,252,129) (S 300,251,130) (S 299,130,490) (S 298,490,86) (D 0,0,0)
 0 1 8 165166 6751  16 (D 0,0,0) (S 290,484,134) (S 289,134,483) (S 349,478,255) (S 137,257,258) (S 542,258,120) (S 60,120,121) (S 348,549,539) (S 338,540,539) (S 337,539,55) (S 544,64,679) (S 543,679,680) (S 568,53,697) (S 569,697,696) (S 323,119,88) (D 0,0,0)
 0 1 9 164772 7167  18 (D 0,0,0) (S 172,309,310) (S 324,309,519) (S 326,519,520) (S 351,520,313) (S 357,313,311) (S 173,311,312) (S 563,314,312) (S 565,312,695) (S 562,561,262) (S 559,262,518) (S 541,517,652) (S 490,650,651) (S 491,652,492) (S 302,492,232) (S 123,232,233) (S 67,132,131) (D 0,0,0)
 0 1 10 167224 9944  15 (D 0,0,0) (S 354,554,459) (S 595,720,721) (S 588,716,322) (S 590,712,569) (S 374,569,52) (S 21,52,47) (S 280,458,42) (S 22,42,56) (S 17,42,41) (S 317,47,510) (S 372,510,566) (S 619,734,735) (S 616,728,707) (D 0,0,0)
 0 1 11 167167 8383  15 (D 0,0,0) (S 642,339,744) (S 638,338,532) (S 614,500,729) (S 633,729,330) (S 631,732,504) (S 311,504,503) (S 310,503,502) (S 713,502,778) (S 716,778,779) (S 715,779,777) (S 48,101,102) (S 645,102,746) (S 340,542,543) (D 0,0,0)
 0 1 12 163687 7341  16 (D 0,0,0) (S 325,476,256) (S 136,256,255) (S 346,255,257) (S 347,257,548) (S 556,550,556) (S 365,556,323) (S 336,323,538) (S 591,538,718) (S 603,718,324) (S 601,324,719) (S 597,719,535) (S 331,530,124) (S 552,536,691) (S 369,562,555) (D 0,0,0)
 0 1 13 161834 5686  23 (D 0,0,0) (S 428,617,613) (S 514,612,666) (S 520,666,243) (S 528,667,672) (S 532,673,675) (S 533,676,675) (S 534,675,671) (S 527,671,672) (S 529,672,673) (S 530,674,673) (S 531,673,669) (S 516,668,669) (S 518,669,667) (S 515,667,243) (S 129,243,244) (S 519,612,654) (S 125,236,234) (S 124,234,235) (S 497,235,485) (S 498,480,656) (S 108,202,201) (D 0,0,0)
 0 1 14 166529 7309  13 (D 0,0,0) (S 287,476,477) (S 359,521,556) (S 335,538,61) (S 30,61,59) (S 635,59,332) (S 634,330,332) (S 185,332,331) (S 332,340,533) (S 640,533,745) (S 387,584,583) (S 381,573,23) (D 0,0,0)
 0 1 15 167583 8945  26 (D 0,0,0) (S 567,564,318) (S 65,127,126) (S 333,535,530) (S 574,530,698) (S 570,698,699) (S 575,702,700) (S 571,700,701) (S 577,700,705) (S 582,711,705) (S 581,709,710) (S 580,709,705) (S 576,705,706) (S 578,706,570) (S 375,570,568) (S 596,568,722) (S 612,722,706) (S 611,706,715) (S 587,715,714) (S 605,714,725) (S 606,725,726) (S 610,725,723) (S 550,691,565) (S 370,565,564) (S 368,564,553) (D 0,0,0)
 0 1 16 164712 5370  25 (D 0,0,0) (S 292,28,200) (S 293,200,485) (S 517,484,236) (S 513,236,654) (S 493,654,138) (S 492,138,653) (S 494,653,412) (S 132,248,249) (S 318,248,512) (S 133,248,250) (S 525,408,238) (S 526,238,239) (S 127,239,240) (S 521,239,241) (S 128,241,242) (S 523,241,670) (S 522,670,615) (S 429,615,612) (S 423,612,611) (S 537,611,677) (S 538,677,678) (S 535,246,677) (S 426,199,616) (D 0,0,0)
 0 1 17 167831 7081  14 (D 0,0,0) (S 524,614,670) (S 126,238,237) (S 96,183,182) (S 97,179,177) (S 95,177,181) (S 142,265,264) (S 720,774,776) (S 709,776,775) (S 721,774,780) (S 160,267,118) (S 199,116,264) (S 200,181,349) (D 0,0,0)
 0 1 18 163834 4646  16 (D 0,0,0) (S 484,414,228) (S 485,131,645) (S 487,645,494) (S 121,229,230) (S 122,230,231) (S 320,515,7) (S 11,6,29) (S 2,9,10) (S 489,10,5) (S 488,5,40) (S 16,40,39) (S 120,38,228) (S 500,657,658) (S 437,623,624) (D 0,0,0)
 0 1 19 163439 4939  9 (D 0,0,0) (S 321,516,497) (S 322,474,87) (S 135,253,254) (S 540,253,128) (S 66,128,130) (S 539,490,643) (S 424,409,614) (D 0,0,0)
 0 1 20 166694 7442  14 (D 0,0,0) (S 427,199,617) (S 59,117,118) (S 162,118,108) (S 53,108,104) (S 50,104,105) (S 51,104,106) (S 710,776,106) (S 52,106,107) (S 54,107,109) (S 707,109,775) (S 703,774,267) (S 144,267,264) (D 0,0,0)
 0 1 21 167828 7948  14 (D 0,0,0) (S 155,108,283) (S 161,282,287) (S 718,292,778) (S 719,778,747) (S 648,747,528) (S 329,528,529) (S 309,499,501) (S 644,531,337) (S 188,337,338) (S 637,744,336) (S 654,343,750) (S 652,750,749) (D 0,0,0)
 0 1 22 167391 6610  15 (D 0,0,0) (S 68,134,138) (S 239,237,402) (S 243,402,407) (S 469,407,491) (S 143,266,184) (S 201,350,184) (S 98,184,183) (S 656,183,752) (S 661,752,357) (S 205,357,358) (S 319,513,514) (S 385,245,584) (S 536,584,246) (D 0,0,0)
 0 1 23 165950 8051  14 (D 0,0,0) (S 35,74,75) (S 33,72,71) (S 49,103,101) (S 714,101,777) (S 711,777,295) (S 159,295,289) (S 717,289,779) (S 649,748,746) (S 712,746,97) (S 42,84,85) (S 187,335,336) (S 636,336,547) (D 0,0,0)
 0 1 24 166417 9238  10 (D 0,0,0) (S 25,60,61) (S 632,504,291) (S 268,280,447) (S 775,293,445) (S 267,445,446) (S 776,445,508) (S 315,454,303) (S 34,73,72) (D 0,0,0)
 0 1 25 167639 9086  15 (D 0,0,0) (S 627,48,742) (S 629,742,730) (S 626,740,741) (S 625,731,739) (S 651,743,739) (S 650,739,713) (S 586,713,286) (S 154,286,174) (S 156,280,291) (S 158,291,293) (S 328,293,527) (S 330,527,502) (S 647,529,97) (D 0,0,0)
 0 1 26 160638 6248  10 (D 0,0,0) (S 406,572,595) (S 405,595,94) (S 664,94,755) (S 665,755,353) (S 666,354,757) (S 667,757,147) (S 660,147,349) (S 655,751,752) (D 0,0,0)
 0 1 27 165445 7268  13 (D 0,0,0) (S 376,523,572) (S 208,364,363) (S 697,396,377) (S 696,377,773) (S 698,773,158) (S 76,158,143) (S 72,143,144) (S 219,144,378) (S 220,379,380) (S 706,379,109) (S 708,775,146) (D 0,0,0)
 0 1 28 166809 9817  12 (D 0,0,0) (S 495,235,655) (S 496,655,617) (S 730,783,421) (S 250,421,308) (S 223,308,306) (S 266,444,270) (S 758,805,806) (S 759,423,300) (S 252,423,271) (S 149,270,273) (D 0,0,0)
 0 1 29 166887 8987  10 (D 0,0,0) (S 212,370,154) (S 75,157,149) (S 45,95,96) (S 763,150,808) (S 254,427,65) (S 695,771,772) (S 694,771,392) (S 228,390,394) (D 0,0,0)
 0 1 30 166190 8573  13 (D 0,0,0) (S 19,48,44) (S 18,43,44) (S 28,44,57) (S 620,736,737) (S 622,737,738) (S 618,735,728) (S 613,728,511) (S 615,731,730) (S 617,730,732) (S 184,330,329) (S 189,340,339) (D 0,0,0)
 0 1 31 164985 8977  13 (D 0,0,0) (S 43,90,91) (S 249,160,420) (S 723,781,782) (S 726,441,279) (S 152,279,278) (S 747,268,801) (S 752,801,787) (S 734,787,272) (S 171,272,307) (S 729,421,307) (S 169,307,306) (D 0,0,0)
 0 1 32 167575 9845  14 (D 0,0,0) (S 168,303,302) (S 774,455,171) (S 163,297,277) (S 166,277,301) (S 767,301,809) (S 769,424,440) (S 768,165,440) (S 261,440,275) (S 83,166,163) (S 85,164,168) (S 86,168,169) (S 91,169,171) (D 0,0,0)
 0 1 33 166189 9656  11 (D 0,0,0) (S 151,161,279) (S 744,795,433) (S 748,433,798) (S 743,798,429) (S 742,429,799) (S 740,799,428) (S 741,68,428) (S 255,428,67) (S 74,66,148) (D 0,0,0)
 0 1 34 165384 8116  9 (D 0,0,0) (S 215,373,160) (S 78,160,152) (S 251,153,422) (S 213,151,371) (S 683,389,79) (S 682,79,765) (S 692,770,395) (D 0,0,0)
 0 1 35 167382 10259  13 (D 0,0,0) (S 751,157,800) (S 754,803,788) (S 735,793,794) (S 760,375,797) (S 738,797,12) (S 260,12,439) (S 3,12,13) (S 217,296,375) (S 756,804,805) (S 757,805,273) (S 727,278,783) (D 0,0,0)
 0 1 36 159678 9300  11 (D 0,0,0) (S 753,156,801) (S 145,268,269) (S 732,787,786) (S 733,788,786) (S 750,786,800) (S 749,800,803) (S 761,802,807) (S 762,807,149) (S 693,155,771) (D 0,0,0)
 0 1 37 146508 4104  17 (D 0,0,0) (S 512,660,482) (S 291,482,135) (S 288,135,479) (S 508,479,663) (S 247,226,418) (S 6,18,19) (S 483,516,224) (S 480,648,649) (S 481,648,647) (S 119,227,226) (S 505,406,663) (S 507,663,662) (S 510,662,661) (S 504,661,137) (S 502,137,659) (D 0,0,0)
 0 1 38 165271 9656  14 (D 0,0,0) (S 167,171,82) (S 41,82,83) (S 165,82,297) (S 164,297,298) (S 770,274,442) (S 263,442,163) (S 81,163,164) (S 394,164,588) (S 393,587,169) (S 275,453,452) (S 274,452,302) (S 38,69,77) (D 0,0,0)
 0 1 39 167379 9507  16 (D 0,0,0) (S 704,378,382) (S 705,381,36) (S 89,37,172) (S 90,172,80) (S 40,80,81) (S 93,80,173) (S 170,173,308) (S 773,306,444) (S 772,444,443) (S 265,443,170) (S 87,170,171) (S 276,455,304) (S 777,810,811) (S 779,811,69) (D 0,0,0)
 0 1 40 167844 8466  19 (D 0,0,0) (S 232,365,92) (S 687,373,767) (S 688,768,769) (S 686,768,767) (S 691,767,770) (S 690,770,368) (S 685,765,766) (S 684,766,470) (S 312,469,468) (S 224,387,388) (S 227,393,387) (S 225,384,78) (S 39,78,79) (S 689,765,368) (S 210,368,367) (S 231,367,372) (S 229,395,373) (D 0,0,0)
 0 1 41 167900 6447  13 (D 0,0,0) (S 407,572,596) (S 5,16,17) (S 430,618,619) (S 4,14,15) (S 431,15,619) (S 433,619,115) (S 58,115,114) (S 194,346,345) (S 397,345,113) (S 57,113,114) (S 432,115,591) (D 0,0,0)
 0 1 42 164939 8281  16 (D 0,0,0) (S 214,372,152) (S 262,152,441) (S 725,441,781) (S 722,781,420) (S 724,420,37) (S 316,37,509) (S 15,37,36) (S 88,36,145) (S 77,145,159) (S 79,159,158) (S 699,773,204) (S 701,112,756) (S 663,756,755) (S 44,93,94) (D 0,0,0)
 0 1 43 161080 3682  17 (D 0,0,0) (S 378,576,575) (S 114,215,214) (S 451,214,628) (S 453,628,209) (S 279,209,457) (S 245,414,413) (S 478,413,646) (S 477,646,647) (S 482,647,405) (S 244,410,411) (S 506,664,657) (S 499,657,414) (S 440,417,457) (S 449,627,211) (S 113,211,212) (D 0,0,0)
 0 1 44 165591 9165  25 (D 0,0,0) (S 350,551,552) (S 358,551,317) (S 176,317,318) (S 566,318,127) (S 553,127,691) (S 557,691,260) (S 334,534,537) (S 608,326,723) (S 600,723,698) (S 602,698,719) (S 592,719,720) (S 594,720,699) (S 573,699,704) (S 572,702,703) (S 593,704,721) (S 599,721,716) (S 598,717,722) (S 371,568,319) (S 177,319,320) (S 178,319,321) (S 282,460,321) (S 179,321,322) (S 181,322,324) (D 0,0,0)
 0 1 45 163504 3568  12 (D 0,0,0) (S 462,632,220) (S 117,220,221) (S 241,400,404) (S 237,400,399) (S 236,399,205) (S 235,206,398) (S 238,398,401) (S 240,401,403) (S 248,403,419) (S 445,419,208) (D 0,0,0)
 0 1 46 166695 6737  11 (D 0,0,0) (S 131,247,50) (S 193,46,344) (S 26,53,62) (S 31,55,60) (S 641,60,745) (S 639,745,546) (S 186,333,334) (S 342,333,546) (S 191,51,342) (D 0,0,0)
 0 1 47 162527 7447  11 (D 0,0,0) (S 363,560,559) (S 226,94,111) (S 218,110,377) (S 221,159,381) (S 702,381,382) (S 222,382,383) (S 216,159,374) (S 677,360,763) (S 679,763,595) (D 0,0,0)
 0 1 48 166523 7500  15 (D 0,0,0) (S 73,147,146) (S 80,146,162) (S 109,162,203) (S 211,203,369) (S 110,203,204) (S 700,204,112) (S 56,112,110) (S 55,110,111) (S 234,111,397) (S 678,762,360) (S 206,360,359) (S 681,764,359) (S 680,359,763) (D 0,0,0)
 0 1 49 166699 8313  19 (D 0,0,0) (S 558,693,682) (S 13,32,31) (S 12,31,30) (S 140,261,30) (S 139,30,260) (S 555,260,534) (S 327,525,526) (S 182,325,326) (S 609,326,727) (S 607,727,724) (S 604,724,124) (S 62,124,123) (S 61,122,123) (S 63,125,123) (S 64,123,126) (S 281,126,459) (S 554,554,127) (D 0,0,0)
 0 1 50 165412 7032  11 (D 0,0,0) (S 242,407,247) (S 658,49,514) (S 196,347,348) (S 198,348,283) (S 778,287,456) (S 277,456,77) (S 278,77,288) (S 339,287,506) (S 195,347,180) (D 0,0,0)
 0 1 51 166935 6870  16 (D 0,0,0) (S 425,615,614) (S 657,514,357) (S 674,751,355) (S 673,355,761) (S 204,355,356) (S 672,356,753) (S 671,178,760) (S 668,351,758) (S 669,758,759) (S 670,758,754) (S 662,754,353) (S 203,353,352) (S 202,352,351) (S 659,753,751) (D 0,0,0)
 0 1 52 167979 8193  15 (D 0,0,0) (S 780,456,69) (S 32,69,70) (S 37,70,76) (S 270,76,448) (S 269,448,449) (S 272,449,450) (S 271,449,451) (S 273,451,75) (S 36,74,72) (S 190,294,341) (S 345,544,506) (S 313,506,347) (S 197,180,182) (D 0,0,0)
 0 1 53 46970 1004  8 (D 0,0,0) (S 286,466,467) (S 284,463,464) (S 285,464,465) (S 283,461,462) (S 418,605,603) (S 417,603,604) (D 0,0,0)
 0 1 54 166587 5191  22 (D 0,0,0) (S 447,626,215) (S 112,208,210) (S 460,632,631) (S 457,631,221) (S 458,221,217) (S 116,217,218) (S 175,315,316) (S 463,315,498) (S 308,498,495) (S 305,495,4) (S 306,4,496) (S 470,496,640) (S 471,640,641) (S 473,642,638) (S 472,638,639) (S 467,638,637) (S 466,636,635) (S 468,635,4) (S 1,4,3) (S 421,607,606) (D 0,0,0)
 0 1 55 158669 2265  10 (D 0,0,0) (S 419,607,198) (S 420,198,608) (S 106,198,197) (S 441,577,609) (S 442,609,620) (S 434,620,213) (S 436,213,622) (S 452,622,607) (D 0,0,0)
 0 1 56 166400 4195  18 (D 0,0,0) (S 439,626,625) (S 455,625,630) (S 448,628,211) (S 486,228,133) (S 479,646,232) (S 304,232,493) (S 303,229,132) (S 296,132,488) (S 307,488,38) (S 295,38,486) (S 297,487,489) (S 474,489,634) (S 476,222,416) (S 443,457,627) (S 444,627,621) (S 435,621,212) (D 0,0,0)
 0 1 57 167060 4303  16 (D 0,0,0) (S 446,215,208) (S 111,207,208) (S 459,631,216) (S 461,216,633) (S 115,216,217) (S 465,218,2) (S 464,2,634) (S 475,634,222) (S 118,222,223) (S 246,223,415) (S 456,415,209) (S 454,214,630) (S 450,629,630) (S 438,625,212) (D 0,0,0)
 0 1 58 123302 2486  8 (D 0,0,0) (S 422,606,610) (S 379,575,195) (S 416,574,193) (S 415,193,601) (S 104,193,194) (S 105,194,196) (D 0,0,0)
 0 1 59 167877 7948  15 (D 0,0,0) (S 10,25,26) (S 361,27,558) (S 395,591,590) (S 396,589,364) (S 209,366,365) (S 314,92,507) (S 233,374,363) (S 230,363,396) (S 207,361,362) (S 676,397,762) (S 675,762,589) (S 398,591,572) (S 380,523,557) (D 0,0,0)
 0 1 60 166277 4673  21 (D 0,0,0) (S 364,558,524) (S 360,557,139) (S 70,139,140) (S 102,140,190) (S 101,190,189) (S 390,189,141) (S 71,141,142) (S 410,142,190) (S 409,190,594) (S 404,594,191) (S 103,191,192) (S 403,191,187) (S 100,187,188) (S 402,187,586) (S 399,586,592) (S 401,592,585) (S 391,585,24) (S 9,24,21) (S 7,21,22) (D 0,0,0)
 0 1 61 167129 8896  11 (D 0,0,0) (S 628,730,743) (S 630,743,281) (S 157,281,284) (S 153,284,285) (S 624,285,739) (S 585,713,707) (S 579,707,708) (S 583,708,57) (S 180,324,323) (D 0,0,0)
