440637
61
1807265
1626785
 0 1 1 156799 3949  19 (D 0,0,0) (S 378,576,575) (S 447,626,215) (S 460,632,631) (S 459,631,216) (S 461,216,633) (S 115,216,217) (S 458,217,221) (S 117,221,220) (S 462,220,632) (S 445,419,208) (S 112,208,210) (S 111,207,208) (S 114,215,214) (S 454,214,630) (S 450,629,630) (S 455,630,625) (S 438,625,212) (D 0,0,0)
 0 1 2 164021 5605  23 (D 0,0,0) (S 439,626,625) (S 451,214,628) (S 279,209,457) (S 476,416,222) (S 464,634,2) (S 465,2,218) (S 1,3,4) (S 306,4,496) (S 470,496,640) (S 471,640,641) (S 473,642,638) (S 472,638,639) (S 467,638,637) (S 466,636,635) (S 468,635,4) (S 305,4,495) (S 308,495,498) (S 463,498,315) (S 175,315,316) (S 116,218,217) (S 457,221,631) (D 0,0,0)
 0 1 3 157199 3955  15 (D 0,0,0) (S 448,211,628) (S 453,628,209) (S 456,209,415) (S 246,415,223) (S 118,223,222) (S 475,222,634) (S 474,634,489) (S 297,489,487) (S 295,486,38) (S 307,38,488) (S 296,488,132) (S 67,132,131) (S 486,133,228) (D 0,0,0)
 0 1 4 161612 4164  19 (D 0,0,0) (S 511,658,660) (S 501,660,659) (S 503,659,136) (S 69,136,135) (S 288,135,479) (S 508,479,663) (S 505,663,406) (S 119,226,227) (S 481,647,648) (S 480,648,649) (S 483,224,516) (S 247,418,226) (S 507,663,662) (S 510,662,661) (S 506,664,657) (S 500,657,658) (S 106,198,197) (D 0,0,0)
 0 1 5 154451 5407  13 (D 0,0,0) (S 290,484,134) (S 509,483,653) (S 539,643,490) (S 298,490,86) (S 299,490,130) (S 300,130,251) (S 134,252,129) (S 66,130,128) (S 540,128,253) (S 135,253,254) (S 322,87,474) (D 0,0,0)
 0 1 6 167981 7873  27 (D 0,0,0) (S 324,309,519) (S 326,519,520) (S 368,553,564) (S 370,564,565) (S 550,565,691) (S 557,691,260) (S 139,260,30) (S 140,261,30) (S 12,30,31) (S 13,31,32) (S 138,32,259) (S 546,684,563) (S 367,563,562) (S 369,562,555) (S 351,520,313) (S 174,313,314) (S 563,314,312) (S 565,312,695) (S 561,695,561) (S 562,561,262) (S 321,497,516) (S 291,135,482) (S 512,482,660) (S 437,623,624) (S 441,609,577) (D 0,0,0)
 0 1 7 159973 4905  20 (D 0,0,0) (S 108,201,202) (S 498,656,480) (S 495,235,655) (S 496,655,617) (S 522,615,670) (S 523,670,241) (S 128,241,242) (S 521,241,239) (S 127,239,240) (S 526,239,238) (S 525,238,408) (S 318,248,512) (S 132,248,249) (S 133,248,250) (S 424,409,614) (S 425,614,615) (S 429,615,612) (S 415,193,601) (D 0,0,0)
 0 1 8 157281 4862  19 (D 0,0,0) (S 502,659,137) (S 504,137,661) (S 478,413,646) (S 479,646,232) (S 302,232,492) (S 491,492,652) (S 490,650,651) (S 541,652,517) (S 6,19,18) (S 289,483,134) (S 68,134,138) (S 493,138,654) (S 513,654,236) (S 125,236,234) (S 124,234,235) (S 497,235,485) (S 293,485,200) (D 0,0,0)
 0 1 9 148093 4714  13 (D 0,0,0) (S 499,657,414) (S 303,132,229) (S 121,229,230) (S 122,230,231) (S 320,515,7) (S 11,6,29) (S 2,9,10) (S 489,10,5) (S 488,5,40) (S 16,40,39) (S 120,38,228) (D 0,0,0)
 0 1 10 164588 5675  12 (D 0,0,0) (S 423,611,612) (S 524,614,670) (S 126,238,237) (S 239,237,402) (S 243,402,407) (S 242,407,247) (S 658,49,514) (S 319,513,514) (S 386,49,582) (S 130,245,246) (D 0,0,0)
 0 1 11 165091 6636  16 (D 0,0,0) (S 10,25,26) (S 361,27,558) (S 407,572,596) (S 5,16,17) (S 430,618,619) (S 4,14,15) (S 431,15,619) (S 433,619,115) (S 194,346,345) (S 395,590,591) (S 389,523,141) (S 390,141,189) (S 101,189,190) (S 410,190,142) (D 0,0,0)
 0 1 12 167925 7242  12 (D 0,0,0) (S 364,558,524) (S 226,94,111) (S 55,111,110) (S 110,204,203) (S 211,203,369) (S 109,203,162) (S 72,143,144) (S 80,162,146) (S 73,146,147) (S 671,760,178) (D 0,0,0)
 0 1 13 167774 7858  17 (D 0,0,0) (S 708,146,775) (S 707,109,775) (S 709,775,776) (S 52,106,107) (S 54,107,109) (S 706,109,379) (S 220,379,380) (S 219,378,144) (S 76,143,158) (S 698,158,773) (S 696,773,377) (S 697,377,396) (S 234,397,111) (S 377,560,573) (S 381,573,23) (D 0,0,0)
 0 1 14 167726 6266  23 (D 0,0,0) (S 363,560,559) (S 360,557,139) (S 70,139,140) (S 102,140,190) (S 388,189,581) (S 383,581,578) (S 414,597,600) (S 411,597,598) (S 412,599,176) (S 94,175,176) (S 413,176,580) (S 382,578,579) (S 99,185,186) (S 408,186,594) (S 409,190,594) (S 400,593,594) (S 404,594,191) (S 103,191,192) (S 403,191,187) (S 100,187,188) (S 402,187,586) (D 0,0,0)
 0 1 15 165612 6990  13 (D 0,0,0) (S 660,349,147) (S 667,147,757) (S 666,757,354) (S 203,353,352) (S 202,352,351) (S 668,351,758) (S 669,758,759) (S 670,758,754) (S 662,754,353) (S 665,353,755) (S 44,93,94) (D 0,0,0)
 0 1 16 164090 5027  12 (D 0,0,0) (S 492,138,653) (S 494,653,412) (S 469,407,491) (S 301,491,45) (S 384,582,245) (S 385,245,584) (S 536,584,246) (S 535,246,677) (S 538,677,678) (S 537,677,611) (D 0,0,0)
 0 1 17 167127 2899  12 (D 0,0,0) (S 105,196,194) (S 104,194,193) (S 416,193,574) (S 8,23,21) (S 392,24,586) (S 399,586,592) (S 401,592,585) (S 391,585,24) (S 9,24,21) (S 7,21,22) (D 0,0,0)
 0 1 18 160091 6314  17 (D 0,0,0) (S 380,557,523) (S 376,523,572) (S 432,591,115) (S 58,115,114) (S 57,114,113) (S 675,589,762) (S 678,762,360) (S 206,360,359) (S 681,764,359) (S 680,359,763) (S 677,763,360) (S 679,763,595) (S 406,595,572) (S 71,141,142) (S 362,557,559) (D 0,0,0)
 0 1 19 149049 5841  25 (D 0,0,0) (S 294,485,484) (S 517,484,236) (S 519,654,612) (S 514,612,666) (S 518,667,669) (S 516,668,669) (S 531,669,673) (S 530,674,673) (S 527,672,671) (S 534,671,675) (S 533,676,675) (S 532,675,673) (S 529,673,672) (S 528,672,667) (S 515,667,243) (S 129,243,244) (S 520,243,666) (S 428,613,617) (S 427,617,199) (S 426,199,616) (S 107,199,200) (S 292,200,28) (S 379,195,575) (D 0,0,0)
 0 1 20 158024 2666  9 (D 0,0,0) (S 421,606,607) (S 419,607,198) (S 420,198,608) (S 442,609,620) (S 434,620,213) (S 436,213,622) (S 422,606,610) (D 0,0,0)
 0 1 21 152294 3249  11 (D 0,0,0) (S 452,607,622) (S 238,401,398) (S 235,398,206) (S 236,205,399) (S 237,399,400) (S 241,400,404) (S 240,401,403) (S 248,403,419) (S 446,208,215) (D 0,0,0)
 0 1 22 161474 4166  17 (D 0,0,0) (S 435,212,621) (S 444,621,627) (S 245,414,413) (S 244,411,410) (S 482,405,647) (S 477,647,646) (S 123,232,233) (S 304,232,493) (S 487,494,645) (S 485,645,131) (S 484,228,414) (S 440,417,457) (S 443,457,627) (S 449,627,211) (S 113,211,212) (D 0,0,0)
 0 1 23 46970 1004  8 (D 0,0,0) (S 283,461,462) (S 286,466,467) (S 284,463,464) (S 285,464,465) (S 417,603,604) (S 418,605,603) (D 0,0,0)
 0 1 24 163346 7270  11 (D 0,0,0) (S 636,547,336) (S 642,744,339) (S 189,339,340) (S 332,340,533) (S 640,533,745) (S 641,745,60) (S 639,745,546) (S 191,51,342) (S 131,50,247) (D 0,0,0)
 0 1 25 166465 6499  12 (D 0,0,0) (S 143,266,184) (S 98,184,183) (S 96,183,182) (S 197,182,180) (S 195,180,347) (S 196,347,348) (S 160,118,267) (S 144,267,264) (S 142,264,265) (S 200,181,349) (D 0,0,0)
 0 1 26 166688 8641  12 (D 0,0,0) (S 32,69,70) (S 315,303,454) (S 776,508,445) (S 267,445,446) (S 775,445,293) (S 328,293,527) (S 330,527,502) (S 719,778,747) (S 645,746,102) (S 345,544,506) (D 0,0,0)
 0 1 27 166477 9396  16 (D 0,0,0) (S 95,177,181) (S 89,37,172) (S 90,172,80) (S 40,80,81) (S 93,80,173) (S 250,308,421) (S 729,421,307) (S 773,306,444) (S 772,444,443) (S 265,443,170) (S 87,170,171) (S 774,171,455) (S 276,455,304) (S 38,69,77) (D 0,0,0)
 0 1 28 166957 8247  16 (D 0,0,0) (S 42,85,84) (S 46,98,99) (S 47,99,84) (S 712,97,746) (S 649,746,748) (S 648,747,528) (S 713,502,778) (S 716,778,779) (S 714,777,101) (S 48,101,102) (S 646,100,341) (S 190,341,294) (S 161,287,282) (S 198,283,348) (D 0,0,0)
 0 1 29 167989 8670  14 (D 0,0,0) (S 155,108,283) (S 778,287,456) (S 780,456,69) (S 779,69,811) (S 777,810,811) (S 37,70,76) (S 270,76,448) (S 269,448,449) (S 159,289,295) (S 49,103,101) (S 341,544,541) (S 340,542,543) (D 0,0,0)
 0 1 30 167899 9079  17 (D 0,0,0) (S 313,347,506) (S 339,506,287) (S 277,456,77) (S 278,77,288) (S 711,295,777) (S 715,777,779) (S 718,778,292) (S 158,293,291) (S 156,291,280) (S 153,284,285) (S 624,285,739) (S 650,739,713) (S 586,713,286) (S 154,286,174) (S 157,284,281) (D 0,0,0)
 0 1 31 167767 7938  10 (D 0,0,0) (S 33,71,72) (S 34,73,72) (S 36,72,74) (S 35,74,75) (S 273,75,451) (S 271,451,449) (S 272,449,450) (S 717,289,779) (D 0,0,0)
 0 1 32 167802 9056  12 (D 0,0,0) (S 633,330,729) (S 615,730,731) (S 626,740,741) (S 625,731,739) (S 630,743,281) (S 268,280,447) (S 632,291,504) (S 311,504,503) (S 329,528,529) (S 309,499,501) (D 0,0,0)
 0 1 33 167911 8800  16 (D 0,0,0) (S 185,331,332) (S 617,732,730) (S 616,707,728) (S 613,728,511) (S 618,728,735) (S 619,735,734) (S 623,733,736) (S 622,737,738) (S 620,737,736) (S 621,736,58) (S 589,712,718) (S 352,505,459) (S 354,459,554) (S 355,554,317) (D 0,0,0)
 0 1 34 167610 8644  18 (D 0,0,0) (S 359,521,556) (S 365,556,323) (S 601,324,719) (S 595,720,721) (S 599,721,716) (S 582,711,705) (S 581,709,710) (S 587,714,715) (S 611,715,706) (S 578,706,570) (S 375,570,568) (S 371,568,319) (S 590,569,712) (S 584,712,57) (S 28,57,44) (S 335,61,538) (D 0,0,0)
 0 1 35 167492 7837  12 (D 0,0,0) (S 25,60,61) (S 30,61,59) (S 24,59,48) (S 19,48,44) (S 18,43,44) (S 635,59,332) (S 634,332,330) (S 184,330,329) (S 638,532,338) (S 637,744,336) (D 0,0,0)
 0 1 36 167502 8044  12 (D 0,0,0) (S 187,335,336) (S 188,338,337) (S 644,337,531) (S 614,500,729) (S 631,732,504) (S 310,502,503) (S 647,529,97) (S 643,335,545) (S 344,545,547) (S 192,343,54) (D 0,0,0)
 0 1 37 161636 6449  12 (D 0,0,0) (S 342,546,333) (S 186,333,334) (S 343,333,547) (S 653,547,343) (S 654,343,750) (S 652,750,749) (S 26,62,53) (S 568,53,697) (S 569,697,696) (S 323,119,88) (D 0,0,0)
 0 1 38 167343 6552  14 (D 0,0,0) (S 29,62,63) (S 543,679,680) (S 544,679,64) (S 337,55,539) (S 338,540,539) (S 348,539,549) (S 60,121,120) (S 542,120,258) (S 137,258,257) (S 346,257,255) (S 136,255,256) (S 325,256,476) (D 0,0,0)
 0 1 39 167712 7846  16 (D 0,0,0) (S 172,309,310) (S 357,313,311) (S 356,311,263) (S 366,263,561) (S 560,695,693) (S 545,259,683) (S 551,685,692) (S 14,33,34) (S 547,35,685) (S 549,688,690) (S 548,687,686) (S 558,682,693) (S 141,263,262) (S 559,262,518) (D 0,0,0)
 0 1 40 164743 8647  27 (D 0,0,0) (S 173,311,312) (S 564,314,562) (S 567,564,318) (S 552,691,536) (S 604,124,724) (S 607,724,727) (S 609,727,326) (S 608,326,723) (S 610,723,725) (S 606,725,726) (S 605,725,714) (S 580,709,705) (S 593,721,704) (S 594,699,720) (S 592,720,719) (S 597,719,535) (S 333,535,530) (S 62,124,123) (S 61,122,123) (S 64,123,126) (S 65,126,127) (S 566,127,318) (S 176,318,317) (S 358,317,551) (S 350,551,552) (D 0,0,0)
 0 1 41 167840 7868  18 (D 0,0,0) (S 349,478,255) (S 347,257,548) (S 556,550,556) (S 281,459,126) (S 63,125,123) (S 331,124,530) (S 574,530,698) (S 600,698,723) (S 182,326,325) (S 327,525,526) (S 334,534,537) (S 555,534,260) (S 553,691,127) (S 554,127,554) (S 353,551,522) (S 287,477,476) (D 0,0,0)
 0 1 42 167893 8945  20 (D 0,0,0) (S 336,323,538) (S 591,538,718) (S 603,718,324) (S 181,324,322) (S 179,322,321) (S 282,460,321) (S 178,321,319) (S 177,319,320) (S 612,722,706) (S 576,706,705) (S 577,705,700) (S 571,700,701) (S 575,700,702) (S 572,702,703) (S 573,704,699) (S 570,699,698) (S 602,698,719) (S 180,324,323) (D 0,0,0)
 0 1 43 167827 8844  11 (D 0,0,0) (S 23,57,58) (S 583,57,708) (S 579,708,707) (S 585,707,713) (S 651,739,743) (S 628,743,730) (S 629,730,742) (S 627,742,48) (S 31,60,55) (D 0,0,0)
 0 1 44 166778 6702  15 (D 0,0,0) (S 657,514,357) (S 205,357,358) (S 661,357,752) (S 674,751,355) (S 673,355,761) (S 204,355,356) (S 672,356,753) (S 659,753,751) (S 655,751,752) (S 656,752,183) (S 201,350,184) (S 193,46,344) (S 20,50,49) (D 0,0,0)
 0 1 45 167224 7254  14 (D 0,0,0) (S 387,583,584) (S 703,267,774) (S 721,774,780) (S 720,774,776) (S 710,776,106) (S 51,106,104) (S 50,104,105) (S 53,104,108) (S 162,108,118) (S 59,118,117) (S 199,116,264) (S 97,177,179) (D 0,0,0)
 0 1 46 167822 9998  15 (D 0,0,0) (S 27,58,52) (S 373,52,327) (S 183,327,328) (S 372,566,510) (S 317,510,47) (S 22,42,56) (S 280,458,42) (S 17,42,41) (S 21,47,52) (S 374,52,569) (S 596,568,722) (S 598,722,717) (S 588,716,322) (D 0,0,0)
 0 1 47 164745 6517  11 (D 0,0,0) (S 398,572,591) (S 397,345,113) (S 676,762,397) (S 218,377,110) (S 56,110,112) (S 701,112,756) (S 663,756,755) (S 664,755,94) (S 405,94,595) (D 0,0,0)
 0 1 48 164600 8028  12 (D 0,0,0) (S 700,112,204) (S 699,204,773) (S 79,158,159) (S 88,145,36) (S 705,36,381) (S 221,381,159) (S 77,159,145) (S 43,91,90) (S 230,363,396) (S 207,361,362) (D 0,0,0)
 0 1 49 167317 8795  20 (D 0,0,0) (S 687,373,767) (S 686,767,768) (S 688,768,769) (S 691,767,770) (S 690,770,368) (S 689,368,765) (S 39,79,78) (S 225,78,384) (S 695,771,772) (S 694,771,392) (S 227,393,387) (S 224,387,388) (S 312,468,469) (S 684,470,766) (S 685,766,765) (S 682,765,79) (S 683,79,389) (S 229,395,373) (D 0,0,0)
 0 1 50 167535 7999  9 (D 0,0,0) (S 396,589,364) (S 208,364,363) (S 232,365,92) (S 314,92,507) (S 210,367,368) (S 692,770,395) (S 209,365,366) (D 0,0,0)
 0 1 51 167870 8350  10 (D 0,0,0) (S 231,372,367) (S 213,371,151) (S 251,153,422) (S 262,152,441) (S 722,781,420) (S 249,420,160) (S 78,160,152) (S 214,152,372) (D 0,0,0)
 0 1 52 166506 8857  11 (D 0,0,0) (S 151,161,279) (S 152,279,278) (S 727,278,783) (S 730,783,421) (S 728,783,172) (S 316,37,509) (S 702,381,382) (S 222,382,383) (S 704,382,378) (D 0,0,0)
 0 1 53 167979 8896  14 (D 0,0,0) (S 215,373,160) (S 145,268,269) (S 734,272,787) (S 752,787,801) (S 747,801,268) (S 726,279,441) (S 725,441,781) (S 723,781,782) (S 724,420,37) (S 15,37,36) (S 216,159,374) (S 233,374,363) (D 0,0,0)
 0 1 54 165673 9479  11 (D 0,0,0) (S 212,370,154) (S 74,66,148) (S 255,67,428) (S 742,799,429) (S 256,429,430) (S 743,429,798) (S 748,798,433) (S 749,803,800) (S 751,800,157) (D 0,0,0)
 0 1 55 166237 9170  12 (D 0,0,0) (S 75,157,149) (S 762,149,807) (S 761,807,802) (S 736,795,790) (S 746,802,803) (S 754,803,788) (S 733,788,786) (S 750,786,800) (S 745,800,801) (S 753,801,156) (D 0,0,0)
 0 1 56 167594 10116  14 (D 0,0,0) (S 732,787,786) (S 735,793,794) (S 755,425,796) (S 258,435,436) (S 760,797,375) (S 217,375,296) (S 759,300,423) (S 252,423,271) (S 149,270,273) (S 171,272,307) (S 223,306,308) (S 170,308,173) (D 0,0,0)
 0 1 57 166828 9774  12 (D 0,0,0) (S 266,444,270) (S 150,277,274) (S 771,274,809) (S 769,424,440) (S 768,440,165) (S 82,165,166) (S 83,166,163) (S 81,163,164) (S 394,164,588) (S 393,587,169) (D 0,0,0)
 0 1 58 167486 9720  14 (D 0,0,0) (S 274,302,452) (S 275,452,453) (S 167,171,82) (S 41,82,83) (S 165,82,297) (S 164,297,298) (S 163,297,277) (S 148,276,277) (S 263,442,163) (S 85,164,168) (S 86,168,169) (S 91,169,171) (D 0,0,0)
 0 1 59 167619 10089  14 (D 0,0,0) (S 168,303,302) (S 92,173,170) (S 264,443,276) (S 166,277,301) (S 767,301,809) (S 766,809,424) (S 253,424,167) (S 84,167,165) (S 261,440,275) (S 147,275,166) (S 146,275,274) (S 770,274,442) (D 0,0,0)
 0 1 60 167381 10813  15 (D 0,0,0) (S 744,795,433) (S 257,431,432) (S 739,431,785) (S 731,784,785) (S 737,796,437) (S 259,437,438) (S 738,797,12) (S 3,12,13) (S 260,12,439) (S 756,804,805) (S 758,806,805) (S 757,805,273) (S 169,307,306) (D 0,0,0)
 0 1 61 166937 9541  11 (D 0,0,0) (S 254,65,427) (S 741,68,428) (S 740,428,799) (S 764,799,427) (S 765,427,808) (S 763,808,150) (S 45,95,96) (S 693,155,771) (S 228,390,394) (D 0,0,0)
