440419
61
3608625
3334009
 0 1 1 162296 3830  14 (D 0,0,0) (S 378,576,575) (S 452,607,622) (S 435,212,621) (S 444,621,627) (S 440,457,417) (S 476,416,222) (S 464,634,2) (S 465,2,218) (S 115,217,216) (S 461,216,633) (S 459,216,631) (S 460,631,632) (D 0,0,0)
 0 1 2 166993 3361  12 (D 0,0,0) (S 248,419,403) (S 241,400,404) (S 237,400,399) (S 236,399,205) (S 235,206,398) (S 238,398,401) (S 240,401,403) (S 111,207,208) (S 446,208,215) (S 447,215,626) (D 0,0,0)
 0 1 3 167016 5080  21 (D 0,0,0) (S 439,626,625) (S 450,629,630) (S 454,630,214) (S 279,209,457) (S 484,414,228) (S 67,131,132) (S 303,132,229) (S 121,229,230) (S 122,230,231) (S 320,515,7) (S 11,6,29) (S 2,9,10) (S 489,10,5) (S 488,5,40) (S 16,40,39) (S 307,38,488) (S 296,488,132) (S 443,457,627) (S 113,211,212) (D 0,0,0)
 0 1 4 164951 4148  13 (D 0,0,0) (S 449,211,627) (S 486,228,133) (S 485,131,645) (S 487,645,494) (S 304,493,232) (S 123,232,233) (S 479,232,646) (S 477,646,647) (S 482,647,405) (S 244,410,411) (S 506,664,657) (D 0,0,0)
 0 1 5 157781 4824  17 (D 0,0,0) (S 293,200,485) (S 497,485,235) (S 124,235,234) (S 125,234,236) (S 513,236,654) (S 493,654,138) (S 492,138,653) (S 494,653,412) (S 321,516,497) (S 541,517,652) (S 490,650,651) (S 491,652,492) (S 302,492,232) (S 478,646,413) (S 245,413,414) (D 0,0,0)
 0 1 6 167991 7665  17 (D 0,0,0) (S 512,660,482) (S 561,561,695) (S 560,695,693) (S 138,32,259) (S 545,259,683) (S 549,688,690) (S 548,687,686) (S 14,33,34) (S 547,35,685) (S 551,685,692) (S 558,682,693) (S 565,695,312) (S 563,314,312) (S 173,312,311) (S 141,263,262) (D 0,0,0)
 0 1 7 165792 8025  24 (D 0,0,0) (S 289,134,483) (S 136,256,255) (S 346,255,257) (S 556,550,556) (S 554,554,127) (S 553,127,691) (S 557,691,260) (S 555,260,534) (S 334,534,537) (S 139,260,30) (S 140,261,30) (S 12,30,31) (S 13,31,32) (S 546,684,563) (S 367,563,562) (S 564,562,314) (S 174,314,313) (S 357,313,311) (S 356,311,263) (S 366,263,561) (S 562,561,262) (S 559,262,518) (D 0,0,0)
 0 1 8 155796 5407  14 (D 0,0,0) (S 290,484,134) (S 509,483,653) (S 539,643,490) (S 298,490,86) (S 299,490,130) (S 300,130,251) (S 134,252,129) (S 66,130,128) (S 540,128,253) (S 135,253,254) (S 322,87,474) (S 294,484,485) (D 0,0,0)
 0 1 9 164819 8251  23 (D 0,0,0) (S 501,660,659) (S 503,659,136) (S 69,136,135) (S 172,309,310) (S 324,309,519) (S 326,519,520) (S 351,520,313) (S 369,555,562) (S 550,565,691) (S 552,691,536) (S 327,525,526) (S 182,325,326) (S 609,326,727) (S 607,727,724) (S 331,124,530) (S 333,535,530) (S 63,125,123) (S 64,123,126) (S 281,126,459) (S 359,556,521) (S 349,255,478) (D 0,0,0)
 0 1 10 166270 4571  16 (D 0,0,0) (S 10,25,26) (S 389,523,141) (S 390,141,189) (S 71,141,142) (S 410,142,190) (S 409,190,594) (S 103,191,192) (S 402,187,586) (S 399,586,592) (S 401,592,585) (S 391,585,24) (S 9,24,21) (S 7,21,22) (S 8,21,23) (D 0,0,0)
 0 1 11 75709 1770  6 (D 0,0,0) (S 416,574,193) (S 415,193,601) (S 104,193,194) (S 105,194,196) (D 0,0,0)
 0 1 12 167084 2412  9 (D 0,0,0) (S 379,575,195) (S 441,577,609) (S 442,609,620) (S 434,620,213) (S 436,213,622) (S 421,607,606) (S 422,606,610) (D 0,0,0)
 0 1 13 162722 4094  19 (D 0,0,0) (S 291,482,135) (S 288,135,479) (S 508,479,663) (S 505,663,406) (S 119,226,227) (S 481,647,648) (S 480,648,649) (S 483,224,516) (S 6,19,18) (S 247,418,226) (S 507,663,662) (S 510,662,661) (S 504,661,137) (S 502,137,659) (S 511,660,658) (S 437,623,624) (S 106,198,197) (D 0,0,0)
 0 1 14 167437 5730  23 (D 0,0,0) (S 108,201,202) (S 498,656,480) (S 495,235,655) (S 496,655,617) (S 515,243,667) (S 518,667,669) (S 516,668,669) (S 531,669,673) (S 530,674,673) (S 529,673,672) (S 532,673,675) (S 533,676,675) (S 534,675,671) (S 527,671,672) (S 528,672,667) (S 129,243,244) (S 520,243,666) (S 514,666,612) (S 519,612,654) (S 517,236,484) (S 292,200,28) (D 0,0,0)
 0 1 15 165412 8056  12 (D 0,0,0) (S 36,72,74) (S 273,75,451) (S 271,451,449) (S 272,449,450) (S 718,292,778) (S 719,778,747) (S 716,778,779) (S 715,779,777) (S 345,544,506) (S 195,347,180) (D 0,0,0)
 0 1 16 166661 4188  17 (D 0,0,0) (S 438,212,625) (S 455,625,630) (S 453,628,209) (S 456,209,415) (S 246,415,223) (S 118,223,222) (S 475,222,634) (S 474,634,489) (S 297,489,487) (S 295,486,38) (S 120,38,228) (S 499,414,657) (S 500,657,658) (S 420,198,608) (S 419,198,607) (D 0,0,0)
 0 1 17 161035 5946  22 (D 0,0,0) (S 362,559,557) (S 360,557,139) (S 70,139,140) (S 102,140,190) (S 101,190,189) (S 388,189,581) (S 383,581,578) (S 382,578,579) (S 414,597,600) (S 411,597,598) (S 412,599,176) (S 94,175,176) (S 413,176,580) (S 99,185,186) (S 408,186,594) (S 400,593,594) (S 404,594,191) (S 403,191,187) (S 100,187,188) (S 392,586,24) (D 0,0,0)
 0 1 18 162902 5647  25 (D 0,0,0) (S 448,211,628) (S 451,628,214) (S 114,214,215) (S 112,208,210) (S 462,632,220) (S 117,220,221) (S 458,221,217) (S 116,217,218) (S 175,315,316) (S 463,315,498) (S 308,498,495) (S 305,495,4) (S 468,4,635) (S 466,635,636) (S 467,637,638) (S 472,638,639) (S 473,638,642) (S 471,641,640) (S 470,640,496) (S 306,496,4) (S 1,4,3) (S 457,221,631) (S 445,419,208) (D 0,0,0)
 0 1 19 46970 1004  8 (D 0,0,0) (S 283,461,462) (S 286,466,467) (S 285,464,465) (S 284,463,464) (S 418,605,603) (S 417,603,604) (D 0,0,0)
 0 1 20 167981 8524  17 (D 0,0,0) (S 381,23,573) (S 692,395,770) (S 690,770,368) (S 682,765,79) (S 39,79,78) (S 225,78,384) (S 224,387,388) (S 227,393,387) (S 312,468,469) (S 684,470,766) (S 685,766,765) (S 691,770,767) (S 688,768,769) (S 686,768,767) (S 687,767,373) (D 0,0,0)
 0 1 21 167870 8076  11 (D 0,0,0) (S 397,345,113) (S 232,365,92) (S 214,372,152) (S 78,152,160) (S 215,160,373) (S 314,92,507) (S 233,374,363) (S 208,363,364) (S 396,364,589) (D 0,0,0)
 0 1 22 166867 7220  16 (D 0,0,0) (S 432,591,115) (S 57,114,113) (S 675,589,762) (S 676,762,397) (S 207,361,362) (S 678,762,360) (S 206,360,359) (S 681,764,359) (S 680,359,763) (S 677,763,360) (S 679,763,595) (S 406,595,572) (S 380,523,557) (S 363,559,560) (D 0,0,0)
 0 1 23 162541 7220  13 (D 0,0,0) (S 377,573,560) (S 44,93,94) (S 226,94,111) (S 56,110,112) (S 110,204,203) (S 109,203,162) (S 219,144,378) (S 72,144,143) (S 76,143,158) (S 696,773,377) (S 218,377,110) (D 0,0,0)
 0 1 24 167395 6070  15 (D 0,0,0) (S 361,27,558) (S 364,558,524) (S 398,572,591) (S 395,591,590) (S 194,345,346) (S 58,114,115) (S 433,115,619) (S 431,619,15) (S 4,14,15) (S 430,619,618) (S 5,16,17) (S 407,596,572) (S 376,572,523) (D 0,0,0)
 0 1 25 167818 7522  12 (D 0,0,0) (S 209,366,365) (S 216,374,159) (S 77,159,145) (S 88,145,36) (S 705,36,381) (S 702,381,382) (S 704,382,378) (S 220,379,380) (S 706,379,109) (S 144,267,264) (D 0,0,0)
 0 1 26 167170 9557  17 (D 0,0,0) (S 222,382,383) (S 89,37,172) (S 90,172,80) (S 40,80,81) (S 93,80,173) (S 170,173,308) (S 169,306,307) (S 171,307,272) (S 149,273,270) (S 266,270,444) (S 773,444,306) (S 223,306,308) (S 250,308,421) (S 728,783,172) (S 697,377,396) (D 0,0,0)
 0 1 27 167118 8313  14 (D 0,0,0) (S 230,396,363) (S 43,90,91) (S 262,152,441) (S 725,441,781) (S 723,781,782) (S 724,420,37) (S 316,37,509) (S 15,37,36) (S 221,381,159) (S 698,158,773) (S 699,773,204) (S 55,110,111) (D 0,0,0)
 0 1 28 167727 9756  14 (D 0,0,0) (S 234,111,397) (S 229,373,395) (S 228,394,390) (S 695,771,772) (S 763,150,808) (S 765,808,427) (S 254,427,65) (S 74,66,148) (S 741,68,428) (S 740,428,799) (S 764,799,427) (S 693,155,771) (D 0,0,0)
 0 1 29 166687 8426  9 (D 0,0,0) (S 213,371,151) (S 151,161,279) (S 251,153,422) (S 212,154,370) (S 683,389,79) (S 689,765,368) (S 210,368,367) (D 0,0,0)
 0 1 30 166679 8989  10 (D 0,0,0) (S 231,372,367) (S 694,392,771) (S 75,157,149) (S 45,95,96) (S 762,149,807) (S 761,807,802) (S 745,800,801) (S 753,801,156) (D 0,0,0)
 0 1 31 167180 10214  13 (D 0,0,0) (S 145,268,269) (S 757,273,805) (S 758,806,805) (S 756,805,804) (S 760,375,797) (S 738,797,12) (S 260,12,439) (S 3,12,13) (S 755,796,425) (S 754,788,803) (S 749,803,800) (D 0,0,0)
 0 1 32 167481 9803  13 (D 0,0,0) (S 255,67,428) (S 742,799,429) (S 256,429,430) (S 743,429,798) (S 748,798,433) (S 744,433,795) (S 736,795,790) (S 735,793,794) (S 733,788,786) (S 750,786,800) (S 751,800,157) (D 0,0,0)
 0 1 33 167950 9101  13 (D 0,0,0) (S 79,158,159) (S 249,160,420) (S 722,420,781) (S 726,441,279) (S 727,278,783) (S 730,783,421) (S 729,421,307) (S 734,272,787) (S 732,786,787) (S 752,787,801) (S 152,278,279) (D 0,0,0)
 0 1 34 167612 10750  14 (D 0,0,0) (S 265,170,443) (S 252,271,423) (S 759,423,300) (S 217,296,375) (S 259,437,438) (S 737,437,796) (S 258,435,436) (S 731,784,785) (S 739,785,431) (S 257,431,432) (S 746,802,803) (S 747,801,268) (D 0,0,0)
 0 1 35 162118 7583  15 (D 0,0,0) (S 323,88,119) (S 569,696,697) (S 568,697,53) (S 29,62,63) (S 192,54,343) (S 187,336,335) (S 42,85,84) (S 47,84,99) (S 46,98,99) (S 645,102,746) (S 712,746,97) (S 643,335,545) (S 344,545,547) (D 0,0,0)
 0 1 36 166907 7391  12 (D 0,0,0) (S 642,339,744) (S 638,338,532) (S 184,329,330) (S 633,729,330) (S 634,330,332) (S 635,332,59) (S 30,59,61) (S 335,61,538) (S 336,538,323) (S 365,323,556) (D 0,0,0)
 0 1 37 167764 9356  25 (D 0,0,0) (S 591,538,718) (S 603,718,324) (S 181,324,322) (S 179,322,321) (S 282,460,321) (S 178,321,319) (S 177,319,320) (S 371,319,568) (S 596,568,722) (S 612,722,706) (S 576,706,705) (S 581,709,710) (S 580,709,705) (S 571,700,701) (S 572,702,703) (S 573,704,699) (S 570,699,698) (S 600,698,723) (S 608,723,326) (S 61,122,123) (S 65,126,127) (S 176,318,317) (S 287,477,476) (D 0,0,0)
 0 1 38 165238 6554  13 (D 0,0,0) (S 325,476,256) (S 137,258,257) (S 347,257,548) (S 338,540,539) (S 337,539,55) (S 342,546,333) (S 186,333,334) (S 653,547,343) (S 654,343,750) (S 652,750,749) (S 20,50,49) (D 0,0,0)
 0 1 39 167417 8235  12 (D 0,0,0) (S 25,60,61) (S 23,57,58) (S 621,58,736) (S 620,736,737) (S 622,737,738) (S 618,735,728) (S 616,728,707) (S 615,731,730) (S 185,332,331) (S 31,60,55) (D 0,0,0)
 0 1 40 167493 8599  14 (D 0,0,0) (S 24,59,48) (S 19,48,44) (S 18,43,44) (S 627,48,742) (S 617,730,732) (S 631,732,504) (S 648,528,747) (S 649,748,746) (S 341,544,541) (S 340,542,543) (S 343,547,333) (S 544,64,679) (D 0,0,0)
 0 1 41 167878 8876  21 (D 0,0,0) (S 353,522,551) (S 350,551,552) (S 358,551,317) (S 355,317,554) (S 354,554,459) (S 352,459,505) (S 597,535,719) (S 589,718,712) (S 590,712,569) (S 374,569,52) (S 373,52,327) (S 183,327,328) (S 623,733,736) (S 584,57,712) (S 588,322,716) (S 599,716,721) (S 592,720,719) (S 601,719,324) (S 180,324,323) (D 0,0,0)
 0 1 42 167412 8984  12 (D 0,0,0) (S 28,44,57) (S 583,57,708) (S 579,708,707) (S 585,707,713) (S 624,739,285) (S 153,285,284) (S 157,284,281) (S 630,281,743) (S 651,743,739) (S 628,743,730) (D 0,0,0)
 0 1 43 167562 8990  13 (D 0,0,0) (S 629,742,730) (S 625,731,739) (S 650,739,713) (S 586,713,286) (S 154,286,174) (S 268,280,447) (S 156,280,291) (S 632,291,504) (S 311,504,503) (S 647,529,97) (S 646,100,341) (D 0,0,0)
 0 1 44 167512 8605  24 (D 0,0,0) (S 368,553,564) (S 567,564,318) (S 566,318,127) (S 62,123,124) (S 604,124,724) (S 610,723,725) (S 606,725,726) (S 605,725,714) (S 587,714,715) (S 611,715,706) (S 578,706,570) (S 375,570,568) (S 598,722,717) (S 582,711,705) (S 577,705,700) (S 575,700,702) (S 593,704,721) (S 595,721,720) (S 594,720,699) (S 602,719,698) (S 574,698,530) (S 370,565,564) (D 0,0,0)
 0 1 45 166768 10135  14 (D 0,0,0) (S 27,58,52) (S 21,52,47) (S 17,41,42) (S 22,42,56) (S 280,458,42) (S 317,47,510) (S 372,510,566) (S 619,734,735) (S 613,728,511) (S 626,740,741) (S 614,729,500) (S 637,744,336) (D 0,0,0)
 0 1 46 166828 6743  18 (D 0,0,0) (S 68,134,138) (S 143,266,184) (S 201,350,184) (S 98,184,183) (S 197,182,180) (S 196,347,348) (S 198,348,283) (S 155,283,108) (S 59,118,117) (S 199,116,264) (S 142,264,265) (S 200,181,349) (S 659,753,751) (S 525,408,238) (S 524,670,614) (S 425,614,615) (D 0,0,0)
 0 1 47 166332 5674  13 (D 0,0,0) (S 130,246,245) (S 384,245,582) (S 386,582,49) (S 658,49,514) (S 319,513,514) (S 242,247,407) (S 243,407,402) (S 126,237,238) (S 428,613,617) (S 427,617,199) (S 107,199,200) (D 0,0,0)
 0 1 48 167176 7108  11 (D 0,0,0) (S 385,584,245) (S 639,546,745) (S 189,339,340) (S 332,340,533) (S 640,533,745) (S 641,745,60) (S 348,539,549) (S 60,121,120) (S 542,120,258) (D 0,0,0)
 0 1 49 167869 5920  9 (D 0,0,0) (S 131,247,50) (S 191,51,342) (S 543,679,680) (S 26,62,53) (S 193,46,344) (S 301,45,491) (S 469,491,407) (D 0,0,0)
 0 1 50 167490 7293  12 (D 0,0,0) (S 663,755,756) (S 701,756,112) (S 700,112,204) (S 211,203,369) (S 80,162,146) (S 73,146,147) (S 660,147,349) (S 655,751,752) (S 661,752,357) (S 426,199,616) (D 0,0,0)
 0 1 51 167747 9137  13 (D 0,0,0) (S 423,611,612) (S 38,77,69) (S 276,304,455) (S 776,508,445) (S 267,445,446) (S 775,445,293) (S 158,293,291) (S 328,293,527) (S 330,527,502) (S 714,777,101) (S 48,101,102) (D 0,0,0)
 0 1 52 166634 7864  9 (D 0,0,0) (S 33,71,72) (S 34,73,72) (S 35,74,75) (S 270,76,448) (S 269,448,449) (S 159,289,295) (S 161,287,282) (D 0,0,0)
 0 1 53 167731 10029  13 (D 0,0,0) (S 278,288,77) (S 394,588,164) (S 82,166,165) (S 84,165,167) (S 253,167,424) (S 771,809,274) (S 150,274,277) (S 148,277,276) (S 264,276,443) (S 772,443,444) (S 37,70,76) (D 0,0,0)
 0 1 54 167264 9665  14 (D 0,0,0) (S 32,69,70) (S 774,455,171) (S 393,169,587) (S 770,442,274) (S 146,274,275) (S 261,275,440) (S 768,440,165) (S 83,166,163) (S 81,163,164) (S 85,164,168) (S 86,168,169) (S 275,453,452) (D 0,0,0)
 0 1 55 165555 5448  18 (D 0,0,0) (S 522,615,670) (S 523,670,241) (S 128,241,242) (S 521,241,239) (S 127,239,240) (S 526,239,238) (S 133,250,248) (S 132,248,249) (S 318,248,512) (S 424,409,614) (S 429,615,612) (S 537,611,677) (S 538,677,678) (S 535,677,246) (S 536,246,584) (S 387,584,583) (D 0,0,0)
 0 1 56 166443 8392  12 (D 0,0,0) (S 313,347,506) (S 339,506,287) (S 778,287,456) (S 780,456,69) (S 315,303,454) (S 274,452,302) (S 168,302,303) (S 777,810,811) (S 779,811,69) (S 277,456,77) (D 0,0,0)
 0 1 57 167173 7320  12 (D 0,0,0) (S 656,752,183) (S 97,179,177) (S 95,177,181) (S 721,774,780) (S 720,774,776) (S 710,776,106) (S 52,106,107) (S 54,107,109) (S 707,109,775) (S 708,775,146) (D 0,0,0)
 0 1 58 164189 7648  16 (D 0,0,0) (S 674,751,355) (S 673,355,761) (S 204,355,356) (S 672,356,753) (S 703,267,774) (S 709,775,776) (S 51,106,104) (S 50,104,105) (S 53,104,108) (S 162,108,118) (S 160,118,267) (S 667,147,757) (S 666,757,354) (S 405,94,595) (D 0,0,0)
 0 1 59 167447 8375  15 (D 0,0,0) (S 657,514,357) (S 96,183,182) (S 190,341,294) (S 49,103,101) (S 711,777,295) (S 717,289,779) (S 713,778,502) (S 310,502,503) (S 329,528,529) (S 309,499,501) (S 644,531,337) (S 188,337,338) (S 636,336,547) (D 0,0,0)
 0 1 60 167869 7041  12 (D 0,0,0) (S 205,357,358) (S 671,178,760) (S 668,351,758) (S 203,353,352) (S 202,352,351) (S 669,758,759) (S 670,758,754) (S 662,754,353) (S 665,353,755) (S 664,755,94) (D 0,0,0)
 0 1 61 166746 9904  17 (D 0,0,0) (S 239,237,402) (S 92,173,170) (S 87,170,171) (S 167,171,82) (S 41,82,83) (S 165,82,297) (S 164,297,298) (S 163,297,277) (S 166,277,301) (S 767,301,809) (S 766,809,424) (S 769,424,440) (S 147,275,166) (S 263,163,442) (S 91,169,171) (D 0,0,0)
