440583
61
1807587
1719312
 0 1 1 46970 1004  8 (D 0,0,0) (S 284,463,464) (S 285,464,465) (S 286,466,467) (S 283,461,462) (S 417,603,604) (S 418,605,603) (D 0,0,0)
 0 1 2 156680 2408  8 (D 0,0,0) (S 422,606,610) (S 421,606,607) (S 436,622,213) (S 434,213,620) (S 442,620,609) (S 441,609,577) (D 0,0,0)
 0 1 3 156142 3070  14 (D 0,0,0) (S 419,607,198) (S 420,198,608) (S 106,198,197) (S 391,24,585) (S 401,585,592) (S 399,592,586) (S 392,586,24) (S 9,24,21) (S 7,21,22) (S 8,21,23) (S 379,195,575) (S 378,575,576) (D 0,0,0)
 0 1 4 75709 1770  6 (D 0,0,0) (S 105,196,194) (S 104,194,193) (S 415,193,601) (S 416,193,574) (D 0,0,0)
 0 1 5 165162 6785  19 (D 0,0,0) (S 380,557,523) (S 376,523,572) (S 432,591,115) (S 433,115,619) (S 431,619,15) (S 4,14,15) (S 430,619,618) (S 5,16,17) (S 407,596,572) (S 389,523,141) (S 390,141,189) (S 71,141,142) (S 410,142,190) (S 409,190,594) (S 404,594,191) (S 103,191,192) (S 403,191,187) (D 0,0,0)
 0 1 6 166824 6402  11 (D 0,0,0) (S 364,558,524) (S 396,589,364) (S 208,364,363) (S 230,363,396) (S 697,396,377) (S 218,377,110) (S 55,110,111) (S 226,111,94) (S 405,94,595) (D 0,0,0)
 0 1 7 167726 7929  17 (D 0,0,0) (S 197,182,180) (S 313,347,506) (S 646,341,100) (S 645,102,746) (S 649,746,748) (S 648,747,528) (S 329,528,529) (S 309,499,501) (S 647,529,97) (S 46,98,99) (S 47,99,84) (S 42,84,85) (S 187,335,336) (S 636,336,547) (S 493,138,654) (D 0,0,0)
 0 1 8 167663 8138  16 (D 0,0,0) (S 289,134,483) (S 327,525,526) (S 182,325,326) (S 600,723,698) (S 602,698,719) (S 180,324,323) (S 591,538,718) (S 603,718,324) (S 601,324,719) (S 597,719,535) (S 333,535,530) (S 331,530,124) (S 567,318,564) (S 368,564,553) (D 0,0,0)
 0 1 9 167107 5327  13 (D 0,0,0) (S 135,253,254) (S 540,253,128) (S 66,128,130) (S 300,130,251) (S 134,252,129) (S 299,130,490) (S 539,490,643) (S 494,412,653) (S 492,653,138) (S 68,138,134) (S 292,200,28) (D 0,0,0)
 0 1 10 166095 9378  13 (D 0,0,0) (S 223,308,306) (S 266,444,270) (S 149,273,270) (S 252,271,423) (S 757,805,273) (S 145,269,268) (S 728,783,172) (S 89,172,37) (S 702,381,382) (S 222,382,383) (S 704,382,378) (D 0,0,0)
 0 1 11 167578 8002  16 (D 0,0,0) (S 426,199,616) (S 427,199,617) (S 128,241,242) (S 127,239,240) (S 142,265,264) (S 706,109,379) (S 220,379,380) (S 219,378,144) (S 109,162,203) (S 211,203,369) (S 110,203,204) (S 701,112,756) (S 663,756,755) (S 664,755,94) (D 0,0,0)
 0 1 12 167222 7231  12 (D 0,0,0) (S 97,179,177) (S 95,177,181) (S 703,267,774) (S 720,774,776) (S 709,776,775) (S 80,146,162) (S 72,144,143) (S 699,773,204) (S 700,204,112) (S 56,112,110) (D 0,0,0)
 0 1 13 167218 5405  17 (D 0,0,0) (S 517,484,236) (S 522,615,670) (S 524,670,614) (S 424,614,409) (S 133,250,248) (S 318,248,512) (S 132,248,249) (S 525,408,238) (S 126,238,237) (S 239,237,402) (S 242,407,247) (S 386,49,582) (S 384,582,245) (S 385,245,584) (S 387,584,583) (D 0,0,0)
 0 1 14 167936 7980  14 (D 0,0,0) (S 216,374,159) (S 77,159,145) (S 88,145,36) (S 705,36,381) (S 221,381,159) (S 79,159,158) (S 76,158,143) (S 698,158,773) (S 696,773,377) (S 207,361,362) (S 234,397,111) (S 44,93,94) (D 0,0,0)
 0 1 15 167957 8201  15 (D 0,0,0) (S 429,612,615) (S 344,547,545) (S 341,541,544) (S 711,777,295) (S 718,292,778) (S 716,778,779) (S 715,779,777) (S 714,777,101) (S 49,101,103) (S 277,77,456) (S 778,456,287) (S 339,287,506) (S 195,347,180) (D 0,0,0)
 0 1 16 166356 4301  14 (D 0,0,0) (S 485,131,645) (S 487,645,494) (S 304,493,232) (S 123,232,233) (S 479,232,646) (S 477,646,647) (S 482,647,405) (S 244,410,411) (S 245,413,414) (S 499,414,657) (S 506,664,657) (S 500,657,658) (D 0,0,0)
 0 1 17 167915 4258  21 (D 0,0,0) (S 437,624,623) (S 511,658,660) (S 501,660,659) (S 502,659,137) (S 504,137,661) (S 510,661,662) (S 507,662,663) (S 505,663,406) (S 247,226,418) (S 6,18,19) (S 483,516,224) (S 480,648,649) (S 481,648,647) (S 119,227,226) (S 508,663,479) (S 288,479,135) (S 290,134,484) (S 294,484,485) (S 108,201,202) (D 0,0,0)
 0 1 18 166492 5959  26 (D 0,0,0) (S 498,656,480) (S 124,235,234) (S 125,234,236) (S 513,236,654) (S 519,654,612) (S 514,612,666) (S 520,666,243) (S 129,243,244) (S 518,667,669) (S 516,668,669) (S 531,669,673) (S 530,674,673) (S 527,672,671) (S 534,671,675) (S 533,676,675) (S 532,675,673) (S 529,673,672) (S 528,672,667) (S 515,667,243) (S 423,612,611) (S 538,677,678) (S 537,677,611) (S 428,613,617) (S 107,199,200) (D 0,0,0)
 0 1 19 167826 7055  21 (D 0,0,0) (S 512,660,482) (S 321,516,497) (S 562,262,561) (S 366,561,263) (S 356,263,311) (S 357,313,311) (S 173,311,312) (S 563,312,314) (S 564,314,562) (S 369,562,555) (S 172,309,310) (S 541,517,652) (S 490,650,651) (S 491,652,492) (S 302,492,232) (S 478,646,413) (S 448,211,628) (S 450,629,630) (S 438,625,212) (D 0,0,0)
 0 1 20 165472 3835  18 (D 0,0,0) (S 439,626,625) (S 455,625,630) (S 454,630,214) (S 451,214,628) (S 453,628,209) (S 456,209,415) (S 246,415,223) (S 118,223,222) (S 475,222,634) (S 474,634,489) (S 297,489,487) (S 295,486,38) (S 120,38,228) (S 484,228,414) (S 440,417,457) (S 449,627,211) (D 0,0,0)
 0 1 21 160333 4153  16 (D 0,0,0) (S 435,212,621) (S 444,621,627) (S 443,627,457) (S 279,457,209) (S 111,207,208) (S 460,632,631) (S 459,631,216) (S 461,216,633) (S 115,216,217) (S 116,217,218) (S 465,218,2) (S 464,2,634) (S 476,222,416) (S 113,211,212) (D 0,0,0)
 0 1 22 160134 3345  13 (D 0,0,0) (S 446,215,208) (S 248,419,403) (S 240,403,401) (S 238,401,398) (S 235,398,206) (S 236,205,399) (S 237,399,400) (S 241,400,404) (S 445,419,208) (S 112,208,210) (S 447,215,626) (D 0,0,0)
 0 1 23 157994 5238  20 (D 0,0,0) (S 462,632,220) (S 117,220,221) (S 1,3,4) (S 468,4,635) (S 466,635,636) (S 467,637,638) (S 472,638,639) (S 473,638,642) (S 471,641,640) (S 470,640,496) (S 306,496,4) (S 305,4,495) (S 308,495,498) (S 463,498,315) (S 175,315,316) (S 458,217,221) (S 457,221,631) (S 452,622,607) (D 0,0,0)
 0 1 24 167904 7662  24 (D 0,0,0) (S 503,659,136) (S 69,136,135) (S 325,476,256) (S 136,256,255) (S 349,255,478) (S 346,255,257) (S 137,257,258) (S 347,257,548) (S 556,550,556) (S 554,554,127) (S 553,127,691) (S 557,691,260) (S 334,534,537) (S 555,534,260) (S 139,260,30) (S 140,261,30) (S 12,30,31) (S 13,31,32) (S 558,682,693) (S 560,693,695) (S 561,695,561) (S 291,135,482) (D 0,0,0)
 0 1 25 167464 4910  16 (D 0,0,0) (S 486,228,133) (S 67,131,132) (S 303,132,229) (S 121,229,230) (S 122,230,231) (S 320,515,7) (S 11,6,29) (S 2,9,10) (S 489,10,5) (S 488,5,40) (S 16,40,39) (S 307,38,488) (S 296,488,132) (S 114,214,215) (D 0,0,0)
 0 1 26 166323 5946  21 (D 0,0,0) (S 377,573,560) (S 362,559,557) (S 360,557,139) (S 70,139,140) (S 102,140,190) (S 101,190,189) (S 388,189,581) (S 383,581,578) (S 382,578,579) (S 414,597,600) (S 411,597,598) (S 412,599,176) (S 94,175,176) (S 413,176,580) (S 99,185,186) (S 408,186,594) (S 400,593,594) (S 100,187,188) (S 402,187,586) (D 0,0,0)
 0 1 27 167023 6236  14 (D 0,0,0) (S 535,677,246) (S 536,246,584) (S 657,514,357) (S 661,357,752) (S 655,752,751) (S 674,751,355) (S 319,513,514) (S 130,245,246) (S 496,617,655) (S 495,655,235) (S 497,235,485) (S 293,485,200) (D 0,0,0)
 0 1 28 165585 8727  11 (D 0,0,0) (S 19,48,44) (S 18,43,44) (S 28,44,57) (S 583,57,708) (S 579,708,707) (S 616,707,728) (S 613,728,511) (S 618,728,735) (S 619,735,734) (D 0,0,0)
 0 1 29 166887 9791  12 (D 0,0,0) (S 589,718,712) (S 590,712,569) (S 374,569,52) (S 183,327,328) (S 372,566,510) (S 317,510,47) (S 280,458,42) (S 22,42,56) (S 17,42,41) (S 21,47,52) (D 0,0,0)
 0 1 30 166733 7151  12 (D 0,0,0) (S 509,483,653) (S 192,54,343) (S 653,343,547) (S 643,545,335) (S 189,339,340) (S 335,61,538) (S 336,538,323) (S 365,323,556) (S 358,317,551) (S 353,551,522) (D 0,0,0)
 0 1 31 161270 9199  15 (D 0,0,0) (S 343,333,547) (S 637,336,744) (S 638,338,532) (S 184,329,330) (S 617,732,730) (S 626,740,741) (S 585,707,713) (S 624,739,285) (S 153,285,284) (S 630,281,743) (S 651,743,739) (S 628,743,730) (S 24,48,59) (D 0,0,0)
 0 1 32 167368 7376  11 (D 0,0,0) (S 639,546,745) (S 642,339,744) (S 188,338,337) (S 644,337,531) (S 614,500,729) (S 634,330,332) (S 635,332,59) (S 30,59,61) (S 31,60,55) (D 0,0,0)
 0 1 33 167710 7910  12 (D 0,0,0) (S 641,60,745) (S 640,745,533) (S 332,533,340) (S 185,331,332) (S 633,330,729) (S 631,732,504) (S 310,503,502) (S 713,502,778) (S 719,778,747) (S 712,746,97) (D 0,0,0)
 0 1 34 166764 7995  18 (D 0,0,0) (S 324,309,519) (S 326,519,520) (S 351,520,313) (S 174,313,314) (S 367,562,563) (S 546,563,684) (S 138,32,259) (S 545,259,683) (S 549,688,690) (S 548,687,686) (S 551,685,692) (S 547,685,35) (S 14,33,34) (S 565,695,312) (S 141,263,262) (S 559,262,518) (D 0,0,0)
 0 1 35 165719 6528  12 (D 0,0,0) (S 542,258,120) (S 60,120,121) (S 348,549,539) (S 338,540,539) (S 337,539,55) (S 342,546,333) (S 186,333,334) (S 654,343,750) (S 652,750,749) (S 29,63,62) (D 0,0,0)
 0 1 36 164504 6519  14 (D 0,0,0) (S 243,402,407) (S 131,247,50) (S 193,46,344) (S 191,51,342) (S 543,679,680) (S 544,679,64) (S 26,62,53) (S 568,53,697) (S 569,697,696) (S 323,119,88) (S 322,474,87) (S 298,86,490) (D 0,0,0)
 0 1 37 167423 8681  20 (D 0,0,0) (S 370,564,565) (S 550,565,691) (S 552,691,536) (S 574,530,698) (S 570,698,699) (S 573,699,704) (S 577,700,705) (S 581,709,710) (S 580,709,705) (S 582,705,711) (S 598,717,722) (S 371,568,319) (S 177,319,320) (S 178,319,321) (S 282,460,321) (S 179,321,322) (S 181,322,324) (S 359,556,521) (D 0,0,0)
 0 1 38 167668 8563  15 (D 0,0,0) (S 355,317,554) (S 352,459,505) (S 592,719,720) (S 599,721,716) (S 588,716,322) (S 584,712,57) (S 23,57,58) (S 27,58,52) (S 373,52,327) (S 623,733,736) (S 620,736,737) (S 622,737,738) (S 621,736,58) (D 0,0,0)
 0 1 39 167503 9261  33 (D 0,0,0) (S 354,554,459) (S 281,459,126) (S 63,125,123) (S 604,124,724) (S 609,727,326) (S 608,326,723) (S 594,699,720) (S 595,720,721) (S 593,721,704) (S 572,702,703) (S 575,702,700) (S 571,700,701) (S 576,705,706) (S 612,706,722) (S 596,722,568) (S 375,568,570) (S 578,570,706) (S 611,706,715) (S 587,715,714) (S 605,714,725) (S 606,725,726) (S 610,725,723) (S 607,727,724) (S 62,124,123) (S 61,122,123) (S 64,123,126) (S 65,126,127) (S 566,127,318) (S 176,318,317) (S 350,551,552) (S 287,477,476) (D 0,0,0)
 0 1 40 167669 6642  11 (D 0,0,0) (S 659,751,753) (S 671,178,760) (S 668,351,758) (S 669,758,759) (S 670,758,754) (S 662,754,353) (S 665,353,755) (S 660,147,349) (S 658,514,49) (D 0,0,0)
 0 1 41 167368 8742  13 (D 0,0,0) (S 199,264,116) (S 59,117,118) (S 32,69,70) (S 315,303,454) (S 776,508,445) (S 267,445,446) (S 775,445,293) (S 328,293,527) (S 330,527,502) (S 48,101,102) (S 345,544,506) (D 0,0,0)
 0 1 42 167905 9162  14 (D 0,0,0) (S 780,456,69) (S 777,810,811) (S 779,811,69) (S 37,70,76) (S 270,76,448) (S 269,448,449) (S 158,293,291) (S 268,280,447) (S 156,280,291) (S 159,289,295) (S 190,294,341) (S 340,542,543) (D 0,0,0)
 0 1 43 167767 7938  10 (D 0,0,0) (S 33,71,72) (S 34,73,72) (S 36,72,74) (S 35,74,75) (S 273,75,451) (S 271,451,449) (S 272,449,450) (S 717,289,779) (D 0,0,0)
 0 1 44 167499 8755  14 (D 0,0,0) (S 425,615,614) (S 311,503,504) (S 632,504,291) (S 157,281,284) (S 154,286,174) (S 586,286,713) (S 650,713,739) (S 625,739,731) (S 615,731,730) (S 629,730,742) (S 627,742,48) (S 25,61,60) (D 0,0,0)
 0 1 45 165579 9345  13 (D 0,0,0) (S 43,90,91) (S 249,160,420) (S 724,420,37) (S 316,37,509) (S 90,172,80) (S 40,80,81) (S 93,80,173) (S 170,173,308) (S 250,308,421) (S 727,783,278) (S 151,279,161) (D 0,0,0)
 0 1 46 167820 8189  14 (D 0,0,0) (S 381,23,573) (S 213,371,151) (S 212,154,370) (S 228,394,390) (S 225,384,78) (S 39,78,79) (S 682,79,765) (S 689,765,368) (S 692,770,395) (S 233,374,363) (S 361,558,27) (S 10,25,26) (D 0,0,0)
 0 1 47 165850 6266  15 (D 0,0,0) (S 398,572,591) (S 395,591,590) (S 194,345,346) (S 58,114,115) (S 57,114,113) (S 675,589,762) (S 678,762,360) (S 206,360,359) (S 681,764,359) (S 680,359,763) (S 677,763,360) (S 679,763,595) (S 406,595,572) (D 0,0,0)
 0 1 48 167603 10190  16 (D 0,0,0) (S 676,762,397) (S 748,433,798) (S 257,431,432) (S 739,431,785) (S 731,784,785) (S 258,435,436) (S 259,437,438) (S 737,437,796) (S 755,796,425) (S 735,794,793) (S 736,790,795) (S 746,802,803) (S 749,803,800) (S 751,800,157) (D 0,0,0)
 0 1 49 167585 10015  10 (D 0,0,0) (S 75,157,149) (S 45,95,96) (S 74,66,148) (S 255,67,428) (S 741,68,428) (S 740,428,799) (S 256,429,430) (S 254,427,65) (D 0,0,0)
 0 1 50 166972 9062  10 (D 0,0,0) (S 762,149,807) (S 761,807,802) (S 744,795,433) (S 743,798,429) (S 742,429,799) (S 764,799,427) (S 765,427,808) (S 763,808,150) (D 0,0,0)
 0 1 51 167444 10485  15 (D 0,0,0) (S 753,156,801) (S 745,801,800) (S 754,803,788) (S 738,797,12) (S 260,12,439) (S 3,12,13) (S 760,797,375) (S 217,375,296) (S 166,301,277) (S 163,277,297) (S 41,82,83) (S 774,171,455) (S 168,302,303) (D 0,0,0)
 0 1 52 167464 9960  15 (D 0,0,0) (S 92,173,170) (S 167,171,82) (S 165,82,297) (S 164,297,298) (S 146,274,275) (S 147,275,166) (S 82,166,165) (S 768,165,440) (S 261,440,275) (S 83,166,163) (S 85,164,168) (S 86,168,169) (S 91,169,171) (D 0,0,0)
 0 1 53 167700 9758  12 (D 0,0,0) (S 169,306,307) (S 264,443,276) (S 148,276,277) (S 150,277,274) (S 771,809,274) (S 770,274,442) (S 263,442,163) (S 81,163,164) (S 394,164,588) (S 393,587,169) (D 0,0,0)
 0 1 54 167833 8832  11 (D 0,0,0) (S 171,307,272) (S 734,272,787) (S 732,786,787) (S 752,787,801) (S 747,801,268) (S 152,278,279) (S 726,279,441) (S 262,441,152) (S 214,152,372) (D 0,0,0)
 0 1 55 167908 8829  15 (D 0,0,0) (S 231,372,367) (S 683,389,79) (S 685,765,766) (S 684,766,470) (S 312,469,468) (S 227,393,387) (S 224,387,388) (S 694,392,771) (S 695,771,772) (S 693,771,155) (S 251,153,422) (S 78,152,160) (S 215,160,373) (D 0,0,0)
 0 1 56 161381 8169  13 (D 0,0,0) (S 229,373,395) (S 210,367,368) (S 690,368,770) (S 691,770,767) (S 686,767,768) (S 688,768,769) (S 687,767,373) (S 314,92,507) (S 232,92,365) (S 209,365,366) (S 397,113,345) (D 0,0,0)
 0 1 57 167899 7414  14 (D 0,0,0) (S 202,351,352) (S 203,352,353) (S 666,354,757) (S 667,757,147) (S 73,147,146) (S 708,146,775) (S 710,776,106) (S 51,106,104) (S 50,104,105) (S 162,108,118) (S 160,118,267) (S 200,181,349) (D 0,0,0)
 0 1 58 165364 6538  15 (D 0,0,0) (S 205,357,358) (S 673,355,761) (S 204,355,356) (S 672,356,753) (S 656,752,183) (S 98,183,184) (S 201,350,184) (S 143,184,266) (S 301,45,491) (S 469,491,407) (S 526,238,239) (S 521,239,241) (S 523,241,670) (D 0,0,0)
 0 1 59 167848 7228  13 (D 0,0,0) (S 20,49,50) (S 96,183,182) (S 196,347,348) (S 198,348,283) (S 155,283,108) (S 53,108,104) (S 52,106,107) (S 54,107,109) (S 707,109,775) (S 721,774,780) (S 144,267,264) (D 0,0,0)
 0 1 60 167727 9257  16 (D 0,0,0) (S 161,282,287) (S 278,288,77) (S 38,77,69) (S 276,304,455) (S 87,171,170) (S 265,170,443) (S 772,443,444) (S 773,444,306) (S 729,307,421) (S 730,421,783) (S 725,441,781) (S 723,781,782) (S 722,781,420) (S 15,37,36) (D 0,0,0)
 0 1 61 167731 10178  15 (D 0,0,0) (S 363,560,559) (S 750,800,786) (S 733,786,788) (S 756,804,805) (S 758,805,806) (S 759,423,300) (S 767,301,809) (S 766,809,424) (S 769,424,440) (S 84,165,167) (S 253,167,424) (S 275,453,452) (S 274,452,302) (D 0,0,0)
