442539
61
1807936
1804172
 0 1 1 46970 1004  8 (D 0,0,0) (S 283,461,462) (S 286,466,467) (S 284,463,464) (S 285,464,465) (S 417,603,604) (S 418,605,603) (D 0,0,0)
 0 1 2 164180 2497  10 (D 0,0,0) (S 422,606,610) (S 421,606,607) (S 419,607,198) (S 106,198,197) (S 416,574,193) (S 415,193,601) (S 104,193,194) (S 105,194,196) (D 0,0,0)
 0 1 3 107687 2599  9 (D 0,0,0) (S 8,23,21) (S 7,21,22) (S 9,21,24) (S 391,24,585) (S 401,585,592) (S 399,592,586) (S 392,586,24) (D 0,0,0)
 0 1 4 165957 5056  11 (D 0,0,0) (S 493,654,138) (S 492,138,653) (S 539,643,490) (S 298,490,86) (S 299,490,130) (S 66,130,128) (S 540,128,253) (S 135,253,254) (S 6,19,18) (D 0,0,0)
 0 1 5 161980 5705  24 (D 0,0,0) (S 497,485,235) (S 124,235,234) (S 125,234,236) (S 513,236,654) (S 519,654,612) (S 514,612,666) (S 520,666,243) (S 129,243,244) (S 515,243,667) (S 518,667,669) (S 516,668,669) (S 531,669,673) (S 530,674,673) (S 529,673,672) (S 527,672,671) (S 534,671,675) (S 533,676,675) (S 532,675,673) (S 528,672,667) (S 517,236,484) (S 498,480,656) (S 108,202,201) (D 0,0,0)
 0 1 6 157851 7780  25 (D 0,0,0) (S 437,624,623) (S 502,659,137) (S 504,137,661) (S 508,663,479) (S 369,555,562) (S 550,565,691) (S 557,691,260) (S 334,534,537) (S 555,534,260) (S 139,260,30) (S 140,261,30) (S 12,30,31) (S 13,31,32) (S 565,695,312) (S 563,314,312) (S 173,312,311) (S 356,311,263) (S 366,263,561) (S 562,561,262) (S 559,262,518) (S 69,135,136) (S 503,136,659) (S 501,659,660) (D 0,0,0)
 0 1 7 162609 8173  22 (D 0,0,0) (S 322,87,474) (S 349,478,255) (S 137,257,258) (S 542,258,120) (S 60,120,121) (S 554,554,127) (S 553,127,691) (S 327,525,526) (S 182,325,326) (S 609,326,727) (S 607,727,724) (S 604,724,124) (S 62,124,123) (S 61,122,123) (S 63,125,123) (S 64,123,126) (S 281,126,459) (S 355,554,317) (S 350,551,552) (S 290,134,484) (D 0,0,0)
 0 1 8 165569 7084  12 (D 0,0,0) (S 659,751,753) (S 200,349,181) (S 160,267,118) (S 162,118,108) (S 155,108,283) (S 778,287,456) (S 339,287,506) (S 195,347,180) (S 197,180,182) (S 242,247,407) (D 0,0,0)
 0 1 9 167666 5633  16 (D 0,0,0) (S 429,612,615) (S 522,615,670) (S 523,670,241) (S 128,241,242) (S 127,239,240) (S 126,238,237) (S 20,49,50) (S 301,45,491) (S 469,491,407) (S 243,407,402) (S 239,402,237) (S 132,248,249) (S 318,248,512) (S 133,248,250) (D 0,0,0)
 0 1 10 164553 6473  17 (D 0,0,0) (S 398,572,591) (S 432,591,115) (S 58,115,114) (S 57,114,113) (S 675,589,762) (S 678,762,360) (S 206,360,359) (S 681,764,359) (S 680,359,763) (S 677,763,360) (S 679,763,595) (S 389,523,141) (S 390,141,189) (S 101,189,190) (S 410,190,142) (D 0,0,0)
 0 1 11 164184 4967  15 (D 0,0,0) (S 435,212,621) (S 500,658,657) (S 506,657,664) (S 510,661,662) (S 507,662,663) (S 505,663,406) (S 483,224,516) (S 321,516,497) (S 541,517,652) (S 490,650,651) (S 491,652,492) (S 302,492,232) (S 478,646,413) (D 0,0,0)
 0 1 12 167531 5418  20 (D 0,0,0) (S 476,416,222) (S 475,222,634) (S 464,634,2) (S 465,2,218) (S 1,3,4) (S 306,4,496) (S 470,496,640) (S 471,640,641) (S 473,642,638) (S 472,638,639) (S 467,638,637) (S 466,636,635) (S 468,635,4) (S 305,4,495) (S 308,495,498) (S 463,498,315) (S 175,315,316) (S 116,218,217) (D 0,0,0)
 0 1 13 167979 4815  16 (D 0,0,0) (S 499,657,414) (S 486,228,133) (S 67,131,132) (S 303,132,229) (S 121,229,230) (S 122,230,231) (S 320,515,7) (S 11,6,29) (S 2,9,10) (S 489,10,5) (S 488,5,40) (S 16,40,39) (S 307,38,488) (S 296,488,132) (D 0,0,0)
 0 1 14 156841 4323  15 (D 0,0,0) (S 114,215,214) (S 448,628,211) (S 245,414,413) (S 244,411,410) (S 482,405,647) (S 477,647,646) (S 479,646,232) (S 123,232,233) (S 304,232,493) (S 487,494,645) (S 485,645,131) (S 449,627,211) (S 113,211,212) (D 0,0,0)
 0 1 15 166067 4059  15 (D 0,0,0) (S 452,607,622) (S 434,213,620) (S 279,457,209) (S 111,207,208) (S 112,208,210) (S 462,632,220) (S 117,220,221) (S 457,631,221) (S 458,221,217) (S 115,217,216) (S 461,216,633) (S 459,216,631) (S 460,631,632) (D 0,0,0)
 0 1 16 163449 3249  13 (D 0,0,0) (S 378,576,575) (S 447,626,215) (S 446,215,208) (S 241,400,404) (S 237,400,399) (S 236,399,205) (S 235,206,398) (S 238,398,401) (S 240,401,403) (S 248,403,419) (S 445,419,208) (D 0,0,0)
 0 1 17 167839 4127  17 (D 0,0,0) (S 439,626,625) (S 450,629,630) (S 451,214,628) (S 453,628,209) (S 456,209,415) (S 481,647,648) (S 480,648,649) (S 119,227,226) (S 247,226,418) (S 288,479,135) (S 291,135,482) (S 512,482,660) (S 511,660,658) (S 442,620,609) (S 441,609,577) (D 0,0,0)
 0 1 18 163693 6477  18 (D 0,0,0) (S 10,25,26) (S 361,27,558) (S 364,558,524) (S 376,523,572) (S 407,572,596) (S 5,16,17) (S 430,618,619) (S 431,619,15) (S 4,14,15) (S 433,619,115) (S 194,346,345) (S 395,590,591) (S 71,141,142) (S 362,557,559) (S 363,559,560) (S 381,573,23) (D 0,0,0)
 0 1 19 167763 7695  10 (D 0,0,0) (S 33,71,72) (S 34,73,72) (S 36,72,74) (S 35,74,75) (S 273,75,451) (S 271,451,449) (S 272,449,450) (S 96,182,183) (D 0,0,0)
 0 1 20 167397 4192  17 (D 0,0,0) (S 436,622,213) (S 438,212,625) (S 455,625,630) (S 454,630,214) (S 246,415,223) (S 118,223,222) (S 474,634,489) (S 297,489,487) (S 295,486,38) (S 120,38,228) (S 484,228,414) (S 440,417,457) (S 443,457,627) (S 444,627,621) (S 420,198,608) (D 0,0,0)
 0 1 21 167969 6752  18 (D 0,0,0) (S 406,572,595) (S 664,94,755) (S 665,755,353) (S 662,353,754) (S 670,754,758) (S 669,758,759) (S 668,758,351) (S 671,760,178) (S 672,753,356) (S 204,356,355) (S 673,355,761) (S 674,355,751) (S 525,408,238) (S 526,238,239) (S 521,239,241) (S 524,670,614) (D 0,0,0)
 0 1 22 144849 6122  11 (D 0,0,0) (S 68,134,138) (S 319,513,514) (S 205,357,358) (S 657,357,514) (S 658,514,49) (S 386,49,582) (S 384,582,245) (S 387,584,583) (S 380,523,557) (D 0,0,0)
 0 1 23 165993 7332  20 (D 0,0,0) (S 379,575,195) (S 172,309,310) (S 324,309,519) (S 326,519,520) (S 358,551,317) (S 176,317,318) (S 566,318,127) (S 65,127,126) (S 331,124,530) (S 597,535,719) (S 601,719,324) (S 180,324,323) (S 365,323,556) (S 556,556,550) (S 347,548,257) (S 346,257,255) (S 136,255,256) (S 325,256,476) (D 0,0,0)
 0 1 24 167826 8898  17 (D 0,0,0) (S 161,282,287) (S 277,77,456) (S 780,456,69) (S 37,70,76) (S 270,76,448) (S 269,448,449) (S 718,292,778) (S 716,778,779) (S 717,779,289) (S 159,289,295) (S 711,295,777) (S 49,101,103) (S 190,294,341) (S 341,544,541) (S 340,542,543) (D 0,0,0)
 0 1 25 167114 6266  22 (D 0,0,0) (S 402,586,187) (S 100,187,188) (S 403,187,191) (S 103,191,192) (S 404,191,594) (S 388,189,581) (S 383,581,578) (S 382,578,579) (S 414,597,600) (S 411,597,598) (S 412,599,176) (S 94,175,176) (S 413,176,580) (S 99,185,186) (S 408,186,594) (S 400,593,594) (S 409,594,190) (S 102,190,140) (S 70,140,139) (S 360,139,557) (D 0,0,0)
 0 1 26 167049 9086  12 (D 0,0,0) (S 591,538,718) (S 589,718,712) (S 23,57,58) (S 27,58,52) (S 619,735,734) (S 183,327,328) (S 373,327,52) (S 177,319,320) (S 179,321,322) (S 181,322,324) (D 0,0,0)
 0 1 27 163016 4665  18 (D 0,0,0) (S 292,28,200) (S 107,200,199) (S 427,199,617) (S 428,617,613) (S 536,246,584) (S 385,584,245) (S 130,245,246) (S 535,246,677) (S 538,677,678) (S 537,677,611) (S 423,611,612) (S 425,615,614) (S 424,614,409) (S 494,412,653) (S 509,653,483) (S 289,483,134) (D 0,0,0)
 0 1 28 167384 7534  15 (D 0,0,0) (S 495,235,655) (S 496,655,617) (S 661,357,752) (S 655,752,751) (S 709,775,776) (S 710,776,106) (S 52,106,107) (S 54,107,109) (S 706,109,379) (S 220,379,380) (S 707,109,775) (S 708,775,146) (S 73,146,147) (D 0,0,0)
 0 1 29 163449 9521  13 (D 0,0,0) (S 728,172,783) (S 729,421,307) (S 169,307,306) (S 773,306,444) (S 266,444,270) (S 149,273,270) (S 252,271,423) (S 756,805,804) (S 754,788,803) (S 745,800,801) (S 753,801,156) (D 0,0,0)
 0 1 30 165641 6674  14 (D 0,0,0) (S 405,595,94) (S 44,93,94) (S 663,755,756) (S 666,354,757) (S 667,757,147) (S 144,267,264) (S 142,264,265) (S 95,181,177) (S 656,752,183) (S 98,183,184) (S 143,184,266) (S 131,50,247) (D 0,0,0)
 0 1 31 164777 10569  18 (D 0,0,0) (S 377,573,560) (S 732,787,786) (S 735,793,794) (S 755,425,796) (S 737,796,437) (S 259,437,438) (S 760,797,375) (S 217,375,296) (S 3,13,12) (S 260,12,439) (S 738,12,797) (S 733,788,786) (S 750,786,800) (S 693,155,771) (S 228,390,394) (S 229,395,373) (D 0,0,0)
 0 1 32 165882 8118  8 (D 0,0,0) (S 215,373,160) (S 78,160,152) (S 262,152,441) (S 152,279,278) (S 151,279,161) (S 213,151,371) (D 0,0,0)
 0 1 33 167318 8472  16 (D 0,0,0) (S 231,372,367) (S 39,78,79) (S 682,79,765) (S 684,470,766) (S 685,766,765) (S 689,765,368) (S 690,368,770) (S 691,770,767) (S 686,767,768) (S 688,768,769) (S 687,767,373) (S 314,92,507) (S 209,365,366) (S 396,364,589) (D 0,0,0)
 0 1 34 166499 6861  10 (D 0,0,0) (S 397,345,113) (S 208,364,363) (S 230,363,396) (S 207,361,362) (S 697,396,377) (S 218,377,110) (S 55,110,111) (S 226,111,94) (D 0,0,0)
 0 1 35 167848 8920  15 (D 0,0,0) (S 234,111,397) (S 696,377,773) (S 698,773,158) (S 79,158,159) (S 705,381,36) (S 89,37,172) (S 90,172,80) (S 40,80,81) (S 93,80,173) (S 170,173,308) (S 250,308,421) (S 730,421,783) (S 727,783,278) (D 0,0,0)
 0 1 36 165323 10169  15 (D 0,0,0) (S 249,160,420) (S 723,781,782) (S 725,781,441) (S 726,441,279) (S 145,268,269) (S 150,277,274) (S 146,274,275) (S 82,166,165) (S 84,165,167) (S 253,167,424) (S 767,809,301) (S 264,276,443) (S 772,443,444) (D 0,0,0)
 0 1 37 167863 9345  12 (D 0,0,0) (S 92,173,170) (S 265,170,443) (S 148,276,277) (S 166,277,301) (S 759,300,423) (S 758,806,805) (S 757,805,273) (S 171,272,307) (S 223,306,308) (S 168,302,303) (D 0,0,0)
 0 1 38 167958 9861  15 (D 0,0,0) (S 32,69,70) (S 276,304,455) (S 86,169,168) (S 85,168,164) (S 81,164,163) (S 83,163,166) (S 147,166,275) (S 261,275,440) (S 768,165,440) (S 769,440,424) (S 766,424,809) (S 771,809,274) (S 87,171,170) (D 0,0,0)
 0 1 39 166777 9592  13 (D 0,0,0) (S 774,455,171) (S 91,171,169) (S 393,169,587) (S 394,588,164) (S 263,163,442) (S 770,442,274) (S 163,277,297) (S 164,297,298) (S 165,297,82) (S 41,82,83) (S 167,82,171) (D 0,0,0)
 0 1 40 167594 10144  13 (D 0,0,0) (S 744,795,433) (S 748,433,798) (S 257,431,432) (S 258,435,436) (S 731,784,785) (S 739,785,431) (S 743,798,429) (S 256,429,430) (S 742,429,799) (S 765,427,808) (S 763,808,150) (D 0,0,0)
 0 1 41 166425 9571  11 (D 0,0,0) (S 254,65,427) (S 764,427,799) (S 740,799,428) (S 741,68,428) (S 255,428,67) (S 74,66,148) (S 75,149,157) (S 695,771,772) (S 694,771,392) (D 0,0,0)
 0 1 42 167884 9845  14 (D 0,0,0) (S 225,78,384) (S 45,95,96) (S 762,149,807) (S 761,807,802) (S 736,795,790) (S 746,802,803) (S 749,803,800) (S 751,800,157) (S 224,387,388) (S 227,393,387) (S 312,468,469) (S 683,79,389) (D 0,0,0)
 0 1 43 166348 8058  8 (D 0,0,0) (S 214,372,152) (S 251,153,422) (S 212,154,370) (S 210,367,368) (S 692,770,395) (S 232,92,365) (D 0,0,0)
 0 1 44 167454 7438  13 (D 0,0,0) (S 233,363,374) (S 216,374,159) (S 221,159,381) (S 702,381,382) (S 222,382,383) (S 704,382,378) (S 219,378,144) (S 72,144,143) (S 76,143,158) (S 699,773,204) (S 56,112,110) (D 0,0,0)
 0 1 45 162750 9131  13 (D 0,0,0) (S 676,762,397) (S 77,159,145) (S 88,145,36) (S 15,36,37) (S 316,37,509) (S 724,37,420) (S 722,420,781) (S 747,268,801) (S 752,801,787) (S 734,787,272) (S 43,91,90) (D 0,0,0)
 0 1 46 167504 7213  11 (D 0,0,0) (S 202,351,352) (S 203,352,353) (S 701,756,112) (S 700,112,204) (S 110,204,203) (S 211,203,369) (S 109,203,162) (S 80,162,146) (S 660,147,349) (D 0,0,0)
 0 1 47 167140 7731  14 (D 0,0,0) (S 300,130,251) (S 134,252,129) (S 201,350,184) (S 97,179,177) (S 703,267,774) (S 721,774,780) (S 720,774,776) (S 51,106,104) (S 50,104,105) (S 53,104,108) (S 198,283,348) (S 196,348,347) (D 0,0,0)
 0 1 48 167140 9742  15 (D 0,0,0) (S 426,199,616) (S 278,288,77) (S 38,77,69) (S 779,69,811) (S 777,810,811) (S 315,303,454) (S 775,293,445) (S 267,445,446) (S 776,445,508) (S 275,453,452) (S 274,452,302) (S 59,118,117) (S 199,116,264) (D 0,0,0)
 0 1 49 167816 7912  14 (D 0,0,0) (S 345,506,544) (S 48,102,101) (S 714,101,777) (S 715,779,777) (S 712,746,97) (S 46,98,99) (S 47,99,84) (S 42,84,85) (S 188,337,338) (S 187,336,335) (S 643,335,545) (S 652,750,749) (D 0,0,0)
 0 1 50 167172 8508  16 (D 0,0,0) (S 31,55,60) (S 25,60,61) (S 30,61,59) (S 28,44,57) (S 584,57,712) (S 590,712,569) (S 178,319,321) (S 282,460,321) (S 588,322,716) (S 599,716,721) (S 592,720,719) (S 602,719,698) (S 600,698,723) (S 552,536,691) (D 0,0,0)
 0 1 51 167944 9032  29 (D 0,0,0) (S 370,564,565) (S 608,326,723) (S 610,723,725) (S 606,725,726) (S 605,725,714) (S 581,709,710) (S 580,709,705) (S 576,705,706) (S 578,706,570) (S 375,570,568) (S 596,568,722) (S 598,722,717) (S 582,711,705) (S 577,705,700) (S 571,700,701) (S 575,700,702) (S 572,702,703) (S 573,704,699) (S 594,699,720) (S 595,720,721) (S 593,721,704) (S 570,699,698) (S 574,698,530) (S 333,530,535) (S 352,505,459) (S 354,459,554) (S 353,551,522) (D 0,0,0)
 0 1 52 167643 9868  17 (D 0,0,0) (S 336,323,538) (S 623,736,733) (S 372,566,510) (S 317,510,47) (S 17,41,42) (S 22,42,56) (S 280,458,42) (S 21,47,52) (S 374,52,569) (S 371,319,568) (S 612,722,706) (S 611,706,715) (S 587,715,714) (S 567,318,564) (S 368,564,553) (D 0,0,0)
 0 1 53 165577 7937  19 (D 0,0,0) (S 561,561,695) (S 560,695,693) (S 558,693,682) (S 551,685,692) (S 547,685,35) (S 14,33,34) (S 549,688,690) (S 548,687,686) (S 545,683,259) (S 138,259,32) (S 546,684,563) (S 367,563,562) (S 564,562,314) (S 174,314,313) (S 351,520,313) (S 357,313,311) (S 141,263,262) (D 0,0,0)
 0 1 54 166302 6685  14 (D 0,0,0) (S 193,46,344) (S 191,51,342) (S 26,53,62) (S 543,679,680) (S 544,679,64) (S 192,54,343) (S 654,343,750) (S 29,63,62) (S 568,53,697) (S 569,697,696) (S 323,119,88) (S 293,485,200) (D 0,0,0)
 0 1 55 167814 7109  11 (D 0,0,0) (S 342,546,333) (S 186,333,334) (S 653,547,343) (S 636,547,336) (S 642,744,339) (S 639,745,546) (S 337,55,539) (S 338,540,539) (S 348,539,549) (D 0,0,0)
 0 1 56 167774 8207  14 (D 0,0,0) (S 637,336,744) (S 644,337,531) (S 631,732,504) (S 311,504,503) (S 310,503,502) (S 713,502,778) (S 719,778,747) (S 329,528,529) (S 309,499,501) (S 647,529,97) (S 344,545,547) (S 343,547,333) (D 0,0,0)
 0 1 57 167120 8282  13 (D 0,0,0) (S 313,347,506) (S 646,341,100) (S 645,102,746) (S 649,746,748) (S 648,747,528) (S 330,502,527) (S 328,527,293) (S 158,293,291) (S 632,291,504) (S 614,729,500) (S 638,532,338) (D 0,0,0)
 0 1 58 166706 8874  14 (D 0,0,0) (S 627,48,742) (S 629,742,730) (S 628,730,743) (S 651,743,739) (S 624,739,285) (S 153,284,285) (S 154,286,174) (S 586,286,713) (S 650,713,739) (S 625,739,731) (S 335,61,538) (S 294,484,485) (D 0,0,0)
 0 1 59 162589 7687  9 (D 0,0,0) (S 24,59,48) (S 19,48,44) (S 18,43,44) (S 635,59,332) (S 185,332,331) (S 332,340,533) (S 640,533,745) (D 0,0,0)
 0 1 60 167572 8415  13 (D 0,0,0) (S 621,58,736) (S 620,736,737) (S 622,737,738) (S 618,735,728) (S 613,728,511) (S 616,728,707) (S 579,707,708) (S 583,708,57) (S 603,718,324) (S 359,556,521) (S 287,477,476) (D 0,0,0)
 0 1 61 165707 9067  15 (D 0,0,0) (S 156,291,280) (S 268,280,447) (S 157,281,284) (S 630,281,743) (S 585,713,707) (S 626,740,741) (S 615,731,730) (S 617,730,732) (S 633,729,330) (S 634,330,332) (S 184,330,329) (S 189,340,339) (S 641,745,60) (D 0,0,0)
