444137
61
1810708
1764078
 0 1 1 163726 10491  15 (D 0,0,0) (S 228,394,390) (S 751,157,800) (S 750,800,786) (S 733,786,788) (S 217,375,296) (S 3,13,12) (S 260,12,439) (S 738,12,797) (S 259,437,438) (S 760,797,375) (S 756,804,805) (S 758,806,805) (S 757,805,273) (D 0,0,0)
 0 1 2 162274 8048  15 (D 0,0,0) (S 95,177,181) (S 160,267,118) (S 155,108,283) (S 778,287,456) (S 277,456,77) (S 278,77,288) (S 49,103,101) (S 715,777,779) (S 717,779,289) (S 159,289,295) (S 711,295,777) (S 714,777,101) (S 48,101,102) (D 0,0,0)
 0 1 3 167987 8170  12 (D 0,0,0) (S 654,750,343) (S 636,547,336) (S 647,97,529) (S 329,529,528) (S 648,528,747) (S 310,503,502) (S 330,502,527) (S 328,527,293) (S 271,449,451) (S 273,451,75) (D 0,0,0)
 0 1 4 167932 8220  13 (D 0,0,0) (S 780,456,69) (S 32,69,70) (S 270,76,448) (S 269,448,449) (S 272,449,450) (S 718,292,778) (S 713,502,778) (S 719,778,747) (S 645,746,102) (S 341,544,541) (S 344,545,547) (D 0,0,0)
 0 1 5 165991 9024  31 (D 0,0,0) (S 370,564,565) (S 550,565,691) (S 552,691,536) (S 604,124,724) (S 607,724,727) (S 609,727,326) (S 608,326,723) (S 605,725,714) (S 587,714,715) (S 611,715,706) (S 578,706,570) (S 375,570,568) (S 596,568,722) (S 612,722,706) (S 576,706,705) (S 582,711,705) (S 581,709,710) (S 580,709,705) (S 577,705,700) (S 571,700,701) (S 575,700,702) (S 572,702,703) (S 593,704,721) (S 595,721,720) (S 594,720,699) (S 573,699,704) (S 570,699,698) (S 574,698,530) (S 281,126,459) (D 0,0,0)
 0 1 6 156680 2408  8 (D 0,0,0) (S 441,577,609) (S 442,609,620) (S 434,620,213) (S 436,213,622) (S 421,607,606) (S 422,606,610) (D 0,0,0)
 0 1 7 163333 6503  24 (D 0,0,0) (S 7,21,22) (S 392,24,586) (S 403,187,191) (S 103,191,192) (S 404,191,594) (S 408,594,186) (S 99,186,185) (S 383,581,578) (S 382,578,579) (S 414,597,600) (S 411,597,598) (S 412,599,176) (S 94,175,176) (S 413,176,580) (S 388,581,189) (S 390,141,189) (S 101,189,190) (S 409,190,594) (S 400,593,594) (S 100,187,188) (S 402,187,586) (S 9,24,21) (D 0,0,0)
 0 1 8 167018 4459  18 (D 0,0,0) (S 486,228,133) (S 485,131,645) (S 487,645,494) (S 304,493,232) (S 123,232,233) (S 303,229,132) (S 296,132,488) (S 307,488,38) (S 295,38,486) (S 297,487,489) (S 474,489,634) (S 475,634,222) (S 476,222,416) (S 279,457,209) (S 453,209,628) (S 439,625,626) (D 0,0,0)
 0 1 9 167933 8954  9 (D 0,0,0) (S 229,373,395) (S 692,395,770) (S 210,368,367) (S 693,771,155) (S 75,157,149) (S 254,65,427) (S 762,807,149) (D 0,0,0)
 0 1 10 167964 8674  10 (D 0,0,0) (S 700,112,204) (S 77,159,145) (S 88,145,36) (S 725,781,441) (S 262,441,152) (S 215,160,373) (S 314,92,507) (S 208,363,364) (D 0,0,0)
 0 1 11 167798 6752  13 (D 0,0,0) (S 377,573,560) (S 380,557,523) (S 432,591,115) (S 58,115,114) (S 57,114,113) (S 675,589,762) (S 697,396,377) (S 696,377,773) (S 218,377,110) (S 226,111,94) (S 405,94,595) (D 0,0,0)
 0 1 12 166665 2717  10 (D 0,0,0) (S 105,196,194) (S 104,194,193) (S 415,193,601) (S 416,193,574) (S 8,23,21) (S 391,24,585) (S 401,585,592) (S 399,592,586) (D 0,0,0)
 0 1 13 166837 8599  19 (D 0,0,0) (S 354,554,459) (S 352,459,505) (S 181,324,322) (S 179,322,321) (S 282,460,321) (S 178,321,319) (S 177,319,320) (S 371,319,568) (S 598,722,717) (S 588,322,716) (S 599,716,721) (S 592,720,719) (S 601,719,324) (S 365,323,556) (S 359,556,521) (S 349,255,478) (S 293,485,200) (D 0,0,0)
 0 1 14 164976 7296  12 (D 0,0,0) (S 660,349,147) (S 667,147,757) (S 666,757,354) (S 663,756,755) (S 665,755,353) (S 708,146,775) (S 709,775,776) (S 720,776,774) (S 144,267,264) (S 200,181,349) (D 0,0,0)
 0 1 15 166489 7553  11 (D 0,0,0) (S 137,258,257) (S 556,550,556) (S 180,323,324) (S 603,324,718) (S 591,718,538) (S 544,64,679) (S 543,679,680) (S 26,62,53) (S 193,46,344) (D 0,0,0)
 0 1 16 165985 8656  12 (D 0,0,0) (S 332,533,340) (S 614,500,729) (S 631,732,504) (S 268,280,447) (S 156,280,291) (S 632,291,504) (S 311,504,503) (S 646,100,341) (S 340,542,543) (S 192,343,54) (D 0,0,0)
 0 1 17 161207 6309  15 (D 0,0,0) (S 10,25,26) (S 361,27,558) (S 364,558,524) (S 376,523,572) (S 398,572,591) (S 395,591,590) (S 194,345,346) (S 433,115,619) (S 4,14,15) (S 431,15,619) (S 430,619,618) (S 5,16,17) (S 407,596,572) (D 0,0,0)
 0 1 18 167377 9322  10 (D 0,0,0) (S 212,370,154) (S 255,67,428) (S 740,428,799) (S 764,799,427) (S 765,427,808) (S 763,808,150) (S 45,95,96) (S 695,771,772) (D 0,0,0)
 0 1 19 166474 7240  15 (D 0,0,0) (S 325,476,256) (S 542,258,120) (S 60,120,121) (S 338,540,539) (S 643,545,335) (S 187,335,336) (S 637,336,744) (S 642,744,339) (S 639,745,546) (S 29,63,62) (S 568,53,697) (S 569,697,696) (S 323,119,88) (D 0,0,0)
 0 1 20 165354 5852  22 (D 0,0,0) (S 460,632,631) (S 459,631,216) (S 461,216,633) (S 115,216,217) (S 1,3,4) (S 467,637,638) (S 472,638,639) (S 468,4,635) (S 466,635,636) (S 473,638,642) (S 471,641,640) (S 470,640,496) (S 306,496,4) (S 305,4,495) (S 308,495,498) (S 463,498,315) (S 175,315,316) (S 457,221,631) (S 111,207,208) (S 446,208,215) (D 0,0,0)
 0 1 21 167249 4954  12 (D 0,0,0) (S 107,200,199) (S 130,246,245) (S 384,245,582) (S 386,582,49) (S 20,49,50) (S 301,45,491) (S 424,409,614) (S 519,612,654) (S 517,236,484) (S 294,484,485) (D 0,0,0)
 0 1 22 166092 8036  10 (D 0,0,0) (S 640,745,533) (S 638,532,338) (S 644,337,531) (S 309,499,501) (S 184,329,330) (S 634,330,332) (S 185,332,331) (S 189,340,339) (D 0,0,0)
 0 1 23 167878 10220  14 (D 0,0,0) (S 274,302,452) (S 167,171,82) (S 164,297,298) (S 150,277,274) (S 146,274,275) (S 147,275,166) (S 261,275,440) (S 84,165,167) (S 253,167,424) (S 767,809,301) (S 166,301,277) (S 772,443,444) (D 0,0,0)
 0 1 24 167036 8315  12 (D 0,0,0) (S 232,365,92) (S 214,372,152) (S 78,152,160) (S 249,160,420) (S 724,420,37) (S 316,37,509) (S 221,381,159) (S 43,91,90) (S 230,363,396) (S 397,113,345) (D 0,0,0)
 0 1 25 165534 6472  15 (D 0,0,0) (S 290,484,134) (S 289,134,483) (S 136,256,255) (S 346,255,257) (S 347,257,548) (S 348,549,539) (S 337,539,55) (S 342,546,333) (S 186,333,334) (S 343,333,547) (S 653,547,343) (S 652,750,749) (S 427,617,199) (D 0,0,0)
 0 1 26 167708 7990  15 (D 0,0,0) (S 674,751,355) (S 673,355,761) (S 54,109,107) (S 52,107,106) (S 710,776,106) (S 51,106,104) (S 50,104,105) (S 53,104,108) (S 162,108,118) (S 59,118,117) (S 199,116,264) (S 142,264,265) (S 97,177,179) (D 0,0,0)
 0 1 27 167910 8764  17 (D 0,0,0) (S 385,584,245) (S 33,71,72) (S 34,73,72) (S 36,72,74) (S 35,74,75) (S 37,76,70) (S 168,303,302) (S 170,173,308) (S 223,308,306) (S 169,306,307) (S 728,783,172) (S 89,172,37) (S 15,37,36) (S 705,36,381) (S 222,382,383) (D 0,0,0)
 0 1 28 167313 4706  12 (D 0,0,0) (S 435,212,621) (S 444,621,627) (S 440,457,417) (S 478,413,646) (S 479,646,232) (S 302,232,492) (S 491,492,652) (S 490,650,651) (S 541,652,517) (S 6,19,18) (D 0,0,0)
 0 1 29 160316 3882  17 (D 0,0,0) (S 445,208,419) (S 462,632,220) (S 117,220,221) (S 458,221,217) (S 116,217,218) (S 465,218,2) (S 464,2,634) (S 118,222,223) (S 246,223,415) (S 456,415,209) (S 451,628,214) (S 454,214,630) (S 450,629,630) (S 455,630,625) (S 438,625,212) (D 0,0,0)
 0 1 30 165998 9041  15 (D 0,0,0) (S 191,51,342) (S 31,55,60) (S 627,48,742) (S 629,742,730) (S 628,730,743) (S 651,743,739) (S 650,739,713) (S 586,713,286) (S 154,286,174) (S 630,281,743) (S 624,739,285) (S 153,285,284) (S 157,284,281) (D 0,0,0)
 0 1 31 167195 7559  13 (D 0,0,0) (S 698,773,158) (S 76,158,143) (S 72,143,144) (S 219,144,378) (S 702,381,382) (S 704,382,378) (S 220,379,380) (S 706,379,109) (S 707,109,775) (S 721,774,780) (S 703,774,267) (D 0,0,0)
 0 1 32 167251 6955  16 (D 0,0,0) (S 381,23,573) (S 44,93,94) (S 664,94,755) (S 701,756,112) (S 56,112,110) (S 55,110,111) (S 676,397,762) (S 678,762,360) (S 677,360,763) (S 680,763,359) (S 681,764,359) (S 206,359,360) (S 679,763,595) (S 406,595,572) (D 0,0,0)
 0 1 33 166265 9805  13 (D 0,0,0) (S 335,538,61) (S 183,327,328) (S 372,566,510) (S 317,510,47) (S 17,41,42) (S 22,42,56) (S 280,458,42) (S 21,47,52) (S 374,52,569) (S 589,712,718) (S 336,538,323) (D 0,0,0)
 0 1 34 166594 9551  15 (D 0,0,0) (S 313,347,506) (S 190,341,294) (S 779,69,811) (S 777,810,811) (S 315,303,454) (S 776,508,445) (S 267,445,446) (S 775,445,293) (S 158,293,291) (S 716,778,779) (S 649,748,746) (S 712,746,97) (S 42,84,85) (D 0,0,0)
 0 1 35 167182 4170  17 (D 0,0,0) (S 420,198,608) (S 501,660,659) (S 503,659,136) (S 69,136,135) (S 247,418,226) (S 119,226,227) (S 477,647,646) (S 482,647,405) (S 244,410,411) (S 245,413,414) (S 443,457,627) (S 449,627,211) (S 448,211,628) (S 114,214,215) (S 452,622,607) (D 0,0,0)
 0 1 36 148992 4410  18 (D 0,0,0) (S 363,560,559) (S 362,559,557) (S 360,557,139) (S 70,139,140) (S 102,140,190) (S 410,190,142) (S 71,142,141) (S 389,141,523) (S 387,583,584) (S 536,584,246) (S 535,246,677) (S 538,677,678) (S 537,677,611) (S 496,617,655) (S 495,655,235) (S 379,195,575) (D 0,0,0)
 0 1 37 160344 4714  16 (D 0,0,0) (S 378,576,575) (S 113,212,211) (S 67,131,132) (S 121,229,230) (S 122,230,231) (S 320,515,7) (S 11,6,29) (S 2,9,10) (S 489,10,5) (S 488,5,40) (S 16,40,39) (S 120,38,228) (S 484,228,414) (S 499,414,657) (D 0,0,0)
 0 1 38 167400 5331  22 (D 0,0,0) (S 429,612,615) (S 524,614,670) (S 523,670,241) (S 128,241,242) (S 126,238,237) (S 243,402,407) (S 469,407,491) (S 134,252,129) (S 300,251,130) (S 299,130,490) (S 298,490,86) (S 483,516,224) (S 480,648,649) (S 481,648,647) (S 505,406,663) (S 507,663,662) (S 510,662,661) (S 504,661,137) (S 502,137,659) (S 437,623,624) (D 0,0,0)
 0 1 39 167424 6566  14 (D 0,0,0) (S 659,751,753) (S 671,178,760) (S 668,351,758) (S 669,758,759) (S 670,758,754) (S 662,754,353) (S 203,353,352) (S 202,352,351) (S 672,753,356) (S 204,356,355) (S 655,751,752) (S 661,752,357) (D 0,0,0)
 0 1 40 165655 7500  14 (D 0,0,0) (S 657,514,357) (S 197,182,180) (S 195,180,347) (S 196,347,348) (S 198,348,283) (S 161,282,287) (S 339,287,506) (S 345,506,544) (S 46,98,99) (S 47,99,84) (S 188,337,338) (S 641,745,60) (D 0,0,0)
 0 1 41 167099 10061  16 (D 0,0,0) (S 275,452,453) (S 774,455,171) (S 770,442,274) (S 771,274,809) (S 766,809,424) (S 769,424,440) (S 768,440,165) (S 82,165,166) (S 83,166,163) (S 85,164,168) (S 86,168,169) (S 91,169,171) (S 87,171,170) (S 40,80,81) (D 0,0,0)
 0 1 42 46970 1004  8 (D 0,0,0) (S 418,605,603) (S 417,603,604) (S 284,463,464) (S 285,464,465) (S 286,466,467) (S 283,461,462) (D 0,0,0)
 0 1 43 163990 5933  22 (D 0,0,0) (S 428,617,613) (S 423,611,612) (S 528,667,672) (S 529,672,673) (S 530,674,673) (S 527,672,671) (S 534,671,675) (S 533,676,675) (S 532,675,673) (S 531,673,669) (S 516,668,669) (S 518,669,667) (S 515,667,243) (S 129,243,244) (S 520,243,666) (S 514,666,612) (S 493,654,138) (S 68,138,134) (S 498,480,656) (S 108,202,201) (D 0,0,0)
 0 1 44 164106 8983  15 (D 0,0,0) (S 584,712,57) (S 621,58,736) (S 622,737,738) (S 620,737,736) (S 623,736,733) (S 619,734,735) (S 618,735,728) (S 613,728,511) (S 616,728,707) (S 626,740,741) (S 617,730,732) (S 633,729,330) (S 425,614,615) (D 0,0,0)
 0 1 45 163352 5030  17 (D 0,0,0) (S 106,197,198) (S 511,658,660) (S 512,660,482) (S 291,482,135) (S 321,516,497) (S 322,474,87) (S 135,253,254) (S 540,253,128) (S 66,128,130) (S 539,490,643) (S 492,653,138) (S 513,654,236) (S 125,236,234) (S 124,234,235) (S 497,235,485) (D 0,0,0)
 0 1 46 166639 7862  17 (D 0,0,0) (S 562,262,561) (S 366,263,561) (S 561,561,695) (S 560,695,693) (S 558,693,682) (S 549,688,690) (S 548,687,686) (S 551,685,692) (S 547,685,35) (S 14,33,34) (S 545,683,259) (S 138,259,32) (S 546,684,563) (S 367,563,562) (S 369,562,555) (D 0,0,0)
 0 1 47 166768 9481  11 (D 0,0,0) (S 276,304,455) (S 41,82,83) (S 165,82,297) (S 163,297,277) (S 759,300,423) (S 252,423,271) (S 149,273,270) (S 266,270,444) (S 773,444,306) (D 0,0,0)
 0 1 48 165867 9093  9 (D 0,0,0) (S 231,372,367) (S 251,153,422) (S 753,156,801) (S 734,787,272) (S 171,272,307) (S 730,421,783) (S 727,783,278) (D 0,0,0)
 0 1 49 142998 3345  11 (D 0,0,0) (S 447,626,215) (S 112,208,210) (S 240,403,401) (S 241,400,404) (S 237,400,399) (S 236,399,205) (S 235,206,398) (S 238,398,401) (S 248,403,419) (D 0,0,0)
 0 1 50 155759 6444  12 (D 0,0,0) (S 131,247,50) (S 143,266,184) (S 201,350,184) (S 98,184,183) (S 656,183,752) (S 205,357,358) (S 319,513,514) (S 658,514,49) (S 242,247,407) (S 239,402,237) (D 0,0,0)
 0 1 51 164449 8604  9 (D 0,0,0) (S 30,61,59) (S 635,59,332) (S 615,730,731) (S 625,731,739) (S 585,713,707) (S 579,707,708) (S 583,708,57) (D 0,0,0)
 0 1 52 136495 4639  18 (D 0,0,0) (S 419,607,198) (S 500,658,657) (S 506,657,664) (S 508,663,479) (S 509,483,653) (S 494,653,412) (S 318,248,512) (S 132,248,249) (S 133,248,250) (S 525,408,238) (S 526,238,239) (S 127,239,240) (S 521,239,241) (S 522,670,615) (S 426,199,616) (S 292,200,28) (D 0,0,0)
 0 1 53 167421 9638  13 (D 0,0,0) (S 38,77,69) (S 393,169,587) (S 394,588,164) (S 81,164,163) (S 263,163,442) (S 148,277,276) (S 264,276,443) (S 265,443,170) (S 92,170,173) (S 93,173,80) (S 90,80,172) (D 0,0,0)
 0 1 54 167651 7977  13 (D 0,0,0) (S 234,111,397) (S 207,361,362) (S 233,363,374) (S 216,374,159) (S 79,159,158) (S 699,773,204) (S 110,204,203) (S 211,203,369) (S 109,203,162) (S 80,162,146) (S 73,146,147) (D 0,0,0)
 0 1 55 167797 10155  18 (D 0,0,0) (S 722,420,781) (S 723,781,782) (S 726,441,279) (S 745,801,800) (S 749,800,803) (S 736,795,790) (S 735,793,794) (S 755,425,796) (S 737,437,796) (S 258,435,436) (S 731,784,785) (S 739,785,431) (S 257,431,432) (S 744,433,795) (S 761,802,807) (S 694,771,392) (D 0,0,0)
 0 1 56 167344 8670  9 (D 0,0,0) (S 213,371,151) (S 151,161,279) (S 152,279,278) (S 145,268,269) (S 729,307,421) (S 250,421,308) (S 96,182,183) (D 0,0,0)
 0 1 57 167958 8135  27 (D 0,0,0) (S 288,135,479) (S 172,309,310) (S 324,309,519) (S 326,519,520) (S 368,553,564) (S 567,564,318) (S 566,318,127) (S 553,127,691) (S 557,691,260) (S 555,260,534) (S 334,534,537) (S 139,260,30) (S 140,261,30) (S 12,30,31) (S 13,31,32) (S 565,695,312) (S 173,311,312) (S 563,312,314) (S 564,562,314) (S 174,314,313) (S 351,520,313) (S 357,313,311) (S 356,311,263) (S 141,263,262) (S 559,262,518) (D 0,0,0)
 0 1 58 164878 8271  23 (D 0,0,0) (S 353,522,551) (S 358,551,317) (S 355,317,554) (S 554,554,127) (S 327,525,526) (S 182,325,326) (S 610,723,725) (S 606,725,726) (S 600,723,698) (S 602,698,719) (S 597,719,535) (S 333,535,530) (S 331,530,124) (S 62,124,123) (S 63,125,123) (S 61,122,123) (S 64,123,126) (S 65,126,127) (S 176,318,317) (S 350,551,552) (S 287,477,476) (D 0,0,0)
 0 1 59 167566 8361  11 (D 0,0,0) (S 590,712,569) (S 373,327,52) (S 27,52,58) (S 23,58,57) (S 28,57,44) (S 18,43,44) (S 19,44,48) (S 24,48,59) (S 25,61,60) (D 0,0,0)
 0 1 60 166499 8394  18 (D 0,0,0) (S 683,389,79) (S 682,79,765) (S 685,765,766) (S 684,766,470) (S 312,469,468) (S 227,393,387) (S 224,387,388) (S 225,384,78) (S 39,78,79) (S 689,765,368) (S 690,368,770) (S 691,770,767) (S 688,768,769) (S 686,768,767) (S 687,767,373) (S 209,365,366) (D 0,0,0)
 0 1 61 167333 9869  14 (D 0,0,0) (S 396,589,364) (S 747,268,801) (S 752,801,787) (S 732,787,786) (S 754,788,803) (S 746,803,802) (S 748,433,798) (S 743,798,429) (S 256,429,430) (S 742,429,799) (S 741,428,68) (S 74,66,148) (D 0,0,0)
