438336
61
1809067
1501282
 0 1 1 41269 1162  4 (D 0,0,0) (S 378,576,575) (S 422,606,610) (D 0,0,0)
 0 1 2 162255 3874  13 (D 0,0,0) (S 419,607,198) (S 503,659,136) (S 69,136,135) (S 483,516,224) (S 480,648,649) (S 481,648,647) (S 477,647,646) (S 478,646,413) (S 506,664,657) (S 500,657,658) (S 434,620,213) (D 0,0,0)
 0 1 3 162892 3609  15 (D 0,0,0) (S 436,622,213) (S 113,212,211) (S 448,211,628) (S 453,628,209) (S 111,207,208) (S 445,208,419) (S 460,632,631) (S 459,631,216) (S 461,216,633) (S 115,216,217) (S 458,217,221) (S 117,221,220) (S 462,220,632) (D 0,0,0)
 0 1 4 162917 5653  22 (D 0,0,0) (S 112,208,210) (S 457,631,221) (S 116,217,218) (S 465,2,218) (S 175,315,316) (S 463,315,498) (S 308,498,495) (S 305,495,4) (S 468,4,635) (S 466,635,636) (S 467,637,638) (S 472,638,639) (S 473,638,642) (S 471,641,640) (S 470,640,496) (S 306,496,4) (S 1,4,3) (S 464,2,634) (S 476,222,416) (S 114,214,215) (D 0,0,0)
 0 1 5 167542 3635  16 (D 0,0,0) (S 439,626,625) (S 450,629,630) (S 454,630,214) (S 451,214,628) (S 456,209,415) (S 246,415,223) (S 241,400,404) (S 237,400,399) (S 236,399,205) (S 235,206,398) (S 238,398,401) (S 240,401,403) (S 248,403,419) (S 447,215,626) (D 0,0,0)
 0 1 6 164141 3954  17 (D 0,0,0) (S 438,212,625) (S 455,625,630) (S 279,209,457) (S 484,414,228) (S 486,228,133) (S 67,131,132) (S 296,132,488) (S 307,488,38) (S 295,38,486) (S 297,487,489) (S 474,489,634) (S 475,634,222) (S 118,222,223) (S 446,208,215) (S 421,607,606) (D 0,0,0)
 0 1 7 46970 1004  8 (D 0,0,0) (S 284,463,464) (S 285,464,465) (S 286,466,467) (S 283,461,462) (S 417,603,604) (S 418,605,603) (D 0,0,0)
 0 1 8 166255 9060  18 (D 0,0,0) (S 381,23,573) (S 363,560,559) (S 210,367,368) (S 690,368,770) (S 689,368,765) (S 685,765,766) (S 684,766,470) (S 312,469,468) (S 224,387,388) (S 227,393,387) (S 694,392,771) (S 695,771,772) (S 212,154,370) (S 39,78,79) (S 682,765,79) (S 683,79,389) (D 0,0,0)
 0 1 9 166024 10346  13 (D 0,0,0) (S 169,306,307) (S 171,307,272) (S 732,787,786) (S 756,804,805) (S 760,375,797) (S 738,797,12) (S 260,12,439) (S 3,12,13) (S 217,296,375) (S 761,802,807) (S 762,807,149) (D 0,0,0)
 0 1 10 166790 9090  12 (D 0,0,0) (S 693,771,155) (S 751,157,800) (S 749,800,803) (S 746,803,802) (S 744,795,433) (S 748,433,798) (S 743,798,429) (S 742,429,799) (S 254,427,65) (S 75,149,157) (D 0,0,0)
 0 1 11 166849 9101  12 (D 0,0,0) (S 214,372,152) (S 251,153,422) (S 753,156,801) (S 752,801,787) (S 734,787,272) (S 145,269,268) (S 725,441,781) (S 723,781,782) (S 722,781,420) (S 15,37,36) (D 0,0,0)
 0 1 12 167049 8617  12 (D 0,0,0) (S 18,43,44) (S 28,44,57) (S 623,736,733) (S 183,327,328) (S 373,327,52) (S 374,52,569) (S 590,569,712) (S 591,718,538) (S 352,505,459) (S 359,556,521) (D 0,0,0)
 0 1 13 167556 9475  15 (D 0,0,0) (S 96,183,182) (S 223,308,306) (S 772,444,443) (S 265,443,170) (S 92,170,173) (S 93,173,80) (S 40,80,81) (S 90,80,172) (S 89,172,37) (S 316,37,509) (S 724,37,420) (S 249,420,160) (S 215,160,373) (D 0,0,0)
 0 1 14 167927 8816  10 (D 0,0,0) (S 151,161,279) (S 747,801,268) (S 730,783,421) (S 727,783,278) (S 152,278,279) (S 726,279,441) (S 262,441,152) (S 229,395,373) (D 0,0,0)
 0 1 15 165479 4723  18 (D 0,0,0) (S 362,559,557) (S 360,557,139) (S 70,139,140) (S 102,140,190) (S 410,190,142) (S 71,142,141) (S 390,141,189) (S 389,141,523) (S 387,583,584) (S 536,584,246) (S 535,246,677) (S 538,677,678) (S 537,677,611) (S 427,617,199) (S 107,199,200) (S 441,577,609) (D 0,0,0)
 0 1 16 167398 4319  22 (D 0,0,0) (S 292,28,200) (S 495,235,655) (S 496,655,617) (S 429,612,615) (S 522,615,670) (S 524,670,614) (S 424,614,409) (S 132,248,249) (S 318,248,512) (S 133,248,250) (S 494,412,653) (S 492,653,138) (S 493,138,654) (S 513,654,236) (S 125,236,234) (S 124,234,235) (S 497,235,485) (S 498,480,656) (S 108,202,201) (S 379,195,575) (D 0,0,0)
 0 1 17 167457 7131  15 (D 0,0,0) (S 377,573,560) (S 405,595,94) (S 665,755,353) (S 203,353,352) (S 202,352,351) (S 669,758,759) (S 668,758,351) (S 671,760,178) (S 659,753,751) (S 672,753,356) (S 204,356,355) (S 673,355,761) (S 674,355,751) (D 0,0,0)
 0 1 18 166784 6726  14 (D 0,0,0) (S 656,752,183) (S 195,180,347) (S 196,347,348) (S 198,348,283) (S 155,283,108) (S 162,108,118) (S 160,118,267) (S 97,177,179) (S 98,183,184) (S 201,350,184) (S 143,184,266) (S 20,50,49) (D 0,0,0)
 0 1 19 165421 7135  18 (D 0,0,0) (S 376,523,572) (S 406,572,595) (S 44,93,94) (S 664,94,755) (S 663,755,756) (S 666,354,757) (S 662,754,353) (S 701,756,112) (S 56,112,110) (S 55,110,111) (S 234,111,397) (S 678,762,360) (S 206,360,359) (S 681,764,359) (S 680,359,763) (S 679,763,595) (D 0,0,0)
 0 1 20 167996 7380  11 (D 0,0,0) (S 676,762,397) (S 697,396,377) (S 79,158,159) (S 221,159,381) (S 705,381,36) (S 88,36,145) (S 77,145,159) (S 216,159,374) (S 208,363,364) (D 0,0,0)
 0 1 21 167598 8056  12 (D 0,0,0) (S 230,396,363) (S 233,363,374) (S 232,365,92) (S 314,92,507) (S 687,373,767) (S 688,768,769) (S 686,768,767) (S 691,767,770) (S 692,770,395) (S 209,365,366) (D 0,0,0)
 0 1 22 167808 7037  12 (D 0,0,0) (S 700,112,204) (S 699,204,773) (S 698,773,158) (S 76,158,143) (S 72,143,144) (S 219,144,378) (S 707,109,775) (S 703,774,267) (S 142,264,265) (S 200,181,349) (D 0,0,0)
 0 1 23 167259 6958  10 (D 0,0,0) (S 660,349,147) (S 73,147,146) (S 708,146,775) (S 709,775,776) (S 720,776,774) (S 721,774,780) (S 667,147,757) (S 670,754,758) (D 0,0,0)
 0 1 24 167645 9569  16 (D 0,0,0) (S 278,288,77) (S 38,77,69) (S 394,588,164) (S 81,164,163) (S 263,163,442) (S 770,442,274) (S 150,274,277) (S 163,277,297) (S 41,82,83) (S 167,82,171) (S 774,171,455) (S 276,455,304) (S 168,302,303) (S 780,69,456) (D 0,0,0)
 0 1 25 167613 9077  13 (D 0,0,0) (S 777,810,811) (S 779,811,69) (S 32,69,70) (S 315,303,454) (S 268,280,447) (S 632,291,504) (S 311,504,503) (S 309,499,501) (S 188,337,338) (S 641,745,60) (S 31,60,55) (D 0,0,0)
 0 1 26 167102 8664  12 (D 0,0,0) (S 603,324,718) (S 589,718,712) (S 584,712,57) (S 583,57,708) (S 579,708,707) (S 585,707,713) (S 625,739,731) (S 615,731,730) (S 617,730,732) (S 184,330,329) (D 0,0,0)
 0 1 27 167677 8265  11 (D 0,0,0) (S 345,506,544) (S 190,341,294) (S 33,71,72) (S 36,72,74) (S 35,74,75) (S 269,449,448) (S 270,448,76) (S 34,73,72) (S 339,287,506) (D 0,0,0)
 0 1 28 166706 8869  15 (D 0,0,0) (S 158,293,291) (S 156,291,280) (S 153,284,285) (S 154,286,174) (S 586,286,713) (S 650,713,739) (S 651,743,739) (S 624,739,285) (S 157,284,281) (S 630,281,743) (S 628,743,730) (S 627,742,48) (S 25,61,60) (D 0,0,0)
 0 1 29 167878 9371  24 (D 0,0,0) (S 365,556,323) (S 181,324,322) (S 179,322,321) (S 282,460,321) (S 178,321,319) (S 177,319,320) (S 371,319,568) (S 375,568,570) (S 578,570,706) (S 612,706,722) (S 596,722,568) (S 598,722,717) (S 582,711,705) (S 580,705,709) (S 581,709,710) (S 577,705,700) (S 571,700,701) (S 575,700,702) (S 573,704,699) (S 63,125,123) (S 281,126,459) (S 354,459,554) (D 0,0,0)
 0 1 30 166750 4927  12 (D 0,0,0) (S 293,200,485) (S 290,484,134) (S 289,134,483) (S 6,18,19) (S 322,474,87) (S 135,253,254) (S 540,253,128) (S 66,128,130) (S 299,130,490) (S 539,490,643) (D 0,0,0)
 0 1 31 166738 7908  15 (D 0,0,0) (S 509,483,653) (S 189,339,340) (S 185,331,332) (S 634,332,330) (S 631,732,504) (S 310,503,502) (S 713,502,778) (S 719,778,747) (S 649,748,746) (S 645,746,102) (S 646,100,341) (S 313,506,347) (S 197,180,182) (D 0,0,0)
 0 1 32 166929 8188  16 (D 0,0,0) (S 636,547,336) (S 187,336,335) (S 42,85,84) (S 46,98,99) (S 47,99,84) (S 712,97,746) (S 717,779,289) (S 159,289,295) (S 711,295,777) (S 714,777,101) (S 48,101,102) (S 341,544,541) (S 340,542,543) (S 344,545,547) (D 0,0,0)
 0 1 33 167711 9029  14 (D 0,0,0) (S 642,339,744) (S 647,97,529) (S 329,529,528) (S 648,528,747) (S 330,502,527) (S 328,527,293) (S 775,293,445) (S 267,445,446) (S 776,445,508) (S 275,453,452) (S 274,452,302) (S 277,456,77) (D 0,0,0)
 0 1 34 167944 10244  18 (D 0,0,0) (S 294,485,484) (S 298,86,490) (S 300,130,251) (S 134,252,129) (S 27,58,52) (S 21,52,47) (S 17,41,42) (S 22,42,56) (S 280,458,42) (S 317,47,510) (S 372,510,566) (S 619,734,735) (S 622,738,737) (S 588,322,716) (S 592,720,719) (S 597,719,535) (D 0,0,0)
 0 1 35 167580 6977  11 (D 0,0,0) (S 525,238,408) (S 639,546,745) (S 640,745,533) (S 332,533,340) (S 638,532,338) (S 637,744,336) (S 654,343,750) (S 652,750,749) (S 29,63,62) (D 0,0,0)
 0 1 36 166826 7716  20 (D 0,0,0) (S 559,518,262) (S 141,262,263) (S 173,311,312) (S 565,312,695) (S 13,32,31) (S 12,31,30) (S 140,261,30) (S 139,30,260) (S 555,260,534) (S 334,534,537) (S 557,260,691) (S 553,691,127) (S 554,127,554) (S 556,556,550) (S 347,548,257) (S 346,257,255) (S 349,255,478) (S 172,309,310) (D 0,0,0)
 0 1 37 167285 7495  13 (D 0,0,0) (S 287,476,477) (S 350,551,552) (S 358,551,317) (S 355,317,554) (S 335,538,61) (S 30,61,59) (S 635,59,332) (S 633,330,729) (S 614,729,500) (S 644,531,337) (S 643,335,545) (D 0,0,0)
 0 1 38 167751 8365  25 (D 0,0,0) (S 324,309,519) (S 326,519,520) (S 574,530,698) (S 570,698,699) (S 594,699,720) (S 595,720,721) (S 572,702,703) (S 593,704,721) (S 599,721,716) (S 576,705,706) (S 611,706,715) (S 587,715,714) (S 605,714,725) (S 606,725,726) (S 610,725,723) (S 608,723,326) (S 609,326,727) (S 607,727,724) (S 604,724,124) (S 64,123,126) (S 566,127,318) (S 176,318,317) (S 353,551,522) (D 0,0,0)
 0 1 39 166982 8076  14 (D 0,0,0) (S 128,241,242) (S 239,237,402) (S 161,282,287) (S 778,287,456) (S 37,70,76) (S 273,75,451) (S 271,451,449) (S 272,449,450) (S 718,292,778) (S 716,778,779) (S 715,779,777) (S 49,101,103) (D 0,0,0)
 0 1 40 167537 7834  19 (D 0,0,0) (S 351,520,313) (S 357,313,311) (S 174,313,314) (S 564,314,562) (S 367,562,563) (S 546,563,684) (S 138,32,259) (S 545,259,683) (S 549,688,690) (S 548,687,686) (S 551,685,692) (S 14,33,34) (S 547,35,685) (S 558,682,693) (S 560,693,695) (S 561,695,561) (S 562,561,262) (D 0,0,0)
 0 1 41 166021 8530  22 (D 0,0,0) (S 366,561,263) (S 356,263,311) (S 563,312,314) (S 369,562,555) (S 368,553,564) (S 370,564,565) (S 550,565,691) (S 552,691,536) (S 327,525,526) (S 182,325,326) (S 600,723,698) (S 602,698,719) (S 601,719,324) (S 180,324,323) (S 333,535,530) (S 331,530,124) (S 62,124,123) (S 61,122,123) (S 65,126,127) (S 567,318,564) (D 0,0,0)
 0 1 42 167872 8621  14 (D 0,0,0) (S 68,134,138) (S 629,742,730) (S 626,740,741) (S 616,707,728) (S 613,728,511) (S 618,728,735) (S 620,737,736) (S 621,736,58) (S 23,58,57) (S 19,44,48) (S 24,48,59) (S 336,538,323) (D 0,0,0)
 0 1 43 167561 10011  12 (D 0,0,0) (S 393,169,587) (S 771,274,809) (S 769,424,440) (S 768,165,440) (S 261,440,275) (S 147,275,166) (S 146,275,274) (S 164,297,298) (S 165,297,82) (S 87,171,170) (D 0,0,0)
 0 1 44 166176 9631  11 (D 0,0,0) (S 250,308,421) (S 729,421,307) (S 149,273,270) (S 757,273,805) (S 758,805,806) (S 759,423,300) (S 252,423,271) (S 266,270,444) (S 773,444,306) (D 0,0,0)
 0 1 45 167965 7868  12 (D 0,0,0) (S 396,589,364) (S 231,372,367) (S 213,371,151) (S 78,152,160) (S 43,91,90) (S 207,361,362) (S 675,762,589) (S 395,590,591) (S 398,591,572) (S 380,523,557) (D 0,0,0)
 0 1 46 167141 9585  12 (D 0,0,0) (S 228,394,390) (S 763,150,808) (S 765,808,427) (S 764,427,799) (S 740,799,428) (S 741,68,428) (S 255,428,67) (S 74,66,148) (S 45,95,96) (S 225,384,78) (D 0,0,0)
 0 1 47 167080 10840  17 (D 0,0,0) (S 728,172,783) (S 745,801,800) (S 750,800,786) (S 733,786,788) (S 754,788,803) (S 736,795,790) (S 735,793,794) (S 755,425,796) (S 259,437,438) (S 737,437,796) (S 258,435,436) (S 731,784,785) (S 739,785,431) (S 257,431,432) (S 256,429,430) (D 0,0,0)
 0 1 48 167900 6447  13 (D 0,0,0) (S 407,572,596) (S 5,16,17) (S 430,618,619) (S 4,14,15) (S 431,15,619) (S 433,619,115) (S 194,346,345) (S 397,345,113) (S 57,113,114) (S 58,114,115) (S 432,115,591) (D 0,0,0)
 0 1 49 163029 8250  16 (D 0,0,0) (S 677,763,360) (S 702,381,382) (S 222,382,383) (S 704,382,378) (S 220,379,380) (S 706,379,109) (S 54,109,107) (S 52,107,106) (S 710,776,106) (S 51,106,104) (S 50,104,105) (S 53,104,108) (S 59,118,117) (S 199,116,264) (D 0,0,0)
 0 1 50 166547 6759  15 (D 0,0,0) (S 325,476,256) (S 136,256,255) (S 137,257,258) (S 542,258,120) (S 60,120,121) (S 348,549,539) (S 338,540,539) (S 337,539,55) (S 543,679,680) (S 26,62,53) (S 568,53,697) (S 569,697,696) (S 323,119,88) (D 0,0,0)
 0 1 51 167184 5273  15 (D 0,0,0) (S 499,657,414) (S 479,646,232) (S 304,232,493) (S 123,232,233) (S 302,232,492) (S 491,492,652) (S 490,650,651) (S 541,652,517) (S 321,497,516) (S 247,418,226) (S 508,663,479) (S 288,479,135) (S 291,135,482) (D 0,0,0)
 0 1 52 162272 3529  19 (D 0,0,0) (S 437,624,623) (S 511,658,660) (S 501,660,659) (S 502,659,137) (S 504,137,661) (S 510,661,662) (S 507,662,663) (S 505,663,406) (S 119,226,227) (S 482,647,405) (S 244,410,411) (S 245,413,414) (S 440,417,457) (S 443,457,627) (S 444,627,621) (S 435,621,212) (S 452,622,607) (D 0,0,0)
 0 1 53 167192 4765  15 (D 0,0,0) (S 449,211,627) (S 120,228,38) (S 16,39,40) (S 488,40,5) (S 489,5,10) (S 2,10,9) (S 11,6,29) (S 320,515,7) (S 122,231,230) (S 121,230,229) (S 303,229,132) (S 487,494,645) (S 485,645,131) (D 0,0,0)
 0 1 54 167927 5069  8 (D 0,0,0) (S 425,615,614) (S 469,407,491) (S 301,491,45) (S 131,50,247) (S 386,49,582) (S 130,245,246) (D 0,0,0)
 0 1 55 167575 6616  13 (D 0,0,0) (S 428,617,613) (S 385,584,245) (S 384,245,582) (S 193,46,344) (S 544,679,64) (S 342,546,333) (S 186,333,334) (S 343,333,547) (S 653,547,343) (S 192,343,54) (S 191,51,342) (D 0,0,0)
 0 1 56 167243 6371  15 (D 0,0,0) (S 523,670,241) (S 521,241,239) (S 127,239,240) (S 526,239,238) (S 126,238,237) (S 243,402,407) (S 242,407,247) (S 657,514,357) (S 205,357,358) (S 661,357,752) (S 655,751,752) (S 319,513,514) (S 658,514,49) (D 0,0,0)
 0 1 57 167424 7322  12 (D 0,0,0) (S 364,558,524) (S 226,94,111) (S 218,110,377) (S 696,377,773) (S 110,204,203) (S 211,203,369) (S 109,203,162) (S 80,162,146) (S 144,267,264) (S 95,181,177) (D 0,0,0)
 0 1 58 167861 5889  22 (D 0,0,0) (S 528,667,672) (S 530,674,673) (S 532,673,675) (S 533,676,675) (S 534,675,671) (S 527,671,672) (S 529,672,673) (S 531,673,669) (S 516,668,669) (S 518,669,667) (S 515,667,243) (S 129,243,244) (S 520,243,666) (S 514,666,612) (S 519,612,654) (S 517,236,484) (S 512,482,660) (S 442,620,609) (S 420,198,608) (S 106,198,197) (D 0,0,0)
 0 1 59 165373 6579  25 (D 0,0,0) (S 7,21,22) (S 9,21,24) (S 392,24,586) (S 402,586,187) (S 100,187,188) (S 403,187,191) (S 103,191,192) (S 404,191,594) (S 400,593,594) (S 409,594,190) (S 101,190,189) (S 388,189,581) (S 383,581,578) (S 414,597,600) (S 411,597,598) (S 412,599,176) (S 94,175,176) (S 413,176,580) (S 382,578,579) (S 99,185,186) (S 408,186,594) (S 361,558,27) (S 10,25,26) (D 0,0,0)
 0 1 60 166665 2717  10 (D 0,0,0) (S 391,24,585) (S 401,585,592) (S 399,592,586) (S 8,21,23) (S 416,574,193) (S 415,193,601) (S 104,193,194) (S 105,194,196) (D 0,0,0)
 0 1 61 167977 10229  17 (D 0,0,0) (S 426,199,616) (S 423,611,612) (S 170,173,308) (S 264,443,276) (S 148,276,277) (S 166,277,301) (S 767,301,809) (S 766,809,424) (S 253,424,167) (S 84,167,165) (S 82,165,166) (S 83,166,163) (S 85,164,168) (S 86,168,169) (S 91,169,171) (D 0,0,0)
