444552
61
1810490
1419919
 0 1 1 166397 8987  12 (D 0,0,0) (S 226,94,111) (S 234,111,397) (S 694,392,771) (S 693,771,155) (S 751,157,800) (S 733,786,788) (S 754,788,803) (S 761,802,807) (S 762,807,149) (S 212,154,370) (D 0,0,0)
 0 1 2 167679 9554  13 (D 0,0,0) (S 25,60,61) (S 19,48,44) (S 28,44,57) (S 21,52,47) (S 22,42,56) (S 280,458,42) (S 17,42,41) (S 317,47,510) (S 372,510,566) (S 623,733,736) (S 621,736,58) (D 0,0,0)
 0 1 3 167185 7672  13 (D 0,0,0) (S 699,204,773) (S 72,143,144) (S 219,144,378) (S 220,379,380) (S 704,378,382) (S 702,382,381) (S 705,36,381) (S 221,381,159) (S 216,159,374) (S 396,364,589) (S 376,572,523) (D 0,0,0)
 0 1 4 165724 5635  14 (D 0,0,0) (S 428,617,613) (S 522,615,670) (S 523,670,241) (S 521,241,239) (S 127,239,240) (S 126,238,237) (S 469,407,491) (S 134,252,129) (S 301,491,45) (S 193,46,344) (S 131,50,247) (S 242,247,407) (D 0,0,0)
 0 1 5 166755 9263  18 (D 0,0,0) (S 209,366,365) (S 210,367,368) (S 690,368,770) (S 689,368,765) (S 682,765,79) (S 39,79,78) (S 225,78,384) (S 683,389,79) (S 685,765,766) (S 684,766,470) (S 312,469,468) (S 227,393,387) (S 224,387,388) (S 695,771,772) (S 78,152,160) (S 233,374,363) (D 0,0,0)
 0 1 6 166110 9301  12 (D 0,0,0) (S 706,109,379) (S 15,36,37) (S 728,172,783) (S 727,783,278) (S 747,801,268) (S 730,783,421) (S 250,421,308) (S 168,302,303) (S 714,777,101) (S 48,101,102) (D 0,0,0)
 0 1 7 167900 6447  13 (D 0,0,0) (S 432,591,115) (S 57,114,113) (S 397,113,345) (S 194,345,346) (S 58,114,115) (S 433,115,619) (S 4,14,15) (S 431,15,619) (S 430,619,618) (S 5,16,17) (S 407,596,572) (D 0,0,0)
 0 1 8 166701 4286  20 (D 0,0,0) (S 378,576,575) (S 419,607,198) (S 502,659,137) (S 504,137,661) (S 510,661,662) (S 507,662,663) (S 505,663,406) (S 119,226,227) (S 481,647,648) (S 480,648,649) (S 483,224,516) (S 6,19,18) (S 289,483,134) (S 290,134,484) (S 512,482,660) (S 511,660,658) (S 420,198,608) (S 106,198,197) (D 0,0,0)
 0 1 9 167522 5534  21 (D 0,0,0) (S 445,208,419) (S 459,631,216) (S 461,216,633) (S 115,216,217) (S 1,3,4) (S 468,4,635) (S 466,635,636) (S 467,637,638) (S 472,638,639) (S 473,638,642) (S 471,641,640) (S 470,640,496) (S 306,496,4) (S 305,4,495) (S 308,495,498) (S 463,498,315) (S 175,315,316) (S 117,221,220) (S 462,220,632) (D 0,0,0)
 0 1 10 145016 3361  11 (D 0,0,0) (S 111,207,208) (S 241,400,404) (S 237,400,399) (S 236,399,205) (S 235,206,398) (S 238,398,401) (S 240,401,403) (S 248,403,419) (S 446,208,215) (D 0,0,0)
 0 1 11 167509 9301  15 (D 0,0,0) (S 151,161,279) (S 152,279,278) (S 752,801,787) (S 734,787,272) (S 149,273,270) (S 266,270,444) (S 729,307,421) (S 726,279,441) (S 725,441,781) (S 723,781,782) (S 722,781,420) (S 249,420,160) (S 77,145,159) (D 0,0,0)
 0 1 12 148783 4678  17 (D 0,0,0) (S 10,25,26) (S 361,27,558) (S 364,558,524) (S 360,557,139) (S 70,139,140) (S 102,140,190) (S 101,190,189) (S 389,141,523) (S 387,583,584) (S 536,584,246) (S 535,246,677) (S 538,677,678) (S 537,677,611) (S 496,617,655) (S 495,655,235) (D 0,0,0)
 0 1 13 167727 7292  13 (D 0,0,0) (S 202,351,352) (S 203,352,353) (S 662,353,754) (S 667,757,147) (S 73,147,146) (S 80,146,162) (S 109,162,203) (S 211,203,369) (S 110,203,204) (S 700,204,112) (S 701,112,756) (D 0,0,0)
 0 1 14 167770 7283  11 (D 0,0,0) (S 666,354,757) (S 708,146,775) (S 707,775,109) (S 54,109,107) (S 52,107,106) (S 710,106,776) (S 720,776,774) (S 703,774,267) (S 144,267,264) (D 0,0,0)
 0 1 15 167915 7116  16 (D 0,0,0) (S 31,55,60) (S 640,745,533) (S 332,533,340) (S 189,340,339) (S 186,333,334) (S 342,333,546) (S 26,62,53) (S 20,50,49) (S 385,245,584) (S 380,523,557) (S 362,557,559) (S 363,559,560) (S 377,560,573) (S 381,573,23) (D 0,0,0)
 0 1 16 167702 10192  17 (D 0,0,0) (S 395,591,590) (S 736,795,790) (S 735,793,794) (S 755,425,796) (S 737,796,437) (S 259,437,438) (S 258,435,436) (S 731,784,785) (S 739,785,431) (S 257,431,432) (S 748,798,433) (S 744,433,795) (S 749,803,800) (S 745,800,801) (S 398,591,572) (D 0,0,0)
 0 1 17 167436 8174  9 (D 0,0,0) (S 675,589,762) (S 207,361,362) (S 230,396,363) (S 214,372,152) (S 251,153,422) (S 213,151,371) (S 229,395,373) (D 0,0,0)
 0 1 18 167903 9703  16 (D 0,0,0) (S 663,755,756) (S 79,158,159) (S 92,173,170) (S 87,170,171) (S 167,171,82) (S 41,82,83) (S 165,82,297) (S 164,297,298) (S 163,297,277) (S 166,277,301) (S 767,301,809) (S 771,809,274) (S 770,274,442) (S 91,169,171) (D 0,0,0)
 0 1 19 151190 4170  18 (D 0,0,0) (S 108,201,202) (S 498,656,480) (S 517,484,236) (S 513,236,654) (S 493,654,138) (S 492,138,653) (S 494,653,412) (S 133,250,248) (S 318,248,512) (S 132,248,249) (S 424,409,614) (S 519,612,654) (S 125,236,234) (S 124,234,235) (S 497,235,485) (S 292,200,28) (D 0,0,0)
 0 1 20 167209 10339  14 (D 0,0,0) (S 145,268,269) (S 756,805,804) (S 760,375,797) (S 738,797,12) (S 260,12,439) (S 3,12,13) (S 217,296,375) (S 758,806,805) (S 757,805,273) (S 171,272,307) (S 197,180,182) (S 201,350,184) (D 0,0,0)
 0 1 21 166848 9285  14 (D 0,0,0) (S 274,302,452) (S 275,452,453) (S 776,508,445) (S 267,445,446) (S 775,445,293) (S 328,293,527) (S 330,527,502) (S 718,778,292) (S 715,779,777) (S 645,746,102) (S 341,544,541) (S 340,542,543) (D 0,0,0)
 0 1 22 167866 9583  13 (D 0,0,0) (S 753,156,801) (S 732,787,786) (S 750,786,800) (S 746,803,802) (S 743,798,429) (S 256,429,430) (S 742,429,799) (S 764,799,427) (S 75,149,157) (S 228,390,394) (S 231,367,372) (D 0,0,0)
 0 1 23 167232 10228  14 (D 0,0,0) (S 86,169,168) (S 85,168,164) (S 83,163,166) (S 84,165,167) (S 253,167,424) (S 769,424,440) (S 768,440,165) (S 82,165,166) (S 147,166,275) (S 150,274,277) (S 148,277,276) (S 264,276,443) (D 0,0,0)
 0 1 24 166786 6737  14 (D 0,0,0) (S 655,752,751) (S 674,751,355) (S 673,355,761) (S 204,355,356) (S 672,356,753) (S 671,178,760) (S 668,351,758) (S 669,758,759) (S 670,758,754) (S 665,353,755) (S 664,755,94) (S 405,94,595) (D 0,0,0)
 0 1 25 153878 6499  13 (D 0,0,0) (S 323,88,119) (S 569,696,697) (S 568,697,53) (S 543,679,680) (S 544,679,64) (S 337,55,539) (S 338,540,539) (S 348,539,549) (S 60,121,120) (S 542,120,258) (S 325,256,476) (D 0,0,0)
 0 1 26 158132 7063  16 (D 0,0,0) (S 500,658,657) (S 302,232,492) (S 491,492,652) (S 490,650,651) (S 541,652,517) (S 172,309,310) (S 324,309,519) (S 349,478,255) (S 136,255,256) (S 137,258,257) (S 346,257,255) (S 347,257,548) (S 556,550,556) (S 359,556,521) (D 0,0,0)
 0 1 27 163086 2372  8 (D 0,0,0) (S 442,609,620) (S 434,620,213) (S 436,213,622) (S 452,622,607) (S 421,607,606) (S 422,606,610) (D 0,0,0)
 0 1 28 167729 6438  12 (D 0,0,0) (S 539,643,490) (S 300,130,251) (S 143,266,184) (S 98,184,183) (S 96,183,182) (S 195,180,347) (S 196,347,348) (S 199,116,264) (S 142,264,265) (S 659,753,751) (D 0,0,0)
 0 1 29 160213 7547  18 (D 0,0,0) (S 293,200,485) (S 294,485,484) (S 509,483,653) (S 641,60,745) (S 642,339,744) (S 638,338,532) (S 185,331,332) (S 635,332,59) (S 30,59,61) (S 335,61,538) (S 365,323,556) (S 554,554,127) (S 176,318,317) (S 350,551,552) (S 353,551,522) (S 287,477,476) (D 0,0,0)
 0 1 30 165359 8258  12 (D 0,0,0) (S 49,101,103) (S 36,72,74) (S 35,74,75) (S 273,75,451) (S 271,451,449) (S 272,449,450) (S 269,449,448) (S 270,448,76) (S 38,69,77) (S 278,77,288) (D 0,0,0)
 0 1 31 166418 8137  9 (D 0,0,0) (S 43,90,91) (S 88,145,36) (S 316,37,509) (S 724,37,420) (S 262,441,152) (S 215,160,373) (S 208,363,364) (D 0,0,0)
 0 1 32 166478 8369  11 (D 0,0,0) (S 239,237,402) (S 24,59,48) (S 18,43,44) (S 583,57,708) (S 579,708,707) (S 626,740,741) (S 615,731,730) (S 634,330,332) (S 639,745,546) (D 0,0,0)
 0 1 33 167655 6518  25 (D 0,0,0) (S 392,24,586) (S 100,187,188) (S 403,187,191) (S 103,191,192) (S 404,191,594) (S 409,594,190) (S 410,190,142) (S 71,142,141) (S 390,141,189) (S 388,189,581) (S 383,581,578) (S 412,599,176) (S 94,175,176) (S 413,176,580) (S 411,597,598) (S 414,597,600) (S 382,578,579) (S 99,185,186) (S 408,186,594) (S 400,593,594) (S 402,187,586) (S 9,24,21) (S 7,21,22) (D 0,0,0)
 0 1 34 165969 5096  13 (D 0,0,0) (S 291,482,135) (S 288,135,479) (S 508,479,663) (S 247,226,418) (S 321,516,497) (S 322,474,87) (S 135,253,254) (S 540,253,128) (S 66,128,130) (S 299,130,490) (S 298,490,86) (D 0,0,0)
 0 1 35 150932 7253  14 (D 0,0,0) (S 561,561,695) (S 560,695,693) (S 138,32,259) (S 545,259,683) (S 551,685,692) (S 547,685,35) (S 14,33,34) (S 548,686,687) (S 549,688,690) (S 558,682,693) (S 366,561,263) (S 559,262,518) (D 0,0,0)
 0 1 36 166798 9991  11 (D 0,0,0) (S 252,271,423) (S 759,423,300) (S 766,809,424) (S 261,440,275) (S 146,275,274) (S 263,442,163) (S 81,163,164) (S 394,164,588) (S 393,587,169) (D 0,0,0)
 0 1 37 46970 1004  8 (D 0,0,0) (S 286,466,467) (S 284,463,464) (S 285,464,465) (S 283,461,462) (S 418,605,603) (S 417,603,604) (D 0,0,0)
 0 1 38 161116 4229  16 (D 0,0,0) (S 439,626,625) (S 450,629,630) (S 453,628,209) (S 279,209,457) (S 499,414,657) (S 506,657,664) (S 244,411,410) (S 482,405,647) (S 477,647,646) (S 486,133,228) (S 484,228,414) (S 476,416,222) (S 118,222,223) (S 112,208,210) (D 0,0,0)
 0 1 39 167698 5886  14 (D 0,0,0) (S 130,246,245) (S 384,245,582) (S 386,582,49) (S 657,357,514) (S 319,513,514) (S 658,514,49) (S 243,407,402) (S 525,408,238) (S 526,238,239) (S 128,241,242) (S 524,670,614) (S 429,615,612) (D 0,0,0)
 0 1 40 167704 7705  16 (D 0,0,0) (S 567,564,318) (S 566,318,127) (S 553,127,691) (S 552,691,536) (S 331,124,530) (S 333,530,535) (S 597,535,719) (S 601,719,324) (S 180,324,323) (S 336,323,538) (S 591,538,718) (S 603,718,324) (S 574,698,530) (S 281,126,459) (D 0,0,0)
 0 1 41 167545 9335  17 (D 0,0,0) (S 277,77,456) (S 32,69,70) (S 276,304,455) (S 774,455,171) (S 265,170,443) (S 772,443,444) (S 773,444,306) (S 169,306,307) (S 223,306,308) (S 170,308,173) (S 93,173,80) (S 40,80,81) (S 90,80,172) (S 89,172,37) (S 222,382,383) (D 0,0,0)
 0 1 42 159851 8415  23 (D 0,0,0) (S 562,262,561) (S 565,695,312) (S 563,312,314) (S 564,314,562) (S 550,565,691) (S 557,691,260) (S 334,534,537) (S 555,534,260) (S 139,260,30) (S 140,261,30) (S 12,30,31) (S 13,31,32) (S 546,684,563) (S 367,563,562) (S 369,562,555) (S 351,520,313) (S 357,313,311) (S 174,313,314) (S 173,312,311) (S 356,311,263) (S 141,263,262) (D 0,0,0)
 0 1 43 163544 4717  19 (D 0,0,0) (S 438,212,625) (S 455,625,630) (S 454,630,214) (S 451,214,628) (S 448,628,211) (S 474,634,489) (S 297,489,487) (S 295,486,38) (S 307,38,488) (S 485,131,645) (S 487,645,494) (S 304,493,232) (S 123,232,233) (S 479,232,646) (S 478,646,413) (S 245,413,414) (S 449,627,211) (D 0,0,0)
 0 1 44 167753 7419  15 (D 0,0,0) (S 661,357,752) (S 656,752,183) (S 97,179,177) (S 95,177,181) (S 59,117,118) (S 162,118,108) (S 53,108,104) (S 50,104,105) (S 51,104,106) (S 709,776,775) (S 721,774,780) (S 200,181,349) (S 205,357,358) (D 0,0,0)
 0 1 45 165233 8901  14 (D 0,0,0) (S 425,615,614) (S 627,48,742) (S 629,742,730) (S 625,731,739) (S 624,739,285) (S 157,281,284) (S 153,284,285) (S 154,286,174) (S 586,286,713) (S 650,713,739) (S 630,743,281) (S 198,283,348) (D 0,0,0)
 0 1 46 167215 8544  15 (D 0,0,0) (S 423,611,612) (S 637,336,744) (S 188,338,337) (S 644,337,531) (S 614,500,729) (S 631,732,504) (S 716,778,779) (S 717,779,289) (S 159,289,295) (S 711,295,777) (S 712,746,97) (S 47,84,99) (S 46,98,99) (D 0,0,0)
 0 1 47 167595 6774  12 (D 0,0,0) (S 191,51,342) (S 652,749,750) (S 654,750,343) (S 636,547,336) (S 187,336,335) (S 643,335,545) (S 344,545,547) (S 653,547,343) (S 192,343,54) (S 29,63,62) (D 0,0,0)
 0 1 48 164566 9631  15 (D 0,0,0) (S 426,199,616) (S 184,329,330) (S 633,330,729) (S 617,732,730) (S 628,730,743) (S 651,743,739) (S 585,713,707) (S 616,707,728) (S 613,728,511) (S 618,728,735) (S 619,735,734) (S 622,738,737) (S 620,737,736) (D 0,0,0)
 0 1 49 167214 7572  15 (D 0,0,0) (S 679,595,763) (S 677,763,360) (S 206,360,359) (S 681,764,359) (S 680,359,763) (S 678,360,762) (S 76,158,143) (S 698,158,773) (S 696,773,377) (S 218,377,110) (S 56,112,110) (S 55,110,111) (S 44,93,94) (D 0,0,0)
 0 1 50 166379 8428  15 (D 0,0,0) (S 589,718,712) (S 584,712,57) (S 23,57,58) (S 27,58,52) (S 183,327,328) (S 373,327,52) (S 374,52,569) (S 590,569,712) (S 181,322,324) (S 352,505,459) (S 354,459,554) (S 355,554,317) (S 358,317,551) (D 0,0,0)
 0 1 51 167509 8259  12 (D 0,0,0) (S 232,365,92) (S 314,92,507) (S 692,395,770) (S 691,770,767) (S 686,767,768) (S 688,768,769) (S 687,767,373) (S 697,396,377) (S 676,397,762) (S 406,595,572) (D 0,0,0)
 0 1 52 165344 8449  14 (D 0,0,0) (S 313,347,506) (S 345,506,544) (S 649,746,748) (S 719,747,778) (S 713,778,502) (S 310,502,503) (S 311,503,504) (S 632,504,291) (S 268,280,447) (S 156,280,291) (S 158,291,293) (S 339,287,506) (D 0,0,0)
 0 1 53 167659 4739  16 (D 0,0,0) (S 435,212,621) (S 444,621,627) (S 67,131,132) (S 296,132,488) (S 303,132,229) (S 121,229,230) (S 122,230,231) (S 320,515,7) (S 11,6,29) (S 2,9,10) (S 489,10,5) (S 488,5,40) (S 16,40,39) (S 120,38,228) (D 0,0,0)
 0 1 54 166679 7994  14 (D 0,0,0) (S 660,349,147) (S 160,267,118) (S 155,108,283) (S 161,282,287) (S 190,294,341) (S 646,341,100) (S 648,747,528) (S 329,528,529) (S 309,499,501) (S 647,529,97) (S 42,84,85) (S 343,547,333) (D 0,0,0)
 0 1 55 163177 9199  28 (D 0,0,0) (S 65,127,126) (S 64,126,123) (S 604,124,724) (S 607,724,727) (S 609,727,326) (S 570,698,699) (S 594,699,720) (S 595,720,721) (S 593,721,704) (S 581,709,710) (S 580,709,705) (S 576,705,706) (S 578,706,570) (S 375,570,568) (S 596,722,568) (S 371,568,319) (S 177,319,320) (S 178,319,321) (S 282,460,321) (S 179,321,322) (S 588,322,716) (S 599,716,721) (S 592,720,719) (S 602,719,698) (S 368,564,553) (S 326,520,519) (D 0,0,0)
 0 1 56 167817 8290  10 (D 0,0,0) (S 33,71,72) (S 34,73,72) (S 37,76,70) (S 315,454,303) (S 779,69,811) (S 777,810,811) (S 780,69,456) (S 778,456,287) (D 0,0,0)
 0 1 57 166665 2717  10 (D 0,0,0) (S 105,196,194) (S 104,194,193) (S 415,193,601) (S 416,193,574) (S 8,23,21) (S 391,24,585) (S 401,585,592) (S 399,592,586) (D 0,0,0)
 0 1 58 165290 3720  16 (D 0,0,0) (S 113,212,211) (S 443,627,457) (S 440,457,417) (S 475,222,634) (S 464,634,2) (S 465,2,218) (S 116,218,217) (S 458,217,221) (S 457,221,631) (S 460,631,632) (S 246,223,415) (S 456,415,209) (S 114,214,215) (S 447,215,626) (D 0,0,0)
 0 1 59 157748 5869  25 (D 0,0,0) (S 107,200,199) (S 427,199,617) (S 520,666,243) (S 518,667,669) (S 516,668,669) (S 531,669,673) (S 530,674,673) (S 529,673,672) (S 527,672,671) (S 534,671,675) (S 533,676,675) (S 532,675,673) (S 528,672,667) (S 515,667,243) (S 129,243,244) (S 514,666,612) (S 68,138,134) (S 69,135,136) (S 503,136,659) (S 501,659,660) (S 437,623,624) (S 441,609,577) (S 379,195,575) (D 0,0,0)
 0 1 60 161859 9289  23 (D 0,0,0) (S 370,564,565) (S 327,525,526) (S 182,325,326) (S 610,723,725) (S 606,725,726) (S 605,725,714) (S 587,714,715) (S 611,715,706) (S 612,706,722) (S 598,722,717) (S 582,711,705) (S 577,705,700) (S 571,700,701) (S 575,700,702) (S 572,702,703) (S 573,704,699) (S 600,698,723) (S 608,723,326) (S 62,124,123) (S 61,122,123) (S 63,125,123) (D 0,0,0)
 0 1 61 166633 9805  10 (D 0,0,0) (S 45,95,96) (S 74,66,148) (S 255,67,428) (S 740,428,799) (S 741,428,68) (S 254,65,427) (S 765,427,808) (S 763,808,150) (D 0,0,0)
