440099
61
1807450
1805578
 0 1 1 157010 4078  19 (D 0,0,0) (S 291,482,135) (S 288,135,479) (S 508,479,663) (S 119,226,227) (S 481,647,648) (S 480,648,649) (S 483,224,516) (S 247,418,226) (S 505,406,663) (S 507,663,662) (S 510,662,661) (S 504,661,137) (S 502,137,659) (S 501,659,660) (S 511,660,658) (S 441,609,577) (S 379,195,575) (D 0,0,0)
 0 1 2 159262 4005  17 (D 0,0,0) (S 378,576,575) (S 484,414,228) (S 486,228,133) (S 67,131,132) (S 296,132,488) (S 307,488,38) (S 295,38,486) (S 297,487,489) (S 474,489,634) (S 465,2,218) (S 116,218,217) (S 458,217,221) (S 457,221,631) (S 460,631,632) (S 446,208,215) (D 0,0,0)
 0 1 3 164269 3664  13 (D 0,0,0) (S 112,208,210) (S 445,208,419) (S 248,419,403) (S 240,403,401) (S 238,401,398) (S 235,398,206) (S 236,205,399) (S 237,399,400) (S 241,400,404) (S 117,221,220) (S 462,220,632) (D 0,0,0)
 0 1 4 166946 3761  17 (D 0,0,0) (S 113,212,211) (S 448,211,628) (S 279,209,457) (S 440,457,417) (S 476,416,222) (S 118,222,223) (S 246,223,415) (S 456,415,209) (S 111,207,208) (S 439,626,625) (S 455,625,630) (S 450,629,630) (S 114,214,215) (S 447,215,626) (S 452,622,607) (D 0,0,0)
 0 1 5 167860 4199  21 (D 0,0,0) (S 429,612,615) (S 522,615,670) (S 523,670,241) (S 521,241,239) (S 127,239,240) (S 526,239,238) (S 525,238,408) (S 133,250,248) (S 318,248,512) (S 132,248,249) (S 494,412,653) (S 492,653,138) (S 493,138,654) (S 513,654,236) (S 517,236,484) (S 512,482,660) (S 442,620,609) (S 419,198,607) (S 421,607,606) (D 0,0,0)
 0 1 6 167022 6357  16 (D 0,0,0) (S 360,557,139) (S 71,142,141) (S 398,572,591) (S 432,591,115) (S 433,115,619) (S 431,619,15) (S 4,14,15) (S 430,619,618) (S 5,16,17) (S 407,596,572) (S 376,572,523) (S 364,524,558) (S 361,558,27) (S 10,25,26) (D 0,0,0)
 0 1 7 75709 1770  6 (D 0,0,0) (S 416,574,193) (S 415,193,601) (S 104,193,194) (S 105,194,196) (D 0,0,0)
 0 1 8 167608 4749  15 (D 0,0,0) (S 292,28,200) (S 427,199,617) (S 537,611,677) (S 538,677,678) (S 535,677,246) (S 130,246,245) (S 386,582,49) (S 243,407,402) (S 239,402,237) (S 126,237,238) (S 128,241,242) (S 524,670,614) (S 425,614,615) (D 0,0,0)
 0 1 9 167846 6913  16 (D 0,0,0) (S 387,583,584) (S 658,49,514) (S 319,513,514) (S 657,514,357) (S 205,357,358) (S 656,752,183) (S 98,183,184) (S 201,350,184) (S 143,184,266) (S 134,252,129) (S 300,251,130) (S 539,490,643) (S 68,138,134) (S 294,484,485) (D 0,0,0)
 0 1 10 166845 7322  20 (D 0,0,0) (S 503,659,136) (S 69,136,135) (S 559,518,262) (S 565,695,312) (S 173,312,311) (S 357,311,313) (S 351,313,520) (S 349,478,255) (S 346,255,257) (S 137,257,258) (S 542,258,120) (S 60,120,121) (S 348,549,539) (S 338,540,539) (S 337,539,55) (S 568,53,697) (S 569,697,696) (S 323,119,88) (D 0,0,0)
 0 1 11 167442 5080  18 (D 0,0,0) (S 293,200,485) (S 290,484,134) (S 289,134,483) (S 6,18,19) (S 321,516,497) (S 541,517,652) (S 490,650,651) (S 491,652,492) (S 302,492,232) (S 123,232,233) (S 304,232,493) (S 487,494,645) (S 485,645,131) (S 499,414,657) (S 500,657,658) (S 437,623,624) (D 0,0,0)
 0 1 12 166291 5546  12 (D 0,0,0) (S 107,200,199) (S 426,199,616) (S 424,614,409) (S 469,407,491) (S 301,491,45) (S 193,46,344) (S 20,50,49) (S 384,582,245) (S 385,245,584) (S 536,584,246) (D 0,0,0)
 0 1 13 157041 3619  11 (D 0,0,0) (S 8,23,21) (S 392,24,586) (S 399,586,592) (S 401,592,585) (S 391,585,24) (S 7,21,22) (S 106,197,198) (S 420,198,608) (S 422,606,610) (D 0,0,0)
 0 1 14 167581 5647  24 (D 0,0,0) (S 438,212,625) (S 454,630,214) (S 451,214,628) (S 453,628,209) (S 475,222,634) (S 464,634,2) (S 1,3,4) (S 306,4,496) (S 470,496,640) (S 471,640,641) (S 473,642,638) (S 472,638,639) (S 467,638,637) (S 466,636,635) (S 468,635,4) (S 305,4,495) (S 308,495,498) (S 463,498,315) (S 175,315,316) (S 115,217,216) (S 461,216,633) (S 459,216,631) (D 0,0,0)
 0 1 15 163660 5725  26 (D 0,0,0) (S 497,485,235) (S 495,235,655) (S 496,655,617) (S 428,617,613) (S 423,611,612) (S 515,243,667) (S 528,667,672) (S 527,672,671) (S 534,671,675) (S 533,676,675) (S 532,675,673) (S 529,673,672) (S 530,674,673) (S 531,673,669) (S 516,668,669) (S 518,669,667) (S 129,243,244) (S 520,243,666) (S 514,666,612) (S 519,612,654) (S 125,236,234) (S 124,234,235) (S 498,480,656) (S 108,202,201) (D 0,0,0)
 0 1 16 166187 6266  24 (D 0,0,0) (S 9,21,24) (S 402,586,187) (S 100,187,188) (S 403,187,191) (S 103,191,192) (S 404,191,594) (S 409,594,190) (S 388,189,581) (S 383,581,578) (S 382,578,579) (S 414,597,600) (S 411,597,598) (S 412,599,176) (S 94,175,176) (S 413,176,580) (S 99,185,186) (S 408,186,594) (S 400,593,594) (S 102,190,140) (S 70,140,139) (S 362,557,559) (S 381,573,23) (D 0,0,0)
 0 1 17 46970 1004  8 (D 0,0,0) (S 283,461,462) (S 285,464,465) (S 284,463,464) (S 286,466,467) (S 417,603,604) (S 418,605,603) (D 0,0,0)
 0 1 18 167366 8754  15 (D 0,0,0) (S 363,560,559) (S 380,557,523) (S 692,395,770) (S 689,368,765) (S 685,766,765) (S 682,765,79) (S 39,79,78) (S 225,78,384) (S 224,387,388) (S 227,393,387) (S 695,771,772) (S 693,771,155) (S 212,154,370) (D 0,0,0)
 0 1 19 166544 10390  17 (D 0,0,0) (S 228,394,390) (S 74,66,148) (S 741,68,428) (S 743,429,798) (S 257,431,432) (S 258,435,436) (S 755,796,425) (S 735,794,793) (S 736,790,795) (S 746,802,803) (S 754,803,788) (S 733,788,786) (S 745,800,801) (S 747,801,268) (S 725,441,781) (D 0,0,0)
 0 1 20 167773 9544  11 (D 0,0,0) (S 75,157,149) (S 255,67,428) (S 740,428,799) (S 739,431,785) (S 731,784,785) (S 748,798,433) (S 744,433,795) (S 761,802,807) (S 762,807,149) (D 0,0,0)
 0 1 21 167399 8096  8 (D 0,0,0) (S 214,372,152) (S 262,152,441) (S 726,441,279) (S 152,279,278) (S 151,279,161) (S 213,151,371) (D 0,0,0)
 0 1 22 167955 9347  14 (D 0,0,0) (S 215,373,160) (S 78,160,152) (S 251,153,422) (S 753,156,801) (S 732,787,786) (S 750,786,800) (S 749,803,800) (S 751,800,157) (S 312,468,469) (S 684,470,766) (S 683,79,389) (S 231,367,372) (D 0,0,0)
 0 1 23 165039 7835  12 (D 0,0,0) (S 207,361,362) (S 697,396,377) (S 698,773,158) (S 79,158,159) (S 221,159,381) (S 705,381,36) (S 88,36,145) (S 77,145,159) (S 216,159,374) (S 230,363,396) (D 0,0,0)
 0 1 24 165515 6890  13 (D 0,0,0) (S 44,93,94) (S 226,94,111) (S 55,111,110) (S 56,110,112) (S 700,112,204) (S 699,204,773) (S 696,773,377) (S 218,377,110) (S 234,111,397) (S 676,397,762) (S 675,762,589) (D 0,0,0)
 0 1 25 167048 7367  14 (D 0,0,0) (S 396,589,364) (S 208,364,363) (S 233,363,374) (S 687,373,767) (S 686,767,768) (S 688,768,769) (S 691,767,770) (S 690,770,368) (S 210,368,367) (S 229,395,373) (S 209,365,366) (S 397,113,345) (D 0,0,0)
 0 1 26 167016 6593  17 (D 0,0,0) (S 406,572,595) (S 679,595,763) (S 677,763,360) (S 206,360,359) (S 681,764,359) (S 680,359,763) (S 678,360,762) (S 57,113,114) (S 58,114,115) (S 194,346,345) (S 395,590,591) (S 389,523,141) (S 390,141,189) (S 101,189,190) (S 410,190,142) (D 0,0,0)
 0 1 27 167826 6737  15 (D 0,0,0) (S 377,573,560) (S 405,595,94) (S 664,94,755) (S 665,755,353) (S 662,353,754) (S 669,758,759) (S 668,758,351) (S 671,760,178) (S 672,753,356) (S 204,356,355) (S 673,355,761) (S 674,355,751) (S 655,751,752) (D 0,0,0)
 0 1 28 167187 7105  13 (D 0,0,0) (S 142,265,264) (S 199,264,116) (S 59,117,118) (S 162,118,108) (S 53,108,104) (S 710,106,776) (S 709,776,775) (S 160,267,118) (S 144,267,264) (S 200,181,349) (S 659,753,751) (D 0,0,0)
 0 1 29 167928 7454  13 (D 0,0,0) (S 202,351,352) (S 203,352,353) (S 666,354,757) (S 670,754,758) (S 667,757,147) (S 73,147,146) (S 80,146,162) (S 109,162,203) (S 211,203,369) (S 701,112,756) (S 663,756,755) (D 0,0,0)
 0 1 30 167274 9040  15 (D 0,0,0) (S 509,483,653) (S 708,146,775) (S 706,109,379) (S 702,382,381) (S 15,36,37) (S 316,37,509) (S 724,37,420) (S 722,420,781) (S 723,781,782) (S 249,420,160) (S 43,91,90) (S 314,92,507) (S 232,92,365) (D 0,0,0)
 0 1 31 167856 9113  13 (D 0,0,0) (S 222,382,383) (S 89,37,172) (S 728,172,783) (S 727,783,278) (S 752,801,787) (S 734,787,272) (S 171,272,307) (S 729,307,421) (S 730,421,783) (S 704,382,378) (S 220,379,380) (D 0,0,0)
 0 1 32 167901 9746  14 (D 0,0,0) (S 90,172,80) (S 40,80,81) (S 93,80,173) (S 250,308,421) (S 773,306,444) (S 772,444,443) (S 264,443,276) (S 163,277,297) (S 165,297,82) (S 41,82,83) (S 167,82,171) (S 92,170,173) (D 0,0,0)
 0 1 33 167558 10204  15 (D 0,0,0) (S 265,170,443) (S 148,276,277) (S 166,277,301) (S 767,301,809) (S 766,809,424) (S 769,440,424) (S 253,424,167) (S 84,167,165) (S 82,165,166) (S 147,166,275) (S 150,274,277) (S 164,297,298) (S 275,453,452) (D 0,0,0)
 0 1 34 167669 9747  12 (D 0,0,0) (S 96,183,182) (S 87,170,171) (S 393,169,587) (S 394,588,164) (S 83,163,166) (S 768,165,440) (S 261,440,275) (S 146,275,274) (S 770,274,442) (S 774,171,455) (D 0,0,0)
 0 1 35 167366 10463  15 (D 0,0,0) (S 170,173,308) (S 223,308,306) (S 169,306,307) (S 758,805,806) (S 217,375,296) (S 3,13,12) (S 260,12,439) (S 738,12,797) (S 259,437,438) (S 737,437,796) (S 760,797,375) (S 756,804,805) (S 757,805,273) (D 0,0,0)
 0 1 36 167034 9455  10 (D 0,0,0) (S 694,392,771) (S 763,150,808) (S 765,808,427) (S 764,427,799) (S 742,799,429) (S 256,429,430) (S 254,427,65) (S 45,95,96) (D 0,0,0)
 0 1 37 165656 9975  13 (D 0,0,0) (S 91,171,169) (S 86,169,168) (S 85,168,164) (S 81,164,163) (S 263,163,442) (S 771,274,809) (S 759,300,423) (S 252,423,271) (S 266,270,444) (S 149,270,273) (S 145,269,268) (D 0,0,0)
 0 1 38 167526 8780  15 (D 0,0,0) (S 33,71,72) (S 34,73,72) (S 36,72,74) (S 37,76,70) (S 274,302,452) (S 276,455,304) (S 168,302,303) (S 32,70,69) (S 777,810,811) (S 779,811,69) (S 38,69,77) (S 339,287,506) (S 313,506,347) (D 0,0,0)
 0 1 39 166834 8401  16 (D 0,0,0) (S 345,506,544) (S 48,102,101) (S 49,101,103) (S 711,295,777) (S 715,777,779) (S 719,778,747) (S 648,747,528) (S 329,528,529) (S 309,499,501) (S 614,500,729) (S 185,332,331) (S 638,532,338) (S 642,744,339) (S 641,745,60) (D 0,0,0)
 0 1 40 167445 8224  16 (D 0,0,0) (S 636,547,336) (S 637,336,744) (S 188,338,337) (S 644,337,531) (S 631,732,504) (S 310,503,502) (S 713,502,778) (S 716,778,779) (S 714,777,101) (S 645,746,102) (S 646,100,341) (S 341,544,541) (S 340,542,543) (S 344,545,547) (D 0,0,0)
 0 1 41 167091 7554  11 (D 0,0,0) (S 643,545,335) (S 42,85,84) (S 47,84,99) (S 46,98,99) (S 187,335,336) (S 192,343,54) (S 544,64,679) (S 543,679,680) (S 191,51,342) (D 0,0,0)
 0 1 42 167473 6214  11 (D 0,0,0) (S 131,247,50) (S 26,53,62) (S 652,749,750) (S 654,750,343) (S 653,343,547) (S 343,547,333) (S 186,333,334) (S 342,333,546) (S 29,63,62) (D 0,0,0)
 0 1 43 167831 7873  9 (D 0,0,0) (S 197,182,180) (S 35,74,75) (S 273,75,451) (S 271,451,449) (S 269,449,448) (S 270,448,76) (S 778,456,287) (D 0,0,0)
 0 1 44 167173 8856  13 (D 0,0,0) (S 161,282,287) (S 277,77,456) (S 780,456,69) (S 315,303,454) (S 776,508,445) (S 267,445,446) (S 775,445,293) (S 272,449,450) (S 717,289,779) (S 649,748,746) (S 712,746,97) (D 0,0,0)
 0 1 45 167800 9636  14 (D 0,0,0) (S 183,327,328) (S 619,734,735) (S 622,737,738) (S 585,707,713) (S 650,713,739) (S 625,739,731) (S 626,740,741) (S 615,731,730) (S 617,730,732) (S 633,729,330) (S 184,330,329) (S 31,60,55) (D 0,0,0)
 0 1 46 166047 9593  13 (D 0,0,0) (S 181,324,322) (S 590,712,569) (S 374,569,52) (S 21,52,47) (S 17,41,42) (S 22,42,56) (S 280,458,42) (S 317,47,510) (S 372,510,566) (S 373,327,52) (S 27,52,58) (D 0,0,0)
 0 1 47 167797 8605  11 (D 0,0,0) (S 583,57,708) (S 579,708,707) (S 616,707,728) (S 613,728,511) (S 618,728,735) (S 620,737,736) (S 623,736,733) (S 621,736,58) (S 23,58,57) (D 0,0,0)
 0 1 48 167945 7891  10 (D 0,0,0) (S 589,718,712) (S 584,712,57) (S 28,57,44) (S 18,43,44) (S 19,44,48) (S 24,48,59) (S 332,340,533) (S 640,533,745) (D 0,0,0)
 0 1 49 167596 9041  14 (D 0,0,0) (S 190,341,294) (S 156,291,280) (S 268,280,447) (S 630,281,743) (S 651,743,739) (S 624,739,285) (S 154,286,174) (S 586,286,713) (S 628,743,730) (S 629,730,742) (S 627,742,48) (S 25,61,60) (D 0,0,0)
 0 1 50 167453 7239  10 (D 0,0,0) (S 359,521,556) (S 365,556,323) (S 335,538,61) (S 30,61,59) (S 635,59,332) (S 634,330,332) (S 189,340,339) (S 639,745,546) (D 0,0,0)
 0 1 51 166177 8718  13 (D 0,0,0) (S 647,97,529) (S 311,503,504) (S 632,504,291) (S 157,281,284) (S 153,284,285) (S 158,291,293) (S 328,293,527) (S 330,527,502) (S 718,778,292) (S 159,289,295) (S 278,288,77) (D 0,0,0)
 0 1 52 166409 7368  14 (D 0,0,0) (S 195,180,347) (S 196,347,348) (S 198,348,283) (S 155,283,108) (S 50,104,105) (S 51,104,106) (S 52,106,107) (S 54,107,109) (S 707,109,775) (S 721,774,780) (S 95,181,177) (S 97,177,179) (D 0,0,0)
 0 1 53 167030 7288  11 (D 0,0,0) (S 110,204,203) (S 76,158,143) (S 72,143,144) (S 219,144,378) (S 720,776,774) (S 703,774,267) (S 660,147,349) (S 661,752,357) (S 242,247,407) (D 0,0,0)
 0 1 54 167973 5121  10 (D 0,0,0) (S 245,414,413) (S 479,646,232) (S 298,86,490) (S 299,490,130) (S 66,130,128) (S 540,128,253) (S 135,253,254) (S 322,87,474) (D 0,0,0)
 0 1 55 160170 3451  12 (D 0,0,0) (S 434,213,620) (S 506,657,664) (S 244,411,410) (S 482,405,647) (S 477,647,646) (S 478,646,413) (S 443,457,627) (S 444,627,621) (S 435,621,212) (S 436,213,622) (D 0,0,0)
 0 1 56 148297 4659  13 (D 0,0,0) (S 120,228,38) (S 16,39,40) (S 488,40,5) (S 489,5,10) (S 2,10,9) (S 11,6,29) (S 320,515,7) (S 122,231,230) (S 121,230,229) (S 303,229,132) (S 449,627,211) (D 0,0,0)
 0 1 57 166789 7868  17 (D 0,0,0) (S 141,262,263) (S 366,263,561) (S 561,561,695) (S 560,695,693) (S 549,688,690) (S 548,687,686) (S 547,685,35) (S 14,33,34) (S 551,685,692) (S 545,683,259) (S 138,259,32) (S 546,684,563) (S 367,563,562) (S 369,562,555) (S 172,309,310) (D 0,0,0)
 0 1 58 166491 8437  20 (D 0,0,0) (S 562,262,561) (S 558,693,682) (S 13,32,31) (S 12,31,30) (S 140,261,30) (S 139,30,260) (S 574,530,698) (S 602,698,719) (S 597,719,535) (S 333,535,530) (S 331,530,124) (S 552,536,691) (S 550,691,565) (S 370,564,565) (S 564,562,314) (S 563,314,312) (S 174,314,313) (S 356,311,263) (D 0,0,0)
 0 1 59 167257 9020  28 (D 0,0,0) (S 353,522,551) (S 358,551,317) (S 355,317,554) (S 354,554,459) (S 281,459,126) (S 600,723,698) (S 570,698,699) (S 573,699,704) (S 575,702,700) (S 582,705,711) (S 598,717,722) (S 596,722,568) (S 375,568,570) (S 578,570,706) (S 612,706,722) (S 371,568,319) (S 177,319,320) (S 178,319,321) (S 282,460,321) (S 179,321,322) (S 588,322,716) (S 599,716,721) (S 180,324,323) (S 352,505,459) (S 350,551,552) (S 287,477,476) (D 0,0,0)
 0 1 60 167865 7577  23 (D 0,0,0) (S 368,553,564) (S 567,564,318) (S 566,318,127) (S 553,127,691) (S 557,691,260) (S 555,260,534) (S 334,534,537) (S 327,525,526) (S 182,325,326) (S 609,326,727) (S 607,727,724) (S 604,724,124) (S 62,124,123) (S 63,125,123) (S 64,123,126) (S 65,126,127) (S 554,127,554) (S 556,556,550) (S 347,548,257) (S 136,255,256) (S 325,256,476) (D 0,0,0)
 0 1 61 167347 9125  26 (D 0,0,0) (S 336,323,538) (S 591,538,718) (S 603,718,324) (S 601,324,719) (S 592,719,720) (S 594,720,699) (S 595,720,721) (S 593,721,704) (S 572,702,703) (S 571,700,701) (S 577,700,705) (S 580,705,709) (S 581,709,710) (S 576,705,706) (S 611,706,715) (S 587,715,714) (S 605,714,725) (S 606,725,726) (S 610,725,723) (S 608,723,326) (S 61,122,123) (S 176,318,317) (S 326,520,519) (S 324,519,309) (D 0,0,0)
