441200
60
1807843
1658375
 0 1 1 84159 2166  9 (D 0,0,0) (S 422,606,610) (S 283,461,462) (S 286,466,467) (S 284,463,464) (S 285,464,465) (S 417,603,604) (S 418,605,603) (D 0,0,0)
 0 1 2 166882 4192  25 (D 0,0,0) (S 452,607,622) (S 114,215,214) (S 451,214,628) (S 448,628,211) (S 449,211,627) (S 443,627,457) (S 484,414,228) (S 120,228,38) (S 307,38,488) (S 296,488,132) (S 67,132,131) (S 485,131,645) (S 477,646,647) (S 482,647,405) (S 505,406,663) (S 507,663,662) (S 510,662,661) (S 504,661,137) (S 502,137,659) (S 501,659,660) (S 511,660,658) (S 437,623,624) (S 441,609,577) (D 0,0,0)
 0 1 3 166337 5565  15 (D 0,0,0) (S 420,198,608) (S 500,658,657) (S 478,413,646) (S 479,646,232) (S 491,492,652) (S 490,650,651) (S 302,492,232) (S 123,232,233) (S 304,232,493) (S 487,494,645) (S 486,133,228) (S 279,457,209) (S 113,211,212) (D 0,0,0)
 0 1 4 159057 2416  9 (D 0,0,0) (S 436,622,213) (S 434,213,620) (S 442,620,609) (S 416,574,193) (S 415,193,601) (S 104,193,194) (S 105,194,196) (D 0,0,0)
 0 1 5 163049 2753  13 (D 0,0,0) (S 8,23,21) (S 392,24,586) (S 399,586,592) (S 401,592,585) (S 391,585,24) (S 9,24,21) (S 7,21,22) (S 106,197,198) (S 419,198,607) (S 421,607,606) (S 378,575,576) (D 0,0,0)
 0 1 6 167147 7403  12 (D 0,0,0) (S 636,547,336) (S 637,336,744) (S 188,338,337) (S 309,499,501) (S 644,531,337) (S 643,335,545) (S 344,545,547) (S 654,343,750) (S 652,750,749) (S 26,62,53) (D 0,0,0)
 0 1 7 164476 5858  27 (D 0,0,0) (S 108,201,202) (S 498,656,480) (S 495,235,655) (S 496,655,617) (S 428,617,613) (S 423,611,612) (S 129,243,244) (S 515,243,667) (S 518,667,669) (S 516,668,669) (S 531,669,673) (S 529,673,672) (S 534,671,675) (S 532,675,673) (S 530,674,673) (S 533,676,675) (S 527,671,672) (S 528,672,667) (S 520,243,666) (S 514,666,612) (S 519,612,654) (S 125,236,234) (S 124,234,235) (S 497,235,485) (S 293,485,200) (D 0,0,0)
 0 1 8 163714 7258  13 (D 0,0,0) (S 243,402,407) (S 200,349,181) (S 199,264,116) (S 59,117,118) (S 53,108,104) (S 50,104,105) (S 51,104,106) (S 52,106,107) (S 54,107,109) (S 708,775,146) (S 660,147,349) (D 0,0,0)
 0 1 9 167848 7524  14 (D 0,0,0) (S 195,180,347) (S 313,347,506) (S 345,506,544) (S 646,341,100) (S 645,102,746) (S 649,748,746) (S 712,746,97) (S 46,98,99) (S 47,99,84) (S 42,84,85) (S 187,335,336) (S 639,745,546) (D 0,0,0)
 0 1 10 167750 7765  18 (D 0,0,0) (S 141,262,263) (S 356,263,311) (S 563,312,314) (S 564,314,562) (S 367,562,563) (S 546,563,684) (S 138,32,259) (S 545,259,683) (S 551,685,692) (S 547,685,35) (S 14,33,34) (S 548,686,687) (S 549,688,690) (S 558,682,693) (S 560,693,695) (S 6,19,18) (D 0,0,0)
 0 1 11 167607 5156  15 (D 0,0,0) (S 292,28,200) (S 107,200,199) (S 426,199,616) (S 537,611,677) (S 538,677,678) (S 535,677,246) (S 130,246,245) (S 384,245,582) (S 386,582,49) (S 126,237,238) (S 127,239,240) (S 523,241,670) (S 522,670,615) (D 0,0,0)
 0 1 12 163908 5362  9 (D 0,0,0) (S 424,614,409) (S 131,247,50) (S 301,45,491) (S 469,491,407) (S 133,250,248) (S 318,248,512) (S 132,248,249) (D 0,0,0)
 0 1 13 166322 6329  19 (D 0,0,0) (S 524,614,670) (S 128,241,242) (S 521,241,239) (S 526,239,238) (S 525,238,408) (S 20,49,50) (S 143,266,184) (S 201,350,184) (S 98,184,183) (S 656,183,752) (S 655,752,751) (S 674,751,355) (S 673,355,761) (S 204,355,356) (S 672,356,753) (S 659,753,751) (S 536,584,246) (D 0,0,0)
 0 1 14 167233 7825  14 (D 0,0,0) (S 207,361,362) (S 698,773,158) (S 76,158,143) (S 72,143,144) (S 219,144,378) (S 220,379,380) (S 707,109,775) (S 709,775,776) (S 703,774,267) (S 95,181,177) (S 97,177,179) (S 96,182,183) (D 0,0,0)
 0 1 15 167235 3978  13 (D 0,0,0) (S 506,657,664) (S 508,663,479) (S 247,418,226) (S 119,226,227) (S 480,648,649) (S 481,648,647) (S 244,410,411) (S 245,413,414) (S 440,417,457) (S 444,627,621) (S 435,621,212) (D 0,0,0)
 0 1 16 167013 7283  12 (D 0,0,0) (S 425,615,614) (S 202,351,352) (S 203,352,353) (S 666,354,757) (S 73,147,146) (S 80,146,162) (S 109,162,203) (S 211,203,369) (S 110,203,204) (S 56,112,110) (D 0,0,0)
 0 1 17 166416 6304  20 (D 0,0,0) (S 503,659,136) (S 69,136,135) (S 288,135,479) (S 483,516,224) (S 541,652,517) (S 172,309,310) (S 324,309,519) (S 326,519,520) (S 351,520,313) (S 174,313,314) (S 357,313,311) (S 173,311,312) (S 565,312,695) (S 561,695,561) (S 562,561,262) (S 559,262,518) (S 321,497,516) (S 512,482,660) (D 0,0,0)
 0 1 18 167314 4904  16 (D 0,0,0) (S 499,657,414) (S 303,132,229) (S 121,229,230) (S 122,230,231) (S 320,515,7) (S 11,6,29) (S 2,9,10) (S 489,10,5) (S 488,5,40) (S 16,40,39) (S 295,38,486) (S 297,487,489) (S 474,489,634) (S 438,625,212) (D 0,0,0)
 0 1 19 167606 5238  22 (D 0,0,0) (S 446,215,208) (S 462,632,220) (S 117,220,221) (S 458,221,217) (S 116,217,218) (S 175,315,316) (S 463,315,498) (S 308,498,495) (S 305,495,4) (S 306,4,496) (S 470,496,640) (S 471,640,641) (S 473,642,638) (S 472,638,639) (S 467,638,637) (S 466,636,635) (S 468,635,4) (S 1,4,3) (S 457,221,631) (S 460,631,632) (D 0,0,0)
 0 1 20 167809 3361  12 (D 0,0,0) (S 445,208,419) (S 248,419,403) (S 240,403,401) (S 238,401,398) (S 235,398,206) (S 236,205,399) (S 237,399,400) (S 241,400,404) (S 111,207,208) (S 447,215,626) (D 0,0,0)
 0 1 21 167784 4441  18 (D 0,0,0) (S 112,208,210) (S 459,631,216) (S 461,216,633) (S 115,216,217) (S 465,218,2) (S 464,2,634) (S 475,634,222) (S 476,416,222) (S 118,222,223) (S 246,223,415) (S 456,415,209) (S 453,209,628) (S 454,214,630) (S 450,629,630) (S 455,630,625) (S 439,625,626) (D 0,0,0)
 0 1 22 166165 5433  17 (D 0,0,0) (S 294,485,484) (S 289,134,483) (S 509,483,653) (S 539,643,490) (S 298,490,86) (S 135,253,254) (S 540,253,128) (S 66,128,130) (S 134,252,129) (S 300,251,130) (S 299,130,490) (S 494,412,653) (S 493,138,654) (S 513,654,236) (S 517,236,484) (D 0,0,0)
 0 1 23 167678 6868  15 (D 0,0,0) (S 410,142,190) (S 409,190,594) (S 400,593,594) (S 390,189,141) (S 389,141,523) (S 407,572,596) (S 5,16,17) (S 430,618,619) (S 431,619,15) (S 4,14,15) (S 433,619,115) (S 194,346,345) (S 395,590,591) (D 0,0,0)
 0 1 24 166051 6106  17 (D 0,0,0) (S 10,25,26) (S 361,27,558) (S 364,558,524) (S 398,572,591) (S 432,591,115) (S 58,115,114) (S 57,114,113) (S 675,589,762) (S 678,762,360) (S 677,360,763) (S 679,763,595) (S 406,595,572) (S 376,572,523) (S 71,141,142) (S 362,557,559) (D 0,0,0)
 0 1 25 167927 5807  23 (D 0,0,0) (S 402,586,187) (S 100,187,188) (S 403,187,191) (S 103,191,192) (S 404,191,594) (S 408,594,186) (S 99,186,185) (S 414,597,600) (S 411,597,598) (S 412,599,176) (S 94,175,176) (S 413,176,580) (S 382,578,579) (S 383,578,581) (S 388,581,189) (S 101,189,190) (S 102,190,140) (S 70,140,139) (S 360,139,557) (S 381,573,23) (S 379,195,575) (D 0,0,0)
 0 1 26 167963 7474  16 (D 0,0,0) (S 380,557,523) (S 387,583,584) (S 385,584,245) (S 658,49,514) (S 319,513,514) (S 657,514,357) (S 205,357,358) (S 671,178,760) (S 668,351,758) (S 669,758,759) (S 670,758,754) (S 662,754,353) (S 663,756,755) (S 44,93,94) (D 0,0,0)
 0 1 27 166945 8992  13 (D 0,0,0) (S 79,158,159) (S 728,172,783) (S 727,783,278) (S 747,268,801) (S 745,801,800) (S 750,800,786) (S 734,787,272) (S 145,269,268) (S 152,278,279) (S 726,279,441) (S 249,420,160) (D 0,0,0)
 0 1 28 165995 6508  15 (D 0,0,0) (S 325,476,256) (S 136,256,255) (S 346,255,257) (S 137,257,258) (S 542,258,120) (S 60,120,121) (S 348,549,539) (S 338,540,539) (S 337,539,55) (S 544,64,679) (S 543,679,680) (S 239,402,237) (S 429,615,612) (D 0,0,0)
 0 1 29 167855 8550  9 (D 0,0,0) (S 405,595,94) (S 234,111,397) (S 314,92,507) (S 231,372,367) (S 212,370,154) (S 251,153,422) (S 213,151,371) (D 0,0,0)
 0 1 30 167317 9492  14 (D 0,0,0) (S 377,573,560) (S 151,161,279) (S 749,800,803) (S 746,803,802) (S 736,795,790) (S 744,795,433) (S 748,433,798) (S 743,798,429) (S 256,429,430) (S 742,429,799) (S 765,427,808) (S 763,808,150) (D 0,0,0)
 0 1 31 165777 9567  10 (D 0,0,0) (S 45,95,96) (S 74,66,148) (S 255,67,428) (S 741,68,428) (S 740,428,799) (S 764,799,427) (S 254,427,65) (S 693,155,771) (D 0,0,0)
 0 1 32 167741 9460  10 (D 0,0,0) (S 75,157,149) (S 762,149,807) (S 761,807,802) (S 257,431,432) (S 739,431,785) (S 732,786,787) (S 752,787,801) (S 753,801,156) (D 0,0,0)
 0 1 33 165917 10938  16 (D 0,0,0) (S 751,157,800) (S 754,803,788) (S 735,793,794) (S 755,425,796) (S 760,797,375) (S 217,375,296) (S 3,13,12) (S 260,12,439) (S 738,12,797) (S 259,437,438) (S 737,437,796) (S 258,435,436) (S 731,784,785) (S 228,390,394) (D 0,0,0)
 0 1 34 167317 8795  20 (D 0,0,0) (S 229,373,395) (S 683,389,79) (S 39,79,78) (S 225,78,384) (S 695,771,772) (S 694,771,392) (S 227,393,387) (S 224,387,388) (S 312,468,469) (S 684,470,766) (S 685,766,765) (S 682,765,79) (S 689,765,368) (S 690,368,770) (S 691,770,767) (S 688,768,769) (S 686,768,767) (S 687,767,373) (D 0,0,0)
 0 1 35 167498 7761  9 (D 0,0,0) (S 363,560,559) (S 208,364,363) (S 232,365,92) (S 692,395,770) (S 210,368,367) (S 214,372,152) (S 216,159,374) (D 0,0,0)
 0 1 36 167079 8558  17 (D 0,0,0) (S 680,763,359) (S 681,764,359) (S 206,359,360) (S 676,762,397) (S 230,396,363) (S 233,363,374) (S 215,373,160) (S 78,160,152) (S 262,152,441) (S 725,441,781) (S 723,781,782) (S 722,781,420) (S 724,420,37) (S 316,37,509) (S 88,36,145) (D 0,0,0)
 0 1 37 166274 7112  12 (D 0,0,0) (S 721,774,780) (S 720,774,776) (S 710,776,106) (S 155,108,283) (S 162,108,118) (S 160,118,267) (S 144,267,264) (S 142,264,265) (S 661,752,357) (S 242,247,407) (D 0,0,0)
 0 1 38 167615 8790  12 (D 0,0,0) (S 189,339,340) (S 634,332,330) (S 615,730,731) (S 625,731,739) (S 586,713,286) (S 153,285,284) (S 268,280,447) (S 156,280,291) (S 158,291,293) (S 717,289,779) (D 0,0,0)
 0 1 39 167839 8027  22 (D 0,0,0) (S 31,55,60) (S 641,745,60) (S 25,60,61) (S 30,61,59) (S 19,48,44) (S 18,43,44) (S 584,57,712) (S 588,322,716) (S 599,716,721) (S 593,721,704) (S 573,704,699) (S 570,699,698) (S 600,698,723) (S 608,723,326) (S 609,326,727) (S 607,727,724) (S 604,724,124) (S 65,126,127) (S 566,127,318) (S 291,135,482) (D 0,0,0)
 0 1 40 167824 9912  12 (D 0,0,0) (S 730,783,421) (S 149,273,270) (S 252,271,423) (S 759,423,300) (S 758,806,805) (S 756,805,804) (S 733,788,786) (S 757,805,273) (S 171,272,307) (S 169,307,306) (D 0,0,0)
 0 1 41 167690 8962  17 (D 0,0,0) (S 354,554,459) (S 352,459,505) (S 184,329,330) (S 633,330,729) (S 631,732,504) (S 311,504,503) (S 648,528,747) (S 719,747,778) (S 718,778,292) (S 632,291,504) (S 713,502,778) (S 716,778,779) (S 715,779,777) (S 49,101,103) (S 197,180,182) (D 0,0,0)
 0 1 42 166349 9242  15 (D 0,0,0) (S 778,287,456) (S 780,456,69) (S 779,69,811) (S 777,810,811) (S 250,308,421) (S 729,421,307) (S 223,306,308) (S 93,173,80) (S 40,80,81) (S 90,80,172) (S 89,172,37) (S 15,37,36) (S 705,36,381) (D 0,0,0)
 0 1 43 164172 9503  11 (D 0,0,0) (S 92,173,170) (S 87,170,171) (S 393,169,587) (S 394,588,164) (S 263,163,442) (S 770,442,274) (S 163,277,297) (S 275,453,452) (S 274,452,302) (D 0,0,0)
 0 1 44 167841 8642  11 (D 0,0,0) (S 315,303,454) (S 776,508,445) (S 267,445,446) (S 775,445,293) (S 328,293,527) (S 330,527,502) (S 310,502,503) (S 329,528,529) (S 647,529,97) (D 0,0,0)
 0 1 45 167502 7929  11 (D 0,0,0) (S 33,71,72) (S 34,73,72) (S 36,72,74) (S 35,74,75) (S 273,75,451) (S 271,451,449) (S 711,295,777) (S 714,777,101) (S 48,101,102) (D 0,0,0)
 0 1 46 167947 10032  14 (D 0,0,0) (S 168,303,302) (S 167,171,82) (S 165,82,297) (S 164,297,298) (S 166,277,301) (S 767,301,809) (S 766,809,424) (S 769,424,440) (S 84,165,167) (S 253,167,424) (S 771,809,274) (S 265,443,170) (D 0,0,0)
 0 1 47 166741 8674  19 (D 0,0,0) (S 287,476,477) (S 349,478,255) (S 347,257,548) (S 556,550,556) (S 359,556,521) (S 176,318,317) (S 554,554,127) (S 62,123,124) (S 331,530,124) (S 327,525,526) (S 334,534,537) (S 555,534,260) (S 139,260,30) (S 140,261,30) (S 12,30,31) (S 13,31,32) (S 366,561,263) (D 0,0,0)
 0 1 48 167972 8877  20 (D 0,0,0) (S 567,564,318) (S 553,127,691) (S 552,691,536) (S 597,535,719) (S 601,324,719) (S 595,720,721) (S 598,717,722) (S 596,722,568) (S 612,722,706) (S 578,706,570) (S 375,570,568) (S 371,568,319) (S 177,319,320) (S 178,319,321) (S 282,460,321) (S 179,321,322) (S 181,322,324) (S 180,324,323) (D 0,0,0)
 0 1 49 167827 7392  14 (D 0,0,0) (S 353,522,551) (S 350,551,552) (S 358,551,317) (S 355,317,554) (S 365,556,323) (S 336,323,538) (S 335,538,61) (S 24,59,48) (S 635,59,332) (S 185,332,331) (S 332,340,533) (S 640,533,745) (D 0,0,0)
 0 1 50 167949 8970  11 (D 0,0,0) (S 23,57,58) (S 27,58,52) (S 21,52,47) (S 317,47,510) (S 372,510,566) (S 619,734,735) (S 613,728,511) (S 616,728,707) (S 579,707,708) (D 0,0,0)
 0 1 51 167762 7594  16 (D 0,0,0) (S 397,345,113) (S 396,589,364) (S 209,366,365) (S 43,90,91) (S 77,145,159) (S 221,159,381) (S 702,381,382) (S 222,382,383) (S 704,382,378) (S 706,379,109) (S 667,147,757) (S 492,653,138) (S 68,138,134) (S 290,134,484) (D 0,0,0)
 0 1 52 166075 6833  13 (D 0,0,0) (S 193,46,344) (S 191,51,342) (S 186,333,334) (S 343,333,547) (S 653,547,343) (S 192,343,54) (S 29,63,62) (S 568,53,697) (S 569,697,696) (S 323,119,88) (S 322,87,474) (D 0,0,0)
 0 1 53 166999 9894  16 (D 0,0,0) (S 198,348,283) (S 266,444,270) (S 150,277,274) (S 146,274,275) (S 261,275,440) (S 768,440,165) (S 82,165,166) (S 147,275,166) (S 83,166,163) (S 81,163,164) (S 85,164,168) (S 86,168,169) (S 91,169,171) (S 774,171,455) (D 0,0,0)
 0 1 54 167788 6868  12 (D 0,0,0) (S 664,94,755) (S 665,755,353) (S 701,756,112) (S 700,112,204) (S 699,204,773) (S 696,773,377) (S 697,396,377) (S 218,377,110) (S 55,110,111) (S 226,111,94) (D 0,0,0)
 0 1 55 167679 8341  14 (D 0,0,0) (S 342,546,333) (S 340,542,543) (S 341,541,544) (S 190,341,294) (S 159,295,289) (S 272,450,449) (S 269,449,448) (S 270,448,76) (S 37,76,70) (S 32,70,69) (S 38,69,77) (S 339,287,506) (D 0,0,0)
 0 1 56 167944 9701  13 (D 0,0,0) (S 603,324,718) (S 590,712,569) (S 374,569,52) (S 17,41,42) (S 22,42,56) (S 280,458,42) (S 373,52,327) (S 183,327,328) (S 623,733,736) (S 621,736,58) (S 28,57,44) (D 0,0,0)
 0 1 57 166488 9162  14 (D 0,0,0) (S 427,199,617) (S 196,347,348) (S 161,282,287) (S 278,288,77) (S 277,77,456) (S 276,304,455) (S 41,82,83) (S 148,277,276) (S 264,276,443) (S 772,443,444) (S 773,444,306) (S 170,308,173) (D 0,0,0)
 0 1 58 167754 9390  27 (D 0,0,0) (S 368,553,564) (S 370,564,565) (S 557,691,260) (S 182,325,326) (S 610,723,725) (S 606,725,726) (S 605,725,714) (S 587,714,715) (S 611,715,706) (S 576,706,705) (S 581,709,710) (S 580,709,705) (S 582,711,705) (S 577,705,700) (S 571,700,701) (S 575,700,702) (S 572,702,703) (S 594,699,720) (S 592,720,719) (S 602,719,698) (S 574,698,530) (S 61,122,123) (S 63,125,123) (S 64,123,126) (S 281,126,459) (D 0,0,0)
 0 1 59 167549 9359  14 (D 0,0,0) (S 620,736,737) (S 622,737,738) (S 618,735,728) (S 585,707,713) (S 650,713,739) (S 651,743,739) (S 624,739,285) (S 154,286,174) (S 157,284,281) (S 630,281,743) (S 628,743,730) (S 627,742,48) (D 0,0,0)
 0 1 60 166804 8604  14 (D 0,0,0) (S 369,555,562) (S 550,565,691) (S 333,530,535) (S 591,538,718) (S 589,718,712) (S 583,57,708) (S 626,740,741) (S 629,730,742) (S 617,730,732) (S 614,729,500) (S 638,532,338) (S 642,744,339) (D 0,0,0)
