443543
61
1810752
1800900
 0 1 1 163595 7316  13 (D 0,0,0) (S 544,679,64) (S 636,547,336) (S 642,744,339) (S 189,339,340) (S 332,340,533) (S 640,533,745) (S 641,745,60) (S 31,60,55) (S 568,53,697) (S 569,697,696) (S 323,119,88) (D 0,0,0)
 0 1 2 161527 5121  17 (D 0,0,0) (S 499,657,414) (S 486,228,133) (S 485,131,645) (S 487,645,494) (S 304,493,232) (S 123,232,233) (S 302,232,492) (S 491,492,652) (S 490,650,651) (S 541,652,517) (S 321,497,516) (S 288,479,135) (S 291,135,482) (S 512,482,660) (S 511,660,658) (D 0,0,0)
 0 1 3 166514 6798  13 (D 0,0,0) (S 131,247,50) (S 652,749,750) (S 343,547,333) (S 186,333,334) (S 337,55,539) (S 338,540,539) (S 348,539,549) (S 60,121,120) (S 542,120,258) (S 137,258,257) (S 349,255,478) (D 0,0,0)
 0 1 4 167221 4298  16 (D 0,0,0) (S 8,23,21) (S 7,21,22) (S 391,24,585) (S 401,585,592) (S 399,592,586) (S 403,187,191) (S 103,191,192) (S 400,593,594) (S 409,594,190) (S 102,190,140) (S 70,140,139) (S 360,139,557) (S 362,557,559) (S 381,573,23) (D 0,0,0)
 0 1 5 159903 5410  17 (D 0,0,0) (S 293,200,485) (S 322,474,87) (S 135,253,254) (S 540,253,128) (S 66,128,130) (S 300,130,251) (S 134,252,129) (S 299,130,490) (S 298,490,86) (S 539,490,643) (S 493,138,654) (S 513,654,236) (S 125,236,234) (S 124,234,235) (S 497,235,485) (D 0,0,0)
 0 1 6 163428 7991  24 (D 0,0,0) (S 294,485,484) (S 290,484,134) (S 289,134,483) (S 359,521,556) (S 554,554,127) (S 64,126,123) (S 63,125,123) (S 62,123,124) (S 604,124,724) (S 607,724,727) (S 609,727,326) (S 182,326,325) (S 327,525,526) (S 334,534,537) (S 555,534,260) (S 557,260,691) (S 567,318,564) (S 370,564,565) (S 563,314,312) (S 173,312,311) (S 356,311,263) (S 562,561,262) (D 0,0,0)
 0 1 7 167566 5948  12 (D 0,0,0) (S 68,134,138) (S 492,138,653) (S 239,237,402) (S 20,49,50) (S 543,679,680) (S 26,62,53) (S 191,51,342) (S 193,46,344) (S 301,45,491) (S 469,491,407) (D 0,0,0)
 0 1 8 158272 7598  25 (D 0,0,0) (S 378,576,575) (S 420,198,608) (S 437,624,623) (S 502,659,137) (S 504,137,661) (S 510,661,662) (S 507,662,663) (S 505,663,406) (S 247,226,418) (S 172,309,310) (S 326,519,520) (S 174,313,314) (S 564,314,562) (S 550,565,691) (S 139,260,30) (S 140,261,30) (S 12,30,31) (S 13,31,32) (S 558,682,693) (S 561,695,561) (S 366,561,263) (S 141,263,262) (S 559,262,518) (D 0,0,0)
 0 1 9 157872 7956  20 (D 0,0,0) (S 351,520,313) (S 357,313,311) (S 565,312,695) (S 560,695,693) (S 551,685,692) (S 547,685,35) (S 14,33,34) (S 548,686,687) (S 549,688,690) (S 545,683,259) (S 138,259,32) (S 546,684,563) (S 367,563,562) (S 369,562,555) (S 324,519,309) (S 69,135,136) (S 503,136,659) (S 501,659,660) (D 0,0,0)
 0 1 10 135102 1840  8 (D 0,0,0) (S 379,575,195) (S 441,577,609) (S 442,609,620) (S 434,620,213) (S 436,213,622) (S 452,622,607) (D 0,0,0)
 0 1 11 159100 5691  21 (D 0,0,0) (S 428,617,613) (S 129,243,244) (S 515,243,667) (S 528,667,672) (S 527,672,671) (S 534,671,675) (S 533,676,675) (S 532,675,673) (S 530,674,673) (S 529,673,672) (S 531,673,669) (S 516,668,669) (S 518,669,667) (S 520,243,666) (S 514,666,612) (S 519,612,654) (S 517,236,484) (S 498,480,656) (S 108,202,201) (D 0,0,0)
 0 1 12 166356 5980  23 (D 0,0,0) (S 364,558,524) (S 389,523,141) (S 71,141,142) (S 410,142,190) (S 101,190,189) (S 390,141,189) (S 388,189,581) (S 383,581,578) (S 382,578,579) (S 412,599,176) (S 94,175,176) (S 413,176,580) (S 414,597,600) (S 411,597,598) (S 99,185,186) (S 408,186,594) (S 404,594,191) (S 100,187,188) (S 402,187,586) (S 392,586,24) (S 9,24,21) (D 0,0,0)
 0 1 13 167553 8718  15 (D 0,0,0) (S 631,732,504) (S 311,503,504) (S 632,504,291) (S 268,280,447) (S 717,289,779) (S 715,779,777) (S 49,101,103) (S 161,287,282) (S 195,347,180) (S 197,180,182) (S 96,182,183) (S 243,407,402) (S 292,200,28) (D 0,0,0)
 0 1 14 46970 1004  8 (D 0,0,0) (S 285,464,465) (S 284,463,464) (S 286,466,467) (S 283,461,462) (S 417,603,604) (S 418,605,603) (D 0,0,0)
 0 1 15 164180 2497  10 (D 0,0,0) (S 105,196,194) (S 104,194,193) (S 415,193,601) (S 416,193,574) (S 106,197,198) (S 419,198,607) (S 421,607,606) (S 422,606,610) (D 0,0,0)
 0 1 16 131739 5095  19 (D 0,0,0) (S 460,632,631) (S 457,631,221) (S 458,221,217) (S 465,218,2) (S 1,3,4) (S 468,4,635) (S 466,635,636) (S 467,637,638) (S 472,638,639) (S 473,638,642) (S 471,641,640) (S 470,640,496) (S 306,496,4) (S 305,4,495) (S 308,495,498) (S 463,498,315) (S 175,315,316) (D 0,0,0)
 0 1 17 166083 4127  16 (D 0,0,0) (S 445,208,419) (S 462,632,220) (S 117,220,221) (S 459,631,216) (S 461,216,633) (S 115,216,217) (S 116,217,218) (S 464,2,634) (S 475,634,222) (S 476,222,416) (S 440,417,457) (S 279,457,209) (S 451,628,214) (S 439,625,626) (D 0,0,0)
 0 1 18 167758 3457  13 (D 0,0,0) (S 447,626,215) (S 446,215,208) (S 112,208,210) (S 248,419,403) (S 240,403,401) (S 238,401,398) (S 235,398,206) (S 236,205,399) (S 237,399,400) (S 241,400,404) (S 111,207,208) (D 0,0,0)
 0 1 19 156788 4956  20 (D 0,0,0) (S 114,215,214) (S 454,214,630) (S 450,629,630) (S 455,630,625) (S 438,625,212) (S 113,212,211) (S 449,211,627) (S 443,627,457) (S 479,646,232) (S 296,132,488) (S 307,488,38) (S 120,38,228) (S 484,228,414) (S 118,222,223) (S 246,223,415) (S 456,415,209) (S 453,209,628) (S 448,628,211) (D 0,0,0)
 0 1 20 167867 4729  15 (D 0,0,0) (S 474,634,489) (S 297,489,487) (S 295,486,38) (S 16,39,40) (S 488,40,5) (S 489,5,10) (S 2,10,9) (S 11,6,29) (S 320,515,7) (S 122,231,230) (S 121,230,229) (S 303,229,132) (S 67,132,131) (D 0,0,0)
 0 1 21 166589 4600  12 (D 0,0,0) (S 244,411,410) (S 482,405,647) (S 119,227,226) (S 509,483,653) (S 494,653,412) (S 132,248,249) (S 318,248,512) (S 133,248,250) (S 424,409,614) (S 429,615,612) (D 0,0,0)
 0 1 22 164543 4000  14 (D 0,0,0) (S 500,658,657) (S 506,657,664) (S 508,663,479) (S 6,18,19) (S 483,516,224) (S 480,648,649) (S 481,648,647) (S 477,647,646) (S 478,646,413) (S 245,413,414) (S 444,627,621) (S 435,621,212) (D 0,0,0)
 0 1 23 167839 6595  16 (D 0,0,0) (S 130,246,245) (S 205,357,358) (S 661,357,752) (S 672,753,356) (S 204,356,355) (S 673,355,761) (S 674,355,751) (S 655,751,752) (S 656,752,183) (S 98,183,184) (S 201,350,184) (S 143,184,266) (S 525,408,238) (S 128,241,242) (D 0,0,0)
 0 1 24 163627 7423  12 (D 0,0,0) (S 59,117,118) (S 162,118,108) (S 52,106,107) (S 54,107,109) (S 708,775,146) (S 73,146,147) (S 667,147,757) (S 666,757,354) (S 203,353,352) (S 202,352,351) (D 0,0,0)
 0 1 25 160939 7261  15 (D 0,0,0) (S 405,595,94) (S 44,93,94) (S 56,110,112) (S 699,204,773) (S 698,773,158) (S 76,158,143) (S 72,143,144) (S 109,162,203) (S 211,203,369) (S 110,203,204) (S 700,204,112) (S 701,112,756) (S 663,756,755) (D 0,0,0)
 0 1 26 167947 8058  13 (D 0,0,0) (S 313,347,506) (S 345,506,544) (S 649,746,748) (S 719,747,778) (S 718,778,292) (S 269,449,448) (S 270,448,76) (S 37,76,70) (S 32,70,69) (S 780,69,456) (S 778,456,287) (D 0,0,0)
 0 1 27 166079 7959  16 (D 0,0,0) (S 190,341,294) (S 34,73,72) (S 33,72,71) (S 711,295,777) (S 714,777,101) (S 48,101,102) (S 341,544,541) (S 340,542,543) (S 344,545,547) (S 653,547,343) (S 654,343,750) (S 522,670,615) (S 496,617,655) (S 495,655,235) (D 0,0,0)
 0 1 28 166336 6259  12 (D 0,0,0) (S 658,49,514) (S 657,514,357) (S 659,751,753) (S 671,178,760) (S 668,351,758) (S 669,758,759) (S 670,758,754) (S 662,754,353) (S 665,353,755) (S 664,755,94) (D 0,0,0)
 0 1 29 166921 8311  13 (D 0,0,0) (S 144,264,267) (S 703,267,774) (S 706,109,379) (S 222,382,383) (S 88,36,145) (S 249,160,420) (S 722,420,781) (S 725,781,441) (S 726,441,279) (S 151,279,161) (S 213,151,371) (D 0,0,0)
 0 1 30 166225 8080  11 (D 0,0,0) (S 233,363,374) (S 216,374,159) (S 77,159,145) (S 43,91,90) (S 314,92,507) (S 209,365,366) (S 396,364,589) (S 57,113,114) (S 432,115,591) (D 0,0,0)
 0 1 31 165752 7598  11 (D 0,0,0) (S 160,267,118) (S 53,108,104) (S 50,104,105) (S 51,104,106) (S 710,106,776) (S 220,379,380) (S 219,378,144) (S 80,162,146) (S 660,147,349) (D 0,0,0)
 0 1 32 167294 7310  14 (D 0,0,0) (S 406,572,595) (S 679,595,763) (S 680,763,359) (S 681,764,359) (S 206,359,360) (S 678,360,762) (S 207,361,362) (S 697,396,377) (S 218,377,110) (S 55,110,111) (S 226,111,94) (S 10,25,26) (D 0,0,0)
 0 1 33 166835 6209  15 (D 0,0,0) (S 363,560,559) (S 376,523,572) (S 398,572,591) (S 395,591,590) (S 397,113,345) (S 194,345,346) (S 58,114,115) (S 433,115,619) (S 431,619,15) (S 4,14,15) (S 430,619,618) (S 5,16,17) (S 407,596,572) (D 0,0,0)
 0 1 34 166364 8643  14 (D 0,0,0) (S 200,349,181) (S 142,265,264) (S 199,264,116) (S 277,77,456) (S 315,303,454) (S 275,453,452) (S 274,452,302) (S 779,69,811) (S 777,810,811) (S 38,69,77) (S 278,77,288) (S 339,287,506) (D 0,0,0)
 0 1 35 167672 8240  13 (D 0,0,0) (S 707,775,109) (S 705,381,36) (S 15,36,37) (S 316,37,509) (S 724,37,420) (S 723,781,782) (S 262,441,152) (S 78,152,160) (S 215,160,373) (S 676,397,762) (S 675,762,589) (D 0,0,0)
 0 1 36 164009 7635  11 (D 0,0,0) (S 155,108,283) (S 36,72,74) (S 35,74,75) (S 273,75,451) (S 271,451,449) (S 272,449,450) (S 159,289,295) (S 198,283,348) (S 196,348,347) (D 0,0,0)
 0 1 37 167063 7538  13 (D 0,0,0) (S 97,179,177) (S 95,177,181) (S 721,774,780) (S 720,774,776) (S 709,776,775) (S 704,378,382) (S 702,382,381) (S 221,381,159) (S 79,159,158) (S 696,773,377) (S 677,360,763) (D 0,0,0)
 0 1 38 167157 7728  13 (D 0,0,0) (S 234,111,397) (S 692,395,770) (S 684,470,766) (S 690,368,770) (S 691,770,767) (S 688,768,769) (S 686,768,767) (S 687,767,373) (S 232,92,365) (S 208,363,364) (S 361,558,27) (D 0,0,0)
 0 1 39 165897 9785  14 (D 0,0,0) (S 231,372,367) (S 145,268,269) (S 757,273,805) (S 252,423,271) (S 150,277,274) (S 770,274,442) (S 263,442,163) (S 81,163,164) (S 85,164,168) (S 86,168,169) (S 91,169,171) (S 776,508,445) (D 0,0,0)
 0 1 40 167630 9846  13 (D 0,0,0) (S 393,169,587) (S 394,588,164) (S 83,163,166) (S 261,275,440) (S 766,424,809) (S 767,809,301) (S 166,301,277) (S 265,443,170) (S 87,170,171) (S 276,455,304) (S 168,302,303) (D 0,0,0)
 0 1 41 167778 10953  15 (D 0,0,0) (S 92,173,170) (S 772,443,444) (S 149,270,273) (S 756,805,804) (S 737,796,437) (S 259,437,438) (S 738,797,12) (S 260,12,439) (S 3,12,13) (S 760,797,375) (S 217,375,296) (S 759,300,423) (S 758,806,805) (D 0,0,0)
 0 1 42 167450 10285  12 (D 0,0,0) (S 266,444,270) (S 771,274,809) (S 769,424,440) (S 768,440,165) (S 84,165,167) (S 253,167,424) (S 82,165,166) (S 147,166,275) (S 146,275,274) (S 774,171,455) (D 0,0,0)
 0 1 43 166573 9356  11 (D 0,0,0) (S 250,308,421) (S 727,783,278) (S 152,279,278) (S 747,268,801) (S 745,801,800) (S 749,800,803) (S 746,803,802) (S 761,802,807) (S 762,807,149) (D 0,0,0)
 0 1 44 167487 9583  14 (D 0,0,0) (S 763,150,808) (S 765,808,427) (S 764,427,799) (S 742,799,429) (S 256,429,430) (S 743,429,798) (S 748,798,433) (S 754,803,788) (S 733,788,786) (S 750,786,800) (S 751,800,157) (S 225,384,78) (D 0,0,0)
 0 1 45 167552 10346  14 (D 0,0,0) (S 228,394,390) (S 695,771,772) (S 693,771,155) (S 736,795,790) (S 735,793,794) (S 755,425,796) (S 258,435,436) (S 731,784,785) (S 739,785,431) (S 257,431,432) (S 744,433,795) (S 254,427,65) (D 0,0,0)
 0 1 46 165982 9461  11 (D 0,0,0) (S 683,389,79) (S 39,79,78) (S 75,157,149) (S 45,95,96) (S 255,67,428) (S 740,428,799) (S 741,428,68) (S 74,66,148) (S 694,771,392) (D 0,0,0)
 0 1 47 166416 9001  12 (D 0,0,0) (S 753,156,801) (S 752,801,787) (S 732,786,787) (S 734,787,272) (S 171,272,307) (S 169,306,307) (S 729,307,421) (S 730,421,783) (S 728,783,172) (S 89,172,37) (D 0,0,0)
 0 1 48 167180 9519  15 (D 0,0,0) (S 90,172,80) (S 40,80,81) (S 93,80,173) (S 170,173,308) (S 223,308,306) (S 773,306,444) (S 264,443,276) (S 148,276,277) (S 163,277,297) (S 164,297,298) (S 165,297,82) (S 41,82,83) (S 167,82,171) (D 0,0,0)
 0 1 49 167744 8779  14 (D 0,0,0) (S 230,396,363) (S 229,373,395) (S 214,372,152) (S 251,153,422) (S 212,154,370) (S 224,387,388) (S 227,393,387) (S 312,468,469) (S 685,766,765) (S 682,765,79) (S 689,765,368) (S 210,368,367) (D 0,0,0)
 0 1 50 167620 5166  21 (D 0,0,0) (S 107,200,199) (S 423,611,612) (S 425,615,614) (S 524,614,670) (S 523,670,241) (S 521,241,239) (S 127,239,240) (S 526,239,238) (S 126,238,237) (S 242,407,247) (S 386,49,582) (S 384,582,245) (S 385,245,584) (S 536,584,246) (S 535,246,677) (S 538,677,678) (S 537,677,611) (S 427,617,199) (S 426,199,616) (D 0,0,0)
 0 1 51 165205 7502  17 (D 0,0,0) (S 368,553,564) (S 65,127,126) (S 61,122,123) (S 331,124,530) (S 333,530,535) (S 601,719,324) (S 603,324,718) (S 591,718,538) (S 336,538,323) (S 365,323,556) (S 556,556,550) (S 347,548,257) (S 346,257,255) (S 136,255,256) (S 325,256,476) (D 0,0,0)
 0 1 52 166891 8861  29 (D 0,0,0) (S 176,317,318) (S 566,318,127) (S 553,127,691) (S 552,691,536) (S 574,530,698) (S 600,698,723) (S 610,723,725) (S 606,725,726) (S 605,725,714) (S 581,709,710) (S 580,709,705) (S 577,705,700) (S 571,700,701) (S 575,700,702) (S 572,702,703) (S 573,704,699) (S 570,699,698) (S 602,698,719) (S 592,719,720) (S 595,720,721) (S 599,721,716) (S 593,721,704) (S 594,699,720) (S 597,719,535) (S 352,505,459) (S 358,317,551) (S 287,477,476) (D 0,0,0)
 0 1 53 166352 9211  23 (D 0,0,0) (S 180,323,324) (S 181,324,322) (S 179,322,321) (S 282,460,321) (S 178,321,319) (S 177,319,320) (S 371,319,568) (S 598,722,717) (S 582,711,705) (S 576,705,706) (S 578,706,570) (S 375,570,568) (S 596,568,722) (S 612,722,706) (S 611,706,715) (S 587,715,714) (S 608,723,326) (S 281,126,459) (S 355,554,317) (S 350,551,552) (S 353,551,522) (D 0,0,0)
 0 1 54 167859 8403  10 (D 0,0,0) (S 335,538,61) (S 18,43,44) (S 28,44,57) (S 584,57,712) (S 590,712,569) (S 374,569,52) (S 27,52,58) (S 23,58,57) (D 0,0,0)
 0 1 55 167730 8968  15 (D 0,0,0) (S 621,58,736) (S 622,737,738) (S 620,737,736) (S 623,736,733) (S 619,734,735) (S 618,735,728) (S 613,728,511) (S 616,728,707) (S 626,740,741) (S 617,730,732) (S 184,330,329) (S 638,532,338) (S 637,744,336) (D 0,0,0)
 0 1 56 167486 8634  11 (D 0,0,0) (S 25,60,61) (S 635,59,332) (S 615,730,731) (S 625,731,739) (S 650,739,713) (S 585,713,707) (S 579,707,708) (S 583,708,57) (S 589,712,718) (D 0,0,0)
 0 1 57 167344 9925  15 (D 0,0,0) (S 30,61,59) (S 24,59,48) (S 19,48,44) (S 21,52,47) (S 280,458,42) (S 22,42,56) (S 17,42,41) (S 317,47,510) (S 372,510,566) (S 183,327,328) (S 373,327,52) (S 588,322,716) (S 354,459,554) (D 0,0,0)
 0 1 58 166044 8819  14 (D 0,0,0) (S 342,546,333) (S 42,85,84) (S 712,97,746) (S 716,779,778) (S 713,778,502) (S 775,293,445) (S 267,445,446) (S 328,293,527) (S 330,527,502) (S 310,502,503) (S 648,528,747) (S 645,746,102) (D 0,0,0)
 0 1 59 166923 8904  14 (D 0,0,0) (S 643,545,335) (S 187,335,336) (S 47,84,99) (S 46,98,99) (S 647,97,529) (S 309,499,501) (S 329,529,528) (S 646,100,341) (S 319,513,514) (S 387,584,583) (S 380,523,557) (S 377,560,573) (D 0,0,0)
 0 1 60 167069 7390  11 (D 0,0,0) (S 639,546,745) (S 185,331,332) (S 634,332,330) (S 633,330,729) (S 614,729,500) (S 644,531,337) (S 188,337,338) (S 192,343,54) (S 29,63,62) (D 0,0,0)
 0 1 61 167478 8869  14 (D 0,0,0) (S 627,48,742) (S 629,742,730) (S 628,730,743) (S 624,739,285) (S 154,286,174) (S 586,286,713) (S 651,739,743) (S 630,743,281) (S 153,284,285) (S 157,284,281) (S 156,280,291) (S 158,291,293) (D 0,0,0)
