76115
7
2021881
949833
 0 1 1 9945 11645  44 (D 0,1,1) (S 17,69,70) (S 160,70,80) (S 21,80,94) (S 208,94,95) (S 210,95,96) (S 212,96,109) (S 266,123,124) (S 267,124,110) (S 235,111,110) (S 237,111,125) (S 270,126,127) (S 271,127,113) (S 240,113,100) (S 218,100,86) (S 193,86,76) (S 172,76,75) (S 171,76,49) (S 86,30,11) (S 48,11,30) (S 9,30,29) (S 85,29,48) (S 119,48,74) (S 169,74,83) (S 19,83,72) (S 163,72,48) (S 118,48,72) (S 162,72,47) (S 83,28,29) (S 84,29,28) (S 3,28,9) (S 2,9,27) (S 80,27,28) (S 82,28,27) (S 81,27,46) (S 12,46,45) (S 115,45,44) (S 113,44,45) (S 13,45,58) (S 139,59,46) (S 116,46,59) (S 140,59,58) (S 138,58,69) (D 0,1,1)
 0 1 2 9840 11589  50 (D 0,1,1) (S 179,79,80) (S 182,80,81) (S 184,81,82) (S 164,72,73) (S 20,73,74) (S 168,74,48) (S 117,48,47) (S 167,73,83) (S 188,83,97) (S 215,98,99) (S 28,99,100) (S 219,100,113) (S 241,113,112) (S 238,112,111) (S 236,111,112) (S 239,112,113) (S 242,113,127) (S 33,127,135) (S 284,135,134) (S 281,134,125) (S 269,125,134) (S 282,134,135) (S 285,135,146) (S 304,146,145) (S 301,145,134) (S 283,134,145) (S 299,144,143) (S 297,142,132) (S 278,132,133) (S 280,133,132) (S 279,132,142) (S 298,143,144) (S 300,144,145) (S 302,145,146) (S 303,146,135) (S 31,126,112) (S 191,85,84) (S 190,85,75) (S 170,74,84) (S 189,84,98) (S 214,98,97) (S 27,97,110) (S 234,110,124) (S 268,124,123) (S 265,122,123) (S 264,122,121) (S 259,120,107) (S 230,107,93) (D 0,1,1)
 0 1 3 9920 11960  57 (D 0,1,1) (S 203,91,90) (S 201,90,89) (S 23,89,88) (S 197,88,102) (S 221,102,101) (S 223,102,115) (S 246,115,116) (S 247,116,103) (S 224,103,89) (S 199,89,103) (S 225,103,116) (S 245,115,114) (S 243,114,101) (S 220,101,87) (S 195,87,60) (S 143,60,87) (S 196,87,88) (S 176,77,88) (S 175,77,78) (S 178,78,77) (S 174,77,62) (S 146,62,63) (S 147,63,39) (S 109,40,33) (S 93,33,23) (S 70,23,14) (S 39,4,14) (S 53,14,23) (S 8,23,24) (S 5,24,15) (S 55,15,14) (S 52,14,15) (S 54,15,5) (S 42,5,15) (S 40,5,4) (S 37,3,22) (S 67,22,21) (S 6,20,19) (S 63,19,12) (S 49,12,68) (S 34,2,68) (S 35,2,13) (S 50,12,13) (S 51,13,21) (S 65,21,22) (S 66,22,3) (S 36,3,4) (S 38,4,5) (S 41,5,6) (S 43,6,16) (S 56,16,17) (S 60,17,26) (S 77,26,35) (S 100,35,44) (S 114,44,57) (D 0,1,1)
 0 1 4 9508 11156  46 (D 0,1,1) (S 155,66,65) (S 152,65,54) (S 129,54,55) (S 154,66,55) (S 130,55,42) (S 112,42,55) (S 131,55,54) (S 128,54,53) (S 127,53,40) (S 111,41,42) (S 10,34,35) (S 76,26,27) (S 78,27,18) (S 62,18,27) (S 79,27,26) (S 59,17,16) (S 57,16,25) (S 73,25,24) (S 74,25,34) (S 96,34,25) (S 72,25,16) (S 1,6,7) (S 45,7,17) (S 58,17,7) (S 44,7,8) (S 61,18,8) (S 46,8,9) (S 47,9,10) (S 4,10,30) (S 87,30,49) (S 173,76,86) (S 194,86,85) (S 192,85,99) (S 217,99,112) (S 216,99,98) (S 213,98,83) (S 187,83,73) (S 166,73,72) (S 165,72,82) (S 22,82,96) (S 211,96,95) (S 209,95,81) (S 183,81,80) (S 181,80,79) (D 0,1,1)
 0 1 5 7435 8692  37 (D 0,1,1) (S 158,1,69) (S 159,69,58) (S 141,59,70) (S 18,70,71) (S 161,71,81) (S 186,82,81) (S 185,81,95) (S 26,94,108) (S 233,108,107) (S 232,107,120) (S 32,120,121) (S 261,121,122) (S 263,122,95) (S 30,108,121) (S 262,121,131) (S 277,131,141) (S 296,141,140) (S 293,140,130) (S 256,119,120) (S 260,120,119) (S 257,119,139) (S 292,139,138) (S 290,138,116) (S 248,116,115) (S 244,115,102) (S 222,102,103) (S 198,89,90) (S 202,90,91) (S 205,91,105) (S 229,105,104) (S 226,104,105) (S 228,105,91) (S 204,91,92) (S 206,92,79) (S 16,79,1) (D 0,1,1)
 0 1 6 9828 11360  48 (D 0,1,1) (S 134,57,44) (S 99,35,26) (S 75,26,25) (S 97,34,33) (S 95,33,40) (S 14,53,64) (S 151,64,78) (S 177,78,64) (S 150,64,65) (S 153,65,64) (S 149,64,63) (S 148,63,62) (S 145,62,52) (S 126,52,51) (S 124,51,61) (S 15,61,60) (S 142,60,50) (S 121,50,60) (S 144,61,51) (S 123,51,52) (S 122,51,50) (S 120,50,36) (S 101,36,37) (S 103,37,38) (S 104,38,31) (S 88,31,32) (S 90,32,22) (S 68,22,23) (S 71,23,33) (S 94,33,32) (S 91,32,31) (S 89,31,38) (S 107,38,52) (S 125,52,38) (S 106,38,39) (S 108,39,38) (S 105,38,37) (S 102,37,36) (S 7,36,19) (S 64,20,21) (S 69,22,32) (S 92,32,39) (S 110,40,39) (S 98,34,42) (S 11,43,56) (S 133,56,67) (D 0,1,1)
 0 1 7 8233 9713  36 (D 0,1,1) (S 180,79,92) (S 25,92,93) (S 207,93,107) (S 231,107,106) (S 29,105,118) (S 254,118,119) (S 258,119,130) (S 295,141,131) (S 276,131,130) (S 275,130,119) (S 255,119,106) (S 227,104,117) (S 250,117,118) (S 253,118,117) (S 251,117,138) (S 288,137,129) (S 274,129,128) (S 273,128,129) (S 272,128,114) (S 286,136,128) (S 287,136,137) (S 289,137,138) (S 291,138,117) (S 252,117,139) (S 294,140,139) (S 249,117,104) (S 24,104,90) (S 200,90,66) (S 156,66,67) (S 157,67,56) (S 132,56,57) (S 135,57,58) (S 137,58,57) (S 136,57,1) (D 0,1,1)
