246127
7
506393
248893
 0 1 1 5314 18210  13 (D 0,0,0) (S 3,26,27) (S 59,191,532) (S 70,532,585) (S 67,194,585) (S 69,585,590) (S 78,590,195) (S 14,195,196) (S 68,559,588) (S 84,589,196) (S 76,584,353) (S 96,621,733) (D 0,0,0)
 0 1 2 8529 32155  20 (D 0,0,0) (S 46,419,450) (S 105,776,581) (S 77,626,627) (S 99,629,634) (S 42,422,423) (S 79,562,93) (S 80,638,200) (S 12,145,146) (S 92,146,201) (S 15,200,199) (S 88,143,476) (S 27,280,281) (S 28,281,282) (S 50,477,92) (S 6,59,60) (S 56,515,516) (S 33,331,330) (S 32,325,324) (D 0,0,0)
 0 1 3 8958 52270  18 (D 0,0,0) (S 36,365,257) (S 37,367,293) (S 13,112,185) (S 116,808,111) (S 119,110,809) (S 110,812,182) (S 109,806,767) (S 4,48,49) (S 41,400,410) (S 52,398,498) (S 40,385,386) (S 43,428,392) (S 94,721,722) (S 103,239,780) (S 19,239,240) (S 2,14,15) (D 0,0,0)
 0 1 4 8919 38135  23 (D 0,0,0) (S 44,349,434) (S 104,55,794) (S 5,55,54) (S 71,592,591) (S 7,96,97) (S 75,472,571) (S 49,472,471) (S 89,20,485) (S 113,688,667) (S 45,441,440) (S 112,693,683) (S 48,467,468) (S 81,468,641) (S 63,556,469) (S 64,473,340) (S 35,340,18) (S 53,503,502) (S 47,460,461) (S 34,337,338) (S 60,534,445) (S 54,506,177) (D 0,0,0)
 0 1 5 8880 38306  21 (D 0,0,0) (S 22,249,250) (S 62,547,548) (S 73,596,538) (S 26,216,271) (S 72,277,570) (S 20,245,246) (S 51,274,486) (S 66,564,131) (S 65,569,131) (S 18,132,235) (S 17,232,233) (S 86,133,595) (S 11,134,135) (S 90,697,381) (S 39,382,383) (S 87,681,222) (S 16,222,223) (S 21,247,248) (S 118,577,608) (D 0,0,0)
 0 1 6 8998 49586  23 (D 0,0,0) (S 74,269,292) (S 8,115,118) (S 115,804,799) (S 106,799,118) (S 91,10,189) (S 101,32,765) (S 9,124,123) (S 108,186,805) (S 107,797,805) (S 121,805,113) (S 111,810,754) (S 98,754,541) (S 95,314,724) (S 10,126,127) (S 117,252,679) (S 120,680,842) (S 58,530,89) (S 29,154,290) (S 82,646,647) (S 102,773,774) (S 100,762,673) (D 0,0,0)
 0 1 7 5175 17465  17 (D 0,0,0) (S 85,677,653) (S 25,63,268) (S 24,268,267) (S 97,671,508) (S 1,7,8) (S 55,509,510) (S 83,670,261) (S 23,261,260) (S 38,263,86) (S 93,715,372) (S 61,535,445) (S 31,320,321) (S 30,320,319) (S 114,443,432) (S 57,522,521) (D 0,0,0)
