245596
7
519954
259078
 0 1 1 8967 52824  17 (D 0,0,0) (S 106,118,799) (S 115,799,804) (S 13,112,185) (S 116,808,111) (S 119,110,809) (S 110,812,182) (S 109,806,767) (S 4,48,49) (S 41,400,410) (S 52,398,498) (S 40,385,386) (S 43,428,392) (S 94,721,722) (S 19,239,240) (S 103,239,780) (D 0,0,0)
 0 1 2 8880 38306  21 (D 0,0,0) (S 22,249,250) (S 62,547,548) (S 73,596,538) (S 26,216,271) (S 72,277,570) (S 20,245,246) (S 51,274,486) (S 66,564,131) (S 65,569,131) (S 18,132,235) (S 17,232,233) (S 86,133,595) (S 11,134,135) (S 90,697,381) (S 39,382,383) (S 87,681,222) (S 16,222,223) (S 21,247,248) (S 118,577,608) (D 0,0,0)
 0 1 3 9000 48436  23 (D 0,0,0) (S 60,445,534) (S 102,773,774) (S 82,647,646) (S 29,290,154) (S 58,89,530) (S 120,842,680) (S 117,679,252) (S 10,127,126) (S 95,724,314) (S 98,541,754) (S 111,754,810) (S 121,113,805) (S 107,797,805) (S 108,805,186) (S 9,123,124) (S 101,765,32) (S 91,189,10) (S 8,118,115) (S 37,293,367) (S 74,269,292) (S 36,257,365) (D 0,0,0)
 0 1 4 4846 17044  17 (D 0,0,0) (S 85,677,653) (S 2,15,14) (S 54,506,177) (S 97,508,671) (S 24,267,268) (S 25,268,63) (S 1,8,7) (S 55,509,510) (S 83,670,261) (S 23,261,260) (S 38,263,86) (S 93,715,372) (S 61,445,535) (S 100,762,673) (S 57,522,521) (D 0,0,0)
 0 1 5 8861 33621  21 (D 0,0,0) (S 32,324,325) (S 33,330,331) (S 104,55,794) (S 5,55,54) (S 71,592,591) (S 79,562,93) (S 80,638,200) (S 15,200,199) (S 88,143,476) (S 27,280,281) (S 28,281,282) (S 50,477,92) (S 6,59,60) (S 42,422,423) (S 56,515,516) (S 99,634,629) (S 77,627,626) (S 105,581,776) (S 46,450,419) (D 0,0,0)
 0 1 6 8905 37155  23 (D 0,0,0) (S 114,432,443) (S 30,319,320) (S 31,320,321) (S 34,337,338) (S 47,461,460) (S 53,502,503) (S 89,20,485) (S 113,688,667) (S 45,441,440) (S 112,693,683) (S 48,467,468) (S 81,468,641) (S 63,556,469) (S 64,473,340) (S 35,340,18) (S 12,145,146) (S 92,146,201) (S 7,96,97) (S 49,471,472) (S 75,472,571) (S 44,434,349) (D 0,0,0)
 0 1 7 5314 18210  13 (D 0,0,0) (S 3,26,27) (S 96,733,621) (S 76,353,584) (S 68,559,588) (S 84,589,196) (S 14,196,195) (S 78,195,590) (S 69,590,585) (S 67,194,585) (S 70,585,532) (S 59,532,191) (D 0,0,0)
