245596
7
534468
280378
 0 1 1 8880 38306  21 (D 0,0,0) (S 118,608,577) (S 21,248,247) (S 16,223,222) (S 87,222,681) (S 39,383,382) (S 90,697,381) (S 11,134,135) (S 86,595,133) (S 17,232,233) (S 18,132,235) (S 65,569,131) (S 66,131,564) (S 51,486,274) (S 20,245,246) (S 72,570,277) (S 26,216,271) (S 73,538,596) (S 62,548,547) (S 22,249,250) (D 0,0,0)
 0 1 2 9000 48436  23 (D 0,0,0) (S 60,445,534) (S 102,773,774) (S 82,647,646) (S 29,290,154) (S 58,89,530) (S 120,842,680) (S 117,679,252) (S 10,127,126) (S 95,724,314) (S 98,541,754) (S 111,754,810) (S 121,113,805) (S 107,797,805) (S 108,805,186) (S 9,123,124) (S 101,765,32) (S 91,189,10) (S 8,118,115) (S 37,293,367) (S 74,269,292) (S 36,257,365) (D 0,0,0)
 0 1 3 8905 37155  23 (D 0,0,0) (S 44,349,434) (S 75,571,472) (S 49,472,471) (S 7,97,96) (S 92,201,146) (S 12,146,145) (S 35,18,340) (S 64,340,473) (S 63,469,556) (S 81,641,468) (S 48,468,467) (S 112,683,693) (S 45,440,441) (S 113,667,688) (S 89,485,20) (S 53,503,502) (S 47,460,461) (S 34,337,338) (S 31,321,320) (S 30,320,319) (S 114,443,432) (D 0,0,0)
 0 1 4 5314 18210  13 (D 0,0,0) (S 59,191,532) (S 70,532,585) (S 67,194,585) (S 69,585,590) (S 78,590,195) (S 14,195,196) (S 68,559,588) (S 84,589,196) (S 76,584,353) (S 96,621,733) (S 3,26,27) (D 0,0,0)
 0 1 5 8967 52824  17 (D 0,0,0) (S 106,118,799) (S 115,799,804) (S 13,112,185) (S 116,808,111) (S 119,110,809) (S 110,812,182) (S 109,806,767) (S 4,48,49) (S 41,400,410) (S 52,398,498) (S 40,385,386) (S 43,428,392) (S 94,721,722) (S 103,239,780) (S 19,239,240) (D 0,0,0)
 0 1 6 8861 33621  21 (D 0,0,0) (S 46,419,450) (S 105,776,581) (S 77,626,627) (S 99,629,634) (S 56,515,516) (S 42,422,423) (S 6,59,60) (S 50,92,477) (S 28,281,282) (S 27,281,280) (S 88,143,476) (S 15,199,200) (S 80,200,638) (S 79,562,93) (S 71,591,592) (S 5,54,55) (S 104,55,794) (S 33,331,330) (S 32,325,324) (D 0,0,0)
 0 1 7 4846 17044  17 (D 0,0,0) (S 57,521,522) (S 100,673,762) (S 61,445,535) (S 93,372,715) (S 38,86,263) (S 23,260,261) (S 83,670,261) (S 55,509,510) (S 1,7,8) (S 25,63,268) (S 24,268,267) (S 97,671,508) (S 54,177,506) (S 2,14,15) (S 85,653,677) (D 0,0,0)
