713665
106
2400610
2327343
 0 1 1 93911 2037  8 (D 0,0,0) (S 378,576,575) (S 422,606,610) (S 421,606,607) (S 419,607,198) (S 420,198,608) (S 106,198,197) (D 0,0,0)
 0 1 2 94344 1836  6 (D 0,0,0) (S 441,577,609) (S 434,620,213) (S 436,213,622) (S 452,622,607) (D 0,0,0)
 0 1 3 93627 2516  9 (D 0,0,0) (S 447,626,215) (S 446,215,208) (S 111,208,207) (S 279,209,457) (S 443,457,627) (S 444,627,621) (S 442,620,609) (D 0,0,0)
 0 1 4 91234 2901  9 (D 0,0,0) (S 439,626,625) (S 453,628,209) (S 456,209,415) (S 246,415,223) (S 118,223,222) (S 476,222,416) (S 440,417,457) (D 0,0,0)
 0 1 5 95711 4126  11 (D 0,0,0) (S 450,629,630) (S 454,630,214) (S 114,214,215) (S 460,632,631) (S 461,216,633) (S 115,216,217) (S 116,217,218) (S 465,218,2) (S 464,2,634) (D 0,0,0)
 0 1 6 95764 5082  16 (D 0,0,0) (S 458,221,217) (S 175,315,316) (S 463,315,498) (S 308,498,495) (S 305,495,4) (S 468,4,635) (S 466,635,636) (S 467,637,638) (S 472,638,639) (S 473,638,642) (S 471,641,640) (S 470,640,496) (S 306,496,4) (S 1,4,3) (D 0,0,0)
 0 1 7 88462 3117  7 (D 0,0,0) (S 462,632,220) (S 117,220,221) (S 457,221,631) (S 459,631,216) (S 240,401,403) (D 0,0,0)
 0 1 8 93317 3345  10 (D 0,0,0) (S 112,208,210) (S 241,400,404) (S 237,400,399) (S 236,399,205) (S 235,206,398) (S 238,398,401) (S 248,403,419) (S 445,419,208) (D 0,0,0)
 0 1 9 94530 5948  16 (D 0,0,0) (S 435,212,621) (S 511,658,660) (S 503,659,136) (S 69,136,135) (S 288,135,479) (S 321,516,497) (S 172,309,310) (S 324,309,519) (S 287,476,477) (S 359,521,556) (S 556,556,550) (S 347,548,257) (S 346,257,255) (S 136,255,256) (D 0,0,0)
 0 1 10 46970 1004  8 (D 0,0,0) (S 283,461,462) (S 284,463,464) (S 285,464,465) (S 286,466,467) (S 418,605,603) (S 417,603,604) (D 0,0,0)
 0 1 11 92996 2251  7 (D 0,0,0) (S 392,24,586) (S 399,586,592) (S 401,592,585) (S 391,585,24) (S 8,21,23) (D 0,0,0)
 0 1 12 95179 6229  9 (D 0,0,0) (S 226,94,111) (S 55,111,110) (S 56,110,112) (S 701,112,756) (S 663,756,755) (S 664,755,94) (S 44,93,94) (D 0,0,0)
 0 1 13 88402 3791  15 (D 0,0,0) (S 379,575,195) (S 292,28,200) (S 427,199,617) (S 514,612,666) (S 515,667,243) (S 129,243,244) (S 520,243,666) (S 519,612,654) (S 513,654,236) (S 517,236,484) (S 294,484,485) (S 498,480,656) (S 108,202,201) (D 0,0,0)
 0 1 14 95506 5304  13 (D 0,0,0) (S 71,142,141) (S 388,189,581) (S 411,597,598) (S 414,597,600) (S 413,580,176) (S 94,175,176) (S 412,599,176) (S 382,578,579) (S 383,578,581) (S 99,185,186) (S 408,186,594) (D 0,0,0)
 0 1 15 91712 5050  12 (D 0,0,0) (S 528,667,672) (S 527,672,671) (S 534,671,675) (S 533,676,675) (S 532,675,673) (S 530,674,673) (S 529,673,672) (S 531,673,669) (S 516,668,669) (S 518,669,667) (D 0,0,0)
 0 1 16 93227 6686  15 (D 0,0,0) (S 512,660,482) (S 291,482,135) (S 561,561,695) (S 565,695,312) (S 563,312,314) (S 174,314,313) (S 351,313,520) (S 369,555,562) (S 564,562,314) (S 367,562,563) (S 546,563,684) (S 562,561,262) (S 559,262,518) (D 0,0,0)
 0 1 17 83712 9062  8 (D 0,0,0) (S 38,77,69) (S 394,164,588) (S 393,587,169) (S 91,169,171) (S 774,171,455) (S 780,69,456) (D 0,0,0)
 0 1 18 89497 6670  10 (D 0,0,0) (S 141,262,263) (S 366,263,561) (S 549,688,690) (S 548,687,686) (S 558,682,693) (S 173,312,311) (S 357,313,311) (S 356,311,263) (D 0,0,0)
 0 1 19 91042 4952  7 (D 0,0,0) (S 131,247,50) (S 301,45,491) (S 494,412,653) (S 492,653,138) (S 68,138,134) (D 0,0,0)
 0 1 20 94396 8414  12 (D 0,0,0) (S 590,712,569) (S 177,319,320) (S 371,319,568) (S 596,568,722) (S 612,722,706) (S 576,706,705) (S 582,705,711) (S 595,721,720) (S 592,720,719) (S 597,719,535) (D 0,0,0)
 0 1 21 94166 6778  7 (D 0,0,0) (S 365,556,323) (S 180,323,324) (S 603,324,718) (S 591,718,538) (S 336,538,323) (D 0,0,0)
 0 1 22 94693 8524  6 (D 0,0,0) (S 24,59,48) (S 18,43,44) (S 27,58,52) (S 21,52,47) (D 0,0,0)
 0 1 23 95976 8460  14 (D 0,0,0) (S 566,318,127) (S 333,530,535) (S 601,719,324) (S 181,324,322) (S 598,717,722) (S 375,568,570) (S 578,570,706) (S 611,706,715) (S 587,715,714) (S 593,704,721) (S 602,719,698) (S 574,698,530) (D 0,0,0)
 0 1 24 95041 7720  7 (D 0,0,0) (S 19,48,44) (S 28,44,57) (S 23,57,58) (S 584,57,712) (S 589,712,718) (D 0,0,0)
 0 1 25 95848 8279  12 (D 0,0,0) (S 65,127,126) (S 600,723,698) (S 570,698,699) (S 594,699,720) (S 599,721,716) (S 588,716,322) (S 179,322,321) (S 178,321,319) (S 374,569,52) (S 30,59,61) (D 0,0,0)
 0 1 26 95941 9984  10 (D 0,0,0) (S 282,460,321) (S 373,52,327) (S 183,327,328) (S 372,566,510) (S 317,510,47) (S 280,458,42) (S 22,42,56) (S 17,42,41) (D 0,0,0)
 0 1 27 95787 10104  10 (D 0,0,0) (S 380,557,523) (S 754,803,788) (S 217,375,296) (S 3,13,12) (S 260,12,439) (S 738,12,797) (S 760,797,375) (S 736,790,795) (D 0,0,0)
 0 1 28 95411 7512  17 (D 0,0,0) (S 554,554,127) (S 61,122,123) (S 63,125,123) (S 604,124,724) (S 607,724,727) (S 606,725,726) (S 610,725,723) (S 608,723,326) (S 609,326,727) (S 62,124,123) (S 64,123,126) (S 567,318,564) (S 368,564,553) (S 326,520,519) (S 478,646,413) (D 0,0,0)
 0 1 29 95693 7115  9 (D 0,0,0) (S 29,62,63) (S 641,60,745) (S 642,339,744) (S 638,338,532) (S 644,531,337) (S 188,337,338) (S 636,336,547) (D 0,0,0)
 0 1 30 94868 6423  9 (D 0,0,0) (S 191,51,342) (S 543,679,680) (S 544,679,64) (S 337,55,539) (S 338,540,539) (S 348,539,549) (S 323,119,88) (D 0,0,0)
 0 1 31 95255 8216  18 (D 0,0,0) (S 137,258,257) (S 349,255,478) (S 552,691,536) (S 182,325,326) (S 605,725,714) (S 581,709,710) (S 580,709,705) (S 577,705,700) (S 571,700,701) (S 575,700,702) (S 572,702,703) (S 573,704,699) (S 281,126,459) (S 354,459,554) (S 355,554,317) (S 353,551,522) (D 0,0,0)
 0 1 32 95609 7905  14 (D 0,0,0) (S 560,695,693) (S 547,685,35) (S 14,33,34) (S 551,685,692) (S 545,683,259) (S 138,259,32) (S 13,32,31) (S 12,31,30) (S 140,261,30) (S 139,30,260) (S 550,691,565) (S 370,565,564) (D 0,0,0)
 0 1 33 92854 6655  6 (D 0,0,0) (S 342,546,333) (S 344,547,545) (S 643,545,335) (S 639,745,546) (D 0,0,0)
 0 1 34 93025 3524  12 (D 0,0,0) (S 501,660,659) (S 504,137,661) (S 510,661,662) (S 507,662,663) (S 505,663,406) (S 247,418,226) (S 119,226,227) (S 244,410,411) (S 245,413,414) (S 449,627,211) (D 0,0,0)
 0 1 35 94834 8450  9 (D 0,0,0) (S 647,97,529) (S 632,504,291) (S 156,291,280) (S 268,280,447) (S 328,293,527) (S 330,527,502) (S 712,746,97) (D 0,0,0)
 0 1 36 95291 7571  6 (D 0,0,0) (S 159,295,289) (S 271,449,451) (S 273,451,75) (S 35,75,74) (D 0,0,0)
 0 1 37 95661 8071  8 (D 0,0,0) (S 270,76,448) (S 269,448,449) (S 718,292,778) (S 715,779,777) (S 49,101,103) (S 198,283,348) (D 0,0,0)
 0 1 38 75709 1770  6 (D 0,0,0) (S 416,574,193) (S 415,193,601) (S 104,193,194) (S 105,194,196) (D 0,0,0)
 0 1 39 94835 7510  8 (D 0,0,0) (S 34,73,72) (S 33,72,71) (S 711,295,777) (S 714,777,101) (S 48,101,102) (S 313,506,347) (D 0,0,0)
 0 1 40 95989 7973  11 (D 0,0,0) (S 340,542,543) (S 341,541,544) (S 646,341,100) (S 649,746,748) (S 719,747,778) (S 716,778,779) (S 713,778,502) (S 310,502,503) (S 648,528,747) (D 0,0,0)
 0 1 41 95633 8437  7 (D 0,0,0) (S 775,293,445) (S 267,445,446) (S 776,445,508) (S 315,454,303) (S 37,70,76) (D 0,0,0)
 0 1 42 95276 8116  9 (D 0,0,0) (S 272,449,450) (S 717,289,779) (S 645,746,102) (S 46,98,99) (S 47,99,84) (S 187,335,336) (S 637,336,744) (D 0,0,0)
 0 1 43 94842 8701  8 (D 0,0,0) (S 630,281,743) (S 625,739,731) (S 617,730,732) (S 631,732,504) (S 311,504,503) (S 329,528,529) (D 0,0,0)
 0 1 44 94665 8442  9 (D 0,0,0) (S 153,284,285) (S 624,285,739) (S 650,739,713) (S 586,713,286) (S 154,286,174) (S 157,284,281) (S 158,291,293) (D 0,0,0)
 0 1 45 95016 9262  9 (D 0,0,0) (S 222,382,383) (S 89,37,172) (S 729,421,307) (S 149,273,270) (S 252,271,423) (S 266,270,444) (S 773,444,306) (D 0,0,0)
 0 1 46 95869 9730  9 (D 0,0,0) (S 265,170,443) (S 148,276,277) (S 150,277,274) (S 769,424,440) (S 147,275,166) (S 83,166,163) (S 263,163,442) (D 0,0,0)
 0 1 47 94336 9779  8 (D 0,0,0) (S 770,442,274) (S 771,274,809) (S 253,424,167) (S 84,167,165) (S 82,165,166) (S 86,168,169) (D 0,0,0)
 0 1 48 95811 9876  8 (D 0,0,0) (S 85,168,164) (S 81,164,163) (S 768,165,440) (S 766,424,809) (S 261,440,275) (S 146,275,274) (D 0,0,0)
 0 1 49 94519 9218  10 (D 0,0,0) (S 264,443,276) (S 163,277,297) (S 164,297,298) (S 165,297,82) (S 41,82,83) (S 167,82,171) (S 87,171,170) (S 92,170,173) (D 0,0,0)
 0 1 50 95911 8774  8 (D 0,0,0) (S 730,783,421) (S 250,421,308) (S 170,308,173) (S 93,173,80) (S 40,80,81) (S 90,80,172) (D 0,0,0)
 0 1 51 95449 8548  10 (D 0,0,0) (S 377,573,560) (S 722,420,781) (S 152,279,278) (S 727,278,783) (S 728,783,172) (S 316,37,509) (S 15,37,36) (S 705,36,381) (D 0,0,0)
 0 1 52 93555 9820  11 (D 0,0,0) (S 732,787,786) (S 733,786,788) (S 735,793,794) (S 755,425,796) (S 737,796,437) (S 259,437,438) (S 258,435,436) (S 739,785,431) (S 744,433,795) (D 0,0,0)
 0 1 53 95904 8803  10 (D 0,0,0) (S 723,781,782) (S 725,781,441) (S 747,268,801) (S 752,801,787) (S 734,787,272) (S 171,272,307) (S 169,307,306) (S 223,306,308) (D 0,0,0)
 0 1 54 95908 9594  10 (D 0,0,0) (S 758,805,806) (S 759,423,300) (S 767,809,301) (S 166,301,277) (S 772,443,444) (S 277,456,77) (S 278,77,288) (S 161,287,282) (D 0,0,0)
 0 1 55 95942 8940  7 (D 0,0,0) (S 251,153,422) (S 753,156,801) (S 745,801,800) (S 746,803,802) (S 761,802,807) (D 0,0,0)
 0 1 56 92706 9875  8 (D 0,0,0) (S 254,65,427) (S 257,431,432) (S 731,784,785) (S 743,798,429) (S 255,428,67) (S 74,66,148) (D 0,0,0)
 0 1 57 95606 9486  7 (D 0,0,0) (S 741,68,428) (S 740,428,799) (S 742,799,429) (S 256,429,430) (S 748,798,433) (D 0,0,0)
 0 1 58 95196 7948  7 (D 0,0,0) (S 209,366,365) (S 314,92,507) (S 230,363,396) (S 207,361,362) (S 10,25,26) (D 0,0,0)
 0 1 59 95816 7136  8 (D 0,0,0) (S 233,363,374) (S 216,374,159) (S 79,159,158) (S 110,203,204) (S 699,204,773) (S 218,377,110) (D 0,0,0)
 0 1 60 95963 6938  7 (D 0,0,0) (S 700,112,204) (S 211,203,369) (S 109,203,162) (S 80,162,146) (S 73,146,147) (D 0,0,0)
 0 1 61 92531 7528  8 (D 0,0,0) (S 160,267,118) (S 155,108,283) (S 339,287,506) (S 345,506,544) (S 190,341,294) (S 778,456,287) (D 0,0,0)
 0 1 62 95876 7721  9 (D 0,0,0) (S 97,179,177) (S 52,106,107) (S 54,107,109) (S 220,379,380) (S 704,378,382) (S 702,382,381) (S 221,381,159) (D 0,0,0)
 0 1 63 94157 6857  8 (D 0,0,0) (S 72,144,143) (S 76,143,158) (S 698,158,773) (S 696,773,377) (S 697,377,396) (S 208,363,364) (D 0,0,0)
 0 1 64 95825 7684  8 (D 0,0,0) (S 234,111,397) (S 215,373,160) (S 249,160,420) (S 724,420,37) (S 88,36,145) (S 77,145,159) (D 0,0,0)
 0 1 65 95673 7412  10 (D 0,0,0) (S 219,144,378) (S 706,379,109) (S 707,109,775) (S 709,775,776) (S 710,776,106) (S 51,106,104) (S 50,104,105) (S 59,118,117) (D 0,0,0)
 0 1 66 93715 6630  6 (D 0,0,0) (S 142,265,264) (S 703,267,774) (S 721,774,780) (S 708,775,146) (D 0,0,0)
 0 1 67 94435 5908  9 (D 0,0,0) (S 406,572,595) (S 677,763,360) (S 680,763,359) (S 681,764,359) (S 206,359,360) (S 675,762,589) (S 395,590,591) (D 0,0,0)
 0 1 68 93663 7307  8 (D 0,0,0) (S 214,372,152) (S 78,152,160) (S 43,91,90) (S 676,397,762) (S 678,762,360) (S 679,763,595) (D 0,0,0)
 0 1 69 95760 8156  8 (D 0,0,0) (S 231,372,367) (S 228,394,390) (S 693,771,155) (S 75,157,149) (S 45,95,96) (S 232,92,365) (D 0,0,0)
 0 1 70 95760 8435  7 (D 0,0,0) (S 213,371,151) (S 695,771,772) (S 694,771,392) (S 227,393,387) (S 224,387,388) (D 0,0,0)
 0 1 71 92819 7983  6 (D 0,0,0) (S 212,370,154) (S 151,161,279) (S 726,279,441) (S 262,441,152) (D 0,0,0)
 0 1 72 95391 9125  8 (D 0,0,0) (S 751,157,800) (S 749,803,800) (S 750,800,786) (S 756,804,805) (S 757,805,273) (S 145,269,268) (D 0,0,0)
 0 1 73 92175 5939  8 (D 0,0,0) (S 407,572,596) (S 5,16,17) (S 430,618,619) (S 431,619,15) (S 4,14,15) (S 433,619,115) (D 0,0,0)
 0 1 74 93650 5466  9 (D 0,0,0) (S 376,523,572) (S 398,572,591) (S 432,591,115) (S 58,115,114) (S 57,114,113) (S 397,113,345) (S 194,345,346) (D 0,0,0)
 0 1 75 94566 6259  8 (D 0,0,0) (S 671,178,760) (S 668,351,758) (S 669,758,759) (S 670,758,754) (S 665,353,755) (S 405,94,595) (D 0,0,0)
 0 1 76 93452 6636  10 (D 0,0,0) (S 666,354,757) (S 667,757,147) (S 144,267,264) (S 199,264,116) (S 196,348,347) (S 195,347,180) (S 197,180,182) (S 96,182,183) (D 0,0,0)
 0 1 77 90026 7815  13 (D 0,0,0) (S 363,560,559) (S 210,367,368) (S 690,368,770) (S 689,368,765) (S 682,765,79) (S 39,79,78) (S 225,78,384) (S 312,468,469) (S 684,470,766) (S 685,766,765) (S 683,79,389) (D 0,0,0)
 0 1 78 94118 7238  9 (D 0,0,0) (S 396,589,364) (S 229,373,395) (S 692,395,770) (S 691,770,767) (S 686,767,768) (S 688,768,769) (S 687,767,373) (D 0,0,0)
 0 1 79 94927 8881  7 (D 0,0,0) (S 762,149,807) (S 765,808,427) (S 764,799,427) (S 763,808,150) (S 362,557,559) (D 0,0,0)
 0 1 80 94435 4843  11 (D 0,0,0) (S 438,212,625) (S 455,625,630) (S 451,214,628) (S 448,628,211) (S 488,40,5) (S 11,6,29) (S 320,515,7) (S 2,9,10) (S 489,10,5) (D 0,0,0)
 0 1 81 95454 6177  11 (D 0,0,0) (S 661,357,752) (S 655,752,751) (S 659,751,753) (S 200,349,181) (S 95,181,177) (S 672,753,356) (S 204,356,355) (S 673,355,761) (S 674,355,751) (D 0,0,0)
 0 1 82 95073 5994  10 (D 0,0,0) (S 426,199,616) (S 657,514,357) (S 205,357,358) (S 656,752,183) (S 98,183,184) (S 201,350,184) (S 143,184,266) (S 20,50,49) (D 0,0,0)
 0 1 83 93735 5706  10 (D 0,0,0) (S 126,238,237) (S 239,237,402) (S 658,49,514) (S 319,513,514) (S 385,245,584) (S 364,524,558) (S 361,558,27) (S 381,573,23) (D 0,0,0)
 0 1 84 95649 4930  12 (D 0,0,0) (S 539,643,490) (S 298,490,86) (S 299,490,130) (S 300,130,251) (S 134,252,129) (S 469,491,407) (S 243,407,402) (S 525,408,238) (S 523,241,670) (S 524,670,614) (D 0,0,0)
 0 1 85 95830 6860  8 (D 0,0,0) (S 429,612,615) (S 425,615,614) (S 162,118,108) (S 53,108,104) (S 720,776,774) (S 509,653,483) (D 0,0,0)
 0 1 86 94605 4927  6 (D 0,0,0) (S 322,474,87) (S 135,253,254) (S 540,253,128) (S 66,128,130) (D 0,0,0)
 0 1 87 93791 4665  8 (D 0,0,0) (S 485,131,645) (S 304,493,232) (S 491,492,652) (S 490,650,651) (S 541,652,517) (S 6,19,18) (D 0,0,0)
 0 1 88 88619 6377  6 (D 0,0,0) (S 202,351,352) (S 203,352,353) (S 662,353,754) (S 660,147,349) (D 0,0,0)
 0 1 89 94187 5944  8 (D 0,0,0) (S 325,476,256) (S 542,258,120) (S 60,121,120) (S 569,696,697) (S 568,697,53) (S 193,46,344) (D 0,0,0)
 0 1 90 95499 8499  10 (D 0,0,0) (S 777,810,811) (S 779,811,69) (S 32,69,70) (S 276,304,455) (S 275,453,452) (S 274,452,302) (S 168,302,303) (S 36,74,72) (D 0,0,0)
 0 1 91 90380 3665  7 (D 0,0,0) (S 482,405,647) (S 481,647,648) (S 480,648,649) (S 477,647,646) (S 113,211,212) (D 0,0,0)
 0 1 92 95239 4379  9 (D 0,0,0) (S 506,657,664) (S 479,646,232) (S 123,232,233) (S 302,232,492) (S 483,224,516) (S 508,479,663) (S 502,137,659) (D 0,0,0)
 0 1 93 95978 4549  9 (D 0,0,0) (S 107,200,199) (S 537,611,677) (S 130,246,245) (S 384,245,582) (S 386,582,49) (S 242,247,407) (S 423,612,611) (D 0,0,0)
 0 1 94 95507 4193  14 (D 0,0,0) (S 7,21,22) (S 9,21,24) (S 402,586,187) (S 100,187,188) (S 403,187,191) (S 103,191,192) (S 404,191,594) (S 400,593,594) (S 409,594,190) (S 102,190,140) (S 70,140,139) (S 360,139,557) (D 0,0,0)
 0 1 95 95971 4096  14 (D 0,0,0) (S 410,142,190) (S 101,190,189) (S 390,189,141) (S 389,141,523) (S 387,583,584) (S 536,584,246) (S 535,246,677) (S 538,677,678) (S 428,613,617) (S 496,617,655) (S 495,655,235) (S 497,235,485) (D 0,0,0)
 0 1 96 93564 4218  14 (D 0,0,0) (S 424,614,409) (S 133,250,248) (S 132,248,249) (S 318,248,512) (S 526,238,239) (S 127,239,240) (S 521,239,241) (S 128,241,242) (S 522,670,615) (S 125,236,234) (S 124,234,235) (S 293,485,200) (D 0,0,0)
 0 1 97 91420 3803  9 (D 0,0,0) (S 486,228,133) (S 67,131,132) (S 16,39,40) (S 295,38,486) (S 297,487,489) (S 474,489,634) (S 475,634,222) (D 0,0,0)
 0 1 98 94414 4119  13 (D 0,0,0) (S 487,645,494) (S 121,229,230) (S 122,230,231) (S 303,229,132) (S 296,132,488) (S 307,488,38) (S 120,38,228) (S 484,228,414) (S 499,414,657) (S 500,657,658) (S 437,623,624) (D 0,0,0)
 0 1 99 94821 6960  11 (D 0,0,0) (S 350,551,552) (S 358,551,317) (S 176,317,318) (S 553,127,691) (S 557,691,260) (S 555,260,534) (S 334,534,537) (S 327,525,526) (S 331,530,124) (D 0,0,0)
 0 1 100 95065 6904  6 (D 0,0,0) (S 31,55,60) (S 640,533,745) (S 186,333,334) (S 26,62,53) (D 0,0,0)
 0 1 101 93140 6248  7 (D 0,0,0) (S 652,749,750) (S 654,750,343) (S 343,547,333) (S 653,547,343) (S 192,343,54) (D 0,0,0)
 0 1 102 93101 7263  9 (D 0,0,0) (S 189,339,340) (S 184,329,330) (S 634,330,332) (S 185,332,331) (S 332,340,533) (S 335,61,538) (S 352,505,459) (D 0,0,0)
 0 1 103 94930 7635  8 (D 0,0,0) (S 42,85,84) (S 309,499,501) (S 614,500,729) (S 633,729,330) (S 635,332,59) (S 25,61,60) (D 0,0,0)
 0 1 104 95922 8977  9 (D 0,0,0) (S 618,735,728) (S 613,728,511) (S 616,728,707) (S 585,707,713) (S 651,739,743) (S 628,743,730) (S 629,730,742) (D 0,0,0)
 0 1 105 95751 8303  9 (D 0,0,0) (S 623,736,733) (S 619,734,735) (S 622,738,737) (S 620,737,736) (S 621,736,58) (S 289,483,134) (S 290,134,484) (D 0,0,0)
 0 1 106 95728 8163  8 (D 0,0,0) (S 493,654,138) (S 583,57,708) (S 579,708,707) (S 626,740,741) (S 615,731,730) (S 627,742,48) (D 0,0,0)
