712077
106
2400637
2323679
 0 1 1 95632 6137  11 (D 0,0,0) (S 562,262,561) (S 558,693,682) (S 549,688,690) (S 548,687,686) (S 561,695,561) (S 288,479,135) (S 69,135,136) (S 503,136,659) (S 501,659,660) (D 0,0,0)
 0 1 2 94408 3998  12 (D 0,0,0) (S 449,211,627) (S 245,414,413) (S 479,646,232) (S 123,232,233) (S 304,232,493) (S 487,494,645) (S 485,645,131) (S 499,414,657) (S 500,657,658) (S 437,623,624) (D 0,0,0)
 0 1 3 87924 3915  10 (D 0,0,0) (S 175,315,316) (S 463,315,498) (S 308,498,495) (S 305,495,4) (S 1,4,3) (S 116,218,217) (S 458,217,221) (S 462,220,632) (D 0,0,0)
 0 1 4 85152 3882  10 (D 0,0,0) (S 461,216,633) (S 115,216,217) (S 465,218,2) (S 464,2,634) (S 475,634,222) (S 453,209,628) (S 454,214,630) (S 439,625,626) (D 0,0,0)
 0 1 5 95611 3272  13 (D 0,0,0) (S 114,215,214) (S 451,214,628) (S 448,628,211) (S 440,457,417) (S 476,416,222) (S 118,222,223) (S 246,223,415) (S 456,415,209) (S 450,629,630) (S 455,630,625) (S 438,625,212) (D 0,0,0)
 0 1 6 94928 3762  7 (D 0,0,0) (S 478,413,646) (S 477,646,647) (S 481,647,648) (S 480,648,649) (S 483,224,516) (D 0,0,0)
 0 1 7 94816 6169  10 (D 0,0,0) (S 323,88,119) (S 569,696,697) (S 568,697,53) (S 544,64,679) (S 543,679,680) (S 26,62,53) (S 191,51,342) (S 425,614,615) (D 0,0,0)
 0 1 8 95755 6534  7 (D 0,0,0) (S 107,200,199) (S 660,349,147) (S 721,774,780) (S 703,774,267) (S 144,267,264) (D 0,0,0)
 0 1 9 95340 7668  6 (D 0,0,0) (S 30,61,59) (S 635,332,59) (S 24,59,48) (S 18,43,44) (D 0,0,0)
 0 1 10 93230 6392  8 (D 0,0,0) (S 202,351,352) (S 203,352,353) (S 670,754,758) (S 669,758,759) (S 668,758,351) (S 661,752,357) (D 0,0,0)
 0 1 11 95757 6068  11 (D 0,0,0) (S 10,25,26) (S 364,558,524) (S 679,595,763) (S 680,763,359) (S 681,764,359) (S 206,359,360) (S 677,360,763) (S 389,523,141) (S 71,141,142) (D 0,0,0)
 0 1 12 95916 7289  12 (D 0,0,0) (S 359,521,556) (S 557,691,260) (S 555,260,534) (S 334,534,537) (S 139,260,30) (S 140,261,30) (S 12,30,31) (S 13,31,32) (S 546,684,563) (S 370,565,564) (D 0,0,0)
 0 1 13 95323 6193  8 (D 0,0,0) (S 396,589,364) (S 208,364,363) (S 230,363,396) (S 234,397,111) (S 405,94,595) (S 406,595,572) (D 0,0,0)
 0 1 14 94855 9823  9 (D 0,0,0) (S 770,442,274) (S 150,274,277) (S 166,277,301) (S 767,301,809) (S 771,809,274) (S 147,275,166) (S 263,163,442) (D 0,0,0)
 0 1 15 92058 9077  12 (D 0,0,0) (S 753,156,801) (S 745,801,800) (S 749,800,803) (S 754,803,788) (S 751,800,157) (S 694,771,392) (S 312,468,469) (S 682,765,79) (S 683,79,389) (S 231,367,372) (D 0,0,0)
 0 1 16 95969 9295  8 (D 0,0,0) (S 695,771,772) (S 761,807,802) (S 748,433,798) (S 743,798,429) (S 764,799,427) (S 254,427,65) (D 0,0,0)
 0 1 17 95546 6312  7 (D 0,0,0) (S 397,345,113) (S 675,589,762) (S 676,762,397) (S 697,396,377) (S 218,377,110) (D 0,0,0)
 0 1 18 95099 7807  8 (D 0,0,0) (S 705,381,36) (S 316,37,509) (S 15,37,36) (S 88,36,145) (S 77,145,159) (S 216,159,374) (D 0,0,0)
 0 1 19 94536 10302  10 (D 0,0,0) (S 755,425,796) (S 737,796,437) (S 259,437,438) (S 738,797,12) (S 260,12,439) (S 3,12,13) (S 217,296,375) (S 732,786,787) (D 0,0,0)
 0 1 20 93651 4840  7 (D 0,0,0) (S 539,643,490) (S 299,490,130) (S 134,252,129) (S 469,491,407) (S 126,237,238) (D 0,0,0)
 0 1 21 94515 5785  17 (D 0,0,0) (S 321,516,497) (S 172,309,310) (S 326,519,520) (S 369,555,562) (S 564,562,314) (S 173,312,311) (S 356,311,263) (S 141,263,262) (S 559,262,518) (S 247,418,226) (S 508,479,663) (S 510,662,661) (S 504,661,137) (S 502,137,659) (S 511,660,658) (D 0,0,0)
 0 1 22 89831 2037  7 (D 0,0,0) (S 422,606,610) (S 421,606,607) (S 419,607,198) (S 420,198,608) (S 106,198,197) (D 0,0,0)
 0 1 23 93142 3381  9 (D 0,0,0) (S 238,401,398) (S 235,398,206) (S 236,205,399) (S 237,399,400) (S 241,400,404) (S 459,216,631) (S 460,631,632) (D 0,0,0)
 0 1 24 95981 9699  7 (D 0,0,0) (S 168,303,302) (S 146,274,275) (S 261,275,440) (S 768,165,440) (S 769,440,424) (D 0,0,0)
 0 1 25 95096 4719  8 (D 0,0,0) (S 441,577,609) (S 512,660,482) (S 541,517,652) (S 490,650,651) (S 491,652,492) (S 302,492,232) (D 0,0,0)
 0 1 26 95957 8399  8 (D 0,0,0) (S 622,737,738) (S 618,735,728) (S 613,728,511) (S 616,728,707) (S 583,708,57) (S 584,57,712) (D 0,0,0)
 0 1 27 95763 7330  9 (D 0,0,0) (S 637,336,744) (S 188,338,337) (S 644,337,531) (S 184,329,330) (S 185,332,331) (S 189,340,339) (S 641,745,60) (D 0,0,0)
 0 1 28 95002 8620  7 (D 0,0,0) (S 169,306,307) (S 729,307,421) (S 730,421,783) (S 727,783,278) (S 728,783,172) (D 0,0,0)
 0 1 29 94988 8820  7 (D 0,0,0) (S 579,708,707) (S 585,707,713) (S 625,739,731) (S 626,740,741) (S 614,729,500) (D 0,0,0)
 0 1 30 95880 7155  10 (D 0,0,0) (S 368,553,564) (S 604,124,724) (S 609,727,326) (S 610,723,725) (S 182,326,325) (S 327,525,526) (S 550,691,565) (S 367,563,562) (D 0,0,0)
 0 1 31 95474 5466  9 (D 0,0,0) (S 432,591,115) (S 58,115,114) (S 57,114,113) (S 194,345,346) (S 395,590,591) (S 398,591,572) (S 376,572,523) (D 0,0,0)
 0 1 32 79100 3072  7 (D 0,0,0) (S 445,208,419) (S 117,220,221) (S 457,221,631) (S 240,403,401) (S 248,403,419) (D 0,0,0)
 0 1 33 95629 8525  6 (D 0,0,0) (S 363,560,559) (S 212,370,154) (S 762,149,807) (S 763,808,150) (D 0,0,0)
 0 1 34 94891 9779  12 (D 0,0,0) (S 91,171,169) (S 86,169,168) (S 85,168,164) (S 81,164,163) (S 83,163,166) (S 82,166,165) (S 84,165,167) (S 253,167,424) (S 766,424,809) (S 774,171,455) (D 0,0,0)
 0 1 35 94605 4927  6 (D 0,0,0) (S 66,130,128) (S 540,128,253) (S 135,253,254) (S 322,87,474) (D 0,0,0)
 0 1 36 95029 7594  8 (D 0,0,0) (S 32,69,70) (S 35,75,74) (S 36,74,72) (S 34,73,72) (S 33,72,71) (S 345,544,506) (D 0,0,0)
 0 1 37 95382 7067  12 (D 0,0,0) (S 554,554,127) (S 553,127,691) (S 552,691,536) (S 331,124,530) (S 591,538,718) (S 603,718,324) (S 180,324,323) (S 352,505,459) (S 354,459,554) (S 353,551,522) (D 0,0,0)
 0 1 38 87390 4057  10 (D 0,0,0) (S 410,142,190) (S 101,190,189) (S 390,189,141) (S 387,583,584) (S 536,584,246) (S 535,246,677) (S 538,677,678) (S 537,677,611) (D 0,0,0)
 0 1 39 93480 6374  10 (D 0,0,0) (S 131,247,50) (S 674,751,355) (S 673,355,761) (S 204,355,356) (S 672,356,753) (S 671,760,178) (S 659,753,751) (S 657,357,514) (D 0,0,0)
 0 1 40 94780 7383  5 (D 0,0,0) (S 232,365,92) (S 213,371,151) (S 214,152,372) (D 0,0,0)
 0 1 41 94080 6400  10 (D 0,0,0) (S 325,476,256) (S 136,256,255) (S 347,257,548) (S 348,549,539) (S 338,540,539) (S 337,539,55) (S 186,333,334) (S 20,50,49) (D 0,0,0)
 0 1 42 95846 8593  7 (D 0,0,0) (S 621,58,736) (S 623,736,733) (S 183,327,328) (S 619,734,735) (S 28,57,44) (D 0,0,0)
 0 1 43 95762 8341  8 (D 0,0,0) (S 156,291,280) (S 268,280,447) (S 632,291,504) (S 631,504,732) (S 617,732,730) (S 627,742,48) (D 0,0,0)
 0 1 44 95996 8505  13 (D 0,0,0) (S 63,125,123) (S 574,530,698) (S 573,699,704) (S 572,702,703) (S 575,702,700) (S 577,700,705) (S 576,705,706) (S 578,706,570) (S 375,570,568) (S 590,569,712) (S 589,712,718) (D 0,0,0)
 0 1 45 94590 6798  10 (D 0,0,0) (S 385,584,245) (S 96,183,182) (S 97,179,177) (S 95,177,181) (S 59,117,118) (S 162,118,108) (S 50,104,105) (S 53,104,108) (D 0,0,0)
 0 1 46 95469 9178  9 (D 0,0,0) (S 90,172,80) (S 40,80,81) (S 93,80,173) (S 250,308,421) (S 171,307,272) (S 734,272,787) (S 752,787,801) (D 0,0,0)
 0 1 47 93666 6432  8 (D 0,0,0) (S 426,199,616) (S 652,749,750) (S 654,750,343) (S 653,343,547) (S 343,547,333) (S 342,333,546) (D 0,0,0)
 0 1 48 95797 8752  9 (D 0,0,0) (S 630,281,743) (S 624,739,285) (S 154,286,174) (S 157,284,281) (S 328,293,527) (S 330,527,502) (S 717,779,289) (D 0,0,0)
 0 1 49 93425 8437  8 (D 0,0,0) (S 780,456,69) (S 777,810,811) (S 779,811,69) (S 276,304,455) (S 275,453,452) (S 274,452,302) (D 0,0,0)
 0 1 50 94156 3496  8 (D 0,0,0) (S 506,657,664) (S 507,662,663) (S 505,663,406) (S 119,226,227) (S 482,647,405) (S 244,410,411) (D 0,0,0)
 0 1 51 95967 7828  12 (D 0,0,0) (S 48,102,101) (S 715,777,779) (S 716,779,778) (S 713,778,502) (S 310,502,503) (S 648,528,747) (S 649,748,746) (S 341,544,541) (S 340,542,543) (S 192,343,54) (D 0,0,0)
 0 1 52 95759 8362  7 (D 0,0,0) (S 374,569,52) (S 27,52,58) (S 620,736,737) (S 23,58,57) (S 19,44,48) (D 0,0,0)
 0 1 53 95709 9296  8 (D 0,0,0) (S 74,66,148) (S 741,68,428) (S 740,428,799) (S 765,427,808) (S 45,95,96) (S 228,390,394) (D 0,0,0)
 0 1 54 95903 8589  9 (D 0,0,0) (S 153,284,285) (S 586,286,713) (S 650,713,739) (S 651,739,743) (S 628,743,730) (S 615,730,731) (S 629,730,742) (D 0,0,0)
 0 1 55 95446 8601  6 (D 0,0,0) (S 158,293,291) (S 775,293,445) (S 267,445,446) (S 315,454,303) (D 0,0,0)
 0 1 56 95606 7904  10 (D 0,0,0) (S 187,336,335) (S 42,85,84) (S 47,84,99) (S 46,98,99) (S 647,97,529) (S 329,528,529) (S 309,499,501) (S 642,744,339) (D 0,0,0)
 0 1 57 95947 7444  7 (D 0,0,0) (S 209,366,365) (S 43,90,91) (S 79,159,158) (S 72,143,144) (S 211,203,369) (D 0,0,0)
 0 1 58 95903 7805  7 (D 0,0,0) (S 714,101,777) (S 711,777,295) (S 159,295,289) (S 272,450,449) (S 273,451,75) (D 0,0,0)
 0 1 59 95626 7322  15 (D 0,0,0) (S 366,263,561) (S 138,32,259) (S 545,259,683) (S 551,685,692) (S 14,33,34) (S 547,35,685) (S 560,693,695) (S 565,695,312) (S 563,312,314) (S 174,314,313) (S 357,313,311) (S 351,313,520) (S 324,519,309) (D 0,0,0)
 0 1 60 95112 7219  8 (D 0,0,0) (S 313,347,506) (S 339,506,287) (S 778,287,456) (S 155,283,108) (S 160,118,267) (S 666,757,354) (D 0,0,0)
 0 1 61 95620 9113  8 (D 0,0,0) (S 38,77,69) (S 265,170,443) (S 148,276,277) (S 163,277,297) (S 164,297,298) (S 165,297,82) (D 0,0,0)
 0 1 62 95879 5772  8 (D 0,0,0) (S 143,266,184) (S 201,350,184) (S 98,184,183) (S 656,183,752) (S 655,751,752) (S 205,357,358) (D 0,0,0)
 0 1 63 95067 7428  9 (D 0,0,0) (S 176,317,318) (S 61,122,123) (S 336,323,538) (S 335,538,61) (S 332,533,340) (S 638,532,338) (S 636,336,547) (D 0,0,0)
 0 1 64 92396 6267  7 (D 0,0,0) (S 195,180,347) (S 196,347,348) (S 199,116,264) (S 142,264,265) (S 200,181,349) (D 0,0,0)
 0 1 65 95302 4813  15 (D 0,0,0) (S 295,38,486) (S 297,487,489) (S 470,496,640) (S 471,640,641) (S 473,642,638) (S 472,638,639) (S 467,638,637) (S 466,636,635) (S 468,635,4) (S 306,4,496) (S 474,489,634) (S 444,627,621) (S 435,621,212) (D 0,0,0)
 0 1 66 95824 8118  7 (D 0,0,0) (S 151,161,279) (S 152,279,278) (S 726,279,441) (S 262,441,152) (S 78,152,160) (D 0,0,0)
 0 1 67 95654 9273  13 (D 0,0,0) (S 377,573,560) (S 380,557,523) (S 229,373,395) (S 757,273,805) (S 758,806,805) (S 756,805,804) (S 733,788,786) (S 750,786,800) (S 747,801,268) (S 89,172,37) (S 427,617,199) (D 0,0,0)
 0 1 68 95067 4450  11 (D 0,0,0) (S 484,414,228) (S 67,131,132) (S 296,132,488) (S 307,488,38) (S 11,6,29) (S 320,515,7) (S 122,231,230) (S 303,229,132) (S 486,133,228) (D 0,0,0)
 0 1 69 95705 6662  7 (D 0,0,0) (S 29,62,63) (S 31,55,60) (S 25,60,61) (S 640,533,745) (S 639,745,546) (D 0,0,0)
 0 1 70 94674 9893  10 (D 0,0,0) (S 744,795,433) (S 739,431,785) (S 731,784,785) (S 258,435,436) (S 760,797,375) (S 735,794,793) (S 736,790,795) (S 225,384,78) (D 0,0,0)
 0 1 71 95834 8916  8 (D 0,0,0) (S 223,308,306) (S 773,306,444) (S 266,444,270) (S 264,276,443) (S 772,443,444) (S 170,308,173) (D 0,0,0)
 0 1 72 95326 7310  12 (D 0,0,0) (S 197,182,180) (S 198,348,283) (S 190,294,341) (S 646,341,100) (S 645,102,746) (S 712,746,97) (S 643,335,545) (S 344,545,547) (S 496,617,655) (S 495,655,235) (D 0,0,0)
 0 1 73 94410 7846  10 (D 0,0,0) (S 678,360,762) (S 207,361,362) (S 233,363,374) (S 221,159,381) (S 702,381,382) (S 222,382,383) (S 220,379,380) (S 706,379,109) (D 0,0,0)
 0 1 74 95179 6229  9 (D 0,0,0) (S 664,94,755) (S 663,755,756) (S 701,756,112) (S 56,112,110) (S 55,110,111) (S 226,111,94) (S 44,93,94) (D 0,0,0)
 0 1 75 95156 4061  14 (D 0,0,0) (S 497,485,235) (S 125,234,236) (S 519,654,612) (S 424,614,409) (S 133,250,248) (S 132,248,249) (S 318,248,512) (S 525,408,238) (S 521,239,241) (S 128,241,242) (S 523,241,670) (S 524,670,614) (D 0,0,0)
 0 1 76 94788 9595  7 (D 0,0,0) (S 746,803,802) (S 257,431,432) (S 256,429,430) (S 742,429,799) (S 255,428,67) (D 0,0,0)
 0 1 77 94077 8166  8 (D 0,0,0) (S 314,92,507) (S 687,373,767) (S 686,767,768) (S 688,768,769) (S 691,767,770) (S 210,368,367) (D 0,0,0)
 0 1 78 94285 5615  14 (D 0,0,0) (S 293,200,485) (S 124,235,234) (S 513,236,654) (S 493,654,138) (S 492,138,653) (S 658,49,514) (S 319,513,514) (S 243,407,402) (S 239,402,237) (S 494,412,653) (S 509,653,483) (S 289,483,134) (D 0,0,0)
 0 1 79 94623 5950  9 (D 0,0,0) (S 361,27,558) (S 433,115,619) (S 4,14,15) (S 431,15,619) (S 430,619,618) (S 5,16,17) (S 407,596,572) (D 0,0,0)
 0 1 80 87314 3791  13 (D 0,0,0) (S 379,575,195) (S 292,28,200) (S 428,617,613) (S 514,612,666) (S 129,243,244) (S 515,667,243) (S 520,243,666) (S 517,236,484) (S 294,484,485) (S 498,480,656) (S 108,202,201) (D 0,0,0)
 0 1 81 89205 5258  8 (D 0,0,0) (S 290,484,134) (S 68,134,138) (S 193,46,344) (S 301,45,491) (S 300,251,130) (S 298,490,86) (D 0,0,0)
 0 1 82 90515 4721  9 (D 0,0,0) (S 429,612,615) (S 522,615,670) (S 127,239,240) (S 526,239,238) (S 386,49,582) (S 384,582,245) (S 130,245,246) (D 0,0,0)
 0 1 83 95923 8269  9 (D 0,0,0) (S 287,476,477) (S 634,332,330) (S 633,330,729) (S 311,504,503) (S 719,747,778) (S 718,778,292) (S 49,103,101) (D 0,0,0)
 0 1 84 94853 4119  14 (D 0,0,0) (S 7,21,22) (S 392,24,586) (S 402,586,187) (S 103,191,192) (S 404,191,594) (S 400,593,594) (S 409,594,190) (S 102,190,140) (S 70,140,139) (S 360,139,557) (S 362,557,559) (S 381,573,23) (D 0,0,0)
 0 1 85 95925 9399  9 (D 0,0,0) (S 725,781,441) (S 145,268,269) (S 149,273,270) (S 252,271,423) (S 759,423,300) (S 41,82,83) (S 167,82,171) (D 0,0,0)
 0 1 86 95966 8063  11 (D 0,0,0) (S 700,112,204) (S 698,773,158) (S 76,158,143) (S 704,378,382) (S 724,37,420) (S 722,420,781) (S 723,781,782) (S 249,420,160) (S 215,160,373) (D 0,0,0)
 0 1 87 92578 7497  8 (D 0,0,0) (S 692,395,770) (S 690,770,368) (S 689,368,765) (S 684,470,766) (S 685,766,765) (S 39,79,78) (D 0,0,0)
 0 1 88 95095 5351  15 (D 0,0,0) (S 388,189,581) (S 382,578,579) (S 414,597,600) (S 411,597,598) (S 412,599,176) (S 94,175,176) (S 413,176,580) (S 383,578,581) (S 99,185,186) (S 408,186,594) (S 403,191,187) (S 100,187,188) (S 9,24,21) (D 0,0,0)
 0 1 89 95827 7482  12 (D 0,0,0) (S 365,556,323) (S 181,324,322) (S 588,322,716) (S 599,716,721) (S 593,721,704) (S 594,699,720) (S 592,720,719) (S 597,719,535) (S 333,535,530) (S 281,126,459) (D 0,0,0)
 0 1 90 94532 7085  10 (D 0,0,0) (S 665,755,353) (S 662,353,754) (S 667,757,147) (S 73,147,146) (S 708,146,775) (S 709,775,776) (S 710,776,106) (S 51,106,104) (D 0,0,0)
 0 1 91 95000 9138  8 (D 0,0,0) (S 776,445,508) (S 393,169,587) (S 394,588,164) (S 87,171,170) (S 92,170,173) (S 161,287,282) (D 0,0,0)
 0 1 92 95626 7935  8 (D 0,0,0) (S 278,288,77) (S 277,77,456) (S 37,70,76) (S 270,76,448) (S 269,448,449) (S 271,449,451) (D 0,0,0)
 0 1 93 95040 7128  7 (D 0,0,0) (S 242,407,247) (S 707,775,109) (S 54,109,107) (S 52,107,106) (S 720,776,774) (D 0,0,0)
 0 1 94 91204 2553  11 (D 0,0,0) (S 378,576,575) (S 452,607,622) (S 447,626,215) (S 446,215,208) (S 112,208,210) (S 111,208,207) (S 279,209,457) (S 443,457,627) (S 113,211,212) (D 0,0,0)
 0 1 95 95445 8518  14 (D 0,0,0) (S 566,318,127) (S 64,126,123) (S 62,123,124) (S 600,723,698) (S 602,698,719) (S 601,719,324) (S 282,460,321) (S 178,321,319) (S 177,319,320) (S 371,319,568) (S 596,568,722) (S 595,721,720) (D 0,0,0)
 0 1 96 83348 1800  5 (D 0,0,0) (S 442,609,620) (S 434,620,213) (S 436,213,622) (D 0,0,0)
 0 1 97 95815 8442  17 (D 0,0,0) (S 65,127,126) (S 607,724,727) (S 608,326,723) (S 606,725,726) (S 605,725,714) (S 587,714,715) (S 611,715,706) (S 612,706,722) (S 598,722,717) (S 582,711,705) (S 581,709,710) (S 580,709,705) (S 571,700,701) (S 570,699,698) (S 567,318,564) (D 0,0,0)
 0 1 98 94724 7152  8 (D 0,0,0) (S 696,377,773) (S 699,773,204) (S 110,204,203) (S 109,203,162) (S 219,144,378) (S 80,162,146) (D 0,0,0)
 0 1 99 95820 6023  13 (D 0,0,0) (S 291,482,135) (S 349,478,255) (S 346,255,257) (S 137,257,258) (S 542,258,120) (S 60,120,121) (S 556,550,556) (S 355,554,317) (S 358,317,551) (S 350,551,552) (S 6,19,18) (D 0,0,0)
 0 1 100 92630 5050  13 (D 0,0,0) (S 518,667,669) (S 516,668,669) (S 531,669,673) (S 530,674,673) (S 532,673,675) (S 533,676,675) (S 534,675,671) (S 527,671,672) (S 529,673,672) (S 528,672,667) (S 423,612,611) (D 0,0,0)
 0 1 101 75709 1770  6 (D 0,0,0) (S 416,574,193) (S 415,193,601) (S 104,193,194) (S 105,194,196) (D 0,0,0)
 0 1 102 90956 2251  6 (D 0,0,0) (S 8,23,21) (S 391,24,585) (S 401,585,592) (S 399,592,586) (D 0,0,0)
 0 1 103 95713 8641  7 (D 0,0,0) (S 227,393,387) (S 224,387,388) (S 693,771,155) (S 75,149,157) (S 251,153,422) (D 0,0,0)
 0 1 104 46970 1004  8 (D 0,0,0) (S 286,466,467) (S 285,464,465) (S 284,463,464) (S 283,461,462) (S 418,605,603) (S 417,603,604) (D 0,0,0)
 0 1 105 95519 4356  8 (D 0,0,0) (S 120,228,38) (S 16,39,40) (S 488,40,5) (S 489,5,10) (S 2,10,9) (S 121,230,229) (D 0,0,0)
 0 1 106 94971 9578  10 (D 0,0,0) (S 179,322,321) (S 373,52,327) (S 372,566,510) (S 317,510,47) (S 280,458,42) (S 22,42,56) (S 17,42,41) (S 21,47,52) (D 0,0,0)
