713990
106
2400630
2109468
 0 1 1 92910 6008  7 (D 0,0,0) (S 429,612,615) (S 205,357,358) (S 657,357,514) (S 319,513,514) (S 658,514,49) (D 0,0,0)
 0 1 2 95574 5926  12 (D 0,0,0) (S 659,751,753) (S 672,753,356) (S 204,356,355) (S 673,355,761) (S 674,355,751) (S 655,751,752) (S 242,247,407) (S 126,237,238) (S 128,241,242) (S 524,670,614) (D 0,0,0)
 0 1 3 95832 4129  10 (D 0,0,0) (S 424,614,409) (S 539,643,490) (S 298,490,86) (S 321,497,516) (S 247,418,226) (S 507,663,662) (S 510,662,661) (S 502,137,659) (D 0,0,0)
 0 1 4 94467 4750  10 (D 0,0,0) (S 441,577,609) (S 489,5,10) (S 2,10,9) (S 11,6,29) (S 320,515,7) (S 122,231,230) (S 121,230,229) (S 303,229,132) (D 0,0,0)
 0 1 5 95650 4376  14 (D 0,0,0) (S 108,201,202) (S 498,656,480) (S 514,612,666) (S 515,667,243) (S 129,243,244) (S 520,243,666) (S 519,612,654) (S 493,654,138) (S 68,138,134) (S 504,137,661) (S 506,664,657) (S 500,657,658) (D 0,0,0)
 0 1 6 91851 4349  14 (D 0,0,0) (S 511,658,660) (S 501,660,659) (S 503,659,136) (S 69,136,135) (S 508,479,663) (S 505,663,406) (S 119,226,227) (S 479,646,232) (S 123,232,233) (S 487,494,645) (S 499,414,657) (S 437,623,624) (D 0,0,0)
 0 1 7 95376 4119  14 (D 0,0,0) (S 7,21,22) (S 9,21,24) (S 402,586,187) (S 403,187,191) (S 103,191,192) (S 404,191,594) (S 400,593,594) (S 409,594,190) (S 102,190,140) (S 70,140,139) (S 360,139,557) (S 377,560,573) (D 0,0,0)
 0 1 8 93782 3225  12 (D 0,0,0) (S 279,209,457) (S 440,457,417) (S 476,416,222) (S 118,222,223) (S 246,223,415) (S 456,415,209) (S 451,628,214) (S 450,629,630) (S 455,630,625) (S 438,625,212) (D 0,0,0)
 0 1 9 92775 6161  11 (D 0,0,0) (S 349,478,255) (S 346,255,257) (S 137,257,258) (S 542,258,120) (S 60,120,121) (S 556,550,556) (S 347,548,257) (S 136,255,256) (S 325,256,476) (D 0,0,0)
 0 1 10 95730 3337  8 (D 0,0,0) (S 244,411,410) (S 482,405,647) (S 477,647,646) (S 478,646,413) (S 245,413,414) (S 443,457,627) (D 0,0,0)
 0 1 11 94671 3874  9 (D 0,0,0) (S 459,631,216) (S 461,216,633) (S 241,400,404) (S 115,216,217) (S 457,221,631) (S 460,631,632) (S 446,208,215) (D 0,0,0)
 0 1 12 95900 5132  16 (D 0,0,0) (S 445,208,419) (S 175,315,316) (S 463,315,498) (S 308,498,495) (S 472,639,638) (S 466,636,635) (S 468,635,4) (S 305,4,495) (S 306,4,496) (S 470,496,640) (S 471,640,641) (S 473,642,638) (S 467,638,637) (S 1,4,3) (D 0,0,0)
 0 1 13 94698 3457  8 (D 0,0,0) (S 462,632,220) (S 117,220,221) (S 458,221,217) (S 116,217,218) (S 465,218,2) (S 464,2,634) (D 0,0,0)
 0 1 14 95943 5378  14 (D 0,0,0) (S 100,187,188) (S 408,594,186) (S 99,186,185) (S 383,581,578) (S 413,580,176) (S 412,599,176) (S 94,175,176) (S 414,597,600) (S 411,597,598) (S 382,578,579) (S 388,581,189) (S 71,141,142) (D 0,0,0)
 0 1 15 95754 3845  7 (D 0,0,0) (S 130,246,245) (S 536,584,246) (S 535,246,677) (S 538,677,678) (S 537,677,611) (D 0,0,0)
 0 1 16 41269 1162  4 (D 0,0,0) (S 422,606,610) (S 378,575,576) (D 0,0,0)
 0 1 17 95804 4706  10 (D 0,0,0) (S 512,660,482) (S 291,482,135) (S 541,517,652) (S 490,650,651) (S 491,652,492) (S 302,492,232) (S 304,232,493) (S 485,645,131) (D 0,0,0)
 0 1 18 93452 3159  11 (D 0,0,0) (S 248,419,403) (S 240,403,401) (S 238,401,398) (S 235,398,206) (S 236,205,399) (S 237,399,400) (S 114,215,214) (S 454,214,630) (S 439,625,626) (D 0,0,0)
 0 1 19 94966 5050  14 (D 0,0,0) (S 518,667,669) (S 516,668,669) (S 531,669,673) (S 530,674,673) (S 532,673,675) (S 533,676,675) (S 534,675,671) (S 527,671,672) (S 529,673,672) (S 528,672,667) (S 428,613,617) (S 427,617,199) (D 0,0,0)
 0 1 20 93700 6478  12 (D 0,0,0) (S 288,135,479) (S 369,555,562) (S 367,562,563) (S 546,563,684) (S 138,32,259) (S 545,259,683) (S 548,686,687) (S 549,688,690) (S 562,561,262) (S 559,262,518) (D 0,0,0)
 0 1 21 95556 4802  12 (D 0,0,0) (S 362,559,557) (S 380,557,523) (S 387,583,584) (S 385,584,245) (S 384,245,582) (S 386,582,49) (S 20,49,50) (S 131,50,247) (S 243,407,402) (S 239,402,237) (D 0,0,0)
 0 1 22 92996 2251  7 (D 0,0,0) (S 391,24,585) (S 401,585,592) (S 399,592,586) (S 392,586,24) (S 8,21,23) (D 0,0,0)
 0 1 23 91824 5191  10 (D 0,0,0) (S 301,45,491) (S 134,252,129) (S 300,251,130) (S 299,130,490) (S 509,653,483) (S 289,483,134) (S 293,485,200) (S 292,200,28) (D 0,0,0)
 0 1 24 91188 3995  9 (D 0,0,0) (S 488,40,5) (S 16,40,39) (S 307,38,488) (S 296,488,132) (S 67,132,131) (S 486,133,228) (S 449,627,211) (D 0,0,0)
 0 1 25 46970 1004  8 (D 0,0,0) (S 417,603,604) (S 418,605,603) (S 283,461,462) (S 286,466,467) (S 284,463,464) (S 285,464,465) (D 0,0,0)
 0 1 26 94605 4927  6 (D 0,0,0) (S 322,474,87) (S 135,253,254) (S 540,253,128) (S 66,128,130) (D 0,0,0)
 0 1 27 93104 9459  10 (D 0,0,0) (S 495,235,655) (S 496,655,617) (S 22,42,56) (S 280,458,42) (S 17,42,41) (S 21,47,52) (S 373,327,52) (S 27,52,58) (D 0,0,0)
 0 1 28 95847 9076  10 (D 0,0,0) (S 374,569,52) (S 317,47,510) (S 372,510,566) (S 183,327,328) (S 622,738,737) (S 620,737,736) (S 517,236,484) (S 294,484,485) (D 0,0,0)
 0 1 29 95738 8537  8 (D 0,0,0) (S 632,504,291) (S 156,291,280) (S 153,284,285) (S 158,291,293) (S 328,293,527) (S 330,527,502) (D 0,0,0)
 0 1 30 95477 8547  7 (D 0,0,0) (S 630,281,743) (S 650,739,713) (S 585,713,707) (S 579,707,708) (S 583,708,57) (D 0,0,0)
 0 1 31 93988 6930  7 (D 0,0,0) (S 192,54,343) (S 636,547,336) (S 187,336,335) (S 47,99,84) (S 643,335,545) (D 0,0,0)
 0 1 32 95208 8422  7 (D 0,0,0) (S 775,293,445) (S 267,445,446) (S 776,445,508) (S 315,454,303) (S 278,77,288) (D 0,0,0)
 0 1 33 94947 7636  7 (D 0,0,0) (S 584,712,57) (S 28,57,44) (S 18,43,44) (S 19,44,48) (S 24,48,59) (D 0,0,0)
 0 1 34 95801 8680  9 (D 0,0,0) (S 157,281,284) (S 586,286,713) (S 624,285,739) (S 628,743,730) (S 617,730,732) (S 614,729,500) (S 642,744,339) (D 0,0,0)
 0 1 35 95771 7838  6 (D 0,0,0) (S 273,75,451) (S 271,451,449) (S 272,449,450) (S 718,292,778) (D 0,0,0)
 0 1 36 95997 7543  8 (D 0,0,0) (S 33,71,72) (S 159,295,289) (S 717,289,779) (S 715,779,777) (S 714,777,101) (S 48,101,102) (D 0,0,0)
 0 1 37 95343 8700  9 (D 0,0,0) (S 779,69,811) (S 777,810,811) (S 270,76,448) (S 269,448,449) (S 711,295,777) (S 49,101,103) (S 190,294,341) (D 0,0,0)
 0 1 38 95839 7731  13 (D 0,0,0) (S 344,547,545) (S 645,102,746) (S 649,746,748) (S 648,747,528) (S 329,528,529) (S 309,499,501) (S 647,529,97) (S 712,97,746) (S 646,100,341) (S 313,506,347) (S 96,182,183) (D 0,0,0)
 0 1 39 95056 7159  7 (D 0,0,0) (S 30,61,59) (S 635,59,332) (S 185,332,331) (S 638,532,338) (S 637,744,336) (D 0,0,0)
 0 1 40 95307 7886  8 (D 0,0,0) (S 332,533,340) (S 184,329,330) (S 634,330,332) (S 633,330,729) (S 615,730,731) (S 627,742,48) (D 0,0,0)
 0 1 41 94972 8116  8 (D 0,0,0) (S 42,85,84) (S 46,98,99) (S 719,747,778) (S 716,778,779) (S 713,778,502) (S 310,502,503) (D 0,0,0)
 0 1 42 95065 6111  9 (D 0,0,0) (S 569,696,697) (S 568,697,53) (S 543,679,680) (S 29,62,63) (S 26,62,53) (S 191,51,342) (S 469,491,407) (D 0,0,0)
 0 1 43 92205 5636  8 (D 0,0,0) (S 661,357,752) (S 656,752,183) (S 98,183,184) (S 201,350,184) (S 143,184,266) (S 193,46,344) (D 0,0,0)
 0 1 44 95536 6806  5 (D 0,0,0) (S 639,546,745) (S 640,745,533) (S 189,340,339) (D 0,0,0)
 0 1 45 94166 6778  7 (D 0,0,0) (S 180,323,324) (S 603,324,718) (S 591,718,538) (S 336,538,323) (S 365,323,556) (D 0,0,0)
 0 1 46 94090 7372  6 (D 0,0,0) (S 339,506,287) (S 35,74,75) (S 778,456,287) (S 161,287,282) (D 0,0,0)
 0 1 47 95499 10069  9 (D 0,0,0) (S 38,77,69) (S 263,442,163) (S 84,165,167) (S 253,167,424) (S 769,440,424) (S 766,424,809) (S 767,809,301) (D 0,0,0)
 0 1 48 95926 8961  18 (D 0,0,0) (S 355,317,554) (S 352,459,505) (S 592,719,720) (S 594,720,699) (S 573,699,704) (S 572,702,703) (S 571,700,701) (S 577,700,705) (S 580,705,709) (S 581,709,710) (S 611,715,706) (S 612,722,706) (S 578,706,570) (S 375,570,568) (S 177,319,320) (S 178,319,321) (D 0,0,0)
 0 1 49 95811 8069  13 (D 0,0,0) (S 570,698,699) (S 575,702,700) (S 576,705,706) (S 587,715,714) (S 605,714,725) (S 606,725,726) (S 610,725,723) (S 604,724,124) (S 61,122,123) (S 64,123,126) (S 281,126,459) (D 0,0,0)
 0 1 50 95728 8136  20 (D 0,0,0) (S 607,724,727) (S 609,727,326) (S 608,326,723) (S 602,698,719) (S 595,720,721) (S 599,721,716) (S 588,716,322) (S 179,322,321) (S 282,460,321) (S 181,322,324) (S 601,324,719) (S 597,719,535) (S 333,535,530) (S 62,124,123) (S 63,125,123) (S 65,126,127) (S 566,127,318) (S 567,318,564) (D 0,0,0)
 0 1 51 95119 8019  14 (D 0,0,0) (S 368,553,564) (S 370,564,565) (S 557,691,260) (S 139,260,30) (S 140,261,30) (S 12,30,31) (S 13,31,32) (S 14,33,34) (S 547,35,685) (S 551,685,692) (S 366,561,263) (S 141,263,262) (D 0,0,0)
 0 1 52 95465 6479  8 (D 0,0,0) (S 323,88,119) (S 348,549,539) (S 338,540,539) (S 337,539,55) (S 186,333,334) (S 544,64,679) (D 0,0,0)
 0 1 53 91140 6106  13 (D 0,0,0) (S 561,561,695) (S 560,695,693) (S 558,682,693) (S 565,695,312) (S 563,314,312) (S 173,312,311) (S 357,311,313) (S 351,313,520) (S 326,520,519) (S 324,519,309) (S 172,309,310) (D 0,0,0)
 0 1 54 94990 6872  9 (D 0,0,0) (S 359,521,556) (S 554,554,127) (S 331,124,530) (S 574,530,698) (S 600,698,723) (S 182,326,325) (S 552,536,691) (D 0,0,0)
 0 1 55 94570 8329  12 (D 0,0,0) (S 353,522,551) (S 350,551,552) (S 354,554,459) (S 593,721,704) (S 582,705,711) (S 598,717,722) (S 596,722,568) (S 371,568,319) (S 590,569,712) (S 589,712,718) (D 0,0,0)
 0 1 56 92873 6876  13 (D 0,0,0) (S 287,476,477) (S 358,551,317) (S 176,317,318) (S 553,127,691) (S 327,525,526) (S 334,534,537) (S 555,534,260) (S 550,691,565) (S 564,562,314) (S 174,314,313) (S 356,311,263) (D 0,0,0)
 0 1 57 95722 8389  9 (D 0,0,0) (S 425,615,614) (S 23,57,58) (S 621,58,736) (S 623,736,733) (S 619,734,735) (S 618,735,728) (S 335,61,538) (D 0,0,0)
 0 1 58 95832 8454  13 (D 0,0,0) (S 363,560,559) (S 210,367,368) (S 39,79,78) (S 225,78,384) (S 224,387,388) (S 227,393,387) (S 689,765,368) (S 690,368,770) (S 691,770,767) (S 688,768,769) (S 686,768,767) (D 0,0,0)
 0 1 59 95694 8815  6 (D 0,0,0) (S 151,161,279) (S 747,268,801) (S 734,787,272) (S 753,801,156) (D 0,0,0)
 0 1 60 95896 8761  9 (D 0,0,0) (S 229,373,395) (S 228,394,390) (S 693,771,155) (S 74,66,148) (S 254,65,427) (S 765,427,808) (S 763,808,150) (D 0,0,0)
 0 1 61 95427 9737  9 (D 0,0,0) (S 762,149,807) (S 744,795,433) (S 748,433,798) (S 256,429,430) (S 743,429,798) (S 257,431,432) (S 754,788,803) (D 0,0,0)
 0 1 62 95920 9614  8 (D 0,0,0) (S 170,173,308) (S 252,271,423) (S 759,423,300) (S 756,805,804) (S 732,786,787) (S 727,278,783) (D 0,0,0)
 0 1 63 95830 7732  5 (D 0,0,0) (S 212,370,154) (S 251,153,422) (S 214,152,372) (D 0,0,0)
 0 1 64 95706 8896  10 (D 0,0,0) (S 231,372,367) (S 683,389,79) (S 682,79,765) (S 685,766,765) (S 45,95,96) (S 726,279,441) (S 262,441,152) (S 78,152,160) (D 0,0,0)
 0 1 65 94242 7499  6 (D 0,0,0) (S 56,110,112) (S 699,204,773) (S 213,151,371) (S 230,363,396) (D 0,0,0)
 0 1 66 95247 7357  9 (D 0,0,0) (S 676,762,397) (S 216,374,159) (S 79,159,158) (S 698,158,773) (S 697,377,396) (S 207,361,362) (S 234,397,111) (D 0,0,0)
 0 1 67 95953 10107  9 (D 0,0,0) (S 750,800,786) (S 733,786,788) (S 217,375,296) (S 3,13,12) (S 260,12,439) (S 737,437,796) (S 735,794,793) (D 0,0,0)
 0 1 68 95638 9390  8 (D 0,0,0) (S 266,444,270) (S 149,273,270) (S 166,301,277) (S 148,277,276) (S 264,276,443) (S 772,443,444) (D 0,0,0)
 0 1 69 95992 9571  10 (D 0,0,0) (S 91,171,169) (S 86,169,168) (S 85,168,164) (S 393,587,169) (S 87,171,170) (S 265,170,443) (S 169,306,307) (S 729,307,421) (D 0,0,0)
 0 1 70 95069 9510  9 (D 0,0,0) (S 277,77,456) (S 275,452,453) (S 394,588,164) (S 147,166,275) (S 146,275,274) (S 770,274,442) (S 774,171,455) (D 0,0,0)
 0 1 71 95850 9913  10 (D 0,0,0) (S 41,82,83) (S 150,277,274) (S 771,274,809) (S 768,440,165) (S 82,165,166) (S 83,166,163) (S 81,163,164) (S 154,174,286) (D 0,0,0)
 0 1 72 95976 10024  9 (D 0,0,0) (S 764,427,799) (S 742,799,429) (S 731,784,785) (S 259,437,438) (S 738,797,12) (S 760,797,375) (S 736,790,795) (D 0,0,0)
 0 1 73 95258 9708  8 (D 0,0,0) (S 745,801,800) (S 739,431,785) (S 258,435,436) (S 755,796,425) (S 758,806,805) (S 757,805,273) (D 0,0,0)
 0 1 74 95218 9657  8 (D 0,0,0) (S 261,275,440) (S 163,277,297) (S 164,297,298) (S 165,297,82) (S 167,82,171) (S 92,170,173) (D 0,0,0)
 0 1 75 95832 8965  7 (D 0,0,0) (S 667,757,147) (S 89,37,172) (S 730,783,421) (S 250,421,308) (S 145,269,268) (D 0,0,0)
 0 1 76 95213 8824  9 (D 0,0,0) (S 725,781,441) (S 152,279,278) (S 752,801,787) (S 171,272,307) (S 728,783,172) (S 15,37,36) (S 77,145,159) (D 0,0,0)
 0 1 77 94224 6415  6 (D 0,0,0) (S 668,351,758) (S 670,758,754) (S 73,146,147) (S 660,147,349) (D 0,0,0)
 0 1 78 94923 6411  9 (D 0,0,0) (S 200,349,181) (S 142,265,264) (S 144,264,267) (S 160,267,118) (S 59,118,117) (S 199,116,264) (S 95,181,177) (D 0,0,0)
 0 1 79 95492 6669  9 (D 0,0,0) (S 671,178,760) (S 202,351,352) (S 203,352,353) (S 669,758,759) (S 662,754,353) (S 665,353,755) (S 44,93,94) (D 0,0,0)
 0 1 80 95362 7882  6 (D 0,0,0) (S 381,23,573) (S 692,395,770) (S 687,767,373) (S 314,92,507) (D 0,0,0)
 0 1 81 95106 6951  8 (D 0,0,0) (S 664,94,755) (S 701,756,112) (S 700,112,204) (S 110,204,203) (S 211,203,369) (S 80,162,146) (D 0,0,0)
 0 1 82 94937 9296  8 (D 0,0,0) (S 233,363,374) (S 694,392,771) (S 255,67,428) (S 740,428,799) (S 741,428,68) (S 695,771,772) (D 0,0,0)
 0 1 83 95959 8888  9 (D 0,0,0) (S 684,766,470) (S 312,469,468) (S 751,157,800) (S 749,800,803) (S 746,803,802) (S 761,802,807) (S 75,149,157) (D 0,0,0)
 0 1 84 95706 8207  9 (D 0,0,0) (S 215,373,160) (S 249,160,420) (S 722,420,781) (S 723,781,782) (S 724,420,37) (S 316,37,509) (S 221,381,159) (D 0,0,0)
 0 1 85 95467 6312  6 (D 0,0,0) (S 218,377,110) (S 55,110,111) (S 226,111,94) (S 405,94,595) (D 0,0,0)
 0 1 86 95076 6441  7 (D 0,0,0) (S 397,345,113) (S 396,589,364) (S 209,366,365) (S 232,92,365) (S 208,363,364) (D 0,0,0)
 0 1 87 92724 6090  7 (D 0,0,0) (S 652,749,750) (S 654,750,343) (S 653,343,547) (S 343,547,333) (S 342,333,546) (D 0,0,0)
 0 1 88 95948 7916  10 (D 0,0,0) (S 31,55,60) (S 641,60,745) (S 188,338,337) (S 644,337,531) (S 631,732,504) (S 311,504,503) (S 341,544,541) (S 340,542,543) (D 0,0,0)
 0 1 89 95688 9169  10 (D 0,0,0) (S 25,60,61) (S 629,742,730) (S 626,740,741) (S 616,707,728) (S 613,728,511) (S 625,731,739) (S 651,739,743) (S 268,280,447) (D 0,0,0)
 0 1 90 91666 5908  10 (D 0,0,0) (S 675,589,762) (S 678,762,360) (S 206,360,359) (S 681,764,359) (S 680,359,763) (S 677,763,360) (S 679,763,595) (S 406,595,572) (D 0,0,0)
 0 1 91 95847 8427  8 (D 0,0,0) (S 345,506,544) (S 34,73,72) (S 36,72,74) (S 274,302,452) (S 276,455,304) (S 780,69,456) (D 0,0,0)
 0 1 92 95805 7174  9 (D 0,0,0) (S 696,377,773) (S 76,158,143) (S 72,143,144) (S 219,144,378) (S 708,775,146) (S 666,757,354) (S 663,756,755) (D 0,0,0)
 0 1 93 95931 7503  8 (D 0,0,0) (S 109,203,162) (S 704,378,382) (S 222,382,383) (S 702,382,381) (S 88,36,145) (S 43,91,90) (D 0,0,0)
 0 1 94 94251 7587  9 (D 0,0,0) (S 721,774,780) (S 709,775,776) (S 52,106,107) (S 54,107,109) (S 220,379,380) (S 706,379,109) (S 707,109,775) (D 0,0,0)
 0 1 95 95076 6880  8 (D 0,0,0) (S 162,118,108) (S 51,104,106) (S 710,106,776) (S 720,776,774) (S 703,774,267) (S 97,177,179) (D 0,0,0)
 0 1 96 95883 8905  12 (D 0,0,0) (S 196,347,348) (S 32,69,70) (S 37,76,70) (S 168,303,302) (S 773,306,444) (S 223,306,308) (S 93,173,80) (S 40,80,81) (S 90,80,172) (S 705,36,381) (D 0,0,0)
 0 1 97 94507 6734  8 (D 0,0,0) (S 50,104,105) (S 53,104,108) (S 155,108,283) (S 198,283,348) (S 195,347,180) (S 197,180,182) (D 0,0,0)
 0 1 98 92175 5939  8 (D 0,0,0) (S 407,572,596) (S 5,16,17) (S 430,618,619) (S 431,619,15) (S 4,14,15) (S 433,619,115) (D 0,0,0)
 0 1 99 95474 5466  9 (D 0,0,0) (S 395,591,590) (S 194,345,346) (S 57,113,114) (S 58,114,115) (S 432,115,591) (S 398,591,572) (S 376,572,523) (D 0,0,0)
 0 1 100 93752 1837  6 (D 0,0,0) (S 379,575,195) (S 442,609,620) (S 434,620,213) (S 436,213,622) (D 0,0,0)
 0 1 101 89656 3954  12 (D 0,0,0) (S 421,606,607) (S 419,607,198) (S 420,198,608) (S 10,25,26) (S 361,27,558) (S 364,558,524) (S 389,523,141) (S 390,141,189) (S 101,189,190) (S 410,190,142) (D 0,0,0)
 0 1 102 95839 4127  18 (D 0,0,0) (S 497,485,235) (S 124,235,234) (S 125,234,236) (S 513,236,654) (S 492,138,653) (S 494,653,412) (S 133,250,248) (S 132,248,249) (S 318,248,512) (S 525,408,238) (S 526,238,239) (S 127,239,240) (S 521,239,241) (S 523,241,670) (S 522,670,615) (S 423,612,611) (D 0,0,0)
 0 1 103 90864 1925  7 (D 0,0,0) (S 105,196,194) (S 104,194,193) (S 415,193,601) (S 416,193,574) (S 106,197,198) (D 0,0,0)
 0 1 104 92391 3624  10 (D 0,0,0) (S 435,212,621) (S 444,621,627) (S 475,222,634) (S 474,634,489) (S 297,489,487) (S 295,486,38) (S 120,38,228) (S 484,228,414) (D 0,0,0)
 0 1 105 79674 2462  9 (D 0,0,0) (S 447,626,215) (S 112,208,210) (S 111,208,207) (S 453,209,628) (S 448,628,211) (S 113,211,212) (S 452,622,607) (D 0,0,0)
 0 1 106 89536 4298  9 (D 0,0,0) (S 481,647,648) (S 480,648,649) (S 483,224,516) (S 6,19,18) (S 290,134,484) (S 107,200,199) (S 426,199,616) (D 0,0,0)
