708297
106
2400558
2350023
 0 1 1 90446 3633  11 (D 0,0,0) (S 108,201,202) (S 498,656,480) (S 247,418,226) (S 119,226,227) (S 505,406,663) (S 508,663,479) (S 69,135,136) (S 503,136,659) (S 511,660,658) (D 0,0,0)
 0 1 2 95978 6851  9 (D 0,0,0) (S 294,485,484) (S 68,134,138) (S 640,745,533) (S 332,533,340) (S 189,340,339) (S 641,745,60) (S 31,60,55) (D 0,0,0)
 0 1 3 92745 6002  11 (D 0,0,0) (S 293,200,485) (S 290,484,134) (S 509,483,653) (S 661,357,752) (S 659,751,753) (S 142,264,265) (S 95,181,177) (S 97,177,179) (S 96,182,183) (D 0,0,0)
 0 1 4 95093 4241  15 (D 0,0,0) (S 7,21,22) (S 392,24,586) (S 402,586,187) (S 100,187,188) (S 403,187,191) (S 103,191,192) (S 404,191,594) (S 400,593,594) (S 409,594,190) (S 102,190,140) (S 70,140,139) (S 364,524,558) (S 361,558,27) (D 0,0,0)
 0 1 5 94684 3661  9 (D 0,0,0) (S 296,132,488) (S 307,488,38) (S 295,38,486) (S 297,487,489) (S 474,489,634) (S 475,634,222) (S 440,417,457) (D 0,0,0)
 0 1 6 95764 5082  16 (D 0,0,0) (S 1,3,4) (S 468,4,635) (S 466,635,636) (S 467,637,638) (S 472,638,639) (S 473,638,642) (S 471,641,640) (S 470,640,496) (S 306,496,4) (S 305,4,495) (S 308,495,498) (S 463,498,315) (S 175,315,316) (S 458,217,221) (D 0,0,0)
 0 1 7 95046 4652  8 (D 0,0,0) (S 292,28,200) (S 289,134,483) (S 298,86,490) (S 299,490,130) (S 66,130,128) (S 540,128,253) (D 0,0,0)
 0 1 8 95346 4640  7 (D 0,0,0) (S 321,516,497) (S 541,517,652) (S 490,650,651) (S 491,652,492) (S 302,492,232) (D 0,0,0)
 0 1 9 94396 4959  8 (D 0,0,0) (S 537,611,677) (S 538,677,678) (S 130,246,245) (S 384,245,582) (S 386,582,49) (S 426,199,616) (D 0,0,0)
 0 1 10 92669 9914  9 (D 0,0,0) (S 748,433,798) (S 257,431,432) (S 739,431,785) (S 731,784,785) (S 258,435,436) (S 736,790,795) (S 751,800,157) (D 0,0,0)
 0 1 11 95950 9338  7 (D 0,0,0) (S 74,66,148) (S 255,67,428) (S 741,68,428) (S 764,799,427) (S 765,427,808) (D 0,0,0)
 0 1 12 95770 9356  8 (D 0,0,0) (S 740,428,799) (S 742,799,429) (S 256,429,430) (S 743,429,798) (S 744,433,795) (S 761,802,807) (D 0,0,0)
 0 1 13 95537 7864  7 (D 0,0,0) (S 151,161,279) (S 726,279,441) (S 262,441,152) (S 214,152,372) (S 229,395,373) (D 0,0,0)
 0 1 14 95738 7970  8 (D 0,0,0) (S 210,367,368) (S 689,368,765) (S 682,765,79) (S 683,79,389) (S 212,370,154) (S 251,153,422) (D 0,0,0)
 0 1 15 95322 7913  5 (D 0,0,0) (S 213,371,151) (S 75,149,157) (S 693,155,771) (D 0,0,0)
 0 1 16 95617 8040  6 (D 0,0,0) (S 687,373,767) (S 688,768,769) (S 692,770,395) (S 314,92,507) (D 0,0,0)
 0 1 17 95900 8916  8 (D 0,0,0) (S 722,420,781) (S 152,279,278) (S 752,801,787) (S 750,786,800) (S 747,801,268) (S 727,278,783) (D 0,0,0)
 0 1 18 95827 8876  7 (D 0,0,0) (S 729,421,307) (S 171,307,272) (S 145,269,268) (S 753,801,156) (S 694,771,392) (D 0,0,0)
 0 1 19 94357 8285  12 (D 0,0,0) (S 686,767,768) (S 691,767,770) (S 690,770,368) (S 685,765,766) (S 684,766,470) (S 312,469,468) (S 224,387,388) (S 227,393,387) (S 225,384,78) (S 39,78,79) (D 0,0,0)
 0 1 20 94722 7140  10 (D 0,0,0) (S 234,111,397) (S 696,377,773) (S 698,773,158) (S 79,158,159) (S 77,145,159) (S 76,158,143) (S 72,143,144) (S 80,162,146) (D 0,0,0)
 0 1 21 93037 4274  17 (D 0,0,0) (S 497,485,235) (S 124,235,234) (S 125,234,236) (S 519,654,612) (S 514,612,666) (S 515,667,243) (S 129,243,244) (S 520,243,666) (S 429,612,615) (S 424,614,409) (S 494,412,653) (S 492,653,138) (S 493,138,654) (S 513,654,236) (S 517,236,484) (D 0,0,0)
 0 1 22 91712 5050  12 (D 0,0,0) (S 518,667,669) (S 516,668,669) (S 531,669,673) (S 530,674,673) (S 529,673,672) (S 532,673,675) (S 533,676,675) (S 534,675,671) (S 527,671,672) (S 528,672,667) (D 0,0,0)
 0 1 23 95683 4410  16 (D 0,0,0) (S 423,611,612) (S 524,614,670) (S 523,670,241) (S 525,238,408) (S 133,250,248) (S 318,248,512) (S 132,248,249) (S 126,237,238) (S 526,238,239) (S 127,239,240) (S 521,239,241) (S 128,241,242) (S 522,670,615) (S 428,613,617) (D 0,0,0)
 0 1 24 95303 7096  10 (D 0,0,0) (S 427,199,617) (S 425,615,614) (S 339,506,287) (S 778,287,456) (S 277,456,77) (S 278,77,288) (S 155,283,108) (S 162,108,118) (D 0,0,0)
 0 1 25 95433 7009  9 (D 0,0,0) (S 198,348,283) (S 53,108,104) (S 50,104,105) (S 51,104,106) (S 710,106,776) (S 703,774,267) (S 200,181,349) (D 0,0,0)
 0 1 26 95154 7283  8 (D 0,0,0) (S 199,264,116) (S 52,106,107) (S 54,107,109) (S 707,109,775) (S 709,775,776) (S 720,776,774) (D 0,0,0)
 0 1 27 95574 7981  8 (D 0,0,0) (S 221,159,381) (S 15,36,37) (S 316,37,509) (S 724,37,420) (S 249,420,160) (S 43,91,90) (D 0,0,0)
 0 1 28 95880 8995  9 (D 0,0,0) (S 89,37,172) (S 40,80,81) (S 93,80,173) (S 92,173,170) (S 265,170,443) (S 772,443,444) (S 773,444,306) (D 0,0,0)
 0 1 29 95969 9007  10 (D 0,0,0) (S 223,308,306) (S 169,306,307) (S 734,272,787) (S 732,787,786) (S 733,786,788) (S 754,788,803) (S 762,807,149) (S 228,390,394) (D 0,0,0)
 0 1 30 95706 6893  7 (D 0,0,0) (S 676,762,397) (S 207,361,362) (S 230,396,363) (S 232,92,365) (S 208,363,364) (D 0,0,0)
 0 1 31 95496 5620  10 (D 0,0,0) (S 380,557,523) (S 376,523,572) (S 194,345,346) (S 675,589,762) (S 678,762,360) (S 677,360,763) (S 679,763,595) (S 406,595,572) (D 0,0,0)
 0 1 32 95506 5304  13 (D 0,0,0) (S 71,142,141) (S 388,189,581) (S 382,578,579) (S 414,597,600) (S 411,597,598) (S 412,599,176) (S 94,175,176) (S 413,176,580) (S 383,578,581) (S 99,185,186) (S 408,186,594) (D 0,0,0)
 0 1 33 95021 7264  9 (D 0,0,0) (S 10,25,26) (S 218,110,377) (S 699,773,204) (S 697,377,396) (S 206,360,359) (S 681,764,359) (S 680,359,763) (D 0,0,0)
 0 1 34 95537 6607  10 (D 0,0,0) (S 405,595,94) (S 665,755,353) (S 203,353,352) (S 202,352,351) (S 672,753,356) (S 204,356,355) (S 673,355,761) (S 674,355,751) (D 0,0,0)
 0 1 35 95847 8541  9 (D 0,0,0) (S 313,347,506) (S 345,506,544) (S 632,504,291) (S 156,291,280) (S 268,280,447) (S 630,281,743) (S 628,743,730) (D 0,0,0)
 0 1 36 94838 8113  9 (D 0,0,0) (S 190,341,294) (S 718,292,778) (S 713,778,502) (S 310,502,503) (S 329,528,529) (S 309,499,501) (S 647,529,97) (D 0,0,0)
 0 1 37 95352 7173  8 (D 0,0,0) (S 343,333,547) (S 636,547,336) (S 637,336,744) (S 635,332,59) (S 30,59,61) (S 335,61,538) (D 0,0,0)
 0 1 38 94158 6282  6 (D 0,0,0) (S 342,546,333) (S 186,333,334) (S 544,64,679) (S 543,679,680) (D 0,0,0)
 0 1 39 85727 6377  7 (D 0,0,0) (S 660,349,147) (S 667,147,757) (S 666,757,354) (S 662,353,754) (S 671,760,178) (D 0,0,0)
 0 1 40 95820 8080  7 (D 0,0,0) (S 25,60,61) (S 23,57,58) (S 621,58,736) (S 622,737,738) (S 620,737,736) (D 0,0,0)
 0 1 41 95291 8531  8 (D 0,0,0) (S 619,734,735) (S 618,735,728) (S 613,728,511) (S 616,728,707) (S 579,707,708) (S 583,708,57) (D 0,0,0)
 0 1 42 94947 7636  7 (D 0,0,0) (S 584,712,57) (S 28,57,44) (S 18,43,44) (S 19,44,48) (S 24,48,59) (D 0,0,0)
 0 1 43 93869 8787  10 (D 0,0,0) (S 627,48,742) (S 629,742,730) (S 625,731,739) (S 651,743,739) (S 650,739,713) (S 586,713,286) (S 157,284,281) (S 49,103,101) (D 0,0,0)
 0 1 44 95262 7728  8 (D 0,0,0) (S 638,338,532) (S 184,329,330) (S 633,330,729) (S 631,732,504) (S 311,504,503) (S 648,528,747) (D 0,0,0)
 0 1 45 95964 8859  9 (D 0,0,0) (S 617,732,730) (S 615,730,731) (S 626,740,741) (S 585,707,713) (S 624,739,285) (S 154,286,174) (S 153,285,284) (D 0,0,0)
 0 1 46 95208 8503  7 (D 0,0,0) (S 775,293,445) (S 267,445,446) (S 776,445,508) (S 315,454,303) (S 168,302,303) (D 0,0,0)
 0 1 47 95876 8705  7 (D 0,0,0) (S 276,304,455) (S 91,171,169) (S 393,169,587) (S 275,453,452) (S 274,452,302) (D 0,0,0)
 0 1 48 94478 9447  8 (D 0,0,0) (S 774,455,171) (S 86,169,168) (S 85,168,164) (S 394,164,588) (S 770,442,274) (S 266,270,444) (D 0,0,0)
 0 1 49 95525 9866  10 (D 0,0,0) (S 149,273,270) (S 766,809,424) (S 769,424,440) (S 261,440,275) (S 147,275,166) (S 146,275,274) (S 41,82,83) (S 167,82,171) (D 0,0,0)
 0 1 50 95582 9256  8 (D 0,0,0) (S 264,443,276) (S 148,276,277) (S 166,301,277) (S 163,277,297) (S 165,297,82) (S 87,171,170) (D 0,0,0)
 0 1 51 95925 10133  9 (D 0,0,0) (S 263,442,163) (S 83,163,166) (S 82,166,165) (S 768,165,440) (S 253,424,167) (S 84,167,165) (S 81,163,164) (D 0,0,0)
 0 1 52 95888 9524  8 (D 0,0,0) (S 252,271,423) (S 759,423,300) (S 767,301,809) (S 771,809,274) (S 150,274,277) (S 164,297,298) (D 0,0,0)
 0 1 53 94673 8532  7 (D 0,0,0) (S 90,172,80) (S 170,173,308) (S 250,308,421) (S 730,421,783) (S 728,783,172) (D 0,0,0)
 0 1 54 95833 10109  9 (D 0,0,0) (S 723,781,782) (S 725,781,441) (S 757,273,805) (S 758,805,806) (S 217,375,296) (S 3,13,12) (S 738,12,797) (D 0,0,0)
 0 1 55 91997 8039  10 (D 0,0,0) (S 780,456,69) (S 32,69,70) (S 270,76,448) (S 269,448,449) (S 717,289,779) (S 715,779,777) (S 645,746,102) (S 341,544,541) (D 0,0,0)
 0 1 56 88350 7136  7 (D 0,0,0) (S 187,336,335) (S 46,98,99) (S 47,99,84) (S 643,335,545) (S 344,545,547) (D 0,0,0)
 0 1 57 93522 7389  8 (D 0,0,0) (S 642,339,744) (S 188,338,337) (S 644,337,531) (S 614,500,729) (S 634,330,332) (S 185,332,331) (D 0,0,0)
 0 1 58 93219 7496  14 (D 0,0,0) (S 591,538,718) (S 603,718,324) (S 601,324,719) (S 592,719,720) (S 594,720,699) (S 574,698,530) (S 604,124,724) (S 62,124,123) (S 61,122,123) (S 64,123,126) (S 281,126,459) (S 355,554,317) (D 0,0,0)
 0 1 59 95957 6869  8 (D 0,0,0) (S 365,556,323) (S 336,538,323) (S 333,535,530) (S 331,530,124) (S 63,125,123) (S 567,318,564) (D 0,0,0)
 0 1 60 94465 7477  13 (D 0,0,0) (S 370,564,565) (S 550,565,691) (S 553,691,127) (S 65,127,126) (S 607,724,727) (S 609,727,326) (S 608,326,723) (S 610,723,725) (S 606,725,726) (S 182,326,325) (S 327,525,526) (D 0,0,0)
 0 1 61 95452 6583  11 (D 0,0,0) (S 324,309,519) (S 351,520,313) (S 174,313,314) (S 563,314,312) (S 565,312,695) (S 549,688,690) (S 548,687,686) (S 560,693,695) (S 366,561,263) (D 0,0,0)
 0 1 62 95725 6974  14 (D 0,0,0) (S 561,561,695) (S 13,32,31) (S 12,31,30) (S 140,261,30) (S 139,30,260) (S 555,260,534) (S 334,534,537) (S 557,260,691) (S 176,318,317) (S 358,317,551) (S 350,551,552) (S 353,551,522) (D 0,0,0)
 0 1 63 92817 6690  9 (D 0,0,0) (S 287,476,477) (S 359,521,556) (S 556,556,550) (S 348,549,539) (S 338,540,539) (S 337,539,55) (S 639,546,745) (D 0,0,0)
 0 1 64 95940 8083  11 (D 0,0,0) (S 180,323,324) (S 181,324,322) (S 178,321,319) (S 589,712,718) (S 352,505,459) (S 354,459,554) (S 554,554,127) (S 566,127,318) (S 368,564,553) (D 0,0,0)
 0 1 65 93080 7029  13 (D 0,0,0) (S 326,519,520) (S 369,555,562) (S 367,562,563) (S 546,563,684) (S 138,32,259) (S 545,259,683) (S 547,685,35) (S 14,33,34) (S 551,685,692) (S 558,682,693) (S 562,561,262) (D 0,0,0)
 0 1 66 95634 5849  9 (D 0,0,0) (S 323,88,119) (S 569,696,697) (S 568,697,53) (S 26,53,62) (S 191,51,342) (S 193,46,344) (S 131,50,247) (D 0,0,0)
 0 1 67 95987 7550  11 (D 0,0,0) (S 239,237,402) (S 721,774,780) (S 704,378,382) (S 222,382,383) (S 702,382,381) (S 705,381,36) (S 88,36,145) (S 233,374,363) (S 396,364,589) (D 0,0,0)
 0 1 68 91546 5296  10 (D 0,0,0) (S 398,572,591) (S 395,591,590) (S 397,345,113) (S 57,113,114) (S 58,114,115) (S 432,115,591) (S 362,557,559) (S 381,573,23) (D 0,0,0)
 0 1 69 95455 6465  8 (D 0,0,0) (S 107,200,199) (S 144,264,267) (S 160,267,118) (S 59,118,117) (S 196,348,347) (S 195,347,180) (D 0,0,0)
 0 1 70 95921 7690  10 (D 0,0,0) (S 340,542,543) (S 646,341,100) (S 48,102,101) (S 714,101,777) (S 719,778,747) (S 649,748,746) (S 712,746,97) (S 42,84,85) (D 0,0,0)
 0 1 71 95151 8235  8 (D 0,0,0) (S 711,295,777) (S 716,779,778) (S 330,502,527) (S 328,527,293) (S 158,293,291) (S 272,449,450) (D 0,0,0)
 0 1 72 95978 7695  7 (D 0,0,0) (S 34,73,72) (S 36,72,74) (S 273,75,451) (S 271,451,449) (S 159,289,295) (D 0,0,0)
 0 1 73 95582 7713  10 (D 0,0,0) (S 197,182,180) (S 161,282,287) (S 38,77,69) (S 779,69,811) (S 777,810,811) (S 37,70,76) (S 35,75,74) (S 33,72,71) (D 0,0,0)
 0 1 74 94301 7383  9 (D 0,0,0) (S 700,112,204) (S 110,204,203) (S 211,203,369) (S 109,203,162) (S 219,144,378) (S 220,379,380) (S 706,379,109) (D 0,0,0)
 0 1 75 95179 6229  9 (D 0,0,0) (S 44,93,94) (S 226,94,111) (S 55,111,110) (S 56,110,112) (S 701,112,756) (S 663,756,755) (S 664,755,94) (D 0,0,0)
 0 1 76 92175 5939  8 (D 0,0,0) (S 433,115,619) (S 4,14,15) (S 431,15,619) (S 430,619,618) (S 5,16,17) (S 407,596,572) (D 0,0,0)
 0 1 77 95880 3989  10 (D 0,0,0) (S 535,677,246) (S 536,246,584) (S 387,584,583) (S 389,523,141) (S 390,141,189) (S 101,189,190) (S 410,190,142) (S 360,139,557) (D 0,0,0)
 0 1 78 94383 6790  9 (D 0,0,0) (S 495,235,655) (S 496,655,617) (S 708,775,146) (S 73,146,147) (S 670,754,758) (S 669,758,759) (S 668,758,351) (D 0,0,0)
 0 1 79 82891 5749  10 (D 0,0,0) (S 325,476,256) (S 136,256,255) (S 346,255,257) (S 347,257,548) (S 60,121,120) (S 542,120,258) (S 137,258,257) (S 349,255,478) (D 0,0,0)
 0 1 80 86136 5799  9 (D 0,0,0) (S 172,309,310) (S 357,313,311) (S 356,311,263) (S 141,263,262) (S 559,262,518) (S 135,253,254) (S 322,87,474) (D 0,0,0)
 0 1 81 93484 3825  11 (D 0,0,0) (S 501,660,659) (S 502,659,137) (S 504,137,661) (S 510,661,662) (S 507,662,663) (S 481,647,648) (S 480,648,649) (S 483,224,516) (S 6,19,18) (D 0,0,0)
 0 1 82 95266 6064  8 (D 0,0,0) (S 242,407,247) (S 205,357,358) (S 657,357,514) (S 319,513,514) (S 658,514,49) (S 385,245,584) (D 0,0,0)
 0 1 83 46970 1004  8 (D 0,0,0) (S 285,464,465) (S 284,463,464) (S 286,466,467) (S 283,461,462) (S 418,605,603) (S 417,603,604) (D 0,0,0)
 0 1 84 95968 8806  18 (D 0,0,0) (S 600,723,698) (S 595,720,721) (S 593,721,704) (S 575,702,700) (S 581,709,710) (S 580,709,705) (S 582,705,711) (S 598,717,722) (S 375,568,570) (S 578,570,706) (S 611,706,715) (S 587,715,714) (S 605,714,725) (S 552,536,691) (S 564,562,314) (S 173,312,311) (D 0,0,0)
 0 1 85 95254 8845  18 (D 0,0,0) (S 599,721,716) (S 588,716,322) (S 179,322,321) (S 282,460,321) (S 177,319,320) (S 371,319,568) (S 596,568,722) (S 612,722,706) (S 576,706,705) (S 577,705,700) (S 571,700,701) (S 572,702,703) (S 573,704,699) (S 570,699,698) (S 602,698,719) (S 597,719,535) (D 0,0,0)
 0 1 86 95392 8591  8 (D 0,0,0) (S 27,58,52) (S 373,52,327) (S 372,510,566) (S 183,327,328) (S 374,52,569) (S 590,569,712) (D 0,0,0)
 0 1 87 94407 9554  8 (D 0,0,0) (S 21,52,47) (S 17,41,42) (S 280,458,42) (S 22,42,56) (S 317,47,510) (S 623,733,736) (D 0,0,0)
 0 1 88 95303 5025  6 (D 0,0,0) (S 539,643,490) (S 300,130,251) (S 301,45,491) (S 469,491,407) (D 0,0,0)
 0 1 89 95306 2251  7 (D 0,0,0) (S 8,23,21) (S 9,21,24) (S 391,24,585) (S 401,585,592) (S 399,592,586) (D 0,0,0)
 0 1 90 75709 1770  6 (D 0,0,0) (S 416,574,193) (S 415,193,601) (S 104,193,194) (S 105,194,196) (D 0,0,0)
 0 1 91 95762 7338  8 (D 0,0,0) (S 377,573,560) (S 363,560,559) (S 216,374,159) (S 78,152,160) (S 215,160,373) (S 209,365,366) (D 0,0,0)
 0 1 92 95578 8969  7 (D 0,0,0) (S 231,372,367) (S 695,771,772) (S 45,95,96) (S 254,65,427) (S 763,808,150) (D 0,0,0)
 0 1 93 95966 9912  12 (D 0,0,0) (S 745,801,800) (S 749,800,803) (S 746,803,802) (S 735,793,794) (S 755,425,796) (S 737,796,437) (S 259,437,438) (S 260,12,439) (S 760,797,375) (S 756,804,805) (D 0,0,0)
 0 1 94 93067 6446  8 (D 0,0,0) (S 29,62,63) (S 192,54,343) (S 653,547,343) (S 654,343,750) (S 652,750,749) (S 134,252,129) (D 0,0,0)
 0 1 95 94390 2349  11 (D 0,0,0) (S 436,622,213) (S 435,212,621) (S 444,621,627) (S 449,627,211) (S 448,211,628) (S 451,628,214) (S 114,214,215) (S 447,215,626) (S 452,622,607) (D 0,0,0)
 0 1 96 88596 4205  9 (D 0,0,0) (S 500,658,657) (S 499,657,414) (S 484,414,228) (S 11,6,29) (S 488,5,40) (S 16,40,39) (S 120,38,228) (D 0,0,0)
 0 1 97 90923 4545  10 (D 0,0,0) (S 486,228,133) (S 67,131,132) (S 303,132,229) (S 121,229,230) (S 122,230,231) (S 320,515,7) (S 2,9,10) (S 489,10,5) (D 0,0,0)
 0 1 98 91331 1836  6 (D 0,0,0) (S 421,606,607) (S 434,213,620) (S 442,620,609) (S 441,609,577) (D 0,0,0)
 0 1 99 93370 3943  10 (D 0,0,0) (S 113,212,211) (S 443,627,457) (S 245,414,413) (S 479,646,232) (S 123,232,233) (S 304,232,493) (S 487,494,645) (S 485,645,131) (D 0,0,0)
 0 1 100 95901 3178  12 (D 0,0,0) (S 111,208,207) (S 246,415,223) (S 118,223,222) (S 476,222,416) (S 456,415,209) (S 453,209,628) (S 454,214,630) (S 450,629,630) (S 455,630,625) (S 438,625,212) (D 0,0,0)
 0 1 101 92557 5571  13 (D 0,0,0) (S 655,751,752) (S 656,752,183) (S 98,183,184) (S 201,350,184) (S 143,184,266) (S 20,50,49) (S 243,407,402) (S 288,479,135) (S 291,135,482) (S 512,482,660) (S 437,623,624) (D 0,0,0)
 0 1 102 92552 3249  9 (D 0,0,0) (S 248,419,403) (S 238,401,398) (S 235,398,206) (S 236,205,399) (S 237,399,400) (S 241,400,404) (S 445,419,208) (D 0,0,0)
 0 1 103 92576 3301  8 (D 0,0,0) (S 462,632,220) (S 117,220,221) (S 457,221,631) (S 459,631,216) (S 461,216,633) (S 240,401,403) (D 0,0,0)
 0 1 104 92557 3678  9 (D 0,0,0) (S 464,634,2) (S 465,2,218) (S 116,218,217) (S 115,217,216) (S 460,631,632) (S 112,208,210) (S 446,208,215) (D 0,0,0)
 0 1 105 95742 3557  9 (D 0,0,0) (S 506,657,664) (S 244,411,410) (S 482,405,647) (S 477,647,646) (S 478,646,413) (S 279,457,209) (S 439,625,626) (D 0,0,0)
 0 1 106 85644 2041  8 (D 0,0,0) (S 378,576,575) (S 379,575,195) (S 106,197,198) (S 420,198,608) (S 419,198,607) (S 422,606,610) (D 0,0,0)
