710297
106
2400504
2254080
 0 1 1 95935 7676  9 (D 0,0,0) (S 509,483,653) (S 160,267,118) (S 155,108,283) (S 277,77,456) (S 779,69,811) (S 777,810,811) (S 778,456,287) (D 0,0,0)
 0 1 2 95901 4625  8 (D 0,0,0) (S 126,238,237) (S 469,407,491) (S 300,251,130) (S 299,130,490) (S 298,490,86) (S 321,497,516) (D 0,0,0)
 0 1 3 95881 7467  6 (D 0,0,0) (S 190,341,294) (S 33,71,72) (S 34,73,72) (S 142,264,265) (D 0,0,0)
 0 1 4 95675 4605  5 (D 0,0,0) (S 536,246,584) (S 386,49,582) (S 130,245,246) (D 0,0,0)
 0 1 5 95950 4927  7 (D 0,0,0) (S 294,485,484) (S 322,474,87) (S 135,253,254) (S 540,253,128) (S 66,128,130) (D 0,0,0)
 0 1 6 95957 5050  13 (D 0,0,0) (S 520,666,243) (S 518,667,669) (S 516,668,669) (S 531,669,673) (S 530,674,673) (S 532,673,675) (S 533,676,675) (S 534,675,671) (S 527,671,672) (S 529,673,672) (S 528,672,667) (D 0,0,0)
 0 1 7 95112 2131  7 (D 0,0,0) (S 379,575,195) (S 420,198,608) (S 442,609,620) (S 434,620,213) (S 436,213,622) (D 0,0,0)
 0 1 8 93650 6047  13 (D 0,0,0) (S 559,518,262) (S 141,262,263) (S 366,263,561) (S 561,561,695) (S 565,695,312) (S 563,312,314) (S 174,314,313) (S 357,313,311) (S 351,313,520) (S 136,255,256) (S 325,256,476) (D 0,0,0)
 0 1 9 94706 7340  16 (D 0,0,0) (S 503,659,136) (S 69,136,135) (S 356,263,311) (S 173,311,312) (S 564,314,562) (S 367,562,563) (S 546,563,684) (S 138,32,259) (S 545,259,683) (S 551,685,692) (S 547,685,35) (S 14,33,34) (S 558,682,693) (S 560,693,695) (D 0,0,0)
 0 1 10 95919 8157  13 (D 0,0,0) (S 353,522,551) (S 350,551,552) (S 355,317,554) (S 354,554,459) (S 352,459,505) (S 595,720,721) (S 598,717,722) (S 596,722,568) (S 371,568,319) (S 177,319,320) (S 178,319,321) (D 0,0,0)
 0 1 11 94637 7814  9 (D 0,0,0) (S 313,347,506) (S 345,506,544) (S 645,102,746) (S 717,779,289) (S 271,449,451) (S 273,451,75) (S 35,75,74) (D 0,0,0)
 0 1 12 37189 1162  3 (D 0,0,0) (S 422,606,610) (D 0,0,0)
 0 1 13 95933 4164  10 (D 0,0,0) (S 443,627,457) (S 120,228,38) (S 488,40,5) (S 16,40,39) (S 296,488,132) (S 303,132,229) (S 444,627,621) (S 435,621,212) (D 0,0,0)
 0 1 14 95771 3525  10 (D 0,0,0) (S 292,28,200) (S 537,611,677) (S 538,677,678) (S 535,246,677) (S 496,617,655) (S 495,655,235) (S 498,480,656) (S 108,202,201) (D 0,0,0)
 0 1 15 94885 8277  7 (D 0,0,0) (S 718,292,778) (S 719,778,747) (S 648,747,528) (S 310,502,503) (S 46,98,99) (D 0,0,0)
 0 1 16 95919 6355  11 (D 0,0,0) (S 524,614,670) (S 523,670,241) (S 239,237,402) (S 202,351,352) (S 203,352,353) (S 666,354,757) (S 668,758,351) (S 671,760,178) (S 428,613,617) (D 0,0,0)
 0 1 17 94753 8065  10 (D 0,0,0) (S 49,103,101) (S 715,777,779) (S 716,779,778) (S 713,778,502) (S 330,502,527) (S 328,527,293) (S 159,289,295) (S 711,295,777) (D 0,0,0)
 0 1 18 94956 7089  12 (D 0,0,0) (S 368,553,564) (S 567,564,318) (S 61,122,123) (S 331,530,124) (S 327,525,526) (S 334,534,537) (S 555,534,260) (S 557,260,691) (S 369,562,555) (S 326,520,519) (D 0,0,0)
 0 1 19 95835 8621  19 (D 0,0,0) (S 64,126,123) (S 604,124,724) (S 600,723,698) (S 587,714,715) (S 611,715,706) (S 612,706,722) (S 375,568,570) (S 578,570,706) (S 576,706,705) (S 577,705,700) (S 571,700,701) (S 575,700,702) (S 572,702,703) (S 594,699,720) (S 592,720,719) (S 602,719,698) (S 574,698,530) (D 0,0,0)
 0 1 20 95065 7746  13 (D 0,0,0) (S 359,521,556) (S 336,323,538) (S 603,718,324) (S 181,324,322) (S 582,711,705) (S 580,705,709) (S 581,709,710) (S 605,714,725) (S 608,723,326) (S 281,126,459) (S 287,477,476) (D 0,0,0)
 0 1 21 95150 7073  10 (D 0,0,0) (S 358,551,317) (S 554,554,127) (S 333,530,535) (S 597,535,719) (S 601,719,324) (S 180,324,323) (S 365,323,556) (S 556,556,550) (D 0,0,0)
 0 1 22 95098 4124  8 (D 0,0,0) (S 506,657,664) (S 477,647,646) (S 479,646,232) (S 123,232,233) (S 478,646,413) (S 245,413,414) (D 0,0,0)
 0 1 23 95464 9002  7 (D 0,0,0) (S 773,306,444) (S 266,444,270) (S 148,276,277) (S 165,297,82) (S 167,82,171) (D 0,0,0)
 0 1 24 93557 7341  10 (D 0,0,0) (S 553,127,691) (S 139,260,30) (S 140,261,30) (S 12,30,31) (S 13,31,32) (S 549,688,690) (S 548,687,686) (S 562,561,262) (D 0,0,0)
 0 1 25 90864 1925  7 (D 0,0,0) (S 105,196,194) (S 104,194,193) (S 415,193,601) (S 416,193,574) (S 106,197,198) (D 0,0,0)
 0 1 26 91673 3512  13 (D 0,0,0) (S 437,624,623) (S 511,658,660) (S 512,660,482) (S 291,482,135) (S 288,135,479) (S 508,479,663) (S 119,226,227) (S 482,647,405) (S 244,410,411) (S 449,627,211) (S 113,211,212) (D 0,0,0)
 0 1 27 95395 7957  10 (D 0,0,0) (S 340,542,543) (S 341,541,544) (S 649,746,748) (S 329,528,529) (S 309,499,501) (S 614,500,729) (S 633,729,330) (S 634,330,332) (D 0,0,0)
 0 1 28 95239 8235  8 (D 0,0,0) (S 621,58,736) (S 620,736,737) (S 622,737,738) (S 615,731,730) (S 184,330,329) (S 25,61,60) (D 0,0,0)
 0 1 29 93188 4663  8 (D 0,0,0) (S 485,131,645) (S 304,493,232) (S 302,232,492) (S 491,492,652) (S 490,650,651) (S 541,652,517) (D 0,0,0)
 0 1 30 94477 7740  7 (D 0,0,0) (S 36,72,74) (S 270,76,448) (S 269,448,449) (S 272,449,450) (S 161,287,282) (D 0,0,0)
 0 1 31 94632 5212  7 (D 0,0,0) (S 131,247,50) (S 301,45,491) (S 134,252,129) (S 539,490,643) (S 493,138,654) (D 0,0,0)
 0 1 32 95977 8087  6 (D 0,0,0) (S 599,721,716) (S 583,708,57) (S 28,57,44) (S 18,43,44) (D 0,0,0)
 0 1 33 95834 7720  7 (D 0,0,0) (S 591,538,718) (S 589,718,712) (S 584,712,57) (S 23,57,58) (S 24,48,59) (D 0,0,0)
 0 1 34 95697 9061  10 (D 0,0,0) (S 179,322,321) (S 282,460,321) (S 374,569,52) (S 317,47,510) (S 372,510,566) (S 183,327,328) (S 373,327,52) (S 590,569,712) (D 0,0,0)
 0 1 35 95056 9535  11 (D 0,0,0) (S 570,698,699) (S 573,699,704) (S 593,704,721) (S 588,716,322) (S 280,458,42) (S 22,42,56) (S 17,42,41) (S 21,47,52) (S 27,52,58) (D 0,0,0)
 0 1 36 95802 8531  9 (D 0,0,0) (S 19,48,44) (S 623,736,733) (S 619,734,735) (S 618,735,728) (S 613,728,511) (S 616,728,707) (S 579,707,708) (D 0,0,0)
 0 1 37 95561 6528  10 (D 0,0,0) (S 97,179,177) (S 95,177,181) (S 199,264,116) (S 59,117,118) (S 198,283,348) (S 196,348,347) (S 195,347,180) (S 197,180,182) (D 0,0,0)
 0 1 38 95277 5309  14 (D 0,0,0) (S 361,27,558) (S 364,558,524) (S 389,523,141) (S 390,141,189) (S 414,597,600) (S 411,597,598) (S 412,599,176) (S 94,175,176) (S 413,176,580) (S 382,578,579) (S 383,578,581) (S 71,141,142) (D 0,0,0)
 0 1 39 95688 9486  8 (D 0,0,0) (S 381,23,573) (S 228,394,390) (S 743,798,429) (S 256,429,430) (S 742,429,799) (S 741,428,68) (D 0,0,0)
 0 1 40 95517 9698  9 (D 0,0,0) (S 763,150,808) (S 765,808,427) (S 764,427,799) (S 257,431,432) (S 739,431,785) (S 731,784,785) (S 733,788,786) (D 0,0,0)
 0 1 41 95335 9061  8 (D 0,0,0) (S 753,156,801) (S 745,801,800) (S 754,803,788) (S 756,804,805) (S 757,805,273) (S 171,272,307) (D 0,0,0)
 0 1 42 95054 7956  8 (D 0,0,0) (S 396,589,364) (S 687,373,767) (S 689,368,765) (S 225,78,384) (S 693,771,155) (S 212,154,370) (D 0,0,0)
 0 1 43 92264 5671  9 (D 0,0,0) (S 398,572,591) (S 397,345,113) (S 57,113,114) (S 58,114,115) (S 430,619,618) (S 5,16,17) (S 407,596,572) (D 0,0,0)
 0 1 44 92979 6928  9 (D 0,0,0) (S 426,199,616) (S 657,514,357) (S 721,774,780) (S 703,774,267) (S 144,267,264) (S 96,182,183) (S 143,184,266) (D 0,0,0)
 0 1 45 95673 8957  6 (D 0,0,0) (S 751,157,800) (S 746,803,802) (S 762,807,149) (S 45,95,96) (D 0,0,0)
 0 1 46 95634 8955  8 (D 0,0,0) (S 363,560,559) (S 75,157,149) (S 254,65,427) (S 740,799,428) (S 255,428,67) (S 74,66,148) (D 0,0,0)
 0 1 47 95911 8774  8 (D 0,0,0) (S 730,783,421) (S 250,421,308) (S 170,308,173) (S 93,173,80) (S 40,80,81) (S 90,80,172) (D 0,0,0)
 0 1 48 95702 10035  11 (D 0,0,0) (S 736,795,790) (S 744,795,433) (S 748,433,798) (S 258,435,436) (S 259,437,438) (S 737,437,796) (S 735,794,793) (S 732,786,787) (S 145,269,268) (D 0,0,0)
 0 1 49 95787 10064  8 (D 0,0,0) (S 755,425,796) (S 738,797,12) (S 3,12,13) (S 260,12,439) (S 760,797,375) (S 758,806,805) (D 0,0,0)
 0 1 50 95959 9428  9 (D 0,0,0) (S 149,273,270) (S 252,271,423) (S 759,423,300) (S 166,301,277) (S 163,277,297) (S 164,297,298) (S 41,82,83) (D 0,0,0)
 0 1 51 93422 4250  14 (D 0,0,0) (S 68,134,138) (S 492,138,653) (S 494,653,412) (S 133,250,248) (S 318,248,512) (S 132,248,249) (S 525,408,238) (S 526,238,239) (S 127,239,240) (S 521,239,241) (S 128,241,242) (S 522,670,615) (D 0,0,0)
 0 1 52 94780 7383  5 (D 0,0,0) (S 232,365,92) (S 213,371,151) (S 214,152,372) (D 0,0,0)
 0 1 53 95673 8351  7 (D 0,0,0) (S 631,732,504) (S 311,503,504) (S 632,504,291) (S 158,291,293) (S 339,287,506) (D 0,0,0)
 0 1 54 94247 3729  12 (D 0,0,0) (S 391,24,585) (S 401,585,592) (S 399,592,586) (S 402,586,187) (S 100,187,188) (S 403,187,191) (S 103,191,192) (S 400,593,594) (S 409,594,190) (S 410,190,142) (D 0,0,0)
 0 1 55 93756 7752  10 (D 0,0,0) (S 243,402,407) (S 646,341,100) (S 48,102,101) (S 714,101,777) (S 712,746,97) (S 647,97,529) (S 344,545,547) (S 186,333,334) (D 0,0,0)
 0 1 56 95558 9673  9 (D 0,0,0) (S 37,76,70) (S 276,304,455) (S 81,164,163) (S 263,163,442) (S 770,442,274) (S 146,274,275) (S 150,274,277) (D 0,0,0)
 0 1 57 95289 9727  8 (D 0,0,0) (S 83,163,166) (S 768,165,440) (S 769,440,424) (S 766,424,809) (S 771,809,274) (S 264,276,443) (D 0,0,0)
 0 1 58 94864 9015  9 (D 0,0,0) (S 393,169,587) (S 394,588,164) (S 85,164,168) (S 86,168,169) (S 91,169,171) (S 774,171,455) (S 168,302,303) (D 0,0,0)
 0 1 59 94765 10473  9 (D 0,0,0) (S 217,375,296) (S 767,301,809) (S 253,424,167) (S 84,167,165) (S 82,165,166) (S 147,166,275) (S 261,275,440) (D 0,0,0)
 0 1 60 95395 8539  10 (D 0,0,0) (S 427,199,617) (S 775,293,445) (S 267,445,446) (S 776,445,508) (S 275,453,452) (S 274,452,302) (S 38,69,77) (S 278,77,288) (D 0,0,0)
 0 1 61 94206 6568  9 (D 0,0,0) (S 319,513,514) (S 655,752,751) (S 659,751,753) (S 672,753,356) (S 204,356,355) (S 673,355,761) (S 674,355,751) (D 0,0,0)
 0 1 62 95757 9140  8 (D 0,0,0) (S 747,268,801) (S 752,801,787) (S 734,787,272) (S 750,786,800) (S 749,800,803) (S 761,802,807) (D 0,0,0)
 0 1 63 95763 8749  8 (D 0,0,0) (S 153,284,285) (S 624,285,739) (S 585,713,707) (S 626,740,741) (S 629,730,742) (S 627,742,48) (D 0,0,0)
 0 1 64 92891 7067  7 (D 0,0,0) (S 73,147,146) (S 708,146,775) (S 706,109,379) (S 220,379,380) (S 219,378,144) (D 0,0,0)
 0 1 65 95783 8668  9 (D 0,0,0) (S 780,456,69) (S 32,69,70) (S 315,303,454) (S 630,281,743) (S 651,743,739) (S 628,743,730) (S 617,730,732) (D 0,0,0)
 0 1 66 95681 8573  9 (D 0,0,0) (S 625,731,739) (S 650,739,713) (S 586,713,286) (S 154,286,174) (S 157,284,281) (S 268,280,447) (S 156,280,291) (D 0,0,0)
 0 1 67 92161 6928  7 (D 0,0,0) (S 643,545,335) (S 42,85,84) (S 47,99,84) (S 187,335,336) (S 636,336,547) (D 0,0,0)
 0 1 68 95676 3225  13 (D 0,0,0) (S 438,212,625) (S 454,630,214) (S 279,209,457) (S 440,457,417) (S 476,416,222) (S 118,222,223) (S 246,223,415) (S 456,415,209) (S 450,629,630) (S 455,630,625) (S 439,625,626) (D 0,0,0)
 0 1 69 93954 7130  9 (D 0,0,0) (S 226,94,111) (S 699,773,204) (S 110,204,203) (S 211,203,369) (S 109,203,162) (S 80,162,146) (S 423,612,611) (D 0,0,0)
 0 1 70 95570 6109  9 (D 0,0,0) (S 517,484,236) (S 519,654,612) (S 652,749,750) (S 654,750,343) (S 653,343,547) (S 343,547,333) (S 342,333,546) (D 0,0,0)
 0 1 71 90317 6122  10 (D 0,0,0) (S 542,258,120) (S 60,120,121) (S 338,540,539) (S 348,539,549) (S 347,548,257) (S 137,257,258) (S 324,519,309) (S 172,309,310) (D 0,0,0)
 0 1 72 94927 6451  9 (D 0,0,0) (S 44,93,94) (S 56,110,112) (S 700,204,112) (S 701,112,756) (S 663,756,755) (S 664,755,94) (S 405,94,595) (D 0,0,0)
 0 1 73 93760 3850  13 (D 0,0,0) (S 9,21,24) (S 392,24,586) (S 404,191,594) (S 408,594,186) (S 99,186,185) (S 388,581,189) (S 101,189,190) (S 102,190,140) (S 70,140,139) (S 360,139,557) (S 362,557,559) (D 0,0,0)
 0 1 74 94707 7490  10 (D 0,0,0) (S 233,363,374) (S 229,373,395) (S 692,395,770) (S 691,770,767) (S 686,767,768) (S 688,768,769) (S 690,770,368) (S 210,368,367) (D 0,0,0)
 0 1 75 95774 7571  10 (D 0,0,0) (S 162,118,108) (S 50,104,105) (S 51,104,106) (S 52,106,107) (S 54,107,109) (S 72,144,143) (S 696,773,377) (S 676,397,762) (D 0,0,0)
 0 1 76 95114 7389  8 (D 0,0,0) (S 707,775,109) (S 704,378,382) (S 702,382,381) (S 705,36,381) (S 221,381,159) (S 76,158,143) (D 0,0,0)
 0 1 77 93958 6912  7 (D 0,0,0) (S 206,359,360) (S 207,361,362) (S 697,396,377) (S 218,377,110) (S 55,110,111) (D 0,0,0)
 0 1 78 95721 7044  7 (D 0,0,0) (S 53,108,104) (S 710,106,776) (S 709,775,776) (S 720,776,774) (S 200,181,349) (D 0,0,0)
 0 1 79 95631 6886  7 (D 0,0,0) (S 395,591,590) (S 698,773,158) (S 79,158,159) (S 216,159,374) (S 208,363,364) (D 0,0,0)
 0 1 80 95996 3819  10 (D 0,0,0) (S 500,658,657) (S 499,657,414) (S 481,647,648) (S 480,648,649) (S 483,224,516) (S 6,19,18) (S 289,483,134) (S 290,134,484) (D 0,0,0)
 0 1 81 85969 2211  6 (D 0,0,0) (S 419,607,198) (S 441,609,577) (S 7,21,22) (S 8,21,23) (D 0,0,0)
 0 1 82 94066 7253  15 (D 0,0,0) (S 370,564,565) (S 550,565,691) (S 552,691,536) (S 182,325,326) (S 610,723,725) (S 606,725,726) (S 609,326,727) (S 607,727,724) (S 62,124,123) (S 63,125,123) (S 65,126,127) (S 566,127,318) (S 176,318,317) (D 0,0,0)
 0 1 83 95834 8440  12 (D 0,0,0) (S 682,79,765) (S 685,765,766) (S 684,766,470) (S 312,469,468) (S 224,387,388) (S 227,393,387) (S 694,392,771) (S 695,771,772) (S 39,78,79) (S 683,79,389) (D 0,0,0)
 0 1 84 90643 5652  8 (D 0,0,0) (S 658,49,514) (S 205,357,358) (S 661,357,752) (S 656,752,183) (S 98,183,184) (S 201,350,184) (D 0,0,0)
 0 1 85 92912 9048  9 (D 0,0,0) (S 223,308,306) (S 169,306,307) (S 729,421,307) (S 772,444,443) (S 265,443,170) (S 87,170,171) (S 92,170,173) (D 0,0,0)
 0 1 86 95285 7117  10 (D 0,0,0) (S 192,54,343) (S 637,336,744) (S 188,338,337) (S 644,337,531) (S 638,532,338) (S 642,744,339) (S 641,745,60) (S 31,60,55) (D 0,0,0)
 0 1 87 93046 6248  12 (D 0,0,0) (S 380,557,523) (S 387,583,584) (S 385,584,245) (S 384,245,582) (S 20,49,50) (S 543,679,680) (S 544,679,64) (S 337,55,539) (S 346,257,255) (S 349,255,478) (D 0,0,0)
 0 1 88 95272 6458  9 (D 0,0,0) (S 665,755,353) (S 662,353,754) (S 670,754,758) (S 669,758,759) (S 667,757,147) (S 660,147,349) (S 107,199,200) (D 0,0,0)
 0 1 89 95752 8344  9 (D 0,0,0) (S 77,159,145) (S 249,160,420) (S 723,781,782) (S 726,441,279) (S 151,279,161) (S 251,153,422) (S 231,367,372) (D 0,0,0)
 0 1 90 95729 5752  10 (D 0,0,0) (S 406,572,595) (S 679,595,763) (S 680,763,359) (S 681,764,359) (S 677,763,360) (S 678,360,762) (S 675,762,589) (S 376,572,523) (D 0,0,0)
 0 1 91 95595 7959  7 (D 0,0,0) (S 234,111,397) (S 230,396,363) (S 314,92,507) (S 215,373,160) (S 43,91,90) (D 0,0,0)
 0 1 92 94424 8706  10 (D 0,0,0) (S 89,37,172) (S 728,172,783) (S 727,783,278) (S 152,278,279) (S 722,781,420) (S 724,420,37) (S 316,37,509) (S 222,382,383) (D 0,0,0)
 0 1 93 95635 6062  9 (D 0,0,0) (S 10,25,26) (S 194,345,346) (S 433,115,619) (S 4,14,15) (S 431,15,619) (S 432,115,591) (S 377,560,573) (D 0,0,0)
 0 1 94 95869 7824  8 (D 0,0,0) (S 78,160,152) (S 262,152,441) (S 725,441,781) (S 15,37,36) (S 88,36,145) (S 209,365,366) (D 0,0,0)
 0 1 95 90316 5875  10 (D 0,0,0) (S 242,407,247) (S 193,46,344) (S 191,51,342) (S 29,62,63) (S 26,62,53) (S 568,53,697) (S 569,697,696) (S 323,119,88) (D 0,0,0)
 0 1 96 46970 1004  8 (D 0,0,0) (S 418,605,603) (S 417,603,604) (S 285,464,465) (S 284,463,464) (S 286,466,467) (S 283,461,462) (D 0,0,0)
 0 1 97 94951 7082  8 (D 0,0,0) (S 425,615,614) (S 332,533,340) (S 185,331,332) (S 635,332,59) (S 30,59,61) (S 335,61,538) (D 0,0,0)
 0 1 98 89712 4590  10 (D 0,0,0) (S 484,414,228) (S 489,5,10) (S 2,10,9) (S 11,6,29) (S 320,515,7) (S 122,231,230) (S 121,230,229) (S 487,494,645) (D 0,0,0)
 0 1 99 94698 3457  8 (D 0,0,0) (S 464,634,2) (S 465,2,218) (S 116,218,217) (S 458,217,221) (S 117,221,220) (S 462,220,632) (D 0,0,0)
 0 1 100 95084 4939  16 (D 0,0,0) (S 175,315,316) (S 463,315,498) (S 308,498,495) (S 305,495,4) (S 468,4,635) (S 466,635,636) (S 467,637,638) (S 472,638,639) (S 473,638,642) (S 471,641,640) (S 470,640,496) (S 306,496,4) (S 1,4,3) (S 446,208,215) (D 0,0,0)
 0 1 101 95536 6806  5 (D 0,0,0) (S 189,339,340) (S 640,533,745) (S 639,745,546) (D 0,0,0)
 0 1 102 93840 3416  9 (D 0,0,0) (S 378,576,575) (S 248,419,403) (S 240,403,401) (S 461,216,633) (S 115,216,217) (S 457,221,631) (S 445,419,208) (D 0,0,0)
 0 1 103 90600 4430  19 (D 0,0,0) (S 293,200,485) (S 497,485,235) (S 124,235,234) (S 125,234,236) (S 513,236,654) (S 515,667,243) (S 129,243,244) (S 514,666,612) (S 429,612,615) (S 424,614,409) (S 247,418,226) (S 505,406,663) (S 507,663,662) (S 510,662,661) (S 504,661,137) (S 502,137,659) (S 501,659,660) (D 0,0,0)
 0 1 104 95952 3796  10 (D 0,0,0) (S 448,211,628) (S 475,222,634) (S 474,634,489) (S 297,489,487) (S 295,486,38) (S 307,38,488) (S 67,132,131) (S 486,133,228) (D 0,0,0)
 0 1 105 93907 3477  10 (D 0,0,0) (S 460,632,631) (S 459,631,216) (S 241,400,404) (S 237,400,399) (S 236,399,205) (S 235,206,398) (S 238,398,401) (S 112,208,210) (D 0,0,0)
 0 1 106 92509 2357  9 (D 0,0,0) (S 452,607,622) (S 447,626,215) (S 111,208,207) (S 453,209,628) (S 451,628,214) (S 114,214,215) (S 421,607,606) (D 0,0,0)
