719885
107
2400755
1590079
 0 1 1 93911 2037  8 (D 0,0,0) (S 378,576,575) (S 422,606,610) (S 421,606,607) (S 419,607,198) (S 420,198,608) (S 106,198,197) (D 0,0,0)
 0 1 2 94968 5311  14 (D 0,0,0) (S 380,557,523) (S 387,583,584) (S 385,584,245) (S 20,49,50) (S 301,45,491) (S 134,252,129) (S 300,251,130) (S 299,130,490) (S 288,479,135) (S 291,135,482) (S 512,482,660) (S 511,660,658) (D 0,0,0)
 0 1 3 95306 2251  7 (D 0,0,0) (S 8,23,21) (S 391,24,585) (S 401,585,592) (S 399,592,586) (S 9,24,21) (D 0,0,0)
 0 1 4 95717 3523  13 (D 0,0,0) (S 441,577,609) (S 503,659,136) (S 69,136,135) (S 247,418,226) (S 119,226,227) (S 505,406,663) (S 507,663,662) (S 510,662,661) (S 506,664,657) (S 500,657,658) (S 437,623,624) (D 0,0,0)
 0 1 5 78883 4542  14 (D 0,0,0) (S 497,485,235) (S 124,235,234) (S 125,234,236) (S 513,236,654) (S 519,654,612) (S 424,409,614) (S 514,612,666) (S 129,243,244) (S 515,667,243) (S 537,611,677) (S 538,677,678) (S 107,199,200) (D 0,0,0)
 0 1 6 94544 4216  17 (D 0,0,0) (S 427,199,617) (S 428,617,613) (S 429,612,615) (S 522,615,670) (S 523,670,241) (S 128,241,242) (S 521,241,239) (S 127,239,240) (S 525,238,408) (S 133,250,248) (S 132,248,249) (S 318,248,512) (S 494,412,653) (S 509,653,483) (S 294,484,485) (D 0,0,0)
 0 1 7 95771 6520  9 (D 0,0,0) (S 68,134,138) (S 243,402,407) (S 544,679,64) (S 186,333,334) (S 337,55,539) (S 338,540,539) (S 348,539,549) (D 0,0,0)
 0 1 8 93555 5102  8 (D 0,0,0) (S 290,484,134) (S 289,134,483) (S 135,253,254) (S 541,517,652) (S 490,650,651) (S 491,652,492) (D 0,0,0)
 0 1 9 95511 4625  12 (D 0,0,0) (S 292,28,200) (S 524,614,670) (S 526,239,238) (S 126,238,237) (S 239,237,402) (S 469,407,491) (S 539,490,643) (S 492,653,138) (S 493,138,654) (S 517,236,484) (D 0,0,0)
 0 1 10 93670 6360  9 (D 0,0,0) (S 201,350,184) (S 98,184,183) (S 196,348,347) (S 195,347,180) (S 197,180,182) (S 96,182,183) (S 656,183,752) (D 0,0,0)
 0 1 11 75709 1770  6 (D 0,0,0) (S 416,574,193) (S 415,193,601) (S 104,193,194) (S 105,194,196) (D 0,0,0)
 0 1 12 95957 5214  13 (D 0,0,0) (S 529,672,673) (S 531,673,669) (S 516,668,669) (S 518,669,667) (S 528,667,672) (S 530,674,673) (S 532,673,675) (S 533,676,675) (S 534,675,671) (S 527,671,672) (S 520,243,666) (D 0,0,0)
 0 1 13 46970 1004  8 (D 0,0,0) (S 283,461,462) (S 285,464,465) (S 284,463,464) (S 286,466,467) (S 418,605,603) (S 417,603,604) (D 0,0,0)
 0 1 14 72851 3820  10 (D 0,0,0) (S 10,25,26) (S 361,27,558) (S 364,558,524) (S 389,523,141) (S 390,141,189) (S 101,189,190) (S 102,190,140) (S 70,140,139) (D 0,0,0)
 0 1 15 95943 5378  14 (D 0,0,0) (S 71,142,141) (S 388,189,581) (S 383,581,578) (S 382,578,579) (S 412,599,176) (S 94,175,176) (S 413,176,580) (S 411,597,598) (S 414,597,600) (S 99,185,186) (S 408,186,594) (S 100,187,188) (D 0,0,0)
 0 1 16 72078 3824  12 (D 0,0,0) (S 7,21,22) (S 392,24,586) (S 402,586,187) (S 403,187,191) (S 103,191,192) (S 404,191,594) (S 400,593,594) (S 409,594,190) (S 410,190,142) (S 360,139,557) (D 0,0,0)
 0 1 17 95202 4781  6 (D 0,0,0) (S 130,246,245) (S 384,245,582) (S 386,582,49) (S 131,50,247) (D 0,0,0)
 0 1 18 93596 8183  7 (D 0,0,0) (S 634,332,330) (S 628,730,743) (S 630,743,281) (S 158,291,293) (S 159,289,295) (D 0,0,0)
 0 1 19 95305 7206  6 (D 0,0,0) (S 687,373,767) (S 690,770,368) (S 210,368,367) (S 208,363,364) (D 0,0,0)
 0 1 20 94712 6238  6 (D 0,0,0) (S 660,349,147) (S 144,267,264) (S 142,264,265) (S 97,177,179) (D 0,0,0)
 0 1 21 95030 7630  9 (D 0,0,0) (S 698,773,158) (S 76,158,143) (S 72,143,144) (S 720,776,774) (S 709,775,776) (S 710,776,106) (S 51,106,104) (D 0,0,0)
 0 1 22 95197 6692  9 (D 0,0,0) (S 200,349,181) (S 199,264,116) (S 59,117,118) (S 162,118,108) (S 53,108,104) (S 198,283,348) (S 95,181,177) (D 0,0,0)
 0 1 23 94175 7279  9 (D 0,0,0) (S 663,755,756) (S 701,756,112) (S 110,204,203) (S 211,203,369) (S 109,203,162) (S 721,774,780) (S 703,774,267) (D 0,0,0)
 0 1 24 92498 8138  9 (D 0,0,0) (S 249,160,420) (S 724,420,37) (S 316,37,509) (S 88,36,145) (S 79,159,158) (S 80,162,146) (S 667,147,757) (D 0,0,0)
 0 1 25 95160 7334  8 (D 0,0,0) (S 313,347,506) (S 339,506,287) (S 778,287,456) (S 780,456,69) (S 779,811,69) (S 277,456,77) (D 0,0,0)
 0 1 26 88941 3885  8 (D 0,0,0) (S 108,201,202) (S 498,656,480) (S 495,235,655) (S 496,655,617) (S 535,677,246) (S 536,584,246) (D 0,0,0)
 0 1 27 94658 6014  11 (D 0,0,0) (S 423,611,612) (S 143,266,184) (S 655,752,751) (S 674,751,355) (S 673,355,761) (S 204,355,356) (S 672,356,753) (S 659,753,751) (S 661,752,357) (D 0,0,0)
 0 1 28 93922 6966  10 (D 0,0,0) (S 362,559,557) (S 56,110,112) (S 700,112,204) (S 699,204,773) (S 696,773,377) (S 697,377,396) (S 207,361,362) (S 678,762,360) (D 0,0,0)
 0 1 29 91154 7405  6 (D 0,0,0) (S 215,373,160) (S 78,160,152) (S 213,151,371) (S 231,367,372) (D 0,0,0)
 0 1 30 95855 9142  5 (D 0,0,0) (S 212,370,154) (S 762,149,807) (S 250,421,308) (D 0,0,0)
 0 1 31 95087 9659  10 (D 0,0,0) (S 764,427,799) (S 743,429,798) (S 257,431,432) (S 739,431,785) (S 731,784,785) (S 748,798,433) (S 744,433,795) (S 746,802,803) (D 0,0,0)
 0 1 32 95283 9831  11 (D 0,0,0) (S 726,441,279) (S 747,268,801) (S 745,801,800) (S 754,803,788) (S 735,793,794) (S 755,425,796) (S 737,796,437) (S 259,437,438) (S 258,435,436) (D 0,0,0)
 0 1 33 91951 9377  7 (D 0,0,0) (S 765,808,427) (S 256,429,430) (S 742,429,799) (S 740,428,799) (S 254,427,65) (D 0,0,0)
 0 1 34 95663 9188  8 (D 0,0,0) (S 377,573,560) (S 45,95,96) (S 763,150,808) (S 761,807,802) (S 736,795,790) (S 749,803,800) (D 0,0,0)
 0 1 35 93458 9016  6 (D 0,0,0) (S 74,66,148) (S 255,67,428) (S 741,428,68) (S 75,149,157) (D 0,0,0)
 0 1 36 93734 6384  7 (D 0,0,0) (S 29,62,63) (S 192,54,343) (S 653,343,547) (S 342,333,546) (S 652,750,749) (D 0,0,0)
 0 1 37 95745 9869  7 (D 0,0,0) (S 148,276,277) (S 771,274,809) (S 253,424,167) (S 84,167,165) (S 91,169,171) (D 0,0,0)
 0 1 38 93043 7526  7 (D 0,0,0) (S 36,72,74) (S 35,74,75) (S 34,73,72) (S 33,72,71) (S 190,294,341) (D 0,0,0)
 0 1 39 95762 9004  8 (D 0,0,0) (S 15,36,37) (S 93,80,173) (S 265,170,443) (S 772,443,444) (S 773,444,306) (S 145,269,268) (D 0,0,0)
 0 1 40 95118 8771  9 (D 0,0,0) (S 90,172,80) (S 40,80,81) (S 223,308,306) (S 169,306,307) (S 729,307,421) (S 730,421,783) (S 728,783,172) (D 0,0,0)
 0 1 41 95185 8881  7 (D 0,0,0) (S 753,156,801) (S 752,801,787) (S 734,787,272) (S 149,273,270) (S 266,270,444) (D 0,0,0)
 0 1 42 94986 9785  10 (D 0,0,0) (S 41,82,83) (S 165,82,297) (S 164,297,298) (S 163,297,277) (S 767,809,301) (S 758,806,805) (S 756,805,804) (S 733,788,786) (D 0,0,0)
 0 1 43 95997 10116  8 (D 0,0,0) (S 217,375,296) (S 3,13,12) (S 260,12,439) (S 738,12,797) (S 760,797,375) (S 757,805,273) (D 0,0,0)
 0 1 44 95706 8446  11 (D 0,0,0) (S 426,199,616) (S 155,108,283) (S 161,282,287) (S 278,288,77) (S 38,77,69) (S 273,75,451) (S 271,451,449) (S 718,292,778) (S 717,779,289) (D 0,0,0)
 0 1 45 95884 9810  8 (D 0,0,0) (S 92,173,170) (S 86,169,168) (S 81,164,163) (S 261,275,440) (S 768,440,165) (S 85,164,168) (D 0,0,0)
 0 1 46 95871 8184  8 (D 0,0,0) (S 32,69,70) (S 270,76,448) (S 269,448,449) (S 272,449,450) (S 341,544,541) (S 340,542,543) (D 0,0,0)
 0 1 47 93276 7104  7 (D 0,0,0) (S 642,339,744) (S 638,338,532) (S 332,340,533) (S 189,340,339) (S 639,745,546) (D 0,0,0)
 0 1 48 95812 9436  8 (D 0,0,0) (S 777,810,811) (S 168,303,302) (S 274,302,452) (S 275,452,453) (S 393,169,587) (S 394,588,164) (D 0,0,0)
 0 1 49 95719 10162  10 (D 0,0,0) (S 82,166,165) (S 769,440,424) (S 766,424,809) (S 770,274,442) (S 263,442,163) (S 83,163,166) (S 147,166,275) (S 146,275,274) (D 0,0,0)
 0 1 50 95633 8437  7 (D 0,0,0) (S 775,293,445) (S 267,445,446) (S 776,445,508) (S 315,454,303) (S 37,70,76) (D 0,0,0)
 0 1 51 94439 7979  10 (D 0,0,0) (S 42,85,84) (S 47,84,99) (S 46,98,99) (S 645,102,746) (S 649,748,746) (S 711,777,295) (S 49,103,101) (S 48,101,102) (D 0,0,0)
 0 1 52 94890 7270  8 (D 0,0,0) (S 160,267,118) (S 50,104,105) (S 52,106,107) (S 54,107,109) (S 707,109,775) (S 708,775,146) (D 0,0,0)
 0 1 53 94586 6008  7 (D 0,0,0) (S 242,407,247) (S 658,49,514) (S 319,513,514) (S 205,357,358) (S 657,357,514) (D 0,0,0)
 0 1 54 95246 7459  13 (D 0,0,0) (S 136,256,255) (S 347,257,548) (S 556,550,556) (S 336,538,323) (S 333,535,530) (S 604,124,724) (S 62,124,123) (S 61,122,123) (S 63,125,123) (S 281,126,459) (S 355,554,317) (D 0,0,0)
 0 1 55 92284 8080  6 (D 0,0,0) (S 622,737,738) (S 620,737,736) (S 621,736,58) (S 23,58,57) (D 0,0,0)
 0 1 56 90740 8580  10 (D 0,0,0) (S 592,719,720) (S 595,720,721) (S 588,716,322) (S 584,712,57) (S 623,736,733) (S 183,327,328) (S 374,52,569) (S 590,569,712) (D 0,0,0)
 0 1 57 93874 7570  7 (D 0,0,0) (S 365,556,323) (S 335,538,61) (S 19,48,44) (S 18,43,44) (S 191,51,342) (D 0,0,0)
 0 1 58 94680 7651  10 (D 0,0,0) (S 345,506,544) (S 646,341,100) (S 714,101,777) (S 715,777,779) (S 719,778,747) (S 648,747,528) (S 329,528,529) (S 647,529,97) (D 0,0,0)
 0 1 59 95260 7809  10 (D 0,0,0) (S 591,538,718) (S 603,718,324) (S 601,324,719) (S 594,720,699) (S 593,704,721) (S 599,721,716) (S 582,711,705) (S 605,714,725) (D 0,0,0)
 0 1 60 95358 9591  9 (D 0,0,0) (S 264,443,276) (S 252,271,423) (S 759,423,300) (S 166,301,277) (S 150,277,274) (S 167,82,171) (S 774,171,455) (D 0,0,0)
 0 1 61 94567 8788  9 (D 0,0,0) (S 626,740,741) (S 616,707,728) (S 613,728,511) (S 618,728,735) (S 619,735,734) (S 27,52,58) (S 28,57,44) (D 0,0,0)
 0 1 62 93166 9552  9 (D 0,0,0) (S 21,52,47) (S 17,41,42) (S 280,458,42) (S 22,42,56) (S 317,47,510) (S 372,510,566) (S 373,327,52) (D 0,0,0)
 0 1 63 93635 4017  10 (D 0,0,0) (S 449,211,627) (S 244,411,410) (S 482,405,647) (S 477,647,646) (S 485,645,131) (S 67,131,132) (S 307,488,38) (S 16,39,40) (D 0,0,0)
 0 1 64 95875 7134  9 (D 0,0,0) (S 366,263,561) (S 561,561,695) (S 551,685,692) (S 14,33,34) (S 547,35,685) (S 565,695,312) (S 174,314,313) (D 0,0,0)
 0 1 65 95756 8829  22 (D 0,0,0) (S 600,723,698) (S 570,698,699) (S 573,699,704) (S 572,702,703) (S 575,702,700) (S 571,700,701) (S 577,700,705) (S 580,705,709) (S 581,709,710) (S 587,714,715) (S 611,715,706) (S 612,706,722) (S 596,722,568) (S 598,722,717) (S 181,322,324) (S 359,556,521) (S 349,478,255) (S 346,255,257) (S 137,257,258) (S 325,256,476) (D 0,0,0)
 0 1 66 95985 7361  15 (D 0,0,0) (S 324,309,519) (S 326,519,520) (S 369,555,562) (S 327,525,526) (S 182,325,326) (S 608,326,723) (S 610,723,725) (S 606,725,726) (S 609,326,727) (S 607,727,724) (S 552,536,691) (S 553,691,127) (S 287,477,476) (D 0,0,0)
 0 1 67 93734 7119  18 (D 0,0,0) (S 567,564,318) (S 566,318,127) (S 554,127,554) (S 354,554,459) (S 352,459,505) (S 597,535,719) (S 602,719,698) (S 574,698,530) (S 331,530,124) (S 64,123,126) (S 65,126,127) (S 176,318,317) (S 358,317,551) (S 350,551,552) (S 353,551,522) (S 293,485,200) (D 0,0,0)
 0 1 68 95739 8593  7 (D 0,0,0) (S 180,323,324) (S 589,718,712) (S 583,57,708) (S 585,707,713) (S 651,739,743) (D 0,0,0)
 0 1 69 94817 7136  15 (D 0,0,0) (S 13,32,31) (S 12,31,30) (S 140,261,30) (S 139,30,260) (S 334,534,537) (S 555,534,260) (S 557,260,691) (S 550,691,565) (S 370,565,564) (S 368,564,553) (S 351,520,313) (S 357,313,311) (S 356,311,263) (D 0,0,0)
 0 1 70 95747 6248  11 (D 0,0,0) (S 379,575,195) (S 172,309,310) (S 542,258,120) (S 60,120,121) (S 564,562,314) (S 563,314,312) (S 173,312,311) (S 141,263,262) (S 559,262,518) (D 0,0,0)
 0 1 71 95940 8254  7 (D 0,0,0) (S 188,338,337) (S 614,500,729) (S 631,732,504) (S 311,503,504) (S 632,504,291) (D 0,0,0)
 0 1 72 94700 8873  9 (D 0,0,0) (S 579,708,707) (S 650,713,739) (S 624,739,285) (S 153,285,284) (S 157,284,281) (S 268,280,447) (S 328,293,527) (D 0,0,0)
 0 1 73 93833 7948  9 (D 0,0,0) (S 644,337,531) (S 309,499,501) (S 310,503,502) (S 330,527,502) (S 713,502,778) (S 716,778,779) (S 712,746,97) (D 0,0,0)
 0 1 74 94341 8346  10 (D 0,0,0) (S 179,322,321) (S 282,460,321) (S 178,321,319) (S 177,319,320) (S 371,319,568) (S 375,568,570) (S 578,570,706) (S 576,706,705) (D 0,0,0)
 0 1 75 95932 6600  8 (D 0,0,0) (S 343,333,547) (S 344,547,545) (S 643,545,335) (S 187,335,336) (S 636,336,547) (S 654,343,750) (D 0,0,0)
 0 1 76 94015 8481  9 (D 0,0,0) (S 425,615,614) (S 24,59,48) (S 615,730,731) (S 625,731,739) (S 586,713,286) (S 154,286,174) (S 156,280,291) (D 0,0,0)
 0 1 77 95472 6478  11 (D 0,0,0) (S 367,562,563) (S 546,563,684) (S 138,32,259) (S 545,259,683) (S 548,686,687) (S 549,688,690) (S 558,682,693) (S 560,693,695) (S 562,561,262) (D 0,0,0)
 0 1 78 95544 7073  7 (D 0,0,0) (S 25,60,61) (S 635,59,332) (S 185,332,331) (S 640,533,745) (S 641,745,60) (D 0,0,0)
 0 1 79 95305 7543  10 (D 0,0,0) (S 637,336,744) (S 184,329,330) (S 633,330,729) (S 617,732,730) (S 629,730,742) (S 627,742,48) (S 30,59,61) (S 31,60,55) (D 0,0,0)
 0 1 80 94856 5901  8 (D 0,0,0) (S 193,46,344) (S 543,679,680) (S 26,62,53) (S 568,53,697) (S 569,697,696) (S 323,119,88) (D 0,0,0)
 0 1 81 94069 8481  11 (D 0,0,0) (S 683,389,79) (S 39,79,78) (S 225,78,384) (S 224,387,388) (S 227,393,387) (S 694,392,771) (S 695,771,772) (S 693,771,155) (S 228,390,394) (D 0,0,0)
 0 1 82 93592 8140  9 (D 0,0,0) (S 151,161,279) (S 725,441,781) (S 723,781,782) (S 722,420,781) (S 262,441,152) (S 214,152,372) (S 229,395,373) (D 0,0,0)
 0 1 83 93603 6777  8 (D 0,0,0) (S 668,351,758) (S 669,758,759) (S 670,758,754) (S 662,754,353) (S 666,354,757) (S 73,146,147) (D 0,0,0)
 0 1 84 95593 5908  10 (D 0,0,0) (S 675,589,762) (S 206,360,359) (S 681,764,359) (S 680,359,763) (S 677,763,360) (S 679,763,595) (S 406,595,572) (S 376,572,523) (D 0,0,0)
 0 1 85 94761 9313  9 (D 0,0,0) (S 751,157,800) (S 750,800,786) (S 732,786,787) (S 171,272,307) (S 170,308,173) (S 87,170,171) (S 276,455,304) (D 0,0,0)
 0 1 86 92562 7879  11 (D 0,0,0) (S 682,79,765) (S 312,468,469) (S 684,470,766) (S 685,766,765) (S 689,765,368) (S 691,770,767) (S 688,768,769) (S 686,768,767) (S 692,770,395) (D 0,0,0)
 0 1 87 94776 7811  6 (D 0,0,0) (S 397,345,113) (S 43,90,91) (S 314,92,507) (S 209,365,366) (D 0,0,0)
 0 1 88 95465 7497  10 (D 0,0,0) (S 396,589,364) (S 233,363,374) (S 232,365,92) (S 221,159,381) (S 222,382,383) (S 704,382,378) (S 219,378,144) (S 226,111,94) (D 0,0,0)
 0 1 89 93499 6312  6 (D 0,0,0) (S 676,762,397) (S 218,377,110) (S 55,110,111) (S 405,94,595) (D 0,0,0)
 0 1 90 92175 5939  8 (D 0,0,0) (S 433,115,619) (S 431,619,15) (S 4,14,15) (S 430,619,618) (S 5,16,17) (S 407,596,572) (D 0,0,0)
 0 1 91 93298 5466  10 (D 0,0,0) (S 381,23,573) (S 363,560,559) (S 395,591,590) (S 194,345,346) (S 57,113,114) (S 58,114,115) (S 432,115,591) (S 398,591,572) (D 0,0,0)
 0 1 92 94758 6231  8 (D 0,0,0) (S 44,93,94) (S 664,94,755) (S 665,755,353) (S 203,353,352) (S 202,352,351) (S 671,760,178) (D 0,0,0)
 0 1 93 95869 8509  7 (D 0,0,0) (S 251,153,422) (S 152,279,278) (S 727,278,783) (S 89,172,37) (S 705,36,381) (D 0,0,0)
 0 1 94 93134 7492  9 (D 0,0,0) (S 234,111,397) (S 230,396,363) (S 216,374,159) (S 77,145,159) (S 702,381,382) (S 220,379,380) (S 706,379,109) (D 0,0,0)
 0 1 95 83348 1800  5 (D 0,0,0) (S 436,622,213) (S 434,213,620) (S 442,620,609) (D 0,0,0)
 0 1 96 95946 3908  10 (D 0,0,0) (S 440,457,417) (S 475,222,634) (S 464,634,2) (S 1,3,4) (S 305,4,495) (S 308,495,498) (S 463,498,315) (S 175,315,316) (D 0,0,0)
 0 1 97 95255 3786  10 (D 0,0,0) (S 459,631,216) (S 461,216,633) (S 115,216,217) (S 116,217,218) (S 465,2,218) (S 458,217,221) (S 457,221,631) (S 460,631,632) (D 0,0,0)
 0 1 98 87056 3072  6 (D 0,0,0) (S 462,632,220) (S 117,220,221) (S 240,403,401) (S 248,403,419) (D 0,0,0)
 0 1 99 83753 3119  12 (D 0,0,0) (S 112,208,210) (S 111,208,207) (S 279,209,457) (S 444,627,621) (S 435,621,212) (S 438,212,625) (S 454,630,214) (S 114,214,215) (S 447,215,626) (S 452,622,607) (D 0,0,0)
 0 1 100 79375 3182  12 (D 0,0,0) (S 448,211,628) (S 476,416,222) (S 118,222,223) (S 246,223,415) (S 456,415,209) (S 453,209,628) (S 451,628,214) (S 450,629,630) (S 455,630,625) (S 439,625,626) (D 0,0,0)
 0 1 101 94857 4784  11 (D 0,0,0) (S 501,660,659) (S 502,659,137) (S 504,137,661) (S 508,663,479) (S 321,516,497) (S 298,86,490) (S 66,130,128) (S 540,128,253) (S 322,87,474) (D 0,0,0)
 0 1 102 95373 4590  8 (D 0,0,0) (S 488,40,5) (S 489,5,10) (S 2,10,9) (S 11,6,29) (S 320,515,7) (S 113,211,212) (D 0,0,0)
 0 1 103 90354 4652  11 (D 0,0,0) (S 297,489,487) (S 295,486,38) (S 296,488,132) (S 303,132,229) (S 121,229,230) (S 122,230,231) (S 304,493,232) (S 123,232,233) (S 487,494,645) (D 0,0,0)
 0 1 104 90808 4749  14 (D 0,0,0) (S 443,627,457) (S 474,634,489) (S 470,496,640) (S 471,640,641) (S 473,642,638) (S 472,638,639) (S 467,638,637) (S 466,636,635) (S 468,635,4) (S 306,4,496) (S 120,38,228) (S 484,228,414) (D 0,0,0)
 0 1 105 93518 3737  8 (D 0,0,0) (S 499,657,414) (S 245,414,413) (S 478,413,646) (S 481,647,648) (S 480,648,649) (S 486,133,228) (D 0,0,0)
 0 1 106 88892 3855  6 (D 0,0,0) (S 6,18,19) (S 483,516,224) (S 302,492,232) (S 479,232,646) (D 0,0,0)
 0 1 107 84608 3249  9 (D 0,0,0) (S 238,401,398) (S 235,398,206) (S 236,205,399) (S 237,399,400) (S 241,400,404) (S 445,419,208) (S 446,208,215) (D 0,0,0)
