712653
106
2400576
2398056
 0 1 1 95086 4928  7 (D 0,0,0) (S 428,617,613) (S 524,614,670) (S 126,238,237) (S 469,407,491) (S 301,491,45) (D 0,0,0)
 0 1 2 95581 7996  8 (D 0,0,0) (S 42,85,84) (S 47,84,99) (S 649,746,748) (S 311,503,504) (S 631,504,732) (S 627,742,48) (D 0,0,0)
 0 1 3 95993 8852  9 (D 0,0,0) (S 628,730,743) (S 630,743,281) (S 157,281,284) (S 624,285,739) (S 625,739,731) (S 626,740,741) (S 629,730,742) (D 0,0,0)
 0 1 4 95614 6298  8 (D 0,0,0) (S 493,654,138) (S 492,138,653) (S 660,349,147) (S 670,754,758) (S 669,758,759) (S 668,758,351) (D 0,0,0)
 0 1 5 95904 3868  15 (D 0,0,0) (S 442,609,620) (S 511,658,660) (S 512,660,482) (S 517,484,236) (S 514,612,666) (S 129,243,244) (S 515,667,243) (S 519,612,654) (S 513,654,236) (S 125,236,234) (S 124,234,235) (S 498,480,656) (S 108,202,201) (D 0,0,0)
 0 1 6 95886 8195  9 (D 0,0,0) (S 601,324,719) (S 602,719,698) (S 573,699,704) (S 593,704,721) (S 178,321,319) (S 590,569,712) (S 589,712,718) (D 0,0,0)
 0 1 7 79738 1890  5 (D 0,0,0) (S 422,606,610) (S 421,606,607) (S 452,622,607) (D 0,0,0)
 0 1 8 95346 4640  7 (D 0,0,0) (S 302,232,492) (S 491,492,652) (S 490,650,651) (S 541,652,517) (S 321,497,516) (D 0,0,0)
 0 1 9 95560 4120  11 (D 0,0,0) (S 438,212,625) (S 455,625,630) (S 453,628,209) (S 279,209,457) (S 440,457,417) (S 245,414,413) (S 479,646,232) (S 123,232,233) (S 304,232,493) (D 0,0,0)
 0 1 10 92552 3249  9 (D 0,0,0) (S 238,401,398) (S 235,398,206) (S 236,205,399) (S 237,399,400) (S 241,400,404) (S 248,403,419) (S 445,419,208) (D 0,0,0)
 0 1 11 95138 3732  12 (D 0,0,0) (S 460,632,631) (S 457,631,221) (S 458,221,217) (S 116,217,218) (S 465,218,2) (S 464,2,634) (S 475,634,222) (S 454,214,630) (S 450,629,630) (S 439,625,626) (D 0,0,0)
 0 1 12 95904 6625  9 (D 0,0,0) (S 425,615,614) (S 242,407,247) (S 142,265,264) (S 144,264,267) (S 708,775,146) (S 667,147,757) (S 666,757,354) (D 0,0,0)
 0 1 13 95098 4269  14 (D 0,0,0) (S 437,624,623) (S 499,657,414) (S 484,414,228) (S 486,228,133) (S 67,131,132) (S 296,132,488) (S 303,132,229) (S 121,229,230) (S 122,230,231) (S 320,515,7) (S 487,494,645) (S 485,645,131) (D 0,0,0)
 0 1 14 95930 7433  10 (D 0,0,0) (S 33,71,72) (S 34,73,72) (S 36,72,74) (S 35,74,75) (S 37,76,70) (S 38,69,77) (S 278,77,288) (S 197,180,182) (D 0,0,0)
 0 1 15 95847 6833  9 (D 0,0,0) (S 663,755,756) (S 701,756,112) (S 700,112,204) (S 80,162,146) (S 73,146,147) (S 662,754,353) (S 665,353,755) (D 0,0,0)
 0 1 16 85012 2470  7 (D 0,0,0) (S 8,23,21) (S 7,21,22) (S 106,197,198) (S 420,198,608) (S 419,198,607) (D 0,0,0)
 0 1 17 95904 8398  11 (D 0,0,0) (S 29,62,63) (S 24,59,48) (S 28,44,57) (S 623,736,733) (S 183,327,328) (S 373,327,52) (S 374,52,569) (S 179,321,322) (S 181,322,324) (D 0,0,0)
 0 1 18 94982 6778  8 (D 0,0,0) (S 365,556,323) (S 336,323,538) (S 591,538,718) (S 603,718,324) (S 180,324,323) (S 293,485,200) (D 0,0,0)
 0 1 19 95815 9034  8 (D 0,0,0) (S 276,304,455) (S 774,455,171) (S 163,277,297) (S 165,297,82) (S 41,82,83) (S 167,82,171) (D 0,0,0)
 0 1 20 46970 1004  8 (D 0,0,0) (S 285,464,465) (S 284,463,464) (S 286,466,467) (S 283,461,462) (S 418,605,603) (S 417,603,604) (D 0,0,0)
 0 1 21 92817 4706  12 (D 0,0,0) (S 175,315,316) (S 463,315,498) (S 308,498,495) (S 305,4,495) (S 472,639,638) (S 466,636,635) (S 468,635,4) (S 1,4,3) (S 115,217,216) (S 459,216,631) (D 0,0,0)
 0 1 22 95891 5351  16 (D 0,0,0) (S 410,142,190) (S 388,189,581) (S 413,580,176) (S 94,175,176) (S 412,599,176) (S 411,597,598) (S 414,597,600) (S 382,578,579) (S 383,578,581) (S 99,185,186) (S 408,186,594) (S 100,187,188) (S 392,586,24) (S 9,24,21) (D 0,0,0)
 0 1 23 93700 4483  8 (D 0,0,0) (S 489,5,10) (S 2,10,9) (S 11,29,6) (S 488,5,40) (S 16,40,39) (S 307,38,488) (D 0,0,0)
 0 1 24 95370 8826  12 (D 0,0,0) (S 340,542,543) (S 341,541,544) (S 190,341,294) (S 158,293,291) (S 156,291,280) (S 153,284,285) (S 154,286,174) (S 586,286,713) (S 650,713,739) (S 651,739,743) (D 0,0,0)
 0 1 25 95288 6727  12 (D 0,0,0) (S 356,263,311) (S 173,311,312) (S 563,312,314) (S 564,314,562) (S 367,562,563) (S 546,563,684) (S 545,259,683) (S 548,686,687) (S 549,688,690) (S 558,682,693) (D 0,0,0)
 0 1 26 95754 3845  7 (D 0,0,0) (S 537,611,677) (S 130,246,245) (S 536,584,246) (S 535,246,677) (S 538,677,678) (D 0,0,0)
 0 1 27 95790 9912  10 (D 0,0,0) (S 150,277,274) (S 253,424,167) (S 84,167,165) (S 82,165,166) (S 83,166,163) (S 263,163,442) (S 393,587,169) (S 87,171,170) (D 0,0,0)
 0 1 28 94679 8057  10 (D 0,0,0) (S 380,557,523) (S 376,523,572) (S 396,589,364) (S 209,366,365) (S 684,470,766) (S 685,766,765) (S 683,79,389) (S 314,92,507) (D 0,0,0)
 0 1 29 95123 8818  8 (D 0,0,0) (S 89,37,172) (S 730,783,421) (S 169,307,306) (S 265,443,170) (S 92,170,173) (S 32,70,69) (D 0,0,0)
 0 1 30 93946 5688  9 (D 0,0,0) (S 655,752,751) (S 659,753,751) (S 98,183,184) (S 201,350,184) (S 143,184,266) (S 20,50,49) (S 239,402,237) (D 0,0,0)
 0 1 31 93729 7049  11 (D 0,0,0) (S 426,199,616) (S 656,752,183) (S 96,183,182) (S 195,180,347) (S 196,347,348) (S 672,753,356) (S 204,356,355) (S 673,355,761) (S 674,355,751) (D 0,0,0)
 0 1 32 94833 8146  12 (D 0,0,0) (S 313,347,506) (S 715,777,779) (S 716,778,779) (S 717,779,289) (S 718,292,778) (S 713,778,502) (S 310,502,503) (S 329,528,529) (S 642,744,339) (S 641,745,60) (D 0,0,0)
 0 1 33 95512 7146  9 (D 0,0,0) (S 110,204,203) (S 211,203,369) (S 109,203,162) (S 76,143,158) (S 698,158,773) (S 699,773,204) (S 56,112,110) (D 0,0,0)
 0 1 34 94702 7390  8 (D 0,0,0) (S 637,336,744) (S 638,338,532) (S 614,500,729) (S 633,729,330) (S 184,330,329) (S 189,340,339) (D 0,0,0)
 0 1 35 94259 9193  8 (D 0,0,0) (S 740,799,428) (S 255,428,67) (S 74,66,148) (S 45,95,96) (S 694,771,392) (S 225,384,78) (D 0,0,0)
 0 1 36 95004 8390  17 (D 0,0,0) (S 501,660,659) (S 503,659,136) (S 69,136,135) (S 607,724,727) (S 609,727,326) (S 606,725,726) (S 605,725,714) (S 587,714,715) (S 611,715,706) (S 578,706,570) (S 375,570,568) (S 598,722,717) (S 582,711,705) (S 575,700,702) (S 572,702,703) (D 0,0,0)
 0 1 37 95878 7591  6 (D 0,0,0) (S 272,450,449) (S 271,449,451) (S 270,448,76) (S 198,283,348) (D 0,0,0)
 0 1 38 94944 6196  7 (D 0,0,0) (S 423,611,612) (S 192,54,343) (S 653,343,547) (S 186,333,334) (S 342,333,546) (D 0,0,0)
 0 1 39 95960 9076  8 (D 0,0,0) (S 164,297,298) (S 148,277,276) (S 264,276,443) (S 772,443,444) (S 773,444,306) (S 223,306,308) (D 0,0,0)
 0 1 40 92226 5637  8 (D 0,0,0) (S 244,411,410) (S 247,226,418) (S 325,476,256) (S 136,256,255) (S 60,121,120) (S 542,120,258) (D 0,0,0)
 0 1 41 91975 5582  8 (D 0,0,0) (S 441,577,609) (S 323,88,119) (S 569,696,697) (S 568,697,53) (S 193,46,344) (S 131,50,247) (D 0,0,0)
 0 1 42 91807 5002  13 (D 0,0,0) (S 389,141,523) (S 387,583,584) (S 385,584,245) (S 384,245,582) (S 386,582,49) (S 525,408,238) (S 127,239,240) (S 128,241,242) (S 523,241,670) (S 429,615,612) (S 107,199,200) (D 0,0,0)
 0 1 43 95856 8911  20 (D 0,0,0) (S 566,318,127) (S 65,127,126) (S 608,326,723) (S 600,723,698) (S 571,700,701) (S 577,700,705) (S 581,709,710) (S 580,709,705) (S 576,705,706) (S 612,706,722) (S 596,722,568) (S 371,568,319) (S 177,319,320) (S 282,460,321) (S 588,322,716) (S 599,716,721) (S 595,721,720) (S 597,719,535) (D 0,0,0)
 0 1 44 94747 6834  6 (D 0,0,0) (S 640,533,745) (S 639,745,546) (S 26,62,53) (S 191,51,342) (D 0,0,0)
 0 1 45 95378 7915  15 (D 0,0,0) (S 369,555,562) (S 557,691,260) (S 139,260,30) (S 140,261,30) (S 12,30,31) (S 13,31,32) (S 138,32,259) (S 551,685,692) (S 547,685,35) (S 14,33,34) (S 560,693,695) (S 562,561,262) (S 288,479,135) (D 0,0,0)
 0 1 46 93168 8766  9 (D 0,0,0) (S 262,152,441) (S 726,441,279) (S 152,279,278) (S 728,783,172) (S 90,172,80) (S 40,80,81) (S 93,80,173) (D 0,0,0)
 0 1 47 93927 6688  9 (D 0,0,0) (S 97,179,177) (S 95,177,181) (S 160,267,118) (S 53,108,104) (S 162,108,118) (S 59,118,117) (S 199,116,264) (D 0,0,0)
 0 1 48 93857 3993  13 (D 0,0,0) (S 522,615,670) (S 521,241,239) (S 526,239,238) (S 318,248,512) (S 132,248,249) (S 133,248,250) (S 424,409,614) (S 496,617,655) (S 495,655,235) (S 497,235,485) (S 292,200,28) (D 0,0,0)
 0 1 49 93502 7796  10 (D 0,0,0) (S 645,102,746) (S 714,777,101) (S 49,101,103) (S 159,295,289) (S 711,295,777) (S 48,101,102) (S 646,100,341) (S 345,544,506) (D 0,0,0)
 0 1 50 94726 8331  8 (D 0,0,0) (S 779,69,811) (S 777,810,811) (S 168,303,302) (S 274,302,452) (S 275,452,453) (S 315,454,303) (D 0,0,0)
 0 1 51 95365 8603  6 (D 0,0,0) (S 583,57,708) (S 579,708,707) (S 585,707,713) (S 268,280,447) (D 0,0,0)
 0 1 52 95519 6080  13 (D 0,0,0) (S 559,518,262) (S 141,262,263) (S 366,263,561) (S 561,561,695) (S 565,695,312) (S 174,314,313) (S 357,313,311) (S 351,313,520) (S 326,520,519) (S 324,519,309) (S 172,309,310) (D 0,0,0)
 0 1 53 95764 6873  12 (D 0,0,0) (S 137,258,257) (S 347,257,548) (S 556,550,556) (S 554,554,127) (S 555,260,534) (S 334,534,537) (S 327,525,526) (S 553,691,127) (S 567,318,564) (S 368,564,553) (D 0,0,0)
 0 1 54 95982 8814  8 (D 0,0,0) (S 27,58,52) (S 21,52,47) (S 372,510,566) (S 619,734,735) (S 618,735,728) (S 616,728,707) (D 0,0,0)
 0 1 55 94004 8875  9 (D 0,0,0) (S 228,394,390) (S 751,157,800) (S 749,800,803) (S 746,803,802) (S 736,795,790) (S 761,802,807) (S 75,149,157) (D 0,0,0)
 0 1 56 93233 4997  8 (D 0,0,0) (S 322,474,87) (S 540,253,128) (S 66,128,130) (S 300,130,251) (S 134,252,129) (S 299,130,490) (D 0,0,0)
 0 1 57 95997 10110  8 (D 0,0,0) (S 757,273,805) (S 756,805,804) (S 217,375,296) (S 3,13,12) (S 260,12,439) (S 738,12,797) (D 0,0,0)
 0 1 58 95467 6312  6 (D 0,0,0) (S 405,595,94) (S 226,94,111) (S 55,111,110) (S 218,110,377) (D 0,0,0)
 0 1 59 95541 8813  10 (D 0,0,0) (S 723,781,782) (S 725,781,441) (S 145,268,269) (S 171,272,307) (S 729,307,421) (S 250,421,308) (S 170,308,173) (S 427,617,199) (D 0,0,0)
 0 1 60 95716 8793  7 (D 0,0,0) (S 780,456,69) (S 776,508,445) (S 267,445,446) (S 269,449,448) (S 273,451,75) (D 0,0,0)
 0 1 61 95681 9274  7 (D 0,0,0) (S 744,795,433) (S 748,433,798) (S 743,798,429) (S 742,429,799) (S 741,428,68) (D 0,0,0)
 0 1 62 94097 8279  8 (D 0,0,0) (S 719,747,778) (S 330,502,527) (S 328,527,293) (S 632,291,504) (S 648,528,747) (S 712,746,97) (D 0,0,0)
 0 1 63 95061 3827  8 (D 0,0,0) (S 291,482,135) (S 483,516,224) (S 480,648,649) (S 481,648,647) (S 482,647,405) (S 508,663,479) (D 0,0,0)
 0 1 64 93463 9423  7 (D 0,0,0) (S 266,444,270) (S 759,423,300) (S 767,301,809) (S 771,809,274) (S 770,274,442) (D 0,0,0)
 0 1 65 93653 9905  11 (D 0,0,0) (S 750,800,786) (S 733,786,788) (S 735,793,794) (S 755,425,796) (S 258,435,436) (S 737,796,437) (S 259,437,438) (S 760,797,375) (S 754,788,803) (D 0,0,0)
 0 1 66 95828 3527  13 (D 0,0,0) (S 435,212,621) (S 500,658,657) (S 506,657,664) (S 478,413,646) (S 477,646,647) (S 119,227,226) (S 505,406,663) (S 507,663,662) (S 510,662,661) (S 504,661,137) (S 502,137,659) (D 0,0,0)
 0 1 67 94694 9602  8 (D 0,0,0) (S 146,274,275) (S 261,275,440) (S 769,440,424) (S 766,424,809) (S 166,301,277) (S 775,445,293) (D 0,0,0)
 0 1 68 95534 7140  7 (D 0,0,0) (S 161,282,287) (S 778,287,456) (S 277,456,77) (S 339,287,506) (S 652,750,749) (D 0,0,0)
 0 1 69 95963 9886  9 (D 0,0,0) (S 763,150,808) (S 764,427,799) (S 256,429,430) (S 731,784,785) (S 739,785,431) (S 257,431,432) (S 745,800,801) (D 0,0,0)
 0 1 70 93516 8700  11 (D 0,0,0) (S 690,770,368) (S 312,469,468) (S 227,393,387) (S 224,387,388) (S 695,771,772) (S 39,78,79) (S 682,79,765) (S 689,765,368) (S 210,368,367) (D 0,0,0)
 0 1 71 92483 9793  9 (D 0,0,0) (S 91,171,169) (S 394,588,164) (S 81,164,163) (S 768,165,440) (S 147,275,166) (S 85,164,168) (S 86,168,169) (D 0,0,0)
 0 1 72 92431 3509  8 (D 0,0,0) (S 111,207,208) (S 112,208,210) (S 462,632,220) (S 117,220,221) (S 461,216,633) (S 240,401,403) (D 0,0,0)
 0 1 73 94514 7636  7 (D 0,0,0) (S 289,134,483) (S 584,712,57) (S 18,43,44) (S 19,44,48) (S 30,59,61) (D 0,0,0)
 0 1 74 94867 7413  10 (D 0,0,0) (S 234,111,397) (S 697,396,377) (S 696,377,773) (S 72,143,144) (S 219,144,378) (S 704,378,382) (S 222,382,383) (S 702,381,382) (D 0,0,0)
 0 1 75 92918 7962  8 (D 0,0,0) (S 88,145,36) (S 15,36,37) (S 316,37,509) (S 724,37,420) (S 249,420,160) (S 215,160,373) (D 0,0,0)
 0 1 76 93507 7817  7 (D 0,0,0) (S 79,158,159) (S 77,159,145) (S 78,160,152) (S 251,153,422) (S 212,154,370) (D 0,0,0)
 0 1 77 91014 9749  11 (D 0,0,0) (S 617,732,730) (S 615,730,731) (S 613,728,511) (S 317,510,47) (S 17,41,42) (S 280,458,42) (S 22,42,56) (S 509,653,483) (S 290,134,484) (D 0,0,0)
 0 1 78 93608 6008  7 (D 0,0,0) (S 658,49,514) (S 205,357,358) (S 657,357,514) (S 319,513,514) (S 243,407,402) (D 0,0,0)
 0 1 79 92522 7351  11 (D 0,0,0) (S 332,533,340) (S 185,331,332) (S 634,330,332) (S 635,332,59) (S 335,61,538) (S 352,505,459) (S 355,554,317) (S 358,317,551) (S 350,551,552) (D 0,0,0)
 0 1 80 94780 7383  5 (D 0,0,0) (S 214,372,152) (S 213,151,371) (S 232,92,365) (D 0,0,0)
 0 1 81 95145 6619  7 (D 0,0,0) (S 397,345,113) (S 676,762,397) (S 207,361,362) (S 230,396,363) (S 208,363,364) (D 0,0,0)
 0 1 82 95856 8628  7 (D 0,0,0) (S 231,372,367) (S 693,771,155) (S 762,149,807) (S 765,808,427) (S 254,427,65) (D 0,0,0)
 0 1 83 94752 7347  6 (D 0,0,0) (S 43,90,91) (S 705,36,381) (S 221,381,159) (S 216,159,374) (D 0,0,0)
 0 1 84 93234 6266  9 (D 0,0,0) (S 543,679,680) (S 544,679,64) (S 337,55,539) (S 338,540,539) (S 348,539,549) (S 346,257,255) (S 349,255,478) (D 0,0,0)
 0 1 85 90986 5466  8 (D 0,0,0) (S 432,591,115) (S 58,115,114) (S 57,114,113) (S 194,345,346) (S 395,590,591) (S 398,591,572) (D 0,0,0)
 0 1 86 93404 7238  9 (D 0,0,0) (S 233,363,374) (S 229,373,395) (S 692,395,770) (S 691,770,767) (S 686,767,768) (S 688,768,769) (S 687,767,373) (D 0,0,0)
 0 1 87 92175 5939  8 (D 0,0,0) (S 407,572,596) (S 5,16,17) (S 430,618,619) (S 4,14,15) (S 431,15,619) (S 433,619,115) (D 0,0,0)
 0 1 88 93810 4568  9 (D 0,0,0) (S 6,18,19) (S 135,253,254) (S 298,86,490) (S 539,490,643) (S 494,412,653) (S 68,138,134) (S 294,484,485) (D 0,0,0)
 0 1 89 89361 7754  8 (D 0,0,0) (S 46,98,99) (S 647,97,529) (S 309,499,501) (S 644,531,337) (S 188,337,338) (S 31,60,55) (D 0,0,0)
 0 1 90 95807 3655  11 (D 0,0,0) (S 391,24,585) (S 401,585,592) (S 399,592,586) (S 402,586,187) (S 403,187,191) (S 103,191,192) (S 404,191,594) (S 400,593,594) (S 409,594,190) (D 0,0,0)
 0 1 91 95932 6600  8 (D 0,0,0) (S 654,750,343) (S 344,547,545) (S 643,545,335) (S 187,335,336) (S 636,336,547) (S 343,547,333) (D 0,0,0)
 0 1 92 93451 7511  11 (D 0,0,0) (S 703,267,774) (S 707,775,109) (S 220,379,380) (S 706,379,109) (S 709,775,776) (S 710,776,106) (S 51,106,104) (S 50,104,105) (S 155,108,283) (D 0,0,0)
 0 1 93 95316 9392  9 (D 0,0,0) (S 722,420,781) (S 752,801,787) (S 732,786,787) (S 734,787,272) (S 149,273,270) (S 252,271,423) (S 758,806,805) (D 0,0,0)
 0 1 94 95820 8080  7 (D 0,0,0) (S 25,60,61) (S 23,57,58) (S 621,58,736) (S 620,736,737) (S 622,737,738) (D 0,0,0)
 0 1 95 93609 3823  15 (D 0,0,0) (S 379,575,195) (S 10,25,26) (S 361,27,558) (S 364,558,524) (S 71,142,141) (S 390,141,189) (S 101,189,190) (S 102,190,140) (S 70,140,139) (S 360,139,557) (S 362,557,559) (S 363,559,560) (S 377,560,573) (D 0,0,0)
 0 1 96 89120 2348  9 (D 0,0,0) (S 436,622,213) (S 434,213,620) (S 444,621,627) (S 448,211,628) (S 451,628,214) (S 114,214,215) (S 447,215,626) (D 0,0,0)
 0 1 97 95371 7254  7 (D 0,0,0) (S 721,774,780) (S 54,109,107) (S 52,107,106) (S 720,776,774) (S 200,181,349) (D 0,0,0)
 0 1 98 93041 6226  8 (D 0,0,0) (S 44,93,94) (S 664,94,755) (S 203,353,352) (S 202,352,351) (S 671,760,178) (S 661,752,357) (D 0,0,0)
 0 1 99 92307 2912  11 (D 0,0,0) (S 378,576,575) (S 113,212,211) (S 449,211,627) (S 443,627,457) (S 476,416,222) (S 118,222,223) (S 246,223,415) (S 456,415,209) (S 446,208,215) (D 0,0,0)
 0 1 100 95378 8563  6 (D 0,0,0) (S 753,156,801) (S 747,801,268) (S 727,783,278) (S 151,279,161) (D 0,0,0)
 0 1 101 75709 1770  6 (D 0,0,0) (S 105,196,194) (S 104,194,193) (S 415,193,601) (S 416,193,574) (D 0,0,0)
 0 1 102 93366 5908  11 (D 0,0,0) (S 381,23,573) (S 406,572,595) (S 679,595,763) (S 680,763,359) (S 681,764,359) (S 206,359,360) (S 677,763,360) (S 678,360,762) (S 675,762,589) (D 0,0,0)
 0 1 103 95957 5050  13 (D 0,0,0) (S 528,667,672) (S 529,672,673) (S 532,673,675) (S 533,676,675) (S 534,675,671) (S 527,671,672) (S 530,674,673) (S 531,673,669) (S 516,668,669) (S 518,669,667) (S 520,243,666) (D 0,0,0)
 0 1 104 95670 4276  11 (D 0,0,0) (S 120,228,38) (S 295,38,486) (S 297,487,489) (S 470,496,640) (S 471,640,641) (S 473,642,638) (S 467,638,637) (S 306,4,496) (S 474,489,634) (D 0,0,0)
 0 1 105 95949 7051  12 (D 0,0,0) (S 370,564,565) (S 550,565,691) (S 552,691,536) (S 182,325,326) (S 610,723,725) (S 604,724,124) (S 62,124,123) (S 61,122,123) (S 176,318,317) (S 353,551,522) (D 0,0,0)
 0 1 106 94819 7298  14 (D 0,0,0) (S 287,476,477) (S 359,521,556) (S 354,554,459) (S 281,459,126) (S 64,126,123) (S 63,125,123) (S 331,124,530) (S 574,530,698) (S 570,698,699) (S 594,699,720) (S 592,720,719) (S 333,535,530) (D 0,0,0)
