709624
106
2400619
2309750
 0 1 1 37189 1162  3 (D 0,0,0) (S 422,606,610) (D 0,0,0)
 0 1 2 91982 1828  6 (D 0,0,0) (S 421,606,607) (S 419,607,198) (S 106,198,197) (S 8,23,21) (D 0,0,0)
 0 1 3 95683 3865  10 (D 0,0,0) (S 7,21,22) (S 391,24,585) (S 401,585,592) (S 399,592,586) (S 404,191,594) (S 400,593,594) (S 409,594,190) (S 360,139,557) (D 0,0,0)
 0 1 4 95238 5661  12 (D 0,0,0) (S 362,559,557) (S 406,572,595) (S 679,595,763) (S 677,763,360) (S 206,360,359) (S 681,764,359) (S 680,359,763) (S 376,572,523) (S 364,524,558) (S 361,558,27) (D 0,0,0)
 0 1 5 93471 5439  14 (D 0,0,0) (S 71,142,141) (S 389,523,141) (S 390,141,189) (S 388,189,581) (S 382,578,579) (S 412,599,176) (S 94,175,176) (S 413,176,580) (S 414,597,600) (S 411,597,598) (S 383,578,581) (S 410,190,142) (D 0,0,0)
 0 1 6 90193 1794  8 (D 0,0,0) (S 378,576,575) (S 379,575,195) (S 416,574,193) (S 415,193,601) (S 104,193,194) (S 105,194,196) (D 0,0,0)
 0 1 7 46970 1004  8 (D 0,0,0) (S 285,464,465) (S 284,463,464) (S 286,466,467) (S 283,461,462) (S 417,603,604) (S 418,605,603) (D 0,0,0)
 0 1 8 93599 3377  8 (D 0,0,0) (S 447,626,215) (S 459,631,216) (S 461,216,633) (S 115,216,217) (S 117,221,220) (S 462,220,632) (D 0,0,0)
 0 1 9 95900 4939  16 (D 0,0,0) (S 445,208,419) (S 1,3,4) (S 306,4,496) (S 470,496,640) (S 471,640,641) (S 473,642,638) (S 472,638,639) (S 467,638,637) (S 466,636,635) (S 468,635,4) (S 305,4,495) (S 308,495,498) (S 463,498,315) (S 175,315,316) (D 0,0,0)
 0 1 10 95575 2945  9 (D 0,0,0) (S 446,215,208) (S 248,419,403) (S 240,403,401) (S 238,401,398) (S 235,398,206) (S 236,205,399) (S 237,399,400) (D 0,0,0)
 0 1 11 93567 3679  12 (D 0,0,0) (S 437,624,623) (S 500,658,657) (S 499,657,414) (S 120,228,38) (S 295,38,486) (S 297,487,489) (S 474,489,634) (S 443,457,627) (S 444,627,621) (S 435,621,212) (D 0,0,0)
 0 1 12 92655 3596  10 (D 0,0,0) (S 460,632,631) (S 457,631,221) (S 458,221,217) (S 116,217,218) (S 465,218,2) (S 464,2,634) (S 475,634,222) (S 114,214,215) (D 0,0,0)
 0 1 13 95550 3047  13 (D 0,0,0) (S 449,211,627) (S 440,457,417) (S 476,416,222) (S 118,222,223) (S 246,223,415) (S 456,415,209) (S 451,628,214) (S 454,214,630) (S 450,629,630) (S 455,630,625) (S 439,625,626) (D 0,0,0)
 0 1 14 94604 4483  9 (D 0,0,0) (S 484,414,228) (S 307,488,38) (S 11,6,29) (S 2,9,10) (S 489,10,5) (S 488,5,40) (S 16,40,39) (D 0,0,0)
 0 1 15 93548 4391  12 (D 0,0,0) (S 438,212,625) (S 279,209,457) (S 486,228,133) (S 67,131,132) (S 296,132,488) (S 303,132,229) (S 121,229,230) (S 122,230,231) (S 320,515,7) (S 487,494,645) (D 0,0,0)
 0 1 16 95606 6116  11 (D 0,0,0) (S 205,357,358) (S 655,752,751) (S 674,751,355) (S 673,355,761) (S 204,355,356) (S 672,356,753) (S 659,753,751) (S 492,653,138) (S 68,138,134) (D 0,0,0)
 0 1 17 93072 4775  12 (D 0,0,0) (S 441,577,609) (S 512,660,482) (S 517,484,236) (S 129,243,244) (S 518,667,669) (S 516,668,669) (S 531,669,673) (S 530,674,673) (S 529,673,672) (S 292,200,28) (D 0,0,0)
 0 1 18 95209 3763  8 (D 0,0,0) (S 291,482,135) (S 288,135,479) (S 483,516,224) (S 480,648,649) (S 481,648,647) (S 482,647,405) (D 0,0,0)
 0 1 19 94929 4343  16 (D 0,0,0) (S 108,201,202) (S 498,656,480) (S 124,235,234) (S 125,234,236) (S 513,236,654) (S 519,654,612) (S 514,612,666) (S 520,666,243) (S 515,243,667) (S 528,667,672) (S 532,673,675) (S 533,676,675) (S 534,675,671) (S 527,671,672) (D 0,0,0)
 0 1 20 95005 4741  18 (D 0,0,0) (S 293,200,485) (S 495,235,655) (S 496,655,617) (S 428,617,613) (S 423,611,612) (S 524,614,670) (S 523,670,241) (S 128,241,242) (S 126,238,237) (S 243,402,407) (S 242,407,247) (S 386,49,582) (S 384,582,245) (S 385,245,584) (S 387,584,583) (S 380,523,557) (D 0,0,0)
 0 1 21 95772 4841  12 (D 0,0,0) (S 289,134,483) (S 6,18,19) (S 298,86,490) (S 134,252,129) (S 300,251,130) (S 299,130,490) (S 539,490,643) (S 494,412,653) (S 509,653,483) (S 290,134,484) (D 0,0,0)
 0 1 22 95754 3845  7 (D 0,0,0) (S 130,246,245) (S 536,584,246) (S 535,246,677) (S 538,677,678) (S 537,677,611) (D 0,0,0)
 0 1 23 95795 8308  11 (D 0,0,0) (S 350,551,552) (S 354,554,459) (S 352,459,505) (S 595,720,721) (S 588,716,322) (S 590,712,569) (S 23,58,57) (S 584,57,712) (S 589,712,718) (D 0,0,0)
 0 1 24 94746 6666  18 (D 0,0,0) (S 559,518,262) (S 141,262,263) (S 357,311,313) (S 174,313,314) (S 563,314,312) (S 565,312,695) (S 366,561,263) (S 356,263,311) (S 173,311,312) (S 564,314,562) (S 369,562,555) (S 349,478,255) (S 346,255,257) (S 137,257,258) (S 325,256,476) (S 294,484,485) (D 0,0,0)
 0 1 25 93104 3570  13 (D 0,0,0) (S 511,658,660) (S 501,660,659) (S 502,659,137) (S 504,137,661) (S 510,661,662) (S 507,662,663) (S 505,663,406) (S 119,226,227) (S 247,418,226) (S 244,410,411) (S 506,664,657) (D 0,0,0)
 0 1 26 94815 8368  13 (D 0,0,0) (S 426,199,616) (S 427,199,617) (S 197,182,180) (S 49,103,101) (S 714,101,777) (S 711,777,295) (S 159,295,289) (S 717,289,779) (S 715,779,777) (S 719,778,747) (S 649,748,746) (D 0,0,0)
 0 1 27 94890 6941  12 (D 0,0,0) (S 136,256,255) (S 347,257,548) (S 556,550,556) (S 327,525,526) (S 334,534,537) (S 555,534,260) (S 553,691,127) (S 567,318,564) (S 69,135,136) (S 503,136,659) (D 0,0,0)
 0 1 28 94827 6598  11 (D 0,0,0) (S 508,663,479) (S 367,562,563) (S 546,563,684) (S 138,32,259) (S 548,686,687) (S 549,688,690) (S 560,693,695) (S 561,695,561) (S 562,561,262) (D 0,0,0)
 0 1 29 93772 4101  9 (D 0,0,0) (S 485,131,645) (S 304,493,232) (S 123,232,233) (S 479,232,646) (S 477,647,646) (S 478,646,413) (S 245,413,414) (D 0,0,0)
 0 1 30 95374 6293  9 (D 0,0,0) (S 172,309,310) (S 323,88,119) (S 569,696,697) (S 568,697,53) (S 193,46,344) (S 143,266,184) (S 201,350,184) (D 0,0,0)
 0 1 31 93561 6238  8 (D 0,0,0) (S 96,183,182) (S 97,179,177) (S 95,177,181) (S 144,264,267) (S 660,147,349) (S 657,357,514) (D 0,0,0)
 0 1 32 94879 7526  7 (D 0,0,0) (S 34,73,72) (S 35,74,75) (S 33,72,71) (S 190,294,341) (S 345,544,506) (D 0,0,0)
 0 1 33 95840 7256  8 (D 0,0,0) (S 313,347,506) (S 339,506,287) (S 778,287,456) (S 780,456,69) (S 277,456,77) (S 196,348,347) (D 0,0,0)
 0 1 34 95912 7984  10 (D 0,0,0) (S 155,108,283) (S 278,288,77) (S 38,77,69) (S 37,70,76) (S 270,76,448) (S 269,448,449) (S 273,451,75) (S 161,287,282) (D 0,0,0)
 0 1 35 94528 8437  7 (D 0,0,0) (S 775,293,445) (S 267,445,446) (S 776,445,508) (S 315,454,303) (S 36,74,72) (D 0,0,0)
 0 1 36 94451 7838  7 (D 0,0,0) (S 271,451,449) (S 272,449,450) (S 718,292,778) (S 716,778,779) (S 48,101,102) (D 0,0,0)
 0 1 37 95898 6496  7 (D 0,0,0) (S 142,265,264) (S 199,264,116) (S 162,118,108) (S 198,283,348) (S 195,347,180) (D 0,0,0)
 0 1 38 94801 7111  9 (D 0,0,0) (S 200,349,181) (S 59,117,118) (S 53,108,104) (S 50,104,105) (S 51,104,106) (S 710,106,776) (S 721,774,780) (D 0,0,0)
 0 1 39 94950 7245  7 (D 0,0,0) (S 720,774,776) (S 709,776,775) (S 707,775,109) (S 54,109,107) (S 52,107,106) (D 0,0,0)
 0 1 40 95661 9637  10 (D 0,0,0) (S 774,455,171) (S 91,171,169) (S 769,424,440) (S 768,440,165) (S 81,163,164) (S 85,164,168) (S 86,168,169) (S 168,302,303) (D 0,0,0)
 0 1 41 95896 8104  8 (D 0,0,0) (S 214,372,152) (S 78,152,160) (S 249,160,420) (S 724,420,37) (S 316,37,509) (S 705,36,381) (D 0,0,0)
 0 1 42 94005 7322  10 (D 0,0,0) (S 110,204,203) (S 704,378,382) (S 222,382,383) (S 702,382,381) (S 221,381,159) (S 216,159,374) (S 233,374,363) (S 396,364,589) (D 0,0,0)
 0 1 43 95721 10007  10 (D 0,0,0) (S 747,268,801) (S 752,801,787) (S 733,786,788) (S 731,784,785) (S 739,785,431) (S 257,431,432) (S 256,429,430) (S 740,799,428) (D 0,0,0)
 0 1 44 95681 9274  7 (D 0,0,0) (S 741,68,428) (S 742,799,429) (S 743,429,798) (S 748,798,433) (S 744,433,795) (D 0,0,0)
 0 1 45 94243 10104  9 (D 0,0,0) (S 735,793,794) (S 217,375,296) (S 3,13,12) (S 260,12,439) (S 738,12,797) (S 760,797,375) (S 754,788,803) (D 0,0,0)
 0 1 46 94866 8709  6 (D 0,0,0) (S 762,149,807) (S 761,807,802) (S 745,800,801) (S 753,801,156) (D 0,0,0)
 0 1 47 95858 8812  9 (D 0,0,0) (S 212,370,154) (S 693,155,771) (S 695,771,772) (S 224,387,388) (S 227,393,387) (S 312,468,469) (S 686,767,768) (D 0,0,0)
 0 1 48 95728 8943  8 (D 0,0,0) (S 683,389,79) (S 694,392,771) (S 763,150,808) (S 765,808,427) (S 764,427,799) (S 255,428,67) (D 0,0,0)
 0 1 49 95613 9008  7 (D 0,0,0) (S 45,95,96) (S 74,66,148) (S 254,65,427) (S 75,149,157) (S 225,384,78) (D 0,0,0)
 0 1 50 95101 9007  10 (D 0,0,0) (S 228,394,390) (S 751,157,800) (S 749,803,800) (S 750,800,786) (S 732,786,787) (S 734,787,272) (S 171,272,307) (S 729,307,421) (D 0,0,0)
 0 1 51 95091 9972  10 (D 0,0,0) (S 773,306,444) (S 756,805,804) (S 755,425,796) (S 259,437,438) (S 737,437,796) (S 258,435,436) (S 736,790,795) (S 746,802,803) (D 0,0,0)
 0 1 52 95763 9772  9 (D 0,0,0) (S 759,423,300) (S 766,424,809) (S 771,809,274) (S 770,274,442) (S 150,274,277) (S 165,297,82) (S 41,82,83) (D 0,0,0)
 0 1 53 95735 9066  8 (D 0,0,0) (S 167,171,82) (S 164,297,298) (S 163,297,277) (S 148,277,276) (S 264,276,443) (S 92,170,173) (D 0,0,0)
 0 1 54 95783 9241  7 (D 0,0,0) (S 265,170,443) (S 772,443,444) (S 266,444,270) (S 252,271,423) (S 149,270,273) (D 0,0,0)
 0 1 55 95411 10076  8 (D 0,0,0) (S 253,424,167) (S 84,167,165) (S 82,165,166) (S 261,275,440) (S 767,809,301) (S 166,301,277) (D 0,0,0)
 0 1 56 94660 9778  9 (D 0,0,0) (S 393,169,587) (S 263,442,163) (S 83,163,166) (S 147,166,275) (S 146,275,274) (S 394,588,164) (S 87,171,170) (D 0,0,0)
 0 1 57 95911 8774  8 (D 0,0,0) (S 90,172,80) (S 40,80,81) (S 93,80,173) (S 170,173,308) (S 250,308,421) (S 730,421,783) (D 0,0,0)
 0 1 58 95237 9144  11 (D 0,0,0) (S 722,420,781) (S 723,781,782) (S 725,781,441) (S 726,441,279) (S 145,268,269) (S 757,273,805) (S 758,806,805) (S 169,307,306) (S 223,306,308) (D 0,0,0)
 0 1 59 93908 7434  7 (D 0,0,0) (S 231,372,367) (S 213,371,151) (S 215,160,373) (S 230,363,396) (S 234,397,111) (D 0,0,0)
 0 1 60 95839 8236  9 (D 0,0,0) (S 79,158,159) (S 88,145,36) (S 15,36,37) (S 89,37,172) (S 728,172,783) (S 727,783,278) (S 152,278,279) (D 0,0,0)
 0 1 61 94512 7126  9 (D 0,0,0) (S 80,146,162) (S 109,162,203) (S 211,203,369) (S 699,204,773) (S 696,773,377) (S 697,377,396) (S 678,762,360) (D 0,0,0)
 0 1 62 91861 6619  6 (D 0,0,0) (S 675,589,762) (S 676,762,397) (S 207,361,362) (S 208,363,364) (D 0,0,0)
 0 1 63 95467 6312  6 (D 0,0,0) (S 218,377,110) (S 55,110,111) (S 226,111,94) (S 405,94,595) (D 0,0,0)
 0 1 64 90938 6259  8 (D 0,0,0) (S 664,94,755) (S 665,755,353) (S 662,353,754) (S 670,754,758) (S 669,758,759) (S 668,758,351) (D 0,0,0)
 0 1 65 93200 6491  8 (D 0,0,0) (S 671,178,760) (S 202,351,352) (S 203,352,353) (S 701,756,112) (S 56,112,110) (S 44,93,94) (D 0,0,0)
 0 1 66 95912 7863  9 (D 0,0,0) (S 377,573,560) (S 363,560,559) (S 232,365,92) (S 314,92,507) (S 43,90,91) (S 77,145,159) (S 698,158,773) (D 0,0,0)
 0 1 67 94825 7367  8 (D 0,0,0) (S 229,373,395) (S 210,367,368) (S 691,770,767) (S 688,768,769) (S 687,767,373) (S 209,365,366) (D 0,0,0)
 0 1 68 93875 5939  9 (D 0,0,0) (S 381,23,573) (S 407,572,596) (S 5,16,17) (S 430,618,619) (S 4,14,15) (S 431,15,619) (S 433,619,115) (D 0,0,0)
 0 1 69 94675 7347  10 (D 0,0,0) (S 107,200,199) (S 160,118,267) (S 706,109,379) (S 220,379,380) (S 219,378,144) (S 72,144,143) (S 76,143,158) (S 700,204,112) (D 0,0,0)
 0 1 70 94354 8061  8 (D 0,0,0) (S 328,293,527) (S 330,527,502) (S 713,502,778) (S 310,502,503) (S 329,528,529) (S 648,528,747) (D 0,0,0)
 0 1 71 94260 7501  11 (D 0,0,0) (S 42,85,84) (S 47,84,99) (S 46,98,99) (S 712,97,746) (S 645,746,102) (S 646,100,341) (S 341,544,541) (S 340,542,543) (S 344,545,547) (D 0,0,0)
 0 1 72 95134 6770  8 (D 0,0,0) (S 643,545,335) (S 187,335,336) (S 636,336,547) (S 343,547,333) (S 342,333,546) (S 191,51,342) (D 0,0,0)
 0 1 73 93291 6032  7 (D 0,0,0) (S 26,53,62) (S 652,749,750) (S 654,750,343) (S 192,343,54) (S 544,64,679) (D 0,0,0)
 0 1 74 95562 7253  7 (D 0,0,0) (S 653,343,547) (S 638,338,532) (S 184,329,330) (S 332,340,533) (S 336,538,323) (D 0,0,0)
 0 1 75 95906 7627  8 (D 0,0,0) (S 189,339,340) (S 614,729,500) (S 309,499,501) (S 644,531,337) (S 188,337,338) (S 637,744,336) (D 0,0,0)
 0 1 76 95270 8634  9 (D 0,0,0) (S 647,97,529) (S 632,504,291) (S 268,280,447) (S 157,281,284) (S 630,281,743) (S 628,743,730) (S 642,744,339) (D 0,0,0)
 0 1 77 95417 8442  9 (D 0,0,0) (S 158,293,291) (S 154,286,174) (S 586,286,713) (S 650,713,739) (S 624,739,285) (S 153,285,284) (S 156,280,291) (D 0,0,0)
 0 1 78 95309 6701  6 (D 0,0,0) (S 186,333,334) (S 639,546,745) (S 31,60,55) (S 543,679,680) (D 0,0,0)
 0 1 79 92146 4906  5 (D 0,0,0) (S 469,407,491) (S 301,491,45) (S 131,50,247) (D 0,0,0)
 0 1 80 86792 4062  13 (D 0,0,0) (S 70,139,140) (S 102,140,190) (S 101,190,189) (S 99,185,186) (S 408,186,594) (S 103,191,192) (S 403,191,187) (S 100,187,188) (S 402,187,586) (S 392,586,24) (S 9,24,21) (D 0,0,0)
 0 1 81 95909 5716  9 (D 0,0,0) (S 10,25,26) (S 395,591,590) (S 194,345,346) (S 397,345,113) (S 57,113,114) (S 58,114,115) (S 432,115,591) (D 0,0,0)
 0 1 82 94593 4112  10 (D 0,0,0) (S 429,612,615) (S 521,241,239) (S 127,239,240) (S 525,238,408) (S 132,248,249) (S 318,248,512) (S 133,248,250) (S 424,409,614) (D 0,0,0)
 0 1 83 95873 8451  10 (D 0,0,0) (S 522,615,670) (S 526,239,238) (S 274,302,452) (S 275,452,453) (S 276,455,304) (S 32,70,69) (S 779,69,811) (S 777,810,811) (D 0,0,0)
 0 1 84 90538 3452  9 (D 0,0,0) (S 241,400,404) (S 112,208,210) (S 111,208,207) (S 453,209,628) (S 448,628,211) (S 113,211,212) (S 452,622,607) (D 0,0,0)
 0 1 85 94605 4927  6 (D 0,0,0) (S 66,130,128) (S 540,128,253) (S 135,253,254) (S 322,87,474) (D 0,0,0)
 0 1 86 95346 4640  7 (D 0,0,0) (S 302,232,492) (S 491,492,652) (S 490,650,651) (S 541,652,517) (S 321,497,516) (D 0,0,0)
 0 1 87 94607 6640  10 (D 0,0,0) (S 497,485,235) (S 493,654,138) (S 703,267,774) (S 708,775,146) (S 73,146,147) (S 667,147,757) (S 666,757,354) (S 663,756,755) (D 0,0,0)
 0 1 88 95430 6002  10 (D 0,0,0) (S 542,258,120) (S 60,120,121) (S 348,549,539) (S 338,540,539) (S 337,539,55) (S 29,63,62) (S 20,50,49) (S 425,614,615) (D 0,0,0)
 0 1 89 95841 5998  8 (D 0,0,0) (S 239,237,402) (S 98,184,183) (S 656,183,752) (S 661,752,357) (S 319,513,514) (S 658,514,49) (D 0,0,0)
 0 1 90 95595 7497  9 (D 0,0,0) (S 692,395,770) (S 690,770,368) (S 689,368,765) (S 684,470,766) (S 685,766,765) (S 682,765,79) (S 39,79,78) (D 0,0,0)
 0 1 91 95817 8182  6 (D 0,0,0) (S 262,152,441) (S 151,279,161) (S 251,153,422) (S 398,591,572) (D 0,0,0)
 0 1 92 95158 7398  8 (D 0,0,0) (S 25,60,61) (S 19,48,44) (S 18,43,44) (S 30,59,61) (S 359,556,521) (S 287,477,476) (D 0,0,0)
 0 1 93 94881 8492  15 (D 0,0,0) (S 353,522,551) (S 554,554,127) (S 62,123,124) (S 610,723,725) (S 606,725,726) (S 581,709,710) (S 580,709,705) (S 576,705,706) (S 578,706,570) (S 375,570,568) (S 371,568,319) (S 177,319,320) (S 179,321,322) (D 0,0,0)
 0 1 94 95291 8531  8 (D 0,0,0) (S 583,57,708) (S 579,708,707) (S 616,707,728) (S 613,728,511) (S 618,728,735) (S 619,735,734) (D 0,0,0)
 0 1 95 95960 8564  7 (D 0,0,0) (S 621,58,736) (S 623,736,733) (S 372,510,566) (S 183,327,328) (S 27,52,58) (D 0,0,0)
 0 1 96 93480 8213  8 (D 0,0,0) (S 627,48,742) (S 629,742,730) (S 622,738,737) (S 620,737,736) (S 28,57,44) (S 24,48,59) (D 0,0,0)
 0 1 97 95294 7713  7 (D 0,0,0) (S 635,59,332) (S 634,332,330) (S 633,330,729) (S 631,732,504) (S 311,504,503) (D 0,0,0)
 0 1 98 95511 8940  9 (D 0,0,0) (S 185,331,332) (S 617,732,730) (S 615,730,731) (S 626,740,741) (S 625,731,739) (S 651,743,739) (S 585,713,707) (D 0,0,0)
 0 1 99 95613 7466  9 (D 0,0,0) (S 641,60,745) (S 640,745,533) (S 335,61,538) (S 591,538,718) (S 603,718,324) (S 592,719,720) (S 594,720,699) (D 0,0,0)
 0 1 100 95179 7921  14 (D 0,0,0) (S 355,317,554) (S 597,535,719) (S 599,721,716) (S 598,717,722) (S 612,722,706) (S 611,706,715) (S 587,715,714) (S 605,714,725) (S 608,723,326) (S 65,126,127) (S 368,564,553) (S 351,520,313) (D 0,0,0)
 0 1 101 95760 8848  19 (D 0,0,0) (S 176,317,318) (S 64,126,123) (S 61,122,123) (S 607,724,727) (S 600,723,698) (S 570,698,699) (S 573,699,704) (S 593,721,704) (S 572,702,703) (S 575,702,700) (S 571,700,701) (S 577,700,705) (S 582,705,711) (S 596,722,568) (S 178,319,321) (S 282,460,321) (S 181,322,324) (D 0,0,0)
 0 1 102 95002 9578  9 (D 0,0,0) (S 374,569,52) (S 21,52,47) (S 17,41,42) (S 22,42,56) (S 280,458,42) (S 317,47,510) (S 373,327,52) (D 0,0,0)
 0 1 103 95247 7019  13 (D 0,0,0) (S 566,318,127) (S 63,125,123) (S 331,530,124) (S 604,124,724) (S 609,727,326) (S 182,326,325) (S 552,536,691) (S 550,691,565) (S 370,565,564) (S 326,520,519) (S 324,519,309) (D 0,0,0)
 0 1 104 95693 6996  10 (D 0,0,0) (S 358,551,317) (S 281,459,126) (S 333,535,530) (S 574,530,698) (S 602,698,719) (S 601,719,324) (S 180,324,323) (S 365,323,556) (D 0,0,0)
 0 1 105 95713 7892  12 (D 0,0,0) (S 558,693,682) (S 551,685,692) (S 547,685,35) (S 14,33,34) (S 545,683,259) (S 13,32,31) (S 12,31,30) (S 140,261,30) (S 139,30,260) (S 557,260,691) (D 0,0,0)
 0 1 106 84708 2094  6 (D 0,0,0) (S 436,622,213) (S 434,213,620) (S 442,620,609) (S 420,198,608) (D 0,0,0)
