716727
106
2400768
2276003
 0 1 1 92545 4204  13 (D 0,0,0) (S 429,612,615) (S 522,615,670) (S 523,670,241) (S 128,241,242) (S 127,239,240) (S 526,239,238) (S 133,250,248) (S 318,248,512) (S 132,248,249) (S 424,409,614) (S 427,617,199) (D 0,0,0)
 0 1 2 95543 1800  6 (D 0,0,0) (S 421,606,607) (S 434,620,213) (S 436,213,622) (S 452,622,607) (D 0,0,0)
 0 1 3 86848 2919  8 (D 0,0,0) (S 439,626,625) (S 455,625,630) (S 111,207,208) (S 446,208,215) (S 447,215,626) (S 422,606,610) (D 0,0,0)
 0 1 4 93197 4193  14 (D 0,0,0) (S 360,557,139) (S 70,139,140) (S 102,140,190) (S 409,190,594) (S 400,593,594) (S 404,594,191) (S 103,191,192) (S 403,191,187) (S 100,187,188) (S 402,187,586) (S 392,586,24) (S 7,21,22) (D 0,0,0)
 0 1 5 95754 3845  7 (D 0,0,0) (S 130,246,245) (S 536,584,246) (S 535,246,677) (S 538,677,678) (S 537,677,611) (D 0,0,0)
 0 1 6 75709 1770  6 (D 0,0,0) (S 416,574,193) (S 415,193,601) (S 104,193,194) (S 105,194,196) (D 0,0,0)
 0 1 7 91282 5812  8 (D 0,0,0) (S 380,557,523) (S 58,114,115) (S 4,14,15) (S 431,15,619) (S 432,115,591) (S 376,572,523) (D 0,0,0)
 0 1 8 89315 7356  11 (D 0,0,0) (S 294,485,484) (S 554,554,127) (S 139,260,30) (S 140,261,30) (S 12,30,31) (S 13,31,32) (S 138,32,259) (S 548,686,687) (S 549,688,690) (D 0,0,0)
 0 1 9 46970 1004  8 (D 0,0,0) (S 284,463,464) (S 285,464,465) (S 286,466,467) (S 283,461,462) (S 418,605,603) (S 417,603,604) (D 0,0,0)
 0 1 10 95306 2251  7 (D 0,0,0) (S 391,24,585) (S 401,585,592) (S 399,592,586) (S 9,24,21) (S 8,21,23) (D 0,0,0)
 0 1 11 80437 1967  6 (D 0,0,0) (S 419,607,198) (S 442,620,609) (S 441,609,577) (S 106,197,198) (D 0,0,0)
 0 1 12 89018 4561  12 (D 0,0,0) (S 113,212,211) (S 449,211,627) (S 444,627,621) (S 512,660,482) (S 517,484,236) (S 515,243,667) (S 530,674,673) (S 529,673,672) (S 498,480,656) (S 108,202,201) (D 0,0,0)
 0 1 13 95814 6392  9 (D 0,0,0) (S 660,349,147) (S 667,147,757) (S 203,353,352) (S 202,352,351) (S 492,653,138) (S 493,138,654) (S 513,654,236) (D 0,0,0)
 0 1 14 95017 7698  10 (D 0,0,0) (S 96,183,182) (S 97,179,177) (S 703,267,774) (S 702,381,382) (S 220,379,380) (S 54,109,107) (S 52,107,106) (S 51,106,104) (D 0,0,0)
 0 1 15 94395 5809  12 (D 0,0,0) (S 10,25,26) (S 361,27,558) (S 407,572,596) (S 5,16,17) (S 430,618,619) (S 433,619,115) (S 194,346,345) (S 395,590,591) (S 398,591,572) (S 381,573,23) (D 0,0,0)
 0 1 16 95506 5304  13 (D 0,0,0) (S 71,142,141) (S 388,189,581) (S 411,597,598) (S 414,597,600) (S 94,175,176) (S 412,599,176) (S 413,176,580) (S 382,578,579) (S 383,578,581) (S 99,185,186) (S 408,186,594) (D 0,0,0)
 0 1 17 94286 6391  6 (D 0,0,0) (S 396,589,364) (S 208,364,363) (S 697,396,377) (S 218,377,110) (D 0,0,0)
 0 1 18 94076 6127  8 (D 0,0,0) (S 55,111,110) (S 56,110,112) (S 701,112,756) (S 663,756,755) (S 405,94,595) (S 406,595,572) (D 0,0,0)
 0 1 19 95332 7618  11 (D 0,0,0) (S 206,359,360) (S 678,360,762) (S 207,361,362) (S 696,377,773) (S 699,773,204) (S 211,203,369) (S 110,203,204) (S 700,204,112) (S 226,111,94) (D 0,0,0)
 0 1 20 94451 5763  9 (D 0,0,0) (S 679,595,763) (S 680,763,359) (S 681,764,359) (S 677,763,360) (S 675,762,589) (S 397,113,345) (S 364,524,558) (D 0,0,0)
 0 1 21 95639 7628  10 (D 0,0,0) (S 79,158,159) (S 77,145,159) (S 222,382,383) (S 219,378,144) (S 72,144,143) (S 76,143,158) (S 698,158,773) (S 676,397,762) (D 0,0,0)
 0 1 22 94090 7873  5 (D 0,0,0) (S 209,366,365) (S 314,92,507) (S 692,395,770) (D 0,0,0)
 0 1 23 92350 5749  11 (D 0,0,0) (S 292,28,200) (S 325,476,256) (S 136,256,255) (S 346,255,257) (S 137,257,258) (S 542,258,120) (S 60,120,121) (S 347,548,257) (S 349,255,478) (D 0,0,0)
 0 1 24 95381 7950  10 (D 0,0,0) (S 704,378,382) (S 705,381,36) (S 15,36,37) (S 316,37,509) (S 724,37,420) (S 249,420,160) (S 215,160,373) (S 377,560,573) (D 0,0,0)
 0 1 25 95830 7732  5 (D 0,0,0) (S 214,372,152) (S 251,153,422) (S 212,154,370) (D 0,0,0)
 0 1 26 95185 9239  9 (D 0,0,0) (S 363,560,559) (S 753,156,801) (S 749,800,803) (S 736,795,790) (S 748,798,433) (S 744,433,795) (S 75,149,157) (D 0,0,0)
 0 1 27 95807 8774  7 (D 0,0,0) (S 728,172,783) (S 730,783,421) (S 250,421,308) (S 40,80,81) (S 706,379,109) (D 0,0,0)
 0 1 28 94544 9643  9 (D 0,0,0) (S 223,308,306) (S 169,306,307) (S 149,273,270) (S 261,275,440) (S 769,440,424) (S 150,274,277) (S 165,297,82) (D 0,0,0)
 0 1 29 95824 8118  7 (D 0,0,0) (S 151,161,279) (S 152,279,278) (S 726,279,441) (S 262,441,152) (S 78,152,160) (D 0,0,0)
 0 1 30 95325 7544  8 (D 0,0,0) (S 44,93,94) (S 234,111,397) (S 230,396,363) (S 43,90,91) (S 213,151,371) (S 229,395,373) (D 0,0,0)
 0 1 31 95942 7514  10 (D 0,0,0) (S 210,367,368) (S 689,765,368) (S 690,368,770) (S 691,770,767) (S 686,767,768) (S 688,768,769) (S 687,767,373) (S 232,92,365) (D 0,0,0)
 0 1 32 95834 8440  12 (D 0,0,0) (S 39,79,78) (S 694,392,771) (S 695,771,772) (S 227,393,387) (S 224,387,388) (S 312,468,469) (S 684,470,766) (S 685,766,765) (S 682,765,79) (S 683,79,389) (D 0,0,0)
 0 1 33 95355 8772  7 (D 0,0,0) (S 225,78,384) (S 45,95,96) (S 763,150,808) (S 765,808,427) (S 254,427,65) (D 0,0,0)
 0 1 34 95984 9720  9 (D 0,0,0) (S 74,66,148) (S 255,67,428) (S 740,428,799) (S 256,429,430) (S 743,429,798) (S 257,431,432) (S 764,799,427) (D 0,0,0)
 0 1 35 95883 9175  10 (D 0,0,0) (S 722,420,781) (S 723,781,782) (S 725,781,441) (S 145,268,269) (S 757,273,805) (S 756,805,804) (S 750,786,800) (S 747,801,268) (D 0,0,0)
 0 1 36 95919 9820  8 (D 0,0,0) (S 91,171,169) (S 394,588,164) (S 83,163,166) (S 84,165,167) (S 253,167,424) (S 771,809,274) (D 0,0,0)
 0 1 37 92974 9669  8 (D 0,0,0) (S 734,787,272) (S 759,423,300) (S 166,301,277) (S 148,276,277) (S 41,82,83) (S 774,171,455) (D 0,0,0)
 0 1 38 94513 10122  9 (D 0,0,0) (S 217,375,296) (S 767,301,809) (S 766,809,424) (S 768,440,165) (S 82,165,166) (S 147,166,275) (S 146,275,274) (D 0,0,0)
 0 1 39 93903 9075  11 (D 0,0,0) (S 89,37,172) (S 92,173,170) (S 87,170,171) (S 393,169,587) (S 276,455,304) (S 168,302,303) (S 37,76,70) (S 32,70,69) (S 313,506,347) (D 0,0,0)
 0 1 40 95278 10252  10 (D 0,0,0) (S 752,801,787) (S 732,787,786) (S 760,375,797) (S 738,797,12) (S 3,12,13) (S 260,12,439) (S 259,437,438) (S 737,437,796) (D 0,0,0)
 0 1 41 95898 8807  8 (D 0,0,0) (S 727,783,278) (S 745,801,800) (S 746,803,802) (S 761,802,807) (S 762,807,149) (S 228,390,394) (D 0,0,0)
 0 1 42 95913 9767  10 (D 0,0,0) (S 231,372,367) (S 693,771,155) (S 751,157,800) (S 733,786,788) (S 735,793,794) (S 755,425,796) (S 258,435,436) (S 731,784,785) (D 0,0,0)
 0 1 43 93067 9166  7 (D 0,0,0) (S 266,444,270) (S 252,271,423) (S 758,806,805) (S 171,272,307) (S 729,307,421) (D 0,0,0)
 0 1 44 95807 6922  7 (D 0,0,0) (S 195,180,347) (S 161,282,287) (S 778,287,456) (S 277,456,77) (S 278,77,288) (D 0,0,0)
 0 1 45 95492 8495  8 (D 0,0,0) (S 779,69,811) (S 777,810,811) (S 315,303,454) (S 776,508,445) (S 775,445,293) (S 711,295,777) (D 0,0,0)
 0 1 46 93243 9457  10 (D 0,0,0) (S 167,171,82) (S 164,297,298) (S 163,297,277) (S 770,274,442) (S 263,442,163) (S 81,163,164) (S 85,164,168) (S 86,168,169) (D 0,0,0)
 0 1 47 94026 6196  6 (D 0,0,0) (S 342,546,333) (S 186,333,334) (S 653,547,343) (S 192,343,54) (D 0,0,0)
 0 1 48 95115 7263  7 (D 0,0,0) (S 642,339,744) (S 638,338,532) (S 644,531,337) (S 188,337,338) (S 643,335,545) (D 0,0,0)
 0 1 49 91783 7136  8 (D 0,0,0) (S 343,333,547) (S 636,547,336) (S 187,336,335) (S 42,85,84) (S 46,98,99) (S 47,99,84) (D 0,0,0)
 0 1 50 94236 4928  7 (D 0,0,0) (S 425,615,614) (S 524,614,670) (S 126,238,237) (S 469,407,491) (S 301,491,45) (D 0,0,0)
 0 1 51 95291 7571  6 (D 0,0,0) (S 159,295,289) (S 271,449,451) (S 273,451,75) (S 35,75,74) (D 0,0,0)
 0 1 52 95902 8339  9 (D 0,0,0) (S 328,293,527) (S 330,527,502) (S 311,503,504) (S 329,528,529) (S 309,499,501) (S 184,329,330) (S 25,61,60) (D 0,0,0)
 0 1 53 95596 8023  7 (D 0,0,0) (S 185,331,332) (S 634,332,330) (S 631,732,504) (S 632,504,291) (S 158,291,293) (D 0,0,0)
 0 1 54 95902 7640  11 (D 0,0,0) (S 345,506,544) (S 646,341,100) (S 645,102,746) (S 649,746,748) (S 648,747,528) (S 310,503,502) (S 713,502,778) (S 716,778,779) (S 48,101,102) (D 0,0,0)
 0 1 55 95341 6259  9 (D 0,0,0) (S 668,351,758) (S 669,758,759) (S 670,758,754) (S 662,754,353) (S 665,353,755) (S 664,755,94) (S 362,557,559) (D 0,0,0)
 0 1 56 94999 8215  10 (D 0,0,0) (S 780,456,69) (S 274,302,452) (S 275,453,452) (S 38,69,77) (S 190,294,341) (S 344,545,547) (S 654,343,750) (S 652,750,749) (D 0,0,0)
 0 1 57 93928 8936  7 (D 0,0,0) (S 267,445,446) (S 156,291,280) (S 268,280,447) (S 718,292,778) (S 719,778,747) (D 0,0,0)
 0 1 58 94872 7802  7 (D 0,0,0) (S 95,177,181) (S 272,450,449) (S 269,449,448) (S 270,448,76) (S 36,74,72) (D 0,0,0)
 0 1 59 95283 6188  11 (D 0,0,0) (S 68,134,138) (S 674,751,355) (S 673,355,761) (S 204,355,356) (S 672,356,753) (S 671,760,178) (S 659,753,751) (S 655,751,752) (S 661,752,357) (D 0,0,0)
 0 1 60 94688 6985  9 (D 0,0,0) (S 710,776,106) (S 53,104,108) (S 162,118,108) (S 155,108,283) (S 198,283,348) (S 196,348,347) (S 197,180,182) (D 0,0,0)
 0 1 61 94970 6732  9 (D 0,0,0) (S 243,402,407) (S 721,774,780) (S 160,267,118) (S 59,118,117) (S 199,116,264) (S 142,264,265) (S 200,181,349) (D 0,0,0)
 0 1 62 93773 6869  6 (D 0,0,0) (S 73,147,146) (S 707,109,775) (S 709,775,776) (S 720,776,774) (D 0,0,0)
 0 1 63 93719 7031  7 (D 0,0,0) (S 666,354,757) (S 109,162,203) (S 80,162,146) (S 708,146,775) (S 144,267,264) (D 0,0,0)
 0 1 64 87153 5994  9 (D 0,0,0) (S 426,199,616) (S 143,266,184) (S 201,350,184) (S 98,184,183) (S 656,183,752) (S 205,357,358) (S 657,357,514) (D 0,0,0)
 0 1 65 95339 4848  18 (D 0,0,0) (S 107,200,199) (S 528,667,672) (S 527,672,671) (S 534,671,675) (S 533,676,675) (S 532,675,673) (S 531,673,669) (S 516,668,669) (S 518,669,667) (S 129,243,244) (S 520,243,666) (S 514,666,612) (S 519,612,654) (S 125,236,234) (S 124,234,235) (S 497,235,485) (D 0,0,0)
 0 1 66 94928 3762  7 (D 0,0,0) (S 483,516,224) (S 480,648,649) (S 481,648,647) (S 477,647,646) (S 478,646,413) (D 0,0,0)
 0 1 67 92241 8071  9 (D 0,0,0) (S 49,103,101) (S 714,101,777) (S 715,777,779) (S 717,779,289) (S 33,71,72) (S 34,73,72) (S 50,104,105) (D 0,0,0)
 0 1 68 92271 3856  18 (D 0,0,0) (S 378,576,575) (S 420,198,608) (S 511,658,660) (S 501,660,659) (S 502,659,137) (S 504,137,661) (S 507,662,663) (S 508,663,479) (S 247,418,226) (S 119,226,227) (S 505,406,663) (S 510,662,661) (S 506,664,657) (S 500,657,658) (S 437,623,624) (S 435,621,212) (D 0,0,0)
 0 1 69 93917 8826  10 (D 0,0,0) (S 637,336,744) (S 617,732,730) (S 585,707,713) (S 650,713,739) (S 651,743,739) (S 586,713,286) (S 154,286,174) (S 153,285,284) (D 0,0,0)
 0 1 70 95382 8353  16 (D 0,0,0) (S 603,324,718) (S 589,718,712) (S 590,712,569) (S 375,568,570) (S 578,570,706) (S 598,722,717) (S 595,721,720) (S 594,720,699) (S 570,699,698) (S 600,698,723) (S 609,326,727) (S 281,126,459) (S 355,554,317) (S 353,551,522) (D 0,0,0)
 0 1 71 93994 7535  7 (D 0,0,0) (S 57,114,113) (S 233,363,374) (S 216,374,159) (S 221,159,381) (S 88,36,145) (D 0,0,0)
 0 1 72 95241 4936  15 (D 0,0,0) (S 495,235,655) (S 496,655,617) (S 428,617,613) (S 239,237,402) (S 242,407,247) (S 386,49,582) (S 384,582,245) (S 385,245,584) (S 387,584,583) (S 389,523,141) (S 390,141,189) (S 101,189,190) (S 410,190,142) (D 0,0,0)
 0 1 73 94001 7088  14 (D 0,0,0) (S 289,134,483) (S 604,124,724) (S 610,723,725) (S 606,725,726) (S 182,326,325) (S 552,536,691) (S 553,691,127) (S 566,127,318) (S 176,318,317) (S 358,317,551) (S 350,551,552) (S 287,477,476) (D 0,0,0)
 0 1 74 91034 6036  12 (D 0,0,0) (S 443,627,457) (S 172,309,310) (S 326,519,520) (S 351,520,313) (S 173,311,312) (S 565,312,695) (S 561,695,561) (S 366,561,263) (S 559,262,518) (S 291,135,482) (D 0,0,0)
 0 1 75 95572 7029  13 (D 0,0,0) (S 562,262,561) (S 560,695,693) (S 558,693,682) (S 551,685,692) (S 14,33,34) (S 547,35,685) (S 545,683,259) (S 546,684,563) (S 367,563,562) (S 369,562,555) (S 324,519,309) (D 0,0,0)
 0 1 76 95346 4640  7 (D 0,0,0) (S 321,516,497) (S 541,517,652) (S 490,650,651) (S 491,652,492) (S 302,492,232) (D 0,0,0)
 0 1 77 95301 4534  9 (D 0,0,0) (S 509,483,653) (S 494,653,412) (S 539,643,490) (S 298,490,86) (S 135,253,254) (S 6,19,18) (S 290,134,484) (D 0,0,0)
 0 1 78 94455 7060  9 (D 0,0,0) (S 354,554,459) (S 352,459,505) (S 591,538,718) (S 335,538,61) (S 640,533,745) (S 641,745,60) (S 31,60,55) (D 0,0,0)
 0 1 79 95496 6815  6 (D 0,0,0) (S 639,546,745) (S 189,339,340) (S 332,340,533) (S 365,323,556) (D 0,0,0)
 0 1 80 94293 7398  6 (D 0,0,0) (S 30,61,59) (S 18,43,44) (S 19,44,48) (S 336,538,323) (D 0,0,0)
 0 1 81 94967 4997  10 (D 0,0,0) (S 423,611,612) (S 299,490,130) (S 134,252,129) (S 300,251,130) (S 66,130,128) (S 540,128,253) (S 322,87,474) (S 293,485,200) (D 0,0,0)
 0 1 82 95777 9511  6 (D 0,0,0) (S 754,803,788) (S 739,785,431) (S 742,429,799) (S 741,428,68) (D 0,0,0)
 0 1 83 95132 9017  9 (D 0,0,0) (S 170,173,308) (S 773,306,444) (S 772,444,443) (S 264,443,276) (S 265,443,170) (S 93,173,80) (S 90,80,172) (D 0,0,0)
 0 1 84 93636 6169  9 (D 0,0,0) (S 323,88,119) (S 569,696,697) (S 568,697,53) (S 26,53,62) (S 543,679,680) (S 544,679,64) (S 191,51,342) (D 0,0,0)
 0 1 85 95292 8272  10 (D 0,0,0) (S 339,287,506) (S 341,544,541) (S 340,542,543) (S 712,746,97) (S 647,97,529) (S 614,500,729) (S 633,729,330) (S 635,332,59) (D 0,0,0)
 0 1 86 94292 6955  18 (D 0,0,0) (S 503,659,136) (S 69,136,135) (S 288,135,479) (S 141,262,263) (S 357,311,313) (S 174,313,314) (S 564,314,562) (S 370,565,564) (S 567,564,318) (S 557,691,260) (S 334,534,537) (S 555,534,260) (S 550,691,565) (S 563,314,312) (S 356,311,263) (S 379,195,575) (D 0,0,0)
 0 1 87 92974 7338  12 (D 0,0,0) (S 61,122,123) (S 62,123,124) (S 574,530,698) (S 602,698,719) (S 597,719,535) (S 333,535,530) (S 331,530,124) (S 63,125,123) (S 64,123,126) (S 65,126,127) (D 0,0,0)
 0 1 88 95314 8389  16 (D 0,0,0) (S 368,553,564) (S 607,724,727) (S 605,725,714) (S 587,714,715) (S 611,715,706) (S 576,706,705) (S 577,705,700) (S 575,700,702) (S 572,702,703) (S 571,700,701) (S 582,705,711) (S 599,716,721) (S 593,721,704) (S 573,704,699) (D 0,0,0)
 0 1 89 95373 7940  7 (D 0,0,0) (S 24,59,48) (S 28,44,57) (S 583,57,708) (S 579,708,707) (S 627,742,48) (D 0,0,0)
 0 1 90 95993 8852  9 (D 0,0,0) (S 629,742,730) (S 628,730,743) (S 630,743,281) (S 157,281,284) (S 624,285,739) (S 625,739,731) (S 626,740,741) (D 0,0,0)
 0 1 91 95484 8615  9 (D 0,0,0) (S 623,736,733) (S 619,734,735) (S 622,737,738) (S 618,735,728) (S 613,728,511) (S 616,728,707) (S 615,731,730) (D 0,0,0)
 0 1 92 95816 8234  9 (D 0,0,0) (S 601,324,719) (S 592,719,720) (S 588,716,322) (S 584,712,57) (S 620,736,737) (S 621,736,58) (S 23,58,57) (D 0,0,0)
 0 1 93 94906 8961  13 (D 0,0,0) (S 327,525,526) (S 608,326,723) (S 581,709,710) (S 580,709,705) (S 612,706,722) (S 596,722,568) (S 371,568,319) (S 177,319,320) (S 282,460,321) (S 181,322,324) (S 180,324,323) (D 0,0,0)
 0 1 94 95169 8372  7 (D 0,0,0) (S 179,322,321) (S 178,321,319) (S 374,569,52) (S 183,327,328) (S 27,52,58) (D 0,0,0)
 0 1 95 93166 9552  9 (D 0,0,0) (S 21,52,47) (S 280,458,42) (S 22,42,56) (S 17,42,41) (S 317,47,510) (S 372,510,566) (S 373,327,52) (D 0,0,0)
 0 1 96 94203 3142  11 (D 0,0,0) (S 438,212,625) (S 450,629,630) (S 454,630,214) (S 453,628,209) (S 456,209,415) (S 246,415,223) (S 240,403,401) (S 248,403,419) (S 445,419,208) (D 0,0,0)
 0 1 97 92527 4235  13 (D 0,0,0) (S 112,208,210) (S 462,632,220) (S 117,220,221) (S 175,315,316) (S 463,315,498) (S 308,498,495) (S 305,495,4) (S 306,4,496) (S 476,222,416) (S 451,628,214) (S 114,214,215) (D 0,0,0)
 0 1 98 92667 3585  8 (D 0,0,0) (S 118,223,222) (S 475,222,634) (S 464,634,2) (S 465,2,218) (S 458,217,221) (S 457,221,631) (D 0,0,0)
 0 1 99 94476 4553  13 (D 0,0,0) (S 461,216,633) (S 115,216,217) (S 116,217,218) (S 1,3,4) (S 468,4,635) (S 466,635,636) (S 467,637,638) (S 473,638,642) (S 471,641,640) (S 470,640,496) (S 474,489,634) (D 0,0,0)
 0 1 100 94231 4474  10 (D 0,0,0) (S 120,228,38) (S 16,39,40) (S 11,6,29) (S 320,515,7) (S 303,229,132) (S 67,132,131) (S 485,131,645) (S 245,413,414) (D 0,0,0)
 0 1 101 93960 4294  9 (D 0,0,0) (S 304,493,232) (S 123,232,233) (S 479,232,646) (S 482,647,405) (S 244,410,411) (S 279,457,209) (S 448,628,211) (D 0,0,0)
 0 1 102 95148 4411  9 (D 0,0,0) (S 499,657,414) (S 488,40,5) (S 489,5,10) (S 2,10,9) (S 122,231,230) (S 121,230,229) (S 487,494,645) (D 0,0,0)
 0 1 103 95673 5834  8 (D 0,0,0) (S 521,241,239) (S 525,238,408) (S 319,513,514) (S 658,514,49) (S 20,49,50) (S 131,50,247) (D 0,0,0)
 0 1 104 93142 3381  9 (D 0,0,0) (S 238,401,398) (S 235,398,206) (S 236,205,399) (S 237,399,400) (S 241,400,404) (S 459,216,631) (S 460,631,632) (D 0,0,0)
 0 1 105 94931 4312  10 (D 0,0,0) (S 472,639,638) (S 297,489,487) (S 295,486,38) (S 307,38,488) (S 296,488,132) (S 486,133,228) (S 484,228,414) (S 440,417,457) (D 0,0,0)
 0 1 106 94857 6231  9 (D 0,0,0) (S 193,46,344) (S 29,62,63) (S 337,55,539) (S 338,540,539) (S 348,539,549) (S 556,550,556) (S 359,556,521) (D 0,0,0)
