707734
106
2400612
2366499
 0 1 1 95217 10416  11 (D 0,0,0) (S 744,795,433) (S 258,435,436) (S 738,797,12) (S 260,12,439) (S 3,12,13) (S 217,296,375) (S 733,788,786) (S 754,788,803) (S 749,803,800) (D 0,0,0)
 0 1 2 90214 3345  9 (D 0,0,0) (S 447,626,215) (S 112,208,210) (S 238,401,398) (S 235,398,206) (S 236,205,399) (S 237,399,400) (S 241,400,404) (D 0,0,0)
 0 1 3 94161 8727  5 (D 0,0,0) (S 762,149,807) (S 763,808,150) (S 45,95,96) (D 0,0,0)
 0 1 4 95196 8777  8 (D 0,0,0) (S 152,279,278) (S 752,801,787) (S 732,787,786) (S 750,786,800) (S 745,800,801) (S 753,801,156) (D 0,0,0)
 0 1 5 95807 9070  9 (D 0,0,0) (S 747,268,801) (S 734,787,272) (S 145,269,268) (S 728,783,172) (S 89,172,37) (S 316,37,509) (S 15,37,36) (D 0,0,0)
 0 1 6 95830 7732  5 (D 0,0,0) (S 212,370,154) (S 251,153,422) (S 214,152,372) (D 0,0,0)
 0 1 7 95775 8138  11 (D 0,0,0) (S 228,394,390) (S 224,387,388) (S 227,393,387) (S 312,468,469) (S 684,470,766) (S 685,766,765) (S 682,765,79) (S 689,765,368) (S 692,770,395) (D 0,0,0)
 0 1 8 95663 7209  8 (D 0,0,0) (S 195,180,347) (S 313,347,506) (S 646,341,100) (S 46,98,99) (S 47,99,84) (S 637,336,744) (D 0,0,0)
 0 1 9 92146 4906  5 (D 0,0,0) (S 469,407,491) (S 301,491,45) (S 131,50,247) (D 0,0,0)
 0 1 10 95497 8830  10 (D 0,0,0) (S 352,459,505) (S 585,707,713) (S 630,743,281) (S 156,280,291) (S 632,291,504) (S 648,528,747) (S 649,748,746) (S 197,180,182) (D 0,0,0)
 0 1 11 91787 6071  11 (D 0,0,0) (S 172,309,310) (S 324,309,519) (S 325,476,256) (S 136,256,255) (S 349,255,478) (S 359,521,556) (S 556,556,550) (S 60,121,120) (S 323,119,88) (D 0,0,0)
 0 1 12 95686 9882  10 (D 0,0,0) (S 277,77,456) (S 32,69,70) (S 766,809,424) (S 253,424,167) (S 84,167,165) (S 82,165,166) (S 83,166,163) (S 394,164,588) (D 0,0,0)
 0 1 13 95107 7885  6 (D 0,0,0) (S 213,371,151) (S 151,161,279) (S 726,279,441) (S 249,420,160) (D 0,0,0)
 0 1 14 94479 4853  13 (D 0,0,0) (S 321,516,497) (S 298,86,490) (S 134,252,129) (S 300,251,130) (S 299,130,490) (S 539,490,643) (S 494,412,653) (S 509,653,483) (S 289,483,134) (S 294,484,485) (S 293,485,200) (D 0,0,0)
 0 1 15 94237 6921  7 (D 0,0,0) (S 703,267,774) (S 707,775,109) (S 706,109,379) (S 219,378,144) (S 109,162,203) (D 0,0,0)
 0 1 16 94746 7816  8 (D 0,0,0) (S 273,75,451) (S 271,451,449) (S 159,289,295) (S 711,295,777) (S 712,746,97) (S 42,84,85) (D 0,0,0)
 0 1 17 94026 6196  6 (D 0,0,0) (S 192,54,343) (S 653,343,547) (S 186,333,334) (S 342,333,546) (D 0,0,0)
 0 1 18 94915 8928  9 (D 0,0,0) (S 168,303,302) (S 92,173,170) (S 772,443,444) (S 266,444,270) (S 171,272,307) (S 169,307,306) (S 223,306,308) (D 0,0,0)
 0 1 19 94221 1833  6 (D 0,0,0) (S 452,607,622) (S 434,213,620) (S 442,620,609) (S 106,198,197) (D 0,0,0)
 0 1 20 92284 8080  6 (D 0,0,0) (S 23,57,58) (S 620,736,737) (S 622,737,738) (S 621,736,58) (D 0,0,0)
 0 1 21 95413 8047  10 (D 0,0,0) (S 220,379,380) (S 724,37,420) (S 723,781,782) (S 725,781,441) (S 262,441,152) (S 78,152,160) (S 215,160,373) (S 363,559,560) (D 0,0,0)
 0 1 22 95532 7256  8 (D 0,0,0) (S 335,538,61) (S 185,331,332) (S 184,330,329) (S 638,532,338) (S 642,744,339) (S 639,745,546) (D 0,0,0)
 0 1 23 95043 6631  7 (D 0,0,0) (S 677,763,360) (S 678,360,762) (S 676,762,397) (S 207,361,362) (S 208,363,364) (D 0,0,0)
 0 1 24 95911 8774  8 (D 0,0,0) (S 90,172,80) (S 40,80,81) (S 93,80,173) (S 170,173,308) (S 250,308,421) (S 730,421,783) (D 0,0,0)
 0 1 25 95300 6259  8 (D 0,0,0) (S 671,178,760) (S 668,351,758) (S 669,758,759) (S 662,754,353) (S 665,353,755) (S 405,94,595) (D 0,0,0)
 0 1 26 95828 8024  7 (D 0,0,0) (S 315,454,303) (S 37,70,76) (S 270,76,448) (S 35,75,74) (S 36,74,72) (D 0,0,0)
 0 1 27 95711 6904  9 (D 0,0,0) (S 661,357,752) (S 96,183,182) (S 196,347,348) (S 155,283,108) (S 710,106,776) (S 720,776,774) (S 97,177,179) (D 0,0,0)
 0 1 28 95723 9105  6 (D 0,0,0) (S 255,67,428) (S 740,428,799) (S 742,799,429) (S 254,427,65) (D 0,0,0)
 0 1 29 92133 5812  7 (D 0,0,0) (S 376,523,572) (S 194,345,346) (S 4,14,15) (S 431,15,619) (S 432,115,591) (D 0,0,0)
 0 1 30 94781 4692  11 (D 0,0,0) (S 485,131,645) (S 121,229,230) (S 122,230,231) (S 320,515,7) (S 11,6,29) (S 2,9,10) (S 489,10,5) (S 16,40,39) (S 307,38,488) (D 0,0,0)
 0 1 31 94693 8415  9 (D 0,0,0) (S 158,293,291) (S 268,280,447) (S 153,284,285) (S 624,285,739) (S 651,739,743) (S 628,743,730) (S 617,730,732) (D 0,0,0)
 0 1 32 95502 7384  7 (D 0,0,0) (S 31,55,60) (S 24,59,48) (S 18,43,44) (S 19,44,48) (S 30,59,61) (D 0,0,0)
 0 1 33 95316 6700  6 (D 0,0,0) (S 660,349,147) (S 73,147,146) (S 708,146,775) (S 709,775,776) (D 0,0,0)
 0 1 34 95976 9657  10 (D 0,0,0) (S 751,157,800) (S 760,375,797) (S 259,437,438) (S 737,437,796) (S 755,796,425) (S 735,794,793) (S 736,790,795) (S 746,802,803) (D 0,0,0)
 0 1 35 94166 6778  7 (D 0,0,0) (S 180,323,324) (S 603,324,718) (S 591,718,538) (S 336,538,323) (S 365,323,556) (D 0,0,0)
 0 1 36 75709 1770  6 (D 0,0,0) (S 416,574,193) (S 415,193,601) (S 104,193,194) (S 105,194,196) (D 0,0,0)
 0 1 37 94637 3425  11 (D 0,0,0) (S 378,576,575) (S 421,606,607) (S 506,657,664) (S 507,662,663) (S 505,663,406) (S 119,226,227) (S 247,226,418) (S 288,479,135) (S 291,135,482) (D 0,0,0)
 0 1 38 95957 5050  13 (D 0,0,0) (S 528,667,672) (S 529,672,673) (S 532,673,675) (S 533,676,675) (S 534,675,671) (S 527,671,672) (S 530,674,673) (S 531,673,669) (S 516,668,669) (S 518,669,667) (S 520,243,666) (D 0,0,0)
 0 1 39 95123 8309  12 (D 0,0,0) (S 179,322,321) (S 178,321,319) (S 177,319,320) (S 371,319,568) (S 375,568,570) (S 578,570,706) (S 576,706,705) (S 580,705,709) (S 581,709,710) (S 566,127,318) (D 0,0,0)
 0 1 40 95869 7371  8 (D 0,0,0) (S 107,200,199) (S 635,59,332) (S 634,332,330) (S 633,330,729) (S 644,531,337) (S 188,337,338) (D 0,0,0)
 0 1 41 94171 8539  9 (D 0,0,0) (S 278,288,77) (S 38,77,69) (S 274,302,452) (S 275,452,453) (S 776,508,445) (S 267,445,446) (S 775,445,293) (D 0,0,0)
 0 1 42 95894 4860  15 (D 0,0,0) (S 362,559,557) (S 380,557,523) (S 387,583,584) (S 385,584,245) (S 384,245,582) (S 386,582,49) (S 243,407,402) (S 126,237,238) (S 127,239,240) (S 128,241,242) (S 523,241,670) (S 524,670,614) (S 428,613,617) (D 0,0,0)
 0 1 43 95739 8059  14 (D 0,0,0) (S 600,723,698) (S 602,698,719) (S 592,719,720) (S 594,720,699) (S 573,699,704) (S 593,704,721) (S 599,721,716) (S 598,717,722) (S 612,722,706) (S 611,706,715) (S 587,715,714) (S 605,714,725) (D 0,0,0)
 0 1 44 95354 8689  10 (D 0,0,0) (S 25,60,61) (S 615,730,731) (S 626,740,741) (S 625,731,739) (S 650,739,713) (S 586,713,286) (S 154,286,174) (S 157,284,281) (D 0,0,0)
 0 1 45 95175 8007  7 (D 0,0,0) (S 269,448,449) (S 272,449,450) (S 718,292,778) (S 716,778,779) (S 48,101,102) (D 0,0,0)
 0 1 46 94278 7887  8 (D 0,0,0) (S 647,97,529) (S 309,499,501) (S 329,529,528) (S 311,503,504) (S 631,504,732) (S 614,729,500) (D 0,0,0)
 0 1 47 95371 6999  13 (D 0,0,0) (S 554,554,127) (S 65,127,126) (S 604,124,724) (S 607,724,727) (S 609,727,326) (S 610,723,725) (S 606,725,726) (S 608,723,326) (S 182,326,325) (S 552,536,691) (S 176,318,317) (D 0,0,0)
 0 1 48 95837 6154  11 (D 0,0,0) (S 287,476,477) (S 346,255,257) (S 137,257,258) (S 542,258,120) (S 569,696,697) (S 568,697,53) (S 191,51,342) (S 193,46,344) (S 20,50,49) (D 0,0,0)
 0 1 49 95826 10069  14 (D 0,0,0) (S 353,522,551) (S 350,551,552) (S 354,554,459) (S 595,720,721) (S 596,722,568) (S 373,52,327) (S 317,510,47) (S 17,41,42) (S 22,42,56) (S 280,458,42) (S 21,47,52) (S 282,460,321) (D 0,0,0)
 0 1 50 94825 9849  7 (D 0,0,0) (S 146,274,275) (S 147,275,166) (S 261,275,440) (S 768,165,440) (S 769,440,424) (D 0,0,0)
 0 1 51 94163 3993  13 (D 0,0,0) (S 495,235,655) (S 496,655,617) (S 425,615,614) (S 424,614,409) (S 133,250,248) (S 318,248,512) (S 132,248,249) (S 525,408,238) (S 526,238,239) (S 521,239,241) (S 522,670,615) (D 0,0,0)
 0 1 52 95785 6805  8 (D 0,0,0) (S 189,339,340) (S 332,340,533) (S 640,533,745) (S 641,745,60) (S 29,63,62) (S 239,402,237) (D 0,0,0)
 0 1 53 92171 4019  9 (D 0,0,0) (S 297,489,487) (S 295,486,38) (S 488,40,5) (S 120,38,228) (S 484,228,414) (S 499,414,657) (S 500,657,658) (D 0,0,0)
 0 1 54 95611 6266  9 (D 0,0,0) (S 242,407,247) (S 543,679,680) (S 544,679,64) (S 337,55,539) (S 338,540,539) (S 348,539,549) (S 347,548,257) (D 0,0,0)
 0 1 55 95690 7227  15 (D 0,0,0) (S 368,553,564) (S 550,565,691) (S 334,534,537) (S 555,534,260) (S 139,260,30) (S 140,261,30) (S 12,30,31) (S 13,31,32) (S 560,693,695) (S 562,561,262) (S 69,135,136) (S 503,136,659) (S 420,198,608) (D 0,0,0)
 0 1 56 94486 7497  17 (D 0,0,0) (S 567,564,318) (S 553,127,691) (S 557,691,260) (S 327,525,526) (S 331,530,124) (S 62,124,123) (S 370,564,565) (S 367,563,562) (S 564,562,314) (S 563,314,312) (S 174,314,313) (S 351,520,313) (S 357,313,311) (S 141,263,262) (S 559,262,518) (D 0,0,0)
 0 1 57 94605 4927  6 (D 0,0,0) (S 322,474,87) (S 135,253,254) (S 540,253,128) (S 66,128,130) (D 0,0,0)
 0 1 58 94306 9160  8 (D 0,0,0) (S 265,170,443) (S 264,443,276) (S 148,276,277) (S 163,277,297) (S 164,297,298) (S 41,82,83) (D 0,0,0)
 0 1 59 95265 3780  12 (D 0,0,0) (S 290,484,134) (S 6,18,19) (S 483,516,224) (S 480,648,649) (S 481,648,647) (S 510,662,661) (S 504,661,137) (S 502,137,659) (S 501,659,660) (S 437,623,624) (D 0,0,0)
 0 1 60 95610 6411  10 (D 0,0,0) (S 427,199,617) (S 144,264,267) (S 160,267,118) (S 59,118,117) (S 199,116,264) (S 142,264,265) (S 95,181,177) (S 292,200,28) (D 0,0,0)
 0 1 61 95631 4083  10 (D 0,0,0) (S 245,414,413) (S 478,413,646) (S 479,646,232) (S 123,232,233) (S 304,232,493) (S 303,229,132) (S 296,132,488) (S 67,132,131) (D 0,0,0)
 0 1 62 94310 6592  11 (D 0,0,0) (S 326,519,520) (S 369,555,562) (S 546,563,684) (S 138,32,259) (S 545,259,683) (S 548,686,687) (S 549,688,690) (S 561,695,561) (S 366,561,263) (D 0,0,0)
 0 1 63 94052 9391  9 (D 0,0,0) (S 149,273,270) (S 150,277,274) (S 771,274,809) (S 767,809,301) (S 166,301,277) (S 165,297,82) (S 167,82,171) (D 0,0,0)
 0 1 64 94581 3872  15 (D 0,0,0) (S 436,622,213) (S 512,660,482) (S 517,484,236) (S 129,243,244) (S 515,667,243) (S 514,666,612) (S 519,612,654) (S 513,654,236) (S 125,236,234) (S 124,234,235) (S 497,235,485) (S 498,480,656) (S 108,202,201) (D 0,0,0)
 0 1 65 95582 7439  9 (D 0,0,0) (S 53,108,104) (S 50,104,105) (S 51,104,106) (S 52,106,107) (S 54,107,109) (S 721,774,780) (S 667,147,757) (D 0,0,0)
 0 1 66 95900 4939  16 (D 0,0,0) (S 445,208,419) (S 1,3,4) (S 468,4,635) (S 466,635,636) (S 467,637,638) (S 472,638,639) (S 473,638,642) (S 471,641,640) (S 470,640,496) (S 306,496,4) (S 305,4,495) (S 308,495,498) (S 463,498,315) (S 175,315,316) (D 0,0,0)
 0 1 67 94818 9050  9 (D 0,0,0) (S 722,420,781) (S 727,278,783) (S 729,421,307) (S 773,306,444) (S 87,170,171) (S 774,171,455) (S 276,455,304) (D 0,0,0)
 0 1 68 91613 7074  11 (D 0,0,0) (S 423,611,612) (S 200,349,181) (S 162,118,108) (S 339,287,506) (S 345,506,544) (S 341,544,541) (S 340,542,543) (S 652,750,749) (S 26,62,53) (D 0,0,0)
 0 1 69 92767 6818  10 (D 0,0,0) (S 673,355,761) (S 204,355,356) (S 672,356,753) (S 670,758,754) (S 666,757,354) (S 203,353,352) (S 202,352,351) (S 659,753,751) (D 0,0,0)
 0 1 70 94535 8942  10 (D 0,0,0) (S 429,612,615) (S 616,707,728) (S 613,728,511) (S 618,728,735) (S 619,735,734) (S 372,510,566) (S 183,327,328) (S 623,733,736) (D 0,0,0)
 0 1 71 94124 7939  9 (D 0,0,0) (S 190,341,294) (S 33,71,72) (S 34,73,72) (S 717,289,779) (S 715,779,777) (S 714,777,101) (S 49,101,103) (D 0,0,0)
 0 1 72 95342 7926  8 (D 0,0,0) (S 328,293,527) (S 330,527,502) (S 310,502,503) (S 713,502,778) (S 719,778,747) (S 645,746,102) (D 0,0,0)
 0 1 73 95302 7940  7 (D 0,0,0) (S 28,44,57) (S 583,57,708) (S 579,708,707) (S 629,730,742) (S 627,742,48) (D 0,0,0)
 0 1 74 93138 9353  9 (D 0,0,0) (S 86,169,168) (S 85,168,164) (S 81,164,163) (S 263,163,442) (S 770,274,442) (S 393,587,169) (S 91,169,171) (D 0,0,0)
 0 1 75 94328 6855  9 (D 0,0,0) (S 664,94,755) (S 663,755,756) (S 701,756,112) (S 110,204,203) (S 211,203,369) (S 700,204,112) (S 56,112,110) (D 0,0,0)
 0 1 76 92078 2920  9 (D 0,0,0) (S 440,457,417) (S 476,416,222) (S 118,222,223) (S 246,223,415) (S 456,415,209) (S 453,209,628) (S 448,628,211) (D 0,0,0)
 0 1 77 37189 1162  3 (D 0,0,0) (S 422,606,610) (D 0,0,0)
 0 1 78 95943 5378  14 (D 0,0,0) (S 71,142,141) (S 388,189,581) (S 413,580,176) (S 412,599,176) (S 94,175,176) (S 411,597,598) (S 414,597,600) (S 382,578,579) (S 383,578,581) (S 99,185,186) (S 408,186,594) (S 100,187,188) (D 0,0,0)
 0 1 79 95777 7067  11 (D 0,0,0) (S 511,658,660) (S 508,663,479) (S 356,263,311) (S 173,311,312) (S 565,312,695) (S 558,693,682) (S 14,33,34) (S 547,35,685) (S 551,685,692) (D 0,0,0)
 0 1 80 95113 5596  7 (D 0,0,0) (S 655,752,751) (S 674,751,355) (S 205,357,358) (S 657,357,514) (S 658,514,49) (D 0,0,0)
 0 1 81 95626 4013  13 (D 0,0,0) (S 419,607,198) (S 441,609,577) (S 410,142,190) (S 409,190,594) (S 400,593,594) (S 404,594,191) (S 103,191,192) (S 403,191,187) (S 402,187,586) (S 392,586,24) (S 7,21,22) (D 0,0,0)
 0 1 82 95683 3355  9 (D 0,0,0) (S 113,212,211) (S 449,211,627) (S 443,627,457) (S 244,411,410) (S 482,405,647) (S 477,647,646) (S 486,133,228) (D 0,0,0)
 0 1 83 95619 7488  8 (D 0,0,0) (S 198,348,283) (S 161,282,287) (S 777,810,811) (S 779,811,69) (S 780,69,456) (S 778,456,287) (D 0,0,0)
 0 1 84 95213 7256  8 (D 0,0,0) (S 396,589,364) (S 209,366,365) (S 232,365,92) (S 314,92,507) (S 230,363,396) (S 398,591,572) (D 0,0,0)
 0 1 85 94497 6430  8 (D 0,0,0) (S 44,93,94) (S 55,111,110) (S 218,110,377) (S 697,377,396) (S 234,397,111) (S 406,595,572) (D 0,0,0)
 0 1 86 94699 3817  13 (D 0,0,0) (S 462,632,220) (S 117,220,221) (S 115,217,216) (S 461,216,633) (S 459,216,631) (S 460,631,632) (S 114,215,214) (S 451,628,214) (S 454,214,630) (S 450,629,630) (S 455,630,625) (D 0,0,0)
 0 1 87 95942 7417  9 (D 0,0,0) (S 377,573,560) (S 679,595,763) (S 216,374,159) (S 221,159,381) (S 77,145,159) (S 79,159,158) (S 699,773,204) (D 0,0,0)
 0 1 88 95551 8113  9 (D 0,0,0) (S 675,589,762) (S 229,373,395) (S 231,372,367) (S 694,392,771) (S 695,771,772) (S 75,149,157) (S 693,155,771) (D 0,0,0)
 0 1 89 46970 1004  8 (D 0,0,0) (S 418,605,603) (S 417,603,604) (S 283,461,462) (S 284,463,464) (S 285,464,465) (S 286,466,467) (D 0,0,0)
 0 1 90 95932 6600  8 (D 0,0,0) (S 343,333,547) (S 344,547,545) (S 643,545,335) (S 187,335,336) (S 636,336,547) (S 654,343,750) (D 0,0,0)
 0 1 91 95306 2251  7 (D 0,0,0) (S 399,586,592) (S 401,592,585) (S 391,585,24) (S 9,24,21) (S 8,21,23) (D 0,0,0)
 0 1 92 94635 3824  12 (D 0,0,0) (S 360,557,139) (S 70,139,140) (S 102,140,190) (S 101,190,189) (S 390,189,141) (S 389,141,523) (S 364,524,558) (S 361,558,27) (S 10,25,26) (S 379,195,575) (D 0,0,0)
 0 1 93 95389 7766  10 (D 0,0,0) (S 426,199,616) (S 704,378,382) (S 222,382,383) (S 702,382,381) (S 705,381,36) (S 88,36,145) (S 43,91,90) (S 381,573,23) (D 0,0,0)
 0 1 94 95901 7393  10 (D 0,0,0) (S 226,94,111) (S 233,363,374) (S 210,367,368) (S 690,368,770) (S 691,770,767) (S 686,767,768) (S 688,768,769) (S 687,767,373) (D 0,0,0)
 0 1 95 95979 7130  11 (D 0,0,0) (S 680,763,359) (S 681,764,359) (S 206,359,360) (S 696,377,773) (S 698,773,158) (S 76,158,143) (S 72,143,144) (S 80,162,146) (S 68,138,134) (D 0,0,0)
 0 1 96 94183 5671  10 (D 0,0,0) (S 407,572,596) (S 5,16,17) (S 430,618,619) (S 433,619,115) (S 58,115,114) (S 57,114,113) (S 397,113,345) (S 395,590,591) (D 0,0,0)
 0 1 97 95247 4662  7 (D 0,0,0) (S 541,517,652) (S 490,650,651) (S 491,652,492) (S 302,492,232) (S 487,494,645) (D 0,0,0)
 0 1 98 90218 6165  9 (D 0,0,0) (S 493,654,138) (S 492,138,653) (S 319,513,514) (S 656,752,183) (S 98,183,184) (S 201,350,184) (S 143,184,266) (D 0,0,0)
 0 1 99 95970 8376  20 (D 0,0,0) (S 358,551,317) (S 355,317,554) (S 281,459,126) (S 64,126,123) (S 61,122,123) (S 63,125,123) (S 574,530,698) (S 570,698,699) (S 572,702,703) (S 575,702,700) (S 571,700,701) (S 577,700,705) (S 582,705,711) (S 588,716,322) (S 181,322,324) (S 601,324,719) (S 597,719,535) (S 333,535,530) (D 0,0,0)
 0 1 100 95754 3845  7 (D 0,0,0) (S 537,611,677) (S 536,246,584) (S 130,245,246) (S 535,246,677) (S 538,677,678) (D 0,0,0)
 0 1 101 93976 3333  11 (D 0,0,0) (S 446,215,208) (S 240,403,401) (S 248,403,419) (S 111,208,207) (S 279,209,457) (S 444,627,621) (S 435,621,212) (S 438,212,625) (S 439,625,626) (D 0,0,0)
 0 1 102 94575 3716  9 (D 0,0,0) (S 457,631,221) (S 458,221,217) (S 116,217,218) (S 465,218,2) (S 464,2,634) (S 474,634,489) (S 475,634,222) (D 0,0,0)
 0 1 103 95433 8055  7 (D 0,0,0) (S 590,712,569) (S 374,569,52) (S 27,52,58) (S 584,57,712) (S 589,712,718) (D 0,0,0)
 0 1 104 93435 9159  9 (D 0,0,0) (S 683,389,79) (S 39,79,78) (S 225,78,384) (S 74,66,148) (S 741,68,428) (S 764,799,427) (S 765,427,808) (D 0,0,0)
 0 1 105 95813 9484  7 (D 0,0,0) (S 252,271,423) (S 759,423,300) (S 758,806,805) (S 756,804,805) (S 757,805,273) (D 0,0,0)
 0 1 106 95127 9900  9 (D 0,0,0) (S 761,807,802) (S 257,431,432) (S 739,431,785) (S 731,784,785) (S 256,429,430) (S 743,429,798) (S 748,798,433) (D 0,0,0)
