710033
106
2400670
2371017
 0 1 1 91286 7070  8 (D 0,0,0) (S 31,55,60) (S 641,60,745) (S 189,339,340) (S 635,332,59) (S 30,59,61) (S 25,61,60) (D 0,0,0)
 0 1 2 94026 6196  6 (D 0,0,0) (S 192,54,343) (S 653,343,547) (S 186,333,334) (S 342,333,546) (D 0,0,0)
 0 1 3 93931 6676  7 (D 0,0,0) (S 293,200,485) (S 335,538,61) (S 640,533,745) (S 639,745,546) (S 29,63,62) (D 0,0,0)
 0 1 4 94586 6008  7 (D 0,0,0) (S 242,407,247) (S 658,49,514) (S 657,514,357) (S 205,357,358) (S 319,513,514) (D 0,0,0)
 0 1 5 95397 3497  10 (D 0,0,0) (S 244,411,410) (S 482,405,647) (S 119,227,226) (S 247,226,418) (S 288,479,135) (S 69,135,136) (S 503,136,659) (S 511,660,658) (D 0,0,0)
 0 1 6 95499 9332  6 (D 0,0,0) (S 739,431,785) (S 742,429,799) (S 740,799,428) (S 255,428,67) (D 0,0,0)
 0 1 7 95841 7420  9 (D 0,0,0) (S 698,773,158) (S 76,158,143) (S 222,382,383) (S 702,382,381) (S 221,381,159) (S 216,159,374) (S 233,374,363) (D 0,0,0)
 0 1 8 95474 4985  8 (D 0,0,0) (S 322,474,87) (S 540,253,128) (S 66,128,130) (S 299,130,490) (S 429,615,612) (S 426,199,616) (D 0,0,0)
 0 1 9 95667 7392  8 (D 0,0,0) (S 185,331,332) (S 634,332,330) (S 633,330,729) (S 614,729,500) (S 638,532,338) (S 642,744,339) (D 0,0,0)
 0 1 10 93309 6127  8 (D 0,0,0) (S 664,94,755) (S 663,755,756) (S 701,756,112) (S 56,112,110) (S 55,110,111) (S 226,111,94) (D 0,0,0)
 0 1 11 86767 6075  8 (D 0,0,0) (S 291,482,135) (S 561,561,695) (S 560,695,693) (S 549,688,690) (S 548,687,686) (S 558,682,693) (D 0,0,0)
 0 1 12 94773 8616  7 (D 0,0,0) (S 728,172,783) (S 730,783,421) (S 169,307,306) (S 773,306,444) (S 223,306,308) (D 0,0,0)
 0 1 13 94246 9309  9 (D 0,0,0) (S 289,134,483) (S 589,718,712) (S 374,569,52) (S 17,41,42) (S 22,42,56) (S 280,458,42) (S 23,58,57) (D 0,0,0)
 0 1 14 95847 7873  8 (D 0,0,0) (S 36,72,74) (S 271,451,449) (S 269,449,448) (S 270,448,76) (S 37,76,70) (S 780,69,456) (D 0,0,0)
 0 1 15 92534 7826  8 (D 0,0,0) (S 345,506,544) (S 48,102,101) (S 711,777,295) (S 159,295,289) (S 718,292,778) (S 719,778,747) (D 0,0,0)
 0 1 16 95498 6267  7 (D 0,0,0) (S 661,357,752) (S 195,180,347) (S 199,116,264) (S 142,264,265) (S 659,753,751) (D 0,0,0)
 0 1 17 93090 8389  7 (D 0,0,0) (S 775,293,445) (S 267,445,446) (S 776,445,508) (S 315,454,303) (S 519,612,654) (D 0,0,0)
 0 1 18 95420 7341  9 (D 0,0,0) (S 708,146,775) (S 707,775,109) (S 54,109,107) (S 52,107,106) (S 710,776,106) (S 51,106,104) (S 95,181,177) (D 0,0,0)
 0 1 19 93174 4269  12 (D 0,0,0) (S 485,131,645) (S 487,645,494) (S 121,229,230) (S 122,230,231) (S 320,515,7) (S 303,229,132) (S 296,132,488) (S 67,132,131) (S 486,133,228) (S 499,414,657) (D 0,0,0)
 0 1 20 94584 9001  12 (D 0,0,0) (S 590,712,569) (S 372,566,510) (S 317,510,47) (S 21,47,52) (S 179,321,322) (S 588,322,716) (S 593,721,704) (S 594,699,720) (S 592,720,719) (S 601,719,324) (D 0,0,0)
 0 1 21 84856 4138  11 (D 0,0,0) (S 501,660,659) (S 502,659,137) (S 504,137,661) (S 510,661,662) (S 505,663,406) (S 6,18,19) (S 298,86,490) (S 539,490,643) (S 424,409,614) (D 0,0,0)
 0 1 22 95655 6911  9 (D 0,0,0) (S 428,617,613) (S 671,178,760) (S 160,267,118) (S 53,108,104) (S 50,104,105) (S 155,108,283) (S 196,348,347) (D 0,0,0)
 0 1 23 95814 8770  13 (D 0,0,0) (S 27,58,52) (S 373,52,327) (S 183,327,328) (S 371,319,568) (S 375,568,570) (S 578,570,706) (S 576,706,705) (S 575,700,702) (S 572,702,703) (S 573,704,699) (S 570,699,698) (D 0,0,0)
 0 1 24 95821 7083  5 (D 0,0,0) (S 687,373,767) (S 692,770,395) (S 209,365,366) (D 0,0,0)
 0 1 25 94735 7230  8 (D 0,0,0) (S 162,118,108) (S 33,71,72) (S 34,73,72) (S 198,283,348) (S 197,180,182) (S 96,182,183) (D 0,0,0)
 0 1 26 95521 9412  8 (D 0,0,0) (S 92,173,170) (S 265,170,443) (S 772,443,444) (S 163,277,297) (S 41,82,83) (S 91,171,169) (D 0,0,0)
 0 1 27 94966 7930  6 (D 0,0,0) (S 215,373,160) (S 43,91,90) (S 314,92,507) (S 232,92,365) (D 0,0,0)
 0 1 28 95780 9076  7 (D 0,0,0) (S 693,771,155) (S 763,150,808) (S 765,808,427) (S 741,428,68) (S 74,66,148) (D 0,0,0)
 0 1 29 92145 7423  11 (D 0,0,0) (S 367,562,563) (S 546,563,684) (S 138,32,259) (S 545,259,683) (S 547,685,35) (S 14,33,34) (S 551,685,692) (S 565,695,312) (S 174,314,313) (D 0,0,0)
 0 1 30 94744 9334  8 (D 0,0,0) (S 758,805,806) (S 759,423,300) (S 166,301,277) (S 148,277,276) (S 264,276,443) (S 170,308,173) (D 0,0,0)
 0 1 31 95806 7970  9 (D 0,0,0) (S 229,373,395) (S 210,367,368) (S 682,765,79) (S 683,79,389) (S 212,370,154) (S 251,153,422) (S 231,367,372) (D 0,0,0)
 0 1 32 95353 8692  8 (D 0,0,0) (S 747,268,801) (S 745,801,800) (S 749,800,803) (S 746,803,802) (S 761,802,807) (S 762,807,149) (D 0,0,0)
 0 1 33 94972 8772  8 (D 0,0,0) (S 228,394,390) (S 227,393,387) (S 694,392,771) (S 695,771,772) (S 75,157,149) (S 45,95,96) (D 0,0,0)
 0 1 34 94512 8934  10 (D 0,0,0) (S 722,420,781) (S 723,781,782) (S 725,781,441) (S 752,801,787) (S 732,786,787) (S 734,787,272) (S 145,269,268) (S 152,278,279) (D 0,0,0)
 0 1 35 95301 7785  10 (D 0,0,0) (S 24,59,48) (S 18,43,44) (S 28,44,57) (S 584,57,712) (S 599,716,721) (S 595,721,720) (S 352,505,459) (S 355,554,317) (D 0,0,0)
 0 1 36 95787 10104  10 (D 0,0,0) (S 754,803,788) (S 217,375,296) (S 3,13,12) (S 260,12,439) (S 738,12,797) (S 760,797,375) (S 736,790,795) (S 380,523,557) (D 0,0,0)
 0 1 37 95877 7810  10 (D 0,0,0) (S 313,347,506) (S 714,101,777) (S 715,777,779) (S 713,778,502) (S 330,527,502) (S 310,502,503) (S 329,528,529) (S 647,529,97) (D 0,0,0)
 0 1 38 95356 8352  12 (D 0,0,0) (S 181,324,322) (S 282,460,321) (S 178,321,319) (S 177,319,320) (S 596,568,722) (S 598,722,717) (S 602,719,698) (S 281,126,459) (S 354,459,554) (S 358,317,551) (D 0,0,0)
 0 1 39 96000 6683  8 (D 0,0,0) (S 509,483,653) (S 494,653,412) (S 709,775,776) (S 720,776,774) (S 703,774,267) (S 144,267,264) (D 0,0,0)
 0 1 40 95108 7805  10 (D 0,0,0) (S 206,359,360) (S 678,360,762) (S 696,377,773) (S 79,158,159) (S 705,381,36) (S 88,36,145) (S 78,160,152) (S 214,152,372) (D 0,0,0)
 0 1 41 95906 9973  11 (D 0,0,0) (S 167,171,82) (S 150,277,274) (S 766,809,424) (S 769,440,424) (S 253,424,167) (S 84,167,165) (S 82,165,166) (S 83,166,163) (S 86,168,169) (D 0,0,0)
 0 1 42 93342 10216  10 (D 0,0,0) (S 735,793,794) (S 755,425,796) (S 259,437,438) (S 737,437,796) (S 258,435,436) (S 731,784,785) (S 257,431,432) (S 764,799,427) (D 0,0,0)
 0 1 43 94779 9793  8 (D 0,0,0) (S 85,168,164) (S 81,164,163) (S 768,165,440) (S 261,440,275) (S 263,163,442) (S 774,171,455) (D 0,0,0)
 0 1 44 95323 6193  8 (D 0,0,0) (S 406,572,595) (S 405,595,94) (S 234,111,397) (S 230,396,363) (S 208,363,364) (S 396,364,589) (D 0,0,0)
 0 1 45 95765 9535  8 (D 0,0,0) (S 165,82,297) (S 164,297,298) (S 146,274,275) (S 147,275,166) (S 394,164,588) (S 393,587,169) (D 0,0,0)
 0 1 46 95311 9478  8 (D 0,0,0) (S 377,573,560) (S 252,271,423) (S 767,301,809) (S 771,809,274) (S 770,274,442) (S 87,171,170) (D 0,0,0)
 0 1 47 92175 5939  8 (D 0,0,0) (S 433,115,619) (S 4,14,15) (S 431,15,619) (S 430,619,618) (S 5,16,17) (S 407,596,572) (D 0,0,0)
 0 1 48 94451 5763  9 (D 0,0,0) (S 364,558,524) (S 679,595,763) (S 680,763,359) (S 681,764,359) (S 677,763,360) (S 675,762,589) (S 397,113,345) (D 0,0,0)
 0 1 49 95924 9334  8 (D 0,0,0) (S 254,65,427) (S 256,429,430) (S 743,429,798) (S 748,798,433) (S 744,433,795) (S 753,801,156) (D 0,0,0)
 0 1 50 95346 4640  7 (D 0,0,0) (S 321,516,497) (S 541,517,652) (S 490,650,651) (S 491,652,492) (S 302,492,232) (D 0,0,0)
 0 1 51 95742 6938  8 (D 0,0,0) (S 73,147,146) (S 80,146,162) (S 109,162,203) (S 211,203,369) (S 110,203,204) (S 362,557,559) (D 0,0,0)
 0 1 52 94930 8086  8 (D 0,0,0) (S 190,341,294) (S 35,74,75) (S 273,75,451) (S 272,449,450) (S 717,289,779) (S 49,101,103) (D 0,0,0)
 0 1 53 87345 5496  9 (D 0,0,0) (S 243,402,407) (S 20,49,50) (S 143,266,184) (S 201,350,184) (S 98,184,183) (S 656,183,752) (S 655,751,752) (D 0,0,0)
 0 1 54 95091 8484  10 (D 0,0,0) (S 32,69,70) (S 168,303,302) (S 276,304,455) (S 275,453,452) (S 274,452,302) (S 777,810,811) (S 779,811,69) (S 38,69,77) (D 0,0,0)
 0 1 55 93323 4804  15 (D 0,0,0) (S 7,21,22) (S 392,24,586) (S 402,586,187) (S 100,187,188) (S 403,187,191) (S 103,191,192) (S 404,191,594) (S 382,578,579) (S 388,581,189) (S 101,189,190) (S 102,190,140) (S 70,140,139) (S 363,559,560) (D 0,0,0)
 0 1 56 93524 8647  9 (D 0,0,0) (S 158,293,291) (S 268,280,447) (S 157,281,284) (S 624,285,739) (S 625,739,731) (S 626,740,741) (S 629,730,742) (D 0,0,0)
 0 1 57 95913 6856  8 (D 0,0,0) (S 376,523,572) (S 676,762,397) (S 207,361,362) (S 697,396,377) (S 218,377,110) (S 44,93,94) (D 0,0,0)
 0 1 58 95615 8570  18 (D 0,0,0) (S 553,127,691) (S 552,691,536) (S 607,724,727) (S 609,727,326) (S 608,326,723) (S 606,725,726) (S 605,725,714) (S 587,714,715) (S 611,715,706) (S 612,706,722) (S 582,711,705) (S 581,709,710) (S 580,709,705) (S 577,705,700) (S 571,700,701) (S 597,719,535) (D 0,0,0)
 0 1 59 93138 7338  8 (D 0,0,0) (S 327,525,526) (S 182,325,326) (S 610,723,725) (S 600,723,698) (S 574,698,530) (S 176,318,317) (D 0,0,0)
 0 1 60 94324 7096  8 (D 0,0,0) (S 200,349,181) (S 59,117,118) (S 778,287,456) (S 277,456,77) (S 278,77,288) (S 339,287,506) (D 0,0,0)
 0 1 61 93972 4156  15 (D 0,0,0) (S 514,612,666) (S 515,243,667) (S 528,667,672) (S 531,673,669) (S 516,668,669) (S 518,669,667) (S 520,243,666) (S 496,617,655) (S 495,655,235) (S 497,235,485) (S 498,480,656) (S 108,202,201) (S 379,195,575) (D 0,0,0)
 0 1 62 92468 6392  8 (D 0,0,0) (S 668,351,758) (S 669,758,759) (S 670,758,754) (S 662,754,353) (S 203,353,352) (S 202,352,351) (D 0,0,0)
 0 1 63 95468 4991  15 (D 0,0,0) (S 441,577,609) (S 437,624,623) (S 512,660,482) (S 517,484,236) (S 527,672,671) (S 534,671,675) (S 533,676,675) (S 532,675,673) (S 530,674,673) (S 529,673,672) (S 129,243,244) (S 423,612,611) (S 427,617,199) (D 0,0,0)
 0 1 64 92213 6379  11 (D 0,0,0) (S 323,88,119) (S 569,696,697) (S 568,697,53) (S 544,679,64) (S 337,55,539) (S 338,540,539) (S 348,539,549) (S 347,548,257) (S 349,255,478) (D 0,0,0)
 0 1 65 83348 1800  5 (D 0,0,0) (S 436,622,213) (S 434,213,620) (S 442,620,609) (D 0,0,0)
 0 1 66 95737 7469  9 (D 0,0,0) (S 97,179,177) (S 721,774,780) (S 706,109,379) (S 220,379,380) (S 704,382,378) (S 219,378,144) (S 72,143,144) (D 0,0,0)
 0 1 67 94408 8059  13 (D 0,0,0) (S 686,767,768) (S 688,768,769) (S 691,767,770) (S 690,770,368) (S 689,368,765) (S 685,765,766) (S 684,766,470) (S 312,469,468) (S 224,387,388) (S 225,384,78) (S 39,78,79) (D 0,0,0)
 0 1 68 94733 8229  7 (D 0,0,0) (S 621,58,736) (S 620,736,737) (S 622,737,738) (S 618,735,728) (S 583,708,57) (D 0,0,0)
 0 1 69 89831 2037  7 (D 0,0,0) (S 106,197,198) (S 420,198,608) (S 419,198,607) (S 421,607,606) (S 422,606,610) (D 0,0,0)
 0 1 70 95764 8464  12 (D 0,0,0) (S 340,542,543) (S 341,541,544) (S 645,102,746) (S 716,779,778) (S 328,527,293) (S 632,291,504) (S 311,504,503) (S 648,528,747) (S 649,748,746) (S 712,746,97) (D 0,0,0)
 0 1 71 94315 3921  13 (D 0,0,0) (S 120,228,38) (S 295,38,486) (S 297,487,489) (S 474,489,634) (S 475,634,222) (S 449,627,211) (S 448,211,628) (S 451,628,214) (S 450,629,630) (S 455,630,625) (S 438,625,212) (D 0,0,0)
 0 1 72 94577 2692  11 (D 0,0,0) (S 452,607,622) (S 447,626,215) (S 114,215,214) (S 453,628,209) (S 279,209,457) (S 440,417,457) (S 443,457,627) (S 444,627,621) (S 435,621,212) (D 0,0,0)
 0 1 73 86413 3264  10 (D 0,0,0) (S 238,401,398) (S 235,398,206) (S 236,205,399) (S 237,399,400) (S 459,216,631) (S 457,631,221) (S 117,221,220) (S 462,220,632) (D 0,0,0)
 0 1 74 94604 4483  9 (D 0,0,0) (S 484,414,228) (S 16,39,40) (S 488,40,5) (S 489,5,10) (S 2,10,9) (S 11,29,6) (S 307,38,488) (D 0,0,0)
 0 1 75 95306 2251  7 (D 0,0,0) (S 399,586,592) (S 401,592,585) (S 391,585,24) (S 9,24,21) (S 8,21,23) (D 0,0,0)
 0 1 76 95786 4410  15 (D 0,0,0) (S 107,200,199) (S 522,615,670) (S 523,670,241) (S 521,241,239) (S 526,239,238) (S 126,238,237) (S 318,248,512) (S 132,248,249) (S 133,248,250) (S 525,408,238) (S 127,239,240) (S 128,241,242) (S 524,670,614) (D 0,0,0)
 0 1 77 95942 7136  15 (D 0,0,0) (S 13,32,31) (S 12,31,30) (S 140,261,30) (S 139,30,260) (S 555,260,534) (S 334,534,537) (S 557,260,691) (S 550,691,565) (S 370,565,564) (S 368,564,553) (S 351,520,313) (S 357,313,311) (S 141,263,262) (D 0,0,0)
 0 1 78 95555 8166  9 (D 0,0,0) (S 700,112,204) (S 699,204,773) (S 77,159,145) (S 15,36,37) (S 316,37,509) (S 724,37,420) (S 262,441,152) (D 0,0,0)
 0 1 79 94601 3124  6 (D 0,0,0) (S 445,208,419) (S 248,419,403) (S 240,403,401) (S 241,400,404) (D 0,0,0)
 0 1 80 95754 3845  7 (D 0,0,0) (S 536,246,584) (S 130,245,246) (S 535,246,677) (S 538,677,678) (S 537,677,611) (D 0,0,0)
 0 1 81 95090 4998  11 (D 0,0,0) (S 386,49,582) (S 384,582,245) (S 385,245,584) (S 387,584,583) (S 389,523,141) (S 71,141,142) (S 360,139,557) (S 361,558,27) (S 10,25,26) (D 0,0,0)
 0 1 82 94186 5308  15 (D 0,0,0) (S 381,23,573) (S 390,141,189) (S 383,581,578) (S 414,597,600) (S 411,597,598) (S 412,599,176) (S 94,175,176) (S 413,176,580) (S 99,185,186) (S 408,186,594) (S 400,593,594) (S 409,594,190) (S 410,190,142) (D 0,0,0)
 0 1 83 88150 3913  9 (D 0,0,0) (S 477,646,647) (S 481,647,648) (S 480,648,649) (S 483,224,516) (S 508,479,663) (S 507,663,662) (S 500,657,658) (D 0,0,0)
 0 1 84 90986 5466  8 (D 0,0,0) (S 432,591,115) (S 58,115,114) (S 57,114,113) (S 194,345,346) (S 395,590,591) (S 398,591,572) (D 0,0,0)
 0 1 85 93881 4036  8 (D 0,0,0) (S 506,657,664) (S 478,413,646) (S 304,232,493) (S 123,232,233) (S 479,232,646) (S 245,413,414) (D 0,0,0)
 0 1 86 94721 6726  10 (D 0,0,0) (S 674,751,355) (S 673,355,761) (S 204,355,356) (S 672,356,753) (S 660,349,147) (S 667,147,757) (S 666,757,354) (S 665,353,755) (D 0,0,0)
 0 1 87 46970 1004  8 (D 0,0,0) (S 283,461,462) (S 286,466,467) (S 284,463,464) (S 285,464,465) (S 417,603,604) (S 418,605,603) (D 0,0,0)
 0 1 88 95271 8556  8 (D 0,0,0) (S 617,732,730) (S 628,730,743) (S 651,743,739) (S 585,713,707) (S 615,731,730) (S 627,742,48) (D 0,0,0)
 0 1 89 95519 7869  9 (D 0,0,0) (S 332,533,340) (S 184,329,330) (S 631,732,504) (S 309,499,501) (S 644,531,337) (S 188,337,338) (S 637,744,336) (D 0,0,0)
 0 1 90 95764 5082  16 (D 0,0,0) (S 458,221,217) (S 175,315,316) (S 463,315,498) (S 308,498,495) (S 305,495,4) (S 468,4,635) (S 466,635,636) (S 467,637,638) (S 472,638,639) (S 473,638,642) (S 471,641,640) (S 470,640,496) (S 306,496,4) (S 1,4,3) (D 0,0,0)
 0 1 91 95038 9140  10 (D 0,0,0) (S 425,615,614) (S 266,444,270) (S 149,270,273) (S 757,273,805) (S 756,805,804) (S 733,788,786) (S 750,786,800) (S 751,800,157) (D 0,0,0)
 0 1 92 95461 9134  10 (D 0,0,0) (S 89,37,172) (S 727,783,278) (S 171,272,307) (S 729,307,421) (S 250,421,308) (S 93,173,80) (S 40,80,81) (S 90,80,172) (D 0,0,0)
 0 1 93 95403 3978  12 (D 0,0,0) (S 378,576,575) (S 439,626,625) (S 454,630,214) (S 464,634,2) (S 465,2,218) (S 116,218,217) (S 115,217,216) (S 461,216,633) (S 460,631,632) (S 112,208,210) (D 0,0,0)
 0 1 94 94670 7107  16 (D 0,0,0) (S 353,522,551) (S 350,551,552) (S 554,554,127) (S 64,126,123) (S 61,122,123) (S 63,125,123) (S 331,124,530) (S 333,535,530) (S 604,124,724) (S 62,124,123) (S 65,126,127) (S 566,127,318) (S 567,318,564) (S 287,477,476) (D 0,0,0)
 0 1 95 94166 6778  7 (D 0,0,0) (S 365,556,323) (S 180,323,324) (S 603,324,718) (S 591,718,538) (S 336,538,323) (D 0,0,0)
 0 1 96 95749 2912  9 (D 0,0,0) (S 446,215,208) (S 111,208,207) (S 456,209,415) (S 246,415,223) (S 118,223,222) (S 476,222,416) (S 113,211,212) (D 0,0,0)
 0 1 97 95107 7885  6 (D 0,0,0) (S 213,371,151) (S 151,161,279) (S 726,279,441) (S 249,420,160) (D 0,0,0)
 0 1 98 95712 8447  13 (D 0,0,0) (S 630,281,743) (S 650,739,713) (S 586,713,286) (S 154,286,174) (S 153,285,284) (S 156,280,291) (S 161,287,282) (S 493,138,654) (S 513,654,236) (S 125,236,234) (S 124,234,235) (D 0,0,0)
 0 1 99 93914 6265  14 (D 0,0,0) (S 172,309,310) (S 324,309,519) (S 326,519,520) (S 369,555,562) (S 564,562,314) (S 563,314,312) (S 173,312,311) (S 356,311,263) (S 366,263,561) (S 562,561,262) (S 559,262,518) (S 135,253,254) (D 0,0,0)
 0 1 100 94477 7155  8 (D 0,0,0) (S 239,237,402) (S 652,749,750) (S 42,85,84) (S 47,84,99) (S 46,98,99) (S 646,100,341) (D 0,0,0)
 0 1 101 95932 6600  8 (D 0,0,0) (S 343,333,547) (S 636,547,336) (S 187,336,335) (S 643,335,545) (S 344,545,547) (S 654,343,750) (D 0,0,0)
 0 1 102 95916 5838  7 (D 0,0,0) (S 26,53,62) (S 543,679,680) (S 191,51,342) (S 193,46,344) (S 131,50,247) (D 0,0,0)
 0 1 103 94782 8531  8 (D 0,0,0) (S 19,48,44) (S 623,736,733) (S 619,734,735) (S 613,728,511) (S 616,728,707) (S 579,707,708) (D 0,0,0)
 0 1 104 95698 5898  11 (D 0,0,0) (S 294,485,484) (S 359,521,556) (S 556,556,550) (S 60,121,120) (S 542,120,258) (S 137,258,257) (S 346,257,255) (S 136,255,256) (S 325,256,476) (D 0,0,0)
 0 1 105 94883 5307  10 (D 0,0,0) (S 292,28,200) (S 290,484,134) (S 68,134,138) (S 492,138,653) (S 300,130,251) (S 134,252,129) (S 301,45,491) (S 469,491,407) (D 0,0,0)
 0 1 106 75709 1770  6 (D 0,0,0) (S 105,196,194) (S 104,194,193) (S 415,193,601) (S 416,193,574) (D 0,0,0)
