707435
105
2400703
2369837
 0 1 1 95744 2499  7 (D 0,0,0) (S 378,576,575) (S 434,213,620) (S 108,202,201) (S 498,480,656) (S 442,620,609) (D 0,0,0)
 0 1 2 92851 3213  12 (D 0,0,0) (S 419,607,198) (S 500,658,657) (S 506,657,664) (S 510,661,662) (S 244,410,411) (S 245,413,414) (S 279,457,209) (S 453,209,628) (S 448,628,211) (S 113,211,212) (D 0,0,0)
 0 1 3 89227 2096  5 (D 0,0,0) (S 436,213,622) (S 452,622,607) (S 422,606,610) (D 0,0,0)
 0 1 4 94380 1925  7 (D 0,0,0) (S 105,196,194) (S 104,194,193) (S 415,193,601) (S 416,193,574) (S 421,607,606) (D 0,0,0)
 0 1 5 46970 1004  8 (D 0,0,0) (S 283,461,462) (S 284,463,464) (S 285,464,465) (S 286,466,467) (S 418,605,603) (S 417,603,604) (D 0,0,0)
 0 1 6 95432 2542  8 (D 0,0,0) (S 7,21,22) (S 8,21,23) (S 441,577,609) (S 420,198,608) (S 106,198,197) (S 379,195,575) (D 0,0,0)
 0 1 7 95600 4534  9 (D 0,0,0) (S 292,28,200) (S 423,611,612) (S 539,643,490) (S 298,490,86) (S 135,253,254) (S 322,87,474) (S 321,497,516) (D 0,0,0)
 0 1 8 93319 5043  10 (D 0,0,0) (S 479,646,232) (S 123,232,233) (S 491,492,652) (S 490,650,651) (S 541,652,517) (S 288,479,135) (S 291,135,482) (S 512,482,660) (D 0,0,0)
 0 1 9 87433 3615  12 (D 0,0,0) (S 511,658,660) (S 508,663,479) (S 247,418,226) (S 119,226,227) (S 482,647,405) (S 505,406,663) (S 507,663,662) (S 504,661,137) (S 502,137,659) (S 501,659,660) (D 0,0,0)
 0 1 10 95137 4474  14 (D 0,0,0) (S 437,624,623) (S 499,657,414) (S 67,131,132) (S 303,132,229) (S 121,229,230) (S 122,230,231) (S 320,515,7) (S 11,29,6) (S 297,487,489) (S 474,489,634) (S 475,634,222) (S 449,627,211) (D 0,0,0)
 0 1 11 94899 3682  8 (D 0,0,0) (S 443,627,457) (S 486,228,133) (S 480,648,649) (S 481,648,647) (S 477,647,646) (S 478,646,413) (D 0,0,0)
 0 1 12 95373 4357  8 (D 0,0,0) (S 485,131,645) (S 2,9,10) (S 489,10,5) (S 488,5,40) (S 16,40,39) (S 120,38,228) (D 0,0,0)
 0 1 13 95718 3877  7 (D 0,0,0) (S 487,645,494) (S 304,493,232) (S 302,232,492) (S 483,224,516) (S 6,19,18) (D 0,0,0)
 0 1 14 94867 8333  17 (D 0,0,0) (S 293,200,485) (S 179,322,321) (S 282,460,321) (S 178,321,319) (S 371,319,568) (S 375,568,570) (S 578,570,706) (S 576,706,705) (S 580,705,709) (S 581,709,710) (S 607,727,724) (S 566,127,318) (S 324,519,309) (S 69,135,136) (S 503,136,659) (D 0,0,0)
 0 1 15 95388 2965  11 (D 0,0,0) (S 435,212,621) (S 444,621,627) (S 440,457,417) (S 476,416,222) (S 118,222,223) (S 246,223,415) (S 456,415,209) (S 451,628,214) (S 439,625,626) (D 0,0,0)
 0 1 16 95436 3116  11 (D 0,0,0) (S 447,626,215) (S 240,403,401) (S 248,403,419) (S 445,419,208) (S 114,215,214) (S 454,214,630) (S 450,629,630) (S 455,630,625) (S 438,625,212) (D 0,0,0)
 0 1 17 92232 3361  9 (D 0,0,0) (S 446,215,208) (S 238,401,398) (S 235,398,206) (S 236,205,399) (S 237,399,400) (S 241,400,404) (S 111,207,208) (D 0,0,0)
 0 1 18 93467 3473  10 (D 0,0,0) (S 112,208,210) (S 460,632,631) (S 459,631,216) (S 461,216,633) (S 115,216,217) (S 458,217,221) (S 117,221,220) (S 462,220,632) (D 0,0,0)
 0 1 19 92319 4315  12 (D 0,0,0) (S 457,631,221) (S 116,217,218) (S 175,315,316) (S 463,315,498) (S 308,498,495) (S 305,495,4) (S 295,486,38) (S 307,38,488) (S 296,488,132) (S 484,228,414) (D 0,0,0)
 0 1 20 95914 4705  13 (D 0,0,0) (S 465,218,2) (S 306,4,496) (S 470,496,640) (S 471,640,641) (S 473,642,638) (S 472,638,639) (S 467,638,637) (S 466,636,635) (S 468,635,4) (S 1,4,3) (S 464,2,634) (D 0,0,0)
 0 1 21 95301 4900  11 (D 0,0,0) (S 124,235,234) (S 519,654,612) (S 133,250,248) (S 132,248,249) (S 318,248,512) (S 424,409,614) (S 515,667,243) (S 129,243,244) (S 514,666,612) (D 0,0,0)
 0 1 22 95754 3845  7 (D 0,0,0) (S 535,677,246) (S 130,246,245) (S 536,584,246) (S 538,677,678) (S 537,677,611) (D 0,0,0)
 0 1 23 95957 5050  13 (D 0,0,0) (S 518,667,669) (S 516,668,669) (S 531,669,673) (S 529,673,672) (S 527,672,671) (S 534,671,675) (S 533,676,675) (S 532,675,673) (S 530,674,673) (S 528,672,667) (S 520,243,666) (D 0,0,0)
 0 1 24 94803 7905  14 (D 0,0,0) (S 290,484,134) (S 370,564,565) (S 550,565,691) (S 139,260,30) (S 140,261,30) (S 12,30,31) (S 13,31,32) (S 138,32,259) (S 545,259,683) (S 14,33,34) (S 547,35,685) (S 551,685,692) (D 0,0,0)
 0 1 25 95665 6478  10 (D 0,0,0) (S 562,262,561) (S 560,695,693) (S 558,693,682) (S 548,686,687) (S 549,688,690) (S 546,684,563) (S 367,563,562) (S 326,520,519) (D 0,0,0)
 0 1 26 95863 6784  10 (D 0,0,0) (S 287,476,477) (S 359,521,556) (S 365,556,323) (S 333,535,530) (S 604,124,724) (S 281,126,459) (S 556,556,550) (S 323,119,88) (D 0,0,0)
 0 1 27 95090 6080  12 (D 0,0,0) (S 172,309,310) (S 351,520,313) (S 357,313,311) (S 174,313,314) (S 563,314,312) (S 565,312,695) (S 561,695,561) (S 366,561,263) (S 141,263,262) (S 559,262,518) (D 0,0,0)
 0 1 28 95191 6256  14 (D 0,0,0) (S 356,263,311) (S 173,311,312) (S 564,314,562) (S 369,562,555) (S 349,478,255) (S 346,255,257) (S 137,257,258) (S 542,258,120) (S 60,120,121) (S 347,548,257) (S 136,255,256) (S 325,256,476) (D 0,0,0)
 0 1 29 95904 7507  15 (D 0,0,0) (S 353,522,551) (S 350,551,552) (S 176,317,318) (S 552,691,536) (S 597,535,719) (S 602,719,698) (S 574,698,530) (S 331,530,124) (S 62,124,123) (S 63,125,123) (S 61,122,123) (S 554,127,554) (S 358,317,551) (D 0,0,0)
 0 1 30 95984 7455  14 (D 0,0,0) (S 355,317,554) (S 354,554,459) (S 352,459,505) (S 180,323,324) (S 181,324,322) (S 588,322,716) (S 599,716,721) (S 595,721,720) (S 592,720,719) (S 601,719,324) (S 591,718,538) (S 336,538,323) (D 0,0,0)
 0 1 31 95687 8342  19 (D 0,0,0) (S 65,127,126) (S 608,326,723) (S 600,723,698) (S 570,698,699) (S 573,699,704) (S 572,702,703) (S 575,702,700) (S 571,700,701) (S 577,700,705) (S 582,705,711) (S 612,722,706) (S 611,706,715) (S 587,715,714) (S 605,714,725) (S 606,725,726) (S 610,725,723) (S 64,123,126) (D 0,0,0)
 0 1 32 94908 7024  12 (D 0,0,0) (S 289,134,483) (S 567,564,318) (S 553,127,691) (S 557,691,260) (S 555,260,534) (S 334,534,537) (S 327,525,526) (S 182,325,326) (S 609,326,727) (S 368,564,553) (D 0,0,0)
 0 1 33 94427 4655  6 (D 0,0,0) (S 494,653,412) (S 299,490,130) (S 66,130,128) (S 540,128,253) (D 0,0,0)
 0 1 34 95432 5997  9 (D 0,0,0) (S 239,237,402) (S 26,53,62) (S 29,62,63) (S 544,64,679) (S 543,679,680) (S 568,53,697) (S 569,697,696) (D 0,0,0)
 0 1 35 95104 7242  7 (D 0,0,0) (S 191,51,342) (S 30,61,59) (S 635,59,332) (S 185,332,331) (S 189,340,339) (D 0,0,0)
 0 1 36 95724 6458  8 (D 0,0,0) (S 193,46,344) (S 186,333,334) (S 337,55,539) (S 338,540,539) (S 348,539,549) (S 294,484,485) (D 0,0,0)
 0 1 37 95929 6092  8 (D 0,0,0) (S 243,402,407) (S 652,749,750) (S 654,750,343) (S 653,547,343) (S 192,343,54) (S 20,50,49) (D 0,0,0)
 0 1 38 91915 6274  6 (D 0,0,0) (S 658,49,514) (S 319,513,514) (S 205,357,358) (S 98,183,184) (D 0,0,0)
 0 1 39 95034 6733  10 (D 0,0,0) (S 656,752,183) (S 96,183,182) (S 195,180,347) (S 196,348,347) (S 201,350,184) (S 143,184,266) (S 134,252,129) (S 300,251,130) (D 0,0,0)
 0 1 40 95334 7754  11 (D 0,0,0) (S 97,179,177) (S 95,177,181) (S 155,108,283) (S 33,71,72) (S 714,777,101) (S 49,101,103) (S 190,294,341) (S 345,544,506) (S 657,357,514) (D 0,0,0)
 0 1 41 95055 6129  7 (D 0,0,0) (S 664,94,755) (S 665,755,353) (S 203,353,352) (S 202,352,351) (S 659,753,751) (D 0,0,0)
 0 1 42 95336 9392  9 (D 0,0,0) (S 197,182,180) (S 167,171,82) (S 41,82,83) (S 163,297,277) (S 166,277,301) (S 771,809,274) (S 770,274,442) (D 0,0,0)
 0 1 43 95633 8437  7 (D 0,0,0) (S 775,293,445) (S 267,445,446) (S 776,445,508) (S 315,454,303) (S 37,70,76) (D 0,0,0)
 0 1 44 95924 8499  9 (D 0,0,0) (S 168,303,302) (S 276,304,455) (S 275,453,452) (S 274,452,302) (S 777,810,811) (S 779,811,69) (S 277,456,77) (D 0,0,0)
 0 1 45 95435 9718  11 (D 0,0,0) (S 278,288,77) (S 38,77,69) (S 150,277,274) (S 766,809,424) (S 769,424,440) (S 768,440,165) (S 82,165,166) (S 81,163,164) (S 85,164,168) (D 0,0,0)
 0 1 46 95937 7905  8 (D 0,0,0) (S 159,295,289) (S 718,292,778) (S 310,502,503) (S 329,528,529) (S 309,499,501) (S 647,529,97) (D 0,0,0)
 0 1 47 94779 8057  10 (D 0,0,0) (S 313,347,506) (S 48,102,101) (S 715,777,779) (S 716,779,778) (S 269,449,448) (S 270,448,76) (S 32,70,69) (S 780,69,456) (D 0,0,0)
 0 1 48 95798 7386  6 (D 0,0,0) (S 34,73,72) (S 36,72,74) (S 35,74,75) (S 778,456,287) (D 0,0,0)
 0 1 49 95588 7024  7 (D 0,0,0) (S 160,267,118) (S 710,106,776) (S 720,776,774) (S 721,774,780) (S 144,267,264) (D 0,0,0)
 0 1 50 95474 5466  9 (D 0,0,0) (S 376,523,572) (S 398,572,591) (S 432,591,115) (S 58,115,114) (S 57,114,113) (S 194,345,346) (S 395,590,591) (D 0,0,0)
 0 1 51 95671 7243  9 (D 0,0,0) (S 396,589,364) (S 216,374,159) (S 221,159,381) (S 702,381,382) (S 222,382,383) (S 704,382,378) (S 706,379,109) (D 0,0,0)
 0 1 52 93945 8020  8 (D 0,0,0) (S 43,90,91) (S 88,145,36) (S 316,37,509) (S 724,37,420) (S 15,37,36) (S 705,36,381) (D 0,0,0)
 0 1 53 94467 7853  8 (D 0,0,0) (S 249,160,420) (S 723,781,782) (S 262,441,152) (S 78,152,160) (S 215,160,373) (S 232,92,365) (D 0,0,0)
 0 1 54 94961 7562  10 (D 0,0,0) (S 209,366,365) (S 314,92,507) (S 233,374,363) (S 676,397,762) (S 678,762,360) (S 206,360,359) (S 681,764,359) (S 680,359,763) (D 0,0,0)
 0 1 55 95400 7155  7 (D 0,0,0) (S 697,396,377) (S 219,144,378) (S 220,379,380) (S 703,774,267) (S 142,264,265) (D 0,0,0)
 0 1 56 94538 7161  11 (D 0,0,0) (S 663,755,756) (S 701,756,112) (S 110,204,203) (S 109,203,162) (S 72,144,143) (S 76,143,158) (S 77,145,159) (S 79,159,158) (S 698,158,773) (D 0,0,0)
 0 1 57 95534 7758  6 (D 0,0,0) (S 214,372,152) (S 213,151,371) (S 682,79,765) (S 690,368,770) (D 0,0,0)
 0 1 58 95750 7251  8 (D 0,0,0) (S 692,395,770) (S 691,770,767) (S 688,768,769) (S 686,768,767) (S 687,767,373) (S 230,363,396) (D 0,0,0)
 0 1 59 94230 6579  7 (D 0,0,0) (S 226,94,111) (S 56,112,110) (S 55,110,111) (S 234,111,397) (S 208,363,364) (D 0,0,0)
 0 1 60 95702 7236  6 (D 0,0,0) (S 405,595,94) (S 207,361,362) (S 80,162,146) (S 73,146,147) (D 0,0,0)
 0 1 61 95752 7140  8 (D 0,0,0) (S 44,93,94) (S 218,110,377) (S 696,377,773) (S 699,773,204) (S 211,203,369) (S 700,204,112) (D 0,0,0)
 0 1 62 94793 7920  6 (D 0,0,0) (S 212,370,154) (S 251,153,422) (S 693,155,771) (S 694,771,392) (D 0,0,0)
 0 1 63 95376 8901  9 (D 0,0,0) (S 228,394,390) (S 695,771,772) (S 762,149,807) (S 761,807,802) (S 746,802,803) (S 749,803,800) (S 229,395,373) (D 0,0,0)
 0 1 64 95528 8111  12 (D 0,0,0) (S 683,389,79) (S 39,79,78) (S 225,78,384) (S 224,387,388) (S 227,393,387) (S 312,468,469) (S 684,470,766) (S 685,766,765) (S 689,765,368) (S 210,368,367) (D 0,0,0)
 0 1 65 95256 9219  8 (D 0,0,0) (S 751,157,800) (S 754,803,788) (S 756,804,805) (S 757,805,273) (S 734,787,272) (S 223,306,308) (D 0,0,0)
 0 1 66 95044 8940  8 (D 0,0,0) (S 730,783,421) (S 729,421,307) (S 250,421,308) (S 93,173,80) (S 40,80,81) (S 90,80,172) (D 0,0,0)
 0 1 67 94453 8927  8 (D 0,0,0) (S 726,441,279) (S 145,268,269) (S 149,273,270) (S 266,270,444) (S 772,444,443) (S 265,443,170) (D 0,0,0)
 0 1 68 93220 9180  9 (D 0,0,0) (S 91,171,169) (S 393,169,587) (S 394,588,164) (S 86,168,169) (S 87,171,170) (S 92,170,173) (S 89,172,37) (D 0,0,0)
 0 1 69 93646 9712  11 (D 0,0,0) (S 745,801,800) (S 750,800,786) (S 733,786,788) (S 760,375,797) (S 258,435,436) (S 755,796,425) (S 735,794,793) (S 736,790,795) (S 231,367,372) (D 0,0,0)
 0 1 70 95962 9996  10 (D 0,0,0) (S 74,66,148) (S 740,428,799) (S 256,429,430) (S 257,431,432) (S 739,431,785) (S 732,786,787) (S 752,787,801) (S 728,783,172) (D 0,0,0)
 0 1 71 95286 9441  8 (D 0,0,0) (S 774,455,171) (S 767,809,301) (S 759,300,423) (S 252,423,271) (S 171,272,307) (S 169,307,306) (D 0,0,0)
 0 1 72 95633 9076  8 (D 0,0,0) (S 165,82,297) (S 164,297,298) (S 148,277,276) (S 264,276,443) (S 773,444,306) (S 170,308,173) (D 0,0,0)
 0 1 73 95998 10141  9 (D 0,0,0) (S 146,274,275) (S 261,275,440) (S 253,424,167) (S 84,167,165) (S 147,275,166) (S 83,166,163) (S 263,163,442) (D 0,0,0)
 0 1 74 95927 10542  10 (D 0,0,0) (S 731,784,785) (S 737,796,437) (S 259,437,438) (S 738,797,12) (S 260,12,439) (S 3,12,13) (S 217,296,375) (S 758,806,805) (D 0,0,0)
 0 1 75 95775 9137  9 (D 0,0,0) (S 742,799,429) (S 743,429,798) (S 748,798,433) (S 744,433,795) (S 152,278,279) (S 725,441,781) (S 722,781,420) (D 0,0,0)
 0 1 76 94139 8736  6 (D 0,0,0) (S 765,427,808) (S 763,808,150) (S 45,95,96) (S 75,149,157) (D 0,0,0)
 0 1 77 95665 7720  6 (D 0,0,0) (S 639,546,745) (S 24,59,48) (S 28,44,57) (S 18,43,44) (D 0,0,0)
 0 1 78 95774 8399  9 (D 0,0,0) (S 19,48,44) (S 579,708,707) (S 613,728,511) (S 618,728,735) (S 622,738,737) (S 620,737,736) (S 584,57,712) (D 0,0,0)
 0 1 79 95102 8391  6 (D 0,0,0) (S 23,57,58) (S 619,734,735) (S 616,728,707) (S 583,708,57) (D 0,0,0)
 0 1 80 95960 8564  7 (D 0,0,0) (S 621,58,736) (S 623,736,733) (S 372,510,566) (S 183,327,328) (S 27,52,58) (D 0,0,0)
 0 1 81 95002 9578  9 (D 0,0,0) (S 374,569,52) (S 373,52,327) (S 317,510,47) (S 17,41,42) (S 22,42,56) (S 280,458,42) (S 21,47,52) (D 0,0,0)
 0 1 82 95761 8452  10 (D 0,0,0) (S 603,324,718) (S 589,718,712) (S 590,712,569) (S 177,319,320) (S 596,568,722) (S 598,722,717) (S 593,721,704) (S 594,699,720) (D 0,0,0)
 0 1 83 95886 8770  9 (D 0,0,0) (S 628,730,743) (S 650,739,713) (S 585,713,707) (S 626,740,741) (S 615,731,730) (S 629,730,742) (S 335,61,538) (D 0,0,0)
 0 1 84 95934 7371  9 (D 0,0,0) (S 637,336,744) (S 188,338,337) (S 644,337,531) (S 614,500,729) (S 633,729,330) (S 634,330,332) (S 25,61,60) (D 0,0,0)
 0 1 85 95819 8481  8 (D 0,0,0) (S 158,293,291) (S 156,291,280) (S 153,284,285) (S 154,286,174) (S 586,286,713) (S 625,739,731) (D 0,0,0)
 0 1 86 95192 8685  9 (D 0,0,0) (S 157,281,284) (S 624,285,739) (S 651,739,743) (S 630,743,281) (S 268,280,447) (S 632,291,504) (S 184,330,329) (D 0,0,0)
 0 1 87 95808 9261  7 (D 0,0,0) (S 377,573,560) (S 255,67,428) (S 741,68,428) (S 764,799,427) (S 254,427,65) (D 0,0,0)
 0 1 88 95226 6792  11 (D 0,0,0) (S 198,348,283) (S 53,108,104) (S 50,104,105) (S 162,108,118) (S 59,118,117) (S 199,116,264) (S 492,653,138) (S 493,138,654) (S 517,236,484) (D 0,0,0)
 0 1 89 93952 6612  9 (D 0,0,0) (S 125,234,236) (S 513,236,654) (S 342,546,333) (S 343,333,547) (S 643,545,335) (S 187,335,336) (S 636,336,547) (D 0,0,0)
 0 1 90 95874 7998  8 (D 0,0,0) (S 128,241,242) (S 273,75,451) (S 271,451,449) (S 272,449,450) (S 717,289,779) (S 711,777,295) (D 0,0,0)
 0 1 91 95629 6647  11 (D 0,0,0) (S 509,483,653) (S 661,357,752) (S 674,751,355) (S 673,355,761) (S 204,355,356) (S 672,356,753) (S 660,349,147) (S 667,147,757) (S 666,757,354) (D 0,0,0)
 0 1 92 95712 7425  9 (D 0,0,0) (S 522,615,670) (S 525,238,408) (S 47,84,99) (S 46,98,99) (S 646,100,341) (S 339,506,287) (S 161,287,282) (D 0,0,0)
 0 1 93 95314 6254  9 (D 0,0,0) (S 425,615,614) (S 655,752,751) (S 671,178,760) (S 668,351,758) (S 669,758,759) (S 670,758,754) (S 662,754,353) (D 0,0,0)
 0 1 94 95871 7320  10 (D 0,0,0) (S 68,134,138) (S 200,349,181) (S 51,104,106) (S 52,106,107) (S 54,107,109) (S 707,109,775) (S 709,775,776) (S 708,775,146) (D 0,0,0)
 0 1 95 96000 6964  9 (D 0,0,0) (S 428,617,613) (S 641,60,745) (S 642,339,744) (S 638,338,532) (S 332,340,533) (S 640,533,745) (S 31,60,55) (D 0,0,0)
 0 1 96 95960 7818  12 (D 0,0,0) (S 497,485,235) (S 495,235,655) (S 496,655,617) (S 42,85,84) (S 712,97,746) (S 649,746,748) (S 719,747,778) (S 713,778,502) (S 330,502,527) (S 328,527,293) (D 0,0,0)
 0 1 97 95990 8563  7 (D 0,0,0) (S 363,560,559) (S 753,156,801) (S 747,801,268) (S 727,783,278) (S 151,279,161) (D 0,0,0)
 0 1 98 95197 4906  6 (D 0,0,0) (S 107,200,199) (S 469,407,491) (S 301,491,45) (S 131,50,247) (D 0,0,0)
 0 1 99 95734 8403  12 (D 0,0,0) (S 426,199,616) (S 344,547,545) (S 340,542,543) (S 341,541,544) (S 645,102,746) (S 648,747,528) (S 311,503,504) (S 631,504,732) (S 617,732,730) (S 627,742,48) (D 0,0,0)
 0 1 100 93875 5939  9 (D 0,0,0) (S 381,23,573) (S 407,572,596) (S 5,16,17) (S 430,618,619) (S 431,619,15) (S 4,14,15) (S 433,619,115) (D 0,0,0)
 0 1 101 94112 5618  9 (D 0,0,0) (S 380,557,523) (S 406,572,595) (S 679,595,763) (S 677,763,360) (S 675,762,589) (S 397,113,345) (S 71,141,142) (D 0,0,0)
 0 1 102 95807 3655  11 (D 0,0,0) (S 409,190,594) (S 400,593,594) (S 404,594,191) (S 103,191,192) (S 403,191,187) (S 402,187,586) (S 399,586,592) (S 401,592,585) (S 391,585,24) (D 0,0,0)
 0 1 103 95891 5351  16 (D 0,0,0) (S 9,21,24) (S 392,24,586) (S 100,187,188) (S 408,594,186) (S 99,186,185) (S 383,581,578) (S 382,578,579) (S 414,597,600) (S 411,597,598) (S 413,580,176) (S 94,175,176) (S 412,599,176) (S 388,581,189) (S 410,190,142) (D 0,0,0)
 0 1 104 88634 3820  12 (D 0,0,0) (S 10,25,26) (S 361,27,558) (S 364,558,524) (S 389,523,141) (S 390,141,189) (S 101,189,190) (S 102,190,140) (S 70,140,139) (S 360,139,557) (S 362,557,559) (D 0,0,0)
 0 1 105 95937 4768  15 (D 0,0,0) (S 427,199,617) (S 429,612,615) (S 524,614,670) (S 523,670,241) (S 521,241,239) (S 127,239,240) (S 526,239,238) (S 126,238,237) (S 242,407,247) (S 386,49,582) (S 384,582,245) (S 385,245,584) (S 387,584,583) (D 0,0,0)
