717205
106
2400688
2386515
 0 1 1 94812 4836  17 (D 0,0,0) (S 506,657,664) (S 504,661,137) (S 502,137,659) (S 501,659,660) (S 512,660,482) (S 517,484,236) (S 513,236,654) (S 519,654,612) (S 529,672,673) (S 530,674,673) (S 531,673,669) (S 516,668,669) (S 518,669,667) (S 520,243,666) (S 292,200,28) (D 0,0,0)
 0 1 2 89831 2037  7 (D 0,0,0) (S 106,197,198) (S 420,198,608) (S 419,198,607) (S 421,607,606) (S 422,606,610) (D 0,0,0)
 0 1 3 87996 4844  12 (D 0,0,0) (S 124,235,234) (S 125,234,236) (S 493,654,138) (S 492,138,653) (S 539,643,490) (S 299,490,130) (S 300,130,251) (S 134,252,129) (S 298,490,86) (S 6,19,18) (D 0,0,0)
 0 1 4 94436 7822  9 (D 0,0,0) (S 184,329,330) (S 633,330,729) (S 631,732,504) (S 311,504,503) (S 329,528,529) (S 647,529,97) (S 188,337,338) (D 0,0,0)
 0 1 5 87144 1840  7 (D 0,0,0) (S 378,576,575) (S 379,575,195) (S 441,577,609) (S 442,609,620) (S 434,620,213) (D 0,0,0)
 0 1 6 92735 4410  14 (D 0,0,0) (S 522,615,670) (S 128,241,242) (S 521,241,239) (S 525,238,408) (S 133,250,248) (S 318,248,512) (S 132,248,249) (S 126,237,238) (S 526,238,239) (S 127,239,240) (S 523,241,670) (S 524,670,614) (D 0,0,0)
 0 1 7 90956 2251  6 (D 0,0,0) (S 8,23,21) (S 391,24,585) (S 401,585,592) (S 399,592,586) (D 0,0,0)
 0 1 8 95002 5442  14 (D 0,0,0) (S 390,141,189) (S 388,189,581) (S 382,578,579) (S 414,597,600) (S 411,597,598) (S 412,599,176) (S 94,175,176) (S 413,176,580) (S 383,578,581) (S 99,185,186) (S 408,186,594) (S 103,191,192) (D 0,0,0)
 0 1 9 95172 9448  11 (D 0,0,0) (S 627,48,742) (S 619,735,734) (S 372,510,566) (S 183,327,328) (S 373,327,52) (S 177,319,320) (S 596,722,568) (S 375,568,570) (S 578,570,706) (D 0,0,0)
 0 1 10 88307 4563  11 (D 0,0,0) (S 175,315,316) (S 463,315,498) (S 308,498,495) (S 305,495,4) (S 468,4,635) (S 472,638,639) (S 116,218,217) (S 115,217,216) (S 460,631,632) (D 0,0,0)
 0 1 11 95346 4640  7 (D 0,0,0) (S 321,516,497) (S 541,517,652) (S 490,650,651) (S 491,652,492) (S 302,492,232) (D 0,0,0)
 0 1 12 93326 4906  6 (D 0,0,0) (S 425,615,614) (S 469,407,491) (S 301,491,45) (S 131,50,247) (D 0,0,0)
 0 1 13 92895 4251  8 (D 0,0,0) (S 486,228,133) (S 296,132,488) (S 307,488,38) (S 11,6,29) (S 488,5,40) (S 16,40,39) (D 0,0,0)
 0 1 14 95475 4101  9 (D 0,0,0) (S 478,413,646) (S 477,647,646) (S 479,646,232) (S 123,232,233) (S 304,232,493) (S 487,494,645) (S 485,645,131) (D 0,0,0)
 0 1 15 92570 5530  8 (D 0,0,0) (S 68,134,138) (S 193,46,344) (S 143,266,184) (S 98,184,183) (S 656,183,752) (S 657,357,514) (D 0,0,0)
 0 1 16 94826 6126  11 (D 0,0,0) (S 205,357,358) (S 655,752,751) (S 674,751,355) (S 673,355,761) (S 204,355,356) (S 672,356,753) (S 658,514,49) (S 384,582,245) (S 385,245,584) (D 0,0,0)
 0 1 17 94605 4927  6 (D 0,0,0) (S 66,130,128) (S 540,128,253) (S 135,253,254) (S 322,87,474) (D 0,0,0)
 0 1 18 95466 7007  13 (D 0,0,0) (S 326,519,520) (S 351,520,313) (S 357,313,311) (S 366,263,561) (S 561,561,695) (S 547,685,35) (S 14,33,34) (S 551,685,692) (S 545,683,259) (S 558,682,693) (S 560,693,695) (D 0,0,0)
 0 1 19 95988 9421  9 (D 0,0,0) (S 704,378,382) (S 40,80,81) (S 93,80,173) (S 773,306,444) (S 772,444,443) (S 393,169,587) (S 774,171,455) (D 0,0,0)
 0 1 20 95946 7175  14 (D 0,0,0) (S 559,518,262) (S 562,262,561) (S 138,259,32) (S 13,32,31) (S 12,31,30) (S 140,261,30) (S 139,30,260) (S 554,127,554) (S 556,556,550) (S 347,548,257) (S 325,256,476) (S 172,309,310) (D 0,0,0)
 0 1 21 94749 7290  14 (D 0,0,0) (S 353,522,551) (S 350,551,552) (S 352,459,505) (S 336,323,538) (S 591,538,718) (S 603,718,324) (S 601,324,719) (S 602,719,698) (S 600,698,723) (S 608,723,326) (S 182,326,325) (S 552,536,691) (D 0,0,0)
 0 1 22 95653 6925  8 (D 0,0,0) (S 31,55,60) (S 641,60,745) (S 640,745,533) (S 335,61,538) (S 365,323,556) (S 369,555,562) (D 0,0,0)
 0 1 23 95799 8091  8 (D 0,0,0) (S 136,256,255) (S 358,551,317) (S 355,317,554) (S 19,48,44) (S 18,43,44) (S 23,57,58) (D 0,0,0)
 0 1 24 95988 8681  22 (D 0,0,0) (S 597,535,719) (S 592,719,720) (S 593,721,704) (S 573,699,704) (S 572,702,703) (S 575,702,700) (S 571,700,701) (S 577,700,705) (S 582,711,705) (S 580,705,709) (S 581,709,710) (S 605,714,725) (S 606,725,726) (S 62,124,123) (S 61,122,123) (S 63,125,123) (S 65,126,127) (S 566,127,318) (S 567,318,564) (S 368,564,553) (D 0,0,0)
 0 1 25 95785 6872  9 (D 0,0,0) (S 367,562,563) (S 546,563,684) (S 548,686,687) (S 549,688,690) (S 565,695,312) (S 563,312,314) (S 564,314,562) (D 0,0,0)
 0 1 26 95515 6954  9 (D 0,0,0) (S 20,49,50) (S 201,350,184) (S 195,347,180) (S 197,180,182) (S 96,182,183) (S 661,752,357) (S 319,513,514) (D 0,0,0)
 0 1 27 95491 8860  9 (D 0,0,0) (S 629,742,730) (S 628,730,743) (S 624,285,739) (S 625,739,731) (S 626,740,741) (S 615,731,730) (S 617,730,732) (D 0,0,0)
 0 1 28 95755 7013  10 (D 0,0,0) (S 333,535,530) (S 331,530,124) (S 604,124,724) (S 607,724,727) (S 609,727,326) (S 610,723,725) (S 370,565,564) (S 287,477,476) (D 0,0,0)
 0 1 29 95433 8055  7 (D 0,0,0) (S 589,718,712) (S 590,712,569) (S 374,569,52) (S 27,52,58) (S 584,57,712) (D 0,0,0)
 0 1 30 92976 7306  10 (D 0,0,0) (S 59,117,118) (S 162,118,108) (S 50,104,105) (S 53,104,108) (S 155,108,283) (S 161,282,287) (S 190,294,341) (S 341,544,541) (D 0,0,0)
 0 1 31 95881 7102  14 (D 0,0,0) (S 324,309,519) (S 176,317,318) (S 553,127,691) (S 557,691,260) (S 555,260,534) (S 334,534,537) (S 327,525,526) (S 550,691,565) (S 174,314,313) (S 173,311,312) (S 356,311,263) (S 141,263,262) (D 0,0,0)
 0 1 32 95916 7248  8 (D 0,0,0) (S 25,60,61) (S 30,61,59) (S 24,59,48) (S 635,59,332) (S 185,332,331) (S 332,340,533) (D 0,0,0)
 0 1 33 95961 8829  7 (D 0,0,0) (S 28,44,57) (S 579,708,707) (S 613,728,511) (S 616,728,707) (S 585,707,713) (D 0,0,0)
 0 1 34 95842 8514  9 (D 0,0,0) (S 587,714,715) (S 611,715,706) (S 576,706,705) (S 598,717,722) (S 612,722,706) (S 371,568,319) (S 178,319,321) (D 0,0,0)
 0 1 35 94733 8229  7 (D 0,0,0) (S 583,57,708) (S 618,728,735) (S 622,738,737) (S 620,737,736) (S 621,736,58) (D 0,0,0)
 0 1 36 95484 7909  9 (D 0,0,0) (S 278,288,77) (S 36,72,74) (S 35,74,75) (S 270,76,448) (S 271,451,449) (S 717,289,779) (S 712,746,97) (D 0,0,0)
 0 1 37 94383 6196  6 (D 0,0,0) (S 192,54,343) (S 653,343,547) (S 186,333,334) (S 26,62,53) (D 0,0,0)
 0 1 38 95779 7550  11 (D 0,0,0) (S 49,103,101) (S 714,101,777) (S 645,746,102) (S 646,100,341) (S 345,506,544) (S 340,542,543) (S 654,343,750) (S 652,750,749) (S 29,63,62) (D 0,0,0)
 0 1 39 94407 9554  8 (D 0,0,0) (S 623,736,733) (S 317,510,47) (S 17,41,42) (S 280,458,42) (S 22,42,56) (S 21,47,52) (D 0,0,0)
 0 1 40 94084 8644  8 (D 0,0,0) (S 274,302,452) (S 275,452,453) (S 268,280,447) (S 156,280,291) (S 632,291,504) (S 648,528,747) (D 0,0,0)
 0 1 41 95123 6254  10 (D 0,0,0) (S 349,478,255) (S 346,255,257) (S 137,257,258) (S 542,258,120) (S 60,120,121) (S 348,549,539) (S 338,540,539) (S 337,539,55) (D 0,0,0)
 0 1 42 60857 4559  10 (D 0,0,0) (S 514,612,666) (S 129,243,244) (S 515,243,667) (S 528,667,672) (S 527,672,671) (S 534,671,675) (S 533,676,675) (S 532,675,673) (D 0,0,0)
 0 1 43 95724 8833  8 (D 0,0,0) (S 48,102,101) (S 711,777,295) (S 267,445,446) (S 776,445,508) (S 276,455,304) (S 168,302,303) (D 0,0,0)
 0 1 44 95158 6909  9 (D 0,0,0) (S 427,199,617) (S 660,349,147) (S 708,146,775) (S 709,775,776) (S 710,776,106) (S 95,181,177) (S 97,177,179) (D 0,0,0)
 0 1 45 95507 4055  14 (D 0,0,0) (S 360,557,139) (S 70,139,140) (S 102,140,190) (S 409,190,594) (S 400,593,594) (S 404,594,191) (S 403,191,187) (S 100,187,188) (S 402,187,586) (S 392,586,24) (S 9,24,21) (S 7,21,22) (D 0,0,0)
 0 1 46 94960 4775  9 (D 0,0,0) (S 107,200,199) (S 428,617,613) (S 130,246,245) (S 386,582,49) (S 243,407,402) (S 444,627,621) (S 435,621,212) (D 0,0,0)
 0 1 47 83458 3827  9 (D 0,0,0) (S 291,482,135) (S 288,135,479) (S 508,479,663) (S 505,663,406) (S 482,405,647) (S 480,648,649) (S 483,224,516) (D 0,0,0)
 0 1 48 95324 7741  6 (D 0,0,0) (S 396,589,364) (S 213,371,151) (S 251,153,422) (S 78,152,160) (D 0,0,0)
 0 1 49 94722 6474  9 (D 0,0,0) (S 242,407,247) (S 668,351,758) (S 669,758,759) (S 670,758,754) (S 662,353,754) (S 666,757,354) (S 405,94,595) (D 0,0,0)
 0 1 50 92984 3502  11 (D 0,0,0) (S 108,201,202) (S 498,656,480) (S 294,485,484) (S 290,484,134) (S 289,134,483) (S 509,483,653) (S 494,653,412) (S 424,409,614) (S 429,615,612) (D 0,0,0)
 0 1 51 93513 6738  9 (D 0,0,0) (S 663,755,756) (S 701,756,112) (S 110,204,203) (S 109,203,162) (S 80,162,146) (S 73,146,147) (S 667,147,757) (D 0,0,0)
 0 1 52 89128 2901  9 (D 0,0,0) (S 439,626,625) (S 456,209,415) (S 246,415,223) (S 118,223,222) (S 476,222,416) (S 440,417,457) (S 443,457,627) (D 0,0,0)
 0 1 53 95772 6732  8 (D 0,0,0) (S 200,349,181) (S 199,264,116) (S 160,118,267) (S 721,774,780) (S 142,264,265) (S 659,753,751) (D 0,0,0)
 0 1 54 95157 2351  9 (D 0,0,0) (S 436,622,213) (S 438,212,625) (S 454,630,214) (S 451,214,628) (S 111,207,208) (S 447,215,626) (S 452,622,607) (D 0,0,0)
 0 1 55 94039 3442  11 (D 0,0,0) (S 511,658,660) (S 503,659,136) (S 69,136,135) (S 247,418,226) (S 119,226,227) (S 244,410,411) (S 245,413,414) (S 449,627,211) (S 113,211,212) (D 0,0,0)
 0 1 56 95281 6019  9 (D 0,0,0) (S 398,572,591) (S 432,591,115) (S 433,115,619) (S 4,14,15) (S 431,15,619) (S 101,189,190) (S 410,190,142) (D 0,0,0)
 0 1 57 95683 3898  10 (D 0,0,0) (S 363,560,559) (S 71,142,141) (S 389,141,523) (S 387,583,584) (S 536,584,246) (S 535,246,677) (S 538,677,678) (S 537,677,611) (D 0,0,0)
 0 1 58 95038 6344  11 (D 0,0,0) (S 510,661,662) (S 507,662,663) (S 481,647,648) (S 323,88,119) (S 569,696,697) (S 568,697,53) (S 544,64,679) (S 543,679,680) (S 380,523,557) (D 0,0,0)
 0 1 59 94957 3946  11 (D 0,0,0) (S 437,624,623) (S 500,658,657) (S 499,657,414) (S 120,228,38) (S 295,38,486) (S 297,487,489) (S 474,489,634) (S 458,217,221) (S 446,208,215) (D 0,0,0)
 0 1 60 92583 5086  16 (D 0,0,0) (S 114,215,214) (S 448,628,211) (S 484,414,228) (S 67,131,132) (S 303,132,229) (S 121,229,230) (S 122,230,231) (S 320,515,7) (S 2,9,10) (S 489,10,5) (S 279,457,209) (S 453,209,628) (S 450,629,630) (S 455,630,625) (D 0,0,0)
 0 1 61 93341 3397  9 (D 0,0,0) (S 112,208,210) (S 462,632,220) (S 117,220,221) (S 457,221,631) (S 459,631,216) (S 461,216,633) (S 240,401,403) (D 0,0,0)
 0 1 62 92552 3249  9 (D 0,0,0) (S 241,400,404) (S 237,400,399) (S 236,399,205) (S 235,206,398) (S 238,398,401) (S 248,403,419) (S 445,419,208) (D 0,0,0)
 0 1 63 94933 4343  12 (D 0,0,0) (S 475,222,634) (S 464,634,2) (S 466,635,636) (S 467,637,638) (S 473,638,642) (S 471,641,640) (S 470,640,496) (S 306,496,4) (S 1,4,3) (S 465,2,218) (D 0,0,0)
 0 1 64 95490 6835  6 (D 0,0,0) (S 144,264,267) (S 703,267,774) (S 720,774,776) (S 707,109,775) (D 0,0,0)
 0 1 65 95238 5661  12 (D 0,0,0) (S 361,27,558) (S 364,558,524) (S 376,523,572) (S 406,572,595) (S 679,595,763) (S 677,763,360) (S 206,360,359) (S 681,764,359) (S 680,359,763) (S 362,557,559) (D 0,0,0)
 0 1 66 95347 7439  9 (D 0,0,0) (S 687,373,767) (S 686,767,768) (S 688,768,769) (S 691,767,770) (S 676,397,762) (S 675,762,589) (S 57,113,114) (D 0,0,0)
 0 1 67 95680 5709  11 (D 0,0,0) (S 381,23,573) (S 377,573,560) (S 395,591,590) (S 397,113,345) (S 194,345,346) (S 58,114,115) (S 430,619,618) (S 5,16,17) (S 407,596,572) (D 0,0,0)
 0 1 68 95643 8629  10 (D 0,0,0) (S 89,37,172) (S 728,172,783) (S 730,783,421) (S 729,421,307) (S 169,307,306) (S 223,306,308) (S 90,80,172) (S 222,382,383) (D 0,0,0)
 0 1 69 95970 7944  9 (D 0,0,0) (S 426,199,616) (S 219,144,378) (S 702,382,381) (S 221,381,159) (S 79,159,158) (S 76,158,143) (S 211,203,369) (D 0,0,0)
 0 1 70 93186 6796  9 (D 0,0,0) (S 55,111,110) (S 56,110,112) (S 700,112,204) (S 699,204,773) (S 698,773,158) (S 72,143,144) (S 423,612,611) (D 0,0,0)
 0 1 71 92952 7601  11 (D 0,0,0) (S 678,360,762) (S 696,377,773) (S 220,379,380) (S 706,379,109) (S 54,109,107) (S 52,107,106) (S 51,106,104) (S 198,283,348) (S 196,348,347) (D 0,0,0)
 0 1 72 95933 10034  11 (D 0,0,0) (S 761,807,802) (S 746,802,803) (S 754,803,788) (S 217,375,296) (S 166,301,277) (S 164,297,298) (S 165,297,82) (S 41,82,83) (S 170,308,173) (D 0,0,0)
 0 1 73 95941 7788  10 (D 0,0,0) (S 233,363,374) (S 215,373,160) (S 212,154,370) (S 685,766,765) (S 682,765,79) (S 683,79,389) (S 229,395,373) (S 232,92,365) (D 0,0,0)
 0 1 74 95247 7207  6 (D 0,0,0) (S 230,396,363) (S 690,368,770) (S 692,770,395) (S 208,363,364) (D 0,0,0)
 0 1 75 95603 6770  7 (D 0,0,0) (S 218,110,377) (S 697,377,396) (S 207,361,362) (S 234,397,111) (S 226,111,94) (D 0,0,0)
 0 1 76 95904 7839  6 (D 0,0,0) (S 314,92,507) (S 43,90,91) (S 77,145,159) (S 216,159,374) (D 0,0,0)
 0 1 77 94758 6231  8 (D 0,0,0) (S 44,93,94) (S 664,94,755) (S 665,755,353) (S 203,353,352) (S 202,352,351) (S 671,760,178) (D 0,0,0)
 0 1 78 94473 7906  7 (D 0,0,0) (S 151,161,279) (S 726,279,441) (S 725,781,441) (S 262,441,152) (S 214,152,372) (D 0,0,0)
 0 1 79 95111 8191  10 (D 0,0,0) (S 705,381,36) (S 15,36,37) (S 724,37,420) (S 723,781,782) (S 722,781,420) (S 88,36,145) (S 209,365,366) (S 10,25,26) (D 0,0,0)
 0 1 80 94372 8846  6 (D 0,0,0) (S 753,156,801) (S 752,801,787) (S 734,787,272) (S 250,421,308) (D 0,0,0)
 0 1 81 75709 1770  6 (D 0,0,0) (S 416,574,193) (S 415,193,601) (S 104,193,194) (S 105,194,196) (D 0,0,0)
 0 1 82 95870 9477  8 (D 0,0,0) (S 316,37,509) (S 87,170,171) (S 167,171,82) (S 163,297,277) (S 148,277,276) (S 265,443,170) (D 0,0,0)
 0 1 83 95452 9640  7 (D 0,0,0) (S 394,588,164) (S 83,163,166) (S 261,275,440) (S 771,809,274) (S 770,274,442) (D 0,0,0)
 0 1 84 95018 10057  9 (D 0,0,0) (S 733,786,788) (S 760,375,797) (S 3,12,13) (S 260,12,439) (S 738,12,797) (S 735,794,793) (S 736,790,795) (D 0,0,0)
 0 1 85 95418 9915  8 (D 0,0,0) (S 253,424,167) (S 84,167,165) (S 82,165,166) (S 146,275,274) (S 264,276,443) (S 92,170,173) (D 0,0,0)
 0 1 86 95408 9002  6 (D 0,0,0) (S 75,157,149) (S 762,149,807) (S 750,800,786) (S 171,272,307) (D 0,0,0)
 0 1 87 95264 9934  9 (D 0,0,0) (S 249,160,420) (S 252,271,423) (S 758,806,805) (S 756,805,804) (S 259,437,438) (S 737,437,796) (S 743,798,429) (D 0,0,0)
 0 1 88 95941 9891  9 (D 0,0,0) (S 727,783,278) (S 149,273,270) (S 150,277,274) (S 769,424,440) (S 768,440,165) (S 147,166,275) (S 91,169,171) (D 0,0,0)
 0 1 89 95578 8969  7 (D 0,0,0) (S 231,372,367) (S 695,771,772) (S 45,95,96) (S 763,150,808) (S 254,427,65) (D 0,0,0)
 0 1 90 95667 9782  10 (D 0,0,0) (S 266,444,270) (S 759,423,300) (S 767,301,809) (S 766,424,809) (S 263,442,163) (S 81,163,164) (S 85,164,168) (S 86,168,169) (D 0,0,0)
 0 1 91 95120 8291  11 (D 0,0,0) (S 210,367,368) (S 689,368,765) (S 684,766,470) (S 312,469,468) (S 224,387,388) (S 227,393,387) (S 694,392,771) (S 225,384,78) (S 39,78,79) (D 0,0,0)
 0 1 92 95899 9801  10 (D 0,0,0) (S 747,268,801) (S 732,787,786) (S 755,425,796) (S 258,435,436) (S 731,784,785) (S 739,785,431) (S 744,433,795) (S 749,803,800) (D 0,0,0)
 0 1 93 95723 9576  7 (D 0,0,0) (S 748,433,798) (S 257,431,432) (S 256,429,430) (S 742,429,799) (S 255,428,67) (D 0,0,0)
 0 1 94 95854 9076  8 (D 0,0,0) (S 765,808,427) (S 764,427,799) (S 740,799,428) (S 741,428,68) (S 74,66,148) (S 693,155,771) (D 0,0,0)
 0 1 95 95847 7551  8 (D 0,0,0) (S 33,71,72) (S 37,76,70) (S 38,69,77) (S 778,456,287) (S 339,287,506) (S 313,506,347) (D 0,0,0)
 0 1 96 95928 6816  7 (D 0,0,0) (S 342,546,333) (S 636,547,336) (S 187,336,335) (S 42,84,85) (S 643,335,545) (D 0,0,0)
 0 1 97 95330 8194  8 (D 0,0,0) (S 272,450,449) (S 269,449,448) (S 32,70,69) (S 779,69,811) (S 777,810,811) (S 780,69,456) (D 0,0,0)
 0 1 98 95440 8432  10 (D 0,0,0) (S 158,293,291) (S 630,281,743) (S 651,743,739) (S 650,739,713) (S 586,713,286) (S 154,286,174) (S 153,285,284) (S 157,284,281) (D 0,0,0)
 0 1 99 95703 7946  9 (D 0,0,0) (S 715,777,779) (S 716,779,778) (S 713,778,502) (S 330,527,502) (S 310,502,503) (S 309,499,501) (S 189,340,339) (D 0,0,0)
 0 1 100 95900 8390  7 (D 0,0,0) (S 273,75,451) (S 328,293,527) (S 775,293,445) (S 315,454,303) (S 277,456,77) (D 0,0,0)
 0 1 101 95286 7471  7 (D 0,0,0) (S 644,337,531) (S 614,500,729) (S 634,330,332) (S 638,532,338) (S 343,547,333) (D 0,0,0)
 0 1 102 95881 7638  17 (D 0,0,0) (S 293,200,485) (S 359,521,556) (S 180,323,324) (S 181,324,322) (S 282,460,321) (S 179,321,322) (S 588,322,716) (S 599,716,721) (S 595,721,720) (S 594,720,699) (S 570,699,698) (S 574,698,530) (S 64,123,126) (S 281,126,459) (S 354,459,554) (D 0,0,0)
 0 1 103 95562 9152  8 (D 0,0,0) (S 228,394,390) (S 751,157,800) (S 745,800,801) (S 757,805,273) (S 145,269,268) (S 152,278,279) (D 0,0,0)
 0 1 104 95789 7826  7 (D 0,0,0) (S 649,746,748) (S 719,747,778) (S 718,778,292) (S 159,289,295) (S 34,73,72) (D 0,0,0)
 0 1 105 93628 7404  13 (D 0,0,0) (S 344,547,545) (S 47,84,99) (S 46,98,99) (S 637,336,744) (S 642,744,339) (S 639,745,546) (S 191,51,342) (S 239,402,237) (S 496,617,655) (S 495,655,235) (S 497,235,485) (D 0,0,0)
 0 1 106 46970 1004  8 (D 0,0,0) (S 418,605,603) (S 417,603,604) (S 285,464,465) (S 284,463,464) (S 286,466,467) (S 283,461,462) (D 0,0,0)
