714556
107
2400656
2394844
 0 1 1 84178 3117  7 (D 0,0,0) (S 462,632,220) (S 457,221,631) (S 459,631,216) (S 240,401,403) (S 445,419,208) (D 0,0,0)
 0 1 2 94072 2248  7 (D 0,0,0) (S 7,21,22) (S 8,21,23) (S 441,577,609) (S 106,198,197) (S 379,195,575) (D 0,0,0)
 0 1 3 94774 5277  15 (D 0,0,0) (S 381,23,573) (S 410,142,190) (S 388,189,581) (S 94,175,176) (S 412,599,176) (S 413,176,580) (S 411,597,598) (S 414,597,600) (S 382,578,579) (S 383,578,581) (S 99,185,186) (S 408,186,594) (S 403,191,187) (D 0,0,0)
 0 1 4 95547 5994  12 (D 0,0,0) (S 380,557,523) (S 395,591,590) (S 675,589,762) (S 678,762,360) (S 206,360,359) (S 681,764,359) (S 680,359,763) (S 679,763,595) (S 406,595,572) (S 10,25,26) (D 0,0,0)
 0 1 5 95843 6607  11 (D 0,0,0) (S 377,573,560) (S 405,595,94) (S 665,755,353) (S 203,353,352) (S 202,352,351) (S 672,753,356) (S 204,356,355) (S 673,355,761) (S 674,355,751) (D 0,0,0)
 0 1 6 91223 6478  10 (D 0,0,0) (S 560,695,693) (S 558,693,682) (S 549,688,690) (S 548,687,686) (S 546,684,563) (S 367,563,562) (S 369,562,555) (S 288,479,135) (D 0,0,0)
 0 1 7 90445 4354  12 (D 0,0,0) (S 360,557,139) (S 70,139,140) (S 102,140,190) (S 404,594,191) (S 103,191,192) (S 400,593,594) (S 409,594,190) (S 101,190,189) (S 390,189,141) (S 389,141,523) (D 0,0,0)
 0 1 8 91694 3405  11 (D 0,0,0) (S 392,24,586) (S 402,586,187) (S 100,187,188) (S 399,586,592) (S 401,592,585) (S 391,585,24) (S 9,24,21) (S 420,198,608) (S 419,198,607) (D 0,0,0)
 0 1 9 95370 8598  9 (D 0,0,0) (S 239,237,402) (S 27,58,52) (S 21,52,47) (S 374,52,569) (S 590,569,712) (S 595,721,720) (S 594,720,699) (D 0,0,0)
 0 1 10 93677 4752  15 (D 0,0,0) (S 522,615,670) (S 523,670,241) (S 128,241,242) (S 127,239,240) (S 126,238,237) (S 318,248,512) (S 132,248,249) (S 133,248,250) (S 525,408,238) (S 526,238,239) (S 521,239,241) (S 524,670,614) (S 426,199,616) (D 0,0,0)
 0 1 11 95377 5655  8 (D 0,0,0) (S 517,484,236) (S 492,138,653) (S 243,402,407) (S 242,407,247) (S 319,513,514) (S 386,49,582) (D 0,0,0)
 0 1 12 95754 3845  7 (D 0,0,0) (S 538,677,678) (S 536,246,584) (S 130,245,246) (S 535,246,677) (S 537,677,611) (D 0,0,0)
 0 1 13 94300 8181  10 (D 0,0,0) (S 38,77,69) (S 274,302,452) (S 275,452,453) (S 276,455,304) (S 35,75,74) (S 36,74,72) (S 496,617,655) (S 495,655,235) (D 0,0,0)
 0 1 14 94928 3762  7 (D 0,0,0) (S 478,413,646) (S 477,646,647) (S 481,647,648) (S 480,648,649) (S 483,224,516) (D 0,0,0)
 0 1 15 94543 4967  10 (D 0,0,0) (S 469,407,491) (S 301,491,45) (S 20,50,49) (S 384,582,245) (S 385,245,584) (S 387,584,583) (S 364,524,558) (S 361,558,27) (D 0,0,0)
 0 1 16 84901 2349  11 (D 0,0,0) (S 435,212,621) (S 444,621,627) (S 449,627,211) (S 448,211,628) (S 451,628,214) (S 114,214,215) (S 447,215,626) (S 452,622,607) (S 421,607,606) (D 0,0,0)
 0 1 17 75709 1770  6 (D 0,0,0) (S 105,196,194) (S 104,194,193) (S 415,193,601) (S 416,193,574) (D 0,0,0)
 0 1 18 46970 1004  8 (D 0,0,0) (S 286,466,467) (S 284,463,464) (S 285,464,465) (S 283,461,462) (S 418,605,603) (S 417,603,604) (D 0,0,0)
 0 1 19 95987 5050  14 (D 0,0,0) (S 528,667,672) (S 530,674,673) (S 529,673,672) (S 527,672,671) (S 534,671,675) (S 533,676,675) (S 532,675,673) (S 531,673,669) (S 516,668,669) (S 518,669,667) (S 427,617,199) (S 107,199,200) (D 0,0,0)
 0 1 20 90178 4513  16 (D 0,0,0) (S 293,200,485) (S 68,134,138) (S 493,138,654) (S 514,612,666) (S 520,666,243) (S 515,667,243) (S 129,243,244) (S 429,612,615) (S 424,614,409) (S 494,412,653) (S 509,653,483) (S 289,483,134) (S 290,134,484) (S 294,484,485) (D 0,0,0)
 0 1 21 95680 8578  13 (D 0,0,0) (S 178,321,319) (S 177,319,320) (S 371,319,568) (S 578,570,706) (S 576,706,705) (S 581,709,710) (S 580,709,705) (S 577,705,700) (S 572,702,703) (S 573,704,699) (S 600,698,723) (D 0,0,0)
 0 1 22 95799 7869  9 (D 0,0,0) (S 641,60,745) (S 332,533,340) (S 184,329,330) (S 633,330,729) (S 631,732,504) (S 311,504,503) (S 309,499,501) (D 0,0,0)
 0 1 23 92153 5898  10 (D 0,0,0) (S 325,476,256) (S 136,256,255) (S 137,257,258) (S 542,258,120) (S 60,120,121) (S 556,550,556) (S 359,556,521) (S 287,477,476) (D 0,0,0)
 0 1 24 94985 8808  12 (D 0,0,0) (S 354,554,459) (S 352,459,505) (S 601,719,324) (S 181,324,322) (S 623,736,733) (S 619,734,735) (S 622,737,738) (S 618,735,728) (S 613,728,511) (S 616,728,707) (D 0,0,0)
 0 1 25 95663 8918  8 (D 0,0,0) (S 423,611,612) (S 625,731,739) (S 650,739,713) (S 586,713,286) (S 154,286,174) (S 585,713,707) (D 0,0,0)
 0 1 26 95766 7942  8 (D 0,0,0) (S 614,500,729) (S 617,732,730) (S 626,740,741) (S 615,731,730) (S 635,332,59) (S 30,59,61) (D 0,0,0)
 0 1 27 95738 7940  7 (D 0,0,0) (S 24,59,48) (S 19,48,44) (S 583,57,708) (S 579,708,707) (S 627,742,48) (D 0,0,0)
 0 1 28 95229 8295  11 (D 0,0,0) (S 18,43,44) (S 28,44,57) (S 584,57,712) (S 179,322,321) (S 282,460,321) (S 588,322,716) (S 599,716,721) (S 593,721,704) (S 592,720,719) (D 0,0,0)
 0 1 29 95989 7651  10 (D 0,0,0) (S 63,125,123) (S 331,124,530) (S 333,530,535) (S 597,535,719) (S 602,719,698) (S 574,698,530) (S 25,61,60) (S 31,60,55) (D 0,0,0)
 0 1 30 92955 7058  14 (D 0,0,0) (S 176,317,318) (S 334,534,537) (S 327,525,526) (S 555,534,260) (S 557,260,691) (S 550,691,565) (S 370,564,565) (S 564,562,314) (S 563,314,312) (S 173,312,311) (S 356,311,263) (S 141,263,262) (D 0,0,0)
 0 1 31 94128 8006  15 (D 0,0,0) (S 366,263,561) (S 547,685,35) (S 14,33,34) (S 551,685,692) (S 545,683,259) (S 138,259,32) (S 13,32,31) (S 12,31,30) (S 140,261,30) (S 139,30,260) (S 566,127,318) (S 567,318,564) (S 368,564,553) (D 0,0,0)
 0 1 32 95984 8813  18 (D 0,0,0) (S 570,698,699) (S 575,702,700) (S 571,700,701) (S 582,705,711) (S 598,717,722) (S 596,722,568) (S 375,568,570) (S 612,722,706) (S 611,706,715) (S 587,715,714) (S 605,714,725) (S 606,725,726) (S 61,122,123) (S 64,123,126) (S 281,126,459) (S 350,551,552) (D 0,0,0)
 0 1 33 92789 7419  7 (D 0,0,0) (S 638,338,532) (S 185,331,332) (S 634,332,330) (S 644,531,337) (S 188,337,338) (D 0,0,0)
 0 1 34 95189 6390  10 (D 0,0,0) (S 342,546,333) (S 186,333,334) (S 337,55,539) (S 338,540,539) (S 348,539,549) (S 347,548,257) (S 346,257,255) (S 349,255,478) (D 0,0,0)
 0 1 35 94856 5901  8 (D 0,0,0) (S 323,88,119) (S 569,696,697) (S 568,697,53) (S 26,53,62) (S 543,679,680) (S 193,46,344) (D 0,0,0)
 0 1 36 95768 8538  8 (D 0,0,0) (S 310,503,502) (S 158,293,291) (S 268,280,447) (S 628,743,730) (S 629,730,742) (S 335,61,538) (D 0,0,0)
 0 1 37 95228 7946  9 (D 0,0,0) (S 340,542,543) (S 341,541,544) (S 778,287,456) (S 779,69,811) (S 777,810,811) (S 277,456,77) (S 196,348,347) (D 0,0,0)
 0 1 38 94166 6778  7 (D 0,0,0) (S 336,323,538) (S 591,538,718) (S 603,718,324) (S 180,324,323) (S 365,323,556) (D 0,0,0)
 0 1 39 92581 9699  6 (D 0,0,0) (S 769,424,440) (S 768,165,440) (S 261,440,275) (S 146,275,274) (D 0,0,0)
 0 1 40 95232 9260  10 (D 0,0,0) (S 770,442,274) (S 150,274,277) (S 163,277,297) (S 164,297,298) (S 165,297,82) (S 41,82,83) (S 167,82,171) (S 774,171,455) (D 0,0,0)
 0 1 41 95708 10109  9 (D 0,0,0) (S 394,164,588) (S 263,442,163) (S 83,163,166) (S 82,166,165) (S 84,165,167) (S 253,167,424) (S 766,424,809) (D 0,0,0)
 0 1 42 95987 10392  9 (D 0,0,0) (S 166,277,301) (S 217,296,375) (S 738,797,12) (S 3,12,13) (S 260,12,439) (S 760,797,375) (S 170,308,173) (D 0,0,0)
 0 1 43 95570 9062  7 (D 0,0,0) (S 223,308,306) (S 772,444,443) (S 148,276,277) (S 264,276,443) (S 265,443,170) (D 0,0,0)
 0 1 44 95617 9999  9 (D 0,0,0) (S 171,307,272) (S 252,271,423) (S 259,437,438) (S 737,437,796) (S 258,435,436) (S 755,796,425) (S 745,800,801) (D 0,0,0)
 0 1 45 92819 7983  6 (D 0,0,0) (S 212,370,154) (S 151,161,279) (S 726,279,441) (S 262,441,152) (D 0,0,0)
 0 1 46 93777 9423  10 (D 0,0,0) (S 722,420,781) (S 723,781,782) (S 736,795,790) (S 735,793,794) (S 756,804,805) (S 757,805,273) (S 149,273,270) (S 266,270,444) (D 0,0,0)
 0 1 47 95273 9274  7 (D 0,0,0) (S 762,149,807) (S 761,807,802) (S 748,433,798) (S 256,429,430) (S 764,799,427) (D 0,0,0)
 0 1 48 94211 7851  12 (D 0,0,0) (S 345,506,544) (S 646,341,100) (S 645,102,746) (S 649,746,748) (S 329,528,529) (S 648,528,747) (S 719,747,778) (S 716,778,779) (S 715,779,777) (S 49,101,103) (D 0,0,0)
 0 1 49 92677 9156  10 (D 0,0,0) (S 152,279,278) (S 752,801,787) (S 733,786,788) (S 754,788,803) (S 749,803,800) (S 746,803,802) (S 763,808,150) (S 228,390,394) (D 0,0,0)
 0 1 50 93889 8745  7 (D 0,0,0) (S 363,560,559) (S 75,157,149) (S 45,95,96) (S 254,65,427) (S 765,427,808) (D 0,0,0)
 0 1 51 95720 8797  6 (D 0,0,0) (S 753,156,801) (S 747,801,268) (S 727,278,783) (S 250,421,308) (D 0,0,0)
 0 1 52 94588 8859  8 (D 0,0,0) (S 145,268,269) (S 734,272,787) (S 732,787,786) (S 750,786,800) (S 751,800,157) (S 39,78,79) (D 0,0,0)
 0 1 53 95974 9349  8 (D 0,0,0) (S 249,160,420) (S 725,781,441) (S 744,795,433) (S 742,429,799) (S 740,799,428) (S 741,428,68) (D 0,0,0)
 0 1 54 95444 9752  10 (D 0,0,0) (S 758,805,806) (S 759,423,300) (S 767,301,809) (S 771,809,274) (S 147,275,166) (S 81,163,164) (S 85,164,168) (S 86,168,169) (D 0,0,0)
 0 1 55 94334 6482  5 (D 0,0,0) (S 205,357,358) (S 660,349,147) (S 142,264,265) (D 0,0,0)
 0 1 56 95130 6895  9 (D 0,0,0) (S 144,264,267) (S 721,774,780) (S 707,109,775) (S 703,774,267) (S 667,147,757) (S 666,757,354) (S 663,756,755) (D 0,0,0)
 0 1 57 92584 6784  8 (D 0,0,0) (S 160,267,118) (S 162,118,108) (S 50,104,105) (S 53,104,108) (S 198,283,348) (S 96,182,183) (D 0,0,0)
 0 1 58 93292 9411  12 (D 0,0,0) (S 32,69,70) (S 393,169,587) (S 91,169,171) (S 87,171,170) (S 92,170,173) (S 93,173,80) (S 40,80,81) (S 90,80,172) (S 89,172,37) (S 316,37,509) (D 0,0,0)
 0 1 59 94217 6705  6 (D 0,0,0) (S 720,774,776) (S 709,776,775) (S 708,775,146) (S 73,146,147) (D 0,0,0)
 0 1 60 91122 6655  8 (D 0,0,0) (S 343,333,547) (S 643,545,335) (S 187,335,336) (S 637,336,744) (S 642,744,339) (S 639,745,546) (D 0,0,0)
 0 1 61 95734 6819  16 (D 0,0,0) (S 353,522,551) (S 358,551,317) (S 355,317,554) (S 554,554,127) (S 553,127,691) (S 552,691,536) (S 182,325,326) (S 610,723,725) (S 608,723,326) (S 609,326,727) (S 607,727,724) (S 604,724,124) (S 62,124,123) (S 65,126,127) (D 0,0,0)
 0 1 62 94479 7866  7 (D 0,0,0) (S 328,293,527) (S 330,527,502) (S 713,502,778) (S 718,778,292) (S 159,289,295) (D 0,0,0)
 0 1 63 95586 7745  7 (D 0,0,0) (S 272,450,449) (S 271,449,451) (S 273,451,75) (S 278,288,77) (S 339,287,506) (D 0,0,0)
 0 1 64 95667 8582  11 (D 0,0,0) (S 344,547,545) (S 647,97,529) (S 632,504,291) (S 157,281,284) (S 153,284,285) (S 624,285,739) (S 651,739,743) (S 630,743,281) (S 156,280,291) (D 0,0,0)
 0 1 65 95614 8389  8 (D 0,0,0) (S 775,293,445) (S 267,445,446) (S 776,445,508) (S 315,454,303) (S 519,612,654) (S 125,236,234) (D 0,0,0)
 0 1 66 95681 8074  9 (D 0,0,0) (S 497,485,235) (S 124,235,234) (S 513,236,654) (S 23,57,58) (S 620,736,737) (S 621,736,58) (S 589,712,718) (D 0,0,0)
 0 1 67 95758 5394  8 (D 0,0,0) (S 131,247,50) (S 143,266,184) (S 201,350,184) (S 98,184,183) (S 661,752,357) (S 658,514,49) (D 0,0,0)
 0 1 68 94301 5724  9 (D 0,0,0) (S 657,514,357) (S 656,752,183) (S 97,179,177) (S 95,177,181) (S 200,181,349) (S 659,753,751) (S 655,751,752) (D 0,0,0)
 0 1 69 95953 6254  8 (D 0,0,0) (S 671,178,760) (S 668,351,758) (S 669,758,759) (S 670,758,754) (S 662,754,353) (S 664,755,94) (D 0,0,0)
 0 1 70 95702 7779  10 (D 0,0,0) (S 51,104,106) (S 52,106,107) (S 54,107,109) (S 220,379,380) (S 706,379,109) (S 710,776,106) (S 195,347,180) (S 197,180,182) (D 0,0,0)
 0 1 71 94025 7976  9 (D 0,0,0) (S 636,547,336) (S 42,85,84) (S 46,98,99) (S 47,99,84) (S 712,97,746) (S 717,779,289) (S 190,294,341) (D 0,0,0)
 0 1 72 94835 7510  8 (D 0,0,0) (S 313,347,506) (S 48,102,101) (S 714,101,777) (S 711,777,295) (S 33,71,72) (S 34,73,72) (D 0,0,0)
 0 1 73 95439 7892  10 (D 0,0,0) (S 199,264,116) (S 59,117,118) (S 155,108,283) (S 161,282,287) (S 780,456,69) (S 37,70,76) (S 270,76,448) (S 269,448,449) (D 0,0,0)
 0 1 74 91985 9762  9 (D 0,0,0) (S 17,41,42) (S 280,458,42) (S 22,42,56) (S 317,47,510) (S 372,510,566) (S 183,327,328) (S 373,327,52) (D 0,0,0)
 0 1 75 91705 7081  6 (D 0,0,0) (S 189,339,340) (S 640,533,745) (S 544,64,679) (S 191,51,342) (D 0,0,0)
 0 1 76 92302 6092  7 (D 0,0,0) (S 192,54,343) (S 653,547,343) (S 654,343,750) (S 652,750,749) (S 29,63,62) (D 0,0,0)
 0 1 77 94794 9808  9 (D 0,0,0) (S 231,372,367) (S 257,431,432) (S 731,784,785) (S 739,785,431) (S 743,798,429) (S 255,428,67) (S 74,66,148) (D 0,0,0)
 0 1 78 95906 7269  9 (D 0,0,0) (S 71,142,141) (S 701,756,112) (S 699,204,773) (S 698,773,158) (S 79,158,159) (S 77,145,159) (S 216,159,374) (D 0,0,0)
 0 1 79 93543 7284  9 (D 0,0,0) (S 209,366,365) (S 687,373,767) (S 691,767,770) (S 690,770,368) (S 689,368,765) (S 682,765,79) (S 683,79,389) (D 0,0,0)
 0 1 80 92175 5939  8 (D 0,0,0) (S 407,572,596) (S 5,16,17) (S 430,618,619) (S 4,14,15) (S 431,15,619) (S 433,619,115) (D 0,0,0)
 0 1 81 93565 5466  9 (D 0,0,0) (S 362,559,557) (S 398,572,591) (S 194,345,346) (S 397,345,113) (S 57,113,114) (S 58,114,115) (S 432,115,591) (D 0,0,0)
 0 1 82 95494 7741  6 (D 0,0,0) (S 376,523,572) (S 213,371,151) (S 251,153,422) (S 78,152,160) (D 0,0,0)
 0 1 83 94106 7804  9 (D 0,0,0) (S 43,90,91) (S 88,145,36) (S 15,36,37) (S 724,37,420) (S 705,36,381) (S 222,382,383) (S 704,382,378) (D 0,0,0)
 0 1 84 95323 7276  8 (D 0,0,0) (S 72,144,143) (S 76,143,158) (S 221,159,381) (S 702,381,382) (S 219,378,144) (S 110,203,204) (D 0,0,0)
 0 1 85 95736 7040  9 (D 0,0,0) (S 428,617,613) (S 80,146,162) (S 109,162,203) (S 211,203,369) (S 700,204,112) (S 56,112,110) (S 44,93,94) (D 0,0,0)
 0 1 86 94692 6324  6 (D 0,0,0) (S 226,94,111) (S 55,111,110) (S 218,110,377) (S 677,360,763) (D 0,0,0)
 0 1 87 84816 3649  12 (D 0,0,0) (S 508,479,663) (S 507,663,662) (S 505,663,406) (S 482,405,647) (S 119,227,226) (S 247,226,418) (S 69,135,136) (S 503,136,659) (S 501,659,660) (S 511,660,658) (D 0,0,0)
 0 1 88 95441 8076  7 (D 0,0,0) (S 215,373,160) (S 214,152,372) (S 314,92,507) (S 233,374,363) (S 396,364,589) (D 0,0,0)
 0 1 89 93706 7519  10 (D 0,0,0) (S 232,365,92) (S 692,395,770) (S 688,768,769) (S 686,768,767) (S 210,368,367) (S 229,395,373) (S 230,363,396) (S 234,397,111) (D 0,0,0)
 0 1 90 95898 8616  8 (D 0,0,0) (S 168,303,302) (S 773,306,444) (S 169,306,307) (S 729,307,421) (S 730,421,783) (S 728,783,172) (D 0,0,0)
 0 1 91 95828 8572  11 (D 0,0,0) (S 225,78,384) (S 694,392,771) (S 693,771,155) (S 695,771,772) (S 227,393,387) (S 224,387,388) (S 312,468,469) (S 684,470,766) (S 685,766,765) (D 0,0,0)
 0 1 92 95816 3381  9 (D 0,0,0) (S 248,419,403) (S 238,401,398) (S 235,398,206) (S 236,205,399) (S 237,399,400) (S 241,400,404) (S 460,631,632) (D 0,0,0)
 0 1 93 94030 7015  7 (D 0,0,0) (S 208,364,363) (S 696,377,773) (S 697,377,396) (S 207,361,362) (S 676,397,762) (D 0,0,0)
 0 1 94 91437 3766  8 (D 0,0,0) (S 476,416,222) (S 475,222,634) (S 464,634,2) (S 465,2,218) (S 115,217,216) (S 461,216,633) (D 0,0,0)
 0 1 95 86128 4522  8 (D 0,0,0) (S 292,28,200) (S 6,18,19) (S 135,253,254) (S 298,86,490) (S 539,490,643) (S 425,614,615) (D 0,0,0)
 0 1 96 94740 4043  10 (D 0,0,0) (S 378,576,575) (S 117,220,221) (S 458,221,217) (S 1,3,4) (S 297,489,487) (S 295,486,38) (S 16,39,40) (S 474,489,634) (D 0,0,0)
 0 1 97 93463 5178  17 (D 0,0,0) (S 468,4,635) (S 466,635,636) (S 467,637,638) (S 472,638,639) (S 473,638,642) (S 471,641,640) (S 470,640,496) (S 306,496,4) (S 305,4,495) (S 308,495,498) (S 463,498,315) (S 175,315,316) (S 116,218,217) (S 112,208,210) (S 446,208,215) (D 0,0,0)
 0 1 98 83348 1800  5 (D 0,0,0) (S 436,622,213) (S 434,213,620) (S 442,620,609) (D 0,0,0)
 0 1 99 93383 4273  12 (D 0,0,0) (S 484,414,228) (S 120,228,38) (S 307,38,488) (S 296,488,132) (S 122,230,231) (S 121,230,229) (S 303,229,132) (S 67,132,131) (S 486,133,228) (S 439,625,626) (D 0,0,0)
 0 1 100 95753 3490  12 (D 0,0,0) (S 111,208,207) (S 279,209,457) (S 245,414,413) (S 244,411,410) (S 510,662,661) (S 504,661,137) (S 502,137,659) (S 512,660,482) (S 498,480,656) (S 108,202,201) (D 0,0,0)
 0 1 101 95346 4640  7 (D 0,0,0) (S 321,516,497) (S 541,517,652) (S 490,650,651) (S 491,652,492) (S 302,492,232) (D 0,0,0)
 0 1 102 94939 3051  13 (D 0,0,0) (S 113,212,211) (S 443,627,457) (S 440,457,417) (S 118,222,223) (S 246,223,415) (S 456,415,209) (S 453,209,628) (S 454,214,630) (S 450,629,630) (S 455,630,625) (S 438,625,212) (D 0,0,0)
 0 1 103 92995 5966  13 (D 0,0,0) (S 291,482,135) (S 559,518,262) (S 562,262,561) (S 561,561,695) (S 565,695,312) (S 174,314,313) (S 357,313,311) (S 351,313,520) (S 326,520,519) (S 324,519,309) (S 172,309,310) (D 0,0,0)
 0 1 104 93233 4997  8 (D 0,0,0) (S 299,490,130) (S 134,252,129) (S 300,251,130) (S 66,130,128) (S 540,128,253) (S 322,87,474) (D 0,0,0)
 0 1 105 37189 1162  3 (D 0,0,0) (S 422,606,610) (D 0,0,0)
 0 1 106 87971 4590  7 (D 0,0,0) (S 488,40,5) (S 489,5,10) (S 2,10,9) (S 11,6,29) (S 320,515,7) (D 0,0,0)
 0 1 107 91434 4044  11 (D 0,0,0) (S 437,624,623) (S 500,658,657) (S 506,657,664) (S 479,646,232) (S 123,232,233) (S 304,232,493) (S 487,494,645) (S 485,645,131) (S 499,414,657) (D 0,0,0)
