710975
105
2400718
2285344
 0 1 1 95330 4253  13 (D 0,0,0) (S 379,575,195) (S 108,201,202) (S 498,656,480) (S 124,235,234) (S 125,234,236) (S 513,236,654) (S 518,667,669) (S 516,668,669) (S 531,669,673) (S 512,482,660) (S 441,609,577) (D 0,0,0)
 0 1 2 75709 1770  6 (D 0,0,0) (S 416,574,193) (S 415,193,601) (S 104,193,194) (S 105,194,196) (D 0,0,0)
 0 1 3 95581 2127  7 (D 0,0,0) (S 106,197,198) (S 420,198,608) (S 442,609,620) (S 434,620,213) (S 452,622,607) (D 0,0,0)
 0 1 4 95062 2830  9 (D 0,0,0) (S 421,606,607) (S 440,457,417) (S 245,414,413) (S 506,664,657) (S 500,657,658) (S 437,623,624) (S 419,198,607) (D 0,0,0)
 0 1 5 88239 2166  10 (D 0,0,0) (S 422,606,610) (S 378,575,576) (S 283,461,462) (S 286,466,467) (S 284,463,464) (S 285,464,465) (S 417,603,604) (S 418,605,603) (D 0,0,0)
 0 1 6 94055 3356  8 (D 0,0,0) (S 436,622,213) (S 113,212,211) (S 448,211,628) (S 453,628,209) (S 111,207,208) (S 241,400,404) (D 0,0,0)
 0 1 7 95764 5082  16 (D 0,0,0) (S 458,221,217) (S 1,3,4) (S 306,4,496) (S 470,496,640) (S 471,640,641) (S 473,642,638) (S 472,638,639) (S 467,638,637) (S 466,636,635) (S 468,635,4) (S 305,4,495) (S 308,495,498) (S 463,498,315) (S 175,315,316) (D 0,0,0)
 0 1 8 95575 2945  9 (D 0,0,0) (S 446,215,208) (S 240,403,401) (S 237,400,399) (S 236,399,205) (S 235,206,398) (S 238,398,401) (S 248,403,419) (D 0,0,0)
 0 1 9 93603 3473  10 (D 0,0,0) (S 112,208,210) (S 445,208,419) (S 460,632,631) (S 459,631,216) (S 461,216,633) (S 115,216,217) (S 117,221,220) (S 462,220,632) (D 0,0,0)
 0 1 10 90869 3716  9 (D 0,0,0) (S 443,627,457) (S 475,222,634) (S 474,634,489) (S 464,634,2) (S 465,2,218) (S 116,218,217) (S 457,221,631) (D 0,0,0)
 0 1 11 95722 3937  13 (D 0,0,0) (S 499,657,414) (S 477,646,647) (S 481,647,648) (S 480,648,649) (S 483,224,516) (S 508,479,663) (S 507,663,662) (S 510,662,661) (S 504,661,137) (S 502,137,659) (S 501,659,660) (D 0,0,0)
 0 1 12 95968 6227  14 (D 0,0,0) (S 511,658,660) (S 503,659,136) (S 69,136,135) (S 505,663,406) (S 491,492,652) (S 172,309,310) (S 325,476,256) (S 136,256,255) (S 346,255,257) (S 347,257,548) (S 556,550,556) (S 287,477,476) (D 0,0,0)
 0 1 13 95001 7034  12 (D 0,0,0) (S 326,519,520) (S 357,313,311) (S 565,312,695) (S 560,695,693) (S 551,685,692) (S 547,685,35) (S 14,33,34) (S 545,683,259) (S 138,259,32) (S 561,695,561) (D 0,0,0)
 0 1 14 93399 6189  8 (D 0,0,0) (S 559,518,262) (S 366,263,561) (S 558,693,682) (S 549,688,690) (S 548,687,686) (S 562,561,262) (D 0,0,0)
 0 1 15 95970 7645  22 (D 0,0,0) (S 324,309,519) (S 351,520,313) (S 174,313,314) (S 367,562,563) (S 546,563,684) (S 13,32,31) (S 12,31,30) (S 140,261,30) (S 139,30,260) (S 550,691,565) (S 370,565,564) (S 368,564,553) (S 369,555,562) (S 564,562,314) (S 563,314,312) (S 173,312,311) (S 356,311,263) (S 141,263,262) (S 288,479,135) (S 291,135,482) (D 0,0,0)
 0 1 16 94214 6778  9 (D 0,0,0) (S 68,134,138) (S 492,138,653) (S 721,774,780) (S 703,774,267) (S 160,267,118) (S 199,116,264) (S 142,264,265) (D 0,0,0)
 0 1 17 94095 7068  8 (D 0,0,0) (S 144,264,267) (S 707,775,109) (S 54,109,107) (S 52,107,106) (S 198,283,348) (S 196,348,347) (D 0,0,0)
 0 1 18 95807 6922  7 (D 0,0,0) (S 778,287,456) (S 277,456,77) (S 278,77,288) (S 161,287,282) (S 195,347,180) (D 0,0,0)
 0 1 19 94123 5668  8 (D 0,0,0) (S 98,183,184) (S 201,350,184) (S 143,184,266) (S 193,46,344) (S 131,50,247) (S 526,238,239) (D 0,0,0)
 0 1 20 95878 4927  6 (D 0,0,0) (S 522,615,670) (S 126,238,237) (S 301,45,491) (S 469,491,407) (D 0,0,0)
 0 1 21 95636 7155  8 (D 0,0,0) (S 243,402,407) (S 646,341,100) (S 46,98,99) (S 47,99,84) (S 42,84,85) (S 652,750,749) (D 0,0,0)
 0 1 22 92178 6196  6 (D 0,0,0) (S 654,750,343) (S 653,343,547) (S 186,333,334) (S 342,333,546) (D 0,0,0)
 0 1 23 93914 8643  9 (D 0,0,0) (S 31,55,60) (S 616,707,728) (S 613,728,511) (S 618,728,735) (S 619,735,734) (S 622,738,737) (S 620,737,736) (D 0,0,0)
 0 1 24 95555 8413  7 (D 0,0,0) (S 590,712,569) (S 183,327,328) (S 623,733,736) (S 621,736,58) (S 509,653,483) (D 0,0,0)
 0 1 25 90939 3899  8 (D 0,0,0) (S 289,134,483) (S 6,18,19) (S 321,516,497) (S 302,492,232) (S 304,232,493) (S 487,494,645) (D 0,0,0)
 0 1 26 91338 4692  11 (D 0,0,0) (S 296,132,488) (S 307,488,38) (S 489,5,10) (S 2,10,9) (S 11,6,29) (S 320,515,7) (S 122,231,230) (S 121,230,229) (S 485,645,131) (D 0,0,0)
 0 1 27 93761 3964  8 (D 0,0,0) (S 484,414,228) (S 120,228,38) (S 16,39,40) (S 488,40,5) (S 295,38,486) (S 297,487,489) (D 0,0,0)
 0 1 28 94449 3435  7 (D 0,0,0) (S 449,211,627) (S 244,411,410) (S 482,405,647) (S 119,227,226) (S 247,226,418) (D 0,0,0)
 0 1 29 94535 6023  7 (D 0,0,0) (S 493,654,138) (S 494,653,412) (S 658,49,514) (S 319,513,514) (S 205,357,358) (D 0,0,0)
 0 1 30 93715 5577  9 (D 0,0,0) (S 661,357,752) (S 656,752,183) (S 96,183,182) (S 97,179,177) (S 659,753,751) (S 655,751,752) (S 657,357,514) (D 0,0,0)
 0 1 31 94653 6627  10 (D 0,0,0) (S 671,178,760) (S 670,758,754) (S 667,757,147) (S 660,147,349) (S 672,753,356) (S 204,356,355) (S 673,355,761) (S 674,355,751) (D 0,0,0)
 0 1 32 93201 6826  8 (D 0,0,0) (S 200,349,181) (S 720,774,776) (S 709,776,775) (S 708,775,146) (S 666,757,354) (S 663,756,755) (D 0,0,0)
 0 1 33 95204 6519  8 (D 0,0,0) (S 226,94,111) (S 56,110,112) (S 701,112,756) (S 662,353,754) (S 669,758,759) (S 668,758,351) (D 0,0,0)
 0 1 34 94349 6634  8 (D 0,0,0) (S 218,110,377) (S 696,377,773) (S 699,773,204) (S 700,204,112) (S 55,110,111) (S 44,93,94) (D 0,0,0)
 0 1 35 94501 6182  9 (D 0,0,0) (S 406,572,595) (S 405,94,595) (S 680,763,359) (S 681,764,359) (S 206,359,360) (S 677,360,763) (S 679,763,595) (D 0,0,0)
 0 1 36 95718 7376  10 (D 0,0,0) (S 678,360,762) (S 79,158,159) (S 221,159,381) (S 702,381,382) (S 704,382,378) (S 220,379,380) (S 219,378,144) (S 242,247,407) (D 0,0,0)
 0 1 37 94929 6992  10 (D 0,0,0) (S 239,237,402) (S 59,117,118) (S 162,118,108) (S 53,108,104) (S 50,104,105) (S 51,104,106) (S 710,106,776) (S 95,181,177) (D 0,0,0)
 0 1 38 93601 8319  10 (D 0,0,0) (S 706,109,379) (S 724,37,420) (S 722,420,781) (S 723,781,782) (S 725,781,441) (S 152,279,278) (S 262,441,152) (S 78,152,160) (D 0,0,0)
 0 1 39 95830 7732  5 (D 0,0,0) (S 214,372,152) (S 251,153,422) (S 212,154,370) (D 0,0,0)
 0 1 40 95496 9185  10 (D 0,0,0) (S 753,156,801) (S 745,801,800) (S 746,803,802) (S 736,795,790) (S 735,793,794) (S 733,788,786) (S 732,786,787) (S 752,787,801) (D 0,0,0)
 0 1 41 93939 8603  7 (D 0,0,0) (S 145,268,269) (S 729,307,421) (S 730,421,783) (S 728,783,172) (S 89,172,37) (D 0,0,0)
 0 1 42 95122 9146  9 (D 0,0,0) (S 705,381,36) (S 40,80,81) (S 169,306,307) (S 171,307,272) (S 734,272,787) (S 750,786,800) (S 751,800,157) (D 0,0,0)
 0 1 43 95392 10234  11 (D 0,0,0) (S 754,803,788) (S 755,425,796) (S 259,437,438) (S 737,437,796) (S 258,435,436) (S 731,784,785) (S 739,785,431) (S 74,66,148) (S 228,390,394) (D 0,0,0)
 0 1 44 95873 7919  6 (D 0,0,0) (S 213,371,151) (S 693,155,771) (S 695,771,772) (S 694,771,392) (D 0,0,0)
 0 1 45 95868 10403  10 (D 0,0,0) (S 231,372,367) (S 3,12,13) (S 260,12,439) (S 738,12,797) (S 760,797,375) (S 217,375,296) (S 759,300,423) (S 149,270,273) (D 0,0,0)
 0 1 46 95667 9350  9 (D 0,0,0) (S 148,276,277) (S 150,277,274) (S 163,277,297) (S 164,297,298) (S 165,297,82) (S 41,82,83) (S 167,82,171) (D 0,0,0)
 0 1 47 95125 10060  10 (D 0,0,0) (S 394,588,164) (S 83,163,166) (S 147,275,166) (S 82,166,165) (S 84,165,167) (S 253,167,424) (S 766,424,809) (S 264,276,443) (D 0,0,0)
 0 1 48 95869 8572  8 (D 0,0,0) (S 151,161,279) (S 727,278,783) (S 250,421,308) (S 170,308,173) (S 32,70,69) (S 155,283,108) (D 0,0,0)
 0 1 49 92843 8957  8 (D 0,0,0) (S 38,77,69) (S 265,170,443) (S 772,443,444) (S 266,270,444) (S 773,444,306) (S 223,306,308) (D 0,0,0)
 0 1 50 95550 9679  8 (D 0,0,0) (S 168,303,302) (S 85,168,164) (S 768,165,440) (S 769,440,424) (S 767,809,301) (S 166,301,277) (D 0,0,0)
 0 1 51 95378 9576  9 (D 0,0,0) (S 744,795,433) (S 748,433,798) (S 257,431,432) (S 743,798,429) (S 256,429,430) (S 742,429,799) (S 740,799,428) (D 0,0,0)
 0 1 52 95502 9261  6 (D 0,0,0) (S 255,67,428) (S 741,68,428) (S 764,799,427) (S 254,427,65) (D 0,0,0)
 0 1 53 94139 8736  6 (D 0,0,0) (S 765,427,808) (S 763,808,150) (S 45,95,96) (S 75,149,157) (D 0,0,0)
 0 1 54 95761 8192  15 (D 0,0,0) (S 689,368,765) (S 682,765,79) (S 685,765,766) (S 684,766,470) (S 312,469,468) (S 224,387,388) (S 227,393,387) (S 225,384,78) (S 39,78,79) (S 683,79,389) (S 229,395,373) (S 230,363,396) (S 234,397,111) (D 0,0,0)
 0 1 55 95502 7037  6 (D 0,0,0) (S 208,364,363) (S 216,374,159) (S 43,91,90) (S 380,523,557) (D 0,0,0)
 0 1 56 95827 6938  8 (D 0,0,0) (S 376,523,572) (S 110,204,203) (S 211,203,369) (S 109,203,162) (S 80,162,146) (S 73,146,147) (D 0,0,0)
 0 1 57 94228 7971  8 (D 0,0,0) (S 77,159,145) (S 88,145,36) (S 15,36,37) (S 316,37,509) (S 249,420,160) (S 215,160,373) (D 0,0,0)
 0 1 58 94965 7996  6 (D 0,0,0) (S 314,92,507) (S 692,395,770) (S 690,770,368) (S 210,368,367) (D 0,0,0)
 0 1 59 93163 7241  9 (D 0,0,0) (S 209,366,365) (S 232,365,92) (S 687,373,767) (S 686,767,768) (S 688,768,769) (S 691,767,770) (S 233,374,363) (D 0,0,0)
 0 1 60 93735 9226  8 (D 0,0,0) (S 396,589,364) (S 726,441,279) (S 757,273,805) (S 756,804,805) (S 758,805,806) (S 252,423,271) (D 0,0,0)
 0 1 61 95633 8437  7 (D 0,0,0) (S 37,76,70) (S 315,303,454) (S 776,508,445) (S 267,445,446) (S 775,445,293) (D 0,0,0)
 0 1 62 95291 7571  6 (D 0,0,0) (S 159,295,289) (S 271,449,451) (S 273,451,75) (S 35,75,74) (D 0,0,0)
 0 1 63 94327 7948  7 (D 0,0,0) (S 36,72,74) (S 270,76,448) (S 269,448,449) (S 272,449,450) (S 190,294,341) (D 0,0,0)
 0 1 64 95529 7993  9 (D 0,0,0) (S 48,102,101) (S 717,779,289) (S 718,292,778) (S 719,778,747) (S 648,747,528) (S 329,528,529) (S 647,529,97) (D 0,0,0)
 0 1 65 93051 7752  9 (D 0,0,0) (S 712,97,746) (S 649,746,748) (S 311,503,504) (S 631,504,732) (S 185,332,331) (S 335,61,538) (S 336,538,323) (D 0,0,0)
 0 1 66 95959 7242  10 (D 0,0,0) (S 591,538,718) (S 603,718,324) (S 601,324,719) (S 597,719,535) (S 333,535,530) (S 331,530,124) (S 61,122,123) (S 281,126,459) (D 0,0,0)
 0 1 67 95875 7758  14 (D 0,0,0) (S 64,126,123) (S 610,723,725) (S 606,725,726) (S 605,725,714) (S 581,709,710) (S 580,709,705) (S 582,705,711) (S 599,716,721) (S 595,721,720) (S 594,720,699) (S 65,126,127) (S 567,318,564) (D 0,0,0)
 0 1 68 95557 7775  13 (D 0,0,0) (S 176,317,318) (S 566,318,127) (S 552,691,536) (S 604,124,724) (S 607,724,727) (S 608,326,723) (S 600,723,698) (S 602,698,719) (S 589,718,712) (S 584,712,57) (S 28,57,44) (D 0,0,0)
 0 1 69 95555 7223  7 (D 0,0,0) (S 635,59,332) (S 634,332,330) (S 184,330,329) (S 638,532,338) (S 636,336,547) (D 0,0,0)
 0 1 70 94321 6657  7 (D 0,0,0) (S 192,54,343) (S 643,545,335) (S 187,335,336) (S 642,744,339) (S 639,745,546) (D 0,0,0)
 0 1 71 95800 7513  11 (D 0,0,0) (S 25,60,61) (S 24,59,48) (S 18,43,44) (S 19,44,48) (S 30,59,61) (S 352,505,459) (S 355,554,317) (S 358,317,551) (S 350,551,552) (D 0,0,0)
 0 1 72 95471 7295  12 (D 0,0,0) (S 353,522,551) (S 554,554,127) (S 553,127,691) (S 557,691,260) (S 555,260,534) (S 334,534,537) (S 327,525,526) (S 182,325,326) (S 609,326,727) (S 63,125,123) (D 0,0,0)
 0 1 73 95293 8761  13 (D 0,0,0) (S 354,554,459) (S 592,719,720) (S 593,721,704) (S 575,702,700) (S 587,714,715) (S 611,715,706) (S 596,722,568) (S 177,319,320) (S 374,569,52) (S 27,52,58) (S 23,58,57) (D 0,0,0)
 0 1 74 94971 9578  10 (D 0,0,0) (S 179,322,321) (S 21,52,47) (S 17,41,42) (S 280,458,42) (S 22,42,56) (S 317,47,510) (S 372,510,566) (S 373,327,52) (D 0,0,0)
 0 1 75 95333 8857  8 (D 0,0,0) (S 629,742,730) (S 585,707,713) (S 624,739,285) (S 157,284,281) (S 268,280,447) (S 328,293,527) (D 0,0,0)
 0 1 76 95745 8449  8 (D 0,0,0) (S 628,730,743) (S 650,739,713) (S 586,713,286) (S 154,286,174) (S 153,285,284) (S 158,291,293) (D 0,0,0)
 0 1 77 94236 7371  9 (D 0,0,0) (S 633,330,729) (S 614,729,500) (S 644,531,337) (S 188,337,338) (S 637,744,336) (S 343,547,333) (S 20,50,49) (D 0,0,0)
 0 1 78 95136 6426  11 (D 0,0,0) (S 191,51,342) (S 337,55,539) (S 338,540,539) (S 348,539,549) (S 60,121,120) (S 542,120,258) (S 137,258,257) (S 349,255,478) (S 290,134,484) (D 0,0,0)
 0 1 79 94961 4888  16 (D 0,0,0) (S 294,485,484) (S 517,484,236) (S 519,654,612) (S 520,666,243) (S 515,243,667) (S 527,672,671) (S 534,671,675) (S 533,676,675) (S 532,675,673) (S 530,674,673) (S 529,673,672) (S 528,672,667) (S 129,243,244) (S 514,666,612) (D 0,0,0)
 0 1 80 95142 8148  8 (D 0,0,0) (S 429,612,615) (S 583,57,708) (S 579,708,707) (S 626,740,741) (S 615,731,730) (S 627,742,48) (D 0,0,0)
 0 1 81 92142 6805  7 (D 0,0,0) (S 189,339,340) (S 332,340,533) (S 640,533,745) (S 641,745,60) (S 29,63,62) (D 0,0,0)
 0 1 82 95809 8770  10 (D 0,0,0) (S 359,521,556) (S 617,732,730) (S 625,731,739) (S 651,739,743) (S 630,743,281) (S 156,280,291) (S 632,291,504) (S 309,499,501) (D 0,0,0)
 0 1 83 95391 8110  9 (D 0,0,0) (S 180,323,324) (S 282,460,321) (S 178,321,319) (S 371,319,568) (S 375,568,570) (S 578,570,706) (S 576,706,705) (D 0,0,0)
 0 1 84 93233 4997  8 (D 0,0,0) (S 322,474,87) (S 540,253,128) (S 66,128,130) (S 300,130,251) (S 134,252,129) (S 299,130,490) (D 0,0,0)
 0 1 85 95482 5222  8 (D 0,0,0) (S 490,650,651) (S 541,652,517) (S 135,253,254) (S 298,86,490) (S 539,490,643) (S 292,200,28) (D 0,0,0)
 0 1 86 95532 8062  15 (D 0,0,0) (S 293,200,485) (S 62,123,124) (S 574,530,698) (S 570,698,699) (S 573,699,704) (S 572,702,703) (S 571,700,701) (S 577,700,705) (S 612,706,722) (S 598,722,717) (S 588,716,322) (S 181,322,324) (S 365,323,556) (D 0,0,0)
 0 1 87 95066 7696  11 (D 0,0,0) (S 425,615,614) (S 197,182,180) (S 33,71,72) (S 34,73,72) (S 711,295,777) (S 714,777,101) (S 341,544,541) (S 340,542,543) (S 344,545,547) (D 0,0,0)
 0 1 88 95981 9462  12 (D 0,0,0) (S 222,382,383) (S 90,172,80) (S 93,80,173) (S 92,173,170) (S 87,170,171) (S 91,171,169) (S 86,169,168) (S 81,164,163) (S 263,163,442) (S 393,587,169) (D 0,0,0)
 0 1 89 95522 7220  9 (D 0,0,0) (S 397,345,113) (S 676,762,397) (S 207,361,362) (S 697,396,377) (S 698,773,158) (S 76,158,143) (S 72,143,144) (D 0,0,0)
 0 1 90 95583 5846  8 (D 0,0,0) (S 395,591,590) (S 194,345,346) (S 675,762,589) (S 57,113,114) (S 58,114,115) (S 432,115,591) (D 0,0,0)
 0 1 91 95870 8692  7 (D 0,0,0) (S 398,572,591) (S 747,268,801) (S 749,800,803) (S 761,802,807) (S 762,807,149) (D 0,0,0)
 0 1 92 95868 4205  13 (D 0,0,0) (S 423,611,612) (S 424,614,409) (S 132,248,249) (S 318,248,512) (S 133,248,250) (S 525,408,238) (S 127,239,240) (S 521,239,241) (S 128,241,242) (S 523,241,670) (S 524,670,614) (D 0,0,0)
 0 1 93 94765 3898  8 (D 0,0,0) (S 537,611,677) (S 538,677,678) (S 535,677,246) (S 536,246,584) (S 389,523,141) (S 71,141,142) (D 0,0,0)
 0 1 94 94079 5277  15 (D 0,0,0) (S 363,560,559) (S 362,559,557) (S 410,142,190) (S 388,189,581) (S 412,599,176) (S 94,175,176) (S 413,176,580) (S 414,597,600) (S 411,597,598) (S 382,578,579) (S 383,578,581) (S 99,185,186) (S 408,186,594) (D 0,0,0)
 0 1 95 92481 5939  9 (D 0,0,0) (S 377,573,560) (S 407,572,596) (S 5,16,17) (S 430,618,619) (S 431,619,15) (S 4,14,15) (S 433,619,115) (D 0,0,0)
 0 1 96 95488 6379  9 (D 0,0,0) (S 10,25,26) (S 361,27,558) (S 364,558,524) (S 664,94,755) (S 665,755,353) (S 203,353,352) (S 202,352,351) (D 0,0,0)
 0 1 97 91348 5997  9 (D 0,0,0) (S 428,617,613) (S 26,53,62) (S 544,64,679) (S 543,679,680) (S 568,53,697) (S 569,697,696) (S 323,119,88) (D 0,0,0)
 0 1 98 95641 8476  11 (D 0,0,0) (S 497,485,235) (S 495,235,655) (S 496,655,617) (S 779,69,811) (S 777,810,811) (S 276,304,455) (S 275,453,452) (S 274,452,302) (S 780,69,456) (D 0,0,0)
 0 1 99 95804 7974  13 (D 0,0,0) (S 427,199,617) (S 345,506,544) (S 645,102,746) (S 310,503,502) (S 330,527,502) (S 713,502,778) (S 716,778,779) (S 715,779,777) (S 49,101,103) (S 339,287,506) (S 313,506,347) (D 0,0,0)
 0 1 100 95645 9837  8 (D 0,0,0) (S 426,199,616) (S 774,455,171) (S 770,442,274) (S 771,274,809) (S 261,440,275) (S 146,275,274) (D 0,0,0)
 0 1 101 95062 4944  11 (D 0,0,0) (S 381,23,573) (S 101,190,189) (S 390,189,141) (S 387,583,584) (S 385,584,245) (S 384,245,582) (S 386,49,582) (S 130,245,246) (S 107,199,200) (D 0,0,0)
 0 1 102 95507 4193  14 (D 0,0,0) (S 7,21,22) (S 9,21,24) (S 402,586,187) (S 100,187,188) (S 403,187,191) (S 103,191,192) (S 404,191,594) (S 400,593,594) (S 409,594,190) (S 102,190,140) (S 70,140,139) (S 360,139,557) (D 0,0,0)
 0 1 103 92996 2251  7 (D 0,0,0) (S 391,24,585) (S 401,585,592) (S 399,592,586) (S 392,586,24) (S 8,21,23) (D 0,0,0)
 0 1 104 95419 3177  11 (D 0,0,0) (S 438,212,625) (S 455,625,630) (S 450,629,630) (S 456,209,415) (S 246,415,223) (S 118,223,222) (S 476,222,416) (S 114,214,215) (S 447,215,626) (D 0,0,0)
 0 1 105 94461 4305  14 (D 0,0,0) (S 439,626,625) (S 454,630,214) (S 451,214,628) (S 279,209,457) (S 478,413,646) (S 479,646,232) (S 123,232,233) (S 303,229,132) (S 67,132,131) (S 486,133,228) (S 444,627,621) (S 435,621,212) (D 0,0,0)
