714332
106
2400539
2307892
 0 1 1 95754 3845  7 (D 0,0,0) (S 537,611,677) (S 538,677,678) (S 535,677,246) (S 130,246,245) (S 536,584,246) (D 0,0,0)
 0 1 2 89528 2349  9 (D 0,0,0) (S 452,607,622) (S 447,626,215) (S 114,215,214) (S 448,628,211) (S 444,627,621) (S 435,621,212) (S 436,213,622) (D 0,0,0)
 0 1 3 95661 8531  6 (D 0,0,0) (S 262,152,441) (S 249,420,160) (S 215,160,373) (S 314,92,507) (D 0,0,0)
 0 1 4 93875 5939  9 (D 0,0,0) (S 381,23,573) (S 407,572,596) (S 5,16,17) (S 430,618,619) (S 431,619,15) (S 4,14,15) (S 433,619,115) (D 0,0,0)
 0 1 5 94972 9257  9 (D 0,0,0) (S 754,803,788) (S 756,804,805) (S 758,806,805) (S 757,805,273) (S 149,273,270) (S 266,270,444) (S 170,308,173) (D 0,0,0)
 0 1 6 93197 4193  14 (D 0,0,0) (S 7,21,22) (S 392,24,586) (S 402,586,187) (S 100,187,188) (S 403,187,191) (S 103,191,192) (S 404,191,594) (S 400,593,594) (S 409,594,190) (S 102,190,140) (S 70,140,139) (S 360,139,557) (D 0,0,0)
 0 1 7 94141 5466  9 (D 0,0,0) (S 395,591,590) (S 194,345,346) (S 397,345,113) (S 57,113,114) (S 58,114,115) (S 432,115,591) (S 376,572,523) (D 0,0,0)
 0 1 8 95506 5304  13 (D 0,0,0) (S 408,594,186) (S 99,186,185) (S 414,597,600) (S 411,597,598) (S 94,175,176) (S 412,599,176) (S 413,176,580) (S 382,578,579) (S 383,578,581) (S 388,581,189) (S 71,141,142) (D 0,0,0)
 0 1 9 95270 4963  13 (D 0,0,0) (S 361,27,558) (S 364,558,524) (S 387,583,584) (S 385,584,245) (S 384,245,582) (S 386,582,49) (S 242,247,407) (S 126,237,238) (S 521,239,241) (S 524,670,614) (S 426,199,616) (D 0,0,0)
 0 1 10 95957 5050  13 (D 0,0,0) (S 520,666,243) (S 518,667,669) (S 516,668,669) (S 531,669,673) (S 530,674,673) (S 529,673,672) (S 527,672,671) (S 534,671,675) (S 533,676,675) (S 532,675,673) (S 528,672,667) (D 0,0,0)
 0 1 11 61686 1175  6 (D 0,0,0) (S 379,575,195) (S 106,197,198) (S 419,198,607) (S 421,607,606) (D 0,0,0)
 0 1 12 94492 7023  7 (D 0,0,0) (S 703,267,774) (S 721,774,780) (S 707,775,109) (S 706,109,379) (S 219,378,144) (D 0,0,0)
 0 1 13 94668 4711  12 (D 0,0,0) (S 500,658,657) (S 506,657,664) (S 244,411,410) (S 482,405,647) (S 508,663,479) (S 493,138,654) (S 519,654,612) (S 514,612,666) (S 515,667,243) (S 129,243,244) (D 0,0,0)
 0 1 14 95835 9167  8 (D 0,0,0) (S 741,68,428) (S 255,428,67) (S 695,771,772) (S 694,771,392) (S 228,390,394) (S 230,363,396) (D 0,0,0)
 0 1 15 94565 4250  16 (D 0,0,0) (S 522,615,670) (S 523,670,241) (S 128,241,242) (S 127,239,240) (S 526,239,238) (S 525,238,408) (S 133,250,248) (S 132,248,249) (S 318,248,512) (S 494,412,653) (S 492,653,138) (S 68,138,134) (S 290,134,484) (S 294,484,485) (D 0,0,0)
 0 1 16 95545 3825  12 (D 0,0,0) (S 502,659,137) (S 504,137,661) (S 510,661,662) (S 507,662,663) (S 505,663,406) (S 481,647,648) (S 480,648,649) (S 483,224,516) (S 6,19,18) (S 289,483,134) (D 0,0,0)
 0 1 17 94884 3863  13 (D 0,0,0) (S 420,198,608) (S 511,658,660) (S 501,660,659) (S 503,659,136) (S 69,136,135) (S 288,135,479) (S 247,418,226) (S 119,226,227) (S 477,647,646) (S 486,133,228) (S 499,414,657) (D 0,0,0)
 0 1 18 95618 8917  8 (D 0,0,0) (S 75,157,149) (S 763,150,808) (S 765,808,427) (S 254,427,65) (S 227,393,387) (S 229,395,373) (D 0,0,0)
 0 1 19 95306 2251  7 (D 0,0,0) (S 9,21,24) (S 399,586,592) (S 401,592,585) (S 391,585,24) (S 8,21,23) (D 0,0,0)
 0 1 20 95308 8524  8 (D 0,0,0) (S 347,257,548) (S 19,48,44) (S 583,57,708) (S 579,708,707) (S 613,728,511) (S 615,731,730) (D 0,0,0)
 0 1 21 94894 8387  7 (D 0,0,0) (S 584,712,57) (S 21,52,47) (S 374,52,569) (S 590,569,712) (S 589,712,718) (D 0,0,0)
 0 1 22 88391 4623  8 (D 0,0,0) (S 292,28,200) (S 491,492,652) (S 490,650,651) (S 541,652,517) (S 321,497,516) (S 291,135,482) (D 0,0,0)
 0 1 23 95930 7384  14 (D 0,0,0) (S 512,660,482) (S 549,688,690) (S 548,687,686) (S 545,683,259) (S 138,259,32) (S 13,32,31) (S 12,31,30) (S 140,261,30) (S 139,30,260) (S 553,691,127) (S 567,318,564) (S 368,564,553) (D 0,0,0)
 0 1 24 95910 5160  8 (D 0,0,0) (S 509,483,653) (S 243,402,407) (S 301,491,45) (S 193,46,344) (S 20,50,49) (S 428,613,617) (D 0,0,0)
 0 1 25 93181 1960  7 (D 0,0,0) (S 441,609,577) (S 416,574,193) (S 415,193,601) (S 104,193,194) (S 105,194,196) (D 0,0,0)
 0 1 26 95933 7005  14 (D 0,0,0) (S 323,88,119) (S 569,696,697) (S 568,697,53) (S 652,749,750) (S 344,547,545) (S 340,542,543) (S 341,541,544) (S 313,506,347) (S 195,347,180) (S 197,180,182) (S 425,614,615) (S 427,617,199) (D 0,0,0)
 0 1 27 93925 6468  13 (D 0,0,0) (S 559,518,262) (S 141,262,263) (S 356,263,311) (S 174,313,314) (S 563,314,312) (S 565,312,695) (S 546,684,563) (S 367,563,562) (S 369,562,555) (S 326,520,519) (S 172,309,310) (D 0,0,0)
 0 1 28 95896 6687  16 (D 0,0,0) (S 324,309,519) (S 351,520,313) (S 357,313,311) (S 173,311,312) (S 564,314,562) (S 550,565,691) (S 557,691,260) (S 555,260,534) (S 334,534,537) (S 554,127,554) (S 359,556,521) (S 349,478,255) (S 136,255,256) (S 325,256,476) (D 0,0,0)
 0 1 29 94872 7193  8 (D 0,0,0) (S 42,85,84) (S 46,98,99) (S 47,99,84) (S 187,335,336) (S 642,744,339) (S 639,745,546) (D 0,0,0)
 0 1 30 94768 6740  10 (D 0,0,0) (S 366,263,561) (S 561,561,695) (S 560,695,693) (S 551,685,692) (S 547,685,35) (S 14,33,34) (S 558,682,693) (S 562,561,262) (D 0,0,0)
 0 1 31 95728 7451  11 (D 0,0,0) (S 287,476,477) (S 365,556,323) (S 180,323,324) (S 601,324,719) (S 592,719,720) (S 595,720,721) (S 582,711,705) (S 605,714,725) (S 552,536,691) (D 0,0,0)
 0 1 32 93227 9554  9 (D 0,0,0) (S 28,44,57) (S 280,458,42) (S 22,42,56) (S 17,42,41) (S 317,47,510) (S 372,510,566) (S 623,733,736) (D 0,0,0)
 0 1 33 95240 7312  12 (D 0,0,0) (S 327,525,526) (S 182,325,326) (S 610,723,725) (S 606,725,726) (S 608,723,326) (S 604,724,124) (S 64,123,126) (S 65,126,127) (S 566,127,318) (S 176,318,317) (D 0,0,0)
 0 1 34 94605 4927  6 (D 0,0,0) (S 322,474,87) (S 135,253,254) (S 540,253,128) (S 66,128,130) (D 0,0,0)
 0 1 35 95900 5776  8 (D 0,0,0) (S 469,407,491) (S 143,266,184) (S 201,350,184) (S 98,184,183) (S 658,514,49) (S 10,25,26) (D 0,0,0)
 0 1 36 95885 6403  9 (D 0,0,0) (S 319,513,514) (S 205,357,358) (S 657,357,514) (S 389,523,141) (S 390,141,189) (S 101,189,190) (S 410,190,142) (D 0,0,0)
 0 1 37 95906 6029  10 (D 0,0,0) (S 661,357,752) (S 655,752,751) (S 200,349,181) (S 142,264,265) (S 97,177,179) (S 656,183,752) (S 496,617,655) (S 495,655,235) (D 0,0,0)
 0 1 38 94188 7818  12 (D 0,0,0) (S 95,177,181) (S 160,267,118) (S 162,118,108) (S 50,104,105) (S 155,108,283) (S 161,282,287) (S 49,103,101) (S 714,777,101) (S 48,101,102) (S 712,746,97) (D 0,0,0)
 0 1 39 95623 7343  8 (D 0,0,0) (S 668,351,758) (S 669,758,759) (S 54,109,107) (S 52,107,106) (S 53,104,108) (S 199,116,264) (D 0,0,0)
 0 1 40 95564 7200  8 (D 0,0,0) (S 198,348,283) (S 778,287,456) (S 32,69,70) (S 780,69,456) (S 196,348,347) (S 96,182,183) (D 0,0,0)
 0 1 41 94916 7801  9 (D 0,0,0) (S 345,506,544) (S 646,341,100) (S 649,746,748) (S 719,747,778) (S 330,527,502) (S 310,502,503) (S 645,746,102) (D 0,0,0)
 0 1 42 94347 5934  9 (D 0,0,0) (S 107,200,199) (S 423,611,612) (S 191,51,342) (S 543,679,680) (S 544,679,64) (S 26,62,53) (S 131,50,247) (D 0,0,0)
 0 1 43 94721 6726  10 (D 0,0,0) (S 665,755,353) (S 666,354,757) (S 667,757,147) (S 660,147,349) (S 672,753,356) (S 204,356,355) (S 673,355,761) (S 674,355,751) (D 0,0,0)
 0 1 44 95854 7130  7 (D 0,0,0) (S 226,94,111) (S 699,773,204) (S 211,203,369) (S 80,162,146) (S 73,146,147) (D 0,0,0)
 0 1 45 95739 10137  9 (D 0,0,0) (S 717,289,779) (S 328,527,293) (S 86,169,168) (S 394,164,588) (S 146,274,275) (S 147,275,166) (S 263,163,442) (D 0,0,0)
 0 1 46 95429 8534  8 (D 0,0,0) (S 624,285,739) (S 586,713,286) (S 154,286,174) (S 153,285,284) (S 157,284,281) (S 268,280,447) (D 0,0,0)
 0 1 47 95513 7838  7 (D 0,0,0) (S 36,72,74) (S 35,74,75) (S 273,75,451) (S 271,451,449) (S 718,292,778) (D 0,0,0)
 0 1 48 95948 8793  9 (D 0,0,0) (S 38,77,69) (S 276,304,455) (S 774,455,171) (S 393,169,587) (S 91,169,171) (S 87,171,170) (S 92,170,173) (D 0,0,0)
 0 1 49 95432 7998  7 (D 0,0,0) (S 37,70,76) (S 270,76,448) (S 269,448,449) (S 272,449,450) (S 190,294,341) (D 0,0,0)
 0 1 50 95273 9407  9 (D 0,0,0) (S 278,288,77) (S 165,82,297) (S 164,297,298) (S 163,297,277) (S 150,277,274) (S 771,809,274) (S 770,274,442) (D 0,0,0)
 0 1 51 95550 9747  9 (D 0,0,0) (S 736,795,790) (S 735,793,794) (S 755,425,796) (S 258,435,436) (S 760,797,375) (S 750,786,800) (S 78,152,160) (D 0,0,0)
 0 1 52 93822 8765  7 (D 0,0,0) (S 88,145,36) (S 265,170,443) (S 772,443,444) (S 773,444,306) (S 223,306,308) (D 0,0,0)
 0 1 53 95641 8883  7 (D 0,0,0) (S 776,508,445) (S 267,445,446) (S 775,445,293) (S 632,291,504) (S 654,343,750) (D 0,0,0)
 0 1 54 95988 9794  10 (D 0,0,0) (S 764,427,799) (S 743,429,798) (S 739,431,785) (S 731,784,785) (S 257,431,432) (S 749,803,800) (S 751,800,157) (S 682,765,79) (D 0,0,0)
 0 1 55 94726 8331  8 (D 0,0,0) (S 315,303,454) (S 275,453,452) (S 274,452,302) (S 168,302,303) (S 779,69,811) (S 777,810,811) (D 0,0,0)
 0 1 56 95199 9870  8 (D 0,0,0) (S 83,163,166) (S 82,166,165) (S 768,165,440) (S 769,440,424) (S 261,440,275) (S 277,456,77) (D 0,0,0)
 0 1 57 95076 7534  6 (D 0,0,0) (S 339,506,287) (S 159,295,289) (S 33,71,72) (S 34,73,72) (D 0,0,0)
 0 1 58 95661 9647  7 (D 0,0,0) (S 41,82,83) (S 759,300,423) (S 252,423,271) (S 148,276,277) (S 264,276,443) (D 0,0,0)
 0 1 59 95956 10302  11 (D 0,0,0) (S 737,796,437) (S 259,437,438) (S 738,797,12) (S 260,12,439) (S 3,12,13) (S 217,296,375) (S 733,788,786) (S 732,786,787) (S 747,801,268) (D 0,0,0)
 0 1 60 95749 9821  10 (D 0,0,0) (S 85,168,164) (S 81,164,163) (S 84,165,167) (S 253,167,424) (S 766,424,809) (S 767,809,301) (S 166,301,277) (S 167,82,171) (D 0,0,0)
 0 1 61 95581 7157  8 (D 0,0,0) (S 144,264,267) (S 720,774,776) (S 710,776,106) (S 51,104,106) (S 709,776,775) (S 708,775,146) (D 0,0,0)
 0 1 62 95875 5804  12 (D 0,0,0) (S 363,560,559) (S 362,559,557) (S 380,557,523) (S 406,572,595) (S 679,595,763) (S 677,763,360) (S 206,360,359) (S 681,764,359) (S 680,359,763) (S 398,591,572) (D 0,0,0)
 0 1 63 95978 7108  7 (D 0,0,0) (S 209,366,365) (S 109,162,203) (S 664,755,94) (S 44,93,94) (S 405,94,595) (D 0,0,0)
 0 1 64 95898 8712  7 (D 0,0,0) (S 726,441,279) (S 152,279,278) (S 745,801,800) (S 761,802,807) (S 762,807,149) (D 0,0,0)
 0 1 65 94911 9347  11 (D 0,0,0) (S 396,589,364) (S 727,278,783) (S 250,421,308) (S 93,173,80) (S 40,80,81) (S 90,80,172) (S 89,172,37) (S 316,37,509) (S 59,118,117) (D 0,0,0)
 0 1 66 94876 8746  8 (D 0,0,0) (S 728,172,783) (S 730,783,421) (S 729,421,307) (S 145,269,268) (S 723,781,782) (S 722,781,420) (D 0,0,0)
 0 1 67 95880 7511  11 (D 0,0,0) (S 55,111,110) (S 700,112,204) (S 110,204,203) (S 76,143,158) (S 77,159,145) (S 705,36,381) (S 702,381,382) (S 222,382,383) (S 704,382,378) (D 0,0,0)
 0 1 68 95603 7522  10 (D 0,0,0) (S 678,360,762) (S 676,762,397) (S 692,395,770) (S 689,368,765) (S 685,765,766) (S 684,470,766) (S 39,79,78) (S 377,560,573) (D 0,0,0)
 0 1 69 95392 7943  7 (D 0,0,0) (S 15,36,37) (S 724,37,420) (S 725,781,441) (S 151,279,161) (S 213,151,371) (D 0,0,0)
 0 1 70 95213 8619  7 (D 0,0,0) (S 312,469,468) (S 224,387,388) (S 693,771,155) (S 45,95,96) (S 43,91,90) (D 0,0,0)
 0 1 71 94786 7580  10 (D 0,0,0) (S 232,365,92) (S 687,373,767) (S 686,767,768) (S 688,768,769) (S 691,767,770) (S 690,770,368) (S 210,368,367) (S 683,79,389) (D 0,0,0)
 0 1 72 95830 7732  5 (D 0,0,0) (S 212,370,154) (S 251,153,422) (S 214,152,372) (D 0,0,0)
 0 1 73 94722 9461  10 (D 0,0,0) (S 746,803,802) (S 744,795,433) (S 748,433,798) (S 256,429,430) (S 742,429,799) (S 740,799,428) (S 74,66,148) (S 231,367,372) (D 0,0,0)
 0 1 74 95878 8780  8 (D 0,0,0) (S 169,306,307) (S 171,307,272) (S 734,272,787) (S 752,787,801) (S 753,801,156) (S 225,384,78) (D 0,0,0)
 0 1 75 95680 4948  15 (D 0,0,0) (S 517,484,236) (S 424,614,409) (S 134,252,129) (S 300,251,130) (S 299,130,490) (S 298,490,86) (S 539,490,643) (S 429,615,612) (S 513,654,236) (S 125,236,234) (S 124,234,235) (S 497,235,485) (S 293,485,200) (D 0,0,0)
 0 1 76 95546 7609  8 (D 0,0,0) (S 675,589,762) (S 207,361,362) (S 696,377,773) (S 698,773,158) (S 79,158,159) (S 221,159,381) (D 0,0,0)
 0 1 77 95263 7293  7 (D 0,0,0) (S 208,364,363) (S 233,363,374) (S 216,374,159) (S 72,143,144) (S 220,379,380) (D 0,0,0)
 0 1 78 93875 6533  8 (D 0,0,0) (S 234,111,397) (S 697,396,377) (S 218,377,110) (S 56,110,112) (S 701,112,756) (S 663,756,755) (D 0,0,0)
 0 1 79 92916 6258  8 (D 0,0,0) (S 202,351,352) (S 203,352,353) (S 662,353,754) (S 670,754,758) (S 671,760,178) (S 659,753,751) (D 0,0,0)
 0 1 80 92459 6254  9 (D 0,0,0) (S 346,255,257) (S 137,257,258) (S 542,258,120) (S 60,120,121) (S 348,549,539) (S 338,540,539) (S 337,539,55) (D 0,0,0)
 0 1 81 94732 7736  8 (D 0,0,0) (S 188,338,337) (S 644,337,531) (S 631,732,504) (S 311,504,503) (S 329,528,529) (S 647,529,97) (D 0,0,0)
 0 1 82 95609 7374  7 (D 0,0,0) (S 31,55,60) (S 635,59,332) (S 633,330,729) (S 614,729,500) (S 638,532,338) (D 0,0,0)
 0 1 83 94058 7037  9 (D 0,0,0) (S 239,237,402) (S 29,62,63) (S 343,333,547) (S 643,545,335) (S 637,336,744) (S 636,336,547) (S 556,550,556) (D 0,0,0)
 0 1 84 95101 7558  7 (D 0,0,0) (S 189,339,340) (S 184,329,330) (S 627,742,48) (S 30,59,61) (S 336,538,323) (D 0,0,0)
 0 1 85 94938 7836  7 (D 0,0,0) (S 18,43,44) (S 24,48,59) (S 634,330,332) (S 185,332,331) (S 332,340,533) (D 0,0,0)
 0 1 86 94026 6196  6 (D 0,0,0) (S 192,54,343) (S 653,343,547) (S 186,333,334) (S 342,333,546) (D 0,0,0)
 0 1 87 92727 8650  8 (D 0,0,0) (S 27,58,52) (S 373,52,327) (S 183,327,328) (S 619,734,735) (S 618,735,728) (S 616,728,707) (D 0,0,0)
 0 1 88 95671 8888  11 (D 0,0,0) (S 711,295,777) (S 715,777,779) (S 716,779,778) (S 713,778,502) (S 158,293,291) (S 156,291,280) (S 630,281,743) (S 625,739,731) (S 626,740,741) (D 0,0,0)
 0 1 89 94761 7180  10 (D 0,0,0) (S 641,60,745) (S 640,745,533) (S 335,61,538) (S 591,538,718) (S 603,718,324) (S 352,505,459) (S 350,551,552) (S 353,551,522) (D 0,0,0)
 0 1 90 95297 7402  12 (D 0,0,0) (S 281,459,126) (S 63,125,123) (S 61,122,123) (S 62,123,124) (S 574,530,698) (S 602,698,719) (S 597,719,535) (S 333,535,530) (S 331,530,124) (S 370,565,564) (D 0,0,0)
 0 1 91 95088 8105  9 (D 0,0,0) (S 358,551,317) (S 355,317,554) (S 354,554,459) (S 622,737,738) (S 620,737,736) (S 621,736,58) (S 23,58,57) (D 0,0,0)
 0 1 92 95312 8643  15 (D 0,0,0) (S 594,720,699) (S 577,700,705) (S 576,705,706) (S 578,706,570) (S 375,570,568) (S 371,568,319) (S 177,319,320) (S 598,722,717) (S 588,322,716) (S 599,716,721) (S 593,721,704) (S 573,704,699) (S 570,699,698) (D 0,0,0)
 0 1 93 95712 8669  18 (D 0,0,0) (S 607,724,727) (S 609,727,326) (S 600,723,698) (S 572,702,703) (S 575,702,700) (S 571,700,701) (S 580,705,709) (S 581,709,710) (S 587,714,715) (S 611,715,706) (S 612,706,722) (S 596,722,568) (S 178,319,321) (S 282,460,321) (S 179,321,322) (S 181,322,324) (D 0,0,0)
 0 1 94 37189 1162  3 (D 0,0,0) (S 422,606,610) (D 0,0,0)
 0 1 95 95720 3457  10 (D 0,0,0) (S 378,576,575) (S 445,208,419) (S 117,220,221) (S 116,217,218) (S 465,218,2) (S 464,2,634) (S 475,634,222) (S 443,457,627) (D 0,0,0)
 0 1 96 95890 4812  11 (D 0,0,0) (S 303,132,229) (S 121,229,230) (S 320,515,7) (S 11,29,6) (S 489,5,10) (S 2,10,9) (S 122,231,230) (S 487,494,645) (S 485,645,131) (D 0,0,0)
 0 1 97 95225 4254  8 (D 0,0,0) (S 304,493,232) (S 302,492,232) (S 123,232,233) (S 479,232,646) (S 478,646,413) (S 245,413,414) (D 0,0,0)
 0 1 98 94053 4327  14 (D 0,0,0) (S 439,626,625) (S 455,625,630) (S 450,629,630) (S 454,630,214) (S 474,634,489) (S 297,489,487) (S 16,39,40) (S 488,40,5) (S 307,38,488) (S 296,488,132) (S 67,132,131) (S 484,228,414) (D 0,0,0)
 0 1 99 95351 3874  9 (D 0,0,0) (S 460,632,631) (S 459,631,216) (S 461,216,633) (S 241,400,404) (S 115,216,217) (S 458,217,221) (S 457,221,631) (D 0,0,0)
 0 1 100 94058 3969  9 (D 0,0,0) (S 112,208,210) (S 111,208,207) (S 279,209,457) (S 120,228,38) (S 295,38,486) (S 306,496,4) (S 1,4,3) (D 0,0,0)
 0 1 101 94894 4953  17 (D 0,0,0) (S 438,212,625) (S 451,214,628) (S 453,628,209) (S 470,496,640) (S 471,640,641) (S 473,642,638) (S 472,638,639) (S 467,638,637) (S 466,636,635) (S 468,635,4) (S 305,4,495) (S 308,495,498) (S 463,498,315) (S 175,315,316) (S 462,220,632) (D 0,0,0)
 0 1 102 95575 2945  9 (D 0,0,0) (S 238,401,398) (S 235,398,206) (S 236,205,399) (S 237,399,400) (S 240,401,403) (S 248,403,419) (S 446,208,215) (D 0,0,0)
 0 1 103 95226 8969  11 (D 0,0,0) (S 25,60,61) (S 629,742,730) (S 628,730,743) (S 651,743,739) (S 650,739,713) (S 585,713,707) (S 617,730,732) (S 309,499,501) (S 648,528,747) (D 0,0,0)
 0 1 104 92684 2499  7 (D 0,0,0) (S 434,213,620) (S 437,624,623) (S 498,656,480) (S 108,201,202) (S 442,620,609) (D 0,0,0)
 0 1 105 94372 2901  9 (D 0,0,0) (S 456,209,415) (S 246,415,223) (S 118,223,222) (S 476,222,416) (S 440,417,457) (S 449,627,211) (S 113,211,212) (D 0,0,0)
 0 1 106 46970 1004  8 (D 0,0,0) (S 417,603,604) (S 418,605,603) (S 283,461,462) (S 285,464,465) (S 284,463,464) (S 286,466,467) (D 0,0,0)
