710437
106
2400612
2189128
 0 1 1 91982 1828  6 (D 0,0,0) (S 8,23,21) (S 106,197,198) (S 419,198,607) (S 421,607,606) (D 0,0,0)
 0 1 2 84708 2094  6 (D 0,0,0) (S 420,198,608) (S 442,609,620) (S 434,620,213) (S 436,213,622) (D 0,0,0)
 0 1 3 92181 2715  12 (D 0,0,0) (S 439,626,625) (S 438,625,212) (S 435,212,621) (S 444,621,627) (S 443,627,457) (S 279,457,209) (S 111,207,208) (S 446,208,215) (S 447,215,626) (S 452,622,607) (D 0,0,0)
 0 1 4 41269 1162  4 (D 0,0,0) (S 422,606,610) (S 378,575,576) (D 0,0,0)
 0 1 5 86113 1794  7 (D 0,0,0) (S 416,574,193) (S 415,193,601) (S 104,193,194) (S 105,194,196) (S 379,195,575) (D 0,0,0)
 0 1 6 92688 3951  16 (D 0,0,0) (S 292,28,200) (S 108,201,202) (S 498,656,480) (S 497,485,235) (S 495,235,655) (S 496,655,617) (S 428,617,613) (S 514,612,666) (S 129,243,244) (S 515,667,243) (S 519,612,654) (S 517,236,484) (S 512,482,660) (S 441,609,577) (D 0,0,0)
 0 1 7 95883 7268  10 (D 0,0,0) (S 381,23,573) (S 678,360,762) (S 676,762,397) (S 230,396,363) (S 233,363,374) (S 314,92,507) (S 232,92,365) (S 209,365,366) (D 0,0,0)
 0 1 8 92153 4241  14 (D 0,0,0) (S 389,523,141) (S 390,141,189) (S 101,189,190) (S 409,190,594) (S 400,593,594) (S 404,594,191) (S 103,191,192) (S 403,191,187) (S 402,187,586) (S 392,586,24) (S 9,24,21) (S 7,21,22) (D 0,0,0)
 0 1 9 92860 3750  11 (D 0,0,0) (S 391,24,585) (S 401,585,592) (S 399,592,586) (S 100,187,188) (S 408,594,186) (S 102,190,140) (S 70,140,139) (S 360,139,557) (S 362,557,559) (D 0,0,0)
 0 1 10 95336 5306  13 (D 0,0,0) (S 410,142,190) (S 99,186,185) (S 382,578,579) (S 411,597,598) (S 414,597,600) (S 413,580,176) (S 94,175,176) (S 412,599,176) (S 383,578,581) (S 388,581,189) (S 71,141,142) (D 0,0,0)
 0 1 11 90699 5661  11 (D 0,0,0) (S 361,27,558) (S 364,558,524) (S 680,763,359) (S 681,764,359) (S 206,359,360) (S 677,360,763) (S 679,763,595) (S 406,595,572) (S 380,523,557) (D 0,0,0)
 0 1 12 95552 4860  13 (D 0,0,0) (S 10,25,26) (S 387,583,584) (S 385,584,245) (S 384,245,582) (S 386,582,49) (S 242,247,407) (S 243,407,402) (S 126,237,238) (S 526,238,239) (S 524,670,614) (S 429,615,612) (D 0,0,0)
 0 1 13 95754 3845  7 (D 0,0,0) (S 537,611,677) (S 535,677,246) (S 536,246,584) (S 130,245,246) (S 538,677,678) (D 0,0,0)
 0 1 14 95864 3902  13 (D 0,0,0) (S 124,235,234) (S 125,234,236) (S 513,236,654) (S 493,654,138) (S 68,138,134) (S 289,134,483) (S 6,18,19) (S 483,516,224) (S 477,647,646) (S 486,133,228) (S 499,414,657) (D 0,0,0)
 0 1 15 94117 6109  17 (D 0,0,0) (S 502,659,137) (S 504,137,661) (S 510,661,662) (S 508,663,479) (S 559,518,262) (S 562,262,561) (S 561,561,695) (S 558,693,682) (S 546,684,563) (S 367,563,562) (S 563,314,312) (S 173,312,311) (S 356,311,263) (S 141,263,262) (S 291,135,482) (D 0,0,0)
 0 1 16 92951 3488  13 (D 0,0,0) (S 437,624,623) (S 511,658,660) (S 501,660,659) (S 503,659,136) (S 69,136,135) (S 288,135,479) (S 247,418,226) (S 119,226,227) (S 244,410,411) (S 506,664,657) (S 500,657,658) (D 0,0,0)
 0 1 17 95160 4158  9 (D 0,0,0) (S 107,200,199) (S 424,614,409) (S 539,643,490) (S 298,490,86) (S 302,492,232) (S 478,646,413) (S 449,627,211) (D 0,0,0)
 0 1 18 95957 5050  13 (D 0,0,0) (S 528,667,672) (S 527,672,671) (S 534,671,675) (S 533,676,675) (S 532,675,673) (S 530,674,673) (S 529,673,672) (S 531,673,669) (S 516,668,669) (S 518,669,667) (S 520,243,666) (D 0,0,0)
 0 1 19 46970 1004  8 (D 0,0,0) (S 285,464,465) (S 284,463,464) (S 286,466,467) (S 283,461,462) (S 417,603,604) (S 418,605,603) (D 0,0,0)
 0 1 20 95406 3786  9 (D 0,0,0) (S 113,212,211) (S 120,228,38) (S 296,132,488) (S 307,488,38) (S 295,38,486) (S 297,487,489) (S 474,489,634) (D 0,0,0)
 0 1 21 94479 4705  13 (D 0,0,0) (S 475,222,634) (S 464,634,2) (S 306,4,496) (S 470,496,640) (S 471,640,641) (S 473,642,638) (S 472,638,639) (S 467,638,637) (S 466,636,635) (S 468,635,4) (S 462,220,632) (D 0,0,0)
 0 1 22 94047 3928  11 (D 0,0,0) (S 460,632,631) (S 457,631,221) (S 116,217,218) (S 465,218,2) (S 1,3,4) (S 305,4,495) (S 308,495,498) (S 463,498,315) (S 175,315,316) (D 0,0,0)
 0 1 23 94081 3728  11 (D 0,0,0) (S 117,220,221) (S 458,221,217) (S 115,217,216) (S 238,401,398) (S 235,398,206) (S 236,205,399) (S 237,399,400) (S 461,216,633) (S 459,216,631) (D 0,0,0)
 0 1 24 95366 3220  7 (D 0,0,0) (S 112,208,210) (S 445,208,419) (S 240,403,401) (S 241,400,404) (S 248,403,419) (D 0,0,0)
 0 1 25 94409 2911  10 (D 0,0,0) (S 440,457,417) (S 476,416,222) (S 118,222,223) (S 246,223,415) (S 456,415,209) (S 453,209,628) (S 451,628,214) (S 114,214,215) (D 0,0,0)
 0 1 26 95115 4082  12 (D 0,0,0) (S 455,625,630) (S 450,629,630) (S 454,630,214) (S 448,628,211) (S 245,414,413) (S 480,648,649) (S 481,648,647) (S 482,647,405) (S 505,406,663) (S 507,663,662) (D 0,0,0)
 0 1 27 94985 4539  11 (D 0,0,0) (S 484,414,228) (S 67,131,132) (S 303,132,229) (S 121,229,230) (S 11,6,29) (S 2,9,10) (S 489,10,5) (S 488,5,40) (S 16,40,39) (D 0,0,0)
 0 1 28 95418 4625  9 (D 0,0,0) (S 485,131,645) (S 487,645,494) (S 320,515,7) (S 122,231,230) (S 304,493,232) (S 123,232,233) (S 479,232,646) (D 0,0,0)
 0 1 29 90333 4219  14 (D 0,0,0) (S 423,611,612) (S 522,615,670) (S 523,670,241) (S 128,241,242) (S 521,241,239) (S 127,239,240) (S 525,238,408) (S 132,248,249) (S 318,248,512) (S 133,248,250) (S 494,412,653) (S 492,653,138) (D 0,0,0)
 0 1 30 94856 5901  8 (D 0,0,0) (S 323,88,119) (S 569,696,697) (S 568,697,53) (S 26,53,62) (S 543,679,680) (S 193,46,344) (D 0,0,0)
 0 1 31 95526 7912  7 (D 0,0,0) (S 191,51,342) (S 186,333,334) (S 19,48,44) (S 18,43,44) (S 24,48,59) (D 0,0,0)
 0 1 32 95168 7440  9 (D 0,0,0) (S 30,61,59) (S 28,44,57) (S 584,57,712) (S 589,712,718) (S 336,538,323) (S 290,134,484) (S 294,484,485) (D 0,0,0)
 0 1 33 92679 7501  10 (D 0,0,0) (S 46,98,99) (S 47,99,84) (S 712,97,746) (S 645,746,102) (S 646,100,341) (S 345,544,506) (S 98,183,184) (S 201,350,184) (D 0,0,0)
 0 1 34 94927 6104  8 (D 0,0,0) (S 509,483,653) (S 192,54,343) (S 653,547,343) (S 654,343,750) (S 652,750,749) (S 29,63,62) (D 0,0,0)
 0 1 35 95919 8337  9 (D 0,0,0) (S 427,199,617) (S 648,747,528) (S 310,503,502) (S 330,502,527) (S 328,527,293) (S 156,291,280) (S 632,291,504) (D 0,0,0)
 0 1 36 93166 9552  9 (D 0,0,0) (S 373,52,327) (S 372,566,510) (S 317,510,47) (S 22,42,56) (S 280,458,42) (S 17,42,41) (S 21,47,52) (D 0,0,0)
 0 1 37 95683 8487  6 (D 0,0,0) (S 35,74,75) (S 168,303,302) (S 250,308,421) (S 730,421,783) (D 0,0,0)
 0 1 38 95873 8816  11 (D 0,0,0) (S 342,546,333) (S 340,542,543) (S 341,541,544) (S 190,341,294) (S 775,293,445) (S 267,445,446) (S 776,445,508) (S 32,70,69) (S 38,69,77) (D 0,0,0)
 0 1 39 94800 8033  11 (D 0,0,0) (S 49,103,101) (S 711,777,295) (S 159,295,289) (S 717,289,779) (S 713,502,778) (S 716,778,779) (S 715,779,777) (S 714,777,101) (S 48,101,102) (D 0,0,0)
 0 1 40 95785 8010  8 (D 0,0,0) (S 649,746,748) (S 719,747,778) (S 718,778,292) (S 269,449,448) (S 273,451,75) (S 36,74,72) (D 0,0,0)
 0 1 41 95924 8499  9 (D 0,0,0) (S 278,288,77) (S 277,77,456) (S 779,69,811) (S 777,810,811) (S 274,302,452) (S 275,452,453) (S 276,455,304) (D 0,0,0)
 0 1 42 95498 7362  5 (D 0,0,0) (S 778,287,456) (S 33,71,72) (S 34,73,72) (D 0,0,0)
 0 1 43 94826 8491  8 (D 0,0,0) (S 268,280,447) (S 153,284,285) (S 586,286,713) (S 651,739,743) (S 628,743,730) (S 629,730,742) (D 0,0,0)
 0 1 44 95723 8213  6 (D 0,0,0) (S 627,48,742) (S 616,707,728) (S 620,737,736) (S 621,736,58) (D 0,0,0)
 0 1 45 95477 8547  7 (D 0,0,0) (S 583,57,708) (S 579,708,707) (S 585,707,713) (S 650,713,739) (S 630,743,281) (D 0,0,0)
 0 1 46 95993 8665  10 (D 0,0,0) (S 617,732,730) (S 615,730,731) (S 626,740,741) (S 625,731,739) (S 624,739,285) (S 154,286,174) (S 157,284,281) (S 158,291,293) (D 0,0,0)
 0 1 47 94278 7887  8 (D 0,0,0) (S 614,500,729) (S 631,732,504) (S 311,504,503) (S 329,528,529) (S 309,499,501) (S 647,529,97) (D 0,0,0)
 0 1 48 95953 6816  8 (D 0,0,0) (S 636,547,336) (S 187,336,335) (S 42,84,85) (S 643,335,545) (S 344,545,547) (S 343,547,333) (D 0,0,0)
 0 1 49 95945 7116  8 (D 0,0,0) (S 639,546,745) (S 642,339,744) (S 188,338,337) (S 644,337,531) (S 638,532,338) (S 637,744,336) (D 0,0,0)
 0 1 50 94247 7388  9 (D 0,0,0) (S 189,339,340) (S 184,329,330) (S 633,729,330) (S 634,330,332) (S 185,332,331) (S 25,61,60) (S 31,60,55) (D 0,0,0)
 0 1 51 95190 7640  10 (D 0,0,0) (S 721,774,780) (S 54,109,107) (S 52,107,106) (S 51,106,104) (S 162,118,108) (S 161,282,287) (S 339,287,506) (S 313,506,347) (D 0,0,0)
 0 1 52 95834 8916  8 (D 0,0,0) (S 170,173,308) (S 773,306,444) (S 772,444,443) (S 264,443,276) (S 266,270,444) (S 223,306,308) (D 0,0,0)
 0 1 53 95807 9619  12 (D 0,0,0) (S 169,306,307) (S 729,421,307) (S 750,786,800) (S 746,803,802) (S 736,795,790) (S 733,788,786) (S 732,786,787) (S 752,787,801) (S 745,801,800) (S 751,800,157) (D 0,0,0)
 0 1 54 95612 10066  10 (D 0,0,0) (S 749,800,803) (S 754,803,788) (S 735,793,794) (S 259,437,438) (S 258,435,436) (S 731,784,785) (S 739,785,431) (S 764,799,427) (D 0,0,0)
 0 1 55 95378 9576  9 (D 0,0,0) (S 740,428,799) (S 742,799,429) (S 256,429,430) (S 743,429,798) (S 257,431,432) (S 748,798,433) (S 744,433,795) (D 0,0,0)
 0 1 56 95940 10322  9 (D 0,0,0) (S 760,797,375) (S 217,375,296) (S 3,13,12) (S 260,12,439) (S 738,12,797) (S 737,437,796) (S 755,796,425) (D 0,0,0)
 0 1 57 95813 9484  7 (D 0,0,0) (S 757,273,805) (S 756,804,805) (S 758,805,806) (S 759,423,300) (S 252,423,271) (D 0,0,0)
 0 1 58 95913 9111  9 (D 0,0,0) (S 316,37,509) (S 89,37,172) (S 40,80,81) (S 93,80,173) (S 92,173,170) (S 315,454,303) (S 780,69,456) (D 0,0,0)
 0 1 59 94456 9984  9 (D 0,0,0) (S 90,172,80) (S 265,170,443) (S 166,277,301) (S 767,301,809) (S 253,424,167) (S 84,167,165) (S 82,165,166) (D 0,0,0)
 0 1 60 95445 9546  7 (D 0,0,0) (S 37,76,70) (S 394,588,164) (S 263,163,442) (S 770,442,274) (S 148,277,276) (D 0,0,0)
 0 1 61 95753 9797  12 (D 0,0,0) (S 41,82,83) (S 164,297,298) (S 150,277,274) (S 771,274,809) (S 766,809,424) (S 769,424,440) (S 261,440,275) (S 147,275,166) (S 83,166,163) (S 81,163,164) (D 0,0,0)
 0 1 62 95892 9648  7 (D 0,0,0) (S 86,169,168) (S 85,168,164) (S 768,165,440) (S 146,275,274) (S 393,587,169) (D 0,0,0)
 0 1 63 92146 4906  5 (D 0,0,0) (S 469,407,491) (S 301,491,45) (S 131,50,247) (D 0,0,0)
 0 1 64 92449 6008  7 (D 0,0,0) (S 239,237,402) (S 319,513,514) (S 657,514,357) (S 205,357,358) (S 658,514,49) (D 0,0,0)
 0 1 65 94097 6484  11 (D 0,0,0) (S 426,199,616) (S 655,752,751) (S 659,751,753) (S 671,760,178) (S 672,753,356) (S 204,356,355) (S 673,355,761) (S 674,355,751) (S 661,752,357) (D 0,0,0)
 0 1 66 95287 7014  7 (D 0,0,0) (S 96,183,182) (S 53,108,104) (S 50,104,105) (S 710,106,776) (S 720,776,774) (D 0,0,0)
 0 1 67 94725 6470  9 (D 0,0,0) (S 143,266,184) (S 97,179,177) (S 95,177,181) (S 142,265,264) (S 144,264,267) (S 59,118,117) (S 199,116,264) (D 0,0,0)
 0 1 68 95572 7591  7 (D 0,0,0) (S 197,182,180) (S 270,76,448) (S 271,451,449) (S 272,449,450) (S 656,183,752) (D 0,0,0)
 0 1 69 94354 6508  8 (D 0,0,0) (S 200,349,181) (S 160,267,118) (S 155,108,283) (S 198,283,348) (S 196,348,347) (S 195,347,180) (D 0,0,0)
 0 1 70 95681 6609  8 (D 0,0,0) (S 668,351,758) (S 669,758,759) (S 662,754,353) (S 665,755,353) (S 203,353,352) (S 202,352,351) (D 0,0,0)
 0 1 71 95624 6422  8 (D 0,0,0) (S 363,560,559) (S 56,110,112) (S 701,112,756) (S 666,354,757) (S 667,757,147) (S 660,147,349) (D 0,0,0)
 0 1 72 95455 7073  7 (D 0,0,0) (S 635,59,332) (S 332,340,533) (S 640,533,745) (S 641,745,60) (S 20,50,49) (D 0,0,0)
 0 1 73 95656 6745  11 (D 0,0,0) (S 172,309,310) (S 567,564,318) (S 555,534,260) (S 554,127,554) (S 556,556,550) (S 347,548,257) (S 346,257,255) (S 137,257,258) (S 325,256,476) (D 0,0,0)
 0 1 74 95055 7883  16 (D 0,0,0) (S 136,256,255) (S 349,255,478) (S 610,723,725) (S 606,725,726) (S 600,723,698) (S 570,698,699) (S 573,699,704) (S 593,704,721) (S 599,721,716) (S 595,721,720) (S 592,720,719) (S 602,719,698) (S 574,698,530) (S 281,126,459) (D 0,0,0)
 0 1 75 95457 8112  14 (D 0,0,0) (S 566,318,127) (S 608,326,723) (S 605,725,714) (S 611,715,706) (S 596,722,568) (S 375,568,570) (S 578,570,706) (S 576,706,705) (S 582,705,711) (S 588,716,322) (S 181,322,324) (S 180,324,323) (D 0,0,0)
 0 1 76 95980 8773  14 (D 0,0,0) (S 178,321,319) (S 177,319,320) (S 371,319,568) (S 612,722,706) (S 587,715,714) (S 581,709,710) (S 580,709,705) (S 577,705,700) (S 571,700,701) (S 575,700,702) (S 572,702,703) (S 594,699,720) (D 0,0,0)
 0 1 77 94394 8363  8 (D 0,0,0) (S 282,460,321) (S 179,321,322) (S 590,712,569) (S 374,569,52) (S 27,52,58) (S 23,58,57) (D 0,0,0)
 0 1 78 95115 9407  11 (D 0,0,0) (S 623,736,733) (S 619,734,735) (S 622,737,738) (S 618,735,728) (S 613,728,511) (S 183,327,328) (S 598,722,717) (S 355,554,317) (S 350,551,552) (D 0,0,0)
 0 1 79 93134 6435  11 (D 0,0,0) (S 353,522,551) (S 358,551,317) (S 176,317,318) (S 553,127,691) (S 552,691,536) (S 331,124,530) (S 333,530,535) (S 365,323,556) (S 287,477,476) (D 0,0,0)
 0 1 80 95396 7517  18 (D 0,0,0) (S 324,309,519) (S 326,519,520) (S 368,553,564) (S 370,564,565) (S 557,691,260) (S 334,534,537) (S 327,525,526) (S 182,325,326) (S 609,326,727) (S 607,727,724) (S 604,724,124) (S 62,124,123) (S 63,125,123) (S 61,122,123) (S 64,123,126) (S 65,126,127) (D 0,0,0)
 0 1 81 95877 7216  11 (D 0,0,0) (S 359,521,556) (S 354,554,459) (S 352,459,505) (S 597,535,719) (S 601,719,324) (S 603,324,718) (S 591,718,538) (S 335,538,61) (S 544,64,679) (D 0,0,0)
 0 1 82 95355 6012  8 (D 0,0,0) (S 337,55,539) (S 338,540,539) (S 348,539,549) (S 60,121,120) (S 542,120,258) (S 321,497,516) (D 0,0,0)
 0 1 83 93233 4997  8 (D 0,0,0) (S 322,474,87) (S 540,253,128) (S 66,128,130) (S 134,252,129) (S 300,251,130) (S 299,130,490) (D 0,0,0)
 0 1 84 90189 5102  7 (D 0,0,0) (S 491,492,652) (S 490,650,651) (S 541,652,517) (S 135,253,254) (S 293,485,200) (D 0,0,0)
 0 1 85 95228 7526  13 (D 0,0,0) (S 366,263,561) (S 560,695,693) (S 551,685,692) (S 14,33,34) (S 547,35,685) (S 565,695,312) (S 357,311,313) (S 174,313,314) (S 564,314,562) (S 369,562,555) (S 351,520,313) (D 0,0,0)
 0 1 86 94944 7354  11 (D 0,0,0) (S 548,686,687) (S 549,688,690) (S 545,683,259) (S 138,259,32) (S 13,32,31) (S 12,31,30) (S 140,261,30) (S 139,30,260) (S 550,691,565) (D 0,0,0)
 0 1 87 92175 5939  8 (D 0,0,0) (S 407,572,596) (S 5,16,17) (S 430,618,619) (S 431,619,15) (S 4,14,15) (S 433,619,115) (D 0,0,0)
 0 1 88 95474 5466  9 (D 0,0,0) (S 395,591,590) (S 194,345,346) (S 57,113,114) (S 58,114,115) (S 432,115,591) (S 398,591,572) (S 376,572,523) (D 0,0,0)
 0 1 89 94323 6528  8 (D 0,0,0) (S 405,595,94) (S 226,94,111) (S 234,111,397) (S 207,361,362) (S 675,762,589) (S 397,113,345) (D 0,0,0)
 0 1 90 94286 6391  6 (D 0,0,0) (S 396,589,364) (S 208,364,363) (S 697,396,377) (S 218,377,110) (D 0,0,0)
 0 1 91 95996 8317  9 (D 0,0,0) (S 696,377,773) (S 76,158,143) (S 15,36,37) (S 728,172,783) (S 727,783,278) (S 152,278,279) (S 249,420,160) (D 0,0,0)
 0 1 92 95281 7754  6 (D 0,0,0) (S 215,373,160) (S 251,153,422) (S 212,154,370) (S 229,395,373) (D 0,0,0)
 0 1 93 95816 7414  7 (D 0,0,0) (S 687,373,767) (S 691,767,770) (S 689,765,368) (S 690,368,770) (S 692,770,395) (D 0,0,0)
 0 1 94 95898 8107  9 (D 0,0,0) (S 214,372,152) (S 78,152,160) (S 77,145,159) (S 705,36,381) (S 704,382,378) (S 709,775,776) (S 670,754,758) (D 0,0,0)
 0 1 95 94986 6625  7 (D 0,0,0) (S 703,267,774) (S 708,775,146) (S 73,146,147) (S 663,756,755) (S 664,755,94) (D 0,0,0)
 0 1 96 93040 7040  9 (D 0,0,0) (S 44,93,94) (S 55,111,110) (S 700,112,204) (S 110,204,203) (S 211,203,369) (S 109,203,162) (S 80,162,146) (D 0,0,0)
 0 1 97 95437 9300  10 (D 0,0,0) (S 171,307,272) (S 149,273,270) (S 163,277,297) (S 165,297,82) (S 167,82,171) (S 87,170,171) (S 91,171,169) (S 774,171,455) (D 0,0,0)
 0 1 98 94158 7173  9 (D 0,0,0) (S 425,615,614) (S 707,775,109) (S 706,109,379) (S 220,379,380) (S 219,378,144) (S 698,158,773) (S 699,773,204) (D 0,0,0)
 0 1 99 95207 7432  8 (D 0,0,0) (S 72,144,143) (S 79,158,159) (S 221,159,381) (S 702,381,382) (S 222,382,383) (S 216,159,374) (D 0,0,0)
 0 1 100 94652 7901  9 (D 0,0,0) (S 377,573,560) (S 262,152,441) (S 725,441,781) (S 723,781,782) (S 724,420,37) (S 88,36,145) (S 43,91,90) (D 0,0,0)
 0 1 101 95422 8191  7 (D 0,0,0) (S 686,767,768) (S 688,768,769) (S 210,368,367) (S 693,771,155) (S 213,151,371) (D 0,0,0)
 0 1 102 95529 8680  8 (D 0,0,0) (S 151,161,279) (S 747,268,801) (S 734,787,272) (S 145,269,268) (S 726,279,441) (S 722,781,420) (D 0,0,0)
 0 1 103 94335 8745  7 (D 0,0,0) (S 228,394,390) (S 45,95,96) (S 763,150,808) (S 765,808,427) (S 254,427,65) (D 0,0,0)
 0 1 104 95770 9016  7 (D 0,0,0) (S 74,66,148) (S 255,67,428) (S 741,428,68) (S 75,149,157) (S 231,367,372) (D 0,0,0)
 0 1 105 95834 8440  12 (D 0,0,0) (S 682,79,765) (S 685,765,766) (S 684,766,470) (S 312,469,468) (S 224,387,388) (S 227,393,387) (S 694,392,771) (S 695,771,772) (S 39,78,79) (S 683,79,389) (D 0,0,0)
 0 1 106 95138 8736  6 (D 0,0,0) (S 225,78,384) (S 762,149,807) (S 761,807,802) (S 753,801,156) (D 0,0,0)
