709598
105
2400530
2189254
 0 1 1 92596 4934  9 (D 0,0,0) (S 107,200,199) (S 20,49,50) (S 301,45,491) (S 469,491,407) (S 492,653,138) (S 68,138,134) (S 294,484,485) (D 0,0,0)
 0 1 2 91945 3573  10 (D 0,0,0) (S 439,626,625) (S 451,214,628) (S 456,209,415) (S 475,222,634) (S 464,634,2) (S 465,2,218) (S 116,218,217) (S 458,217,221) (D 0,0,0)
 0 1 3 94746 5400  17 (D 0,0,0) (S 428,617,613) (S 522,615,670) (S 521,241,239) (S 127,239,240) (S 526,239,238) (S 525,238,408) (S 318,248,512) (S 132,248,249) (S 133,248,250) (S 425,614,615) (S 514,612,666) (S 515,667,243) (S 129,243,244) (S 427,617,199) (S 426,199,616) (D 0,0,0)
 0 1 4 95970 8861  8 (D 0,0,0) (S 632,504,291) (S 156,291,280) (S 268,280,447) (S 157,281,284) (S 153,284,285) (S 585,713,707) (D 0,0,0)
 0 1 5 95771 3525  10 (D 0,0,0) (S 108,201,202) (S 498,656,480) (S 495,235,655) (S 496,655,617) (S 537,611,677) (S 535,246,677) (S 538,677,678) (S 292,200,28) (D 0,0,0)
 0 1 6 95098 5997  9 (D 0,0,0) (S 242,407,247) (S 26,53,62) (S 543,679,680) (S 544,679,64) (S 568,53,697) (S 569,697,696) (S 323,119,88) (D 0,0,0)
 0 1 7 95661 5654  8 (D 0,0,0) (S 98,183,184) (S 201,350,184) (S 143,184,266) (S 193,46,344) (S 131,50,247) (S 243,407,402) (D 0,0,0)
 0 1 8 95448 7028  19 (D 0,0,0) (S 293,200,485) (S 353,522,551) (S 350,551,552) (S 358,551,317) (S 176,317,318) (S 65,127,126) (S 64,126,123) (S 63,125,123) (S 62,123,124) (S 327,525,526) (S 334,534,537) (S 555,534,260) (S 553,691,127) (S 566,127,318) (S 567,318,564) (S 368,564,553) (S 287,477,476) (D 0,0,0)
 0 1 9 92757 6786  13 (D 0,0,0) (S 558,693,682) (S 549,688,690) (S 548,687,686) (S 545,683,259) (S 138,259,32) (S 546,684,563) (S 367,563,562) (S 564,562,314) (S 173,312,311) (S 351,313,520) (S 326,520,519) (D 0,0,0)
 0 1 10 95352 7312  9 (D 0,0,0) (S 198,348,283) (S 778,287,456) (S 49,103,101) (S 48,101,102) (S 646,100,341) (S 345,544,506) (S 313,506,347) (D 0,0,0)
 0 1 11 94786 7118  7 (D 0,0,0) (S 55,111,110) (S 211,203,369) (S 109,203,162) (S 72,143,144) (S 80,162,146) (D 0,0,0)
 0 1 12 95277 5309  14 (D 0,0,0) (S 71,142,141) (S 390,141,189) (S 413,580,176) (S 94,175,176) (S 412,599,176) (S 411,597,598) (S 414,597,600) (S 382,578,579) (S 383,578,581) (S 389,141,523) (S 364,524,558) (S 361,558,27) (D 0,0,0)
 0 1 13 94006 3586  13 (D 0,0,0) (S 9,21,24) (S 391,24,585) (S 401,585,592) (S 399,592,586) (S 100,187,188) (S 403,187,191) (S 404,191,594) (S 409,594,190) (S 102,190,140) (S 70,140,139) (S 362,557,559) (D 0,0,0)
 0 1 14 94072 2248  7 (D 0,0,0) (S 7,21,22) (S 8,21,23) (S 441,577,609) (S 106,198,197) (S 379,195,575) (D 0,0,0)
 0 1 15 94613 3993  13 (D 0,0,0) (S 363,560,559) (S 360,557,139) (S 410,142,190) (S 101,190,189) (S 388,189,581) (S 99,185,186) (S 408,186,594) (S 400,593,594) (S 103,191,192) (S 402,187,586) (S 392,586,24) (D 0,0,0)
 0 1 16 95952 8182  13 (D 0,0,0) (S 676,762,397) (S 231,372,367) (S 683,389,79) (S 39,79,78) (S 225,78,384) (S 227,393,387) (S 224,387,388) (S 312,468,469) (S 684,470,766) (S 685,766,765) (S 690,368,770) (D 0,0,0)
 0 1 17 95223 9371  8 (D 0,0,0) (S 667,757,147) (S 316,37,509) (S 747,268,801) (S 752,801,787) (S 734,787,272) (S 250,421,308) (D 0,0,0)
 0 1 18 95630 8068  17 (D 0,0,0) (S 355,317,554) (S 281,459,126) (S 331,124,530) (S 592,719,720) (S 595,720,721) (S 593,721,704) (S 575,702,700) (S 571,700,701) (S 577,700,705) (S 582,711,705) (S 580,705,709) (S 581,709,710) (S 605,714,725) (S 606,725,726) (S 607,727,724) (D 0,0,0)
 0 1 19 95536 6806  5 (D 0,0,0) (S 640,745,533) (S 189,340,339) (S 639,745,546) (D 0,0,0)
 0 1 20 95015 7330  7 (D 0,0,0) (S 207,361,362) (S 697,396,377) (S 699,773,204) (S 110,203,204) (S 218,377,110) (D 0,0,0)
 0 1 21 95120 8246  13 (D 0,0,0) (S 570,698,699) (S 573,699,704) (S 572,702,703) (S 576,705,706) (S 578,706,570) (S 375,570,568) (S 371,568,319) (S 178,319,321) (S 282,460,321) (S 179,321,322) (S 181,322,324) (D 0,0,0)
 0 1 22 95815 8057  7 (D 0,0,0) (S 714,101,777) (S 718,778,292) (S 272,450,449) (S 269,449,448) (S 37,76,70) (D 0,0,0)
 0 1 23 95848 8132  12 (D 0,0,0) (S 61,122,123) (S 574,530,698) (S 594,699,720) (S 599,721,716) (S 598,717,722) (S 612,722,706) (S 611,706,715) (S 587,715,714) (S 610,725,723) (S 369,562,555) (D 0,0,0)
 0 1 24 95856 8570  9 (D 0,0,0) (S 25,60,61) (S 30,61,59) (S 628,730,743) (S 625,739,731) (S 626,740,741) (S 615,731,730) (S 617,730,732) (D 0,0,0)
 0 1 25 94947 7636  7 (D 0,0,0) (S 584,712,57) (S 28,57,44) (S 18,43,44) (S 19,44,48) (S 24,48,59) (D 0,0,0)
 0 1 26 95800 7674  7 (D 0,0,0) (S 196,347,348) (S 161,282,287) (S 270,76,448) (S 271,451,449) (S 273,451,75) (D 0,0,0)
 0 1 27 92101 3072  7 (D 0,0,0) (S 447,626,215) (S 117,220,221) (S 457,221,631) (S 240,403,401) (S 248,403,419) (D 0,0,0)
 0 1 28 95647 8724  9 (D 0,0,0) (S 158,293,291) (S 630,281,743) (S 651,743,739) (S 624,739,285) (S 154,286,174) (S 586,286,713) (S 650,713,739) (D 0,0,0)
 0 1 29 95158 7727  8 (D 0,0,0) (S 332,533,340) (S 185,331,332) (S 634,332,330) (S 633,330,729) (S 631,732,504) (S 648,528,747) (D 0,0,0)
 0 1 30 95751 8017  7 (D 0,0,0) (S 159,295,289) (S 717,289,779) (S 719,778,747) (S 311,503,504) (S 635,332,59) (D 0,0,0)
 0 1 31 95949 8452  11 (D 0,0,0) (S 339,506,287) (S 277,77,456) (S 780,456,69) (S 777,810,811) (S 779,811,69) (S 32,69,70) (S 168,303,302) (S 274,452,302) (S 36,74,72) (D 0,0,0)
 0 1 32 95749 6855  8 (D 0,0,0) (S 192,54,343) (S 636,547,336) (S 187,335,336) (S 637,336,744) (S 188,338,337) (S 643,335,545) (D 0,0,0)
 0 1 33 95938 8333  9 (D 0,0,0) (S 47,84,99) (S 46,98,99) (S 647,97,529) (S 330,502,527) (S 328,527,293) (S 649,748,746) (S 645,746,102) (D 0,0,0)
 0 1 34 95308 8030  11 (D 0,0,0) (S 42,85,84) (S 712,97,746) (S 309,499,501) (S 329,529,528) (S 310,503,502) (S 713,502,778) (S 716,778,779) (S 715,779,777) (S 711,777,295) (D 0,0,0)
 0 1 35 94884 8482  8 (D 0,0,0) (S 524,614,670) (S 128,241,242) (S 775,293,445) (S 267,445,446) (S 776,445,508) (S 315,454,303) (D 0,0,0)
 0 1 36 95968 9690  11 (D 0,0,0) (S 423,611,612) (S 155,108,283) (S 774,455,171) (S 85,168,164) (S 81,164,163) (S 147,166,275) (S 146,275,274) (S 771,274,809) (S 767,809,301) (D 0,0,0)
 0 1 37 93484 3825  11 (D 0,0,0) (S 501,660,659) (S 502,659,137) (S 504,137,661) (S 510,661,662) (S 507,662,663) (S 481,647,648) (S 480,648,649) (S 483,224,516) (S 6,19,18) (D 0,0,0)
 0 1 38 95401 3688  8 (D 0,0,0) (S 462,632,220) (S 1,3,4) (S 306,4,496) (S 295,486,38) (S 120,38,228) (S 484,228,414) (D 0,0,0)
 0 1 39 95528 6093  8 (D 0,0,0) (S 319,513,514) (S 657,514,357) (S 205,357,358) (S 661,752,357) (S 126,237,238) (S 523,241,670) (D 0,0,0)
 0 1 40 95979 6267  8 (D 0,0,0) (S 656,752,183) (S 96,183,182) (S 195,180,347) (S 199,116,264) (S 142,264,265) (S 200,181,349) (D 0,0,0)
 0 1 41 95224 5794  10 (D 0,0,0) (S 239,237,402) (S 658,49,514) (S 674,751,355) (S 673,355,761) (S 204,355,356) (S 672,356,753) (S 659,753,751) (S 655,751,752) (D 0,0,0)
 0 1 42 94812 8389  9 (D 0,0,0) (S 335,538,61) (S 627,48,742) (S 629,742,730) (S 616,707,728) (S 618,728,735) (S 619,735,734) (S 623,733,736) (D 0,0,0)
 0 1 43 95477 7164  9 (D 0,0,0) (S 554,554,127) (S 182,325,326) (S 608,326,723) (S 597,719,535) (S 333,535,530) (S 365,323,556) (S 359,556,521) (D 0,0,0)
 0 1 44 95444 8496  8 (D 0,0,0) (S 354,554,459) (S 352,459,505) (S 589,718,712) (S 590,712,569) (S 579,707,708) (S 583,708,57) (D 0,0,0)
 0 1 45 95773 8902  8 (D 0,0,0) (S 177,319,320) (S 372,566,510) (S 613,511,728) (S 622,738,737) (S 620,737,736) (S 621,736,58) (D 0,0,0)
 0 1 46 95862 5995  11 (D 0,0,0) (S 172,309,310) (S 324,309,519) (S 349,478,255) (S 136,255,256) (S 542,258,120) (S 60,120,121) (S 347,548,257) (S 137,257,258) (S 325,256,476) (D 0,0,0)
 0 1 47 95510 7385  9 (D 0,0,0) (S 644,337,531) (S 614,500,729) (S 184,330,329) (S 638,532,338) (S 642,744,339) (S 641,745,60) (S 31,60,55) (D 0,0,0)
 0 1 48 95763 7905  13 (D 0,0,0) (S 370,564,565) (S 550,565,691) (S 557,691,260) (S 139,260,30) (S 140,261,30) (S 12,30,31) (S 13,31,32) (S 551,685,692) (S 547,685,35) (S 14,33,34) (S 560,693,695) (D 0,0,0)
 0 1 49 95002 9578  9 (D 0,0,0) (S 21,52,47) (S 17,41,42) (S 280,458,42) (S 22,42,56) (S 317,47,510) (S 373,327,52) (S 374,52,569) (D 0,0,0)
 0 1 50 95947 6578  11 (D 0,0,0) (S 290,484,134) (S 289,134,483) (S 509,483,653) (S 652,749,750) (S 654,750,343) (S 653,343,547) (S 344,547,545) (S 340,542,543) (S 343,547,333) (D 0,0,0)
 0 1 51 95688 7348  12 (D 0,0,0) (S 552,691,536) (S 604,124,724) (S 609,727,326) (S 600,723,698) (S 602,698,719) (S 601,719,324) (S 603,324,718) (S 591,718,538) (S 336,538,323) (S 556,556,550) (D 0,0,0)
 0 1 52 95710 7405  7 (D 0,0,0) (S 229,373,395) (S 213,371,151) (S 78,152,160) (S 215,160,373) (S 233,374,363) (D 0,0,0)
 0 1 53 95474 5466  9 (D 0,0,0) (S 376,523,572) (S 395,591,590) (S 194,345,346) (S 57,113,114) (S 58,114,115) (S 432,115,591) (S 398,591,572) (D 0,0,0)
 0 1 54 93875 5939  9 (D 0,0,0) (S 381,23,573) (S 407,572,596) (S 5,16,17) (S 430,618,619) (S 4,14,15) (S 431,15,619) (S 433,619,115) (D 0,0,0)
 0 1 55 95269 8441  8 (D 0,0,0) (S 10,25,26) (S 151,161,279) (S 152,279,278) (S 727,278,783) (S 728,783,172) (S 89,172,37) (D 0,0,0)
 0 1 56 95904 7839  6 (D 0,0,0) (S 216,374,159) (S 77,159,145) (S 43,91,90) (S 314,92,507) (D 0,0,0)
 0 1 57 95382 6441  8 (D 0,0,0) (S 377,573,560) (S 209,366,365) (S 232,92,365) (S 208,363,364) (S 396,364,589) (S 397,113,345) (D 0,0,0)
 0 1 58 95984 7419  11 (D 0,0,0) (S 234,111,397) (S 698,773,158) (S 79,158,159) (S 221,159,381) (S 702,381,382) (S 222,382,383) (S 704,382,378) (S 220,379,380) (S 706,379,109) (D 0,0,0)
 0 1 59 95699 6704  8 (D 0,0,0) (S 56,110,112) (S 700,204,112) (S 701,112,756) (S 665,755,353) (S 203,353,352) (S 202,352,351) (D 0,0,0)
 0 1 60 93379 6254  9 (D 0,0,0) (S 671,178,760) (S 668,351,758) (S 669,758,759) (S 670,758,754) (S 662,754,353) (S 663,756,755) (S 405,94,595) (D 0,0,0)
 0 1 61 95919 6515  7 (D 0,0,0) (S 660,349,147) (S 666,757,354) (S 664,755,94) (S 44,93,94) (S 226,111,94) (D 0,0,0)
 0 1 62 95750 7251  8 (D 0,0,0) (S 687,373,767) (S 688,768,769) (S 686,768,767) (S 691,767,770) (S 692,770,395) (S 230,363,396) (D 0,0,0)
 0 1 63 95824 7442  9 (D 0,0,0) (S 162,118,108) (S 53,108,104) (S 50,104,105) (S 51,104,106) (S 710,776,106) (S 52,106,107) (S 54,107,109) (D 0,0,0)
 0 1 64 95738 7970  8 (D 0,0,0) (S 380,557,523) (S 251,153,422) (S 212,154,370) (S 682,79,765) (S 689,765,368) (S 210,368,367) (D 0,0,0)
 0 1 65 95724 8648  9 (D 0,0,0) (S 170,173,308) (S 169,306,307) (S 729,307,421) (S 730,421,783) (S 726,279,441) (S 723,781,782) (S 249,420,160) (D 0,0,0)
 0 1 66 94472 7036  10 (D 0,0,0) (S 59,117,118) (S 160,118,267) (S 721,774,780) (S 707,109,775) (S 708,775,146) (S 384,582,245) (S 385,245,584) (S 387,584,583) (D 0,0,0)
 0 1 67 95275 9042  11 (D 0,0,0) (S 90,172,80) (S 40,80,81) (S 93,80,173) (S 265,170,443) (S 772,443,444) (S 773,444,306) (S 223,306,308) (S 38,69,77) (S 278,77,288) (D 0,0,0)
 0 1 68 95269 9939  8 (D 0,0,0) (S 276,304,455) (S 86,169,168) (S 84,165,167) (S 253,167,424) (S 769,440,424) (S 766,424,809) (D 0,0,0)
 0 1 69 95715 6390  9 (D 0,0,0) (S 346,255,257) (S 348,549,539) (S 338,540,539) (S 337,539,55) (S 186,333,334) (S 342,333,546) (S 29,63,62) (D 0,0,0)
 0 1 70 95486 8582  8 (D 0,0,0) (S 180,323,324) (S 588,322,716) (S 596,722,568) (S 183,327,328) (S 27,52,58) (S 23,58,57) (D 0,0,0)
 0 1 71 95643 10375  10 (D 0,0,0) (S 255,67,428) (S 256,429,430) (S 736,795,790) (S 735,793,794) (S 217,375,296) (S 41,82,83) (S 167,82,171) (S 87,171,170) (D 0,0,0)
 0 1 72 95925 9262  7 (D 0,0,0) (S 266,444,270) (S 148,276,277) (S 166,301,277) (S 165,297,82) (S 92,170,173) (D 0,0,0)
 0 1 73 92295 7442  7 (D 0,0,0) (S 73,147,146) (S 219,144,378) (S 705,381,36) (S 88,36,145) (S 76,158,143) (D 0,0,0)
 0 1 74 94667 9355  8 (D 0,0,0) (S 171,307,272) (S 149,273,270) (S 252,271,423) (S 759,423,300) (S 163,277,297) (S 164,297,298) (D 0,0,0)
 0 1 75 95787 10064  8 (D 0,0,0) (S 758,805,806) (S 760,375,797) (S 738,797,12) (S 260,12,439) (S 3,12,13) (S 755,796,425) (D 0,0,0)
 0 1 76 95719 10192  12 (D 0,0,0) (S 259,437,438) (S 737,437,796) (S 258,435,436) (S 731,784,785) (S 739,785,431) (S 257,431,432) (S 748,798,433) (S 746,802,803) (S 749,803,800) (S 745,800,801) (D 0,0,0)
 0 1 77 95830 8940  7 (D 0,0,0) (S 751,157,800) (S 750,800,786) (S 754,788,803) (S 761,802,807) (S 762,807,149) (D 0,0,0)
 0 1 78 95738 9076  8 (D 0,0,0) (S 763,150,808) (S 765,808,427) (S 740,799,428) (S 741,428,68) (S 74,66,148) (S 694,771,392) (D 0,0,0)
 0 1 79 95578 8380  7 (D 0,0,0) (S 228,394,390) (S 695,771,772) (S 693,771,155) (S 75,157,149) (S 45,95,96) (D 0,0,0)
 0 1 80 95190 9071  7 (D 0,0,0) (S 254,65,427) (S 764,427,799) (S 742,799,429) (S 743,429,798) (S 744,433,795) (D 0,0,0)
 0 1 81 95878 9049  8 (D 0,0,0) (S 753,156,801) (S 732,787,786) (S 733,786,788) (S 756,804,805) (S 757,805,273) (S 145,269,268) (D 0,0,0)
 0 1 82 95336 9689  8 (D 0,0,0) (S 197,182,180) (S 261,275,440) (S 768,440,165) (S 82,165,166) (S 83,166,163) (S 394,164,588) (D 0,0,0)
 0 1 83 91666 5908  10 (D 0,0,0) (S 406,572,595) (S 679,595,763) (S 680,763,359) (S 681,764,359) (S 206,359,360) (S 677,763,360) (S 678,360,762) (S 675,762,589) (D 0,0,0)
 0 1 84 93407 7832  9 (D 0,0,0) (S 214,372,152) (S 262,152,441) (S 725,441,781) (S 722,781,420) (S 724,420,37) (S 15,37,36) (S 696,773,377) (D 0,0,0)
 0 1 85 95108 6703  8 (D 0,0,0) (S 97,179,177) (S 95,177,181) (S 703,267,774) (S 720,774,776) (S 709,776,775) (S 144,267,264) (D 0,0,0)
 0 1 86 95790 9501  9 (D 0,0,0) (S 264,443,276) (S 150,277,274) (S 770,274,442) (S 263,163,442) (S 393,587,169) (S 91,169,171) (S 275,453,452) (D 0,0,0)
 0 1 87 46970 1004  8 (D 0,0,0) (S 286,466,467) (S 285,464,465) (S 284,463,464) (S 283,461,462) (S 417,603,604) (S 418,605,603) (D 0,0,0)
 0 1 88 95488 3943  9 (D 0,0,0) (S 245,414,413) (S 478,413,646) (S 479,646,232) (S 123,232,233) (S 304,232,493) (S 487,494,645) (S 485,645,131) (D 0,0,0)
 0 1 89 95346 4640  7 (D 0,0,0) (S 321,516,497) (S 541,517,652) (S 490,650,651) (S 491,652,492) (S 302,492,232) (D 0,0,0)
 0 1 90 94380 1925  7 (D 0,0,0) (S 421,606,607) (S 416,574,193) (S 415,193,601) (S 104,193,194) (S 105,194,196) (D 0,0,0)
 0 1 91 94498 3704  9 (D 0,0,0) (S 500,658,657) (S 506,664,657) (S 499,657,414) (S 244,411,410) (S 482,405,647) (S 477,647,646) (S 445,419,208) (D 0,0,0)
 0 1 92 95151 7704  8 (D 0,0,0) (S 191,51,342) (S 341,541,544) (S 190,341,294) (S 33,71,72) (S 34,73,72) (S 35,74,75) (D 0,0,0)
 0 1 93 95954 4536  12 (D 0,0,0) (S 497,485,235) (S 124,235,234) (S 125,234,236) (S 513,236,654) (S 519,654,612) (S 429,612,615) (S 424,614,409) (S 539,643,490) (S 298,490,86) (S 135,253,254) (D 0,0,0)
 0 1 94 93252 2366  9 (D 0,0,0) (S 446,215,208) (S 111,208,207) (S 453,209,628) (S 448,628,211) (S 113,211,212) (S 436,213,622) (S 452,622,607) (D 0,0,0)
 0 1 95 93233 4997  8 (D 0,0,0) (S 299,490,130) (S 134,252,129) (S 300,251,130) (S 66,130,128) (S 540,128,253) (S 322,87,474) (D 0,0,0)
 0 1 96 95169 5411  17 (D 0,0,0) (S 378,576,575) (S 461,216,633) (S 115,216,217) (S 175,315,316) (S 463,315,498) (S 308,498,495) (S 305,495,4) (S 468,4,635) (S 466,635,636) (S 467,637,638) (S 472,638,639) (S 473,638,642) (S 471,641,640) (S 470,640,496) (S 114,214,215) (D 0,0,0)
 0 1 97 94817 4729  11 (D 0,0,0) (S 303,132,229) (S 121,229,230) (S 122,230,231) (S 320,515,7) (S 11,6,29) (S 2,9,10) (S 489,10,5) (S 297,487,489) (S 474,489,634) (D 0,0,0)
 0 1 98 89468 6058  14 (D 0,0,0) (S 512,660,482) (S 291,482,135) (S 559,518,262) (S 562,262,561) (S 366,263,561) (S 561,561,695) (S 565,695,312) (S 563,312,314) (S 174,314,313) (S 357,313,311) (S 356,311,263) (S 141,263,262) (D 0,0,0)
 0 1 99 93907 3477  10 (D 0,0,0) (S 112,208,210) (S 238,401,398) (S 235,398,206) (S 236,205,399) (S 237,399,400) (S 241,400,404) (S 459,216,631) (S 460,631,632) (D 0,0,0)
 0 1 100 95124 3676  15 (D 0,0,0) (S 419,607,198) (S 437,624,623) (S 511,658,660) (S 503,659,136) (S 69,136,135) (S 288,135,479) (S 508,479,663) (S 505,663,406) (S 119,226,227) (S 247,226,418) (S 494,412,653) (S 493,138,654) (S 517,236,484) (D 0,0,0)
 0 1 101 95957 5050  13 (D 0,0,0) (S 528,667,672) (S 527,672,671) (S 534,671,675) (S 533,676,675) (S 532,675,673) (S 529,673,672) (S 530,674,673) (S 531,673,669) (S 516,668,669) (S 518,669,667) (S 520,243,666) (D 0,0,0)
 0 1 102 95675 4605  5 (D 0,0,0) (S 536,246,584) (S 386,49,582) (S 130,245,246) (D 0,0,0)
 0 1 103 93737 2666  6 (D 0,0,0) (S 422,606,610) (S 434,213,620) (S 442,620,609) (S 420,198,608) (D 0,0,0)
 0 1 104 95718 4285  12 (D 0,0,0) (S 438,212,625) (S 455,625,630) (S 450,629,630) (S 454,630,214) (S 486,228,133) (S 67,131,132) (S 296,132,488) (S 307,488,38) (S 16,39,40) (S 488,40,5) (D 0,0,0)
 0 1 105 88839 3075  11 (D 0,0,0) (S 435,212,621) (S 444,621,627) (S 279,457,209) (S 246,415,223) (S 118,223,222) (S 476,222,416) (S 440,417,457) (S 443,457,627) (S 449,627,211) (D 0,0,0)
