712362
106
2400557
2312252
 0 1 1 80952 1800  6 (D 0,0,0) (S 378,576,575) (S 452,607,622) (S 436,622,213) (S 434,213,620) (D 0,0,0)
 0 1 2 88235 3602  16 (D 0,0,0) (S 437,624,623) (S 511,658,660) (S 501,660,659) (S 503,659,136) (S 69,136,135) (S 288,135,479) (S 247,418,226) (S 119,226,227) (S 505,406,663) (S 507,663,662) (S 510,662,661) (S 499,657,414) (S 440,417,457) (S 443,457,627) (D 0,0,0)
 0 1 3 94540 3337  8 (D 0,0,0) (S 449,211,627) (S 478,413,646) (S 477,646,647) (S 482,647,405) (S 244,410,411) (S 245,413,414) (D 0,0,0)
 0 1 4 95917 4577  12 (D 0,0,0) (S 484,414,228) (S 67,131,132) (S 296,132,488) (S 307,488,38) (S 16,39,40) (S 489,5,10) (S 2,10,9) (S 320,515,7) (S 122,231,230) (S 121,230,229) (D 0,0,0)
 0 1 5 90303 4173  9 (D 0,0,0) (S 479,646,232) (S 123,232,233) (S 304,232,493) (S 303,229,132) (S 487,494,645) (S 485,645,131) (S 486,133,228) (D 0,0,0)
 0 1 6 94381 4220  7 (D 0,0,0) (S 120,228,38) (S 11,6,29) (S 488,5,40) (S 295,38,486) (S 297,487,489) (D 0,0,0)
 0 1 7 86924 4939  15 (D 0,0,0) (S 1,3,4) (S 468,4,635) (S 466,635,636) (S 467,637,638) (S 472,638,639) (S 473,638,642) (S 471,641,640) (S 470,640,496) (S 306,496,4) (S 305,4,495) (S 308,495,498) (S 463,498,315) (S 175,315,316) (D 0,0,0)
 0 1 8 95361 3780  10 (D 0,0,0) (S 460,632,631) (S 457,631,221) (S 465,218,2) (S 464,2,634) (S 474,634,489) (S 475,634,222) (S 444,627,621) (S 435,621,212) (D 0,0,0)
 0 1 9 85947 3098  12 (D 0,0,0) (S 438,212,625) (S 451,214,628) (S 453,628,209) (S 456,209,415) (S 246,415,223) (S 118,223,222) (S 476,222,416) (S 279,457,209) (S 448,628,211) (S 113,211,212) (D 0,0,0)
 0 1 10 95495 3609  14 (D 0,0,0) (S 446,215,208) (S 445,208,419) (S 238,401,398) (S 235,398,206) (S 236,205,399) (S 237,399,400) (S 241,400,404) (S 114,215,214) (S 454,214,630) (S 450,629,630) (S 455,630,625) (S 439,625,626) (D 0,0,0)
 0 1 11 92126 2960  7 (D 0,0,0) (S 112,208,210) (S 111,207,208) (S 248,419,403) (S 240,403,401) (S 447,215,626) (D 0,0,0)
 0 1 12 93552 3573  9 (D 0,0,0) (S 459,631,216) (S 461,216,633) (S 115,216,217) (S 116,217,218) (S 458,217,221) (S 117,221,220) (S 462,220,632) (D 0,0,0)
 0 1 13 93051 3928  10 (D 0,0,0) (S 502,659,137) (S 504,137,661) (S 508,663,479) (S 483,516,224) (S 480,648,649) (S 481,648,647) (S 506,664,657) (S 500,657,658) (D 0,0,0)
 0 1 14 91882 4991  9 (D 0,0,0) (S 294,485,484) (S 135,253,254) (S 540,253,128) (S 66,128,130) (S 298,490,86) (S 291,135,482) (S 512,482,660) (D 0,0,0)
 0 1 15 95986 5069  16 (D 0,0,0) (S 293,200,485) (S 517,484,236) (S 513,236,654) (S 519,654,612) (S 518,667,669) (S 516,668,669) (S 531,669,673) (S 530,674,673) (S 532,673,675) (S 533,676,675) (S 534,675,671) (S 527,671,672) (S 529,673,672) (S 528,672,667) (D 0,0,0)
 0 1 16 91885 6805  8 (D 0,0,0) (S 423,611,612) (S 641,60,745) (S 640,745,533) (S 332,533,340) (S 189,340,339) (S 20,50,49) (D 0,0,0)
 0 1 17 95985 5566  6 (D 0,0,0) (S 239,237,402) (S 657,514,357) (S 193,46,344) (S 301,45,491) (D 0,0,0)
 0 1 18 95346 4640  7 (D 0,0,0) (S 321,516,497) (S 541,517,652) (S 490,650,651) (S 491,652,492) (S 302,492,232) (D 0,0,0)
 0 1 19 95354 6133  11 (D 0,0,0) (S 172,309,310) (S 324,309,519) (S 136,256,255) (S 346,255,257) (S 347,257,548) (S 60,121,120) (S 556,550,556) (S 359,556,521) (S 287,477,476) (D 0,0,0)
 0 1 20 95013 6558  8 (D 0,0,0) (S 173,311,312) (S 563,314,312) (S 565,312,695) (S 549,688,690) (S 548,687,686) (S 561,695,561) (D 0,0,0)
 0 1 21 95879 7189  14 (D 0,0,0) (S 562,262,561) (S 558,693,682) (S 547,685,35) (S 14,33,34) (S 551,685,692) (S 545,683,259) (S 138,259,32) (S 546,684,563) (S 367,563,562) (S 564,562,314) (S 174,314,313) (S 351,313,520) (D 0,0,0)
 0 1 22 95619 7573  16 (D 0,0,0) (S 141,262,263) (S 356,263,311) (S 357,311,313) (S 350,551,552) (S 176,317,318) (S 604,124,724) (S 557,691,260) (S 139,260,30) (S 140,261,30) (S 12,30,31) (S 13,31,32) (S 560,693,695) (S 366,561,263) (S 559,262,518) (D 0,0,0)
 0 1 23 95504 6950  9 (D 0,0,0) (S 289,134,483) (S 509,483,653) (S 660,349,147) (S 109,162,203) (S 211,203,369) (S 110,203,204) (S 700,204,112) (D 0,0,0)
 0 1 24 95527 4867  10 (D 0,0,0) (S 130,246,245) (S 386,49,582) (S 384,582,245) (S 385,245,584) (S 387,584,583) (S 364,524,558) (S 361,558,27) (S 10,25,26) (D 0,0,0)
 0 1 25 94693 5351  15 (D 0,0,0) (S 377,573,560) (S 101,190,189) (S 388,189,581) (S 382,578,579) (S 411,597,598) (S 414,597,600) (S 412,599,176) (S 94,175,176) (S 413,176,580) (S 383,578,581) (S 99,185,186) (S 408,186,594) (S 100,187,188) (D 0,0,0)
 0 1 26 95090 6843  10 (D 0,0,0) (S 380,557,523) (S 405,595,94) (S 44,93,94) (S 663,755,756) (S 701,756,112) (S 699,204,773) (S 696,773,377) (S 209,365,366) (D 0,0,0)
 0 1 27 94056 5466  9 (D 0,0,0) (S 362,559,557) (S 432,591,115) (S 58,115,114) (S 57,114,113) (S 397,113,345) (S 194,345,346) (S 395,590,591) (D 0,0,0)
 0 1 28 95578 6071  13 (D 0,0,0) (S 381,23,573) (S 398,572,591) (S 675,589,762) (S 678,762,360) (S 206,360,359) (S 681,764,359) (S 680,359,763) (S 679,763,595) (S 406,595,572) (S 390,141,189) (S 410,190,142) (D 0,0,0)
 0 1 29 95306 2251  7 (D 0,0,0) (S 8,23,21) (S 9,21,24) (S 391,24,585) (S 401,585,592) (S 399,592,586) (D 0,0,0)
 0 1 30 92760 4119  13 (D 0,0,0) (S 7,21,22) (S 392,24,586) (S 402,586,187) (S 403,187,191) (S 103,191,192) (S 404,191,594) (S 400,593,594) (S 409,594,190) (S 102,190,140) (S 70,140,139) (S 360,139,557) (D 0,0,0)
 0 1 31 95650 4863  11 (D 0,0,0) (S 292,28,200) (S 290,484,134) (S 6,18,19) (S 322,474,87) (S 134,129,252) (S 300,251,130) (S 299,130,490) (S 539,490,643) (S 107,199,200) (D 0,0,0)
 0 1 32 95647 7135  8 (D 0,0,0) (S 427,199,617) (S 721,774,780) (S 706,109,379) (S 219,378,144) (S 72,143,144) (S 80,162,146) (D 0,0,0)
 0 1 33 93915 4410  15 (D 0,0,0) (S 425,615,614) (S 524,614,670) (S 523,670,241) (S 128,241,242) (S 521,241,239) (S 127,239,240) (S 526,239,238) (S 525,238,408) (S 132,248,249) (S 318,248,512) (S 133,248,250) (S 126,237,238) (S 522,670,615) (D 0,0,0)
 0 1 34 95089 6070  11 (D 0,0,0) (S 428,617,613) (S 205,357,358) (S 655,752,751) (S 674,751,355) (S 673,355,761) (S 204,355,356) (S 672,356,753) (S 659,753,751) (S 242,247,407) (D 0,0,0)
 0 1 35 92714 5846  9 (D 0,0,0) (S 68,134,138) (S 469,407,491) (S 143,266,184) (S 201,350,184) (S 98,184,183) (S 658,514,49) (S 426,199,616) (D 0,0,0)
 0 1 36 95673 3937  10 (D 0,0,0) (S 495,235,655) (S 496,655,617) (S 537,611,677) (S 538,677,678) (S 535,677,246) (S 536,246,584) (S 389,523,141) (S 71,141,142) (D 0,0,0)
 0 1 37 75709 1770  6 (D 0,0,0) (S 416,574,193) (S 415,193,601) (S 104,193,194) (S 105,194,196) (D 0,0,0)
 0 1 38 89831 2037  7 (D 0,0,0) (S 422,606,610) (S 421,606,607) (S 419,607,198) (S 420,198,608) (S 106,198,197) (D 0,0,0)
 0 1 39 94706 2398  7 (D 0,0,0) (S 108,201,202) (S 498,480,656) (S 442,620,609) (S 441,609,577) (S 379,195,575) (D 0,0,0)
 0 1 40 46970 1004  8 (D 0,0,0) (S 417,603,604) (S 418,605,603) (S 285,464,465) (S 284,463,464) (S 286,466,467) (S 283,461,462) (D 0,0,0)
 0 1 41 89579 4255  14 (D 0,0,0) (S 497,485,235) (S 124,235,234) (S 125,234,236) (S 493,654,138) (S 492,138,653) (S 494,653,412) (S 424,409,614) (S 429,615,612) (S 520,666,243) (S 515,667,243) (S 129,243,244) (S 514,666,612) (D 0,0,0)
 0 1 42 94663 8797  10 (D 0,0,0) (S 278,288,77) (S 277,77,456) (S 780,456,69) (S 275,452,453) (S 776,508,445) (S 267,445,446) (S 775,445,293) (S 717,289,779) (D 0,0,0)
 0 1 43 95771 7838  6 (D 0,0,0) (S 718,778,292) (S 272,450,449) (S 271,449,451) (S 273,451,75) (D 0,0,0)
 0 1 44 94502 8140  7 (D 0,0,0) (S 270,76,448) (S 37,76,70) (S 168,303,302) (S 274,302,452) (S 315,454,303) (D 0,0,0)
 0 1 45 95533 9152  7 (D 0,0,0) (S 276,304,455) (S 770,442,274) (S 150,274,277) (S 148,277,276) (S 264,276,443) (D 0,0,0)
 0 1 46 93903 9267  7 (D 0,0,0) (S 773,306,444) (S 266,444,270) (S 252,271,423) (S 759,423,300) (S 167,82,171) (D 0,0,0)
 0 1 47 93776 9073  9 (D 0,0,0) (S 87,170,171) (S 393,169,587) (S 394,588,164) (S 85,164,168) (S 86,168,169) (S 91,169,171) (S 774,171,455) (D 0,0,0)
 0 1 48 95378 8553  10 (D 0,0,0) (S 158,293,291) (S 630,281,743) (S 651,743,739) (S 625,739,731) (S 626,740,741) (S 615,731,730) (S 617,730,732) (S 633,729,330) (D 0,0,0)
 0 1 49 95594 7880  8 (D 0,0,0) (S 631,732,504) (S 311,504,503) (S 310,503,502) (S 713,502,778) (S 719,778,747) (S 649,748,746) (D 0,0,0)
 0 1 50 93716 7746  8 (D 0,0,0) (S 190,341,294) (S 33,71,72) (S 34,73,72) (S 49,103,101) (S 714,777,101) (S 48,101,102) (D 0,0,0)
 0 1 51 95498 7657  11 (D 0,0,0) (S 340,542,543) (S 345,506,544) (S 646,341,100) (S 645,102,746) (S 712,746,97) (S 46,98,99) (S 47,99,84) (S 42,84,85) (S 637,336,744) (D 0,0,0)
 0 1 52 95300 7245  8 (D 0,0,0) (S 642,339,744) (S 638,338,532) (S 184,329,330) (S 634,330,332) (S 635,332,59) (S 131,50,247) (D 0,0,0)
 0 1 53 93636 6169  9 (D 0,0,0) (S 191,51,342) (S 544,64,679) (S 543,679,680) (S 26,62,53) (S 568,53,697) (S 569,697,696) (S 323,119,88) (D 0,0,0)
 0 1 54 95822 7987  8 (D 0,0,0) (S 326,519,520) (S 584,712,57) (S 583,57,708) (S 579,708,707) (S 629,730,742) (S 627,742,48) (D 0,0,0)
 0 1 55 95502 7384  7 (D 0,0,0) (S 24,59,48) (S 18,43,44) (S 19,44,48) (S 30,59,61) (S 31,60,55) (D 0,0,0)
 0 1 56 93621 6600  7 (D 0,0,0) (S 343,333,547) (S 643,545,335) (S 187,335,336) (S 636,336,547) (S 652,750,749) (D 0,0,0)
 0 1 57 95362 6867  7 (D 0,0,0) (S 654,750,343) (S 653,343,547) (S 639,745,546) (S 338,540,539) (S 137,257,258) (D 0,0,0)
 0 1 58 95909 7255  11 (D 0,0,0) (S 349,255,478) (S 567,564,318) (S 553,127,691) (S 555,260,534) (S 334,534,537) (S 327,525,526) (S 182,325,326) (S 609,326,727) (S 369,562,555) (D 0,0,0)
 0 1 59 95527 6947  12 (D 0,0,0) (S 368,553,564) (S 370,564,565) (S 550,565,691) (S 552,691,536) (S 607,724,727) (S 600,723,698) (S 574,698,530) (S 333,535,530) (S 331,530,124) (S 566,127,318) (D 0,0,0)
 0 1 60 93444 7387  7 (D 0,0,0) (S 185,331,332) (S 614,729,500) (S 644,531,337) (S 188,337,338) (S 192,343,54) (D 0,0,0)
 0 1 61 95605 8731  9 (D 0,0,0) (S 29,62,63) (S 25,60,61) (S 21,52,47) (S 317,47,510) (S 372,510,566) (S 619,734,735) (S 620,737,736) (D 0,0,0)
 0 1 62 93886 8372  7 (D 0,0,0) (S 621,58,736) (S 623,736,733) (S 183,327,328) (S 373,327,52) (S 27,52,58) (D 0,0,0)
 0 1 63 95635 8353  8 (D 0,0,0) (S 28,44,57) (S 23,57,58) (S 622,737,738) (S 618,735,728) (S 613,728,511) (S 616,728,707) (D 0,0,0)
 0 1 64 95429 8534  8 (D 0,0,0) (S 268,280,447) (S 624,285,739) (S 586,713,286) (S 154,286,174) (S 153,285,284) (S 157,284,281) (D 0,0,0)
 0 1 65 95381 7645  10 (D 0,0,0) (S 161,282,287) (S 38,77,69) (S 779,69,811) (S 777,810,811) (S 778,456,287) (S 339,287,506) (S 313,506,347) (S 197,180,182) (D 0,0,0)
 0 1 66 95979 6267  8 (D 0,0,0) (S 656,752,183) (S 96,183,182) (S 195,180,347) (S 199,116,264) (S 142,264,265) (S 200,181,349) (D 0,0,0)
 0 1 67 95833 6980  9 (D 0,0,0) (S 144,264,267) (S 160,267,118) (S 162,118,108) (S 53,108,104) (S 50,104,105) (S 51,104,106) (S 155,108,283) (D 0,0,0)
 0 1 68 94540 8506  9 (D 0,0,0) (S 198,348,283) (S 36,72,74) (S 269,448,449) (S 156,291,280) (S 632,291,504) (S 329,528,529) (S 647,529,97) (D 0,0,0)
 0 1 69 95867 8989  10 (D 0,0,0) (S 344,547,545) (S 341,541,544) (S 648,747,528) (S 309,499,501) (S 628,730,743) (S 650,739,713) (S 585,713,707) (S 335,61,538) (D 0,0,0)
 0 1 70 95046 8684  18 (D 0,0,0) (S 597,535,719) (S 602,719,698) (S 570,698,699) (S 593,704,721) (S 599,721,716) (S 582,711,705) (S 576,705,706) (S 612,706,722) (S 177,319,320) (S 375,568,570) (S 578,570,706) (S 611,706,715) (S 587,715,714) (S 62,124,123) (S 64,123,126) (S 281,126,459) (D 0,0,0)
 0 1 71 95919 6789  10 (D 0,0,0) (S 353,522,551) (S 355,317,554) (S 354,554,459) (S 336,323,538) (S 591,538,718) (S 603,718,324) (S 180,324,323) (S 365,323,556) (D 0,0,0)
 0 1 72 95961 8182  12 (D 0,0,0) (S 601,324,719) (S 595,720,721) (S 588,716,322) (S 179,322,321) (S 282,460,321) (S 178,321,319) (S 371,319,568) (S 596,568,722) (S 598,722,717) (S 181,322,324) (D 0,0,0)
 0 1 73 95778 8458  20 (D 0,0,0) (S 592,719,720) (S 594,720,699) (S 573,699,704) (S 572,702,703) (S 575,702,700) (S 571,700,701) (S 577,700,705) (S 580,705,709) (S 581,709,710) (S 605,714,725) (S 606,725,726) (S 610,725,723) (S 608,723,326) (S 63,125,123) (S 61,122,123) (S 65,126,127) (S 554,127,554) (S 358,317,551) (D 0,0,0)
 0 1 74 94121 6284  8 (D 0,0,0) (S 186,333,334) (S 342,333,546) (S 337,55,539) (S 348,539,549) (S 542,120,258) (S 325,256,476) (D 0,0,0)
 0 1 75 95853 6668  7 (D 0,0,0) (S 243,402,407) (S 73,147,146) (S 708,146,775) (S 707,109,775) (S 703,774,267) (D 0,0,0)
 0 1 76 94024 7012  9 (D 0,0,0) (S 666,354,757) (S 667,757,147) (S 709,775,776) (S 720,776,774) (S 59,118,117) (S 95,181,177) (S 97,177,179) (D 0,0,0)
 0 1 77 95416 7845  9 (D 0,0,0) (S 196,347,348) (S 159,295,289) (S 328,293,527) (S 330,527,502) (S 716,778,779) (S 715,779,777) (S 711,777,295) (D 0,0,0)
 0 1 78 95965 8549  8 (D 0,0,0) (S 250,308,421) (S 727,783,278) (S 152,278,279) (S 726,279,441) (S 249,420,160) (S 233,374,363) (D 0,0,0)
 0 1 79 95886 7632  8 (D 0,0,0) (S 216,374,159) (S 221,159,381) (S 704,382,378) (S 54,109,107) (S 52,107,106) (S 710,106,776) (D 0,0,0)
 0 1 80 90938 6259  8 (D 0,0,0) (S 668,351,758) (S 669,758,759) (S 670,758,754) (S 662,754,353) (S 665,353,755) (S 664,755,94) (D 0,0,0)
 0 1 81 94058 6898  7 (D 0,0,0) (S 203,353,352) (S 202,352,351) (S 671,760,178) (S 661,752,357) (S 319,513,514) (D 0,0,0)
 0 1 82 95838 6504  7 (D 0,0,0) (S 376,523,572) (S 55,111,110) (S 56,112,110) (S 218,110,377) (S 697,377,396) (D 0,0,0)
 0 1 83 90840 7101  9 (D 0,0,0) (S 232,365,92) (S 43,90,91) (S 77,145,159) (S 79,159,158) (S 76,158,143) (S 698,158,773) (S 676,397,762) (D 0,0,0)
 0 1 84 95454 6631  7 (D 0,0,0) (S 396,589,364) (S 208,364,363) (S 230,363,396) (S 207,361,362) (S 677,360,763) (D 0,0,0)
 0 1 85 92175 5939  8 (D 0,0,0) (S 433,115,619) (S 431,619,15) (S 4,14,15) (S 430,619,618) (S 5,16,17) (S 407,596,572) (D 0,0,0)
 0 1 86 93662 7882  5 (D 0,0,0) (S 314,92,507) (S 687,373,767) (S 692,770,395) (D 0,0,0)
 0 1 87 95855 9856  11 (D 0,0,0) (S 231,372,367) (S 744,795,433) (S 748,433,798) (S 731,784,785) (S 739,785,431) (S 257,431,432) (S 736,795,790) (S 754,788,803) (S 751,800,157) (D 0,0,0)
 0 1 88 92393 10050  11 (D 0,0,0) (S 750,800,786) (S 733,786,788) (S 735,793,794) (S 755,425,796) (S 737,796,437) (S 259,437,438) (S 217,375,296) (S 164,297,298) (S 165,297,82) (D 0,0,0)
 0 1 89 95913 9808  7 (D 0,0,0) (S 146,274,275) (S 261,275,440) (S 769,440,424) (S 768,440,165) (S 81,163,164) (D 0,0,0)
 0 1 90 94286 9970  10 (D 0,0,0) (S 771,274,809) (S 766,809,424) (S 253,424,167) (S 84,167,165) (S 82,165,166) (S 147,275,166) (S 83,166,163) (S 263,163,442) (D 0,0,0)
 0 1 91 95487 9560  8 (D 0,0,0) (S 757,273,805) (S 758,805,806) (S 767,809,301) (S 166,301,277) (S 163,277,297) (S 41,82,83) (D 0,0,0)
 0 1 92 95865 9748  13 (D 0,0,0) (S 90,172,80) (S 40,80,81) (S 93,80,173) (S 169,306,307) (S 171,307,272) (S 149,273,270) (S 747,801,268) (S 723,781,782) (S 724,420,37) (S 316,37,509) (S 15,37,36) (D 0,0,0)
 0 1 93 95581 8753  9 (D 0,0,0) (S 89,37,172) (S 92,173,170) (S 265,170,443) (S 772,443,444) (S 223,306,308) (S 170,308,173) (S 32,70,69) (D 0,0,0)
 0 1 94 95522 8484  6 (D 0,0,0) (S 728,172,783) (S 730,783,421) (S 729,421,307) (S 35,75,74) (D 0,0,0)
 0 1 95 94488 10370  11 (D 0,0,0) (S 722,420,781) (S 725,781,441) (S 756,805,804) (S 760,375,797) (S 738,797,12) (S 260,12,439) (S 3,12,13) (S 258,435,436) (S 732,786,787) (D 0,0,0)
 0 1 96 92205 8656  6 (D 0,0,0) (S 753,156,801) (S 752,801,787) (S 734,787,272) (S 145,269,268) (D 0,0,0)
 0 1 97 95358 7907  6 (D 0,0,0) (S 213,371,151) (S 251,153,422) (S 694,771,392) (S 228,390,394) (D 0,0,0)
 0 1 98 93170 8118  6 (D 0,0,0) (S 212,370,154) (S 75,149,157) (S 693,155,771) (S 695,771,772) (D 0,0,0)
 0 1 99 93586 9193  8 (D 0,0,0) (S 224,387,388) (S 227,393,387) (S 749,800,803) (S 746,803,802) (S 761,802,807) (S 762,807,149) (D 0,0,0)
 0 1 100 95950 9338  7 (D 0,0,0) (S 74,66,148) (S 255,67,428) (S 741,68,428) (S 764,799,427) (S 765,427,808) (D 0,0,0)
 0 1 101 95368 9419  10 (D 0,0,0) (S 740,428,799) (S 742,799,429) (S 256,429,430) (S 743,429,798) (S 745,800,801) (S 229,395,373) (S 234,397,111) (S 226,111,94) (D 0,0,0)
 0 1 102 95834 7682  8 (D 0,0,0) (S 215,373,160) (S 88,145,36) (S 705,36,381) (S 702,381,382) (S 222,382,383) (S 220,379,380) (D 0,0,0)
 0 1 103 94569 7899  6 (D 0,0,0) (S 78,160,152) (S 262,152,441) (S 151,279,161) (S 214,152,372) (D 0,0,0)
 0 1 104 93043 8002  15 (D 0,0,0) (S 363,560,559) (S 210,367,368) (S 682,765,79) (S 683,79,389) (S 225,78,384) (S 312,468,469) (S 684,470,766) (S 685,766,765) (S 689,765,368) (S 690,368,770) (S 691,770,767) (S 688,768,769) (S 686,768,767) (D 0,0,0)
 0 1 105 95038 8828  6 (D 0,0,0) (S 39,79,78) (S 45,95,96) (S 763,150,808) (S 254,427,65) (D 0,0,0)
 0 1 106 95488 9320  9 (D 0,0,0) (S 280,458,42) (S 22,42,56) (S 17,42,41) (S 374,52,569) (S 590,569,712) (S 589,712,718) (S 352,505,459) (D 0,0,0)
