720089
107
2400624
2388995
 0 1 1 89927 3944  10 (D 0,0,0) (S 457,631,221) (S 458,221,217) (S 116,217,218) (S 175,315,316) (S 465,218,2) (S 464,2,634) (S 475,634,222) (S 114,214,215) (D 0,0,0)
 0 1 2 95665 3016  10 (D 0,0,0) (S 447,626,215) (S 446,215,208) (S 445,208,419) (S 248,419,403) (S 448,628,211) (S 444,627,621) (S 435,621,212) (S 436,213,622) (D 0,0,0)
 0 1 3 91678 4714  12 (D 0,0,0) (S 500,658,657) (S 499,657,414) (S 67,131,132) (S 303,132,229) (S 121,229,230) (S 122,230,231) (S 320,515,7) (S 11,6,29) (S 2,9,10) (S 489,10,5) (D 0,0,0)
 0 1 4 95385 3497  8 (D 0,0,0) (S 449,211,627) (S 245,414,413) (S 244,411,410) (S 482,405,647) (S 119,227,226) (S 69,135,136) (D 0,0,0)
 0 1 5 95471 3106  11 (D 0,0,0) (S 111,208,207) (S 456,209,415) (S 246,415,223) (S 118,223,222) (S 476,222,416) (S 443,457,627) (S 113,211,212) (S 438,212,625) (S 439,625,626) (D 0,0,0)
 0 1 6 92857 3964  7 (D 0,0,0) (S 297,489,487) (S 295,486,38) (S 488,40,5) (S 16,40,39) (S 120,38,228) (D 0,0,0)
 0 1 7 94134 4292  9 (D 0,0,0) (S 484,414,228) (S 307,38,488) (S 296,488,132) (S 487,494,645) (S 477,646,647) (S 481,647,648) (S 480,648,649) (D 0,0,0)
 0 1 8 92788 5001  8 (D 0,0,0) (S 379,575,195) (S 299,490,130) (S 300,130,251) (S 134,252,129) (S 66,130,128) (S 540,128,253) (D 0,0,0)
 0 1 9 92769 2496  7 (D 0,0,0) (S 105,196,194) (S 104,194,193) (S 415,193,601) (S 416,193,574) (S 108,201,202) (D 0,0,0)
 0 1 10 94384 7128  10 (D 0,0,0) (S 380,557,523) (S 396,589,364) (S 209,366,365) (S 688,768,769) (S 686,768,767) (S 687,767,373) (S 230,363,396) (S 676,397,762) (D 0,0,0)
 0 1 11 94797 4967  15 (D 0,0,0) (S 463,315,498) (S 308,498,495) (S 305,495,4) (S 468,4,635) (S 466,635,636) (S 467,637,638) (S 472,638,639) (S 473,638,642) (S 471,641,640) (S 470,640,496) (S 474,634,489) (S 306,496,4) (S 1,4,3) (D 0,0,0)
 0 1 12 94634 8369  14 (D 0,0,0) (S 333,535,530) (S 600,698,723) (S 581,709,710) (S 576,705,706) (S 578,706,570) (S 375,570,568) (S 598,722,717) (S 599,716,721) (S 595,721,720) (S 592,720,719) (S 601,719,324) (S 180,324,323) (D 0,0,0)
 0 1 13 94837 8628  7 (D 0,0,0) (S 362,559,557) (S 75,157,149) (S 762,149,807) (S 254,427,65) (S 228,390,394) (D 0,0,0)
 0 1 14 95917 4640  14 (D 0,0,0) (S 497,485,235) (S 124,235,234) (S 125,234,236) (S 513,236,654) (S 519,654,612) (S 129,243,244) (S 515,667,243) (S 514,666,612) (S 424,614,409) (S 6,18,19) (S 247,418,226) (S 505,406,663) (D 0,0,0)
 0 1 15 94165 6668  12 (D 0,0,0) (S 562,262,561) (S 546,684,563) (S 367,563,562) (S 369,562,555) (S 347,257,548) (S 60,121,120) (S 542,120,258) (S 137,258,257) (S 346,257,255) (S 349,255,478) (D 0,0,0)
 0 1 16 94879 6888  16 (D 0,0,0) (S 288,135,479) (S 172,309,310) (S 325,476,256) (S 136,256,255) (S 564,562,314) (S 174,314,313) (S 351,520,313) (S 357,313,311) (S 366,263,561) (S 565,695,312) (S 563,314,312) (S 173,312,311) (S 356,311,263) (S 141,263,262) (D 0,0,0)
 0 1 17 94818 6789  11 (D 0,0,0) (S 287,476,477) (S 359,521,556) (S 365,556,323) (S 603,324,718) (S 591,718,538) (S 336,538,323) (S 352,505,459) (S 354,459,554) (S 290,134,484) (D 0,0,0)
 0 1 18 95760 8134  7 (D 0,0,0) (S 583,57,708) (S 579,708,707) (S 616,707,728) (S 617,730,732) (S 614,729,500) (D 0,0,0)
 0 1 19 91071 6453  8 (D 0,0,0) (S 559,518,262) (S 548,686,687) (S 549,688,690) (S 551,685,692) (S 558,682,693) (S 560,693,695) (D 0,0,0)
 0 1 20 95725 7595  15 (D 0,0,0) (S 512,660,482) (S 291,482,135) (S 561,561,695) (S 14,33,34) (S 547,35,685) (S 545,683,259) (S 138,259,32) (S 13,32,31) (S 12,31,30) (S 140,261,30) (S 139,30,260) (S 557,260,691) (S 176,318,317) (D 0,0,0)
 0 1 21 46970 1004  8 (D 0,0,0) (S 417,603,604) (S 418,605,603) (S 285,464,465) (S 284,463,464) (S 286,466,467) (S 283,461,462) (D 0,0,0)
 0 1 22 94191 5049  13 (D 0,0,0) (S 538,677,678) (S 537,677,611) (S 423,611,612) (S 524,614,670) (S 523,670,241) (S 128,241,242) (S 526,239,238) (S 539,643,490) (S 298,490,86) (S 135,253,254) (S 322,87,474) (D 0,0,0)
 0 1 23 95957 5050  13 (D 0,0,0) (S 520,666,243) (S 528,667,672) (S 529,672,673) (S 530,674,673) (S 532,673,675) (S 533,676,675) (S 534,675,671) (S 527,671,672) (S 531,673,669) (S 516,668,669) (S 518,669,667) (D 0,0,0)
 0 1 24 92676 4663  8 (D 0,0,0) (S 485,131,645) (S 304,493,232) (S 491,492,652) (S 490,650,651) (S 541,652,517) (S 321,497,516) (D 0,0,0)
 0 1 25 37189 1162  3 (D 0,0,0) (S 422,606,610) (D 0,0,0)
 0 1 26 93322 6778  17 (D 0,0,0) (S 324,309,519) (S 326,519,520) (S 368,553,564) (S 370,564,565) (S 550,565,691) (S 555,260,534) (S 334,534,537) (S 327,525,526) (S 552,536,691) (S 553,691,127) (S 554,127,554) (S 358,317,551) (S 350,551,552) (S 353,551,522) (S 293,485,200) (D 0,0,0)
 0 1 27 91994 4290  9 (D 0,0,0) (S 535,677,246) (S 536,246,584) (S 387,584,583) (S 389,523,141) (S 388,189,581) (S 390,189,141) (S 71,141,142) (D 0,0,0)
 0 1 28 70114 1809  7 (D 0,0,0) (S 421,606,607) (S 420,198,608) (S 441,609,577) (S 106,197,198) (S 419,198,607) (D 0,0,0)
 0 1 29 94508 10143  9 (D 0,0,0) (S 773,306,444) (S 3,13,12) (S 260,12,439) (S 738,12,797) (S 737,437,796) (S 733,788,786) (S 750,786,800) (D 0,0,0)
 0 1 30 95306 2251  7 (D 0,0,0) (S 8,23,21) (S 391,24,585) (S 401,585,592) (S 399,592,586) (S 9,24,21) (D 0,0,0)
 0 1 31 93402 8156  13 (D 0,0,0) (S 652,749,750) (S 340,542,543) (S 341,541,544) (S 646,341,100) (S 645,102,746) (S 649,748,746) (S 49,101,103) (S 190,294,341) (S 47,99,84) (S 188,337,338) (S 642,744,339) (D 0,0,0)
 0 1 32 95830 7732  5 (D 0,0,0) (S 212,370,154) (S 251,153,422) (S 214,152,372) (D 0,0,0)
 0 1 33 90351 5279  14 (D 0,0,0) (S 410,142,190) (S 409,190,594) (S 408,594,186) (S 99,186,185) (S 383,581,578) (S 382,578,579) (S 412,599,176) (S 94,175,176) (S 413,176,580) (S 414,597,600) (S 411,597,598) (S 101,189,190) (D 0,0,0)
 0 1 34 95376 9710  12 (D 0,0,0) (S 751,157,800) (S 745,800,801) (S 752,801,787) (S 732,787,786) (S 754,788,803) (S 746,803,802) (S 744,795,433) (S 748,433,798) (S 743,798,429) (S 256,429,430) (D 0,0,0)
 0 1 35 94959 6810  8 (D 0,0,0) (S 96,183,182) (S 195,180,347) (S 339,506,287) (S 155,108,283) (S 198,283,348) (S 196,348,347) (D 0,0,0)
 0 1 36 95993 7166  7 (D 0,0,0) (S 721,774,780) (S 720,774,776) (S 50,104,105) (S 162,108,118) (S 160,118,267) (D 0,0,0)
 0 1 37 95937 9744  9 (D 0,0,0) (S 266,444,270) (S 146,274,275) (S 768,440,165) (S 83,166,163) (S 81,163,164) (S 85,164,168) (S 91,169,171) (D 0,0,0)
 0 1 38 95778 9181  8 (D 0,0,0) (S 747,268,801) (S 753,801,156) (S 695,771,772) (S 694,771,392) (S 224,387,388) (S 227,393,387) (D 0,0,0)
 0 1 39 95486 10199  9 (D 0,0,0) (S 757,273,805) (S 756,805,804) (S 259,437,438) (S 258,435,436) (S 731,784,785) (S 739,785,431) (S 257,431,432) (D 0,0,0)
 0 1 40 93064 8366  7 (D 0,0,0) (S 210,367,368) (S 689,368,765) (S 39,79,78) (S 45,95,96) (S 693,155,771) (D 0,0,0)
 0 1 41 92751 9937  9 (D 0,0,0) (S 776,445,508) (S 82,166,165) (S 84,165,167) (S 253,167,424) (S 771,809,274) (S 150,274,277) (S 149,270,273) (D 0,0,0)
 0 1 42 94955 8689  9 (D 0,0,0) (S 233,363,374) (S 88,145,36) (S 89,37,172) (S 728,172,783) (S 169,306,307) (S 727,783,278) (S 152,278,279) (D 0,0,0)
 0 1 43 90858 4193  13 (D 0,0,0) (S 7,21,22) (S 392,24,586) (S 402,586,187) (S 100,187,188) (S 403,187,191) (S 103,191,192) (S 404,191,594) (S 400,593,594) (S 102,190,140) (S 70,140,139) (S 360,139,557) (D 0,0,0)
 0 1 44 93954 5631  11 (D 0,0,0) (S 377,573,560) (S 364,558,524) (S 376,523,572) (S 677,763,360) (S 678,360,762) (S 397,113,345) (S 194,345,346) (S 395,590,591) (S 398,591,572) (D 0,0,0)
 0 1 45 87366 6206  5 (D 0,0,0) (S 142,265,264) (S 144,264,267) (S 660,147,349) (D 0,0,0)
 0 1 46 95904 7839  6 (D 0,0,0) (S 314,92,507) (S 43,90,91) (S 77,145,159) (S 216,159,374) (D 0,0,0)
 0 1 47 95178 7721  10 (D 0,0,0) (S 683,389,79) (S 682,79,765) (S 312,468,469) (S 684,470,766) (S 685,766,765) (S 690,368,770) (S 691,770,767) (S 692,770,395) (D 0,0,0)
 0 1 48 95687 9578  8 (D 0,0,0) (S 223,308,306) (S 758,805,806) (S 760,375,797) (S 755,796,425) (S 735,794,793) (S 734,787,272) (D 0,0,0)
 0 1 49 95421 9230  6 (D 0,0,0) (S 74,66,148) (S 255,67,428) (S 742,799,429) (S 761,802,807) (D 0,0,0)
 0 1 50 93506 9017  8 (D 0,0,0) (S 741,68,428) (S 740,428,799) (S 764,799,427) (S 765,427,808) (S 763,808,150) (S 225,384,78) (D 0,0,0)
 0 1 51 95619 9640  9 (D 0,0,0) (S 770,442,274) (S 766,809,424) (S 769,424,440) (S 261,440,275) (S 147,275,166) (S 263,163,442) (S 774,171,455) (D 0,0,0)
 0 1 52 95990 9032  7 (D 0,0,0) (S 275,452,453) (S 86,169,168) (S 394,164,588) (S 393,587,169) (S 276,455,304) (D 0,0,0)
 0 1 53 95665 9637  8 (D 0,0,0) (S 749,800,803) (S 736,795,790) (S 217,375,296) (S 759,300,423) (S 252,423,271) (S 405,94,595) (D 0,0,0)
 0 1 54 95911 8774  8 (D 0,0,0) (S 730,783,421) (S 250,421,308) (S 170,308,173) (S 93,173,80) (S 40,80,81) (S 90,80,172) (D 0,0,0)
 0 1 55 91154 7405  6 (D 0,0,0) (S 231,372,367) (S 213,371,151) (S 78,152,160) (S 215,160,373) (D 0,0,0)
 0 1 56 95742 8887  11 (D 0,0,0) (S 151,161,279) (S 729,421,307) (S 171,307,272) (S 145,269,268) (S 726,279,441) (S 725,441,781) (S 723,781,782) (S 722,781,420) (S 15,37,36) (D 0,0,0)
 0 1 57 94934 5982  8 (D 0,0,0) (S 679,595,763) (S 681,764,359) (S 675,762,589) (S 57,113,114) (S 58,114,115) (S 432,115,591) (D 0,0,0)
 0 1 58 95633 9054  8 (D 0,0,0) (S 92,173,170) (S 264,443,276) (S 148,276,277) (S 163,277,297) (S 167,82,171) (S 87,171,170) (D 0,0,0)
 0 1 59 93985 8546  11 (D 0,0,0) (S 10,25,26) (S 361,27,558) (S 234,111,397) (S 232,365,92) (S 229,373,395) (S 262,152,441) (S 316,37,509) (S 724,37,420) (S 249,420,160) (D 0,0,0)
 0 1 60 95992 8049  8 (D 0,0,0) (S 34,73,72) (S 36,72,74) (S 315,303,454) (S 274,452,302) (S 168,302,303) (S 278,77,288) (D 0,0,0)
 0 1 61 92831 7783  10 (D 0,0,0) (S 197,182,180) (S 780,456,69) (S 32,69,70) (S 777,810,811) (S 779,811,69) (S 38,69,77) (S 277,77,456) (S 778,456,287) (D 0,0,0)
 0 1 62 83146 1800  6 (D 0,0,0) (S 442,609,620) (S 434,620,213) (S 452,622,607) (S 378,575,576) (D 0,0,0)
 0 1 63 95582 7790  7 (D 0,0,0) (S 37,70,76) (S 270,76,448) (S 269,448,449) (S 272,449,450) (S 161,287,282) (D 0,0,0)
 0 1 64 95382 8119  9 (D 0,0,0) (S 717,289,779) (S 713,778,502) (S 328,527,293) (S 718,292,778) (S 719,778,747) (S 712,746,97) (S 42,84,85) (D 0,0,0)
 0 1 65 95162 8603  11 (D 0,0,0) (S 158,293,291) (S 156,291,280) (S 157,281,284) (S 630,281,743) (S 651,743,739) (S 625,739,731) (S 626,740,741) (S 615,731,730) (S 629,730,742) (D 0,0,0)
 0 1 66 95291 7571  6 (D 0,0,0) (S 159,295,289) (S 271,449,451) (S 273,451,75) (S 35,75,74) (D 0,0,0)
 0 1 67 95289 9849  10 (D 0,0,0) (S 623,736,733) (S 373,327,52) (S 22,42,56) (S 280,458,42) (S 17,42,41) (S 317,47,510) (S 372,510,566) (S 619,734,735) (D 0,0,0)
 0 1 68 93815 7715  7 (D 0,0,0) (S 46,98,99) (S 48,102,101) (S 714,101,777) (S 711,777,295) (S 33,71,72) (D 0,0,0)
 0 1 69 92131 4124  15 (D 0,0,0) (S 294,485,484) (S 289,134,483) (S 509,483,653) (S 494,653,412) (S 133,250,248) (S 132,248,249) (S 318,248,512) (S 525,408,238) (S 127,239,240) (S 521,239,241) (S 522,670,615) (S 429,615,612) (S 107,199,200) (D 0,0,0)
 0 1 70 95333 4769  8 (D 0,0,0) (S 498,656,480) (S 495,235,655) (S 496,655,617) (S 130,246,245) (S 384,245,582) (S 386,582,49) (D 0,0,0)
 0 1 71 95407 6957  8 (D 0,0,0) (S 342,546,333) (S 636,547,336) (S 637,336,744) (S 638,338,532) (S 189,340,339) (S 31,60,55) (D 0,0,0)
 0 1 72 93759 7528  8 (D 0,0,0) (S 425,615,614) (S 25,60,61) (S 30,61,59) (S 635,59,332) (S 634,332,330) (S 627,742,48) (D 0,0,0)
 0 1 73 93590 8375  8 (D 0,0,0) (S 621,58,736) (S 620,736,737) (S 622,737,738) (S 618,735,728) (S 613,728,511) (S 185,332,331) (D 0,0,0)
 0 1 74 93869 6449  9 (D 0,0,0) (S 323,88,119) (S 569,696,697) (S 568,697,53) (S 26,53,62) (S 654,750,343) (S 343,547,333) (S 186,333,334) (D 0,0,0)
 0 1 75 95414 7561  8 (D 0,0,0) (S 344,547,545) (S 643,545,335) (S 644,337,531) (S 309,499,501) (S 648,528,747) (S 345,544,506) (D 0,0,0)
 0 1 76 95277 6862  7 (D 0,0,0) (S 385,584,245) (S 641,60,745) (S 640,745,533) (S 332,533,340) (S 639,745,546) (D 0,0,0)
 0 1 77 93678 6563  8 (D 0,0,0) (S 556,556,550) (S 348,549,539) (S 338,540,539) (S 337,539,55) (S 653,547,343) (S 192,343,54) (D 0,0,0)
 0 1 78 95563 7640  15 (D 0,0,0) (S 574,530,698) (S 570,698,699) (S 573,699,704) (S 575,702,700) (S 571,700,701) (S 577,700,705) (S 580,705,709) (S 605,714,725) (S 606,725,726) (S 610,725,723) (S 608,723,326) (S 281,126,459) (S 355,554,317) (D 0,0,0)
 0 1 79 93548 8328  6 (D 0,0,0) (S 27,58,52) (S 21,52,47) (S 23,58,57) (S 19,44,48) (D 0,0,0)
 0 1 80 95497 8702  7 (D 0,0,0) (S 628,730,743) (S 624,739,285) (S 268,280,447) (S 632,291,504) (S 184,330,329) (D 0,0,0)
 0 1 81 94847 8675  8 (D 0,0,0) (S 153,284,285) (S 154,286,174) (S 586,286,713) (S 650,739,713) (S 585,713,707) (S 24,48,59) (D 0,0,0)
 0 1 82 91317 8401  8 (D 0,0,0) (S 181,324,322) (S 179,322,321) (S 183,327,328) (S 374,52,569) (S 590,569,712) (S 589,712,718) (D 0,0,0)
 0 1 83 91495 7741  9 (D 0,0,0) (S 335,538,61) (S 633,330,729) (S 631,732,504) (S 311,504,503) (S 329,528,529) (S 647,529,97) (S 187,335,336) (D 0,0,0)
 0 1 84 95621 8348  10 (D 0,0,0) (S 597,535,719) (S 602,719,698) (S 593,721,704) (S 572,702,703) (S 582,705,711) (S 584,712,57) (S 28,57,44) (S 18,43,44) (D 0,0,0)
 0 1 85 95924 8587  12 (D 0,0,0) (S 594,699,720) (S 588,716,322) (S 282,460,321) (S 178,321,319) (S 177,319,320) (S 371,319,568) (S 596,568,722) (S 612,722,706) (S 611,706,715) (S 587,715,714) (D 0,0,0)
 0 1 86 94506 7098  11 (D 0,0,0) (S 199,264,116) (S 59,117,118) (S 53,108,104) (S 51,104,106) (S 710,106,776) (S 703,774,267) (S 667,147,757) (S 662,754,353) (S 663,756,755) (D 0,0,0)
 0 1 87 88897 6177  11 (D 0,0,0) (S 239,237,402) (S 674,751,355) (S 673,355,761) (S 204,355,356) (S 672,356,753) (S 95,177,181) (S 200,181,349) (S 659,753,751) (S 655,751,752) (D 0,0,0)
 0 1 88 94294 7189  9 (D 0,0,0) (S 243,402,407) (S 97,179,177) (S 709,775,776) (S 52,106,107) (S 54,107,109) (S 708,775,146) (S 73,146,147) (D 0,0,0)
 0 1 89 93729 6515  8 (D 0,0,0) (S 668,351,758) (S 669,758,759) (S 670,758,754) (S 666,757,354) (S 701,756,112) (S 56,112,110) (D 0,0,0)
 0 1 90 92888 6129  7 (D 0,0,0) (S 671,178,760) (S 202,351,352) (S 203,352,353) (S 665,353,755) (S 664,755,94) (D 0,0,0)
 0 1 91 87116 7214  8 (D 0,0,0) (S 205,357,358) (S 80,146,162) (S 109,162,203) (S 211,203,369) (S 110,203,204) (S 363,559,560) (D 0,0,0)
 0 1 92 95348 5394  9 (D 0,0,0) (S 131,247,50) (S 143,266,184) (S 201,350,184) (S 98,184,183) (S 656,183,752) (S 661,752,357) (S 657,357,514) (D 0,0,0)
 0 1 93 92222 5673  8 (D 0,0,0) (S 292,28,200) (S 68,134,138) (S 492,138,653) (S 319,513,514) (S 658,514,49) (S 126,237,238) (D 0,0,0)
 0 1 94 95356 6004  8 (D 0,0,0) (S 428,617,613) (S 543,679,680) (S 544,679,64) (S 29,63,62) (S 191,51,342) (S 193,46,344) (D 0,0,0)
 0 1 95 95166 9760  9 (D 0,0,0) (S 265,170,443) (S 772,443,444) (S 166,277,301) (S 767,301,809) (S 164,297,298) (S 165,297,82) (S 41,82,83) (D 0,0,0)
 0 1 96 94231 9051  10 (D 0,0,0) (S 426,199,616) (S 313,347,506) (S 715,777,779) (S 716,779,778) (S 310,502,503) (S 330,502,527) (S 775,293,445) (S 267,445,446) (D 0,0,0)
 0 1 97 95242 7411  9 (D 0,0,0) (S 72,143,144) (S 219,144,378) (S 704,378,382) (S 222,382,383) (S 220,379,380) (S 706,379,109) (S 707,109,775) (D 0,0,0)
 0 1 98 94956 6635  6 (D 0,0,0) (S 208,364,363) (S 207,361,362) (S 226,111,94) (S 406,595,572) (D 0,0,0)
 0 1 99 93875 5939  9 (D 0,0,0) (S 381,23,573) (S 407,572,596) (S 5,16,17) (S 430,618,619) (S 431,619,15) (S 4,14,15) (S 433,619,115) (D 0,0,0)
 0 1 100 93142 3381  9 (D 0,0,0) (S 460,632,631) (S 459,631,216) (S 241,400,404) (S 237,400,399) (S 236,399,205) (S 235,206,398) (S 238,398,401) (D 0,0,0)
 0 1 101 91907 4908  8 (D 0,0,0) (S 517,484,236) (S 493,654,138) (S 242,407,247) (S 20,49,50) (S 301,45,491) (S 469,491,407) (D 0,0,0)
 0 1 102 95902 7238  14 (D 0,0,0) (S 64,126,123) (S 61,122,123) (S 63,125,123) (S 331,530,124) (S 182,325,326) (S 609,326,727) (S 607,727,724) (S 604,724,124) (S 62,124,123) (S 65,126,127) (S 566,127,318) (S 567,318,564) (D 0,0,0)
 0 1 103 94394 4377  12 (D 0,0,0) (S 511,658,660) (S 503,659,136) (S 510,661,662) (S 507,662,663) (S 508,663,479) (S 483,516,224) (S 302,492,232) (S 123,232,233) (S 479,232,646) (S 478,646,413) (D 0,0,0)
 0 1 104 82704 3588  15 (D 0,0,0) (S 455,625,630) (S 450,629,630) (S 454,630,214) (S 451,214,628) (S 453,628,209) (S 279,209,457) (S 440,457,417) (S 486,228,133) (S 506,657,664) (S 504,661,137) (S 502,137,659) (S 501,659,660) (S 437,623,624) (D 0,0,0)
 0 1 105 95637 3499  8 (D 0,0,0) (S 462,632,220) (S 117,220,221) (S 115,217,216) (S 461,216,633) (S 240,401,403) (S 112,208,210) (D 0,0,0)
 0 1 106 95377 7557  12 (D 0,0,0) (S 427,199,617) (S 702,382,381) (S 705,36,381) (S 221,381,159) (S 79,159,158) (S 76,158,143) (S 698,158,773) (S 697,377,396) (S 206,360,359) (S 680,359,763) (D 0,0,0)
 0 1 107 94349 6634  8 (D 0,0,0) (S 44,93,94) (S 700,112,204) (S 699,204,773) (S 696,773,377) (S 218,377,110) (S 55,110,111) (D 0,0,0)
