712918
106
2400545
2173482
 0 1 1 46970 1004  8 (D 0,0,0) (S 283,461,462) (S 285,464,465) (S 284,463,464) (S 286,466,467) (S 418,605,603) (S 417,603,604) (D 0,0,0)
 0 1 2 95593 3261  13 (D 0,0,0) (S 439,626,625) (S 455,625,630) (S 450,629,630) (S 454,630,214) (S 451,214,628) (S 453,628,209) (S 111,207,208) (S 462,632,220) (S 457,221,631) (S 248,403,419) (S 447,215,626) (D 0,0,0)
 0 1 3 92675 2094  7 (D 0,0,0) (S 419,607,198) (S 420,198,608) (S 442,609,620) (S 434,620,213) (S 421,607,606) (D 0,0,0)
 0 1 4 95282 2969  10 (D 0,0,0) (S 438,212,625) (S 456,209,415) (S 246,415,223) (S 118,223,222) (S 476,222,416) (S 440,417,457) (S 444,627,621) (S 435,621,212) (D 0,0,0)
 0 1 5 95930 6771  10 (D 0,0,0) (S 517,484,236) (S 492,138,653) (S 721,774,780) (S 708,775,146) (S 73,146,147) (S 667,147,757) (S 666,757,354) (S 663,756,755) (D 0,0,0)
 0 1 6 95616 3530  9 (D 0,0,0) (S 448,211,628) (S 279,209,457) (S 245,414,413) (S 478,413,646) (S 477,646,647) (S 482,647,405) (S 244,410,411) (D 0,0,0)
 0 1 7 95832 6070  11 (D 0,0,0) (S 239,237,402) (S 672,753,356) (S 204,356,355) (S 673,355,761) (S 674,355,751) (S 655,751,752) (S 661,752,357) (S 205,357,358) (S 657,357,514) (D 0,0,0)
 0 1 8 90645 4561  16 (D 0,0,0) (S 292,28,200) (S 293,200,485) (S 124,235,234) (S 125,234,236) (S 513,236,654) (S 519,654,612) (S 424,614,409) (S 494,412,653) (S 509,653,483) (S 68,134,138) (S 493,138,654) (S 129,243,244) (S 515,667,243) (S 514,666,612) (D 0,0,0)
 0 1 9 94182 5233  14 (D 0,0,0) (S 101,190,189) (S 413,580,176) (S 94,175,176) (S 412,599,176) (S 411,597,598) (S 414,597,600) (S 382,578,579) (S 383,578,581) (S 388,581,189) (S 390,189,141) (S 71,141,142) (S 360,139,557) (D 0,0,0)
 0 1 10 94605 4927  6 (D 0,0,0) (S 322,474,87) (S 135,253,254) (S 540,253,128) (S 66,128,130) (D 0,0,0)
 0 1 11 88962 7251  16 (D 0,0,0) (S 368,553,564) (S 370,564,565) (S 550,565,691) (S 557,691,260) (S 334,534,537) (S 139,260,30) (S 140,261,30) (S 12,30,31) (S 13,31,32) (S 565,695,312) (S 173,312,311) (S 357,311,313) (S 351,313,520) (S 326,520,519) (D 0,0,0)
 0 1 12 95238 6210  16 (D 0,0,0) (S 512,660,482) (S 324,309,519) (S 174,313,314) (S 564,314,562) (S 369,562,555) (S 349,478,255) (S 347,257,548) (S 60,121,120) (S 542,120,258) (S 137,258,257) (S 346,257,255) (S 136,255,256) (S 325,256,476) (S 289,483,134) (D 0,0,0)
 0 1 13 95930 6388  10 (D 0,0,0) (S 561,561,695) (S 560,695,693) (S 558,693,682) (S 14,33,34) (S 547,35,685) (S 366,561,263) (S 141,263,262) (S 559,262,518) (D 0,0,0)
 0 1 14 95788 6789  9 (D 0,0,0) (S 353,522,551) (S 354,554,459) (S 180,323,324) (S 603,324,718) (S 591,718,538) (S 336,538,323) (S 365,323,556) (D 0,0,0)
 0 1 15 91746 7186  11 (D 0,0,0) (S 567,564,318) (S 555,260,534) (S 327,525,526) (S 331,530,124) (S 62,124,123) (S 61,122,123) (S 63,125,123) (S 64,123,126) (S 566,127,318) (D 0,0,0)
 0 1 16 90832 3764  9 (D 0,0,0) (S 294,485,484) (S 290,484,134) (S 6,18,19) (S 483,516,224) (S 480,648,649) (S 481,648,647) (S 449,627,211) (D 0,0,0)
 0 1 17 95520 8472  16 (D 0,0,0) (S 597,535,719) (S 602,719,698) (S 570,698,699) (S 573,699,704) (S 572,702,703) (S 575,702,700) (S 571,700,701) (S 577,700,705) (S 576,705,706) (S 612,706,722) (S 178,319,321) (S 282,460,321) (S 179,321,322) (S 181,322,324) (D 0,0,0)
 0 1 18 94621 8632  8 (D 0,0,0) (S 584,712,57) (S 623,736,733) (S 372,566,510) (S 317,510,47) (S 21,47,52) (S 28,57,44) (D 0,0,0)
 0 1 19 90956 2251  6 (D 0,0,0) (S 8,23,21) (S 399,586,592) (S 401,592,585) (S 391,585,24) (D 0,0,0)
 0 1 20 93307 2096  6 (D 0,0,0) (S 422,606,610) (S 436,213,622) (S 452,622,607) (S 378,575,576) (D 0,0,0)
 0 1 21 95122 6934  8 (D 0,0,0) (S 186,333,334) (S 344,547,545) (S 341,541,544) (S 339,506,287) (S 161,287,282) (S 195,347,180) (D 0,0,0)
 0 1 22 93706 7040  8 (D 0,0,0) (S 44,93,94) (S 56,110,112) (S 700,112,204) (S 211,203,369) (S 109,203,162) (S 80,162,146) (D 0,0,0)
 0 1 23 92699 7243  5 (D 0,0,0) (S 209,366,365) (S 314,92,507) (S 208,363,364) (D 0,0,0)
 0 1 24 92946 7105  12 (D 0,0,0) (S 356,263,311) (S 563,312,314) (S 367,562,563) (S 546,563,684) (S 138,32,259) (S 545,259,683) (S 549,688,690) (S 548,687,686) (S 551,685,692) (S 562,561,262) (D 0,0,0)
 0 1 25 92520 6152  6 (D 0,0,0) (S 658,49,514) (S 319,513,514) (S 193,46,344) (S 20,50,49) (D 0,0,0)
 0 1 26 95467 6312  6 (D 0,0,0) (S 218,377,110) (S 55,110,111) (S 226,111,94) (S 405,94,595) (D 0,0,0)
 0 1 27 93907 3477  10 (D 0,0,0) (S 112,208,210) (S 460,632,631) (S 459,631,216) (S 241,400,404) (S 237,400,399) (S 236,399,205) (S 235,206,398) (S 238,398,401) (D 0,0,0)
 0 1 28 82700 3403  7 (D 0,0,0) (S 240,403,401) (S 461,216,633) (S 115,216,217) (S 458,217,221) (S 117,221,220) (D 0,0,0)
 0 1 29 94797 4991  15 (D 0,0,0) (S 463,315,498) (S 308,498,495) (S 305,495,4) (S 1,3,4) (S 468,4,635) (S 466,635,636) (S 467,637,638) (S 472,638,639) (S 473,638,642) (S 471,641,640) (S 470,640,496) (S 306,496,4) (S 474,489,634) (D 0,0,0)
 0 1 30 95605 9794  10 (D 0,0,0) (S 90,172,80) (S 40,80,81) (S 87,170,171) (S 166,277,301) (S 252,423,271) (S 149,273,270) (S 266,270,444) (S 773,444,306) (D 0,0,0)
 0 1 31 95705 6457  9 (D 0,0,0) (S 381,23,573) (S 203,353,352) (S 202,352,351) (S 671,760,178) (S 95,177,181) (S 200,181,349) (S 659,753,751) (D 0,0,0)
 0 1 32 92650 3461  10 (D 0,0,0) (S 291,482,135) (S 288,135,479) (S 247,418,226) (S 119,226,227) (S 505,406,663) (S 506,664,657) (S 500,657,658) (S 441,609,577) (D 0,0,0)
 0 1 33 92735 4410  14 (D 0,0,0) (S 522,615,670) (S 523,670,241) (S 128,241,242) (S 521,241,239) (S 127,239,240) (S 525,238,408) (S 133,250,248) (S 318,248,512) (S 132,248,249) (S 126,237,238) (S 526,238,239) (S 524,670,614) (D 0,0,0)
 0 1 34 95967 7099  8 (D 0,0,0) (S 242,407,247) (S 343,333,547) (S 636,547,336) (S 638,338,532) (S 332,340,533) (S 189,340,339) (D 0,0,0)
 0 1 35 95811 6238  6 (D 0,0,0) (S 96,183,182) (S 142,265,264) (S 144,264,267) (S 660,147,349) (D 0,0,0)
 0 1 36 95426 6259  9 (D 0,0,0) (S 668,351,758) (S 669,758,759) (S 670,758,754) (S 662,754,353) (S 665,353,755) (S 664,755,94) (S 376,572,523) (D 0,0,0)
 0 1 37 94394 8113  6 (D 0,0,0) (S 34,73,72) (S 315,303,454) (S 275,453,452) (S 274,452,302) (D 0,0,0)
 0 1 38 87795 4176  12 (D 0,0,0) (S 379,575,195) (S 10,25,26) (S 361,27,558) (S 389,523,141) (S 99,185,186) (S 408,186,594) (S 400,593,594) (S 409,594,190) (S 410,190,142) (S 362,557,559) (D 0,0,0)
 0 1 39 95675 4605  5 (D 0,0,0) (S 130,246,245) (S 386,49,582) (S 536,584,246) (D 0,0,0)
 0 1 40 90671 3525  11 (D 0,0,0) (S 107,200,199) (S 535,246,677) (S 538,677,678) (S 537,677,611) (S 496,617,655) (S 495,655,235) (S 497,235,485) (S 498,480,656) (S 108,202,201) (D 0,0,0)
 0 1 41 94335 6393  10 (D 0,0,0) (S 172,309,310) (S 287,476,477) (S 359,521,556) (S 556,556,550) (S 348,549,539) (S 338,540,539) (S 337,539,55) (S 26,62,53) (D 0,0,0)
 0 1 42 94481 9772  9 (D 0,0,0) (S 754,803,788) (S 755,425,796) (S 737,796,437) (S 760,797,375) (S 734,272,787) (S 752,787,801) (S 728,783,172) (D 0,0,0)
 0 1 43 95072 6148  8 (D 0,0,0) (S 131,247,50) (S 543,679,680) (S 143,266,184) (S 201,350,184) (S 98,184,183) (S 656,183,752) (D 0,0,0)
 0 1 44 95806 8499  15 (D 0,0,0) (S 387,583,584) (S 385,584,245) (S 384,245,582) (S 191,51,342) (S 340,542,543) (S 190,341,294) (S 711,295,777) (S 714,777,101) (S 715,777,779) (S 719,778,747) (S 648,528,747) (S 649,748,746) (S 645,746,102) (D 0,0,0)
 0 1 45 94351 7535  10 (D 0,0,0) (S 425,615,614) (S 196,347,348) (S 198,348,283) (S 278,288,77) (S 38,77,69) (S 777,810,811) (S 780,69,456) (S 778,456,287) (D 0,0,0)
 0 1 46 95975 7370  7 (D 0,0,0) (S 187,336,335) (S 644,337,531) (S 614,500,729) (S 634,330,332) (S 635,332,59) (D 0,0,0)
 0 1 47 93270 5823  7 (D 0,0,0) (S 364,558,524) (S 432,591,115) (S 431,619,15) (S 4,14,15) (S 58,115,114) (D 0,0,0)
 0 1 48 94612 9087  10 (D 0,0,0) (S 24,59,48) (S 615,730,731) (S 626,740,741) (S 616,707,728) (S 613,728,511) (S 625,731,739) (S 157,284,281) (S 156,280,291) (D 0,0,0)
 0 1 49 95477 8547  7 (D 0,0,0) (S 630,281,743) (S 650,739,713) (S 585,713,707) (S 579,707,708) (S 583,708,57) (D 0,0,0)
 0 1 50 95496 8705  8 (D 0,0,0) (S 153,284,285) (S 586,286,713) (S 154,286,174) (S 624,285,739) (S 651,739,743) (S 628,743,730) (D 0,0,0)
 0 1 51 93164 4065  9 (D 0,0,0) (S 297,489,487) (S 295,486,38) (S 488,40,5) (S 16,40,39) (S 307,38,488) (S 296,488,132) (S 67,132,131) (D 0,0,0)
 0 1 52 95993 7981  9 (D 0,0,0) (S 18,43,44) (S 627,48,742) (S 629,742,730) (S 617,730,732) (S 633,729,330) (S 184,330,329) (S 642,744,339) (D 0,0,0)
 0 1 53 95486 9914  9 (D 0,0,0) (S 41,82,83) (S 771,274,809) (S 766,809,424) (S 261,440,275) (S 263,442,163) (S 85,164,168) (S 86,168,169) (D 0,0,0)
 0 1 54 95914 7978  9 (D 0,0,0) (S 429,612,615) (S 197,182,180) (S 718,292,778) (S 713,778,502) (S 310,502,503) (S 311,503,504) (S 631,504,732) (D 0,0,0)
 0 1 55 95698 8338  8 (D 0,0,0) (S 647,97,529) (S 309,499,501) (S 329,529,528) (S 632,504,291) (S 268,280,447) (S 158,291,293) (D 0,0,0)
 0 1 56 95353 8692  8 (D 0,0,0) (S 747,268,801) (S 745,801,800) (S 749,800,803) (S 746,803,802) (S 761,802,807) (S 762,807,149) (D 0,0,0)
 0 1 57 95767 8996  8 (D 0,0,0) (S 168,303,302) (S 92,173,170) (S 265,170,443) (S 264,443,276) (S 148,276,277) (S 167,82,171) (D 0,0,0)
 0 1 58 95247 8674  9 (D 0,0,0) (S 779,811,69) (S 170,173,308) (S 250,308,421) (S 729,421,307) (S 223,306,308) (S 93,173,80) (S 89,172,37) (D 0,0,0)
 0 1 59 95447 9783  8 (D 0,0,0) (S 772,444,443) (S 150,277,274) (S 146,274,275) (S 147,275,166) (S 768,165,440) (S 769,440,424) (D 0,0,0)
 0 1 60 95902 10278  9 (D 0,0,0) (S 736,795,790) (S 259,437,438) (S 738,797,12) (S 260,12,439) (S 3,12,13) (S 217,296,375) (S 735,794,793) (D 0,0,0)
 0 1 61 95421 9096  6 (D 0,0,0) (S 276,304,455) (S 393,169,587) (S 770,442,274) (S 163,277,297) (D 0,0,0)
 0 1 62 95952 9549  11 (D 0,0,0) (S 423,611,612) (S 169,306,307) (S 171,307,272) (S 758,805,806) (S 759,423,300) (S 767,301,809) (S 164,297,298) (S 165,297,82) (S 32,70,69) (D 0,0,0)
 0 1 63 95764 9090  8 (D 0,0,0) (S 229,373,395) (S 751,157,800) (S 743,798,429) (S 742,429,799) (S 254,427,65) (S 228,390,394) (D 0,0,0)
 0 1 64 95330 7815  14 (D 0,0,0) (S 233,363,374) (S 683,389,79) (S 685,765,766) (S 684,766,470) (S 312,469,468) (S 225,384,78) (S 39,78,79) (S 682,79,765) (S 689,765,368) (S 690,368,770) (S 210,368,367) (S 231,367,372) (D 0,0,0)
 0 1 65 95650 10250  10 (D 0,0,0) (S 744,795,433) (S 748,433,798) (S 256,429,430) (S 257,431,432) (S 739,431,785) (S 258,435,436) (S 731,784,785) (S 750,786,800) (D 0,0,0)
 0 1 66 95878 9049  8 (D 0,0,0) (S 753,156,801) (S 732,787,786) (S 733,786,788) (S 756,804,805) (S 757,805,273) (S 145,269,268) (D 0,0,0)
 0 1 67 75709 1770  6 (D 0,0,0) (S 105,196,194) (S 104,194,193) (S 415,193,601) (S 416,193,574) (D 0,0,0)
 0 1 68 95521 9820  10 (D 0,0,0) (S 774,455,171) (S 253,424,167) (S 84,167,165) (S 82,165,166) (S 83,166,163) (S 81,163,164) (S 394,164,588) (S 91,169,171) (D 0,0,0)
 0 1 69 95657 8461  6 (D 0,0,0) (S 730,783,421) (S 727,783,278) (S 152,278,279) (S 726,279,441) (D 0,0,0)
 0 1 70 92046 7983  9 (D 0,0,0) (S 215,373,160) (S 78,160,152) (S 151,161,279) (S 722,781,420) (S 249,420,160) (S 79,159,158) (S 697,377,396) (D 0,0,0)
 0 1 71 95925 7464  9 (D 0,0,0) (S 110,204,203) (S 220,379,380) (S 704,378,382) (S 222,382,383) (S 702,382,381) (S 221,381,159) (S 216,159,374) (D 0,0,0)
 0 1 72 95632 7507  6 (D 0,0,0) (S 377,573,560) (S 232,365,92) (S 212,370,154) (S 213,151,371) (D 0,0,0)
 0 1 73 95569 7214  8 (D 0,0,0) (S 345,506,544) (S 46,98,99) (S 47,99,84) (S 42,84,85) (S 637,336,744) (S 639,745,546) (D 0,0,0)
 0 1 74 94690 8960  7 (D 0,0,0) (S 694,392,771) (S 695,771,772) (S 763,150,808) (S 765,427,808) (S 45,95,96) (D 0,0,0)
 0 1 75 94569 8205  9 (D 0,0,0) (S 214,372,152) (S 262,152,441) (S 725,441,781) (S 723,781,782) (S 724,420,37) (S 316,37,509) (S 15,37,36) (D 0,0,0)
 0 1 76 95644 9338  8 (D 0,0,0) (S 396,589,364) (S 74,66,148) (S 255,67,428) (S 741,68,428) (S 740,428,799) (S 764,799,427) (D 0,0,0)
 0 1 77 95713 8641  7 (D 0,0,0) (S 227,393,387) (S 224,387,388) (S 693,771,155) (S 75,149,157) (S 251,153,422) (D 0,0,0)
 0 1 78 94639 6979  8 (D 0,0,0) (S 677,763,360) (S 676,762,397) (S 207,361,362) (S 696,377,773) (S 699,773,204) (S 701,112,756) (D 0,0,0)
 0 1 79 95824 7910  8 (D 0,0,0) (S 188,338,337) (S 712,97,746) (S 717,779,289) (S 272,450,449) (S 271,449,451) (S 273,451,75) (D 0,0,0)
 0 1 80 95210 4590  8 (D 0,0,0) (S 122,230,231) (S 320,515,7) (S 11,6,29) (S 2,9,10) (S 489,10,5) (S 120,38,228) (D 0,0,0)
 0 1 81 93945 7128  7 (D 0,0,0) (S 720,774,776) (S 710,776,106) (S 52,106,107) (S 54,107,109) (S 703,774,267) (D 0,0,0)
 0 1 82 89192 6994  9 (D 0,0,0) (S 199,264,116) (S 59,117,118) (S 162,118,108) (S 53,108,104) (S 50,104,105) (S 51,104,106) (S 160,118,267) (D 0,0,0)
 0 1 83 93581 5557  11 (D 0,0,0) (S 301,491,45) (S 568,53,697) (S 569,697,696) (S 323,119,88) (S 321,497,516) (S 69,135,136) (S 503,136,659) (S 511,660,658) (S 437,623,624) (D 0,0,0)
 0 1 84 95250 7704  9 (D 0,0,0) (S 363,560,559) (S 43,90,91) (S 77,145,159) (S 88,145,36) (S 705,36,381) (S 706,379,109) (S 709,775,776) (D 0,0,0)
 0 1 85 95530 9309  9 (D 0,0,0) (S 428,617,613) (S 17,41,42) (S 22,42,56) (S 280,458,42) (S 374,52,569) (S 590,569,712) (S 589,712,718) (D 0,0,0)
 0 1 86 95749 7935  8 (D 0,0,0) (S 36,72,74) (S 35,74,75) (S 269,449,448) (S 270,448,76) (S 37,76,70) (S 277,456,77) (D 0,0,0)
 0 1 87 95176 5671  10 (D 0,0,0) (S 398,572,591) (S 395,591,590) (S 397,345,113) (S 57,113,114) (S 433,115,619) (S 430,619,618) (S 5,16,17) (S 407,596,572) (D 0,0,0)
 0 1 88 95964 7932  10 (D 0,0,0) (S 426,199,616) (S 155,108,283) (S 33,71,72) (S 159,295,289) (S 49,103,101) (S 48,101,102) (S 646,100,341) (S 313,506,347) (D 0,0,0)
 0 1 89 95698 6656  8 (D 0,0,0) (S 652,749,750) (S 654,750,343) (S 643,545,335) (S 641,745,60) (S 31,60,55) (S 29,63,62) (D 0,0,0)
 0 1 90 95968 7067  10 (D 0,0,0) (S 234,111,397) (S 698,773,158) (S 76,158,143) (S 72,143,144) (S 219,144,378) (S 707,109,775) (S 97,177,179) (S 427,617,199) (D 0,0,0)
 0 1 91 95750 7251  8 (D 0,0,0) (S 692,395,770) (S 691,770,767) (S 688,768,769) (S 686,768,767) (S 687,767,373) (S 230,363,396) (D 0,0,0)
 0 1 92 90556 7483  13 (D 0,0,0) (S 176,317,318) (S 553,127,691) (S 552,691,536) (S 182,325,326) (S 581,709,710) (S 605,714,725) (S 609,326,727) (S 607,727,724) (S 65,126,127) (S 554,127,554) (S 355,554,317) (D 0,0,0)
 0 1 93 95334 9113  11 (D 0,0,0) (S 618,728,735) (S 622,737,738) (S 619,735,734) (S 183,327,328) (S 373,327,52) (S 27,52,58) (S 588,322,716) (S 593,721,704) (S 594,699,720) (D 0,0,0)
 0 1 94 93008 7087  6 (D 0,0,0) (S 640,745,533) (S 185,331,332) (S 30,59,61) (S 335,61,538) (D 0,0,0)
 0 1 95 95592 8030  7 (D 0,0,0) (S 19,48,44) (S 620,736,737) (S 621,736,58) (S 23,58,57) (S 25,61,60) (D 0,0,0)
 0 1 96 94143 3931  10 (D 0,0,0) (S 446,215,208) (S 445,208,419) (S 116,217,218) (S 175,315,316) (S 465,218,2) (S 464,2,634) (S 475,634,222) (S 114,214,215) (D 0,0,0)
 0 1 97 93838 5191  10 (D 0,0,0) (S 541,517,652) (S 490,650,651) (S 491,652,492) (S 302,492,232) (S 123,232,233) (S 121,229,230) (S 303,229,132) (S 443,457,627) (D 0,0,0)
 0 1 98 95290 8640  8 (D 0,0,0) (S 776,508,445) (S 267,445,446) (S 775,445,293) (S 328,293,527) (S 330,527,502) (S 716,778,779) (D 0,0,0)
 0 1 99 95592 7253  13 (D 0,0,0) (S 352,459,505) (S 333,535,530) (S 574,530,698) (S 600,698,723) (S 610,723,725) (S 606,725,726) (S 608,723,326) (S 604,724,124) (S 281,126,459) (S 358,317,551) (S 350,551,552) (D 0,0,0)
 0 1 100 95795 8554  16 (D 0,0,0) (S 598,717,722) (S 596,722,568) (S 177,319,320) (S 371,319,568) (S 375,568,570) (S 578,570,706) (S 611,706,715) (S 587,715,714) (S 580,709,705) (S 582,705,711) (S 599,716,721) (S 595,721,720) (S 592,720,719) (S 601,719,324) (D 0,0,0)
 0 1 101 91891 3638  10 (D 0,0,0) (S 113,212,211) (S 479,646,232) (S 304,232,493) (S 487,494,645) (S 485,645,131) (S 486,133,228) (S 484,228,414) (S 499,414,657) (D 0,0,0)
 0 1 102 93010 5914  11 (D 0,0,0) (S 380,557,523) (S 406,572,595) (S 679,595,763) (S 680,763,359) (S 681,764,359) (S 206,359,360) (S 678,360,762) (S 675,762,589) (S 194,345,346) (D 0,0,0)
 0 1 103 95501 6194  7 (D 0,0,0) (S 544,679,64) (S 192,54,343) (S 653,343,547) (S 342,333,546) (S 243,407,402) (D 0,0,0)
 0 1 104 90869 5067  14 (D 0,0,0) (S 501,660,659) (S 502,659,137) (S 504,137,661) (S 510,661,662) (S 507,662,663) (S 508,663,479) (S 539,643,490) (S 298,490,86) (S 299,490,130) (S 300,130,251) (S 134,252,129) (S 469,491,407) (D 0,0,0)
 0 1 105 95957 5050  13 (D 0,0,0) (S 520,666,243) (S 528,667,672) (S 530,674,673) (S 529,673,672) (S 527,672,671) (S 534,671,675) (S 533,676,675) (S 532,675,673) (S 531,673,669) (S 516,668,669) (S 518,669,667) (D 0,0,0)
 0 1 106 82379 4047  13 (D 0,0,0) (S 106,198,197) (S 7,21,22) (S 9,21,24) (S 392,24,586) (S 402,586,187) (S 100,187,188) (S 403,187,191) (S 103,191,192) (S 404,191,594) (S 102,190,140) (S 70,140,139) (D 0,0,0)
