710321
105
2400547
2246062
 0 1 1 46970 1004  8 (D 0,0,0) (S 283,461,462) (S 285,464,465) (S 284,463,464) (S 286,466,467) (S 417,603,604) (S 418,605,603) (D 0,0,0)
 0 1 2 95432 2542  8 (D 0,0,0) (S 379,575,195) (S 106,197,198) (S 420,198,608) (S 441,609,577) (S 7,21,22) (S 8,21,23) (D 0,0,0)
 0 1 3 89348 4285  12 (D 0,0,0) (S 415,193,601) (S 10,25,26) (S 361,27,558) (S 364,558,524) (S 390,141,189) (S 101,189,190) (S 102,190,140) (S 70,140,139) (S 360,139,557) (S 362,557,559) (D 0,0,0)
 0 1 4 95567 1759  7 (D 0,0,0) (S 105,196,194) (S 104,194,193) (S 416,193,574) (S 419,198,607) (S 421,607,606) (D 0,0,0)
 0 1 5 90183 2372  5 (D 0,0,0) (S 422,606,610) (S 436,622,213) (S 434,213,620) (D 0,0,0)
 0 1 6 91283 2636  14 (D 0,0,0) (S 378,576,575) (S 452,607,622) (S 439,626,625) (S 455,625,630) (S 454,630,214) (S 451,214,628) (S 453,628,209) (S 456,209,415) (S 246,415,223) (S 445,419,208) (S 112,208,210) (S 447,215,626) (D 0,0,0)
 0 1 7 95237 3998  10 (D 0,0,0) (S 113,212,211) (S 479,646,232) (S 123,232,233) (S 304,232,493) (S 487,494,645) (S 485,645,131) (S 486,133,228) (S 499,414,657) (D 0,0,0)
 0 1 8 94108 4441  9 (D 0,0,0) (S 444,621,627) (S 488,40,5) (S 11,6,29) (S 2,9,10) (S 489,10,5) (S 16,40,39) (S 443,457,627) (D 0,0,0)
 0 1 9 94238 4976  16 (D 0,0,0) (S 449,211,627) (S 470,496,640) (S 471,640,641) (S 473,642,638) (S 472,638,639) (S 467,638,637) (S 466,636,635) (S 468,635,4) (S 305,4,495) (S 308,495,498) (S 463,498,315) (S 175,315,316) (S 116,218,217) (S 117,221,220) (D 0,0,0)
 0 1 10 90341 3449  8 (D 0,0,0) (S 462,632,220) (S 465,218,2) (S 464,2,634) (S 475,634,222) (S 476,222,416) (S 448,628,211) (D 0,0,0)
 0 1 11 95316 3309  11 (D 0,0,0) (S 248,419,403) (S 237,400,399) (S 236,399,205) (S 235,206,398) (S 238,398,401) (S 240,401,403) (S 114,215,214) (S 450,629,630) (S 438,625,212) (D 0,0,0)
 0 1 12 95657 3280  17 (D 0,0,0) (S 435,212,621) (S 437,624,623) (S 511,658,660) (S 501,660,659) (S 502,659,137) (S 504,137,661) (S 510,661,662) (S 507,662,663) (S 505,663,406) (S 244,410,411) (S 245,413,414) (S 440,417,457) (S 279,457,209) (S 111,207,208) (S 446,208,215) (D 0,0,0)
 0 1 13 95351 3874  9 (D 0,0,0) (S 459,631,216) (S 461,216,633) (S 241,400,404) (S 115,216,217) (S 458,217,221) (S 457,221,631) (S 460,631,632) (D 0,0,0)
 0 1 14 94431 3873  8 (D 0,0,0) (S 1,3,4) (S 306,4,496) (S 297,489,487) (S 295,38,486) (S 474,489,634) (S 118,222,223) (D 0,0,0)
 0 1 15 94874 4684  17 (D 0,0,0) (S 442,609,620) (S 512,660,482) (S 517,484,236) (S 513,236,654) (S 528,667,672) (S 527,672,671) (S 534,671,675) (S 533,676,675) (S 532,675,673) (S 129,243,244) (S 520,243,666) (S 514,666,612) (S 496,617,655) (S 495,655,235) (S 497,235,485) (D 0,0,0)
 0 1 16 94554 4216  16 (D 0,0,0) (S 294,485,484) (S 509,483,653) (S 494,653,412) (S 132,248,249) (S 318,248,512) (S 133,248,250) (S 525,408,238) (S 526,238,239) (S 127,239,240) (S 521,239,241) (S 128,241,242) (S 523,241,670) (S 522,670,615) (S 429,615,612) (D 0,0,0)
 0 1 17 93204 3957  9 (D 0,0,0) (S 537,611,677) (S 535,677,246) (S 130,246,245) (S 385,245,584) (S 387,584,583) (S 389,523,141) (S 71,141,142) (D 0,0,0)
 0 1 18 95807 3655  11 (D 0,0,0) (S 409,190,594) (S 400,593,594) (S 404,594,191) (S 103,191,192) (S 403,191,187) (S 402,187,586) (S 399,586,592) (S 401,592,585) (S 391,585,24) (D 0,0,0)
 0 1 19 95891 5351  16 (D 0,0,0) (S 9,21,24) (S 392,24,586) (S 100,187,188) (S 408,594,186) (S 99,186,185) (S 383,581,578) (S 382,578,579) (S 413,580,176) (S 94,175,176) (S 412,599,176) (S 411,597,598) (S 414,597,600) (S 388,581,189) (S 410,190,142) (D 0,0,0)
 0 1 20 95837 4626  12 (D 0,0,0) (S 292,28,200) (S 124,235,234) (S 125,234,236) (S 493,654,138) (S 539,643,490) (S 299,490,130) (S 300,130,251) (S 469,491,407) (S 68,138,134) (S 290,134,484) (D 0,0,0)
 0 1 21 95061 3827  8 (D 0,0,0) (S 291,482,135) (S 508,479,663) (S 482,405,647) (S 481,647,648) (S 480,648,649) (S 483,224,516) (D 0,0,0)
 0 1 22 94818 5246  9 (D 0,0,0) (S 298,86,490) (S 134,252,129) (S 301,491,45) (S 131,50,247) (S 126,237,238) (S 524,670,614) (S 423,612,611) (D 0,0,0)
 0 1 23 95279 4983  10 (D 0,0,0) (S 492,138,653) (S 243,402,407) (S 242,407,247) (S 386,49,582) (S 384,582,245) (S 536,584,246) (S 538,677,678) (S 426,199,616) (D 0,0,0)
 0 1 24 95787 6938  9 (D 0,0,0) (S 107,200,199) (S 660,349,147) (S 109,162,203) (S 211,203,369) (S 110,203,204) (S 700,204,112) (S 381,573,23) (D 0,0,0)
 0 1 25 95776 4437  11 (D 0,0,0) (S 108,201,202) (S 498,656,480) (S 519,654,612) (S 529,672,673) (S 530,674,673) (S 531,673,669) (S 516,668,669) (S 518,669,667) (S 515,667,243) (D 0,0,0)
 0 1 26 94675 5731  13 (D 0,0,0) (S 503,659,136) (S 69,136,135) (S 288,135,479) (S 356,263,311) (S 174,313,314) (S 563,314,312) (S 565,312,695) (S 561,695,561) (S 562,561,262) (S 559,262,518) (S 6,19,18) (D 0,0,0)
 0 1 27 95433 3480  7 (D 0,0,0) (S 247,418,226) (S 119,226,227) (S 477,647,646) (S 478,646,413) (S 506,664,657) (D 0,0,0)
 0 1 28 95097 4446  12 (D 0,0,0) (S 484,414,228) (S 120,228,38) (S 307,38,488) (S 296,488,132) (S 303,132,229) (S 121,229,230) (S 122,230,231) (S 320,515,7) (S 67,132,131) (S 500,657,658) (D 0,0,0)
 0 1 29 95993 5376  8 (D 0,0,0) (S 658,49,514) (S 98,183,184) (S 201,350,184) (S 143,184,266) (S 424,409,614) (S 427,617,199) (D 0,0,0)
 0 1 30 95612 6814  9 (D 0,0,0) (S 293,200,485) (S 359,521,556) (S 365,556,323) (S 336,323,538) (S 335,538,61) (S 189,340,339) (S 31,60,55) (D 0,0,0)
 0 1 31 95702 7107  7 (D 0,0,0) (S 640,745,533) (S 332,533,340) (S 642,339,744) (S 637,744,336) (S 643,335,545) (D 0,0,0)
 0 1 32 93931 7339  10 (D 0,0,0) (S 42,85,84) (S 47,84,99) (S 46,98,99) (S 341,544,541) (S 340,542,543) (S 344,545,547) (S 343,547,333) (S 26,62,53) (D 0,0,0)
 0 1 33 95244 7974  11 (D 0,0,0) (S 191,51,342) (S 641,60,745) (S 188,338,337) (S 644,337,531) (S 614,500,729) (S 309,499,501) (S 647,529,97) (S 712,97,746) (S 187,335,336) (D 0,0,0)
 0 1 34 95555 7223  7 (D 0,0,0) (S 635,59,332) (S 634,332,330) (S 184,330,329) (S 638,532,338) (S 636,336,547) (D 0,0,0)
 0 1 35 94158 6282  6 (D 0,0,0) (S 543,679,680) (S 544,679,64) (S 342,546,333) (S 186,333,334) (D 0,0,0)
 0 1 36 90760 7650  8 (D 0,0,0) (S 425,615,614) (S 19,48,44) (S 18,43,44) (S 30,59,61) (S 347,548,257) (S 346,257,255) (D 0,0,0)
 0 1 37 95945 6092  8 (D 0,0,0) (S 239,237,402) (S 29,62,63) (S 652,749,750) (S 654,750,343) (S 653,547,343) (S 192,343,54) (D 0,0,0)
 0 1 38 95625 7467  9 (D 0,0,0) (S 639,546,745) (S 591,538,718) (S 603,718,324) (S 601,324,719) (S 594,720,699) (S 570,699,698) (S 574,698,530) (D 0,0,0)
 0 1 39 95105 8292  8 (D 0,0,0) (S 25,60,61) (S 623,736,733) (S 619,734,735) (S 622,738,737) (S 620,737,736) (S 621,736,58) (D 0,0,0)
 0 1 40 95872 8600  6 (D 0,0,0) (S 23,57,58) (S 27,58,52) (S 21,52,47) (S 317,47,510) (D 0,0,0)
 0 1 41 95598 10418  11 (D 0,0,0) (S 280,458,42) (S 22,42,56) (S 17,42,41) (S 372,510,566) (S 618,735,728) (S 625,731,739) (S 651,739,743) (S 628,743,730) (S 617,730,732) (D 0,0,0)
 0 1 42 95853 8450  9 (D 0,0,0) (S 626,740,741) (S 616,707,728) (S 613,728,511) (S 615,731,730) (S 629,730,742) (S 627,742,48) (S 24,48,59) (D 0,0,0)
 0 1 43 94359 8269  12 (D 0,0,0) (S 181,324,322) (S 179,322,321) (S 282,460,321) (S 178,321,319) (S 371,319,568) (S 375,568,570) (S 578,570,706) (S 576,706,705) (S 580,705,709) (S 581,709,710) (D 0,0,0)
 0 1 44 95561 9191  13 (D 0,0,0) (S 572,702,703) (S 575,702,700) (S 571,700,701) (S 577,700,705) (S 582,705,711) (S 596,722,568) (S 177,319,320) (S 374,569,52) (S 373,52,327) (S 183,327,328) (S 590,569,712) (D 0,0,0)
 0 1 45 95399 6938  17 (D 0,0,0) (S 325,476,256) (S 136,256,255) (S 349,255,478) (S 353,522,551) (S 350,551,552) (S 358,551,317) (S 355,317,554) (S 333,535,530) (S 331,530,124) (S 604,124,724) (S 61,122,123) (S 64,123,126) (S 65,126,127) (S 566,127,318) (S 287,477,476) (D 0,0,0)
 0 1 46 95878 8547  7 (D 0,0,0) (S 650,739,713) (S 585,713,707) (S 579,707,708) (S 583,708,57) (S 28,57,44) (D 0,0,0)
 0 1 47 95383 5760  8 (D 0,0,0) (S 20,49,50) (S 193,46,344) (S 656,183,752) (S 661,752,357) (S 205,357,358) (S 657,357,514) (D 0,0,0)
 0 1 48 94206 6568  9 (D 0,0,0) (S 319,513,514) (S 655,752,751) (S 659,751,753) (S 672,753,356) (S 204,356,355) (S 673,355,761) (S 674,355,751) (D 0,0,0)
 0 1 49 95967 6766  9 (D 0,0,0) (S 97,179,177) (S 59,117,118) (S 162,118,108) (S 50,104,105) (S 53,104,108) (S 155,108,283) (S 198,283,348) (D 0,0,0)
 0 1 50 95349 7411  9 (D 0,0,0) (S 707,775,109) (S 706,109,379) (S 220,379,380) (S 702,381,382) (S 222,382,383) (S 704,382,378) (S 219,378,144) (D 0,0,0)
 0 1 51 95444 6450  9 (D 0,0,0) (S 665,755,353) (S 666,354,757) (S 667,757,147) (S 144,267,264) (S 142,264,265) (S 95,181,177) (S 96,182,183) (D 0,0,0)
 0 1 52 95953 6254  8 (D 0,0,0) (S 664,94,755) (S 662,353,754) (S 670,754,758) (S 669,758,759) (S 668,758,351) (S 671,760,178) (D 0,0,0)
 0 1 53 95949 7667  8 (D 0,0,0) (S 197,182,180) (S 645,102,746) (S 717,779,289) (S 159,289,295) (S 34,73,72) (S 33,72,71) (D 0,0,0)
 0 1 54 94831 7779  7 (D 0,0,0) (S 36,72,74) (S 35,74,75) (S 271,451,449) (S 272,449,450) (S 190,294,341) (D 0,0,0)
 0 1 55 95776 8324  8 (D 0,0,0) (S 38,77,69) (S 779,69,811) (S 777,810,811) (S 270,76,448) (S 269,448,449) (S 273,451,75) (D 0,0,0)
 0 1 56 95965 7276  9 (D 0,0,0) (S 711,295,777) (S 714,777,101) (S 48,101,102) (S 646,100,341) (S 345,544,506) (S 313,506,347) (S 195,347,180) (D 0,0,0)
 0 1 57 95058 7084  8 (D 0,0,0) (S 196,347,348) (S 51,104,106) (S 720,776,774) (S 703,774,267) (S 160,267,118) (S 199,116,264) (D 0,0,0)
 0 1 58 95959 7372  9 (D 0,0,0) (S 161,282,287) (S 778,287,456) (S 32,69,70) (S 780,69,456) (S 277,456,77) (S 278,77,288) (S 339,287,506) (D 0,0,0)
 0 1 59 95683 8123  8 (D 0,0,0) (S 649,746,748) (S 310,503,502) (S 330,502,527) (S 328,293,527) (S 713,502,778) (S 718,778,292) (D 0,0,0)
 0 1 60 95633 8437  7 (D 0,0,0) (S 775,293,445) (S 267,445,446) (S 776,445,508) (S 315,454,303) (S 37,70,76) (D 0,0,0)
 0 1 61 95059 8181  7 (D 0,0,0) (S 158,293,291) (S 268,280,447) (S 632,291,504) (S 311,504,503) (S 329,528,529) (D 0,0,0)
 0 1 62 95675 8008  10 (D 0,0,0) (S 185,331,332) (S 633,330,729) (S 631,732,504) (S 648,528,747) (S 719,747,778) (S 716,778,779) (S 715,779,777) (S 49,101,103) (D 0,0,0)
 0 1 63 95327 8722  9 (D 0,0,0) (S 156,291,280) (S 153,284,285) (S 624,285,739) (S 586,713,286) (S 154,286,174) (S 157,284,281) (S 630,281,743) (D 0,0,0)
 0 1 64 95798 8878  8 (D 0,0,0) (S 93,80,173) (S 170,173,308) (S 772,444,443) (S 265,443,170) (S 275,453,452) (S 274,452,302) (D 0,0,0)
 0 1 65 95899 9679  10 (D 0,0,0) (S 91,171,169) (S 86,169,168) (S 85,168,164) (S 81,164,163) (S 83,163,166) (S 768,165,440) (S 769,440,424) (S 166,301,277) (D 0,0,0)
 0 1 66 95395 9066  8 (D 0,0,0) (S 264,443,276) (S 148,276,277) (S 163,277,297) (S 164,297,298) (S 165,297,82) (S 167,82,171) (D 0,0,0)
 0 1 67 95072 9522  7 (D 0,0,0) (S 393,169,587) (S 394,588,164) (S 263,163,442) (S 770,442,274) (S 41,82,83) (D 0,0,0)
 0 1 68 95143 10045  9 (D 0,0,0) (S 146,274,275) (S 261,275,440) (S 147,275,166) (S 82,166,165) (S 84,165,167) (S 253,167,424) (S 766,424,809) (D 0,0,0)
 0 1 69 95738 7970  8 (D 0,0,0) (S 210,367,368) (S 689,368,765) (S 682,765,79) (S 683,79,389) (S 212,370,154) (S 251,153,422) (D 0,0,0)
 0 1 70 95786 9072  6 (D 0,0,0) (S 753,156,801) (S 145,268,269) (S 757,805,273) (S 171,272,307) (D 0,0,0)
 0 1 71 94478 8934  8 (D 0,0,0) (S 752,801,787) (S 734,787,272) (S 266,270,444) (S 773,444,306) (S 169,306,307) (S 223,306,308) (D 0,0,0)
 0 1 72 94204 9683  8 (D 0,0,0) (S 747,268,801) (S 257,431,432) (S 731,784,785) (S 739,785,431) (S 743,798,429) (S 254,427,65) (D 0,0,0)
 0 1 73 95893 9308  7 (D 0,0,0) (S 256,429,430) (S 742,429,799) (S 740,799,428) (S 255,428,67) (S 694,771,392) (D 0,0,0)
 0 1 74 95162 9076  8 (D 0,0,0) (S 228,394,390) (S 763,150,808) (S 765,808,427) (S 764,427,799) (S 741,428,68) (S 74,66,148) (D 0,0,0)
 0 1 75 95474 10442  11 (D 0,0,0) (S 746,803,802) (S 760,375,797) (S 737,437,796) (S 259,437,438) (S 738,797,12) (S 260,12,439) (S 3,12,13) (S 217,296,375) (S 733,788,786) (D 0,0,0)
 0 1 76 95537 9518  9 (D 0,0,0) (S 736,795,790) (S 735,793,794) (S 755,425,796) (S 258,435,436) (S 748,798,433) (S 744,433,795) (S 761,802,807) (D 0,0,0)
 0 1 77 94455 9332  10 (D 0,0,0) (S 745,801,800) (S 749,800,803) (S 754,803,788) (S 756,804,805) (S 758,805,806) (S 252,423,271) (S 149,270,273) (S 729,307,421) (D 0,0,0)
 0 1 78 95537 9750  9 (D 0,0,0) (S 150,277,274) (S 771,274,809) (S 767,809,301) (S 759,300,423) (S 732,787,786) (S 750,786,800) (S 751,800,157) (D 0,0,0)
 0 1 79 95634 9021  7 (D 0,0,0) (S 312,469,468) (S 224,387,388) (S 695,771,772) (S 762,149,807) (S 75,149,157) (D 0,0,0)
 0 1 80 95649 8413  11 (D 0,0,0) (S 724,37,420) (S 722,420,781) (S 723,781,782) (S 725,781,441) (S 726,441,279) (S 152,279,278) (S 727,278,783) (S 15,37,36) (S 77,145,159) (D 0,0,0)
 0 1 81 95503 8425  6 (D 0,0,0) (S 705,381,36) (S 728,172,783) (S 730,783,421) (S 250,421,308) (D 0,0,0)
 0 1 82 95927 9257  12 (D 0,0,0) (S 168,303,302) (S 276,304,455) (S 774,455,171) (S 87,171,170) (S 92,170,173) (S 40,80,81) (S 90,80,172) (S 89,172,37) (S 316,37,509) (S 249,420,160) (D 0,0,0)
 0 1 83 94250 7240  7 (D 0,0,0) (S 398,572,591) (S 396,589,364) (S 314,92,507) (S 232,92,365) (S 208,363,364) (D 0,0,0)
 0 1 84 93404 7238  9 (D 0,0,0) (S 233,363,374) (S 687,373,767) (S 688,768,769) (S 686,768,767) (S 691,767,770) (S 692,770,395) (S 229,395,373) (D 0,0,0)
 0 1 85 95776 7715  6 (D 0,0,0) (S 231,372,367) (S 39,78,79) (S 213,371,151) (S 43,91,90) (D 0,0,0)
 0 1 86 95916 7414  8 (D 0,0,0) (S 209,366,365) (S 88,145,36) (S 221,381,159) (S 79,159,158) (S 76,158,143) (S 696,773,377) (D 0,0,0)
 0 1 87 95799 6809  8 (D 0,0,0) (S 663,755,756) (S 699,204,773) (S 698,773,158) (S 72,143,144) (S 80,162,146) (S 73,146,147) (D 0,0,0)
 0 1 88 94977 7283  10 (D 0,0,0) (S 708,146,775) (S 54,109,107) (S 52,107,106) (S 710,106,776) (S 709,776,775) (S 721,774,780) (S 200,181,349) (S 428,613,617) (D 0,0,0)
 0 1 89 95828 6389  7 (D 0,0,0) (S 405,595,94) (S 56,110,112) (S 701,112,756) (S 203,353,352) (S 202,352,351) (D 0,0,0)
 0 1 90 95828 7014  8 (D 0,0,0) (S 44,93,94) (S 55,111,110) (S 218,110,377) (S 697,377,396) (S 207,361,362) (S 206,360,359) (D 0,0,0)
 0 1 91 95817 7201  8 (D 0,0,0) (S 676,762,397) (S 230,396,363) (S 215,373,160) (S 216,159,374) (S 234,397,111) (S 226,111,94) (D 0,0,0)
 0 1 92 91081 5594  9 (D 0,0,0) (S 432,591,115) (S 433,115,619) (S 58,115,114) (S 57,114,113) (S 397,113,345) (S 194,345,346) (S 395,590,591) (D 0,0,0)
 0 1 93 95335 8855  9 (D 0,0,0) (S 225,78,384) (S 693,771,155) (S 45,95,96) (S 227,393,387) (S 684,470,766) (S 685,766,765) (S 690,368,770) (D 0,0,0)
 0 1 94 95181 7899  7 (D 0,0,0) (S 363,560,559) (S 214,372,152) (S 151,161,279) (S 262,441,152) (S 78,152,160) (D 0,0,0)
 0 1 95 95235 5939  8 (D 0,0,0) (S 431,619,15) (S 4,14,15) (S 430,619,618) (S 5,16,17) (S 407,596,572) (S 376,572,523) (D 0,0,0)
 0 1 96 95899 5752  11 (D 0,0,0) (S 377,573,560) (S 380,557,523) (S 675,589,762) (S 678,762,360) (S 677,360,763) (S 680,763,359) (S 681,764,359) (S 679,763,595) (S 406,595,572) (D 0,0,0)
 0 1 97 95905 6255  10 (D 0,0,0) (S 289,134,483) (S 542,258,120) (S 60,120,121) (S 348,549,539) (S 338,540,539) (S 337,539,55) (S 568,53,697) (S 569,697,696) (D 0,0,0)
 0 1 98 95268 7042  15 (D 0,0,0) (S 323,88,119) (S 554,554,127) (S 553,127,691) (S 334,534,537) (S 555,534,260) (S 550,691,565) (S 564,562,314) (S 173,312,311) (S 357,311,313) (S 351,313,520) (S 326,520,519) (S 324,519,309) (S 172,309,310) (D 0,0,0)
 0 1 99 95975 7680  15 (D 0,0,0) (S 567,564,318) (S 552,691,536) (S 327,525,526) (S 182,325,326) (S 609,727,326) (S 608,326,723) (S 600,723,698) (S 602,698,719) (S 597,719,535) (S 352,505,459) (S 354,459,554) (S 556,556,550) (S 137,257,258) (D 0,0,0)
 0 1 100 95119 8019  14 (D 0,0,0) (S 141,262,263) (S 366,263,561) (S 551,685,692) (S 14,33,34) (S 547,35,685) (S 13,32,31) (S 12,31,30) (S 140,261,30) (S 139,30,260) (S 557,260,691) (S 370,565,564) (S 368,564,553) (D 0,0,0)
 0 1 101 91081 6478  11 (D 0,0,0) (S 369,555,562) (S 367,562,563) (S 546,563,684) (S 138,32,259) (S 545,259,683) (S 548,686,687) (S 549,688,690) (S 558,682,693) (S 560,693,695) (D 0,0,0)
 0 1 102 93924 7938  12 (D 0,0,0) (S 281,459,126) (S 610,723,725) (S 606,725,726) (S 605,725,714) (S 587,714,715) (S 611,715,706) (S 612,706,722) (S 598,722,717) (S 595,721,720) (S 592,720,719) (D 0,0,0)
 0 1 103 95346 4640  7 (D 0,0,0) (S 302,232,492) (S 491,492,652) (S 490,650,651) (S 541,652,517) (S 321,497,516) (D 0,0,0)
 0 1 104 94605 4927  6 (D 0,0,0) (S 66,130,128) (S 540,128,253) (S 135,253,254) (S 322,87,474) (D 0,0,0)
 0 1 105 95520 8023  13 (D 0,0,0) (S 180,323,324) (S 589,718,712) (S 584,57,712) (S 588,322,716) (S 599,716,721) (S 593,721,704) (S 573,704,699) (S 607,727,724) (S 62,124,123) (S 63,125,123) (S 176,318,317) (D 0,0,0)
