715920
106
2400640
1791406
 0 1 1 94605 4927  6 (D 0,0,0) (S 322,474,87) (S 135,253,254) (S 540,253,128) (S 66,128,130) (D 0,0,0)
 0 1 2 95125 6995  15 (D 0,0,0) (S 172,309,310) (S 324,309,519) (S 359,521,556) (S 556,556,550) (S 347,548,257) (S 346,257,255) (S 136,255,256) (S 325,256,476) (S 323,88,119) (S 569,696,697) (S 568,697,53) (S 425,614,615) (S 517,236,484) (D 0,0,0)
 0 1 3 92865 8209  9 (D 0,0,0) (S 589,718,712) (S 590,712,569) (S 178,319,321) (S 282,460,321) (S 588,322,716) (S 592,720,719) (S 601,719,324) (D 0,0,0)
 0 1 4 46970 1004  8 (D 0,0,0) (S 286,466,467) (S 284,463,464) (S 285,464,465) (S 283,461,462) (S 418,605,603) (S 417,603,604) (D 0,0,0)
 0 1 5 94978 7644  10 (D 0,0,0) (S 293,200,485) (S 336,323,538) (S 335,538,61) (S 185,331,332) (S 184,330,329) (S 309,499,501) (S 644,531,337) (S 642,744,339) (D 0,0,0)
 0 1 6 95949 7545  9 (D 0,0,0) (S 30,61,59) (S 627,48,742) (S 629,742,730) (S 617,730,732) (S 614,729,500) (S 641,745,60) (S 31,60,55) (D 0,0,0)
 0 1 7 95818 4422  12 (D 0,0,0) (S 448,211,628) (S 453,628,209) (S 279,209,457) (S 120,228,38) (S 11,6,29) (S 122,231,230) (S 121,230,229) (S 303,229,132) (S 67,132,131) (S 486,133,228) (D 0,0,0)
 0 1 8 91932 3831  11 (D 0,0,0) (S 435,212,621) (S 444,621,627) (S 485,131,645) (S 487,645,494) (S 296,132,488) (S 307,488,38) (S 295,38,486) (S 297,487,489) (S 474,489,634) (D 0,0,0)
 0 1 9 95111 7905  11 (D 0,0,0) (S 370,564,565) (S 139,260,30) (S 140,261,30) (S 12,30,31) (S 13,31,32) (S 14,33,34) (S 547,35,685) (S 551,685,692) (S 558,682,693) (D 0,0,0)
 0 1 10 91802 4662  7 (D 0,0,0) (S 304,493,232) (S 491,492,652) (S 490,650,651) (S 541,652,517) (S 321,497,516) (D 0,0,0)
 0 1 11 83348 1800  5 (D 0,0,0) (S 442,609,620) (S 434,620,213) (S 436,213,622) (D 0,0,0)
 0 1 12 93798 2752  7 (D 0,0,0) (S 445,208,419) (S 248,419,403) (S 240,403,401) (S 446,208,215) (S 452,622,607) (D 0,0,0)
 0 1 13 95744 7472  8 (D 0,0,0) (S 25,60,61) (S 332,533,340) (S 635,332,59) (S 591,538,718) (S 603,718,324) (S 180,324,323) (D 0,0,0)
 0 1 14 95269 6478  12 (D 0,0,0) (S 369,555,562) (S 367,562,563) (S 546,563,684) (S 138,32,259) (S 545,259,683) (S 548,686,687) (S 549,688,690) (S 560,693,695) (S 562,561,262) (S 559,262,518) (D 0,0,0)
 0 1 15 95142 7324  15 (D 0,0,0) (S 350,551,552) (S 358,551,317) (S 176,317,318) (S 552,691,536) (S 327,525,526) (S 182,325,326) (S 604,724,124) (S 62,124,123) (S 63,125,123) (S 64,123,126) (S 566,127,318) (S 567,318,564) (S 368,564,553) (D 0,0,0)
 0 1 16 90940 7206  6 (D 0,0,0) (S 339,506,287) (S 778,287,456) (S 53,108,104) (S 199,116,264) (D 0,0,0)
 0 1 17 94753 4476  9 (D 0,0,0) (S 113,212,211) (S 484,414,228) (S 16,39,40) (S 488,40,5) (S 489,5,10) (S 2,10,9) (S 320,515,7) (D 0,0,0)
 0 1 18 95328 3894  7 (D 0,0,0) (S 508,479,663) (S 119,226,227) (S 481,647,648) (S 480,648,649) (S 483,224,516) (D 0,0,0)
 0 1 19 94444 6465  8 (D 0,0,0) (S 197,182,180) (S 195,180,347) (S 196,347,348) (S 59,117,118) (S 160,118,267) (S 144,267,264) (D 0,0,0)
 0 1 20 92735 4456  20 (D 0,0,0) (S 437,624,623) (S 501,660,659) (S 502,659,137) (S 504,137,661) (S 510,661,662) (S 507,662,663) (S 505,663,406) (S 247,226,418) (S 494,412,653) (S 492,653,138) (S 493,138,654) (S 514,612,666) (S 515,667,243) (S 129,243,244) (S 520,243,666) (S 496,617,655) (S 495,655,235) (S 292,200,28) (D 0,0,0)
 0 1 21 75709 1770  6 (D 0,0,0) (S 416,574,193) (S 415,193,601) (S 104,193,194) (S 105,194,196) (D 0,0,0)
 0 1 22 95638 8023  11 (D 0,0,0) (S 313,347,506) (S 48,102,101) (S 715,777,779) (S 716,779,778) (S 718,778,292) (S 328,293,527) (S 330,527,502) (S 648,528,747) (S 712,746,97) (D 0,0,0)
 0 1 23 95538 6355  10 (D 0,0,0) (S 108,201,202) (S 498,656,480) (S 550,565,691) (S 557,691,260) (S 555,260,534) (S 334,534,537) (S 553,691,127) (S 554,127,554) (D 0,0,0)
 0 1 24 93166 9552  9 (D 0,0,0) (S 21,52,47) (S 22,42,56) (S 280,458,42) (S 17,42,41) (S 317,47,510) (S 372,510,566) (S 373,327,52) (D 0,0,0)
 0 1 25 95959 8910  9 (D 0,0,0) (S 88,145,36) (S 316,37,509) (S 93,80,173) (S 92,173,170) (S 276,455,304) (S 38,69,77) (S 278,77,288) (D 0,0,0)
 0 1 26 93403 8680  8 (D 0,0,0) (S 613,728,511) (S 618,728,735) (S 622,737,738) (S 619,735,734) (S 27,52,58) (S 23,58,57) (D 0,0,0)
 0 1 27 95455 5243  9 (D 0,0,0) (S 294,485,484) (S 68,134,138) (S 539,643,490) (S 300,130,251) (S 134,252,129) (S 301,491,45) (S 131,50,247) (D 0,0,0)
 0 1 28 95696 3686  9 (D 0,0,0) (S 420,198,608) (S 499,657,414) (S 245,414,413) (S 244,411,410) (S 482,405,647) (S 477,647,646) (S 478,646,413) (D 0,0,0)
 0 1 29 94215 8392  10 (D 0,0,0) (S 277,77,456) (S 777,810,811) (S 779,811,69) (S 274,302,452) (S 275,453,452) (S 32,70,69) (S 780,69,456) (S 198,283,348) (D 0,0,0)
 0 1 30 95227 5500  9 (D 0,0,0) (S 379,575,195) (S 143,266,184) (S 201,350,184) (S 98,184,183) (S 656,183,752) (S 655,751,752) (S 661,752,357) (D 0,0,0)
 0 1 31 93604 6938  9 (D 0,0,0) (S 242,407,247) (S 80,146,162) (S 109,162,203) (S 211,203,369) (S 110,203,204) (S 56,112,110) (S 363,559,560) (D 0,0,0)
 0 1 32 94513 6392  9 (D 0,0,0) (S 429,612,615) (S 202,351,352) (S 203,352,353) (S 662,353,754) (S 670,754,758) (S 669,758,759) (S 671,760,178) (D 0,0,0)
 0 1 33 95624 7900  10 (D 0,0,0) (S 219,144,378) (S 704,378,382) (S 222,382,383) (S 702,381,382) (S 220,379,380) (S 54,109,107) (S 52,107,106) (S 709,776,775) (D 0,0,0)
 0 1 34 94318 7117  8 (D 0,0,0) (S 162,118,108) (S 50,104,105) (S 51,104,106) (S 710,106,776) (S 720,776,774) (S 668,758,351) (D 0,0,0)
 0 1 35 95290 8040  8 (D 0,0,0) (S 161,282,287) (S 273,75,451) (S 271,451,449) (S 711,295,777) (S 717,779,289) (S 159,289,295) (D 0,0,0)
 0 1 36 95767 7644  14 (D 0,0,0) (S 331,124,530) (S 574,530,698) (S 570,698,699) (S 573,699,704) (S 572,702,703) (S 594,699,720) (S 602,719,698) (S 600,698,723) (S 610,723,725) (S 606,725,726) (S 607,727,724) (S 65,126,127) (D 0,0,0)
 0 1 37 92519 8474  8 (D 0,0,0) (S 158,293,291) (S 156,291,280) (S 268,280,447) (S 154,286,174) (S 153,285,284) (S 632,291,504) (D 0,0,0)
 0 1 38 95556 7452  8 (D 0,0,0) (S 24,59,48) (S 19,48,44) (S 28,44,57) (S 584,57,712) (S 181,322,324) (S 365,323,556) (D 0,0,0)
 0 1 39 95754 8948  8 (D 0,0,0) (S 626,740,741) (S 625,731,739) (S 624,739,285) (S 586,286,713) (S 651,739,743) (S 628,743,730) (D 0,0,0)
 0 1 40 95845 7854  8 (D 0,0,0) (S 107,200,199) (S 155,108,283) (S 37,70,76) (S 270,76,448) (S 269,448,449) (S 272,449,450) (D 0,0,0)
 0 1 41 94753 7835  9 (D 0,0,0) (S 605,725,714) (S 587,714,715) (S 611,715,706) (S 612,706,722) (S 598,722,717) (S 599,716,721) (S 333,535,530) (D 0,0,0)
 0 1 42 90809 6630  7 (D 0,0,0) (S 239,237,402) (S 703,267,774) (S 721,774,780) (S 708,775,146) (S 73,146,147) (D 0,0,0)
 0 1 43 95476 8809  7 (D 0,0,0) (S 157,281,284) (S 775,293,445) (S 267,445,446) (S 776,445,508) (S 315,454,303) (D 0,0,0)
 0 1 44 95744 7711  9 (D 0,0,0) (S 692,395,770) (S 210,368,367) (S 683,389,79) (S 689,765,368) (S 690,368,770) (S 691,770,767) (S 686,767,768) (D 0,0,0)
 0 1 45 93291 6032  7 (D 0,0,0) (S 26,53,62) (S 652,749,750) (S 654,750,343) (S 192,343,54) (S 544,64,679) (D 0,0,0)
 0 1 46 94341 3968  14 (D 0,0,0) (S 424,614,409) (S 133,250,248) (S 132,248,249) (S 318,248,512) (S 525,408,238) (S 526,238,239) (S 522,670,615) (S 519,612,654) (S 513,654,236) (S 125,236,234) (S 124,234,235) (S 497,235,485) (D 0,0,0)
 0 1 47 95665 7424  10 (D 0,0,0) (S 344,547,545) (S 340,542,543) (S 341,541,544) (S 646,341,100) (S 46,98,99) (S 47,99,84) (S 42,84,85) (S 188,337,338) (D 0,0,0)
 0 1 48 93075 6704  6 (D 0,0,0) (S 643,545,335) (S 187,335,336) (S 636,336,547) (S 186,333,334) (D 0,0,0)
 0 1 49 95585 6504  8 (D 0,0,0) (S 191,51,342) (S 29,62,63) (S 342,546,333) (S 343,333,547) (S 653,547,343) (S 543,679,680) (D 0,0,0)
 0 1 50 93043 7526  7 (D 0,0,0) (S 190,341,294) (S 34,73,72) (S 36,72,74) (S 35,74,75) (S 33,72,71) (D 0,0,0)
 0 1 51 95783 10361  9 (D 0,0,0) (S 758,805,806) (S 759,423,300) (S 3,13,12) (S 260,12,439) (S 738,12,797) (S 258,435,436) (S 733,788,786) (D 0,0,0)
 0 1 52 89860 5808  8 (D 0,0,0) (S 380,557,523) (S 194,345,346) (S 58,114,115) (S 57,114,113) (S 675,589,762) (S 677,360,763) (D 0,0,0)
 0 1 53 95369 6414  7 (D 0,0,0) (S 676,762,397) (S 218,377,110) (S 55,110,111) (S 44,93,94) (S 405,94,595) (D 0,0,0)
 0 1 54 95712 7031  11 (D 0,0,0) (S 679,595,763) (S 697,396,377) (S 698,773,158) (S 76,158,143) (S 72,143,144) (S 706,379,109) (S 707,109,775) (S 243,407,402) (S 423,612,611) (D 0,0,0)
 0 1 55 92410 6525  9 (D 0,0,0) (S 406,572,595) (S 664,94,755) (S 663,755,756) (S 701,756,112) (S 700,112,204) (S 699,204,773) (S 696,773,377) (D 0,0,0)
 0 1 56 95971 7657  7 (D 0,0,0) (S 221,159,381) (S 705,381,36) (S 724,37,420) (S 249,420,160) (S 215,160,373) (D 0,0,0)
 0 1 57 95455 8391  11 (D 0,0,0) (S 687,373,767) (S 688,768,769) (S 682,765,79) (S 39,79,78) (S 224,387,388) (S 227,393,387) (S 312,468,469) (S 684,470,766) (S 685,766,765) (D 0,0,0)
 0 1 58 95170 8008  9 (D 0,0,0) (S 396,589,364) (S 214,372,152) (S 262,152,441) (S 725,441,781) (S 723,781,782) (S 151,279,161) (S 231,367,372) (D 0,0,0)
 0 1 59 90779 5939  9 (D 0,0,0) (S 5,16,17) (S 430,618,619) (S 431,619,15) (S 4,14,15) (S 433,619,115) (S 432,115,591) (S 398,591,572) (D 0,0,0)
 0 1 60 95578 8380  7 (D 0,0,0) (S 228,394,390) (S 693,771,155) (S 45,95,96) (S 75,149,157) (S 695,771,772) (D 0,0,0)
 0 1 61 95248 9470  9 (D 0,0,0) (S 761,807,802) (S 736,795,790) (S 735,793,794) (S 755,425,796) (S 737,796,437) (S 760,797,375) (S 756,804,805) (D 0,0,0)
 0 1 62 95940 9327  7 (D 0,0,0) (S 145,268,269) (S 757,805,273) (S 149,273,270) (S 148,276,277) (S 264,276,443) (D 0,0,0)
 0 1 63 94925 9937  7 (D 0,0,0) (S 773,306,444) (S 146,274,275) (S 261,275,440) (S 84,165,167) (S 253,167,424) (D 0,0,0)
 0 1 64 95713 9124  9 (D 0,0,0) (S 751,157,800) (S 749,800,803) (S 754,803,788) (S 750,800,786) (S 732,786,787) (S 752,787,801) (S 753,801,156) (D 0,0,0)
 0 1 65 95798 8938  7 (D 0,0,0) (S 223,308,306) (S 171,307,272) (S 734,787,272) (S 730,421,783) (S 722,781,420) (D 0,0,0)
 0 1 66 95017 8525  5 (D 0,0,0) (S 212,370,154) (S 763,150,808) (S 762,807,149) (D 0,0,0)
 0 1 67 95989 10338  12 (D 0,0,0) (S 377,573,560) (S 256,429,430) (S 259,437,438) (S 731,784,785) (S 739,785,431) (S 257,431,432) (S 744,433,795) (S 746,802,803) (S 745,800,801) (S 747,801,268) (D 0,0,0)
 0 1 68 95409 9183  7 (D 0,0,0) (S 748,433,798) (S 743,798,429) (S 742,429,799) (S 765,427,808) (S 254,427,65) (D 0,0,0)
 0 1 69 95604 9753  9 (D 0,0,0) (S 41,82,83) (S 165,82,297) (S 164,297,298) (S 166,277,301) (S 767,301,809) (S 771,809,274) (S 263,442,163) (D 0,0,0)
 0 1 70 95358 7907  6 (D 0,0,0) (S 213,371,151) (S 251,153,422) (S 694,771,392) (S 229,395,373) (D 0,0,0)
 0 1 71 95472 8617  11 (D 0,0,0) (S 78,160,152) (S 726,441,279) (S 152,279,278) (S 727,278,783) (S 728,783,172) (S 90,172,80) (S 40,80,81) (S 89,172,37) (S 15,37,36) (D 0,0,0)
 0 1 72 95918 9535  11 (D 0,0,0) (S 168,303,302) (S 774,455,171) (S 91,171,169) (S 85,168,164) (S 81,164,163) (S 83,163,166) (S 147,275,166) (S 394,164,588) (S 393,587,169) (D 0,0,0)
 0 1 73 95773 9808  8 (D 0,0,0) (S 167,171,82) (S 163,297,277) (S 150,277,274) (S 217,296,375) (S 252,423,271) (S 266,270,444) (D 0,0,0)
 0 1 74 94634 8885  8 (D 0,0,0) (S 265,170,443) (S 772,443,444) (S 169,306,307) (S 729,307,421) (S 250,421,308) (S 170,308,173) (D 0,0,0)
 0 1 75 96000 9695  9 (D 0,0,0) (S 770,442,274) (S 766,809,424) (S 769,424,440) (S 768,440,165) (S 82,165,166) (S 86,168,169) (S 87,171,170) (D 0,0,0)
 0 1 76 95610 9365  8 (D 0,0,0) (S 74,66,148) (S 255,67,428) (S 741,68,428) (S 740,428,799) (S 764,799,427) (S 225,384,78) (D 0,0,0)
 0 1 77 87082 5732  10 (D 0,0,0) (S 10,25,26) (S 361,27,558) (S 364,558,524) (S 407,572,596) (S 376,572,523) (S 389,523,141) (S 390,141,189) (S 71,141,142) (D 0,0,0)
 0 1 78 95477 8547  7 (D 0,0,0) (S 630,281,743) (S 650,739,713) (S 585,713,707) (S 579,707,708) (S 583,708,57) (D 0,0,0)
 0 1 79 92021 6301  6 (D 0,0,0) (S 395,591,590) (S 397,345,113) (S 208,364,363) (S 209,365,366) (D 0,0,0)
 0 1 80 95187 4325  12 (D 0,0,0) (S 500,658,657) (S 506,657,664) (S 479,646,232) (S 123,232,233) (S 302,232,492) (S 6,19,18) (S 288,479,135) (S 291,135,482) (S 512,482,660) (S 511,660,658) (D 0,0,0)
 0 1 81 95954 8001  10 (D 0,0,0) (S 680,763,359) (S 681,764,359) (S 206,359,360) (S 678,360,762) (S 207,361,362) (S 230,396,363) (S 232,365,92) (S 314,92,507) (D 0,0,0)
 0 1 82 95820 5277  14 (D 0,0,0) (S 392,24,586) (S 99,186,185) (S 94,175,176) (S 412,599,176) (S 413,176,580) (S 411,597,598) (S 414,597,600) (S 382,578,579) (S 383,578,581) (S 388,581,189) (S 101,189,190) (S 410,190,142) (D 0,0,0)
 0 1 83 92923 6254  10 (D 0,0,0) (S 287,476,477) (S 349,478,255) (S 137,257,258) (S 542,258,120) (S 60,120,121) (S 348,549,539) (S 338,540,539) (S 337,539,55) (D 0,0,0)
 0 1 84 95793 4357  15 (D 0,0,0) (S 7,21,22) (S 402,586,187) (S 100,187,188) (S 403,187,191) (S 103,191,192) (S 404,191,594) (S 408,594,186) (S 400,593,594) (S 409,594,190) (S 102,190,140) (S 70,140,139) (S 360,139,557) (S 381,573,23) (D 0,0,0)
 0 1 85 95306 2251  7 (D 0,0,0) (S 399,586,592) (S 401,592,585) (S 391,585,24) (S 9,24,21) (S 8,21,23) (D 0,0,0)
 0 1 86 87689 5035  16 (D 0,0,0) (S 112,208,210) (S 175,315,316) (S 463,315,498) (S 308,498,495) (S 305,495,4) (S 306,4,496) (S 470,496,640) (S 471,640,641) (S 473,642,638) (S 472,638,639) (S 467,638,637) (S 466,636,635) (S 468,635,4) (S 1,4,3) (D 0,0,0)
 0 1 87 94595 8322  6 (D 0,0,0) (S 18,43,44) (S 616,707,728) (S 615,731,730) (S 634,330,332) (D 0,0,0)
 0 1 88 95205 7958  9 (D 0,0,0) (S 637,336,744) (S 638,338,532) (S 633,330,729) (S 631,732,504) (S 311,504,503) (S 714,777,101) (S 49,101,103) (D 0,0,0)
 0 1 89 95536 6806  5 (D 0,0,0) (S 639,546,745) (S 640,745,533) (S 189,340,339) (D 0,0,0)
 0 1 90 86761 5990  8 (D 0,0,0) (S 659,751,753) (S 200,349,181) (S 142,264,265) (S 95,181,177) (S 97,177,179) (S 96,182,183) (D 0,0,0)
 0 1 91 95754 3845  7 (D 0,0,0) (S 537,611,677) (S 535,677,246) (S 130,246,245) (S 536,584,246) (S 538,677,678) (D 0,0,0)
 0 1 92 95690 7228  9 (D 0,0,0) (S 43,90,91) (S 77,145,159) (S 79,159,158) (S 216,159,374) (S 233,374,363) (S 234,397,111) (S 226,111,94) (D 0,0,0)
 0 1 93 95331 6518  17 (D 0,0,0) (S 441,577,609) (S 503,659,136) (S 69,136,135) (S 141,262,263) (S 173,311,312) (S 563,312,314) (S 564,562,314) (S 174,314,313) (S 357,313,311) (S 356,311,263) (S 366,263,561) (S 561,561,695) (S 565,695,312) (S 351,313,520) (S 326,520,519) (D 0,0,0)
 0 1 94 89036 4864  11 (D 0,0,0) (S 298,86,490) (S 299,490,130) (S 469,491,407) (S 126,237,238) (S 127,239,240) (S 521,239,241) (S 128,241,242) (S 523,241,670) (S 524,670,614) (D 0,0,0)
 0 1 95 94966 5050  14 (D 0,0,0) (S 427,199,617) (S 428,617,613) (S 518,667,669) (S 516,668,669) (S 531,669,673) (S 529,673,672) (S 527,672,671) (S 534,671,675) (S 533,676,675) (S 532,675,673) (S 530,674,673) (S 528,672,667) (D 0,0,0)
 0 1 96 93529 3249  9 (D 0,0,0) (S 241,400,404) (S 237,400,399) (S 236,399,205) (S 235,206,398) (S 238,398,401) (S 447,215,626) (S 378,575,576) (D 0,0,0)
 0 1 97 95785 3887  13 (D 0,0,0) (S 439,626,625) (S 438,625,212) (S 449,211,627) (S 475,222,634) (S 464,634,2) (S 465,2,218) (S 116,218,217) (S 457,221,631) (S 111,208,207) (S 451,628,214) (S 114,214,215) (D 0,0,0)
 0 1 98 94603 6076  10 (D 0,0,0) (S 658,49,514) (S 319,513,514) (S 205,357,358) (S 657,357,514) (S 384,582,245) (S 385,245,584) (S 387,584,583) (S 362,557,559) (D 0,0,0)
 0 1 99 88471 1743  6 (D 0,0,0) (S 422,606,610) (S 421,606,607) (S 419,607,198) (S 106,198,197) (D 0,0,0)
 0 1 100 92427 7993  11 (D 0,0,0) (S 426,199,616) (S 647,97,529) (S 329,529,528) (S 310,503,502) (S 713,502,778) (S 719,778,747) (S 649,748,746) (S 645,746,102) (S 345,544,506) (D 0,0,0)
 0 1 101 94435 5125  8 (D 0,0,0) (S 290,484,134) (S 289,134,483) (S 509,483,653) (S 193,46,344) (S 20,50,49) (S 386,49,582) (D 0,0,0)
 0 1 102 95554 9054  23 (D 0,0,0) (S 353,522,551) (S 597,535,719) (S 595,720,721) (S 593,721,704) (S 575,702,700) (S 571,700,701) (S 577,700,705) (S 582,705,711) (S 596,722,568) (S 177,319,320) (S 371,319,568) (S 375,568,570) (S 578,570,706) (S 576,706,705) (S 580,705,709) (S 581,709,710) (S 608,723,326) (S 609,326,727) (S 61,122,123) (S 281,126,459) (S 355,554,317) (D 0,0,0)
 0 1 103 94721 6726  10 (D 0,0,0) (S 674,751,355) (S 673,355,761) (S 204,355,356) (S 672,356,753) (S 660,349,147) (S 667,147,757) (S 666,757,354) (S 665,353,755) (D 0,0,0)
 0 1 104 92702 3377  9 (D 0,0,0) (S 462,632,220) (S 117,220,221) (S 458,221,217) (S 115,217,216) (S 461,216,633) (S 459,216,631) (S 460,631,632) (D 0,0,0)
 0 1 105 95339 8581  10 (D 0,0,0) (S 354,554,459) (S 352,459,505) (S 179,322,321) (S 374,569,52) (S 183,327,328) (S 623,733,736) (S 620,736,737) (S 621,736,58) (D 0,0,0)
 0 1 106 94854 3047  11 (D 0,0,0) (S 455,625,630) (S 450,629,630) (S 454,630,214) (S 456,209,415) (S 246,415,223) (S 118,223,222) (S 476,222,416) (S 440,417,457) (S 443,457,627) (D 0,0,0)
