714165
106
2400503
2355797
 0 1 1 90702 3612  11 (D 0,0,0) (S 238,401,398) (S 235,398,206) (S 236,205,399) (S 237,399,400) (S 241,400,404) (S 111,208,207) (S 450,629,630) (S 455,630,625) (S 438,625,212) (D 0,0,0)
 0 1 2 95211 8848  17 (D 0,0,0) (S 594,699,720) (S 595,720,721) (S 599,721,716) (S 588,716,322) (S 282,460,321) (S 177,319,320) (S 371,319,568) (S 596,568,722) (S 598,722,717) (S 582,711,705) (S 577,705,700) (S 571,700,701) (S 593,704,721) (S 592,720,719) (S 601,719,324) (D 0,0,0)
 0 1 3 95171 4886  11 (D 0,0,0) (S 499,657,414) (S 484,414,228) (S 67,131,132) (S 303,132,229) (S 121,229,230) (S 302,232,492) (S 491,492,652) (S 490,650,651) (S 541,652,517) (D 0,0,0)
 0 1 4 92702 3377  9 (D 0,0,0) (S 462,632,220) (S 117,220,221) (S 458,221,217) (S 115,217,216) (S 461,216,633) (S 459,216,631) (S 460,631,632) (D 0,0,0)
 0 1 5 95266 4660  9 (D 0,0,0) (S 122,230,231) (S 320,515,7) (S 11,6,29) (S 2,9,10) (S 489,10,5) (S 295,38,486) (S 297,487,489) (D 0,0,0)
 0 1 6 95956 7988  7 (D 0,0,0) (S 589,718,712) (S 590,712,569) (S 178,319,321) (S 597,719,535) (S 354,459,554) (D 0,0,0)
 0 1 7 95330 7389  16 (D 0,0,0) (S 566,318,127) (S 65,127,126) (S 62,123,124) (S 604,124,724) (S 607,724,727) (S 609,727,326) (S 608,326,723) (S 600,723,698) (S 602,719,698) (S 606,725,726) (S 610,725,723) (S 182,326,325) (S 554,127,554) (S 355,554,317) (D 0,0,0)
 0 1 8 93798 7841  11 (D 0,0,0) (S 313,347,506) (S 345,506,544) (S 645,102,746) (S 712,746,97) (S 647,97,529) (S 329,528,529) (S 309,499,501) (S 42,84,85) (S 186,333,334) (D 0,0,0)
 0 1 9 95598 6771  18 (D 0,0,0) (S 502,659,137) (S 69,136,135) (S 288,135,479) (S 172,309,310) (S 324,309,519) (S 369,555,562) (S 370,564,565) (S 550,565,691) (S 557,691,260) (S 334,534,537) (S 555,534,260) (S 553,691,127) (S 567,318,564) (S 368,564,553) (S 503,136,659) (S 501,659,660) (D 0,0,0)
 0 1 10 93911 2037  8 (D 0,0,0) (S 378,576,575) (S 422,606,610) (S 421,606,607) (S 419,607,198) (S 420,198,608) (S 106,198,197) (D 0,0,0)
 0 1 11 91712 5050  12 (D 0,0,0) (S 528,667,672) (S 527,672,671) (S 534,671,675) (S 533,676,675) (S 532,675,673) (S 530,674,673) (S 529,673,672) (S 531,673,669) (S 516,668,669) (S 518,669,667) (D 0,0,0)
 0 1 12 95497 5138  13 (D 0,0,0) (S 125,234,236) (S 519,654,612) (S 524,614,670) (S 523,670,241) (S 521,241,239) (S 126,238,237) (S 239,237,402) (S 243,402,407) (S 242,407,247) (S 131,247,50) (S 193,46,344) (D 0,0,0)
 0 1 13 94026 5235  17 (D 0,0,0) (S 112,208,210) (S 175,315,316) (S 463,315,498) (S 308,498,495) (S 305,495,4) (S 470,496,640) (S 471,640,641) (S 473,642,638) (S 472,638,639) (S 467,638,637) (S 466,636,635) (S 468,635,4) (S 464,2,634) (S 444,627,621) (S 435,621,212) (D 0,0,0)
 0 1 14 95760 8837  9 (D 0,0,0) (S 156,291,280) (S 153,284,285) (S 157,284,281) (S 630,281,743) (S 650,739,713) (S 585,713,707) (S 616,707,728) (D 0,0,0)
 0 1 15 93900 3860  6 (D 0,0,0) (S 119,226,227) (S 481,647,648) (S 480,648,649) (S 483,224,516) (D 0,0,0)
 0 1 16 95141 5497  11 (D 0,0,0) (S 292,28,200) (S 497,485,235) (S 495,235,655) (S 496,655,617) (S 469,407,491) (S 201,350,184) (S 98,184,183) (S 656,183,752) (S 658,514,49) (D 0,0,0)
 0 1 17 94020 8307  9 (D 0,0,0) (S 339,506,287) (S 276,304,455) (S 275,453,452) (S 274,452,302) (S 277,456,77) (S 155,283,108) (S 199,116,264) (D 0,0,0)
 0 1 18 94046 6980  12 (D 0,0,0) (S 359,521,556) (S 365,556,323) (S 333,535,530) (S 331,530,124) (S 63,125,123) (S 61,122,123) (S 64,123,126) (S 281,126,459) (S 358,317,551) (S 350,551,552) (D 0,0,0)
 0 1 19 94768 6740  10 (D 0,0,0) (S 366,263,561) (S 558,693,682) (S 551,685,692) (S 547,685,35) (S 14,33,34) (S 560,693,695) (S 561,695,561) (S 562,561,262) (D 0,0,0)
 0 1 20 95785 4927  7 (D 0,0,0) (S 425,615,614) (S 66,130,128) (S 540,128,253) (S 135,253,254) (S 322,87,474) (D 0,0,0)
 0 1 21 95639 7252  10 (D 0,0,0) (S 353,522,551) (S 352,459,505) (S 336,323,538) (S 635,59,332) (S 634,332,330) (S 184,330,329) (S 638,532,338) (S 642,744,339) (D 0,0,0)
 0 1 22 94670 4016  9 (D 0,0,0) (S 535,677,246) (S 536,246,584) (S 387,584,583) (S 389,523,141) (S 390,141,189) (S 71,141,142) (S 360,139,557) (D 0,0,0)
 0 1 23 93811 6029  13 (D 0,0,0) (S 356,263,311) (S 357,311,313) (S 351,313,520) (S 349,478,255) (S 346,255,257) (S 137,257,258) (S 542,258,120) (S 60,120,121) (S 347,548,257) (S 136,255,256) (S 325,256,476) (D 0,0,0)
 0 1 24 94981 8190  8 (D 0,0,0) (S 615,730,731) (S 626,740,741) (S 579,707,708) (S 583,708,57) (S 584,57,712) (S 181,322,324) (D 0,0,0)
 0 1 25 94304 7159  7 (D 0,0,0) (S 703,267,774) (S 721,774,780) (S 707,775,109) (S 220,379,380) (S 219,378,144) (D 0,0,0)
 0 1 26 95650 3943  11 (D 0,0,0) (S 113,212,211) (S 449,211,627) (S 443,627,457) (S 478,413,646) (S 479,646,232) (S 123,232,233) (S 304,232,493) (S 487,494,645) (S 485,645,131) (D 0,0,0)
 0 1 27 88155 4412  14 (D 0,0,0) (S 410,142,190) (S 409,190,594) (S 400,593,594) (S 408,594,186) (S 99,185,186) (S 404,594,191) (S 103,191,192) (S 403,191,187) (S 100,187,188) (S 402,187,586) (S 392,586,24) (S 7,21,22) (D 0,0,0)
 0 1 28 95676 6231  9 (D 0,0,0) (S 423,611,612) (S 671,178,760) (S 202,351,352) (S 203,352,353) (S 665,353,755) (S 664,755,94) (S 44,93,94) (D 0,0,0)
 0 1 29 95489 6822  9 (D 0,0,0) (S 636,547,336) (S 637,336,744) (S 187,336,335) (S 643,335,545) (S 344,545,547) (S 342,333,546) (S 191,51,342) (D 0,0,0)
 0 1 30 95504 7256  7 (D 0,0,0) (S 395,591,590) (S 676,762,397) (S 314,92,507) (S 209,365,366) (S 398,591,572) (D 0,0,0)
 0 1 31 95824 7442  9 (D 0,0,0) (S 162,118,108) (S 53,108,104) (S 50,104,105) (S 51,104,106) (S 710,776,106) (S 52,106,107) (S 54,107,109) (D 0,0,0)
 0 1 32 94706 2398  7 (D 0,0,0) (S 108,201,202) (S 498,480,656) (S 442,620,609) (S 441,609,577) (S 379,195,575) (D 0,0,0)
 0 1 33 91897 2752  7 (D 0,0,0) (S 248,419,403) (S 240,403,401) (S 445,419,208) (S 446,208,215) (S 447,215,626) (D 0,0,0)
 0 1 34 95445 7858  10 (D 0,0,0) (S 715,777,779) (S 716,779,778) (S 713,778,502) (S 310,502,503) (S 648,528,747) (S 719,778,747) (S 649,748,746) (S 646,100,341) (D 0,0,0)
 0 1 35 95923 9220  7 (D 0,0,0) (S 776,508,445) (S 267,445,446) (S 775,445,293) (S 624,285,739) (S 625,739,731) (D 0,0,0)
 0 1 36 95910 9936  11 (D 0,0,0) (S 732,787,786) (S 733,786,788) (S 755,425,796) (S 258,435,436) (S 737,796,437) (S 259,437,438) (S 760,797,375) (S 758,806,805) (S 145,269,268) (D 0,0,0)
 0 1 37 95318 9551  7 (D 0,0,0) (S 41,82,83) (S 771,274,809) (S 759,300,423) (S 252,423,271) (S 266,270,444) (D 0,0,0)
 0 1 38 95044 8981  12 (D 0,0,0) (S 633,330,729) (S 617,732,730) (S 613,728,511) (S 618,728,735) (S 619,735,734) (S 622,738,737) (S 620,737,736) (S 623,736,733) (S 373,327,52) (S 179,321,322) (D 0,0,0)
 0 1 39 95771 7838  6 (D 0,0,0) (S 718,778,292) (S 272,450,449) (S 271,449,451) (S 273,451,75) (D 0,0,0)
 0 1 40 95465 8186  8 (D 0,0,0) (S 32,69,70) (S 315,303,454) (S 328,293,527) (S 330,527,502) (S 714,777,101) (S 49,101,103) (D 0,0,0)
 0 1 41 95515 8501  7 (D 0,0,0) (S 159,295,289) (S 717,289,779) (S 158,293,291) (S 632,291,504) (S 627,742,48) (D 0,0,0)
 0 1 42 95349 8505  6 (D 0,0,0) (S 169,306,307) (S 730,421,783) (S 152,278,279) (S 151,279,161) (D 0,0,0)
 0 1 43 95541 7089  6 (D 0,0,0) (S 640,745,533) (S 332,533,340) (S 185,331,332) (S 189,340,339) (D 0,0,0)
 0 1 44 95223 6847  15 (D 0,0,0) (S 511,658,660) (S 504,137,661) (S 508,663,479) (S 559,518,262) (S 141,262,263) (S 173,311,312) (S 564,314,562) (S 367,562,563) (S 546,563,684) (S 138,32,259) (S 545,259,683) (S 548,686,687) (S 549,688,690) (D 0,0,0)
 0 1 45 95818 9039  10 (D 0,0,0) (S 34,73,72) (S 36,72,74) (S 92,173,170) (S 265,170,443) (S 170,308,173) (S 93,173,80) (S 90,80,172) (S 222,382,383) (D 0,0,0)
 0 1 46 95997 10110  8 (D 0,0,0) (S 738,797,12) (S 260,12,439) (S 3,12,13) (S 217,296,375) (S 756,804,805) (S 757,805,273) (D 0,0,0)
 0 1 47 95808 8494  6 (D 0,0,0) (S 27,58,52) (S 21,52,47) (S 621,736,58) (S 19,44,48) (D 0,0,0)
 0 1 48 95344 9587  9 (D 0,0,0) (S 87,170,171) (S 146,274,275) (S 261,275,440) (S 769,440,424) (S 150,274,277) (S 163,277,297) (S 168,302,303) (D 0,0,0)
 0 1 49 95895 9788  9 (D 0,0,0) (S 17,41,42) (S 22,42,56) (S 280,458,42) (S 317,47,510) (S 372,510,566) (S 183,327,328) (S 374,52,569) (D 0,0,0)
 0 1 50 95783 8402  16 (D 0,0,0) (S 605,725,714) (S 587,714,715) (S 611,715,706) (S 578,706,570) (S 375,570,568) (S 612,722,706) (S 576,706,705) (S 580,705,709) (S 581,709,710) (S 575,700,702) (S 572,702,703) (S 573,704,699) (S 570,699,698) (S 574,698,530) (D 0,0,0)
 0 1 51 95424 7726  7 (D 0,0,0) (S 188,338,337) (S 644,337,531) (S 614,500,729) (S 631,732,504) (S 311,504,503) (D 0,0,0)
 0 1 52 95728 7380  8 (D 0,0,0) (S 233,363,374) (S 216,374,159) (S 77,159,145) (S 88,145,36) (S 705,36,381) (S 698,158,773) (D 0,0,0)
 0 1 53 95053 9720  10 (D 0,0,0) (S 263,442,163) (S 83,163,166) (S 82,166,165) (S 767,809,301) (S 166,301,277) (S 165,297,82) (S 167,82,171) (S 774,171,455) (D 0,0,0)
 0 1 54 94781 5501  14 (D 0,0,0) (S 362,559,557) (S 414,597,600) (S 411,597,598) (S 94,175,176) (S 412,599,176) (S 413,176,580) (S 382,578,579) (S 383,578,581) (S 388,581,189) (S 101,189,190) (S 102,190,140) (S 70,140,139) (D 0,0,0)
 0 1 55 95463 8134  8 (D 0,0,0) (S 35,74,75) (S 270,76,448) (S 269,448,449) (S 190,294,341) (S 341,544,541) (S 340,542,543) (D 0,0,0)
 0 1 56 95941 9945  9 (D 0,0,0) (S 770,442,274) (S 766,809,424) (S 253,424,167) (S 84,167,165) (S 768,165,440) (S 147,275,166) (S 81,163,164) (D 0,0,0)
 0 1 57 94926 9886  8 (D 0,0,0) (S 741,68,428) (S 256,429,430) (S 743,429,798) (S 739,431,785) (S 731,784,785) (S 748,798,433) (D 0,0,0)
 0 1 58 94316 6254  8 (D 0,0,0) (S 406,572,595) (S 405,595,94) (S 662,353,754) (S 670,754,758) (S 669,758,759) (S 668,758,351) (D 0,0,0)
 0 1 59 95807 8595  9 (D 0,0,0) (S 15,36,37) (S 40,80,81) (S 728,172,783) (S 727,783,278) (S 726,279,441) (S 262,441,152) (S 232,92,365) (D 0,0,0)
 0 1 60 94020 9051  8 (D 0,0,0) (S 250,308,421) (S 729,421,307) (S 171,307,272) (S 149,273,270) (S 752,787,801) (S 747,801,268) (D 0,0,0)
 0 1 61 95960 9076  8 (D 0,0,0) (S 223,308,306) (S 773,306,444) (S 772,444,443) (S 264,443,276) (S 148,276,277) (S 164,297,298) (D 0,0,0)
 0 1 62 95906 9291  7 (D 0,0,0) (S 254,65,427) (S 742,799,429) (S 257,431,432) (S 744,433,795) (S 761,802,807) (D 0,0,0)
 0 1 63 93799 7817  8 (D 0,0,0) (S 43,90,91) (S 214,152,372) (S 683,389,79) (S 682,79,765) (S 685,766,765) (S 210,368,367) (D 0,0,0)
 0 1 64 91154 7405  6 (D 0,0,0) (S 215,373,160) (S 78,160,152) (S 213,151,371) (S 231,367,372) (D 0,0,0)
 0 1 65 94040 6951  9 (D 0,0,0) (S 657,514,357) (S 80,146,162) (S 109,162,203) (S 211,203,369) (S 110,203,204) (S 701,112,756) (S 663,756,755) (D 0,0,0)
 0 1 66 95750 7251  8 (D 0,0,0) (S 230,396,363) (S 687,373,767) (S 688,768,769) (S 686,768,767) (S 691,767,770) (S 692,770,395) (D 0,0,0)
 0 1 67 95619 7488  8 (D 0,0,0) (S 198,348,283) (S 161,282,287) (S 779,69,811) (S 777,810,811) (S 780,69,456) (S 778,456,287) (D 0,0,0)
 0 1 68 94970 9327  11 (D 0,0,0) (S 751,157,800) (S 746,803,802) (S 736,795,790) (S 735,793,794) (S 734,787,272) (S 725,441,781) (S 723,781,782) (S 722,781,420) (S 249,420,160) (D 0,0,0)
 0 1 69 95998 8003  7 (D 0,0,0) (S 212,370,154) (S 251,153,422) (S 694,771,392) (S 225,384,78) (S 39,78,79) (D 0,0,0)
 0 1 70 95071 8392  10 (D 0,0,0) (S 228,394,390) (S 75,149,157) (S 693,155,771) (S 224,387,388) (S 312,468,469) (S 684,470,766) (S 689,765,368) (S 690,368,770) (D 0,0,0)
 0 1 71 95942 9308  6 (D 0,0,0) (S 45,95,96) (S 74,66,148) (S 762,807,149) (S 695,771,772) (D 0,0,0)
 0 1 72 95723 6619  7 (D 0,0,0) (S 396,589,364) (S 208,364,363) (S 207,361,362) (S 675,762,589) (S 397,113,345) (D 0,0,0)
 0 1 73 95550 6844  9 (D 0,0,0) (S 205,357,358) (S 673,355,761) (S 204,355,356) (S 672,356,753) (S 655,751,752) (S 661,752,357) (S 319,513,514) (D 0,0,0)
 0 1 74 93310 7197  10 (D 0,0,0) (S 72,144,143) (S 76,143,158) (S 79,158,159) (S 221,159,381) (S 702,381,382) (S 704,382,378) (S 706,379,109) (S 429,615,612) (D 0,0,0)
 0 1 75 95856 9485  11 (D 0,0,0) (S 229,373,395) (S 753,156,801) (S 750,800,786) (S 754,788,803) (S 749,803,800) (S 745,800,801) (S 89,172,37) (S 316,37,509) (S 724,37,420) (D 0,0,0)
 0 1 76 93454 4617  7 (D 0,0,0) (S 386,49,582) (S 384,582,245) (S 130,245,246) (S 538,677,678) (S 537,677,611) (D 0,0,0)
 0 1 77 93657 9124  11 (D 0,0,0) (S 197,182,180) (S 37,76,70) (S 91,171,169) (S 86,169,168) (S 85,168,164) (S 394,164,588) (S 393,587,169) (S 38,69,77) (S 278,77,288) (D 0,0,0)
 0 1 78 52038 1524  4 (D 0,0,0) (S 452,607,622) (S 436,213,622) (D 0,0,0)
 0 1 79 95368 6665  9 (D 0,0,0) (S 323,88,119) (S 348,549,539) (S 338,540,539) (S 192,54,343) (S 654,343,750) (S 652,750,749) (S 543,679,680) (D 0,0,0)
 0 1 80 94057 6750  9 (D 0,0,0) (S 432,591,115) (S 58,115,114) (S 697,396,377) (S 696,377,773) (S 699,773,204) (S 700,204,112) (S 56,112,110) (D 0,0,0)
 0 1 81 95992 6523  9 (D 0,0,0) (S 290,484,134) (S 509,483,653) (S 653,343,547) (S 343,547,333) (S 639,546,745) (S 641,745,60) (S 29,63,62) (D 0,0,0)
 0 1 82 95949 7620  14 (D 0,0,0) (S 291,482,135) (S 326,519,520) (S 174,313,314) (S 563,314,312) (S 565,312,695) (S 13,32,31) (S 12,31,30) (S 140,261,30) (S 139,30,260) (S 327,525,526) (S 552,536,691) (S 176,318,317) (D 0,0,0)
 0 1 83 94492 6480  10 (D 0,0,0) (S 427,199,617) (S 195,180,347) (S 196,347,348) (S 59,117,118) (S 160,118,267) (S 200,181,349) (S 493,138,654) (S 124,234,235) (D 0,0,0)
 0 1 84 95990 7174  9 (D 0,0,0) (S 31,55,60) (S 30,61,59) (S 335,61,538) (S 591,538,718) (S 603,718,324) (S 180,324,323) (S 294,484,485) (D 0,0,0)
 0 1 85 94409 2911  10 (D 0,0,0) (S 114,215,214) (S 451,214,628) (S 453,628,209) (S 456,209,415) (S 246,415,223) (S 118,223,222) (S 476,222,416) (S 440,417,457) (D 0,0,0)
 0 1 86 95521 3355  7 (D 0,0,0) (S 245,414,413) (S 244,411,410) (S 482,405,647) (S 477,647,646) (S 486,133,228) (D 0,0,0)
 0 1 87 92686 3772  11 (D 0,0,0) (S 457,631,221) (S 116,217,218) (S 465,218,2) (S 1,3,4) (S 306,4,496) (S 474,489,634) (S 475,634,222) (S 454,214,630) (S 439,625,626) (D 0,0,0)
 0 1 88 93842 3472  14 (D 0,0,0) (S 434,213,620) (S 512,660,482) (S 68,134,138) (S 492,138,653) (S 494,653,412) (S 247,418,226) (S 505,406,663) (S 507,663,662) (S 510,662,661) (S 506,664,657) (S 500,657,658) (S 437,623,624) (D 0,0,0)
 0 1 89 92055 4188  9 (D 0,0,0) (S 448,211,628) (S 279,209,457) (S 296,132,488) (S 307,488,38) (S 488,40,5) (S 16,40,39) (S 120,38,228) (D 0,0,0)
 0 1 90 92383 7715  7 (D 0,0,0) (S 33,71,72) (S 711,295,777) (S 48,101,102) (S 46,98,99) (S 47,99,84) (D 0,0,0)
 0 1 91 46970 1004  8 (D 0,0,0) (S 417,603,604) (S 418,605,603) (S 286,466,467) (S 285,464,465) (S 284,463,464) (S 283,461,462) (D 0,0,0)
 0 1 92 94307 6414  9 (D 0,0,0) (S 569,696,697) (S 568,697,53) (S 26,53,62) (S 544,679,64) (S 337,55,539) (S 556,550,556) (S 287,477,476) (D 0,0,0)
 0 1 93 93875 5939  9 (D 0,0,0) (S 381,23,573) (S 433,115,619) (S 431,619,15) (S 4,14,15) (S 430,619,618) (S 5,16,17) (S 407,596,572) (D 0,0,0)
 0 1 94 95408 6346  12 (D 0,0,0) (S 10,25,26) (S 679,595,763) (S 206,360,359) (S 681,764,359) (S 680,359,763) (S 677,763,360) (S 678,360,762) (S 57,113,114) (S 194,346,345) (S 377,560,573) (D 0,0,0)
 0 1 95 75709 1770  6 (D 0,0,0) (S 105,196,194) (S 104,194,193) (S 415,193,601) (S 416,193,574) (D 0,0,0)
 0 1 96 94077 3987  8 (D 0,0,0) (S 424,614,409) (S 539,643,490) (S 298,490,86) (S 321,497,516) (S 6,19,18) (S 289,483,134) (D 0,0,0)
 0 1 97 95748 9252  9 (D 0,0,0) (S 363,560,559) (S 763,150,808) (S 765,808,427) (S 764,427,799) (S 740,799,428) (S 255,428,67) (S 227,393,387) (D 0,0,0)
 0 1 98 93755 8541  8 (D 0,0,0) (S 268,280,447) (S 154,286,174) (S 586,286,713) (S 651,739,743) (S 628,743,730) (S 629,730,742) (D 0,0,0)
 0 1 99 88052 5179  8 (D 0,0,0) (S 107,200,199) (S 299,490,130) (S 300,130,251) (S 134,252,129) (S 301,491,45) (S 20,50,49) (D 0,0,0)
 0 1 100 92922 7886  7 (D 0,0,0) (S 18,43,44) (S 28,44,57) (S 23,57,58) (S 24,48,59) (S 25,61,60) (D 0,0,0)
 0 1 101 94107 6935  8 (D 0,0,0) (S 385,584,245) (S 674,751,355) (S 144,264,267) (S 720,774,776) (S 709,776,775) (S 708,775,146) (D 0,0,0)
 0 1 102 95881 6339  9 (D 0,0,0) (S 361,27,558) (S 364,558,524) (S 226,94,111) (S 234,111,397) (S 218,377,110) (S 55,110,111) (S 376,572,523) (D 0,0,0)
 0 1 103 91830 6423  8 (D 0,0,0) (S 428,617,613) (S 660,349,147) (S 73,146,147) (S 667,147,757) (S 666,757,354) (S 380,523,557) (D 0,0,0)
 0 1 104 95224 6366  9 (D 0,0,0) (S 426,199,616) (S 143,266,184) (S 96,183,182) (S 97,179,177) (S 95,177,181) (S 142,264,265) (S 659,753,751) (D 0,0,0)
 0 1 105 95349 5183  17 (D 0,0,0) (S 128,241,242) (S 127,239,240) (S 526,239,238) (S 133,250,248) (S 318,248,512) (S 132,248,249) (S 525,408,238) (S 522,670,615) (S 520,666,243) (S 129,243,244) (S 515,667,243) (S 514,666,612) (S 513,654,236) (S 517,236,484) (S 293,485,200) (D 0,0,0)
 0 1 106 95306 2251  7 (D 0,0,0) (S 9,21,24) (S 399,586,592) (S 401,592,585) (S 391,585,24) (S 8,21,23) (D 0,0,0)
