760677
7
2995773
1304595
 0 1 1 21866 79095  49 (D 0,0,0) (S 180,2075,438) (S 190,265,2122) (S 333,2122,2118) (S 100,1250,819) (S 193,819,147) (S 11,148,155) (S 135,155,1654) (S 257,1654,763) (S 102,1275,1276) (S 89,957,940) (S 69,818,789) (S 64,737,738) (S 139,1020,455) (S 38,454,453) (S 185,1713,1515) (S 72,21,76) (S 165,1941,1942) (S 314,2583,76) (S 187,409,2107) (S 88,1094,595) (S 302,76,2694) (S 9,123,124) (S 338,123,20) (S 74,877,878) (S 221,1442,2342) (S 156,571,1875) (S 303,1875,2482) (S 10,127,128) (S 203,1626,2222) (S 207,2269,2270) (S 321,2731,2299) (S 205,2259,150) (S 274,2614,2261) (S 206,2261,1680) (S 118,150,862) (S 234,862,737) (S 229,2383,2384) (S 90,763,1134) (S 105,1119,1302) (S 265,1547,2574) (S 293,2673,2573) (S 121,1546,1474) (S 48,558,559) (S 192,2098,1280) (S 103,1280,1281) (S 191,2124,2125) (S 343,1249,437) (D 0,0,0)
 0 1 2 24960 119520  67 (D 0,0,0) (S 254,536,2362) (S 152,1851,1850) (S 70,388,825) (S 248,153,1396) (S 249,1396,1376) (S 212,78,984) (S 232,153,823) (S 50,612,545) (S 245,566,1973) (S 284,2651,2382) (S 270,1076,136) (S 271,137,2598) (S 129,1621,1620) (S 291,2669,2670) (S 285,750,1986) (S 14,211,210) (S 243,684,2445) (S 340,2613,2789) (S 304,1962,485) (S 164,1935,1934) (S 178,729,771) (S 78,770,932) (S 238,2426,2427) (S 130,1622,1623) (S 329,1457,2088) (S 182,1985,803) (S 60,721,720) (S 138,1687,1686) (S 170,1688,1996) (S 215,2319,470) (S 325,2349,537) (S 47,537,475) (S 113,217,200) (S 15,214,215) (S 326,2757,2339) (S 31,380,381) (S 92,314,783) (S 93,783,1161) (S 140,526,1700) (S 46,526,525) (S 268,741,2369) (S 137,1666,1667) (S 220,722,2341) (S 341,2101,1417) (S 43,495,496) (S 342,584,1450) (S 357,1449,2219) (S 356,2212,2219) (S 154,1862,1863) (S 155,1870,1864) (S 345,2800,2801) (S 344,2800,1583) (S 125,1583,1582) (S 124,1565,1566) (S 316,1581,1608) (S 27,348,347) (S 309,1021,264) (S 328,1406,1407) (S 114,1387,1420) (S 352,1914,2764) (S 330,2764,1101) (S 183,1744,621) (S 51,621,622) (S 219,623,2333) (S 44,519,520) (D 0,0,0)
 0 1 3 20654 102207  54 (D 0,0,0) (S 99,1236,1237) (S 151,1237,937) (S 54,512,653) (S 53,653,652) (S 128,1610,800) (S 16,218,219) (S 55,661,662) (S 25,328,329) (S 244,395,2343) (S 222,2343,1229) (S 33,395,396) (S 163,1779,1925) (S 145,1144,970) (S 198,968,45) (S 177,2043,2044) (S 71,837,836) (S 12,165,164) (S 2,7,8) (S 196,162,2145) (S 61,158,727) (S 34,419,420) (S 111,1367,910) (S 77,907,901) (S 76,900,901) (S 282,1367,1370) (S 162,1908,1909) (S 231,1233,2395) (S 239,329,2428) (S 214,23,2309) (S 227,520,2377) (S 86,1074,1075) (S 23,288,287) (S 32,386,387) (S 7,111,80) (S 159,1893,1892) (S 288,1611,918) (S 37,445,245) (S 19,244,245) (S 120,651,1543) (S 337,2781,2683) (S 67,779,780) (S 336,2722,2780) (S 317,2726,59) (S 298,1228,1227) (S 181,2083,2084) (S 255,2083,3) (S 107,1312,1313) (S 147,1799,1274) (S 122,1557,1111) (S 3,57,56) (S 273,1904,2400) (S 1,2,1) (D 0,0,0)
 0 1 4 13278 82001  35 (D 0,0,0) (S 36,438,439) (S 35,427,428) (S 109,1327,1330) (S 65,744,745) (S 334,745,2776) (S 279,745,2633) (S 281,2636,563) (S 280,2636,562) (S 6,82,83) (S 267,1641,135) (S 320,134,2698) (S 106,1307,133) (S 161,133,1906) (S 4,61,62) (S 226,2359,2357) (S 160,1899,367) (S 246,2464,1393) (S 79,1000,1001) (S 98,1001,1064) (S 324,1310,2386) (S 153,1853,370) (S 233,1003,1104) (S 87,1095,1104) (S 166,703,376) (S 30,375,376) (S 322,301,2440) (S 242,2440,785) (S 68,785,786) (S 230,785,373) (S 225,2355,1919) (S 311,1595,1598) (S 49,577,578) (S 186,579,580) (D 0,0,0)
 0 1 5 24966 117602  60 (D 0,0,0) (S 123,1561,1560) (S 131,1624,1625) (S 132,1625,1631) (S 283,1631,1876) (S 157,1876,1081) (S 41,488,487) (S 228,487,1784) (S 40,462,479) (S 42,462,489) (S 82,1052,401) (S 58,629,686) (S 158,1881,964) (S 149,1139,1835) (S 189,1835,2119) (S 250,2491,553) (S 101,1258,1259) (S 236,2418,2114) (S 188,2114,2115) (S 63,736,735) (S 313,883,884) (S 272,2606,2607) (S 80,1008,1007) (S 115,1431,236) (S 62,733,734) (S 287,2652,1765) (S 150,1732,1840) (S 209,2279,1839) (S 261,2282,2324) (S 217,2324,2282) (S 211,2282,2110) (S 17,237,236) (S 256,458,2517) (S 269,2595,1337) (S 136,1464,665) (S 195,2140,1293) (S 264,1295,2140) (S 194,664,293) (S 300,294,2692) (S 301,2692,2693) (S 318,539,2566) (S 290,2667,2668) (S 307,2706,2707) (S 275,2618,2577) (S 266,1120,1278) (S 308,2701,2245) (S 310,2625,1705) (S 319,2729,2510) (S 253,2510,2511) (S 202,1959,1844) (S 104,1298,1299) (S 292,1299,2671) (S 112,1373,1374) (S 179,556,2064) (S 110,229,1335) (S 323,1916,2007) (S 148,1806,935) (S 83,935,1053) (S 286,601,586) (D 0,0,0)
 0 1 6 24983 140004  67 (D 0,0,0) (S 201,2208,973) (S 260,874,2530) (S 346,2530,2185) (S 18,243,242) (S 22,248,247) (S 91,247,1145) (S 20,247,248) (S 259,248,1782) (S 5,70,69) (S 174,2035,2036) (S 204,2077,2251) (S 85,1059,766) (S 108,1322,1329) (S 327,1321,2748) (S 247,2079,2489) (S 97,52,1205) (S 146,1780,1781) (S 45,521,522) (S 29,317,356) (S 218,804,311) (S 119,377,861) (S 143,1714,1670) (S 21,256,257) (S 134,826,1109) (S 278,2133,1856) (S 276,1715,1496) (S 24,295,285) (S 56,358,666) (S 197,478,2161) (S 199,2188,915) (S 213,2305,117) (S 8,117,118) (S 358,2819,1448) (S 116,1448,1168) (S 117,1168,118) (S 133,615,176) (S 168,176,503) (S 13,177,178) (S 294,1551,1077) (S 295,988,1078) (S 126,1589,1590) (S 297,201,172) (S 251,172,2499) (S 96,1199,1200) (S 349,1201,2017) (S 173,2021,2016) (S 296,1181,172) (S 28,125,349) (S 26,345,344) (S 305,1580,1607) (S 306,1607,2505) (S 252,2505,2506) (S 331,2507,1409) (S 141,1023,446) (S 210,2280,449) (S 127,1603,1604) (S 175,1235,1247) (S 176,833,753) (S 208,2275,2276) (S 289,2545,778) (S 332,2772,1757) (S 224,1137,623) (S 84,519,1054) (S 241,309,2439) (S 240,2438,1832) (D 0,0,0)
 0 1 7 24978 120248  40 (D 0,0,0) (S 223,15,255) (S 351,255,1196) (S 94,142,1190) (S 262,2535,568) (S 142,1710,116) (S 169,283,1215) (S 354,2815,2512) (S 312,2515,473) (S 258,473,2523) (S 66,764,472) (S 200,765,2191) (S 73,869,849) (S 315,1105,1614) (S 347,1613,1143) (S 348,2803,1471) (S 353,2814,846) (S 335,359,343) (S 95,1191,121) (S 355,2555,342) (S 263,342,350) (S 59,695,696) (S 171,1997,1992) (S 299,2680,2569) (S 81,1028,1029) (S 57,679,680) (S 339,2786,2622) (S 277,2622,1675) (S 237,1665,2113) (S 235,2112,1030) (S 184,2094,2095) (S 52,645,646) (S 216,646,1960) (S 167,1960,1416) (S 144,1738,1739) (S 350,2615,269) (S 75,755,894) (S 172,446,2014) (S 39,460,459) (D 0,0,0)
