764349
7
1803314
300396
 0 1 1 13278 82001  35 (D 0,0,0) (S 36,438,439) (S 109,1327,1330) (S 35,427,428) (S 65,744,745) (S 334,745,2776) (S 279,745,2633) (S 281,2636,563) (S 280,2636,562) (S 6,82,83) (S 161,133,1906) (S 106,1307,133) (S 320,2698,134) (S 267,135,1641) (S 4,61,62) (S 226,2359,2357) (S 225,2355,1919) (S 230,373,785) (S 68,785,786) (S 242,785,2440) (S 322,2440,301) (S 30,375,376) (S 166,376,703) (S 87,1095,1104) (S 233,1104,1003) (S 153,1853,370) (S 324,1310,2386) (S 98,1064,1001) (S 79,1001,1000) (S 246,2464,1393) (S 160,1899,367) (S 311,1595,1598) (S 49,577,578) (S 186,579,580) (D 0,0,0)
 0 1 2 22000 79057  50 (D 0,0,0) (S 1,1,2) (S 273,2400,1904) (S 191,2124,2125) (S 103,1281,1280) (S 192,1280,2098) (S 48,559,558) (S 121,1474,1546) (S 265,1547,2574) (S 293,2673,2573) (S 105,1302,1119) (S 90,1134,763) (S 102,1275,1276) (S 89,957,940) (S 69,818,789) (S 229,2384,2383) (S 10,127,128) (S 303,2482,1875) (S 156,1875,571) (S 221,1442,2342) (S 74,877,878) (S 338,20,123) (S 9,123,124) (S 302,2694,76) (S 187,409,2107) (S 88,1094,595) (S 314,76,2583) (S 165,1941,1942) (S 72,76,21) (S 185,1515,1713) (S 38,453,454) (S 139,1020,455) (S 64,738,737) (S 234,737,862) (S 274,2614,2261) (S 206,2261,1680) (S 205,150,2259) (S 203,1626,2222) (S 207,2269,2270) (S 321,2731,2299) (S 118,150,862) (S 257,763,1654) (S 135,1654,155) (S 11,155,148) (S 193,147,819) (S 100,819,1250) (S 333,2118,2122) (S 190,2122,265) (S 180,438,2075) (D 0,0,0)
 0 1 3 24977 106136  57 (D 0,0,0) (S 123,1561,1560) (S 131,1624,1625) (S 132,1625,1631) (S 152,1851,1850) (S 70,388,825) (S 212,984,78) (S 249,1376,1396) (S 248,1396,153) (S 232,153,823) (S 50,612,545) (S 245,566,1973) (S 250,2491,553) (S 101,1258,1259) (S 236,2418,2114) (S 188,2114,2115) (S 150,1732,1840) (S 209,2279,1839) (S 261,2282,2324) (S 217,2324,2282) (S 211,2282,2110) (S 287,2652,1765) (S 62,733,734) (S 17,237,236) (S 115,1431,236) (S 80,1007,1008) (S 272,2606,2607) (S 313,884,883) (S 63,735,736) (S 269,2595,1337) (S 256,458,2517) (S 136,1464,665) (S 264,2140,1295) (S 195,1293,2140) (S 194,664,293) (S 300,294,2692) (S 301,2692,2693) (S 318,539,2566) (S 290,2667,2668) (S 307,2706,2707) (S 275,2618,2577) (S 266,1120,1278) (S 308,2701,2245) (S 310,2625,1705) (S 319,2729,2510) (S 202,1959,1844) (S 253,2511,2510) (S 104,1298,1299) (S 292,1299,2671) (S 112,1373,1374) (S 179,556,2064) (S 110,229,1335) (S 323,1916,2007) (S 148,1806,935) (S 83,935,1053) (S 286,601,586) (D 0,0,0)
 0 1 4 20520 102245  53 (D 0,0,0) (S 99,1236,1237) (S 151,1237,937) (S 54,512,653) (S 53,653,652) (S 128,1610,800) (S 16,218,219) (S 86,1074,1075) (S 227,2377,520) (S 214,2309,23) (S 55,661,662) (S 244,395,2343) (S 222,2343,1229) (S 33,395,396) (S 163,1779,1925) (S 145,1144,970) (S 198,968,45) (S 177,2043,2044) (S 71,837,836) (S 12,165,164) (S 61,158,727) (S 34,419,420) (S 2,7,8) (S 196,162,2145) (S 282,1370,1367) (S 111,1367,910) (S 77,907,901) (S 76,900,901) (S 162,1908,1909) (S 231,1233,2395) (S 25,328,329) (S 239,329,2428) (S 23,288,287) (S 32,386,387) (S 7,111,80) (S 159,1893,1892) (S 288,1611,918) (S 37,445,245) (S 19,244,245) (S 120,651,1543) (S 317,59,2726) (S 336,2722,2780) (S 67,779,780) (S 298,1228,1227) (S 337,2781,2683) (S 181,2083,2084) (S 255,2083,3) (S 107,1312,1313) (S 147,1799,1274) (S 122,1557,1111) (S 3,57,56) (S 343,1249,437) (D 0,0,0)
 0 1 5 24982 114902  44 (D 0,0,0) (S 157,1081,1876) (S 283,1876,1631) (S 130,1622,1623) (S 329,1457,2088) (S 182,1985,803) (S 60,721,720) (S 138,1687,1686) (S 170,1688,1996) (S 215,2319,470) (S 325,2349,537) (S 47,537,475) (S 113,217,200) (S 15,214,215) (S 326,2757,2339) (S 31,380,381) (S 92,314,783) (S 93,783,1161) (S 46,525,526) (S 140,526,1700) (S 237,1665,2113) (S 235,2112,1030) (S 184,2094,2095) (S 277,1675,2622) (S 339,2786,2622) (S 57,680,679) (S 81,1029,1028) (S 216,646,1960) (S 167,1960,1416) (S 52,646,645) (S 137,1666,1667) (S 268,741,2369) (S 220,722,2341) (S 341,2101,1417) (S 43,495,496) (S 342,584,1450) (S 357,1449,2219) (S 356,2212,2219) (S 144,1738,1739) (S 154,1862,1863) (S 155,1870,1864) (S 172,446,2014) (S 114,1387,1420) (D 0,0,0)
 0 1 6 24961 128412  72 (D 0,0,0) (S 44,520,519) (S 219,2333,623) (S 224,623,1137) (S 332,2772,1757) (S 208,2275,2276) (S 330,1101,2764) (S 352,1914,2764) (S 176,833,753) (S 175,1247,1235) (S 127,1603,1604) (S 210,2280,449) (S 141,446,1023) (S 309,1021,264) (S 223,15,255) (S 351,255,1196) (S 173,2016,2021) (S 96,1199,1200) (S 349,1201,2017) (S 251,2499,172) (S 297,172,201) (S 295,988,1078) (S 294,1077,1551) (S 13,178,177) (S 168,176,503) (S 133,176,615) (S 117,118,1168) (S 358,2819,1448) (S 116,1448,1168) (S 8,118,117) (S 213,2305,117) (S 142,1710,116) (S 262,568,2535) (S 28,125,349) (S 26,345,344) (S 305,1580,1607) (S 306,1607,2505) (S 27,348,347) (S 331,1409,2507) (S 252,2505,2506) (S 316,1608,1581) (S 124,1565,1566) (S 125,1582,1583) (S 345,2800,2801) (S 344,2800,1583) (S 350,2615,269) (S 75,755,894) (S 164,1935,1934) (S 178,729,771) (S 78,770,932) (S 238,2426,2427) (S 284,2651,2382) (S 291,2669,2670) (S 129,1620,1621) (S 271,137,2598) (S 270,136,1076) (S 285,750,1986) (S 14,211,210) (S 304,1962,485) (S 340,2613,2789) (S 243,684,2445) (S 189,2119,1835) (S 149,1835,1139) (S 254,2362,536) (S 41,488,487) (S 228,487,1784) (S 40,462,479) (S 58,629,686) (S 82,401,1052) (S 42,489,462) (S 158,1881,964) (D 0,0,0)
 0 1 7 24967 151596  61 (D 0,0,0) (S 240,1832,2438) (S 241,309,2439) (S 84,1054,519) (S 51,622,621) (S 183,621,1744) (S 289,778,2545) (S 39,459,460) (S 328,1406,1407) (S 94,142,1190) (S 296,1181,172) (S 126,1589,1590) (S 59,695,696) (S 171,1997,1992) (S 299,2680,2569) (S 263,350,342) (S 355,342,2555) (S 95,121,1191) (S 335,343,359) (S 353,846,2814) (S 348,1471,2803) (S 347,1143,1613) (S 315,1614,1105) (S 73,849,869) (S 200,765,2191) (S 66,764,472) (S 258,473,2523) (S 312,473,2515) (S 354,2815,2512) (S 169,1215,283) (S 199,2188,915) (S 197,478,2161) (S 56,666,358) (S 24,295,285) (S 276,1496,1715) (S 278,2133,1856) (S 134,1109,826) (S 21,257,256) (S 143,1714,1670) (S 119,377,861) (S 218,311,804) (S 29,356,317) (S 146,1780,1781) (S 45,521,522) (S 97,52,1205) (S 204,2077,2251) (S 85,1059,766) (S 327,2748,1321) (S 108,1322,1329) (S 247,2079,2489) (S 174,2035,2036) (S 5,69,70) (S 259,1782,248) (S 20,248,247) (S 91,247,1145) (S 22,247,248) (S 18,242,243) (S 346,2185,2530) (S 260,2530,874) (S 201,2208,973) (D 0,0,0)
