760578
7
1814531
133750
 0 1 1 20870 78315  48 (D 0,0,0) (S 1,1,2) (S 343,437,1249) (S 191,2124,2125) (S 103,1281,1280) (S 192,1280,2098) (S 102,1275,1276) (S 89,957,940) (S 69,818,789) (S 229,2384,2383) (S 234,737,862) (S 118,862,150) (S 205,150,2259) (S 321,2299,2731) (S 207,2269,2270) (S 203,1626,2222) (S 206,1680,2261) (S 274,2614,2261) (S 64,737,738) (S 139,1020,455) (S 38,454,453) (S 185,1713,1515) (S 72,21,76) (S 187,409,2107) (S 88,1094,595) (S 165,1941,1942) (S 314,2583,76) (S 302,76,2694) (S 9,123,124) (S 338,123,20) (S 74,877,878) (S 221,1442,2342) (S 156,571,1875) (S 303,1875,2482) (S 10,127,128) (S 48,559,558) (S 121,1474,1546) (S 265,1547,2574) (S 293,2673,2573) (S 105,1302,1119) (S 90,1134,763) (S 257,763,1654) (S 135,1654,155) (S 11,155,148) (S 193,147,819) (S 100,819,1250) (S 273,1904,2400) (D 0,0,0)
 0 1 2 13628 82001  35 (D 0,0,0) (S 180,2075,438) (S 65,744,745) (S 334,745,2776) (S 279,745,2633) (S 281,2636,563) (S 280,2636,562) (S 6,82,83) (S 106,1307,133) (S 161,133,1906) (S 320,2698,134) (S 267,135,1641) (S 4,61,62) (S 226,2359,2357) (S 225,2355,1919) (S 230,373,785) (S 68,785,786) (S 242,785,2440) (S 322,2440,301) (S 30,375,376) (S 166,376,703) (S 87,1095,1104) (S 233,1104,1003) (S 153,1853,370) (S 324,1310,2386) (S 98,1064,1001) (S 79,1001,1000) (S 246,2464,1393) (S 160,1899,367) (S 311,1595,1598) (S 49,577,578) (S 186,579,580) (S 109,1327,1330) (S 35,427,428) (D 0,0,0)
 0 1 3 21300 102987  55 (D 0,0,0) (S 3,56,57) (S 122,1557,1111) (S 147,1274,1799) (S 317,59,2726) (S 336,2722,2780) (S 67,779,780) (S 298,1228,1227) (S 107,1313,1312) (S 255,3,2083) (S 181,2083,2084) (S 337,2781,2683) (S 120,1543,651) (S 19,244,245) (S 37,245,445) (S 128,1610,800) (S 16,218,219) (S 222,1229,2343) (S 244,2343,395) (S 231,1233,2395) (S 162,1908,1909) (S 282,1370,1367) (S 111,1367,910) (S 76,900,901) (S 77,907,901) (S 196,162,2145) (S 2,7,8) (S 34,419,420) (S 61,727,158) (S 12,164,165) (S 71,836,837) (S 177,2043,2044) (S 198,45,968) (S 145,970,1144) (S 163,1779,1925) (S 33,396,395) (S 25,328,329) (S 239,329,2428) (S 55,662,661) (S 214,23,2309) (S 227,520,2377) (S 86,1074,1075) (S 23,288,287) (S 32,386,387) (S 7,111,80) (S 159,1893,1892) (S 288,1611,918) (S 53,652,653) (S 54,653,512) (S 99,1236,1237) (S 151,1237,937) (S 333,2118,2122) (S 190,2122,265) (S 36,439,438) (D 0,0,0)
 0 1 4 24981 140111  67 (D 0,0,0) (S 240,1832,2438) (S 241,309,2439) (S 84,1054,519) (S 219,2333,623) (S 51,622,621) (S 183,621,1744) (S 352,1914,2764) (S 330,2764,1101) (S 18,243,242) (S 20,248,247) (S 91,247,1145) (S 22,247,248) (S 259,248,1782) (S 5,70,69) (S 174,2035,2036) (S 247,2489,2079) (S 204,2077,2251) (S 85,1059,766) (S 327,2748,1321) (S 108,1322,1329) (S 97,52,1205) (S 45,522,521) (S 146,1780,1781) (S 29,317,356) (S 218,804,311) (S 119,377,861) (S 143,1714,1670) (S 21,256,257) (S 134,826,1109) (S 278,2133,1856) (S 276,1715,1496) (S 24,295,285) (S 56,358,666) (S 197,478,2161) (S 199,2188,915) (S 213,2305,117) (S 8,117,118) (S 117,118,1168) (S 116,1168,1448) (S 358,2819,1448) (S 133,615,176) (S 168,176,503) (S 13,177,178) (S 294,1551,1077) (S 295,988,1078) (S 126,1589,1590) (S 297,201,172) (S 296,172,1181) (S 173,2016,2021) (S 96,1199,1200) (S 349,1201,2017) (S 251,2499,172) (S 28,125,349) (S 26,345,344) (S 305,1580,1607) (S 306,1607,2505) (S 252,2505,2506) (S 331,2507,1409) (S 309,1021,264) (S 328,1406,1407) (S 114,1387,1420) (S 208,2275,2276) (S 346,2185,2530) (S 260,2530,874) (S 201,2208,973) (D 0,0,0)
 0 1 5 24951 130780  70 (D 0,0,0) (S 44,520,519) (S 224,623,1137) (S 332,2772,1757) (S 289,778,2545) (S 176,833,753) (S 175,1247,1235) (S 127,1603,1604) (S 210,2280,449) (S 141,446,1023) (S 27,347,348) (S 316,1608,1581) (S 124,1565,1566) (S 125,1582,1583) (S 344,1583,2800) (S 345,2800,2801) (S 155,1870,1864) (S 154,1862,1863) (S 356,2212,2219) (S 357,2219,1449) (S 342,1450,584) (S 43,495,496) (S 341,1417,2101) (S 220,722,2341) (S 137,1666,1667) (S 268,741,2369) (S 92,314,783) (S 93,783,1161) (S 46,525,526) (S 140,526,1700) (S 31,381,380) (S 326,2339,2757) (S 15,214,215) (S 113,200,217) (S 47,537,475) (S 325,537,2349) (S 215,470,2319) (S 170,1688,1996) (S 138,1686,1687) (S 60,720,721) (S 182,803,1985) (S 329,2088,1457) (S 130,1622,1623) (S 270,1076,136) (S 271,137,2598) (S 129,1621,1620) (S 291,2669,2670) (S 284,2382,2651) (S 285,1986,750) (S 238,2427,2426) (S 78,932,770) (S 178,771,729) (S 164,1934,1935) (S 304,485,1962) (S 340,2613,2789) (S 243,684,2445) (S 14,210,211) (S 189,2119,1835) (S 149,1835,1139) (S 254,2362,536) (S 158,964,1881) (S 40,462,479) (S 42,462,489) (S 82,1052,401) (S 58,629,686) (S 228,487,1784) (S 41,487,488) (S 157,1081,1876) (S 283,1876,1631) (D 0,0,0)
 0 1 6 24978 120248  40 (D 0,0,0) (S 223,15,255) (S 351,255,1196) (S 94,142,1190) (S 262,2535,568) (S 142,1710,116) (S 169,283,1215) (S 354,2815,2512) (S 312,2515,473) (S 258,473,2523) (S 66,764,472) (S 200,765,2191) (S 73,869,849) (S 315,1105,1614) (S 347,1613,1143) (S 348,2803,1471) (S 353,2814,846) (S 335,359,343) (S 95,1191,121) (S 355,2555,342) (S 263,342,350) (S 59,695,696) (S 171,1997,1992) (S 299,2680,2569) (S 81,1028,1029) (S 57,679,680) (S 277,1675,2622) (S 339,2786,2622) (S 237,1665,2113) (S 235,2112,1030) (S 184,2094,2095) (S 52,645,646) (S 216,646,1960) (S 167,1960,1416) (S 144,1738,1739) (S 350,2615,269) (S 75,755,894) (S 172,446,2014) (S 39,460,459) (D 0,0,0)
 0 1 7 24977 106136  57 (D 0,0,0) (S 286,586,601) (S 83,935,1053) (S 148,935,1806) (S 323,2007,1916) (S 110,229,1335) (S 179,2064,556) (S 112,1373,1374) (S 292,2671,1299) (S 104,1298,1299) (S 319,2729,2510) (S 253,2510,2511) (S 202,1959,1844) (S 310,1705,2625) (S 308,2245,2701) (S 275,2618,2577) (S 266,1120,1278) (S 307,2707,2706) (S 290,2667,2668) (S 318,2566,539) (S 300,294,2692) (S 301,2692,2693) (S 194,293,664) (S 195,2140,1293) (S 264,1295,2140) (S 136,665,1464) (S 256,458,2517) (S 269,2595,1337) (S 211,2110,2282) (S 261,2282,2324) (S 217,2324,2282) (S 209,1839,2279) (S 150,1840,1732) (S 287,2652,1765) (S 62,733,734) (S 17,237,236) (S 115,1431,236) (S 80,1007,1008) (S 272,2606,2607) (S 313,884,883) (S 63,735,736) (S 188,2115,2114) (S 236,2114,2418) (S 101,1258,1259) (S 250,553,2491) (S 245,1973,566) (S 50,545,612) (S 248,153,1396) (S 249,1396,1376) (S 212,78,984) (S 232,153,823) (S 70,825,388) (S 152,1850,1851) (S 132,1631,1625) (S 131,1625,1624) (S 123,1560,1561) (D 0,0,0)
